1.10691 0.882487 1.81503 1.61909 1.37969 0.957551 1.75303 0.980055 0.927175 0.207613 0.049631 0.107775 
1.33248 2.05798 1.79336 2.58095 1.41565 2.12819 1.42254 1.48538 1.17277 0.0949088 0.217229 0.0906346 
2.54999 2.04561 1.7833 1.57355 1.23452 1.32703 0.670385 0.865797 0.289936 0.383906 0.141765 0.030237 
2.69417 2.32508 1.99529 1.95434 1.57039 1.43673 1.04559 0.912385 0.557292 0.37472 0.21755 0.0476755 
2.51182 3.14502 3.2535 3.83532 3.12014 2.84439 1.86396 1.72361 0.402244 0.637065 0.197356 0.112556 
3.17362 3.39594 3.68884 3.47315 3.51089 2.46533 1.8887 1.53841 0.549393 0.794887 0.159816 0.0889597 
3.01 2.57681 2.64909 2.27489 2.2017 1.81889 1.50122 1.14262 0.623247 0.487495 0.178056 0.0651354 
3.17091 2.92903 2.9244 2.66575 2.54068 2.04956 1.66404 1.21576 0.747452 0.436412 0.123355 0.069512 
3.16023 3.28529 3.69649 3.16822 3.38411 2.85982 2.05958 1.83376 1.05845 0.426613 0.226917 0.112868 
2.95233 2.72727 2.53913 2.37586 2.07951 1.93043 1.56447 1.04153 0.801782 0.45513 0.236405 0.0767584 
3.29965 3.04696 3.27311 2.89284 2.7244 2.35405 1.73484 1.37985 0.912281 0.434511 0.14534 0.0832216 
3.33162 3.43629 3.85487 3.08595 3.12877 2.51627 2.30336 1.62749 0.787284 0.630736 0.219192 0.1006 
2.92494 2.49914 2.44584 2.22794 2.06085 1.73226 1.44726 1.04896 0.767261 0.499883 0.270218 0.0737721 
2.94417 2.88279 2.77421 2.39973 2.38601 2.01352 1.63403 1.13308 0.704467 0.403683 0.159256 0.0703938 
3.98578 3.82571 3.04982 3.15396 4.01599 3.51595 2.59304 0.903713 0.160421 0.476406 0.436762 0.131423 
3.07089 2.62237 2.34881 2.19687 2.1484 2.05045 1.62487 0.990248 0.529398 0.354799 0.278851 0.0680122 
3.00918 2.5863 2.4532 2.31776 2.30604 2.02765 1.46628 0.967912 0.572316 0.378892 0.194825 0.0582009 
3.34872 2.94318 2.68676 2.93619 2.95496 3.01827 2.00447 0.910349 0.46662 0.281335 0.314655 0.0889309 
3.21407 2.70917 2.60823 2.68355 2.80862 2.40191 1.65835 0.757862 0.494837 0.478457 0.246479 0.0704941 
3.11241 2.70745 2.42803 2.23279 2.1502 1.94916 1.56798 1.02848 0.554298 0.312272 0.183375 0.0518283 
3.23858 2.66649 2.28417 2.54821 3.03501 2.73996 1.79523 0.408774 0.207987 0.397436 0.377662 0.0839533 
3.62948 3.18016 2.08862 2.57602 3.40488 3.41875 2.04201 0.165194 -0.0657339 0.311518 0.4613 0.124831 
3.31772 2.59157 2.18029 2.57355 3.16534 2.91837 1.58539 0.270725 0.0544604 0.347369 0.41812 0.0816524 
3.41194 2.58545 2.25493 2.6501 3.40022 3.05747 1.66094 0.288162 -0.0787511 0.395616 0.473934 0.0948644 
3.32331 2.60987 2.33166 2.69197 3.06676 2.61182 1.3432 0.275877 0.170387 0.499185 0.38309 0.0646611 
3.53749 2.85282 2.36651 2.30527 3.17681 3.10815 1.71712 0.294178 0.080712 0.369061 0.29894 0.0816925 
4.48654 2.63428 2.06365 2.74356 4.09666 2.8682 1.98262 0.538895 0.0218265 0.104165 0.382306 0.124332 
2.84518 2.14983 1.73779 1.61503 1.78003 1.70452 1.31899 0.767518 0.35309 0.248414 0.21855 0.0187316 
4.20936 2.71643 1.33534 1.46357 4.76906 0.803555 1.38293 0.921469 -0.235866 0.408191 -0.0316216 0.0572236 
4.26337 3.09456 1.3379 0.628115 4.06048 -0.0693533 1.48516 0.642143 -0.559442 0.973147 -0.108461 0.0891069 
3.2535 2.50209 1.73929 1.06809 2.56094 0.453349 0.737568 0.423734 0.147107 1.03408 -0.0800129 -0.012208 
3.41948 2.69919 1.86556 1.2539 2.4699 -0.117708 0.33496 0.20195 0.0913777 1.01098 0.0395324 0.00587402 
3.74199 2.71536 1.47993 1.47933 2.78726 -0.577064 -0.814531 -0.112499 0.737687 1.2485 -0.0105697 -0.0383678 
3.73551 2.3902 1.88966 2.38472 2.13239 -0.653093 -1.32938 -0.0862777 1.15643 0.861815 -0.0204605 -0.0344543 
3.88757 2.35059 1.60474 2.17674 2.16764 -0.147991 -1.44209 -0.100004 1.12757 0.753873 0.0545214 -0.0556686 
4.3146 2.70927 1.72025 2.41996 2.72464 -0.703498 -2.00704 -0.415995 0.99997 0.7421 0.0175864 -0.0574855 
3.49395 2.39191 1.75122 2.30365 2.0227 -0.0461936 -1.01156 -0.310308 0.847216 0.570125 -0.00878777 -0.056809 
3.74496 2.57487 2.1727 2.39834 2.32336 -0.0201236 -1.27781 -0.219078 0.796275 0.656669 -0.130339 -0.0656042 
4.15682 2.83271 2.01402 2.12421 3.8639 -0.971808 -1.34642 0.0442101 0.212917 1.03281 -0.187534 -0.072163 
3.38835 2.5074 2.12806 2.19914 3.31313 -0.111944 -0.754825 0.200124 0.378942 0.98007 -0.334538 -0.0914843 
3.15937 2.27971 2.0855 2.34496 3.15101 0.109892 -0.48508 0.292487 0.434946 0.78886 -0.325083 -0.0841359 
3.59162 2.46045 2.09801 2.01021 4.4534 0.166625 -0.738684 0.813243 0.324004 1.13164 -0.425168 -0.145288 
3.22742 2.26457 1.99444 2.31403 3.94016 0.370866 -0.446254 0.578653 0.570476 1.04614 -0.527146 -0.119843 
3.32337 2.27093 2.05738 2.64876 3.83001 0.299867 -0.436397 0.437024 0.63971 0.980456 -0.49828 -0.115187 
3.26926 2.27632 1.9525 2.55201 3.61709 0.289717 -0.483974 0.26649 0.648624 0.945952 -0.419679 -0.109432 
3.50666 2.71564 2.67243 3.38756 4.03553 -0.153828 -0.790548 0.011618 0.586679 0.988915 -0.475504 -0.118448 
3.09069 2.14033 1.89671 2.68055 2.62558 0.730258 -0.305866 0.157101 0.904353 0.456305 -0.317343 -0.0821912 
3.77368 2.49787 2.21236 3.42324 3.50675 0.859498 -0.508494 0.240462 1.06997 0.502823 -0.342048 -0.116596 
3.60777 2.34381 1.97808 3.18544 3.1197 0.994287 -0.363028 0.254683 1.18172 0.428713 -0.273214 -0.0961133 
3.56228 2.36321 2.3525 3.56371 3.2359 0.717409 -0.696643 0.270897 1.12958 0.353232 -0.32991 -0.101504 
3.4416 2.21683 2.07581 3.10416 2.83342 0.710718 -0.480354 0.381089 1.01022 0.276769 -0.271538 -0.0743274 
3.68077 2.29058 2.46599 3.94654 3.43125 0.64437 -0.699065 0.441103 1.0954 0.163104 -0.313702 -0.091569 
4.62197 2.43047 2.62414 5.20478 4.70394 0.388589 -1.69192 0.197582 1.09992 -0.21999 -0.387458 -0.146814 
3.81423 2.50367 2.68708 4.08436 3.46687 0.498077 -0.784573 0.521815 1.10603 0.0477588 -0.321091 -0.0851203 
3.59924 2.40682 2.03562 2.90036 2.84337 0.95856 -0.360187 0.551111 1.00418 0.181535 -0.234147 -0.0700989 
3.31342 2.35698 1.98497 2.71589 2.33763 0.852958 -0.00020218 0.404725 0.837947 0.09163 -0.180782 -0.0492133 
4.0155 2.75595 2.8963 4.14599 4.9941 -0.437833 -0.887075 0.867657 0.638018 0.269536 -0.452399 -0.10469 
3.56948 2.4451 2.95505 3.40435 3.72821 0.278389 -0.448463 1.05944 0.702507 0.322114 -0.385395 -0.071161 
3.35493 2.5055 2.07951 2.58084 3.16522 0.826356 0.0785394 0.499735 0.6619 0.375095 -0.322347 -0.0673228 
3.17056 2.51088 2.12647 2.23008 2.50636 0.670295 0.0188675 0.344858 0.576703 0.429574 -0.262759 -0.0503289 
3.72389 2.8757 2.56218 3.22281 4.05414 0.11113 -0.502627 0.326173 0.543403 0.535714 -0.374737 -0.101044 
3.52045 2.49415 2.61692 3.09423 3.20748 0.701524 -0.72546 0.181561 0.677605 0.385643 -0.348971 -0.104276 
3.42611 2.60248 2.63146 3.4463 3.38716 0.494592 -0.468624 0.0683393 0.652778 0.367898 -0.408455 -0.106109 
3.56967 2.60632 2.37241 3.09582 2.81483 0.356571 -0.626989 0.133574 0.88686 0.30049 -0.405076 -0.093038 
3.74848 2.79978 2.44088 3.23261 3.44201 0.387696 -0.88029 -0.0232253 0.691505 0.293027 -0.37544 -0.127747 
3.60843 2.71768 2.20069 2.8848 3.22731 0.457347 -0.600647 -0.135109 0.531836 0.267668 -0.385113 -0.11997 
3.51712 2.61713 3.03873 3.79835 3.50747 -0.0382057 -0.903889 0.135769 0.435235 0.160322 -0.51398 -0.128973 
3.51494 2.69416 2.74133 3.14608 2.69887 -0.0758339 -0.899829 0.0088361 0.5378 0.193493 -0.486577 -0.0960277 
3.80428 2.74561 2.63036 3.23941 3.46431 0.0718888 -1.1079 0.00883542 0.461548 0.182132 -0.439867 -0.138565 
3.73513 2.91755 2.23469 3.05071 3.08621 0.509233 -0.745206 -0.382858 0.536525 0.152322 -0.343166 -0.1293 
3.78215 2.82102 2.60133 3.46066 3.43771 0.675016 -0.913153 -0.289511 0.47677 0.13096 -0.344876 -0.146831 
3.49664 2.69998 2.69717 2.93287 2.54834 0.314072 -0.574188 -0.0103694 0.373634 0.138294 -0.359682 -0.0863983 
3.56285 2.99526 2.91897 3.45133 3.24827 -0.0255377 -0.660346 -0.242858 0.380031 0.26642 -0.43471 -0.10796 
3.63351 2.98795 2.40621 2.8461 3.11156 0.511683 -0.533225 -0.287839 0.436013 0.341121 -0.346167 -0.106949 
3.62248 2.87154 2.76985 3.15669 3.55349 0.414101 -0.637279 -0.00825911 0.378905 0.38485 -0.416325 -0.121456 
3.51113 2.73298 2.70937 2.91178 2.70611 0.272373 -0.580223 0.171422 0.523851 0.2243 -0.379956 -0.0800193 
3.58676 2.95413 2.91942 3.70617 3.10405 0.0697305 -0.734093 -0.09922 0.610952 0.166228 -0.404803 -0.100321 
3.63333 2.87381 2.2638 2.9405 2.96012 0.578312 -0.457939 -0.108098 0.694873 0.232642 -0.327112 -0.101409 
3.49932 2.85106 2.93731 3.68238 3.30304 0.269454 -0.477689 0.127812 0.579846 0.121272 -0.396813 -0.0976336 
3.51598 2.80161 2.7673 2.96598 2.55372 0.240704 -0.443714 0.267325 0.602928 0.155205 -0.362636 -0.0661077 
3.64895 2.99251 3.04686 3.60413 3.18383 -0.0391769 -0.594147 0.0332355 0.51366 0.142264 -0.400744 -0.0908659 
3.67151 2.89045 2.37691 2.98214 2.99104 0.476238 -0.427546 -0.0835133 0.537743 0.137147 -0.300743 -0.0978829 
3.54885 2.74198 2.78213 3.73698 3.11273 0.403696 -0.543997 0.0991441 0.661602 -0.0457033 -0.371829 -0.103075 
3.61022 2.71521 2.57311 3.12693 2.43462 0.417057 -0.630391 0.153751 0.683845 -0.0286094 -0.336218 -0.0807176 
3.90871 2.81605 2.80624 3.84859 3.22478 0.294609 -1.06766 0.0835678 0.729517 -0.153532 -0.349002 -0.115025 
3.67264 2.69714 2.51299 3.22981 2.74516 0.574095 -0.571373 0.101741 0.53399 -0.0565194 -0.270036 -0.090386 
3.68052 2.77626 2.42955 3.34819 3.20654 0.814531 -0.491251 0.0391014 0.654334 -0.0312077 -0.283281 -0.110015 
3.50515 2.65062 2.49951 2.98071 2.35104 0.467348 -0.421787 0.23345 0.644297 -0.0211087 -0.296996 -0.0693251 
3.88802 2.84519 2.81987 3.75753 3.16679 0.293918 -1.0078 0.214052 0.785923 -0.105449 -0.353431 -0.104336 
3.4852 2.58979 2.73682 3.43556 2.72321 0.174663 -0.485669 0.339025 0.679558 -0.0377269 -0.362578 -0.0708292 
3.67248 2.47257 2.32266 3.61951 3.47733 0.320518 -0.730733 0.462812 0.972667 -0.0282065 -0.454448 -0.111809 
3.62978 2.47772 2.35722 3.2958 2.89122 0.155295 -0.804407 0.579484 1.11053 0.0149813 -0.466549 -0.0868711 
3.69718 2.73476 2.89433 3.93303 3.36323 -0.244651 -0.932231 0.409894 1.12107 0.0276662 -0.512613 -0.088249 
3.38975 2.33657 2.3795 3.27776 2.69484 0.269943 -0.63701 0.532484 1.12134 0.0986499 -0.479179 -0.0747102 
3.71711 2.41922 2.37242 3.62882 3.32365 0.681458 -0.656332 0.436237 0.904189 0.028947 -0.35234 -0.100705 
4.05893 2.92862 2.51947 3.6957 3.31229 0.39068 -0.892308 0.327956 1.12793 0.00511258 -0.327303 -0.100113 
4.02 2.78255 2.94232 4.37163 3.63093 0.431323 -1.05255 0.317151 0.960317 -0.146595 -0.317696 -0.104412 
3.53452 2.65765 2.2972 2.82338 2.61902 0.957925 -0.20099 0.229464 0.635235 0.131451 -0.164668 -0.0593351 
3.96739 2.93159 2.52712 3.55484 3.31812 0.749037 -0.71761 0.368169 0.99862 0.031329 -0.261895 -0.0933412 
4.41756 3.10568 3.16444 4.71413 3.94662 0.354945 -1.33085 0.266126 0.995756 -0.373621 -0.368378 -0.116222 
4.6007 3.26035 3.03478 4.96916 4.54992 0.510411 -1.49711 0.361053 1.02955 -0.522062 -0.381947 -0.142916 
4.14105 3.00264 2.90764 4.15591 3.36666 0.32521 -0.890084 0.465854 0.983729 -0.195201 -0.295192 -0.0737026 
4.08034 3.06918 2.76176 3.54096 3.00923 0.575484 -0.554113 0.486471 0.934459 -0.0413707 -0.211725 -0.0599127 
4.14762 3.43378 4.09292 5.30125 3.95865 0.379724 -0.9567 0.441279 0.793988 -0.437979 -0.42786 -0.114372 
3.92941 3.30469 3.08914 3.66373 3.22245 1.13213 -0.202088 0.199594 0.519929 -0.00163704 -0.112624 -0.0703313 
3.2438 3.14423 3.02903 2.62366 2.15178 1.56235 0.954755 0.360094 0.0629944 -0.00969967 0.0193902 -0.0297727 
3.27834 2.89548 2.63564 2.31237 1.84929 1.29055 0.793251 0.446066 0.222154 0.120503 0.0784409 -0.00706485 
3.18541 2.86699 2.68535 2.4164 1.96822 1.48711 1.00788 0.634568 0.338702 0.175558 0.117033 0.0088952 
3.54083 3.41486 3.40086 2.98831 2.33807 1.66598 1.10329 0.609375 0.223325 0.132109 0.168233 0.00736143 
3.17273 2.79309 2.62456 2.34356 1.93031 1.42857 0.986128 0.619962 0.352138 0.168063 0.110837 0.00575141 
2.91469 2.48304 2.25152 1.95285 1.62503 1.31696 0.975374 0.633101 0.454692 0.239263 0.138024 0.00531099 
2.8735 2.43012 2.21418 1.96461 1.66355 1.33377 1.05601 0.750285 0.484926 0.29097 0.140962 0.00562191 
3.37957 3.29162 3.38261 3.11581 2.77129 2.1918 1.68027 1.12219 0.522917 0.339202 0.102763 0.0337178 
3.12964 2.53107 2.61716 2.32362 1.96612 1.57606 1.32121 0.872644 0.563535 0.282066 0.144926 0.0259687 
3.39586 3.21054 2.96361 2.62925 2.30015 1.63801 1.27587 0.856854 0.410398 0.346482 0.100506 0.0259394 
3.4746 3.3222 3.17152 2.65263 2.44019 1.55153 1.31251 0.661082 0.395211 0.256101 0.144824 0.0231578 
3.97543 4.17985 4.08785 3.30396 2.9254 1.45581 1.48975 -0.340958 0.0109615 -0.172203 0.126746 -0.0306376 
3.207 3.1818 2.89985 2.68975 2.21719 1.44184 1.06063 0.352286 0.200905 0.0599169 0.00140682 -0.0196588 
3.27019 3.59706 3.18691 2.80644 2.43075 1.61693 0.819707 0.355141 0.0854636 -0.059062 0.0332874 -0.03546 
3.30186 3.1668 2.93056 2.51265 1.97014 1.45945 0.757177 0.455688 0.0767189 0.0313675 0.0169412 -0.0201376 
3.15524 3.75423 3.37258 3.07982 2.43013 1.80061 1.04025 0.768264 -0.0366578 0.14579 0.0315416 -0.0233635 
3.09415 3.74771 2.97421 2.89177 2.63648 1.54253 1.10808 0.73162 0.128104 0.0257072 0.155525 -0.0163397 
2.76726 2.71997 2.35234 2.24695 1.73281 1.33605 1.16892 0.616454 0.417063 0.277856 0.0955745 0.00672798 
2.82361 2.8354 2.54778 2.30877 1.65193 1.48933 0.915186 0.693956 0.35998 0.231942 0.243948 0.00966534 
2.66566 2.39171 2.21251 1.94579 1.60321 1.63096 1.01223 0.826486 0.618585 0.248479 0.228384 0.00603005 
2.84852 2.39192 2.18819 2.18156 1.53084 1.55955 0.914951 1.01659 0.599878 0.204041 0.306446 0.0176769 
2.62006 2.40978 2.27578 2.0487 1.64385 1.54065 1.06184 1.06204 0.578198 0.258864 0.229391 0.0095961 
2.63261 2.31693 2.09489 1.89494 1.69782 1.36233 1.15523 0.849077 0.631139 0.366245 0.196907 0.00364601 
2.62843 2.18092 2.14137 1.89833 1.38943 1.53111 0.798271 1.00997 0.513529 0.400397 0.198991 0.00335892 