3.08076 2.47257 2.13493 0.184749 0.926501 0.110042 1.18645 0.825023 1.14896 0.383262 0.157498 0.0576632 
3.02174 2.73195 1.97373 1.00067 1.21038 0.942242 1.17593 0.968166 1.37489 0.726548 0.370448 0.0758067 
3.30362 2.473 2.26101 0.554951 1.70619 1.10262 1.84273 1.15966 1.36247 0.474435 0.417814 0.0932512 
2.6476 2.26143 1.88787 1.6339 1.41865 1.17828 0.883791 0.600626 0.53438 0.296069 0.213155 0.0393476 
3.475 2.54987 2.50507 1.21911 1.9091 2.06394 2.35887 0.734357 0.392816 0.261651 0.301637 0.0860654 
3.3465 2.85234 2.44179 1.61363 1.95103 2.32543 2.38866 1.01433 -0.14815 0.173739 0.243883 0.056485 
3.02856 2.51548 2.19088 2.03243 1.84539 1.70936 1.19581 0.505022 0.245577 0.149223 0.181672 0.0237864 
3.03971 2.43655 1.96812 1.57115 1.46138 1.46234 1.17655 0.50147 0.354122 0.366991 0.296598 0.0276298 
4.04158 3.18824 1.89974 1.06339 1.82736 1.33306 1.77417 0.367169 0.20748 0.016316 0.353631 0.086232 
3.92597 3.15752 1.89415 1.12327 1.17181 0.779131 1.12999 0.489444 0.424255 0.303546 0.406979 0.0748425 
3.22644 2.64042 1.83201 1.06322 0.958997 0.69155 0.631446 0.455538 0.420713 0.61702 0.47317 0.0470724 
4.70199 3.42211 1.58632 0.393552 0.384457 0.588387 0.529407 -0.144946 0.429776 0.704533 0.358742 0.0968389 
4.85073 3.42083 1.35293 0.155792 0.193529 0.301177 0.367331 -0.0221907 0.164416 0.651647 0.308735 0.0821809 
5.40048 3.86775 1.10386 -0.391223 0.0559337 0.57141 0.355293 -0.926792 -0.28004 0.709704 0.242713 0.108137 
5.07605 3.5107 1.20127 -0.274251 -0.301172 0.305459 -0.142163 -0.689393 -0.305858 0.592556 0.180294 0.0692043 
4.71128 3.37602 1.35256 0.220389 -0.193984 -0.169468 -0.377362 -0.784081 -0.229373 0.379699 0.0952586 0.0374861 
5.63515 4.06422 1.3418 -0.759906 -0.284495 0.225142 -0.134323 -1.30507 -0.864595 0.467903 0.0560788 0.0864542 
5.79049 3.9597 1.40552 -0.380701 -0.291704 0.0883021 -0.478223 -1.34452 -0.824737 0.310496 0.0781802 0.0672475 
5.01326 3.8735 1.76989 -0.0438267 -0.313594 -0.298295 -0.532083 -0.956411 -0.657563 0.0498642 -0.0603216 0.0233533 
4.83955 3.62629 1.61691 0.223518 -0.346714 -0.405571 -0.47591 -0.943467 -0.54597 0.058686 -0.0414504 0.0162122 
4.18175 3.16293 1.82209 0.533509 -0.285982 -0.780699 -1.01273 -1.17783 -0.809075 -0.175032 -0.0553378 0.00605726 
3.88435 2.94258 1.78695 0.575703 -0.490856 -1.07767 -1.25441 -1.02603 -0.556655 -0.0782566 0.0289961 0.0237899 
5.18693 3.85808 1.92366 0.0425438 -0.697347 -1.01825 -1.17764 -1.43032 -0.868353 0.00128228 -0.0620029 0.0257943 
6.23869 3.95018 1.78401 -0.563209 -1.22491 -0.737455 -0.999694 -2.13988 -1.52403 -0.0576185 -0.0310908 0.0592147 
4.41959 3.47046 1.84832 0.276658 -0.860922 -1.44883 -1.62549 -1.65321 -1.03648 -0.327687 -0.0907254 0.00473365 
4.15775 3.16653 1.68519 0.207877 -0.876738 -1.43557 -1.70372 -1.59583 -1.02433 -0.412518 -0.073599 -0.00453616 
5.34458 3.90639 2.13835 0.128867 -1.19815 -1.58558 -1.7448 -1.89072 -1.04266 -0.0896381 -0.0985086 0.0197769 
4.34174 3.57686 2.1574 0.407014 -0.948829 -1.89827 -2.03319 -1.58372 -0.934912 -0.302131 -0.137926 0.00478673 
4.90693 3.98383 2.35852 0.551114 -0.934582 -1.86558 -1.88454 -1.6096 -0.858025 -0.163687 -0.122659 0.0148272 
4.8005 3.84281 2.10817 0.373335 -0.665212 -1.32854 -1.71696 -1.41291 -0.75527 -0.260168 -0.133086 -0.00250613 
4.58822 3.97153 2.54708 0.745903 -0.884647 -1.62124 -1.67438 -1.43373 -0.685003 -0.176758 -0.116672 0.0164517 
4.29659 3.52212 2.25915 0.728214 -0.577299 -1.24793 -1.40586 -1.16045 -0.627811 -0.103292 -0.0211092 0.0330612 
4.95265 3.89081 2.19837 0.618515 -0.513411 -1.00056 -1.22742 -1.37991 -0.640555 0.0597599 0.044727 0.0636939 
5.10314 4.06763 2.21429 0.392304 -0.381081 -0.847453 -1.188 -1.12349 -0.595995 0.195829 0.109212 0.0907074 
5.04586 4.0491 1.85923 0.224502 -0.184368 -0.0608801 -0.507801 -1.22563 -0.753692 0.144078 0.140692 0.117704 
4.97649 3.93093 1.80301 0.182428 -0.138062 0.0841776 -0.516446 -1.16715 -0.836943 0.0882159 0.0733904 0.0915725 
5.1341 3.82413 1.58001 0.095782 0.126181 0.461901 -0.366864 -1.22325 -0.977863 -0.0896378 0.0449686 0.0830363 
6.80057 4.55596 1.68986 -0.650451 0.226846 1.0377 -0.137947 -1.686 -1.61313 -0.188725 0.109547 0.161492 
4.15486 3.11487 1.71523 0.799933 0.56806 0.127522 -0.595039 -1.15587 -1.02311 -0.311548 0.0642304 0.0333368 
4.18588 3.13517 1.74003 0.703749 0.400845 0.17394 -0.486837 -0.987543 -0.870572 -0.302562 0.00788176 0.0294205 
4.62622 3.62642 1.80578 0.452999 0.375829 0.434182 -0.271686 -1.21463 -1.13744 -0.357341 -0.00449491 0.0603196 
4.60853 3.48929 1.58448 0.265412 0.25699 0.329068 -0.285763 -1.2118 -1.11553 -0.303209 0.0273171 0.0726413 
4.09118 2.93102 1.48925 0.485549 0.34033 0.286849 -0.368713 -1.09138 -1.04373 -0.323919 0.147907 0.0730297 
4.55179 3.10977 1.30335 0.364344 0.452074 0.449287 -0.362384 -1.30611 -1.2476 -0.385914 0.140976 0.0932066 
4.82043 3.35091 1.18971 -0.0647134 0.276599 0.700804 -0.301715 -1.44928 -1.37526 -0.386479 0.0823808 0.106402 
4.86365 3.30335 1.08534 -0.166343 -0.0153234 0.402531 -0.305944 -1.46441 -1.36359 -0.302836 0.0851898 0.111102 
4.57857 3.07928 1.11536 -0.094359 -0.128426 0.0257118 -0.601198 -1.48485 -1.36888 -0.434198 0.0721884 0.0805752 
4.05106 2.7491 1.01326 -0.252671 -0.425539 -0.416016 -0.945572 -1.48367 -1.34936 -0.529012 0.0915 0.0571106 
5.23391 3.07192 0.616221 -0.309342 -0.0218892 -0.155684 -0.920101 -1.9048 -1.79635 -0.666354 -0.00898635 0.0841136 
4.21815 2.75145 0.850489 -0.395362 -0.366507 -0.271337 -0.910212 -1.72033 -1.66446 -0.790557 0.0243072 0.0591842 
4.49743 2.91343 0.731419 -0.765978 -0.706634 -0.253322 -0.763106 -1.77895 -1.8098 -0.877717 -0.0572846 0.0671644 
3.77151 2.31627 0.610121 -0.347169 -0.511998 -0.512823 -0.899419 -1.45705 -1.43274 -0.684628 0.0917771 0.0540412 
5.74376 3.154 0.383291 -0.881738 -0.294137 -0.0206375 -0.686953 -1.69555 -1.73598 -0.693167 -0.00541276 0.116593 
4.48485 2.96691 0.756775 -0.648543 -0.624228 -0.37828 -0.724513 -1.50035 -1.64814 -0.77981 0.0562374 0.0857199 
4.52078 3.04435 0.786543 -0.828912 -0.831523 -0.30455 -0.584175 -1.36606 -1.51218 -0.766062 0.0309353 0.081975 
5.51168 3.1569 0.640811 -0.632459 -0.56401 -0.131776 -0.666452 -1.70913 -1.68868 -0.618726 -0.00791689 0.100744 
5.69223 3.36494 0.58702 -0.841582 -0.630102 -0.0607285 -0.564654 -1.68083 -1.67468 -0.544996 -0.0105598 0.112196 
3.79087 2.55379 0.759682 -0.476985 -0.76552 -0.658427 -0.752769 -1.14162 -1.24987 -0.548002 0.207259 0.0755858 
4.38882 2.90846 0.813296 -0.665174 -0.706625 -0.472833 -0.851104 -1.56511 -1.47132 -0.715892 0.10118 0.0843997 
5.73529 3.403 0.635291 -1.17242 -0.775821 -0.0939285 -0.87571 -2.06238 -1.99288 -0.689139 -0.0530614 0.11238 
5.59777 3.15329 0.696163 -1.06756 -0.726676 -0.0980302 -0.842289 -2.00167 -2.09577 -0.746051 -0.0723811 0.0974451 
3.59119 2.80824 0.971564 -0.443147 -0.663978 -0.537342 -0.764737 -1.27883 -1.23598 -0.558332 0.107655 0.0168365 
4.82385 3.32944 0.993406 -0.411365 -0.0952406 0.352926 -0.235398 -1.25584 -1.43816 -0.61937 -0.0446008 0.057608 
5.76174 3.65868 1.01678 -0.354589 -0.0859919 0.891068 0.383697 -1.26345 -1.60005 -0.318991 0.0169045 0.125082 
6.13179 3.94761 1.28003 -0.302045 -0.217476 0.863106 0.376163 -1.60529 -1.56042 -0.0417889 0.0982213 0.143848 
6.15922 3.90416 1.16416 -0.343794 0.191661 1.06008 0.00662781 -1.49615 -1.47577 -0.174319 0.112096 0.136386 
5.48342 3.33193 1.06993 0.026931 0.307525 0.454894 -0.29271 -1.43697 -1.46203 -0.322738 0.0606339 0.0836424 
6.13037 3.60414 1.02045 0.0133329 0.0505003 0.702796 0.0645512 -1.77849 -1.75592 -0.356773 0.0435006 0.0991264 
3.89493 2.73071 1.2711 0.264757 0.143282 0.303665 -0.273301 -1.09876 -1.22591 -0.594152 0.115059 0.0200356 
6.06062 3.89309 1.15725 -0.243614 0.178049 0.97164 -0.0144784 -1.83004 -1.84296 -0.522908 -0.0454935 0.106807 
5.06383 3.17861 1.15753 0.25613 0.467249 0.632175 -0.228422 -1.46787 -1.47369 -0.532522 0.14183 0.114394 
6.64365 3.59655 1.10003 -0.176093 0.0466416 0.741314 -0.0876982 -1.39349 -1.96364 -0.280083 0.202057 0.179969 
3.94543 2.73677 1.12032 0.0613087 -0.0643327 -0.0294584 -0.432746 -1.11659 -1.13059 -0.360621 0.352936 0.121328 
4.86705 3.10012 1.01444 -0.033773 0.192272 0.56456 -0.23826 -1.40952 -1.43604 -0.409635 0.289646 0.174502 
4.33383 2.92331 1.02509 -0.1874 -0.179359 0.142615 -0.305361 -1.21081 -1.32929 -0.476527 0.296926 0.142047 
5.19664 3.20743 0.825808 -0.257635 0.177463 0.483446 -0.512678 -1.52456 -1.49906 -0.364578 0.233797 0.169053 
5.96468 3.86692 0.721692 -0.551609 0.079205 0.565546 -0.290307 -1.69467 -1.70195 -0.242476 0.177374 0.190561 
4.52267 3.10006 1.20711 0.083061 0.162378 0.28166 -0.536658 -1.38939 -1.32771 -0.417406 0.238427 0.12744 
4.31702 3.01477 1.22207 0.190876 0.100331 0.2241 -0.342354 -1.14514 -1.18878 -0.388903 0.243439 0.112884 
5.21775 3.41785 1.18991 0.165974 0.530545 0.842189 -0.193253 -1.60984 -1.45195 -0.378314 0.121962 0.127802 
5.29864 3.42293 1.17031 0.422768 0.74208 0.824648 -0.0580403 -1.47283 -1.63549 -0.457474 0.089073 0.118729 
5.24309 3.49322 1.14874 0.067277 0.685589 1.0479 -0.120833 -1.39745 -1.43537 -0.437619 0.10515 0.125984 
4.83439 3.32804 1.32895 0.415509 0.750567 0.871557 -0.0325579 -1.27665 -1.46319 -0.541371 0.116362 0.10738 
6.26306 3.93858 1.03298 -0.252393 0.760353 1.21973 0.105633 -1.69466 -1.52378 -0.467694 0.0722116 0.132856 
4.63887 3.06058 1.35685 0.560036 0.765412 0.849902 -0.349773 -1.34138 -1.45074 -0.547097 0.139398 0.0803036 
5.35331 3.45597 1.16997 0.211806 0.809285 1.16921 -0.20011 -1.54562 -1.60679 -0.537189 0.0660475 0.1087 
5.32029 3.19508 1.26508 0.340464 0.961619 1.09337 -0.122066 -1.5844 -1.70186 -0.608685 0.0950919 0.11558 
7.14731 3.96273 1.71141 -0.204998 0.214672 1.49934 0.152907 -2.23977 -1.77777 -0.56741 0.0508883 0.161557 
4.73824 3.16556 1.36266 0.614712 0.937222 1.04009 -0.211028 -1.54992 -1.7357 -0.741523 0.201668 0.122229 
4.97166 3.26478 1.27359 0.497898 0.790364 0.9641 -0.135986 -1.58771 -1.88561 -0.708641 0.138634 0.128327 
5.31568 3.3655 1.06814 0.233947 0.843847 0.799903 -0.195625 -1.63873 -1.89059 -0.611392 0.105876 0.13855 
7.31363 3.57299 1.22908 -0.668125 0.22314 0.571579 -0.0264365 -2.09378 -1.92355 -0.538982 0.127079 0.176285 
4.72201 3.03351 1.0432 0.101667 0.341815 0.421565 -0.436936 -1.64486 -1.7718 -0.688912 0.15087 0.118362 
4.54447 2.8934 1.05277 0.00634155 0.139605 0.362966 -0.559665 -1.68516 -1.61174 -0.654286 0.168452 0.108793 
3.98708 2.66687 0.976226 0.0841557 0.0806927 0.0524812 -0.572145 -1.36416 -1.47141 -0.604212 0.260177 0.0927902 
5.01533 3.20122 1.04505 -0.0763067 0.396441 0.73285 -0.304195 -1.68962 -1.67366 -0.514609 0.165869 0.142661 
4.85098 3.00612 0.881841 0.0730697 0.392637 0.59588 -0.27045 -1.57548 -1.56014 -0.516157 0.214965 0.136194 
4.65063 2.93157 0.92081 0.122801 0.524227 0.675599 -0.340922 -1.56323 -1.53014 -0.507655 0.260242 0.133067 
4.03796 2.71344 0.958502 -0.0529618 0.122959 0.500643 -0.119838 -1.18319 -1.25926 -0.434451 0.311767 0.110332 
5.09082 3.15212 0.629048 -0.105266 0.611726 0.698014 -0.239351 -1.46734 -1.49146 -0.330145 0.292551 0.178429 
5.05622 3.34734 0.699449 -0.566514 0.0274314 0.772073 -0.0197941 -1.42471 -1.61089 -0.344147 0.163608 0.172256 
7.53951 2.30253 0.77883 -0.86007 0.313923 0.463556 -0.0476637 -1.43053 -1.61021 -0.406322 0.245913 0.181201 
5.45063 3.06395 0.410531 -0.443766 0.238231 0.603947 -0.248723 -1.53326 -1.69009 -0.588224 0.147423 0.160031 
6.14706 3.03045 0.470654 -0.530988 -0.0828537 0.76286 0.194749 -1.69948 -1.69772 -0.507416 0.131995 0.16532 
4.93815 3.13817 0.464978 -0.809636 -0.160283 0.791852 0.00229908 -1.4623 -1.55955 -0.563656 0.108873 0.155618 
6.07308 2.94885 0.100846 -1.03297 -0.0586146 0.675397 -0.0151413 -1.45324 -1.5111 -0.426176 0.162588 0.165422 
6.13273 2.77684 -0.106933 -0.999231 -0.340783 0.832131 -0.0393571 -1.41073 -1.34677 -0.367799 0.172593 0.152303 
5.7921 2.8694 -0.33966 -1.38007 -0.136786 0.773325 0.0475531 -1.09972 -1.21416 -0.313035 0.154648 0.139307 
4.89151 2.43062 -0.25577 -1.15264 -0.123578 0.632937 0.173823 -0.787191 -1.10784 -0.343151 0.128133 0.101659 
5.97372 2.87726 -0.570659 -1.96692 -0.464448 1.20351 0.841518 -0.635244 -0.956623 -0.28313 0.0146107 0.0753446 
7.35501 1.96702 -0.575012 -1.65109 -0.799241 1.36365 1.2758 -0.569769 -0.895559 -0.338742 0.00579945 0.0457723 
4.7864 2.42166 -0.638539 -1.74625 -0.410768 1.11192 1.11605 -0.126562 -0.854844 -0.313064 -0.0182303 0.0403735 
4.46337 1.98168 -0.734141 -1.58575 -0.231208 1.10588 1.2063 -0.0257221 -0.788023 -0.517059 -0.0433627 0.00458559 
5.83882 2.55568 -1.02322 -2.08607 0.0376933 1.72062 1.13436 -0.112689 -0.980422 -0.53613 -0.155931 0.0213015 
6.16091 2.59434 -0.962895 -1.76559 0.0587887 1.98686 1.6368 -0.0416282 -0.996593 -0.492093 -0.17945 0.0164245 
4.54752 2.31822 -0.355084 -1.00643 0.626718 2.01005 1.68951 -0.11198 -0.90153 -0.421198 -0.202939 0.0201001 
4.89077 2.7108 -0.109867 -1.00798 0.755242 2.36688 1.71141 -0.282484 -0.97946 -0.384193 -0.22682 0.03401 
5.36258 2.50495 -0.470606 -0.77195 0.921852 2.29579 1.53488 -0.301337 -0.907717 -0.412607 -0.174689 0.0129004 
5.59347 2.80001 -0.498601 -0.748714 1.09413 2.00797 1.2317 -0.309682 -0.811864 -0.366894 -0.0835443 0.028685 
4.93969 2.5721 0.0397621 -0.308409 1.07086 1.879 0.889148 -0.428976 -0.750175 -0.273571 -0.0359876 0.0378871 
4.80845 2.78012 0.30355 -0.314693 0.969663 1.77089 0.7856 -0.425511 -0.610136 -0.27359 0.0281698 0.061566 
5.13924 2.87341 0.589587 0.0257027 1.0488 1.68103 0.815999 -0.341193 -0.446513 -0.0643898 0.116857 0.0757402 
4.99616 2.72248 0.37922 0.0410637 1.00864 1.63879 0.93141 -0.0298359 -0.189047 0.0232817 0.227334 0.103433 
5.13259 2.72606 0.274754 -0.0410579 0.898476 1.46082 1.17711 0.453452 0.182656 0.169322 0.278923 0.107575 
5.39752 2.82305 0.187142 -0.367349 1.12279 1.84728 1.04401 0.484825 0.286564 0.210017 0.364971 0.134574 
4.1762 2.54638 0.805211 0.251865 0.841059 1.25087 1.18932 0.432048 0.154464 0.309329 0.453054 0.125773 
4.57611 2.66802 0.757638 0.414413 1.1341 1.44707 0.940464 0.482552 0.386454 0.32834 0.445802 0.126533 
5.58726 3.06277 0.401378 0.103814 1.39736 1.62563 1.10436 0.511945 0.351991 0.214709 0.363664 0.141766 
7.1777 2.67497 0.19532 -0.209147 2.75508 1.58059 0.379394 0.642345 0.162108 0.263821 0.265097 0.111488 
3.81306 2.51772 1.30185 1.12293 1.5515 1.47857 0.967308 0.315858 0.0539165 0.0671291 0.246692 0.0700817 
4.3717 2.81683 1.20487 0.801689 1.62386 1.85356 1.06546 0.371774 0.0546506 0.112586 0.213438 0.0771829 
4.50164 2.97371 1.17849 0.677533 1.61608 1.73103 0.902103 0.260688 0.0516822 0.108217 0.307553 0.106064 
4.209 2.8057 1.23371 0.767941 1.43757 1.49553 0.964574 0.201635 -0.119513 -0.0264704 0.216488 0.0836569 
4.22235 2.91648 1.62272 0.884404 1.18192 1.03365 0.852919 0.541058 0.337509 0.130842 0.321564 0.0831208 
4.8015 3.02515 0.947998 0.439448 1.27699 1.47715 1.03409 0.409212 0.361168 0.225979 0.309523 0.0965833 
4.25504 2.97358 1.16681 0.40312 0.722986 1.26857 1.09337 0.408837 0.286207 0.307999 0.351875 0.090852 
3.78509 2.63323 1.30599 0.611706 0.852221 1.01891 0.808156 0.500844 0.163191 0.271379 0.418851 0.0742592 
4.99044 2.90066 0.771308 -0.135728 0.865259 1.48196 0.838408 0.71794 0.297861 0.122648 0.432356 0.143493 
5.5132 3.18494 0.842377 -0.498 1.18109 1.39464 1.4961 0.538635 0.211331 0.167711 0.391929 0.181848 
5.94293 3.31211 0.657914 -0.638525 1.5804 1.47419 1.62863 0.291544 0.417249 0.0832361 0.356918 0.187781 
4.4089 3.19835 1.53531 0.536464 1.02587 1.71137 1.44181 0.577579 -0.0220868 -0.0594551 0.298264 0.106337 
4.0126 3.00249 1.61617 1.14457 1.27824 1.33495 1.08238 0.367314 -0.0970924 0.0180564 0.377593 0.0990319 
4.83307 3.25631 1.55204 0.876043 1.45992 1.33617 0.716307 -0.131688 -0.0601647 -0.0569819 0.32692 0.121812 
4.61366 3.24807 1.78341 0.976297 1.48863 1.21903 0.565862 -0.168494 -0.266135 0.156021 0.37485 0.1275 
5.27295 3.34205 1.4983 0.803192 1.30981 1.02858 0.604766 -0.444641 -0.0497114 0.439438 0.391272 0.143746 
3.75727 2.92083 1.73854 0.956028 1.06366 1.07987 0.598119 0.199712 0.109579 0.226306 0.266205 0.066949 
4.94976 3.14178 1.31345 0.618025 1.2995 1.01263 0.613794 0.464558 0.248408 0.359373 0.226874 0.0737931 
4.31296 2.96538 1.5892 0.800808 1.00946 1.1509 0.895661 0.614256 0.4 0.21507 0.161891 0.0474544 
4.21779 3.13549 1.65499 0.686109 0.868691 1.2207 1.1296 0.868027 0.0944393 0.148332 0.173425 0.0519392 
3.66517 2.92882 1.81188 0.909267 0.624416 0.917045 1.10354 0.815239 0.422171 0.215467 0.330447 0.0607576 
4.81423 3.12839 1.50215 0.650521 1.0192 1.26278 0.940913 0.371503 0.108886 0.152209 0.438497 0.159789 
4.58407 3.07177 1.31998 0.47381 1.02635 1.12865 0.986305 -0.0897242 -0.00304596 0.141901 0.506673 0.186738 
3.68802 2.75026 1.42713 0.312714 0.57292 0.610832 0.843479 0.0357399 0.0946404 0.156365 0.316293 0.0966761 
4.2925 2.73426 1.16616 0.235641 0.586532 0.943012 0.785528 0.0138457 -0.22915 0.162697 0.306271 0.122365 
4.71517 3.15773 1.27748 -0.211318 0.453127 1.01835 1.00803 0.0306818 0.10401 0.102657 0.321522 0.142735 
5.22354 3.33947 0.976919 -0.205903 0.807309 0.952506 1.02829 -0.0703761 0.480618 0.0584344 0.252888 0.106362 
4.42476 3.12222 1.23776 0.0414453 0.729095 0.82938 0.794109 0.382689 0.537501 0.00945878 0.253305 0.0713106 
4.6438 3.2212 1.46765 -0.207057 0.936415 1.00827 0.703438 0.13724 0.256565 0.0403437 0.320039 0.122233 
4.22213 3.08205 1.29377 0.374709 0.804629 0.536472 0.827165 0.335331 9.65762e-005 0.0117297 0.291201 0.103653 
3.78467 2.68943 1.62826 0.673298 0.608259 0.691668 0.8621 0.20298 -0.182535 -0.0477692 0.375963 0.10391 
4.2043 3.08727 1.76756 0.379377 1.02011 0.710231 0.791616 0.390863 -0.0568419 0.0695489 0.322118 0.105934 
4.65284 3.18457 1.49483 0.799632 0.591729 0.194255 0.772359 0.236717 -0.145941 0.0318038 0.288521 0.120477 
4.1296 3.08464 1.75198 0.699622 0.795688 0.71194 0.614178 -0.00408066 -0.163344 0.212838 0.400145 0.123125 
3.45084 2.46288 1.49979 1.03961 0.632189 0.789231 0.462508 0.0114775 0.210516 0.0675846 0.440664 0.0876289 
4.1982 3.03965 1.89268 0.622583 0.477546 0.745022 0.492479 -0.0848496 -0.0748815 0.318905 0.392599 0.123961 