2.8063 2.09206 1.49045 -0.586176 0.119708 -0.304855 0.477938 -0.0904765 0.857987 0.256042 0.192239 0.0519932 
2.92656 2.37777 1.11335 -0.678338 0.197415 -0.393271 0.332166 -0.406348 0.541404 0.100465 -0.00834277 0.0237031 
3.12308 2.61591 1.40274 -0.388927 0.804522 -0.46272 0.215276 0.0555125 0.703335 -0.00899223 0.204909 0.0624144 
3.17243 2.59373 1.46985 0.397662 1.02689 0.0198037 0.63939 0.349942 0.660408 0.248719 0.107799 0.0540574 
3.47966 2.74836 2.12228 0.842057 1.29593 0.692646 0.466107 0.983643 0.743086 0.273406 0.441017 0.078291 
3.39029 2.86929 2.34645 0.64818 1.26204 0.798216 0.938922 0.77248 0.664383 0.324598 0.434477 0.0839719 
3.02366 2.50856 2.25229 1.54756 1.36812 0.984015 0.975626 0.812297 0.804612 0.367129 0.228766 0.0526119 
3.3655 2.51893 2.27094 1.04315 1.46078 1.54807 0.993685 1.23994 0.818656 0.476868 0.246037 0.0500937 
4.10347 3.23227 3.01945 1.01105 1.26423 1.02978 1.40284 0.463278 0.960499 0.810773 0.115029 0.0625002 
4.28548 3.58388 2.77277 1.10106 1.40948 0.737492 1.11567 0.366053 0.867505 0.439827 0.187449 0.0600315 
4.0333 3.37222 2.46708 1.20996 1.09253 0.391567 0.468515 0.325797 0.539169 0.451265 0.191919 0.0512284 
4.92124 3.84513 2.39827 0.548096 1.11757 -0.0051602 0.362267 0.157133 0.216687 0.527524 0.150367 0.0501422 
5.45353 4.17491 2.39596 0.318417 0.862842 0.416125 0.113994 -0.380196 0.175024 0.282699 0.126692 0.049757 
5.39885 3.99937 2.33475 0.558476 0.416037 0.492987 -0.215461 -0.425493 -0.112192 0.100205 -0.00231956 0.00589796 
4.39428 3.61299 2.28581 1.12939 0.385853 -0.142236 -0.169753 -0.296403 -0.361975 -0.106651 -0.0918295 -0.020353 
5.96039 4.14448 2.7314 -0.12425 0.775033 0.185962 0.12944 -0.903768 -0.381692 -0.20966 -0.141961 0.00493944 
4.04638 3.32976 2.34868 1.2256 0.677817 0.18273 -0.289317 -0.665727 -0.393145 -0.27413 -0.158955 -0.0390996 
4.66078 3.91865 2.7085 1.06285 0.428752 -0.393771 -0.366904 -0.956415 -0.570043 -0.133045 -0.196222 -0.0316883 
4.40362 3.68221 2.49858 1.42219 0.338461 -0.272714 -0.703416 -0.947207 -0.603871 -0.197536 -0.184099 -0.0358278 
4.96039 3.96003 2.88344 1.09044 0.411627 0.0108596 -0.775096 -1.08246 -0.858205 -0.238328 -0.205977 -0.0374213 
3.89866 3.33073 2.36726 1.1155 0.412039 -0.213594 -0.570696 -0.851589 -0.765001 -0.493772 -0.268719 -0.0731171 
4.07766 3.43382 2.371 1.20594 0.361324 -0.561686 -0.947326 -0.899147 -0.746938 -0.378277 -0.268555 -0.0648675 
5.31737 3.72969 2.19471 0.861777 -0.145786 -0.628873 -0.795366 -1.25999 -0.916008 -0.069292 -0.170228 -0.0375766 
4.07824 3.33472 2.19164 0.983664 -0.191819 -0.841303 -0.902197 -0.995543 -0.739335 -0.27011 -0.068817 -0.00716459 
4.02594 3.17437 2.06006 0.758034 -0.137588 -0.722772 -1.11816 -1.04547 -0.601157 -0.121281 0.0539193 0.0353871 
4.53174 3.69051 2.36526 0.850797 -0.247449 -0.600648 -1.08745 -1.18503 -0.538291 0.0872392 0.127074 0.0842552 
4.51925 3.63648 2.35807 0.678944 -0.453009 -0.781364 -0.94905 -0.980362 -0.420701 0.109238 0.144 0.0872474 
4.25734 3.39561 2.23615 0.968007 -0.107974 -0.748264 -0.985806 -0.991615 -0.440811 0.114965 0.150453 0.0797399 
4.07411 3.34208 2.3189 0.953178 -0.190044 -0.804551 -1.20031 -0.916452 -0.36522 0.0428926 0.0449639 0.0519626 
5.79473 4.36888 2.15566 0.273269 -0.200107 -0.253984 -0.836885 -1.36443 -0.846218 0.12218 0.0340298 0.0695405 
4.22324 3.39809 2.0608 0.724961 -0.219118 -0.831524 -0.988014 -0.866202 -0.532309 -0.157464 -0.0621331 0.0103438 
4.47672 3.56903 2.18158 0.761883 -0.0861194 -0.709825 -1.14175 -1.13728 -0.633443 -0.151601 -0.0846354 0.0115326 
4.10225 3.33556 2.14432 0.763359 -0.272486 -0.857545 -1.07927 -1.02592 -0.604621 -0.19502 -0.0428418 0.0235724 
5.84583 4.32473 2.10906 0.327803 -0.407708 -0.424314 -1.39036 -1.87587 -0.920054 0.220995 0.0493348 0.0761265 
4.34764 3.53372 2.13727 0.694472 -0.371521 -0.904716 -1.17541 -1.0612 -0.553792 -0.0677539 0.0296069 0.0529683 
4.28748 3.40051 1.98774 0.56252 -0.352771 -0.756104 -1.07051 -0.995391 -0.564042 -0.062741 0.0762528 0.0615393 
4.5922 3.56038 1.84141 0.321044 -0.38459 -0.465021 -0.596885 -1.063 -0.823961 -0.147205 0.0288337 0.0532192 
6.04078 4.10024 1.49383 -0.0136724 -0.00118698 0.315249 -0.526492 -1.71777 -1.50151 -0.0549834 0.0403955 0.0991892 
4.44747 3.3273 1.7351 0.498997 0.0832891 -0.16881 -0.812624 -1.262 -1.02313 -0.288325 -0.0115425 0.0342978 
4.71895 3.43972 1.48691 0.0196772 -0.336405 -0.319184 -0.669567 -1.07328 -0.993555 -0.267775 -0.00050323 0.0527069 
6.55695 4.1071 1.11304 -0.832732 -0.697263 0.124552 -0.527452 -1.87374 -1.67388 -0.187566 0.0775623 0.138459 
5.32194 3.53275 0.954694 -0.731271 -0.787458 -0.418701 -0.937116 -1.73324 -1.48534 -0.372076 -0.0932839 0.0538547 
4.12593 2.69492 0.878965 -0.390418 -0.787412 -0.839616 -1.1433 -1.48804 -1.41175 -0.68935 0.018259 0.0237027 
5.57956 3.17553 0.733295 -0.733248 -0.783676 -0.14483 -0.758198 -1.95284 -2.00031 -0.669723 -0.104386 0.0730781 
4.50982 2.90154 0.869377 -0.390256 -0.436947 -0.475178 -1.25398 -1.84666 -1.70288 -0.857783 0.0105895 0.0534216 
4.26641 2.67337 0.824475 -0.243654 -0.416366 -0.420475 -0.993488 -1.46446 -1.21754 -0.510788 0.102149 0.0766735 
4.24105 2.78002 0.925283 -0.27395 -0.607351 -0.539846 -0.834471 -1.36281 -1.20459 -0.407259 0.163146 0.0975138 
5.91794 2.49834 0.940657 -0.367592 -0.488103 -0.351853 -1.10145 -1.58244 -1.64825 -0.491296 0.0857615 0.0990403 
4.28667 2.68393 0.83812 -0.455901 -0.713993 -0.736303 -1.04789 -1.47942 -1.44609 -0.653421 0.167907 0.0871607 
4.00467 2.5 0.852569 -0.374109 -0.848539 -0.894744 -1.22963 -1.64854 -1.47663 -0.643558 0.189979 0.0690951 
6.69139 1.9021 1.49505 -1.42029 -0.733145 -0.469507 -1.14931 -1.99929 -1.99098 -0.738313 0.0139262 0.094936 
4.66987 2.98707 0.778263 -0.954583 -1.00558 -0.531298 -0.837081 -1.70078 -1.80674 -0.880148 0.0432453 0.0906951 
4.22784 2.80239 0.802335 -0.742353 -0.999396 -0.808252 -1.12061 -1.70927 -1.69887 -0.885718 0.132199 0.067116 
3.79627 2.39803 0.681266 -0.61085 -0.988107 -0.941775 -1.264 -1.69281 -1.48135 -0.636903 0.211921 0.0578562 
4.91249 3.03863 0.590614 -1.00953 -0.940914 -0.499233 -1.08749 -2.06398 -2.00261 -0.913908 -0.00245639 0.0953177 
4.46711 2.85662 0.759239 -0.657613 -0.77799 -0.517038 -0.982038 -1.7223 -1.67648 -0.799636 0.146105 0.0910614 
4.67626 2.84795 0.754147 -0.601027 -0.654051 -0.268594 -0.962304 -1.70958 -1.43872 -0.62884 0.178679 0.111366 
4.18202 2.69441 0.81327 -0.446859 -0.573651 -0.430703 -0.870729 -1.44803 -1.24375 -0.428297 0.282915 0.112215 
4.99305 2.88868 0.395951 -0.594137 -0.303504 -0.14719 -0.647028 -1.13613 -1.09529 -0.381672 0.229185 0.140953 
4.6303 2.70957 0.687649 -0.308724 -0.200774 -0.0729797 -0.586371 -1.25013 -1.11032 -0.401078 0.304091 0.138724 
5.66097 2.85001 0.386461 -0.500969 -0.149142 0.242633 -0.558878 -1.4572 -1.2636 -0.413119 0.173486 0.141747 
3.96214 2.56818 0.927583 -0.282564 -0.369293 -0.115291 -0.572295 -1.26075 -1.30344 -0.543647 0.27962 0.0928978 
5.56082 2.90628 0.279258 -0.431832 -0.145991 0.0839811 -0.681635 -1.67175 -1.69027 -0.719918 0.0481993 0.113501 
4.659 2.66661 0.541111 -0.35709 -0.255114 -0.222755 -0.740417 -1.48154 -1.5412 -0.799687 0.156439 0.102881 
5.30613 3.03187 0.316915 -0.809306 -0.207019 0.175439 -0.789977 -1.73303 -1.64222 -0.731939 0.0942536 0.126344 
4.55058 2.76738 0.47743 -0.55287 -0.312518 -0.169981 -0.807821 -1.56562 -1.61162 -0.760395 0.182197 0.111897 
4.63218 2.68393 0.583751 -0.36249 -0.231852 -0.0434979 -0.79801 -1.67998 -1.39031 -0.601218 0.222993 0.114392 
5.98304 3.12292 0.138163 -0.814056 -0.025364 0.234285 -0.681178 -1.69951 -1.50891 -0.631321 0.0718511 0.120001 
5.95222 2.9664 0.258784 -0.763199 -0.0914473 0.134415 -0.678253 -1.64712 -1.50674 -0.613203 0.0593412 0.110834 
5.54703 3.26856 0.347058 -0.633103 -0.126976 0.302367 -0.638167 -1.74499 -1.65898 -0.781802 0.0272429 0.110678 
4.30438 2.76901 0.762969 -0.257925 -0.183234 -0.0551355 -0.654403 -1.52565 -1.60527 -0.780463 0.178468 0.0780789 
4.99854 2.95956 0.525715 -0.501488 -0.206508 0.0184728 -0.753903 -1.6681 -1.73049 -0.842478 0.0553519 0.0931485 
5.60761 3.02938 0.306265 -0.565474 0.200135 0.0728894 -0.951323 -1.71521 -1.76605 -0.906184 0.0246264 0.105585 
4.98123 3.06795 0.689437 -0.517613 -0.155224 0.0839491 -0.871647 -1.81427 -1.78859 -0.845665 0.0816063 0.102087 
3.98643 2.78769 0.981128 -0.223655 -0.423014 -0.382429 -0.79093 -1.48569 -1.61743 -0.69891 0.268331 0.0654042 
5.04237 3.08753 0.785191 -0.41709 -0.260343 0.0893941 -0.678439 -1.79007 -1.66513 -0.707613 0.0988462 0.106354 
5.8047 3.30712 0.55488 -0.672524 -0.139137 0.429757 -0.775826 -1.91894 -1.47427 -0.686974 0.076826 0.119468 
5.08915 3.16779 0.942988 -0.375916 -0.270371 0.415901 -0.689433 -1.90211 -1.65332 -0.646915 0.0784356 0.105446 
3.95308 2.74028 1.08315 -0.191237 -0.415001 -0.336319 -0.751804 -1.37172 -1.38219 -0.631142 0.198725 0.0439148 
5.01435 3.20351 0.821569 -0.696997 -0.537614 0.191731 -0.481176 -1.65685 -1.61732 -0.707935 -0.0211865 0.0785148 
5.15705 3.42458 0.660836 -0.886878 -0.406787 0.270504 -0.491976 -1.78112 -1.79988 -0.76717 -0.062704 0.0894506 
4.56111 2.98617 0.83671 -0.429737 -0.217872 0.0460862 -0.638752 -1.79005 -1.87727 -0.848113 0.0946024 0.0871271 
4.30081 2.7761 0.914389 -0.286705 -0.224987 0.0734832 -0.705537 -1.72099 -1.80491 -0.823402 0.177863 0.078303 
5.15411 3.18816 0.696299 -0.58085 -0.230227 0.384442 -0.427932 -1.75046 -1.77919 -0.721143 -0.018297 0.0865072 
5.33595 3.44771 0.707235 -0.817069 -0.197265 0.622689 -0.263927 -1.68908 -1.67252 -0.501757 -0.0487545 0.0896224 
4.36993 2.76459 0.999186 0.05879 0.250124 0.463128 -0.338724 -1.54107 -1.64183 -0.673657 0.0831736 0.0507731 
4.35833 2.83961 0.807426 -0.159254 0.339394 0.598534 -0.138222 -1.35564 -1.6305 -0.747722 0.0866224 0.065767 
5.88907 3.36803 0.521998 -0.758695 -0.00164676 1.13975 0.0352775 -1.62342 -1.64041 -0.429063 0.059439 0.126033 
6.21358 2.91262 0.25401 -0.449007 0.255279 0.964843 -0.115656 -1.49455 -1.55333 -0.476039 0.180762 0.155327 
4.52896 2.61559 0.613887 -0.0967973 0.400247 0.73039 -0.12102 -1.14354 -1.33944 -0.557431 0.370674 0.153945 
5.90582 3.09062 0.182287 -0.58349 0.154463 0.846146 0.207454 -1.4553 -1.42683 -0.292402 0.253861 0.181781 
5.09344 2.61438 0.171624 -0.546133 0.259944 0.797827 -0.12225 -1.17025 -1.16618 -0.310839 0.363349 0.187947 
6.28201 2.36882 -0.391568 -0.392989 0.215546 0.749698 0.148315 -1.25871 -1.01079 -0.210777 0.369393 0.198441 
4.78166 2.43843 -0.0771558 -0.659722 0.1188 0.534699 -0.0723584 -1.01381 -0.987607 -0.323847 0.40571 0.180313 
6.5499 2.38642 -0.74656 -0.949337 0.348905 0.764473 -0.15371 -1.28823 -0.941653 -0.261474 0.332615 0.192244 
5.38925 2.57089 -0.260565 -1.09705 -0.0796517 0.680967 -0.109532 -1.15565 -1.11773 -0.292117 0.313283 0.183369 
7.41177 1.71589 -0.581434 -1.22193 -0.107329 0.604562 -0.0805985 -1.35651 -1.14081 -0.313837 0.23905 0.164239 
6.84118 2.28567 -0.734759 -1.38571 -0.394777 0.482076 -0.110733 -1.11177 -1.26119 -0.352312 0.214026 0.156714 
5.29013 2.57058 -0.567758 -1.53407 -0.486074 0.505405 -0.130673 -1.06867 -1.13433 -0.298735 0.219026 0.14884 
6.84885 2.82063 -1.15841 -1.86075 -0.559988 0.593363 -0.154164 -1.14048 -1.1054 -0.398434 0.164936 0.13615 
6.7565 2.54388 -1.07639 -1.68979 -0.383165 0.346874 0.0267737 -1.14479 -1.03679 -0.407334 0.135804 0.11918 
6.10717 2.13113 -0.605823 -1.24628 -0.478533 0.415688 -0.0353325 -0.839056 -0.981717 -0.334037 0.11087 0.0867934 
4.91866 2.48514 -0.366144 -1.46456 -0.64355 0.422106 0.142227 -0.6727 -0.783327 -0.31479 -0.0113611 0.0203371 
6.45086 2.81884 -1.08872 -2.05245 -0.232988 0.79923 0.060451 -0.377424 -0.531753 -0.327406 -0.0847715 -0.0339827 
5.60664 2.47751 -0.902903 -1.78897 -0.355821 0.730294 0.549253 -0.216203 -0.503303 -0.216387 -0.117979 -0.048109 
6.53938 1.90082 -1.09124 -1.6075 -0.195238 1.01223 0.852387 -0.238654 -0.398162 -0.262942 -0.0959578 -0.0451289 
5.85953 2.52053 -1.1017 -1.79752 0.037384 1.20551 0.874974 -0.0723031 -0.614917 -0.333012 -0.157543 -0.0497783 
7.02912 1.73345 -1.15089 -1.46355 0.507887 1.38364 1.27428 -0.153691 -0.797679 -0.526782 -0.192128 -0.0443391 
4.26868 1.84317 -0.322296 -0.53915 0.631211 1.50825 1.12627 -0.335595 -1.08694 -0.684036 -0.213692 -0.0269442 
6.28541 2.10311 -0.673301 -1.07621 1.29017 2.57338 1.50528 -0.493344 -1.39348 -0.887396 -0.298315 -0.0085292 
5.29921 2.08933 -0.497749 -0.549311 1.1984 2.34192 1.28293 -0.624701 -1.36869 -0.802032 -0.280052 0.00698475 
5.48685 2.1745 -0.492738 -0.591801 1.22358 1.97831 1.30569 -0.490978 -1.23657 -0.745352 -0.233297 0.0195968 
4.61193 2.12163 -0.100677 -0.290713 1.09248 1.57886 0.878788 -0.212015 -0.955566 -0.722938 -0.0957944 0.0456167 
4.96877 2.3256 -0.184973 -0.22212 1.12773 1.43792 0.624362 -0.107752 -0.606481 -0.688957 -0.03525 0.0526574 
5.71208 2.49913 -0.275138 -0.272077 1.44923 1.35707 0.332743 -0.348458 -0.533717 -0.530186 0.0715021 0.0971535 
4.42326 2.33049 0.289403 -0.0945886 0.943846 1.2418 0.624798 -0.282786 -0.648659 -0.440604 0.222939 0.10939 
6.26333 2.07782 -0.358303 -0.0520927 1.8185 1.43679 -0.00179223 -0.436809 -0.334167 -0.34638 0.202965 0.16121 
4.39994 2.33302 0.201227 -0.0336355 0.979114 1.42715 0.793806 -0.0881678 -0.566127 -0.341696 0.294365 0.138135 
6.6797 2.46681 -0.836357 -0.575305 1.97768 2.19388 0.176583 -0.178044 -0.12877 -0.143498 0.274722 0.152951 
4.1324 2.3288 0.551321 0.316074 1.34213 1.48624 0.798391 -0.0561781 -0.274223 0.00412643 0.398827 0.125399 
4.22876 2.5036 0.756294 0.409182 1.15552 1.52872 0.906831 0.129997 -0.249011 -0.0237132 0.431431 0.140363 
4.6724 2.90363 0.797228 0.392502 1.07688 1.38729 0.933495 0.375513 0.103275 0.229268 0.40388 0.138063 
5.74794 3.16672 0.406111 0.0642819 1.46894 1.52414 0.942085 0.540069 0.37671 0.166573 0.403414 0.168668 
4.01375 2.898 1.29497 0.420784 0.771589 1.36483 1.30289 0.70291 0.209693 0.180975 0.485671 0.126273 
3.66091 2.45808 1.26709 0.788473 1.01034 1.4855 1.44269 0.883199 0.467248 0.317835 0.459956 0.0896738 
4.14411 2.6952 1.18754 0.741947 1.26233 1.56021 1.34741 0.899309 0.359169 0.199059 0.505808 0.134763 
4.33717 2.78479 1.2741 0.726281 1.46956 1.81837 1.26298 0.756284 0.360356 0.333209 0.429443 0.129473 
4.00702 2.84297 1.29766 0.61779 1.17279 1.5857 1.46561 0.871294 0.362298 0.203625 0.421809 0.112697 
4.31335 2.92184 1.229 0.703976 1.03809 1.66513 1.19967 0.719915 0.294953 0.236174 0.43799 0.132763 
4.08717 2.90941 1.33812 0.559038 0.832315 1.38488 1.24112 0.624591 0.0903011 0.140328 0.418545 0.120696 
4.26912 2.81712 0.980002 0.454378 0.869367 1.29336 1.14917 0.48875 0.117643 0.171183 0.337637 0.10948 
6.33088 3.06885 0.878113 -0.561732 1.55378 1.45539 1.16224 0.196413 0.217136 -0.017705 0.227634 0.148196 
6.19551 3.08563 0.565162 -0.571361 1.12996 1.49658 0.558395 0.159622 0.228662 -0.316568 0.122157 0.103113 
3.85454 2.68214 1.41175 0.620767 0.670338 1.01711 0.827974 0.327974 0.0212406 -0.158555 0.174566 0.0395344 
4.29097 3.06448 1.35074 0.275561 0.720272 1.00495 1.14943 0.468841 -0.180051 -0.211975 0.295577 0.0998331 
5.57728 3.42933 0.58727 -0.013001 1.28365 1.44011 0.68542 0.570571 -0.0863186 -0.261235 0.242918 0.150744 
6.31847 2.83425 0.735654 -0.134507 2.39047 1.60884 0.670961 0.349896 0.113107 -0.173604 0.240619 0.167175 
3.70413 2.58719 1.47447 0.783946 0.995601 1.11232 0.936881 0.312471 -0.12062 -0.0402589 0.285641 0.0749634 
4.38629 2.87976 1.35926 0.638765 1.2076 1.52948 1.01246 0.169139 -0.0546645 0.0343586 0.255919 0.0977491 
3.96146 2.76128 1.29745 0.821259 1.09444 1.41568 0.955528 0.31219 0.0831308 0.0751214 0.235838 0.0684535 
6.07716 3.13206 1.04422 0.010016 1.43716 1.78906 1.10341 -0.00637262 0.070869 0.0681308 0.238829 0.122723 
3.93444 2.8963 1.71024 0.642229 0.814343 1.13877 0.904181 0.497993 0.270142 0.250476 0.238482 0.0639201 
5.76166 3.47158 1.01489 0.152877 1.14667 1.21946 1.53577 -0.0710093 0.271806 0.318415 0.253439 0.106361 
3.68125 2.79242 1.65582 1.27349 1.13979 1.09779 0.858629 0.352858 0.149141 0.239709 0.124422 0.0363677 
5.03625 3.20385 1.28811 0.418441 1.21008 1.28265 1.09015 0.101947 0.369836 0.435813 0.256756 0.0881634 
3.82953 2.90293 1.56005 0.595041 1.00639 1.32374 1.36712 0.699302 0.128149 0.128175 0.233003 0.0655558 
4.03181 2.9596 1.47367 0.862461 1.38932 1.97054 1.57319 0.47967 0.0648359 0.0318002 0.16671 0.0703898 
3.91009 2.8841 1.36598 0.95007 1.47168 2.08011 1.60717 0.583462 0.12995 -0.0467085 0.242164 0.0830367 
4.47961 2.91348 1.34217 0.413057 1.39207 1.98752 1.73126 0.692423 0.00523357 0.0686637 0.197136 0.10075 
4.91191 2.7848 0.919861 0.531397 1.76734 1.93786 1.97634 0.465253 -0.0403987 -0.173719 0.141342 0.111296 
3.56955 2.46807 1.13481 0.750787 1.26231 1.69656 1.36916 0.328449 -0.098557 -0.204042 0.162781 0.0670155 
5.07554 2.66514 0.912307 -0.416635 1.94877 1.14551 1.70811 -0.471248 -0.211191 -0.430958 0.0105139 0.122591 
4.19209 2.69461 0.972664 0.155778 1.08163 1.08517 0.916818 0.0960804 -0.309733 -0.524736 0.0409577 0.0423521 
4.64391 2.73373 1.21525 0.0310992 1.373 0.873822 0.946703 0.0923494 -0.291176 -0.164982 0.05795 0.0616727 
4.29405 2.91821 1.44327 0.476129 1.06829 0.727029 1.18995 0.4366 -0.1986 -0.250228 0.184777 0.0770804 
4.63261 2.8275 1.29317 0.537267 1.40298 1.37104 1.08787 0.177826 -0.260792 -0.0852346 0.16063 0.0911244 
3.81609 2.92975 1.44621 0.64825 1.01577 1.47205 1.34745 0.0559221 -0.30989 0.00310653 0.194192 0.0887778 
4.17941 2.90174 1.71623 0.430203 1.52272 1.43057 1.62898 0.181394 -0.27081 -0.354697 0.314676 0.128685 
4.23934 3.12139 1.22876 0.658537 1.02515 1.67449 1.16594 0.524067 -0.184268 -0.336806 0.17345 0.0817126 
4.35711 3.11987 1.66404 0.31868 1.25128 0.969426 1.55178 0.556531 -0.133531 -0.573672 0.189286 0.0856581 
3.89771 2.75967 1.43403 0.626622 1.20227 1.13248 0.870627 0.471722 -0.060458 -0.328249 0.183934 0.0608518 
4.10297 2.85923 1.63202 0.587484 1.17416 1.14743 0.840026 -0.43069 0.0148389 -0.254992 -0.00471525 0.0262999 
4.38107 3.18554 1.88893 0.220648 0.570492 0.826133 0.378232 0.141894 0.187058 -0.253309 -0.0168551 -0.0071714 
4.55967 3.0215 2.09547 -0.14529 0.666278 0.575234 0.243813 -0.162322 0.134997 0.0543112 -0.0551417 -0.00397699 
4.41438 3.16716 1.67957 0.35595 0.613315 0.687378 0.117234 0.324829 0.321043 0.0668233 -0.0421855 -0.021512 
4.12476 3.18097 1.68036 0.475761 0.596573 0.515592 0.799318 0.668514 0.274984 -0.142037 0.0880093 0.00335316 
4.37634 3.32272 1.44624 0.0820541 1.51047 0.508287 1.24338 0.364002 0.361879 -0.121454 0.086882 0.0426881 
3.98154 2.89258 1.60938 0.527092 0.960837 0.852925 1.19354 0.22101 0.0704863 -0.111039 0.134642 0.0540712 
4.06062 2.96631 1.52376 0.344972 1.39185 0.667233 1.20124 0.54649 0.0537247 -0.291008 0.213059 0.0697124 
3.88456 3.24337 1.26514 0.642327 1.06352 0.971116 0.769017 0.353984 -0.10767 -0.175783 0.287563 0.0774653 
4.21163 3.10601 1.7464 0.110171 0.584426 0.338079 1.0258 0.0515416 0.175025 -0.361515 0.354181 0.112011 
3.7407 2.78114 1.69231 0.0174519 0.423706 -0.147929 0.869377 0.183743 0.064379 -0.209033 0.383552 0.091025 
3.94508 2.60261 1.51653 0.355588 0.561023 -0.436231 0.643302 -0.191617 0.0772038 -0.417402 0.405791 0.125939 