-188
-213
-287
-298
-299
-270
-246
-247
-126
-17
4
-135
-110
-144
-83
-77
-43
27
-36
-53
68
49
16
17
-44
11
20
-35
-35
-117
-110
-73
-71
82
105
194
213
148
50
50
54
-37
-33
-29
32
-13
-110
-212
-260
-224
-240
-122
53
254
380
398
376
286
191
60
-40
-45
-22
91
-53
-114
-190
-320
-353
-234
-102
-9
59
104
184
99
67
53
123
71
38
52
-21
-10
-61
-70
-20
-87
-148
-152
-129
-175
-226
-378
-376
-302
-329
-351
-332
-330
-297
-348
-328
-323
-351
-162
-5
22
77
50
-21
-70
-57
-104
-55
-9
-117
-68
-43
-95
-177
-152
-140
-99
-108
-119
-18
113
173
176
182
173
145
117
63
19
106
41
175
186
100
-4
-86
-149
-275
-289
-245
-224
-48
38
36
12
-46
-58
-56
32
46
35
73
83
74
36
-60
-67
-208
-243
-224
-284
-285
-370
-356
-251
-163
-111
11
59
171
74
50
26
-83
-83
-161
-22
42
243
237
172
133
110
247
303
394
410
253
226
84
49
52
168
312
470
481
414
307
209
298
172
336
440
564
574
520
527
433
288
209
163
196
195
183
233
284
249
191
179
145
63
92
147
155
232
290
304
222
-28
-75
-128
-188
-91
-85
8
-36
1
55
90
155
240
327
549
501
429
413
325
154
138
169
144
139
104
196
180
176
157
134
163
137
71
-106
-242
-317
-393
-380
-296
-275
-133
23
140
195
257
303
184
108
39
-22
-95
-18
-92
-198
-386
-501
-455
-430
-393
-416
-243
-111
-7
96
74
-16
-163
-339
-318
-223
-180
-216
-276
-240
-273
-292
-305
-323
-413
-421
-355
-233
-206
-209
-212
-173
-135
-97
19
46
146
217
255
91
36
102
148
215
272
376
501
609
589
694
717
750
626
539
575
408
315
248
235
349
536
741
870
938
947
910
959
824
800
740
665
632
631
598
439
440
440
462
436
383
358
306
303
139
131
151
182
213
102
239
206
246
180
209
265
308
302
281
284
333
284
284
249
167
137
130
223
183
314
494
569
623
499
423
439
388
350
386
370
272
246
158
58
-112
-184
-202
-381
-550
-844
-1011
-1054
-1294
-1454
-1594
-1644
-1537
-1427
-1425
-1405
-1512
-1655
-1809
-2035
-2017
-2092
-2185
-2265
-2233
-2149
-2062
-1884
-1809
-1726
-1568
-1341
-972
-702
-620
-428
-252
-141
32
258
466
714
880
995
993
1043
1037
985
1149
1123
1222
1191
1243
1224
1219
1278
1164
1324
1451
1587
1700
1741
1696
1541
1355
1221
994
899
969
857
752
646
544
340
158
230
196
124
105
-30
-132
-255
-391
-334
-426
-493
-368
-323
-310
-126
-74
-102
-54
-27
102
260
408
540
494
537
514
547
604
529
585
624
924
929
1077
1287
1162
1214
1231
1239
1157
1119
1107
922
797
654
505
250
-64
-262
-456
-673
-961
-1278
-1454
-1613
-1735
-1837
-2004
-1967
-1910
-1946
-2061
-2046
-2033
-2018
-2100
-2009
-2071
-2023
-1985
-1870
-1661
-1580
-1337
-1256
-1109
-1064
-1002
-1033
-977
-914
-832
-669
-517
-267
-157
81
320
471
802
929
1069
1136
1194
1362
1425
1447
1433
1421
1322
1287
1168
1111
1077
935
983
928
835
921
835
718
671
581
494
408
430
398
470
378
341
287
291
315
180
55
-63
-125
-174
-266
-426
-396
-507
-418
-396
-421
-305
-401
-373
-506
-553
-439
-297
-125
-19
138
235
349
337
444
621
714
774
804
864
812
864
906
945
1116
1246
1502
1679
1688
1807
1720
1624
1564
1419
1380
1250
1110
989
915
659
532
255
-109
-343
-583
-776
-1026
-1195
-1483
-1620
-1763
-1792
-1771
-1843
-1936
-1945
-1969
-1908
-1945
-2010
-1991
-2007
-1841
-1770
-1703
-1590
-1486
-1185
-1070
-995
-901
-985
-842
-704
-663
-546
-506
-454
-218
-178
-88
49
107
226
229
253
273
409
452
642
735
684
776
722
734
625
532
533
510
440
374
544
628
584
608
486
391
246
145
115
74
66
94
23
-8
-46
-140
-276
-343
-295
-341
-258
-162
-195
-210
-208
-245
-331
-343
-339
-352
-319
-293
-263
-206
-95
94
183
296
417
423
499
640
680
807
873
861
1032
1157
1332
1401
1520
1550
1531
1373
1478
1479
1456
1422
1329
1298
1253
1305
1199
1216
1273
1291
1294
1213
1189
1142
1056
963
959
906
907
933
902
890
790
718
644
642
616
648
493
431
256
125
-40
-228
-443
-597
-604
-658
-688
-787
-792
-845
-983
-882
-850
-882
-829
-664
-589
-595
-536
-545
-466
-482
-609
-643
-733
-757
-674
-794
-852
-772
-796
-935
-979
-992
-1022
-1151
-1214
-1116
-1064
-1044
-909
-807
-799
-691
-573
-468
-502
-448
-484
-596
-615
-696
-801
-853
-811
-713
-609
-604
-557
-367
-262
54
192
406
562
585
700
731
796
717
768
770
704
718
731
735
673
683
723
799
907
957
1100
1036
992
1003
910
836
830
858
731
691
714
594
542
579
655
625
455
416
437
425
360
396
468
561
692
746
789
754
671
573
438
490
468
401
384
271
263
304
296
366
525
555
567
516
479
516
488
366
471
598
609
736
851
987
1092
1089
931
766
653
432
395
319
303
181
155
118
-128
-313
-568
-719
-918
-950
-891
-905
-881
-868
-1066
-1227
-1353
-1446
-1504
-1510
-1521
-1385
-1461
-1486
-1583
-1620
-1541
-1507
-1617
-1621
-1557
-1630
-1670
-1769
-1741
-1802
-1664
-1471
-1333
-1152
-990
-770
-650
-457
-184
58
217
363
358
379
383
349
351
447
624
730
851
851
956
797
804
854
880
1099
1221
1338
1428
1432
1397
1364
1150
1086
1033
1141
1124
1131
1078
887
817
620
395
243
112
-1
10
-80
-51
-151
-227
-353
-456
-442
-426
-318
-137
-72
-123
-132
-196
-184
-260
-336
-335
-303
-90
22
127
58
-40
83
86
231
310
436
572
556
657
672
717
811
798
849
947
972
983
1031
1004
1048
1188
1140
1145
1069
897
796
775
772
867
963
1037
1067
1030
963
802
715
461
392
316
324
386
344
288
17
-249
-516
-774
-795
-835
-862
-862
-851
-910
-1029
-1141
-1231
-1238
-1173
-1106
-1111
-1031
-1111
-1198
-1283
-1459
-1477
-1503
-1580
-1529
-1546
-1519
-1515
-1514
-1431
-1276
-1207
-1030
-794
-783
-661
-549
-402
-314
-40
6
3
148
124
113
197
310
357
489
521
538
529
413
348
335
351
447
512
516
498
599
642
839
784
754
846
828
672
521
489
363
338
250
170
45
-49
-174
-260
-404
-277
-225
-137
-130
-115
-175
-304
-298
-273
-327
-275
-280
-249
-129
-58
-26
-30
2
-62
78
158
299
351
438
498
416
437
594
721
850
893
1003
1064
1089
1157
1136
1208
1133
1117
1158
1340
1305
1321
1413
1392
1372
1358
1352
1266
1259
1123
1047
877
718
674
709
813
887
914
859
703
423
264
131
-85
-161
-208
-384
-477
-667
-823
-905
-1051
-1106
-1231
-1314
-1358
-1387
-1391
-1404
-1510
-1632
-1677
-1646
-1516
-1409
-1449
-1361
-1401
-1401
-1302
-1266
-1186
-1082
-1015
-1010
-995
-1080
-1104
-1164
-1145
-1094
-934
-926
-738
-607
-542
-454
-510
-393
-348
-210
-82
103
242
268
293
249
270
167
259
165
105
17
-18
-48
-60
114
118
244
210
230
182
226
226
268
312
214
227
233
216
266
347
359
324
353
392
324
173
129
131
204
221
237
334
387
485
542
625
676
702
735
676
655
633
593
601
690
840
1028
957
888
891
802
665
606
641
710
834
921
1035
996
975
876
772
710
621
560
557
523
477
441
358
326
237
225
207
130
-51
-276
-272
-335
-354
-363
-305
-97
-15
224
129
-57
-147
-133
-177
-120
-77
-235
-259
-449
-540
-646
-743
-808
-872
-866
-858
-701
-699
-679
-726
-880
-975
-1146
-1191
-1252
-1296
-1356
-1402
-1372
-1328
-1351
-1316
-1542
-1622
-1575
-1548
-1490
-1220
-1173
-1128
-1042
-1061
-1024
-938
-814
-793
-677
-619
-550
-411
-346
-343
-277
-170
-87
32
161
222
229
198
220
292
391
337
269
299
382
410
470
459
561
633
750
755
736
786
712
722
659
597
531
507
402
241
91
62
36
-25
3
9
124
100
113
102
31
-68
-55
20
-44
-28
-87
-211
-268
-277
-206
-147
-157
-214
-170
-90
-23
104
172
176
136
166
120
147
234
338
461
403
355
429
451
525
551
619
640
555
500
427
419
447
473
492
390
295
149
-24
-91
-162
-182
-132
-84
10
36
69
-63
-170
-135
-227
-203
-211
-165
-213
-284
-471
-664
-729
-820
-912
-963
-914
-980
-1049
-1051
-1258
-1221
-1399
-1540
-1572
-1551
-1429
-1420
-1328
-1359
-1286
-1293
-1489
-1502
-1504
-1406
-1339
-1246
-1117
-1124
-1042
-1025
-1044
-956
-858
-796
-617
-469
-470
-351
-323
-208
-121
-116
-32
47
80
63
181
325
302
299
366
346
381
378
375
315
418
448
431
474
521
617
639
693
491
403
276
312
345
293
276
158
186
144
187
213
128
225
394
484
676
840
902
774
811
695
528
501
559
657
809
905
874
951
905
843
683
570
476
518
546
579
726
737
775
833
799
933
1063
977
984
947
952
867
785
790
801
784
661
625
522
446
474
443
481
480
380
187
-62
-160
-313
-364
-391
-442
-304
-198
-218
-282
-315
-471
-531
-562
-526
-424
-481
-546
-630
-824
-913
-1097
-1221
-1321
-1455
-1371
-1432
-1357
-1329
-1370
-1388
-1512
-1423
-1380
-1169
-1099
-1071
-1087
-1323
-1327
-1296
-1284
-1187
-1088
-1030
-929
-807
-704
-715
-659
-632
-554
-324
-229
-211
-185
-161
-182
-304
-443
-484
-495
-412
-240
-95
38
188
170
207
223
185
112
-11
-52
-65
6
22
44
96
97
186
233
397
537
555
503
349
307
257
308
282
266
159
224
262
172
178
-2
-51
25
268
429
684
777
662
700
668
752
802
928
957
979
978
1185
1155
1151
1175
1078
1090
911
1004
1119
1173
1226
1221
1280
1166
1142
1193
1097
859
728
704
658
775
857
875
926
1040
976
900
854
785
646
501
347
254
148
-54
-140
-307
-505
-586
-582
-395
-269
-116
-139
-253
-462
-703
-796
-936
-995
-999
-1042
-1078
-1098
-1207
-1371
-1533
-1563
-1551
-1494
-1450
-1490
-1482
-1588
-1613
-1566
-1412
-1298
-1180
-1178
-1015
-1031
-1212
-1217
-1167
-1080
-1062
-1043
-1052
-792
-572
-551
-516
-481
-551
-461
-481
-552
-538
-368
-375
-382
-249
-219
-94
-235
-299
-283
-331
-392
-327
-239
-214
-78
10
-46
11
22
-126
-151
-155
-157
-193
-196
-165
-192
44
141
-193
-306
-441
-490
-574
-510
-276
-288
-234
-252
-88
-149
-181
-66
-55
123
356
765
1057
1358
1509
1711
1925
2063
2227
2181
2230
2241
2218
2210
2162
2165
2178
2069
1974
1889
1514
1315
1224
1207
1075
904
694
382
314
342
443
447
329
43
-258
-491
-696
-910
-1076
-1332
-1472
-1274
-1248
-1157
-1096
-1239
-1293
-1338
-1363
-1331
-1414
-1560
-1634
-1705
-1530
-1249
-1013
-888
-885
-1014
-1233
-1263
-1216
-1097
-1024
-929
-1005
-968
-850
-881
-961
-1024
-969
-905
-807
-955
-986
-1085
-951
-605
-339
-3
196
277
71
37
3
13
130
146
203
300
606
630
436
297
147
124
244
468
552
507
332
180
278
443
620
595
464
646
878
982
1067
984
1064
1131
1145
1244
1318
1374
1239
1126
975
993
1061
948
840
869
857
1192
1524
1852
2024
2049
2130
2162
2400
2547
2649
2562
2397
2284
2085
1928
1633
1337
967
578
337
107
-206
-537
-1007
-1454
-1877
-2259
-2488
-2847
-3202
-3421
-3512
-3611
-3496
-3437
-3358
-3204
-2995
-2739
-2342
-1926
-1487
-1002
-447
161
701
1166
1431
1739
1808
1723
1553
1275
1037
551
-20
-364
-659
-858
-948
-1026
-1244
-1630
-1883
-2096
-2235
-2403
-2468
-2388
-2128
-1696
-1204
-728
-108
432
635
775
980
944
828
606
563
764
762
634
392
428
469
589
693
837
1033
1295
1496
1502
1476
1356
1105
821
757
766
861
937
1068
1197
1289
1162
1039
1043
919
782
729
799
884
1070
1338
1453
1520
1623
1745
1714
1600
1852
2055
2365
3061
3732
4186
4285
4115
4019
3712
3344
2678
1713
766
-112
-812
-1587
-2345
-3120
-3943
-4713
-5537
-6116
-6727
-7364
-7932
-8105
-7909
-7517
-6895
-6324
-5765
-5047
-3833
-2554
-1337
-284
480
1417
2302
3080
3700
4291
4618
4956
5441
5611
5614
5392
4791
4006
3110
2242
1359
290
-1085
-2514
-3696
-4720
-5381
-6024
-6641
-7095
-7123
-6828
-6202
-5462
-4750
-3881
-3034
-1898
-452
1115
2251
3222
3884
4491
4975
5286
5417
5250
4942
4757
4887
5123
4977
4567
4012
3325
2912
2691
2383
1736
798
39
-475
-859
-913
-999
-1121
-1118
-818
-298
182
371
449
612
922
1268
1588
1968
2162
2496
2855
3248
3699
3959
4180
4308
4727
5193
5485
5353
4744
4016
3412
2926
2130
983
-449
-1897
-2984
-4197
-5603
-7135
-8782
-10170
-11207
-11805
-12094
-12414
-12708
-12808
-12126
-10682
-8944
-7301
-5954
-4441
-2298
224
2850
4807
6078
7252
8543
9932
10860
11188
10716
9965
9141
8517
7726
6508
4836
2787
961
-625
-2108
-3868
-6246
-8529
-10467
-11594
-12247
-12625
-12848
-12784
-12147
-10836
-9161
-7578
-5787
-3846
-1771
557
3086
5383
7242
8640
9830
10795
11590
11844
11502
10609
9732
8840
7793
6648
5174
3662
2446
1525
703
-98
-1000
-1719
-2171
-2451
-2524
-2409
-2275
-2230
-1969
-1404
-490
203
643
1094
1731
2727
3694
4421
4545
4636
4968
5270
5617
5831
5828
5912
5963
5919
5909
5680
4775
3230
1382
-135
-1232
-2493
-4459
-6839
-8736
-9702
-9956
-10221
-11147
-12284
-12879
-12882
-12590
-12359
-12064
-11834
-11138
-9586
-7325
-4386
-1806
242
1930
3846
6338
8899
10600
10892
10836
11029
11456
11601
10529
8532
6248
4278
3021
1844
124
-1805
-4046
-6054
-7151
-7622
-8006
-8912
-10193
-10921
-10622
-9625
-8551
-7943
-7472
-6207
-4013
-1658
637
2460
3973
5599
7264
8675
9623
9665
9006
8055
7168
6439
5353
3850
2006
306
-444
-520
-595
-951
-1416
-1383
-758
225
921
1142
1369
1899
2660
3571
4153
4243
4296
4184
4114
4229
4211
3918
3289
2490
2093
2148
2083
1597
871
489
731
1469
2193
2322
2489
3017
3843
4651
4765
3675
1837
277
-684
-1551
-3118
-5276
-7282
-8374
-8535
-8467
-8837
-9913
-10987
-11492
-11376
-10704
-10313
-10445
-10856
-10416
-8587
-5912
-3299
-1793
-775
737
3277
6427
8656
9461
9017
8524
8716
8866
8363
6302
3451
894
-555
-992
-1804
-3127
-4745
-6027
-6301
-5689
-4960
-5147
-6041
-6928
-7023
-6190
-5264
-4599
-4316
-3752
-2246
176
2583
4050
4806
5234
5795
6687
7156
6716
5396
3606
2170
1352
694
-314
-1429
-2230
-2249
-1203
222
1096
1445
1715
2604
3700
4536
4731
4230
3862
3963
4381
4700
4627
4257
3607
3275
3298
3264
2777
1685
466
-491
-1037
-1281
-1679
-2246
-2549
-2068
-816
736
2160
3479
4823
6268
7856
8572
7802
5824
3684
2208
844
-1113
-3831
-6472
-8133
-8638
-8476
-8654
-9414
-10411
-10961
-10888
-10189
-9493
-9494
-10096
-10168
-8641
-5628
-2512
-291
1140
2860
5609
9023
11593
12163
11169
9790
9082
8564
7348
4973
1566
-1324
-2896
-3253
-3226
-3895
-4993
-5957
-6050
-4996
-3682
-3557
-4591
-5737
-5981
-5156
-3763
-2909
-2591
-2079
-450
2134
4613
6303
6929
7219
7084
6857
6341
4733
2340
-428
-2716
-4006
-4503
-4764
-5124
-5153
-4129
-2163
89
1923
3094
4044
5325
6711
7595
7529
6653
5742
5225
5294
5295
4990
4314
3463
2767
2241
1640
564
-1064
-2831
-4340
-5112
-5694
-6520
-7134
-7190
-6270
-4216
-1869
190
2116
4051
6359
8602
10350
10420
8708
5828
3379
2024
741
-1362
-4638
-7523
-8709
-8140
-7556
-8349
-10326
-12331
-13229
-13205
-12598
-12325
-12937
-13262
-11885
-8124
-3109
1341
3995
5790
8019
11081
14275
15532
14114
10987
7925
6345
5372
3696
729
-2671
-4596
-4229
-2535
-1571
-1629
-2647
-3454
-3030
-2148
-1752
-2935
-5004
-6524
-6213
-4449
-2498
-1120
-265
1165
3699
6852
9259
9868
8863
7316
5724
4216
2284
-631
-3959
-6410
-7338
-6785
-5568
-4490
-3510
-2183
110
3272
5999
7352
7607
7727
8075
8614
8602
7749
6201
4803
4277
4369
4304
3587
2381
960
-302
-1324
-2383
-4030
-6005
-7898
-9094
-9358
-8977
-8470
-7744
-6315
-3709
-269
3181
5969
8021
9739
11409
12960
13829
12698
9675
5907
3043
1603
68
-2565
-6162
-9066
-9946
-9481
-9330
-11037
-13885
-16485
-17734
-17438
-16564
-15929
-15682
-14626
-11081
-4910
1891
7090
10134
11979
14233
17089
18955
18238
14773
9981
6262
4188
2668
358
-3052
-6061
-7100
-5684
-3631
-2786
-3554
-4834
-5429
-4928
-3966
-3962
-5197
-6345
-6006
-3967
-1268
1302
3307
4955
7041
9442
11243
11389
9722
6971
4124
1682
-535
-2975
-5688
-7624
-7899
-6759
-4899
-3033
-1604
-191
1607
3776
5796
6821
6864
6563
6642
7095
7450
7212
6310
5482
5188
5323
5132
4203
2751
1171
-102
-1309
-2738
-4520
-6416
-7854
-8784
-8818
-8329
-7427
-6029
-4121
-1402
1608
4802
7655
9672
11383
12856
13984
14172
12473
8686
4442
1470
-536
-2773
-6007
-9361
-11593
-12169
-12196
-12845
-14363
-16339
-17604
-17837
-16755
-14869
-13039
-11245
-8764
-4172
2215
8368
12557
14372
15224
15905
16687
15904
12756
7808
2758
-568
-2144
-3222
-4916
-6802
-7903
-7071
-4875
-2716
-2031
-2607
-3346
-3300
-2425
-1648
-1849
-2891
-3319
-1994
704
3615
5870
7087
7771
8516
9296
9128
7311
4087
753
-2081
-3972
-5580
-7103
-8275
-8374
-6878
-4536
-2114
-213
1285
2456
3662
4997
5915
5978
5542
5223
5608
6455
7013
7078
6394
5667
5377
5180
4355
2819
1010
-840
-2424
-3538
-4672
-5941
-7110
-8111
-8464
-7969
-6663
-5193
-3683
-1736
1039
4468
8072
10972
13215
15026
16307
17093
16229
12936
8188
3664
212
-2734
-6139
-9985
-13004
-14458
-14733
-14897
-15732
-16796
-17621
-17541
-16499
-14364
-11662
-9125
-6365
-2432
3331
9747
14557
16952
17411
17052
16287
14549
10960
5576
-307
-5189
-8013
-9033
-9465
-10145
-10494
-9522
-6835
-3436
-1300
-942
-1745
-2485
-2064
-880
-277
-737
-1247
-656
1523
4467
6938
8170
8454
8313
8155
7609
5631
2249
-1886
-5597
-7641
-8625
-9326
-9876
-9654
-7548
-4281
-771
1758
3297
4185
5081
5957
6579
6911
6688
6292
6253
6939
7660
7945
7223
6018
4950
4333
3356
1687
-469
-2613
-4020
-4874
-5614
-6631
-7681
-8405
-8199
-7251
-5840
-4041
-2332
-385
2084
5389
8867
11762
13943
15254
16793
18053
18143
15671
10480
4761
107
-3202
-6902
-11304
-15834
-18481
-18572
-17517
-16662
-16879
-17418
-17326
-15685
-12514
-9005
-6004
-3821
-1070
3946
10873
17052
20098
19878
17995
16271
14498
11291
5638
-1771
-8511
-12537
-13607
-13279
-12933
-12923
-12003
-9100
-4334
163
2306
2104
884
302
999
2587
3300
2890
2287
3265
5927
9058
10729
9924
7654
5313
3654
1766
-1198
-5283
-9330
-11849
-12209
-11151
-9837
-8681
-7157
-4593
-1008
2242
4204
4739
4454
4488
5204
6361
7155
7410
7485
7921
8951
9800
9578
7883
5381
3154
1551
-57
-1991
-4170
-5870
-6328
-6276
-6048
-6204
-6753
-6988
-6851
-6123
-5090
-3641
-1838
459
3781
7778
11899
15115
16931
17829
18557
18887
17430
12759
5841
-847
-5361
-8285
-11552
-15596
-19020
-19797
-18217
-15652
-14260
-14179
-14767
-14602
-12574
-8864
-4612
-1630
370
3291
8717
15411
20549
21739
19117
15103
11541
8369
3855
-2759
-10255
-15972
-18130
-16910
-14203
-11846
-10176
-8107
-4372
720
4840
6596
5866
4246
3876
5278
7518
8260
7283
5992
6121
7606
8631
7625
4412
329
-2856
-4982
-7026
-9468
-12182
-14160
-14201
-12028
-8811
-5944
-3911
-1754
1277
5019
8039
8952
8537
7662
7625
8435
8881
8365
7229
6333
6395
7198
7461
6424
4458
2622
1978
1848
1312
-164
-2206
-3829
-4671
-4801
-5401
-6764
-8232
-9114
-8807
-7613
-5947
-3783
-1108
2127
6505
11057
15324
18472
19986
20213
19265
16530
10984
3721
-3107
-7786
-11081
-14049
-16892
-18271
-17301
-15229
-13463
-13165
-13695
-14055
-13453
-11580
-8650
-5304
-2090
1361
5890
11612
17023
19909
19248
16001
11682
7202
2063
-4396
-11790
-18192
-21638
-21401
-18411
-14672
-11070
-7200
-2096
3755
8550
11177
11555
10922
10621
11069
11845
11834
10422
8531
6797
5833
4737
2777
-357
-4141
-7215
-9054
-10113
-11285
-12668
-13470
-12649
-10113
-7120
-4887
-3251
-1561
987
4131
7058
8993
9715
9744
9915
10433
10727
9929
7918
5381
3390
2490
1998
1093
-499
-1509
-1045
598
2079
2525
2026
1227
623
173
-675
-2482
-5246
-7820
-8757
-7888
-5964
-3620
-1442
1424
5689
10706
14862
17127
18055
18238
17766
16170
12072
5543
-1723
-7511
-10811
-12839
-14726
-16565
-17189
-16028
-13342
-10773
-9936
-10623
-11514
-10932
-8817
-5596
-2721
-881
1240
5176
10556
14796
16028
14177
10559
6576
2569
-1727
-7055
-13014
-17799
-19784
-18502
-15081
-11563
-8805
-5659
-992
4840
9746
12352
13011
13172
13817
14667
14626
12841
9917
6714
3853
1199
-1338
-3649
-5900
-7858
-9076
-9010
-8303
-7903
-8101
-8365
-7745
-6318
-4963
-4319
-3807
-2019
1198
4811
8153
10619
12238
12884
12754
11575
9396
6265
2653
-283
-1910
-2066
-1397
-347
785
2366
4634
6639
7134
5920
3683
871
-1475
-3188
-4505
-5701
-6781
-7119
-6284
-4179
-1432
672
2186
4043
7014
10830
14089
16126
16890
17060
16866
15220
10914
3227
-5880
-13252
-17645
-19864
-21504
-22330
-21511
-18202
-13034
-8525
-5995
-5750
-6822
-7394
-6480
-4297
-2581
-1804
-618
2942
8893
14188
16281
14921
11201
6842
2552
-2304
-8272
-14771
-19912
-21604
-19269
-14422
-9313
-5283
-1341
3612
9210
13438
14986
14222
12512
11541
11612
11648
10046
6959
3749
1415
-10
-1416
-3551
-6181
-8396
-9340
-8971
-8055
-7880
-8380
-8733
-7509
-5008
-2763
-1520
-1088
60
2607
5957
8737
9774
9376
8488
7779
7312
6072
3707
773
-1313
-1468
-26
1858
2864
3116
3775
5325
7061
7828
6782
4387
1906
-103
-1343
-2184
-3501
-5224
-6855
-7356
-6241
-4115
-1517
1146
4476
8888
14075
18803
21872
22780
21582
18147
12400
4066
-5889
-15271
-22146
-25854
-26899
-25747
-22519
-17471
-11636
-6594
-3375
-2335
-3204
-4619
-5452
-5172
-3935
-2510
-784
2262
6826
11633
14205
13536
10128
5216
341
-4566
-9873
-15242
-19265
-20511
-18006
-13176
-8141
-3914
-462
3573
8304
12301
14280
14199
13291
12679
12732
12980
11937
9136
5040
748
-2687
-5116
-7439
-9629
-11433
-11646
-9778
-6844
-4164
-2885
-2651
-2519
-2012
-1291
-1433
-2312
-2963
-2253
350
4060
7656
9989
10770
10520
10021
9032
6966
3845
465
-1810
-1949
-399
1656
3498
4839
6260
7822
8862
8516
6442
3245
22
-2282
-3602
-4613
-5824
-6934
-7229
-6123
-4008
-1515
953
3695
7587
12081
16238
18922
19997
19304
16826
12237
4930
-4693
-14513
-21290
-24353
-24827
-23844
-21605
-17670
-11921
-6105
-2285
-963
-1961
-4071
-5377
-5055
-3243
-1151
312
1977
5236
9561
12539
12207
8106
2239
-3097
-6946
-9928
-12957
-15872
-17404
-15660
-10884
-5232
-1228
775
2719
5746
9797
12977
14198
14138
13612
13470
13333
12491
10111
5830
453
-4563
-8100
-9993
-11051
-11899
-11759
-10000
-6705
-3140
-1083
-970
-1884
-2555
-2517
-2492
-2587
-2635
-1847
173
3160
6575
9121
9914
9095
7560
6264
5156
3432
1327
-90
-42
1607
3891
5753
7009
7457
7512
7386
6658
5143
2692
-24
-2323
-3211
-3467
-3893
-5181
-6746
-7042
-5741
-3332
-912
1508
4561
8900
14041
18616
21287
21525
19299
14550
6973
-2772
-12691
-20450
-25256
-27078
-26336
-23290
-18425
-12758
-7445
-3749
-1752
-1578
-2563
-3689
-3872
-2656
-904
1026
3318
6231
9247
10946
10286
6894
2167
-2690
-6727
-9792
-12272
-13941
-14575
-13493
-10370
-6465
-3442
-1352
786
4152
8319
12335
14957
16099
16420
16315
15604
13348
9041
3259
-2786
-7867
-11372
-13291
-13585
-12336
-10051
-6917
-3447
-219
1893
1981
641
-900
-1299
-1003
-540
-28
1066
2958
5201
7027
7711
6971
5240
3254
1408
170
-528
-638
-160
1191
3243
5298
7073
8198
8654
8546
8015
7302
6154
4195
1761
-696
-2491
-3591
-4538
-5958
-7731
-8662
-8164
-5978
-2854
1108
5463
9802
14252
18298
21217
22042
19408
12763
2988
-7579
-16333
-22163
-25618
-27492
-27280
-24140
-18614
-12601
-8147
-6102
-5851
-5938
-5082
-2904
-54
2276
3775
5517
8270
11767
13689
12174
7728
2238
-2285
-5273
-7417
-9663
-12174
-14028
-14025
-11883
-8771
-6815
-6585
-6252
-3432
1980
8069
12784
15293
16435
17132
17657
16905
13651
7672
576
-5348
-8860
-10478
-11390
-11900
-11267
-9198
-6034
-2758
-545
94
-536
-1055
-684
509
1752
2429
2721
3307
4562
5960
6241
4951
2760
837
-2
511
1482
2114
2418
3362
5247
7416
8908
9108
8457
7809
7912
8299
8045
6479
3975
1306
-748
-2108
-3172
-4800
-7220
-9329
-9819
-7756
-3942
155
3929
7945
12756
17147
20078
20632
18429
13296
5377
-3630
-11445
-16848
-21019
-24609
-26752
-26093
-22644
-18142
-14778
-12711
-10987
-8604
-5036
-544
4303
7946
9524
9799
10440
11444
11249
8667
4144
-309
-3050
-3936
-4108
-4900
-6598
-8821
-10496
-10987
-10846
-11252
-12009
-11534
-8172
-1611
6299
13208
17447
19061
18896
17994
15945
12010
6064
-734
-5976
-8514
-8719
-8429
-8602
-8891
-8385
-6761
-5224
-4612
-4796
-4985
-4206
-1773
1557
4616
6238
6566
6361
6145
6021
5319
3734
1750
245
463
1987
3687
4405
3924
3205
3270
4247
5064
5268
5337
6166
7911
9664
10383
9562
7290
4334
1631
-634
-2625
-4736
-7122
-8759
-8694
-6644
-3650
-1167
813
3329
7068
11367
14539
15544
13901
9952
4353
-1581
-6628
-10460
-14363
-18881
-22515
-23719
-22421
-20538
-19530
-18912
-17132
-12985
-6598
712
7068
10803
12031
11997
12155
11926
9800
5488
530
-2786
-3581
-2454
-1067
-953
-2401
-4574
-6208
-7371
-9119
-12014
-14726
-14532
-10102
-2440
5637
11857
15603
17283
17711
17109
14851
10460
4231
-1917
-5640
-6686
-6330
-6511
-7711
-8994
-8992
-7581
-5960
-5287
-5635
-5510
-3660
-78
3725
6072
6603
6204
5743
5742
5870
5185
3551
1743
962
1548
2877
3775
3438
2438
1620
1744
2774
4043
5071
5767
6845
8647
10813
11969
11128
8607
5641
3465
1982
431
-1946
-4704
-6428
-6543
-5385
-4067
-2924
-1686
186
3226
6731
9808
11184
10166
6716
2017
-1885
-4554
-7087
-10708
-14945
-18196
-19790
-20229
-20833
-21688
-21560
-19540
-14951
-8016
211
7457
11816
13392
13641
13036
11464
8394
4021
142
-2100
-2196
-593
1339
1925
117
-3112
-6130
-8146
-10451
-13321
-15497
-14369
-9007
-1395
5865
11004
14073
15726
16089
14713
11802
7877
3826
524
-1459
-2169
-2476
-3861
-6308
-9320
-11568
-11982
-11028
-9502
-7402
-3982
52
4053
6658
7179
6331
4992
3898
3199
3214
3721
4103
4470
4735
5221
5208
3950
2012
549
123
616
1742
3463
5878
8341
10320
11272
11033
10013
8353
6472
4672
3452
2600
1410
-498
-2668
-4208
-5118
-5477
-5784
-5309
-3392
-229
2980
5513
7471
7985
6036
1470
-3227
-5613
-5929
-6400
-8432
-11244
-13256
-14264
-15849
-18822
-22115
-23511
-21632
-16084
-7702
822
7269
10661
12194
13156
13516
12146
8618
4265
1260
758
1992
3205
2662
148
-3615
-7011
-8938
-10186
-11602
-12810
-12096
-8153
-1713
5226
9938
11216
10197
9052
9148
9980
9906
8258
5896
4337
3569
2713
507
-3938
-9010
-12846
-13966
-12423
-9731
-7022
-4721
-2049
1104
3861
5111
4586
3015
1888
2419
4490
6983
8428
8503
7686
6819
6436
5685
4118
2088
828
1355
3403
5822
7318
7523
7033
6821
7165
7576
7367
6398
5187
4353
4248
4335
3777
2127
-114
-2392
-3673
-3722
-3092
-2097
-801
1247
4111
6758
7098
3854
-1629
-6104
-7784
-7786
-8332
-10030
-12230
-13745
-14764
-16093
-18004
-20231
-21423
-20270
-15497
-7675
440
5912
8348
9451
10455
11199
10785
8460
5239
2951
2653
3742
4739
3767
34
-5073
-9173
-11221
-12151
-12677
-12869
-11002
-6488
-695
4388
6879
6652
5384
4993
6406
8516
9848
9765
8818
7851
7040
5380
1717
-3602
-8983
-12136
-12398
-10552
-8349
-6898
-5648
-3893
-1522
694
1693
1471
916
1364
3517
6419
8816
9612
8878
7790
7305
7250
6605
5059
3369
2766
3673
5233
6093
5739
5066
4848
5414
6337
6788
6202
4824
3764
4016
5242
6303
6015
4063
1809
604
539
664
194
-544
-628
535
2829
4670
3896
35
-5090
-8235
-8033
-6477
-6468
-9083
-12840
-15540
-16560
-17147
-18719
-20951
-21607
-18634
-11104
-1998
4805
7274
6237
5416
5978
7053
6962
5017
2762
2405
5024
8741
10615
7969
1479
-5601
-10133
-11588
-11935
-11982
-11512
-8947
-4037
1645
5655
6014
3334
181
-285
2735
7296
10426
10673
9054
7368
6416
5057
1954
-3061
-7858
-10124
-8922
-5542
-3219
-3245
-5064
-6590
-6070
-3971
-1699
-650
-476
739
3709
7401
9548
8815
6096
3996
4058
5918
7784
8377
7645
6506
6087
6258
6400
5587
3889
2789
3438
5466
7406
7718
6153
3702
1916
1509
1988
2248
1842
1277
1567
2923
4336
4322
2435
-73
-1297
-1604
-2303
-4157
-5988
-5524
-2889
-372
-345
-3682
-9279
-14876
-19361
-22536
-24550
-25459
-24502
-20628
-13233
-4560
2222
5094
4618
3488
3246
4092
5141
5337
4996
5280
7042
9435
10677
8689
3633
-2139
-6458
-8317
-8876
-9450
-9861
-9180
-6644
-2642
844
2454
2112
1222
1937
4531
7747
10050
9846
7408
4159
1968
1330
1061
-212
-2258
-3690
-3447
-2098
-1493
-2804
-5295
-7362
-7797
-5936
-2730
168
1990
3009
4141
5487
6281
5675
3858
2345
2794
5467
8578
10504
10321
8590
6947
6064
5883
6125
6379
6692
7367
8615
9726
9642
7461
3925
709
-668
-240
854
1695
1954
2181
2652
3232
3302
2337
436
-1288
-2036
-2397
-3137
-4823
-6118
-5951
-4228
-2453
-2124
-3902
-7345
-11415
-14951
-17712
-20419
-22742
-23816
-21768
-16521
-10141
-4390
-757
1553
3305
4470
5220
5297
4802
4515
4664
5880
7297
7981
7243
4996
1984
-1344
-4365
-6835
-8372
-8801
-8105
-6442
-4108
-1745
226
1339
2121
3049
4203
5618
6684
6971
5948
3886
1761
155
-642
-943
-1463
-2195
-3016
-3449
-3481
-3558
-3993
-4745
-4905
-3885
-1756
715
2499
3211
3044
2526
2014
1429
987
1008
1937
3820
6065
7924
9264
9906
9623
8754
8112
8309
8684
8943
9040
9379
9932
9729
8087
5598
2987
1103
-70
-849
-1429
-1958
-2403
-2214
-1325
-234
622
708
627
414
-208
-1852
-4099
-5539
-5031
-3260
-1817
-1930
-3913
-6809
-9716
-12340
-15401
-18977
-22168
-23218
-21086
-16555
-11775
-8573
-6706
-4919
-2116
1472
4339
5495
5413
5543
7200
9700
11216
10452
7702
4657
2379
1075
-114
-1957
-4070
-5160
-4952
-3773
-2421
-2298
-3250
-3990
-3127
-804
1836
3689
4450
4792
4791
4685
4032
2909
1742
569
-358
-1063
-1718
-2471
-3472
-4434
-4751
-3902
-2359
-757
658
1769
3049
3853
3257
1776
-88
-1504
-1830
-1132
599
2568
4656
6668
8809
10533
11025
10462
9524
9322
9548
9843
9840
9637
9409
9110
8359
6906
5134
3490
2090
773
-685
-2509
-4561
-6179
-6768
-5937
-4132
-2160
-546
121
-152
-1041
-1942
-2371
-2498
-2681
-3065
-4014
-5112
-5956
-6921
-8376
-11051
-14460
-17218
-18227
-17520
-16407
-15470
-14384
-12534
-9706
-6461
-3163
-268
1990
3775
5818
8537
10530
10789
9177
7150
5638
4426
2920
1019
-224
-353
728
1901
2352
1949
196
-2194
-3910
-3864
-2360
-763
171
565
1477
3038
4219
4242
3094
1659
776
580
467
-24
-1300
-2715
-3485
-3215
-1772
-135
1464
2910
4212
5789
7021
7249
5868
3145
484
-1083
-1129
-322
503
1124
2170
3773
5589
6818
7207
7191
7038
7303
7829
8248
8202
7579
6572
5521
4950
4616
4526
4055
2882
1308
-786
-2841
-5027
-6660
-7135
-6781
-5675
-4076
-2389
-1157
-527
-608
-767
-355
513
1087
773
-250
-1131
-1624
-1929
-2892
-4897
-7471
-9574
-10295
-10313
-10058
-9929
-9954
-9687
-8957
-7394
-5285
-3184
-1496
113
1905
3544
4459
4031
2863
1115
-894
-2643
-3639
-3456
-2198
-617
849
1761
2039
1973
973
-412
-1513
-1979
-1467
-325
713
1517
2006
2330
2305
2111
2132
2168
1632
928
114
-873
-2128
-3598
-4613
-4874
-4119
-2913
-1310
670
2808
4808
6055
6165
5219
3740
2613
1927
1330
583
-1
102
708
1400
1924
2726
3727
4548
5171
5753
6526
6913
6524
5186
3672
2983
3261
4075
4695
4743
4296
3267
1636
-389
-2392
-3900
-4940
-5215
-4547
-2923
-1272
18
1025
2192
3751
4673
4399
3305
2322
2186
2355
2273
1247
-816
-2888
-4609
-5694
-6547
-7644
-9149
-10994
-12449
-13167
-12948
-12001
-10735
-8948
-6547
-4095
-2060
-856
-763
-1595
-3003
-4667
-6141
-7139
-7256
-6190
-4597
-3077
-1738
-463
887
1844
2269
2203
1903
1861
2067
2224
2451
2695
2739
2646
2692
3107
3704
4089
3954
3469
3049
3015
3212
3105
2148
1469
1377
1993
3130
4135
5181
6112
6832
7019
7026
6655
5762
4312
2503
846
-590
-1600
-2175
-2235
-1570
65
2287
4501
6124
6999
7185
6515
5167
3435
1934
1193
1445
2083
2477
2108
925
-799
-2222
-3268
-4006
-4524
-5103
-5101
-4191
-2811
-1279
-53
848
1639
2195
2599
2591
1910
730
-372
-1297
-2169
-3237
-4571
-5663
-6594
-7328
-7748
-8530
-9902
-11876
-13513
-14087
-13577
-12251
-10274
-7825
-4929
-1883
633
2229
2649
2043
794
-478
-1545
-2320
-2709
-2564
-1949
-1054
23
1155
2190
2824
3426
3966
4324
4248
3444
2442
1601
1248
1193
951
691
641
1214
2378
3759
4761
5249
5476
5429
5391
5277
5045
4563
4053
3717
4100
4978
5725
6001
6064
5833
5399
4612
3432
1923
225
-940
-1409
-1045
-118
1132
2345
3864
5393
6762
7293
6750
5646
4661
4132
4116
4350
4049
3091
1729
400
-907
-2427
-4358
-5930
-6447
-5848
-4613
-3400
-2428
-1933
-1733
-1208
-155
1246
2122
1911
757
-743
-2048
-3440
-5215
-7250
-8900
-9607
-9194
-8153
-7249
-7147
-7984
-9383
-10525
-11011
-11063
-10855
-10524
-9331
-7103
-4190
-1347
792
2244
3155
3731
3751
3297
2304
1283
570
194
112
426
1179
1993
2829
3634
4153
4348
4450
4082
3377
2405
1117
-193
-1393
-2369
-3213
-3732
-3929
-3464
-2123
-155
1905
3769
5060
5852
6394
6475
6238
5668
5000
4372
4047
4143
4387
4413
4103
3477
3080
2862
2524
2018
1519
1458
1643
2119
2704
3501
4591
5735
6629
7307
7880
8237
8555
8527
8429
7804
6526
4453
1887
-502
-2378
-3420
-3964
-4227
-4426
-4841
-5360
-5369
-4889
-4047
-2994
-1912
-622
509
716
153
-1222
-3298
-5694
-8254
-10503
-11957
-12213
-11300
-9893
-8570
-7747
-7625
-7639
-7902
-8382
-8950
-9137
-8538
-7453
-5907
-4136
-2390
-846
477
1863
3189
4304
4804
4744
4554
4502
4406
4132
3710
3115
2701
2884
3393
4059
4414
4464
3986
3287
2579
1806
1067
40
-1185
-2614
-3825
-4533
-4462
-3921
-2922
-1573
290
2666
5005
6798
7822
8152
7928
7603
7040
6454
5524
4446
3420
2679
2324
2153
2029
1935
2153
2393
2906
3538
4048
4568
4982
5478
6101
6658
7080
7387
7689
8002
8249
8211
7392
5745
3727
1842
536
-493
-1505
-2486
-3720
-5164
-6848
-8240
-8947
-8951
-8495
-7735
-6584
-5311
-4207
-3660
-3999
-5106
-6866
-8753
-10546
-11972
-12899
-13386
-13288
-12670
-11609
-10288
-8879
-7639
-6737
-6044
-5138
-4001
-2969
-2241
-2053
-2004
-1821
-1122
-170
740
1470
2161
3078
4141
5320
6035
6226
6270
6395
6859
7635
8050
7763
6996
6186
5409
4715
3927
2945
1874
1268
965
680
62
-1110
-2359
-3017
-3051
-2670
-1712
-468
1279
3277
5339
7159
8422
9123
9202
9030
8484
7703
6761
5592
4432
3375
2271
1200
164
-488
-620
-59
844
1851
2652
3387
4440
5291
6003
6518
6867
7258
7519
7224
6350
4938
3322
1674
226
-874
-1842
-2727
-3725
-4668
-5673
-6827
-8222
-9801
-11232
-11839
-11570
-10828
-10125
-9779
-9656
-9469
-8826
-8142
-7683
-7972
-8620
-9462
-9930
-9976
-10140
-10272
-10397
-9830
-8268
-6430
-4591
-3074
-1673
-495
295
656
693
717
850
1294
1842
2335
2867
3303
3612
3948
4353
4779
5505
6723
8138
9667
10650
10547
9595
7971
6504
5206
3945
2760
1677
1003
739
749
326
-595
-1728
-2736
-3067
-2565
-1388
29
1439
2818
4456
5900
6836
7070
6714
6515
6417
6399
5902
5095
3989
2761
1482
246
-663
-1527
-1862
-1811
-1214
-336
621
1515
2390
3453
4819
6075
6892
7077
6944
6871
6705
6041
4759
2770
571
-1446
-2943
-3801
-4484
-5278
-6273
-7434
-8456
-9340
-10025
-10495
-11073
-11515
-12013
-12341
-12279
-11805
-10970
-9931
-8885
-7956
-7253
-6736
-6603
-6767
-7160
-7748
-7915
-7711
-6994
-6055
-5151
-4063
-2831
-1326
146
1205
1973
2816
3914
5120
5949
6141
5550
4602
3747
3113
3101
3747
4910
6654
8466
9969
10841
11143
10785
9718
8308
6868
5573
4627
3941
3537
3148
2420
1201
-335
-1674
-2402
-2809
-2551
-1636
-360
1504
3009
4292
4800
4937
4937
4885
5224
5286
5051
4603
4016
3444
2817
1741
536
-443
-917
-780
-638
-689
-768
-771
-627
-157
434
1384
2290
3352
4751
6421
8071
8836
8436
6899
4657
2128
-20
-1689
-3131
-4485
-5735
-6669
-7115
-7373
-7887
-8834
-9863
-10645
-11123
-11425
-11666
-11877
-12110
-11985
-11576
-10621
-9588
-8663
-7874
-6910
-5935
-4914
-4269
-4142
-3913
-3981
-3873
-4004
-4094
-3905
-3356
-2704
-1727
-147
1860
4027
5749
6915
7366
7143
6635
6092
5535
5241
5151
5463
6230
7292
8447
9369
9654
9212
8562
7919
7546
7262
6823
6044
5087
4115
2983
1802
412
-996
-1744
-1787
-1294
-733
-386
-105
276
1086
1917
2903
3772
4415
4871
5092
5021
4468
3357
1816
338
-553
-814
-768
-584
-235
118
362
437
47
-839
-1744
-2159
-1823
-906
492
2075
3717
4981
5641
5513
4672
3479
2012
889
-45
-904
-2033
-3521
-5275
-6951
-8220
-9576
-10820
-11833
-12135
-11731
-11075
-10443
-10356
-10585
-10960
-10917
-10423
-9696
-8994
-8117
-6992
-5344
-3625
-2332
-1379
-1189
-1183
-1525
-1951
-2155
-2145
-1757
-1413
-845
255
2011
3632
4943
5714
6418
7255
8096
8687
8894
8917
8744
8695
8777
8962
9145
9042
8769
8435
8006
7687
7262
6707
6030
5166
4544
3899
3108
2165
1350
729
203
-270
-946
-1740
-2276
-2242
-1826
-999
-58
1028
2376
3439
4097
4207
3653
2645
1421
393
-223
-300
-4
519
1131
1563
1800
1584
967
124
-764
-1319
-1560
-1172
-736
-233
487
1292
2038
2271
2074
1790
1726
1560
1296
808
-105
-1179
-2539
-4043
-5872
-8059
-9949
-11542
-12420
-12534
-12267
-12122
-12094
-12245
-12309
-12114
-11496
-10714
-9723
-8565
-7489
-6250
-4771
-3320
-2351
-1670
-1209
-734
-150
298
583
819
878
955
1016
1491
1989
2413
2985
3901
5148
6608
7988
8912
9518
9976
10197
10005
9489
9165
9014
8966
8914
8323
7670
7021
6390
5888
5096
4238
3442
2678
2146
1812
1616
1427
772
-96
-1079
-2189
-2854
-3167
-3022
-2580
-1881
-723
453
1505
1979
1853
1564
1275
1119
793
464
201
145
539
907
1089
929
688
741
1109
1572
1922
1844
1586
1388
1406
1460
1157
627
-144
-581
-670
-464
-164
-193
-447
-857
-1308
-2156
-3389
-5106
-7252
-9109
-10329
-11089
-11655
-12414
-13254
-14020
-14318
-14135
-13466
-12388
-11234
-9953
-8745
-7562
-6312
-5238
-4278
-3430
-2489
-1293
77
1334
2283
2837
3184
3409
3256
2916
2686
2995
3511
4168
5041
6059
7113
8008
8660
9084
9302
9397
9654
9926
10241
10377
9913
9056
8020
7101
6270
5550
4701
3798
3181
2827
2644
2382
1978
1339
735
153
-507
-1311
-2092
-2439
-2270
-2003
-1775
-1792
-1767
-1547
-1184
-710
-431
-20
295
680
1033
1269
1257
1002
591
118
87
331
609
710
832
1156
1593
2095
2281
2119
1890
1541
1017
642
3
-868
-1924
-2901
-3375
-3500
-3308
-3135
-3123
-3339
-3799
-4458
-5523
-6785
-8079
-9168
-10159
-10909
-11482
-12111
-12589
-12906
-12643
-11979
-11014
-9994
-8995
-7684
-6120
-4598
-3375
-2300
-1272
-236
860
1864
2847
3793
4346
4752
4953
4981
5132
5133
5060
5036
5030
5104
5525
6041
6644
7320
8094
8805
9345
9783
9945
9844
9084
7758
6590
5800
5200
4670
4100
3635
3163
2481
1772
997
348
-265
-847
-1381
-1760
-2006
-2020
-1825
-1580
-1375
-1426
-1476
-1543
-1454
-1324
-1346
-1457
-1551
-1208
-502
369
925
1157
1102
1101
1242
1224
1145
887
592
617
1178
1906
2279
2264
2102
2112
2150
2330
2033
955
-360
-1646
-2546
-3162
-3469
-3709
-4032
-4181
-4022
-3898
-4050
-4521
-5094
-5833
-6308
-6761
-7337
-7989
-8801
-9633
-10227
-10314
-9954
-9373
-8782
-8007
-6954
-5617
-4212
-2962
-1750
-642
480
1366
2134
2646
3133
3691
4363
4805
4977
5197
5358
5624
5537
5245
4666
4033
3804
4151
4869
5958
6935
7772
8278
8769
9002
8509
7472
6159
5143
4451
4048
3640
3192
2684
1956
1209
463
-355
-1137
-1830
-2378
-2458
-2449
-2042
-1574
-1372
-1061
-773
-534
-528
-552
-713
-1182
-1377
-1364
-1081
-537
-158
190
521
933
1392
1553
1396
1077
830
622
526
768
971
1071
1074
1057
993
1049
1043
918
522
-169
-1010
-1918
-2618
-3140
-3670
-4112
-4545
-4804
-4942
-4991
-5036
-5148
-5198
-5165
-5018
-5193
-5596
-6203
-6892
-7547
-8215
-8563
-8829
-8570
-8020
-7405
-6613
-5760
-4678
-3160
-1587
-157
1088
2092
2953
3386
3805
4174
4438
4506
4409
4465
4898
5243
5023
4400
3510
3133
3128
3427
3955
4708
5826
7074
8065
8552
8328
7540
6526
5453
4832
4233
3607
3139
2778
2831
2851
2593
1657
491
-814
-1957
-2621
-3186
-3220
-2851
-2251
-1359
-528
93
469
404
42
-413
-805
-1156
-1265
-1263
-1149
-906
-695
-598
-709
-810
-609
-168
305
460
404
432
638
823
847
518
-192
-773
-1110
-800
-345
-54
-225
-872
-1567
-2082
-2317
-2772
-3241
-3817
-3964
-3525
-2947
-2725
-2843
-3343
-4058
-4374
-4523
-4513
-4823
-5559
-6464
-7033
-7401
-7617
-7909
-8180
-7958
-7082
-5709
-4013
-2299
-775
523
1383
1971
2278
2556
2924
3399
4251
5189
5927
6378
6365
5830
4860
3878
2832
1873
1470
1672
2687
4172
5719
6812
7180
7104
6724
6060
5255
4279
3452
2861
2834
3023
3287
3134
2486
1662
709
-101
-1084
-2111
-2856
-3007
-2826
-2572
-2099
-1770
-1655
-1432
-1176
-845
-637
-684
-1013
-1337
-1529
-1701
-1974
-2349
-2531
-2548
-2151
-1356
-496
181
549
929
1191
1445
1553
1275
810
450
230
137
178
156
-36
-221
-525
-897
-1278
-1599
-1701
-1687
-1680
-1568
-1408
-1212
-1217
-1225
-1444
-1887
-2311
-2700
-2991
-3310
-3633
-3986
-4572
-5258
-6025
-6747
-7041
-7018
-6565
-5932
-5178
-4113
-2980
-1853
-1022
-325
271
879
1745
2907
3874
4529
5217
5628
5827
5531
4600
3492
2340
1437
902
782
1373
2250
3213
4147
4939
5599
5809
5637
5123
4392
3522
2909
2468
2134
1959
1849
1791
1491
994
89
-905
-1804
-2534
-2939
-3048
-2978
-2967
-2898
-2802
-2621
-2179
-1903
-1662
-1462
-1190
-922
-836
-1017
-1536
-1796
-1890
-1470
-902
-482
108
666
1129
1427
1616
1670
1735
1858
1933
1807
1796
1873
1810
1493
1063
444
-72
-433
-432
-253
-272
-221
-222
28
363
465
130
-213
-524
-840
-913
-983
-1393
-1861
-2399
-3114
-3761
-4593
-5559
-6336
-6906
-7067
-6664
-6130
-5574
-4937
-4225
-3470
-2693
-2117
-1475
-599
194
1055
1992
2771
3211
3394
3365
3124
2821
2626
2418
2013
1457
1131
1093
1388
1997
2761
3625
4494
5115
5470
5486
5056
4356
3509
2719
1869
1208
633
169
-108
-508
-996
-1599
-2120
-2589
-2647
-2360
-1973
-1818
-1787
-1788
-1819
-1591
-1600
-1600
-1559
-1412
-1140
-896
-752
-984
-1281
-1489
-1403
-931
-314
121
603
820
967
1353
1649
1997
2287
2444
2811
3197
3432
3481
3164
2596
1761
751
-30
-329
-56
431
873
1020
1032
946
961
847
536
99
-276
-408
-407
-492
-686
-1248
-2152
-2990
-3994
-4773
-5501
-6135
-6436
-6415
-6056
-5326
-4624
-3988
-3476
-3093
-2702
-2196
-1398
-597
295
1103
1802
2293
2445
2356
2232
2038
2028
2085
2114
2131
2011
2011
2008
2098
2238
2497
3020
3770
4463
4955
5019
4665
4282
3755
3041
2060
1194
433
-282
-839
-1337
-1724
-1965
-2072
-2034
-1856
-1688
-1542
-1564
-1501
-1264
-939
-751
-750
-803
-638
-471
-471
-628
-1053
-1313
-1260
-815
-407
-128
130
452
713
1249
1744
2120
2609
3051
3382
3728
4082
3874
3421
2851
2388
1986
1405
905
420
441
580
1040
1451
1599
1870
1818
1833
1810
1855
1695
1237
678
76
-362
-881
-1761
-2805
-3734
-4433
-5079
-5365
-5624
-5791
-5872
-5834
-5640
-5077
-4289
-3504
-2776
-1955
-962
-172
406
622
808
1095
1122
863
610
399
408
482
482
374
396
620
939
1270
1586
1931
2344
2773
3106
3522
3911
3945
3788
3575
3130
2631
1931
985
-7
-907
-1681
-2321
-2683
-2718
-2439
-1897
-1394
-1034
-766
-650
-434
-283
-103
48
29
61
36
173
138
-340
-893
-1285
-1261
-765
-258
167
461
720
1283
2035
2867
3425
3738
3862
4195
4682
4854
4547
3861
3049
2259
1680
1230
983
611
310
50
-97
-32
118
603
1029
1589
1935
2053
2011
1662
1243
584
-89
-840
-1758
-2525
-3233
-3870
-4450
-5075
-5720
-6238
-6598
-6577
-6087
-5347
-4650
-3947
-3277
-2454
-1720
-1351
-989
-844
-753
-813
-782
-786
-975
-1118
-1457
-1665
-1687
-1441
-1143
-628
-173
165
712
1331
1794
2160
2366
2481
2784
2921
3120
3076
2603
1859
944
31
-739
-1255
-1495
-1774
-1750
-1587
-1309
-888
-582
-134
187
331
382
519
684
775
893
897
718
525
401
305
252
59
23
81
372
991
1586
2066
2603
3036
3490
3925
4245
4483
4419
4137
3816
3528
3075
2402
1695
930
438
197
18
130
81
47
38
214
542
1168
1802
2298
2754
2942
2693
2076
1225
130
-1005
-1853
-2539
-3095
-3626
-4162
-4681
-5256
-5776
-6036
-6116
-5961
-5464
-4723
-3955
-3183
-2396
-1856
-1413
-1133
-1133
-1375
-1711
-2167
-2495
-2814
-3003
-3209
-3326
-3046
-2757
-2289
-1947
-1541
-1262
-842
-207
357
996
1488
1851
2263
2633
2838
2852
2498
1899
1117
410
-78
-388
-784
-1036
-1086
-999
-815
-555
-257
-2
349
826
1434
1870
2010
1859
1640
1471
1455
1403
1211
955
757
695
747
655
728
872
1107
1597
2152
2899
3464
3671
3727
3649
3537
3260
2820
2322
1933
1543
1294
874
525
105
-376
-660
-803
-585
-168
364
752
1046
1370
1858
2433
2919
3014
2667
2099
1486
929
186
-579
-1362
-2309
-2963
-3623
-4149
-4524
-5045
-5549
-5696
-5326
-4528
-3659
-2927
-2518
-2240
-2091
-2023
-2037
-2306
-2785
-3065
-3228
-3418
-3477
-3536
-3720
-3852
-3524
-3282
-3060
-2723
-2528
-2211
-1607
-930
-203
561
1276
2012
2666
3009
2989
2524
1947
1506
1138
846
461
82
-207
-221
2
379
578
712
989
1518
2279
2846
3036
2827
2647
2451
2338
2250
1946
1569
1030
751
687
728
696
480
377
740
1377
2373
3212
3746
4056
4084
3967
3578
2942
2145
1325
730
349
-88
-301
-598
-909
-1219
-1322
-1327
-1280
-1041
-647
61
593
1266
1586
1733
1935
1922
1926
1852
1581
1073
516
-305
-1062
-1857
-2862
-3789
-4456
-4880
-5003
-4826
-4685
-4407
-3960
-3121
-2370
-1737
-1298
-1416
-1652
-2115
-2437
-2775
-3194
-3464
-3765
-3931
-4110
-4143
-4163
-4033
-3720
-3388
-2925
-2365
-1686
-1023
-559
-192
91
523
1054
1536
1925
2282
2455
2475
2406
2132
1809
1483
1277
1001
931
943
1206
1660
2147
2596
2979
3237
3276
3376
3479
3412
3408
3298
3108
2755
2347
1977
1488
1056
591
219
63
148
356
835
1638
2469
3234
3798
3967
3933
3653
3017
2336
1942
1358
763
194
-404
-840
-1159
-1328
-1423
-1390
-1283
-1187
-975
-652
-40
548
999
1198
1277
1262
1287
1258
1081
808
579
479
-20
-611
-1269
-2011
-2643
-2852
-2945
-2806
-2467
-2052
-1442
-815
-363
-11
21
-223
-636
-1123
-1623
-2299
-2882
-3358
-3526
-3541
-3596
-3621
-3711
-3619
-3485
-3323
-3002
-2742
-2374
-1959
-1584
-1195
-792
-492
-249
-23
139
385
786
1125
1402
1489
1240
987
753
704
872
1006
1453
2038
2484
2901
3111
3311
3500
3551
3644
3722
3760
3722
3661
3373
2966
2426
1988
1526
1170
862
618
669
801
1089
1418
1893
2257
2419
2503
2595
2474
2320
2024
1547
1091
504
-157
-858
-1414
-1951
-2074
-1913
-1689
-1220
-807
-357
-16
197
302
211
258
461
585
865
1053
1320
1269
869
370
-387
-1094
-1563
-1761
-1863
-1718
-1607
-1487
-1218
-1046
-758
-455
-127
-55
286
654
883
744
138
-443
-1212
-1740
-2341
-2967
-3484
-3804
-3801
-3641
-3517
-3397
-3504
-3544
-3484
-3306
-2917
-2520
-2193
-1758
-1241
-617
-119
65
81
-111
-328
-322
-176
14
114
352
637
1056
1618
1953
2292
2519
2642
2887
3133
3440
3741
3934
4186
4226
4239
4119
3796
3368
2933
2478
2073
1804
1428
1072
908
859
927
951
972
1152
1280
1465
1552
1508
1268
1061
780
407
-151
-685
-1328
-1919
-2315
-2526
-2335
-2049
-1727
-1304
-847
-684
-647
-713
-927
-1026
-854
-595
-388
-229
-96
-191
-487
-805
-1254
-1619
-1903
-2055
-1910
-1477
-1001
-630
-375
-277
-235
160
511
861
1166
1260
1141
840
577
216
-172
-830
-1457
-1901
-2233
-2505
-3072
-3486
-3703
-3672
-3391
-3106
-2942
-2974
-3097
-3083
-2978
-2606
-2185
-1956
-1612
-1143
-816
-725
-744
-911
-1000
-926
-647
-101
609
1515
2227
2811
3157
3304
3368
3305
3352
3571
3732
3857
3994
4114
4346
4276
4093
3807
3236
2795
2350
1945
1549
1143
948
875
879
783
728
650
669
709
897
949
749
363
-47
-590
-1257
-1723
-2243
-2497
-2574
-2529
-2289
-2100
-1893
-1684
-1404
-1053
-751
-443
-304
-310
-311
-397
-441
-546
-736
-1087
-1336
-1468
-1311
-1084
-768
-620
-356
-35
227
442
623
917
1186
1784
2283
2715
2855
2853
2559
2210
1787
1327
841
452
232
118
-175
-599
-1070
-1583
-2029
-2475
-2639
-2745
-2769
-2789
-2890
-3006
-3042
-3117
-3113
-3009
-2946
-2861
-2745
-2799
-2658
-2563
-2350
-2001
-1557
-887
-388
131
600
1095
1640
2124
2620
3072
3290
3501
3717
3843
3880
3530
3157
2818
2799
2719
2620
2285
1833
1484
1161
877
478
292
115
246
425
602
719
472
102
-387
-800
-1056
-1216
-1413
-1519
-1665
-1730
-1756
-1883
-2026
-2173
-2294
-2201
-1917
-1562
-1076
-731
-408
-212
-147
-104
-334
-706
-1181
-1393
-1360
-1310
-1102
-936
-787
-593
-307
-21
377
761
1199
1713
2081
2396
2599
2620
2543
2475
2518
2618
2689
2520
2334
2146
1980
1810
1517
1264
883
697
527
287
41
-508
-1137
-1917
-2582
-3136
-3415
-3517
-3635
-3742
-3656
-3539
-3431
-3403
-3439
-3448
-3474
-3228
-3042
-2551
-1993
-1327
-628
115
866
1466
1861
2049
2190
2301
2407
2468
2617
2659
2507
2311
1977
1996
2012
2038
2042
1911
1881
1818
1799
1924
2122
2179
2098
1868
1470
1005
566
140
37
-49
30
34
-174
-459
-981
-1569
-1953
-2409
-2619
-2453
-2052
-1459
-977
-499
-348
-454
-482
-617
-564
-523
-424
-276
-320
-377
-669
-912
-1168
-1266
-1237
-955
-492
143
794
1265
1698
2073
2416
2364
2279
2295
2357
2615
2740
2921
2955
2671
2426
2122
2037
2036
1930
1859
1832
1797
1985
2233
1962
1391
547
-223
-761
-1091
-1497
-2107
-2656
-2998
-2993
-2942
-2949
-3245
-3509
-3756
-3823
-3565
-3375
-3309
-3215
-2851
-2210
-1467
-702
-136
204
519
810
1258
1573
1697
1586
1355
1289
1337
1248
1074
872
820
1002
1181
1478
1590
1863
2173
2423
2430
2235
2003
1809
1790
1681
1576
1351
925
400
-33
-529
-1124
-1629
-2062
-2135
-2030
-1789
-1533
-1460
-1399
-1348
-1397
-1460
-1382
-1138
-920
-607
-185
-80
-276
-624
-1103
-1522
-1931
-1955
-1684
-1192
-606
-60
490
647
839
1106
1313
1648
1981
2037
2135
2017
1906
1735
1473
1328
1101
1117
1286
1551
1747
1959
2097
2281
2498
2566
2528
2420
2143
1906
1626
1159
717
176
-250
-546
-748
-828
-916
-1010
-1328
-1611
-1946
-2225
-2573
-2863
-2991
-3065
-2893
-2656
-2301
-2042
-1841
-1669
-1569
-1412
-1279
-1405
-1453
-1470
-1505
-1463
-1532
-1536
-1538
-1424
-1172
-874
-547
-236
140
576
1021
1457
1655
1785
1836
1839
1910
1871
1601
1237
746
188
-311
-603
-830
-1006
-1081
-1091
-947
-747
-594
-610
-691
-803
-645
-325
87
235
290
354
378
413
265
9
-367
-766
-1222
-1300
-1139
-870
-551
-265
44
361
697
957
1118
1220
1341
1468
1582
1646
1527
1222
999
869
727
515
370
295
387
535
788
1081
1265
1447
1609
1862
2077
2078
1843
1433
1086
827
668
564
398
370
387
359
365
270
78
-268
-357
-404
-539
-629
-682
-755
-786
-692
-793
-807
-873
-1085
-1262
-1504
-1901
-2325
-2614
-2801
-2821
-2694
-2727
-2718
-2632
-2693
-2567
-2311
-2036
-1642
-1252
-739
-153
546
1005
1167
1093
934
736
624
406
121
-41
-193
-182
-45
246
417
434
397
410
442
584
798
998
1129
1303
1551
1762
1999
1886
1629
1261
815
432
146
-152
-531
-702
-619
-357
-73
163
235
197
218
175
186
157
125
39
-155
-244
-413
-707
-882
-1058
-941
-701
-525
-259
-15
232
218
267
328
427
642
714
785
731
748
792
767
736
638
593
592
711
768
888
1031
1140
1339
1596
2027
2268
2396
2518
2441
2379
2232
2023
1637
1364
1143
1004
705
318
-124
-473
-843
-1148
-1410
-1915
-2328
-2683
-2917
-3232
-3294
-3278
-3154
-2817
-2345
-1797
-1424
-1281
-1297
-1418
-1625
-1795
-1986
-2042
-2025
-1973
-1791
-1655
-1288
-1032
-676
-55
481
1055
1414
1617
1762
1947
2245
2398
2447
2675
2630
2495
2368
2212
2162
2062
1816
1633
1489
1409
1353
1175
1015
869
793
654
538
413
154
-131
-388
-584
-813
-1079
-1191
-1303
-1407
-1421
-1408
-1440
-1481
-1329
-1187
-1305
-1290
-1300
-1126
-1121
-1111
-873
-734
-575
-439
-284
-200
-260
-401
-460
-368
-96
229
582
1015
1432
1793
2083
2335
2547
2660
2591
2560
2457
2464
2520
2637
2789
2721
2672
2435
2123
1850
1534
1207
882
711
412
180
-88
-508
-695
-820
-885
-961
-1030
-1028
-1010
-1039
-1175
-1477
-1769
-2053
-2307
-2495
-2648
-2733
-2783
-2862
-2755
-2688
-2541
-2292
-2109
-1733
-1341
-1059
-718
-481
-352
-107
61
427
872
1146
1383
1671
1867
1914
1796
1746
1593
1360
1279
1167
1199
1401
1567
1679
1789
1738
1374
977
518
-79
-393
-762
-1073
-1082
-1061
-916
-735
-686
-756
-1141
-1484
-1744
-1835
-1872
-1927
-1863
-1895
-1975
-1910
-2027
-2247
-2309
-2344
-2288
-2117
-1940
-1696
-1340
-1103
-901
-630
-330
-217
71
461
817
1198
1457
1619
1668
1735
1769
1902
1859
1866
1989
2143
2270
2234
2198
2077
1870
1643
1554
1450
1086
847
601
425
485
621
749
779
1047
1035
956
944
837
673
432
362
215
-76
-366
-527
-644
-774
-693
-654
-546
-400
-178
119
403
520
598
634
564
470
521
597
700
622
574
402
201
42
-95
-299
-485
-351
-222
166
441
617
738
624
360
146
-161
-543
-845
-1086
-1263
-1277
-1267
-1264
-1277
-1295
-1317
-1488
-1503
-1551
-1699
-1710
-1786
-1779
-1653
-1675
-1766
-1899
-1947
-1968
-1912
-1994
-1961
-1908
-1797
-1659
-1583
-1539
-1371
-1100
-725
-538
-472
-278
-241
-93
-77
-32
136
144
302
582
853
1088
1105
1145
1005
916
992
964
959
910
939
988
963
971
834
675
600
585
659
669
791
811
886
913
887
767
616
442
361
306
205
122
174
158
278
293
273
324
362
557
751
896
1022
1234
1225
1320
1674
1899
1804
1690
1464
1326
1284
1172
1151
1110
1068
1130
1427
1693
1618
1380
1131
865
614
316
134
-127
-408
-566
-826
-969
-1085
-1112
-1172
-1288
-1136
-1046
-1103
-1158
-1328
-1564
-1574
-1652
-1769
-1831
-1855
-1854
-1888
-1777
-1627
-1445
-1357
-1344
-1254
-1295
-1227
-1165
-1065
-1044
-960
-731
-584
-548
-496
-447
-459
-558
-639
-577
-508
-398
-230
-250
-222
-252
-223
-127
-82
15
119
369
550
674
673
467
305
72
4
0
39
106
110
248
365
605
611
481
177
-187
-531
-771
-821
-903
-879
-686
-351
-94
227
305
248
252
242
276
489
709
1063
1350
1559
1597
1402
1269
1034
879
713
715
628
716
852
977
1150
1094
1059
846
781
874
902
972
829
518
259
-180
-377
-482
-688
-801
-823
-734
-726
-739
-768
-913
-976
-1070
-1082
-983
-889
-742
-535
-457
-482
-473
-385
-318
-176
-125
-44
-9
-96
-41
-60
106
289
389
456
461
332
224
183
152
131
191
408
483
630
706
805
818
799
762
629
553
430
391
206
-102
-296
-577
-601
-594
-734
-602
-464
-291
62
238
199
9
-292
-482
-565
-722
-812
-956
-905
-779
-634
-509
-442
-386
-445
-510
-465
-269
-212
-44
193
275
381
511
561
551
564
531
527
508
447
423
410
472
568
736
734
766
893
896
912
840
623
366
83
50
-70
-287
-365
-386
-505
-530
-536
-567
-703
-801
-797
-846
-827
-834
-1013
-1087
-1117
-1026
-919
-781
-683
-682
-563
-503
-458
-332
-229
-137
-128
-122
1
152
243
284
330
383
386
513
636
640
717
885
952
1084
1016
1005
870
793
981
1005
1061
1007
913
830
816
740
639
522
339
319
372
510
724
806
834
842
786
681
527
313
201
151
145
134
119
150
202
195
237
295
481
512
285
132
2
-78
-218
-306
-294
-232
-182
-76
-248
-376
-483
-661
-808
-816
-857
-873
-818
-706
-535
-693
-586
-512
-474
-395
-307
-339
-489
-643
-856
-934
-1044
-1127
-1173
-1221
-1230
-1183
-1191
-1238
-1218
-1039
-859
-772
-606
-507
-441
-429
-369
-356
-293
-174
-230
-220
-165
-138
-135
-174
-339
-488
-599
-598
-519
-465
-400
-399
-400
-356
-294
-170
-113
180
479
693
736
662
577
363
294
276
289
316
71
9
-116
-193
-158
-239
-248
-285
-219
-94
60
240
261
333
550
542
649
748
674
710
766
811
747
648
567
500
549
624
639
694
709
674
725
724
783
808
809
579
555
553
465
407
283
151
85
-20
-56
-165
-326
-381
-311
-278
-280
-316
-479
-494
-701
-916
-1114
-1290
-1550
-1600
-1584
-1560
-1449
-1410
-1271
-1101
-867
-650
-420
-278
-233
-151
-134
-157
-208
-237
-285
-312
-293
-294
-313
-228
-74
32
86
-24
-184
-364
-503
-413
-467
-377
-315
-329
-156
-305
-232
-130
-102
-19
-59
27
69
-55
-106
-203
-385
-485
-665
-807
-1012
-1026
-1067
-1148
-1043
-1062
-918
-789
-655
-496
-363
-281
-299
-295
-315
-239
-333
-394
-349
-376
-333
-394
-363
-313
-371
-313
-170
-21
244
474
553
662
628
611
638
577
586
450
431
376
130
6
-138
-111
-196
-114
78
93
102
31
-97
-189
-200
-144
-171
-210
-261
-481
-629
-819
-1002
-1214
-1365
-1428
-1459
-1293
-1150
-895
-631
-514
-315
-126
-10
63
165
134
195
279
395
529
564
681
567
614
611
525
380
313
156
185
301
412
554
523
543
564
615
591
580
572
536
525
621
666
632
452
210
30
-33
-65
-114
-247
-426
-492
-446
-427
-289
-311
-252
-138
-15
36
97
153
205
113
-21
-66
-123
-229
-300
-288
-235
-194
-257
-217
-232
-197
-136
-192
-165
-198
-228
-162
-143
-116
-26
167
205
243
161
-13
-177
-280
-404
-427
-376
-295
-200
-148
-170
-264
-256
-356
-305
-178
-201
-321
-490
-680
-854
-1117
-1238
-1307
-1132
-1029
-856
-530
-428
-277
-273
-246
-289
-283
-259
-435
-509
-520
-475
-464
-403
-391
-282
-189
-160
-179
-144
-51
-105
-1
91
277
379
562
715
732
825
782
741
654
566
444
328
127
12
22
-34
-54
-25
123
211
211
295
160
145
97
-32
67
215
317
431
565
766
923
1020
1015
919
774
716
634
549
493
390
242
94
64
84
51
224
360
498
557
718
812
922
1006
1042
1009
811
787
620
452
303
99
88
139
174
242
262
264
330
384
294
113
92
181
97
154
197
135
43
-10
-254
-539
-631
-680
-540
-297
-171
-4
104
310
344
199
3
-33
26
92
191
173
19
-210
-394
-461
-587
-707
-725
-728
-607
-492
-355
-318
-230
-163
-121
-192
-366
-457
-499
-585
-588
-529
-390
-288
-372
-388
-284
-360
-371
-479
-596
-624
-643
-472
-418
-269
-328
-400
-176
31
79
141
300
401
597
574
414
198
-6
-87
-110
14
77
29
47
48
3
-8
-68
-173
-252
-194
56
224
362
472
487
562
512
406
298
112
-42
-118
6
135
296
350
485
626
594
552
407
261
44
-8
130
239
286
299
69
-113
-211
-371
-459
-498
-481
-215
38
274
583
686
776
937
972
1070
1055
1148
1097
1014
805
584
337
-22
-240
-474
-534
-438
-288
-175
23
163
200
210
126
-27
2
-21
26
34
92
142
53
-47
-344
-632
-909
-1144
-1279
-1311
-1332
-1227
-1111
-922
-899
-743
-544
-354
-198
-151
2
77
185
177
216
183
92
64
-119
-151
-168
-267
-378
-335
-458
-592
-796
-830
-898
-982
-852
-653
-397
-143
30
60
95
-52
-94
-272
-246
-293
-313
-224
-137
-160
-236
-135
-88
-178
-229
-125
-297
-261
-216
-242
-210
-153
-33
74
189
166
159
228
210
104
4
2
-30
-23
151
301
600
761
888
1110
1252
1472
1385
1365
1188
990
827
587
513
427
465
463
487
481
370
335
272
327
358
291
257
189
98
67
50
-133
-301
-347
-464
-528
-592
-740
-866
-907
-946
-983
-1056
-1044
-918
-782
-646
-435
-222
-89
104
249
363
517
552
414
541
519
559
545
472
462
381
389
411
543
523
487
388
257
209
184
231
187
308
501
661
816
753
592
340
50
-174
-219
-113
-133
-146
-196
-371
-445
-530
-624
-528
-431
-256
-83
90
178
174
86
58
-51
-204
-199
-194
-177
-211
-136
-46
151
434
723
1029
1221
1365
1530
1511
1561
1648
1602
1566
1401
1218
942
500
76
-124
-181
-211
-127
13
132
287
222
185
92
-70
-126
-143
-189
-277
-356
-398
-433
-546
-732
-928
-1147
-1481
-1622
-1737
-1796
-1823
-1793
-1606
-1656
-1568
-1484
-1325
-1033
-798
-422
-145
95
273
424
622
642
632
600
660
450
407
368
396
280
209
236
116
96
98
275
368
536
731
802
1018
1195
1117
1156
982
730
560
366
346
196
94
12
-162
-304
-558
-663
-847
-848
-857
-688
-416
-251
-179
-224
-222
-280
-244
-231
-121
-73
24
151
229
225
283
399
542
721
907
1118
1185
1258
1304
1280
1399
1305
1360
1212
1051
817
599
430
77
54
171
341
433
578
578
493
457
392
376
387
283
114
-69
-266
-436
-577
-730
-779
-804
-834
-817
-934
-1048
-1200
-1401
-1495
-1473
-1409
-1375
-1129
-928
-706
-618
-573
-595
-610
-503
-328
-144
102
326
433
511
524
516
501
385
378
463
379
247
301
222
249
435
464
571
580
659
600
580
577
431
429
371
281
243
140
11
-2
-240
-443
-412
-463
-338
-372
-471
-453
-430
-375
-304
-331
-389
-387
-471
-470
-436
-383
-367
-275
-280
-306
-142
-149
-67
85
351
629
838
979
1053
1121
1066
1124
1113
922
650
456
220
120
125
6
-38
-63
-41
11
160
146
97
86
-8
-88
-58
2
-56
-49
-251
-478
-654
-805
-889
-1027
-1168
-1229
-1347
-1372
-1351
-1413
-1363
-1083
-904
-674
-439
-421
-318
-326
-152
-29
77
251
296
443
642
642
636
710
648
633
681
742
603
541
475
483
466
601
652
790
951
1153
1309
1183
1194
1068
892
744
729
657
535
366
321
211
24
-7
-43
-102
-128
20
14
102
35
-154
-251
-347
-451
-515
-479
-419
-206
-103
-73
2
37
8
37
-92
-102
-53
13
204
374
532
619
660
711
714
686
683
488
412
375
319
212
90
99
67
162
127
111
128
60
45
-35
-123
-238
-366
-603
-875
-1046
-1151
-1173
-1177
-1106
-1007
-951
-1023
-1076
-1141
-1194
-1206
-1199
-1087
-988
-848
-681
-616
-465
-325
-287
-206
-225
-199
-149
-87
24
122
105
181
330
456
532
548
563
537
629
725
589
605
600
720
930
964
1039
1040
958
887
990
817
640
521
256
175
193
265
179
63
-2
-49
-34
29
-113
-239
-303
-290
-248
-213
-155
-212
-295
-335
-310
-440
-405
-292
-275
-164
-39
69
181
249
181
116
233
426
597
780
884
873
850
726
548
293
31
1
-27
33
218
336
492
465
419
399
453
411
405
462
384
380
167
-149
-425
-591
-791
-964
-893
-834
-686
-629
-661
-678
-732
-742
-751
-750
-762
-728
-599
-450
-317
-227
-126
-54
-124
-81
46
61
90
214
306
336
385
390
363
368
228
137
112
-5
1
137
314
584
838
1092
1176
1040
834
638
466
233
47
-67
-174
-325
-394
-461
-577
-593
-528
-454
-399
-354
-213
-58
9
4
-24
-121
-204
-192
-190
-308
-303
-288
-242
-278
-418
-410
-443
-326
-312
-265
-168
-22
179
240
350
290
241
140
106
96
-39
-2
36
62
121
41
-55
-28
-42
-54
33
-30
21
87
187
259
232
104
-132
-420
-626
-645
-529
-401
-297
-125
-31
-13
-55
-255
-354
-355
-353
-360
-239
-143
-151
-79
41
97
85
170
226
119
232
227
216
300
262
390
437
507
494
438
448
402
322
357
417
444
456
565
640
604
595
486
368
298
47
27
-90
-246
-282
-249
-199
-94
4
18
62
162
233
346
429
482
487
467
445
282
217
133
69
85
77
148
276
243
258
224
377
491
540
585
505
482
413
411
373
329
241
174
200
184
20
-191
-403
-510
-624
-754
-627
-577
-567
-485
-459
-426
-392
-342
-354
-307
-366
-487
-505
-499
-607
-623
-514
-593
-601
-569
-496
-504
-616
-597
-595
-523
-462
-274
-188
-78
-22
-28
89
177
406
509
693
947
978
1028
969
869
739
676
639
663
636
523
518
488
391
397
470
374
398
524
479
335
333
178
76
95
121
129
119
-35
-305
-472
-611
-776
-778
-703
-676
-575
-457
