393
387
281
170
163
115
115
5
42
85
61
48
-36
-117
-138
-75
30
87
53
76
135
198
167
244
250
259
331
232
236
286
227
172
145
182
222
234
185
68
-89
-158
-190
-95
-8
163
242
233
273
163
212
79
114
123
139
230
175
117
53
38
-47
-37
-81
-56
102
224
304
262
191
55
113
82
73
148
190
278
231
85
101
95
-2
-77
-60
-76
-117
-73
27
16
4
-2
101
104
155
209
136
114
66
43
-25
-80
-94
-44
-66
-42
-20
97
96
-5
-45
-101
-127
-217
-272
-393
-331
-359
-371
-277
-289
-240
-168
-132
43
-10
-50
-45
-155
-240
-306
-227
-323
-383
-381
-408
-282
-263
-279
-187
-79
-32
-5
39
87
87
43
29
25
91
78
186
322
288
281
274
123
29
-14
32
58
61
120
25
134
200
208
266
310
265
170
204
93
109
22
121
157
295
391
438
528
583
614
452
371
324
218
44
54
-12
-71
-127
-143
-82
-65
47
109
179
206
198
231
125
103
151
207
243
302
284
180
174
165
122
121
75
12
5
10
-31
-50
-117
-198
-65
9
21
3
-7
-199
-342
-378
-408
-375
-408
-274
-286
-349
-295
-397
-436
-424
-421
-464
-354
-374
-340
-331
-384
-367
-430
-426
-433
-396
-499
-467
-483
-618
-693
-628
-737
-824
-753
-683
-596
-464
-422
-369
-226
-146
-48
28
159
424
644
808
996
1009
1034
992
1037
1129
1224
1156
1153
1260
1272
1346
1361
1289
1164
1033
1003
1022
1008
948
1003
865
835
827
922
1020
1044
944
867
866
651
584
492
379
271
200
104
26
-20
-143
-273
-310
-221
-118
-154
-236
-118
-129
-241
-258
-276
-373
-543
-543
-548
-539
-491
-479
-529
-727
-917
-1058
-1442
-1728
-1889
-2118
-2261
-2361
-2538
-2584
-2614
-2666
-2596
-2633
-2722
-2864
-2735
-2602
-2435
-2076
-1860
-1707
-1475
-1479
-1471
-1370
-1314
-1193
-1037
-769
-500
-270
-156
-30
38
176
346
555
742
861
1074
1230
1292
1305
1443
1420
1454
1586
1598
1604
1634
1748
1816
1959
2133
2200
2249
2306
2379
2461
2495
2560
2565
2481
2478
2363
2229
2117
2178
2171
2137
2248
2156
2032
1955
1842
1644
1544
1369
1367
1353
1254
1275
1293
1221
1155
1229
1220
1279
1289
1115
1063
941
887
652
510
443
319
224
80
-75
-304
-573
-775
-864
-1077
-1240
-1458
-1714
-2029
-2230
-2463
-2642
-2688
-2776
-2831
-3021
-3122
-3259
-3383
-3414
-3308
-3123
-2939
-2715
-2519
-2283
-2089
-1869
-1659
-1504
-1223
-836
-494
-373
-110
-4
-3
114
345
456
651
843
821
1007
944
920
815
686
685
642
632
554
510
445
428
396
336
394
336
464
734
928
832
791
732
723
737
733
681
597
662
694
757
790
898
754
630
653
703
648
528
569
690
939
901
858
1013
1128
930
784
867
907
808
852
911
926
894
724
492
490
351
213
175
103
200
116
199
303
298
108
-177
-277
-362
-351
-266
-148
-70
-114
-203
-329
-564
-836
-1214
-1608
-1905
-2083
-2239
-2321
-2295
-2445
-2506
-2668
-2808
-2833
-2858
-3009
-3075
-2924
-2852
-2527
-2438
-2324
-2100
-1863
-1676
-1582
-1340
-1028
-682
-332
26
261
405
564
607
799
948
1013
1036
1166
1341
1484
1573
1593
1486
1346
1071
970
808
672
562
500
604
624
560
483
525
542
582
671
933
1032
1141
1283
1286
1152
1161
1272
1235
1193
1384
1489
1324
1286
1419
1247
1078
1138
1072
948
953
1048
892
812
899
939
863
951
986
997
737
634
490
368
377
160
194
193
30
-181
-316
-455
-482
-707
-702
-693
-660
-481
-307
-174
-164
-118
-268
-300
-383
-363
-289
-234
-208
-105
-81
-155
-332
-473
-830
-1177
-1298
-1378
-1332
-1484
-1585
-1798
-1987
-2222
-2448
-2566
-2727
-2898
-2953
-2846
-2721
-2486
-2312
-2085
-1715
-1332
-1024
-800
-489
-250
61
403
750
981
983
1005
1141
1324
1331
1456
1547
1700
1871
1880
1807
1697
1439
1233
1154
1005
1044
1031
836
644
683
693
429
192
128
247
256
301
525
755
735
749
831
806
808
815
833
771
746
548
255
78
8
-162
-277
-227
-250
-319
-454
-608
-639
-712
-822
-987
-1071
-999
-946
-1121
-1266
-1128
-1014
-1028
-1042
-888
-735
-837
-916
-838
-730
-668
-499
-361
-133
144
157
236
374
502
577
688
1129
1556
1852
2082
2035
1895
1727
1615
1643
1620
1576
1527
1416
1337
1239
999
643
338
172
67
-16
-95
-389
-644
-894
-1057
-1169
-1257
-1323
-1240
-1136
-1014
-828
-671
-483
-407
-285
-204
-3
118
105
135
106
330
500
498
433
301
391
449
336
250
220
227
159
11
-151
-169
-434
-752
-867
-1013
-964
-1076
-1199
-1093
-1018
-956
-861
-616
-557
-515
-529
-306
-17
53
38
93
311
118
-183
-147
-282
-501
-475
-397
-447
-583
-693
-783
-882
-727
-799
-857
-801
-495
-275
-315
-233
-256
-357
-400
-213
-87
-36
177
139
38
64
137
111
54
162
444
547
666
833
858
873
908
1025
1072
1102
1211
1380
1557
1620
1594
1498
1484
1437
1335
1249
1117
1093
1111
1099
1114
1093
968
847
804
692
637
582
406
19
-128
-105
-224
-291
-376
-446
-636
-902
-1108
-1325
-1516
-1676
-1809
-1753
-1684
-1730
-1863
-1917
-1975
-1998
-1925
-1797
-1690
-1582
-1647
-1572
-1513
-1375
-1286
-1293
-1264
-1115
-1024
-1016
-1001
-1111
-1055
-1167
-1111
-1203
-1202
-1194
-1281
-1201
-1041
-946
-795
-633
-509
-407
-359
-265
-257
-198
-412
-439
-337
-118
-68
48
223
155
175
148
320
408
537
197
-76
180
147
-115
-154
50
32
-43
139
386
547
842
866
986
1363
1218
1028
1002
1414
1438
1242
1299
1445
1524
1423
1451
1336
1339
1370
1328
1453
1644
1588
1384
1324
1482
1555
1511
1584
1781
1632
1556
1421
1285
1088
1121
1072
956
1200
1232
1020
747
786
686
419
443
534
456
524
507
381
364
204
-90
-281
-310
-345
-443
-645
-662
-770
-963
-1177
-1287
-1364
-1588
-1876
-1995
-1996
-2120
-1978
-1806
-1574
-1453
-1180
-1106
-1133
-1117
-1248
-1230
-1157
-899
-886
-757
-886
-1033
-1020
-1035
-1078
-1206
-1094
-1005
-1108
-1136
-1051
-1054
-1237
-1202
-1087
-1144
-1123
-1006
-1096
-1234
-1191
-1119
-1175
-1249
-1025
-849
-638
-337
-250
-295
-202
-51
1
238
463
390
509
675
748
890
1045
1056
998
1036
1012
902
962
1015
858
1034
932
935
955
767
767
717
651
639
564
567
445
468
458
478
527
611
705
586
760
870
725
578
475
390
242
198
151
14
51
54
-57
42
104
67
47
26
-66
-152
-149
-55
94
276
557
668
823
986
983
934
877
735
405
354
387
412
244
150
139
57
-10
-28
-7
106
21
-83
-80
-158
-281
-359
-419
-465
-356
-357
-225
-141
-188
-171
-199
-99
-104
-147
-190
-18
52
36
68
181
283
157
106
66
30
-255
-288
-235
-169
-212
-389
-530
-551
-586
-600
-495
-621
-606
-686
-628
-550
-638
-659
-643
-518
-482
-494
-421
-447
-372
-331
-330
-334
-275
-343
-550
-513
-520
-227
-285
-376
-250
-44
-77
-321
-37
155
196
117
584
739
648
581
327
308
237
285
217
130
196
218
99
128
178
47
-100
-260
-292
-222
-264
-363
-370
-344
-364
-351
-266
-223
-45
-69
-77
97
204
67
125
218
203
173
190
220
223
205
214
354
423
517
474
495
622
626
814
938
964
962
1085
1144
1150
1217
1218
1023
884
988
992
985
1020
891
696
717
704
588
425
358
340
258
351
324
217
-4
-113
-118
-165
-39
41
69
60
154
204
83
-279
-650
-749
-992
-1062
-1076
-1020
-1187
-1477
-1595
-1610
-1550
-1534
-1438
-1489
-1227
-1192
-1158
-1175
-1150
-1343
-1379
-1198
-1073
-1119
-1081
-939
-1146
-1111
-724
-384
-453
-330
-452
-596
-489
-334
-366
-337
-44
68
271
616
589
287
162
334
533
468
540
678
525
363
242
209
247
117
132
109
-43
73
163
131
64
190
201
112
171
204
121
-30
36
93
49
82
58
-85
69
135
100
324
350
412
511
496
483
513
606
801
1055
1095
1127
1157
1110
1061
1108
1089
1001
1077
1343
1247
1254
1164
1090
1016
766
664
706
711
700
498
310
361
418
473
404
369
323
99
-150
-200
-227
-458
-686
-713
-732
-936
-1023
-1163
-1299
-1381
-1280
-1098
-1094
-933
-1061
-1088
-1047
-1119
-1182
-1276
-1281
-1460
-1551
-1714
-1603
-1752
-1933
-2109
-2149
-2169
-2143
-1916
-1991
-1914
-1713
-1577
-1737
-1384
-1190
-1205
-1047
-529
-290
-532
-183
188
122
-46
184
89
92
433
702
790
891
1272
1205
874
929
1157
988
885
966
1092
1002
739
750
878
770
706
843
767
646
619
324
376
230
195
89
3
211
256
112
23
174
150
231
178
126
40
-95
-144
-153
-19
90
-37
-163
23
91
132
-28
-112
-56
92
242
307
303
188
20
9
259
466
398
489
716
984
1011
842
1135
1392
1378
1321
1437
1482
1318
1253
1406
1372
1367
1301
1033
1044
1178
1094
895
863
974
666
412
294
70
-2
-239
-429
-394
-289
-303
-528
-492
-454
-567
-755
-846
-580
-421
-677
-823
-692
-734
-843
-796
-681
-641
-707
-670
-1098
-1179
-853
-1130
-1315
-1205
-823
-577
-460
-331
1
176
11
-198
330
531
74
-5
159
187
-101
92
208
296
312
497
364
339
792
512
150
484
962
828
795
1009
989
703
842
665
725
941
683
521
382
528
346
-90
-151
-150
-381
-416
-183
-49
-206
-281
-442
-448
-403
-419
-676
-796
-607
-914
-1022
-821
-895
-856
-643
-597
-316
-250
-67
-190
-23
354
234
347
610
547
344
473
628
452
226
423
301
186
457
770
437
301
674
783
702
710
958
893
829
919
1039
1001
1088
983
857
693
576
401
-17
-243
-75
-182
-535
-390
-403
-572
-688
-670
-800
-861
-894
-913
-1100
-941
-973
-1199
-1149
-1184
-1162
-1560
-1630
-1386
-1457
-1521
-1431
-1222
-1347
-1646
-1594
-1767
-1929
-1527
-1328
-1305
-1038
-692
-704
-719
-359
-211
-416
-319
267
-47
103
718
680
309
510
901
688
831
777
753
540
745
877
901
758
692
575
545
834
1011
1188
620
664
719
387
367
373
152
37
156
302
134
178
-66
-221
-216
-311
80
-26
173
300
568
690
562
663
763
748
389
492
494
499
383
696
845
851
970
1012
819
795
686
608
868
796
900
893
1111
1243
1390
1282
1254
1117
900
756
769
672
720
1040
808
740
782
923
778
813
655
354
250
505
444
107
-221
-26
-226
-714
-446
-233
-321
-645
-540
-652
-865
-807
-1058
-1314
-1202
-1493
-1522
-1422
-1572
-1732
-1987
-1929
-1790
-1902
-1803
-1889
-2183
-1977
-1831
-2035
-2066
-2187
-2049
-1994
-1691
-1384
-1587
-1725
-1582
-1308
-1176
-992
-798
-950
-531
-457
-135
6
304
19
82
585
737
979
910
1116
860
992
1050
1435
1519
1389
1820
1853
1912
1760
1741
1323
1177
1249
1311
897
715
932
541
393
723
710
560
436
603
435
394
757
578
327
502
569
497
581
254
-72
70
171
21
97
343
82
-146
-11
-125
-316
-208
-85
-210
-109
-97
139
126
-35
156
113
-238
-55
114
137
488
612
471
586
812
372
154
295
64
-296
-76
54
261
420
239
196
125
-47
-176
-221
-389
-562
-793
-574
-553
-626
-878
-1048
-692
-873
-802
-673
-554
-386
-219
-405
-107
226
-81
-242
-97
-163
-128
-95
-121
-104
-287
-319
-550
-918
-583
-756
-765
-427
-317
-416
-446
152
165
92
454
386
219
668
936
1043
1002
957
752
811
627
711
609
312
473
327
900
607
255
116
302
-5
108
632
435
87
190
587
247
284
51
-36
-518
-600
-554
-733
-564
-498
-437
-676
-248
-98
-605
-532
-359
-829
-986
-1041
-806
-896
-844
-580
-552
-435
-453
-29
-318
-253
-298
-300
-254
91
443
97
-105
127
188
-471
-301
-266
-124
-38
233
392
222
-61
-113
-31
-416
64
20
-107
81
269
-20
-250
-332
-515
-678
-694
-530
-602
-538
-780
-552
-405
-140
-266
-98
-89
-145
25
-31
30
179
238
245
509
375
307
-33
76
-191
-191
96
3
-38
-293
-445
-617
-394
-192
-193
-186
-68
-236
-126
58
-118
10
444
284
406
788
767
488
338
402
269
303
612
485
458
558
547
551
828
709
586
213
232
367
482
409
467
779
469
499
446
212
-112
-68
44
-44
247
245
-95
-336
-365
-593
-547
-88
287
384
20
39
75
-168
-42
7
164
316
626
645
721
792
658
349
673
1097
1269
1316
1048
629
381
471
507
707
857
961
902
943
1118
1035
573
346
49
-178
-256
-307
-413
-550
-641
-918
-919
-899
-1116
-1337
-1378
-1369
-1271
-1181
-863
-582
-660
-888
-945
-752
-570
-381
-491
-539
-430
-516
-654
-460
-406
-574
-798
-876
-744
-848
-884
-1001
-697
-594
-667
-753
-552
-704
-880
-689
-593
-211
-262
-146
-195
110
-15
-105
-129
29
148
412
302
18
675
261
117
342
562
444
439
593
783
395
470
850
553
750
769
799
384
551
910
392
92
36
-299
-478
-228
-155
-109
-118
193
188
-134
-124
-90
-238
-300
116
753
726
735
1085
894
817
834
827
776
1007
1271
1156
1303
1301
1269
1009
1015
1459
1341
1123
1412
1415
1163
979
808
636
612
483
251
91
-129
-274
-737
-851
-837
-1262
-1576
-1920
-2156
-2187
-2432
-2524
-2511
-2267
-2137
-2137
-1876
-1622
-1756
-1866
-1595
-1311
-1256
-1100
-980
-1051
-1129
-1215
-1087
-979
-863
-768
-1059
-1105
-968
-1050
-957
-825
-632
-523
-494
-416
-318
-289
-571
-495
-369
-299
-199
28
245
297
439
727
767
852
907
799
1240
1499
2010
1560
1622
1984
1798
1538
1597
1609
986
1187
1525
1555
1345
1518
980
566
780
892
882
582
698
440
258
323
682
419
-32
121
238
174
-60
151
-113
-375
275
500
524
622
489
241
102
622
1016
932
1325
1236
1134
1321
1355
1382
1549
1551
1452
1603
1627
1648
1568
985
693
844
467
387
363
75
-417
-733
-807
-1079
-1395
-1693
-1838
-2257
-2509
-2539
-2477
-2501
-2699
-2659
-2565
-2420
-2090
-2088
-2033
-1923
-1820
-1576
-1294
-1089
-764
-755
-824
-750
-550
-626
-821
-797
-872
-1069
-1009
-834
-1005
-1161
-902
-655
-590
-245
20
146
-126
-124
-136
-198
-294
-80
369
743
683
522
1051
1204
1347
1349
1160
1031
1330
1697
1745
1844
1818
1524
1311
1626
1521
1442
1289
1245
1136
1050
1203
1029
768
619
348
271
717
514
63
-129
-150
-154
-112
218
352
108
-483
-359
-174
116
297
243
240
155
185
290
213
390
498
555
809
1136
1425
1090
705
454
265
504
1226
1727
1859
1382
674
770
661
289
-248
-409
-611
-828
-592
-474
-848
-1240
-1832
-2394
-2245
-2186
-2306
-2523
-2809
-2894
-2832
-2946
-2854
-2622
-2947
-2906
-2506
-1848
-1338
-1199
-1004
-1025
-980
-797
-701
-592
-431
-433
-481
-415
138
267
87
-11
-12
-269
-91
385
428
381
354
518
694
524
545
589
458
521
504
852
1226
1119
1023
985
1335
1440
1492
1872
1829
1499
1437
1549
1739
2118
2263
1854
2017
2246
1768
1483
1552
1497
1410
1143
1026
1043
877
522
232
484
364
303
4
81
397
117
-230
-270
45
148
139
285
215
16
84
60
456
948
1040
994
1058
1349
1594
1310
992
959
1284
1616
1934
2168
1775
1078
212
-108
-199
-232
-496
-888
-1380
-1620
-1330
-1628
-2099
-2584
-3084
-3433
-3392
-3151
-3063
-3431
-3848
-4269
-3996
-3403
-3143
-2717
-2371
-2104
-1854
-1460
-772
-585
-867
-969
-744
-400
-64
219
33
-323
-213
-85
-80
-72
-271
-813
-996
-878
-478
-264
-278
-382
-784
-686
-560
-479
-105
-97
-158
-10
58
226
304
342
345
677
1286
1476
1791
1755
1807
1798
1795
1597
1558
1595
1830
1719
1573
1770
1728
1945
1730
1517
1559
1529
1113
1121
1261
1381
1532
1518
1087
922
757
366
122
137
330
698
1023
1248
1308
849
715
908
1479
1596
1771
2060
2389
2415
2233
1921
1634
1935
2305
2848
3258
3203
2417
1411
1091
1162
1016
454
322
72
-330
-746
-1512
-2156
-2775
-3411
-3582
-3539
-3391
-3692
-4357
-4713
-4939
-4549
-3911
-3431
-3031
-3198
-3198
-2821
-2181
-1251
-794
-457
-175
42
314
539
450
197
186
675
1031
1206
1006
449
-543
-1006
-792
-556
-493
-451
-633
-1205
-1241
-1062
-996
-700
-818
-944
-892
-597
-477
-546
-470
-455
-81
303
912
1296
1366
567
650
1331
2003
2170
1940
1786
1490
1535
1830
2098
1778
1330
990
1072
1469
1581
1263
638
330
348
473
636
447
66
-374
-358
356
972
892
402
-183
-420
-262
259
723
925
1155
1261
1666
2233
2313
1436
978
1216
1938
2707
2715
2104
1386
503
139
180
374
343
-663
-1536
-2053
-2161
-2493
-2989
-3648
-4054
-4114
-4317
-4411
-4722
-5361
-5662
-5512
-4610
-3705
-3629
-3823
-3969
-3741
-2913
-1906
-870
-278
-159
-11
60
519
1183
1517
1687
2068
2508
2714
2638
2099
1627
1366
1292
1506
1608
1220
538
-73
-394
-290
156
241
-120
-681
-991
-947
-813
-814
-562
-424
-508
-312
-6
141
239
726
909
1206
1845
2074
1857
1725
1648
1899
2096
2460
2627
2764
2754
2419
2343
2683
2928
2984
3032
2733
2413
1945
1937
1957
2083
1957
1376
986
785
760
684
621
628
726
690
1157
1761
1527
1113
746
780
1520
2306
2716
2512
1684
628
198
287
529
157
-554
-1404
-1872
-2145
-2578
-3144
-4268
-5190
-5528
-5399
-5346
-5483
-6175
-7179
-7588
-7040
-6026
-5283
-5261
-5715
-6042
-5392
-3924
-2550
-1896
-1813
-1497
-767
130
1267
1542
1528
1780
1968
2348
3045
3226
3016
2629
2286
2578
3151
3297
2666
1805
908
575
685
856
962
373
-655
-1154
-966
-501
-171
73
-140
-263
-42
277
588
620
443
430
421
731
1285
1486
1711
1595
1605
2140
2737
3043
2821
2507
2280
2343
2487
2910
3213
2670
1905
1146
1157
1424
1588
1464
1518
1633
1467
1159
963
770
482
591
827
1502
2132
1931
1170
380
-83
149
857
1507
2223
1966
899
242
115
513
747
309
-142
-508
-1270
-1955
-2426
-3225
-4428
-5403
-5714
-5678
-5743
-6438
-7573
-8665
-8742
-7979
-7450
-7148
-7102
-7282
-7282
-6537
-5079
-3726
-3052
-2951
-2609
-1785
-1086
-235
497
1210
1543
1904
2770
3187
3498
3583
3224
3292
3829
3973
4037
3722
3094
2900
2967
3067
2842
2282
1611
930
611
831
1042
1038
866
826
868
811
897
1004
1065
1301
1501
1447
1383
1362
1342
1673
2225
2465
2586
2750
2657
2852
3158
3070
2736
2375
2426
2440
2181
1973
1478
1083
818
790
764
499
74
-398
-157
400
865
1057
948
818
656
763
898
903
836
881
1159
1644
1907
1416
637
28
90
281
222
-76
-669
-1553
-2264
-2582
-3057
-3661
-4451
-4986
-5235
-5574
-6006
-6832
-7735
-8115
-7984
-7571
-7129
-7104
-7066
-6811
-6167
-5282
-4399
-3769
-3423
-3065
-2318
-1354
-617
-97
181
627
1244
2027
2728
3182
3419
3613
3961
4408
4631
4571
4266
3980
3909
4045
4002
3643
3010
2293
1818
1439
1534
1606
1577
1396
1272
1144
991
969
879
1202
1576
1983
2046
2002
1782
1545
1552
1858
2376
2738
2782
2521
2484
2622
2643
2719
2782
2676
2415
2136
1971
1895
1788
1394
938
712
902
982
523
288
222
182
334
557
889
689
-271
-723
-419
175
743
739
412
-56
-479
-353
-205
-204
-529
-953
-1627
-2003
-2223
-2938
-3878
-4576
-4751
-4817
-5031
-5625
-6591
-7471
-7909
-7895
-7341
-7215
-7444
-7795
-7854
-7281
-6302
-5606
-5274
-4725
-4250
-3675
-2954
-2270
-1688
-1142
-415
359
1077
1648
1859
2150
2689
3310
4016
4504
4499
4619
4845
5172
5347
5136
5112
4931
4888
4927
4462
3930
3608
3127
2803
2709
2541
2172
1510
1255
1475
1432
1337
944
715
760
891
1330
1696
1930
2161
2484
2702
2652
2558
2507
2707
3287
3713
3827
3613
3025
2319
2081
2156
2377
2287
1782
1300
925
851
829
727
469
721
909
400
-171
-818
-815
-264
373
477
155
-532
-1433
-1973
-1861
-1591
-1650
-1956
-2654
-3098
-3528
-4235
-5143
-5636
-5716
-5471
-5259
-5893
-6594
-7194
-7463
-7217
-6672
-6641
-6964
-7256
-7314
-6815
-6115
-5278
-4868
-4618
-4344
-4064
-3457
-2878
-2501
-1950
-1215
-350
340
710
1073
1502
2237
2882
3247
3627
3909
4011
4245
4483
4925
4996
5050
5080
4994
5153
5169
4863
4589
4622
4475
4311
3822
3341
2898
2508
2186
1900
1907
1816
1612
1531
1301
1067
1060
955
1045
1101
1192
1389
1837
1899
1854
1801
1478
1407
1690
1776
1715
1638
1236
1117
972
664
541
353
195
357
701
1057
807
66
-832
-1355
-1280
-673
-26
-118
-1014
-2030
-2739
-2749
-2264
-2110
-2199
-2377
-2577
-2646
-3103
-4044
-5101
-5964
-6165
-6018
-5712
-6066
-6980
-7796
-7618
-6836
-6001
-5860
-6065
-6308
-6327
-5422
-4525
-3717
-3506
-3424
-2893
-2074
-1290
-728
-347
-293
193
958
1321
1634
1733
1548
1873
2419
3042
3540
3753
3974
4245
4323
4353
4667
4622
4789
5243
5509
5702
5682
5389
5499
5592
5558
5505
5091
4740
4288
4047
3948
3919
3593
3066
2488
2049
1700
1754
2083
2207
2627
2832
2590
2111
1656
1461
1318
1545
1988
2361
2303
1721
1218
785
547
600
574
599
746
781
970
624
297
115
-591
-863
-1030
-777
-591
-651
-816
-1250
-1663
-2281
-2721
-2654
-2554
-2874
-3351
-3961
-4389
-4832
-5107
-5373
-5801
-6229
-6880
-7340
-7692
-7800
-7994
-8029
-7826
-7193
-6559
-6438
-6281
-6270
-5717
-4908
-3880
-2949
-2383
-2134
-2021
-1630
-1074
-589
69
662
971
1371
1842
2314
2382
2556
2783
3195
3757
4128
3962
3837
3682
3722
3942
4285
4524
4415
4480
4466
4317
4358
4492
4560
4610
4542
4303
3797
3573
3434
3296
3257
3253
3122
2906
2760
2476
2219
1951
1789
1779
1807
1921
1795
1295
1176
1539
1596
1549
1422
1079
802
659
759
741
611
298
-340
-570
-224
90
-15
-372
-730
-1070
-1226
-1388
-1357
-1087
-803
-904
-1253
-1714
-2069
-2272
-2589
-2642
-2682
-2755
-2969
-3288
-3828
-4482
-5159
-5835
-6405
-6645
-6831
-7425
-8002
-8203
-8114
-7773
-7491
-7215
-7048
-7029
-6581
-5709
-4766
-4032
-3525
-3075
-2629
-1765
-1005
-280
483
1030
1520
2142
2469
3081
3496
3307
3448
3776
4218
4455
4622
4778
4926
5048
5171
5184
5437
5492
5353
5289
5060
4923
4895
4979
4761
4643
4490
4189
4160
4213
4095
3891
3564
3183
2816
2403
1901
1701
1447
1112
998
992
1126
1226
1447
1610
1698
1451
1439
1565
1558
1870
2116
2161
2182
1800
1158
463
67
168
351
498
476
281
-91
-617
-1259
-1465
-1465
-1219
-1036
-1082
-1705
-2758
-3405
-3684
-3560
-3616
-3745
-4096
-4639
-5066
-5807
-6590
-7263
-7407
-7318
-7228
-7151
-7369
-7922
-8358
-8246
-7704
-7060
-6763
-6729
-6819
-6484
-5912
-5312
-4476
-3524
-2663
-1965
-1380
-1013
-696
-390
191
1125
2086
2772
2741
2761
2925
3178
3712
4557
4957
5029
4849
4521
4573
4631
5051
5119
5167
5274
5195
4930
4767
4847
4865
5054
4972
4697
4306
3835
3323
3308
3449
3387
2722
2129
1790
1579
1576
1487
1535
1348
918
624
612
625
465
170
215
622
583
304
93
248
739
688
487
448
324
444
662
886
1222
995
755
536
364
70
-253
-367
-100
145
-111
-957
-1921
-2641
-2911
-3037
-3247
-3475
-4254
-4906
-5224
-5380
-5646
-6431
-6979
-7304
-7511
-7473
-7402
-7835
-8336
-8260
-7870
-7179
-6580
-6322
-6126
-5850
-5207
-4302
-3359
-2528
-1829
-1290
-809
-328
190
882
1855
2761
3255
3748
3790
3750
3913
4136
4550
5034
5493
5488
5338
5103
5195
5375
5522
5902
5972
5776
5479
5307
5412
5437
5481
5418
5142
5014
4601
4414
4206
3982
3712
3346
3137
2779
2475
2252
1938
1772
1631
1230
745
537
431
402
579
739
744
476
236
57
44
143
120
21
-27
-107
-302
-413
-549
-412
-239
-146
-175
-361
-419
-693
-695
-659
-687
-710
-824
-992
-1233
-1653
-2186
-2718
-3328
-3754
-4048
-4549
-5247
-5786
-6452
-7183
-7534
-7932
-8202
-8323
-8171
-8133
-8209
-8199
-7980
-7455
-6920
-6425
-6051
-5793
-5654
-4993
-3901
-2968
-2158
-1489
-1044
-362
517
1478
2601
3414
3798
4143
4688
4973
5277
5376
5517
6101
6567
6704
6691
6423
6174
6296
6415
6595
6555
6222
5662
5270
5239
5257
5251
4969
4529
4032
3774
3614
3455
3180
2943
2800
2670
2446
2194
1910
1485
1349
1595
1765
1709
1386
1023
761
654
669
596
609
753
856
844
572
139
-337
-693
-629
-315
44
393
601
323
64
-553
-1025
-1133
-987
-460
-144
-244
-643
-1170
-1630
-1686
-2118
-2702
-3377
-3993
-4079
-4154
-4226
-4670
-5444
-6173
-6404
-6448
-6512
-6943
-7525
-7848
-8083
-8136
-8058
-7893
-7649
-7280
-6814
-6300
-5960
-5549
-4961
-4065
-2833
-1823
-1287
-1038
-664
35
1147
2208
3046
3640
3885
4146
4546
5016
5485
6041
6501
6788
6904
6626
6229
6160
6338
6714
6565
6094
5613
5184
5114
5092
5362
5257
4718
4097
3703
3540
3520
3454
3214
2991
2539
2097
1873
1709
1721
1607
1370
1030
629
491
548
646
551
194
10
130
325
753
935
792
768
412
190
-57
-162
-4
63
119
40
-256
-692
-1096
-1421
-1206
-887
-714
-790
-1135
-1536
-1755
-1619
-1627
-1906
-2524
-3293
-3779
-4016
-3877
-4040
-4705
-5646
-6801
-7484
-7662
-7517
-7578
-7761
-7971
-8448
-8602
-8402
-7808
-7292
-7005
-6567
-6052
-5512
-5154
-4587
-3824
-2862
-1970
-1366
-1022
-598
-95
720
1723
2600
3224
3556
3744
3986
4556
5235
5590
5926
5959
5789
5505
5506
5756
5790
5854
5731
5575
5215
4920
4820
4837
4912
4749
4447
4045
3566
3231
2989
3013
2821
2360
1916
1744
1678
1787
1870
1437
1125
1082
1261
1299
1289
1513
1449
1262
832
501
573
703
946
901
786
371
-81
-297
-321
-25
297
415
84
-224
-308
23
291
252
-192
-486
-362
27
375
82
-434
-1213
-1599
-1807
-2235
-2640
-3065
-3319
-3808
-4031
-4841
-5681
-6605
-7025
-6701
-6400
-6440
-7028
-7572
-7979
-7577
-6908
-6247
-5964
-6048
-6033
-5752
-4950
-3917
-3074
-2474
-1798
-1178
-611
43
718
1690
2620
3587
4199
4550
4499
4541
5035
5686
6192
6221
5959
5730
5626
5771
5711
5555
5511
5154
4739
4452
4136
3824
3692
3370
3195
3095
2840
2235
1691
1362
1166
1076
955
960
794
592
376
360
572
967
939
827
688
777
1098
1177
1130
878
739
773
1130
1353
1404
1205
941
600
382
423
541
691
339
-168
-677
-607
-163
-34
-107
-656
-1331
-1851
-1838
-1213
-441
-261
-783
-1523
-2038
-2232
-2213
-2270
-2543
-2806
-3142
-3635
-4381
-5183
-5950
-6311
-6228
-6045
-6436
-7550
-8490
-8754
-8236
-7320
-6696
-6635
-6915
-6980
-6469
-5341
-4092
-3032
-2385
-1854
-1009
-44
778
1481
2257
3029
3725
4403
4963
5458
5784
6237
6628
6671
6726
6633
6812
6919
7040
7090
6832
6250
5670
5447
5336
5034
4562
3993
3320
2910
2530
2207
1984
1531
995
408
57
115
200
112
177
-56
-348
-559
-449
-344
-102
355
581
744
873
1010
1274
1521
1759
1907
2143
2110
1762
1446
1312
1473
1698
1781
1835
1578
1139
850
813
1302
1726
1533
781
-214
-1053
-1300
-761
74
382
-272
-1547
-2544
-2902
-2667
-2391
-2715
-3288
-4229
-4962
-5609
-6152
-6576
-7116
-7433
-7603
-7601
-7986
-8493
-8909
-8730
-8103
-7485
-7228
-7089
-6845
-6366
-5501
-4317
-3042
-2405
-2000
-1446
-565
714
1897
2905
3484
3972
4559
5356
6094
6880
7456
7805
7992
7788
7623
7602
7773
7818
7497
6869
5977
5406
5190
5060
4732
4096
3248
2284
1883
1789
1715
1185
367
-432
-885
-939
-715
-686
-834
-1074
-1240
-1263
-1140
-952
-665
-128
330
669
706
680
871
1445
2016
2497
2752
2662
2478
2457
2617
3078
3555
3572
3123
2440
1959
1773
1832
2081
2219
2004
995
-184
-1176
-1428
-1116
-586
-297
-992
-2278
-3719
-4651
-4668
-4222
-4200
-4623
-5637
-6584
-7336
-7887
-8262
-8869
-9428
-9605
-9548
-9717
-9933
-10295
-10446
-9811
-8927
-7844
-7289
-7230
-7036
-6243
-4778
-3252
-2023
-1276
-540
290
1442
2637
3566
4550
5314
6021
6984
7664
8096
8098
7912
7926
7938
8002
8018
7891
7423
6828
6073
5303
4796
4630
4427
4014
3222
2152
1137
516
373
411
206
-394
-1135
-1793
-1886
-1724
-1494
-1329
-1243
-1231
-1285
-1103
-767
-244
426
889
1213
1376
1651
2212
2938
3575
3956
4058
4312
4355
4372
4373
4327
4260
4020
3943
3673
3359
3195
3191
3330
3453
2833
1801
662
-305
-667
-567
-265
-571
-1762
-3221
-4402
-5036
-5145
-5172
-5675
-6631
-7772
-8460
-9047
-9556
-10174
-10925
-11274
-11370
-11090
-10888
-10888
-10949
-10688
-9926
-8706
-7440
-6600
-6493
-6326
-5249
-3492
-1437
39
994
1690
2564
3547
4727
5634
6364
6985
7449
7969
8597
8920
8892
8530
7934
7827
7689
7378
6918
6147
5372
4267
3316
2664
2205
1682
853
-22
-792
-1272
-1465
-1510
-1571
-1546
-1794
-1978
-2036
-1892
-1393
-839
-454
-347
-187
17
388
1140
1774
2376
2895
3033
3185
3621
4154
4572
4848
4976
4879
4683
4510
4511
4618
4722
4649
4406
3978
3333
3026
2784
2992
3157
2730
2059
808
-558
-1260
-1360
-1055
-1077
-2058
-3698
-5446
-6606
-6954
-7035
-7283
-7801
-8620
-9319
-9787
-10253
-10727
-11254
-11668
-11416
-10828
-10295
-9955
-10173
-10233
-9666
-8428
-6893
-5510
-4495
-3861
-3163
-1868
-33
1621
3048
4093
4658
5177
5779
6490
7149
7758
8349
8957
9238
9079
8591
7880
7070
6368
6065
5789
5371
4506
3296
2133
1231
588
211
-85
-541
-982
-1578
-1998
-2101
-2035
-1859
-1735
-1481
-1163
-806
-414
85
669
1409
1951
2294
2595
2895
3480
4155
4888
5519
5882
5895
5878
5933
6215
6459
6629
6417
5857
5365
4712
4153
3621
3244
2867
2608
2400
1809
1272
1044
1037
643
-107
-1366
-2715
-3627
-3605
-2847
-2437
-2786
-4057
-5773
-7224
-7883
-8362
-8528
-8739
-9059
-9288
-9552
-9905
-10636
-11423
-11909
-11395
-10286
-9079
-8505
-8627
-8776
-8344
-7018
-5239
-3641
-2723
-2046
-1475
-390
1033
2169
3101
3654
4192
4981
5809
6386
6857
6949
6919
7125
7383
7573
7459
6928
5962
5055
4556
4356
4071
3524
2420
1148
218
-57
1
-150
-872
-1875
-2798
-3036
-2516
-1967
-1322
-978
-1050
-1069
-885
-228
816
1710
2269
2570
2893
3181
3579
4101
4793
5102
5135
5260
5534
5657
5474
5142
4617
4263
3936
3682
3407
2845
2106
1646
1367
1253
1052
537
-208
-734
-895
-582
-23
391
220
-512
-1535
-2625
-2992
-3024
-2275
-1390
-1206
-1781
-2979
-4525
-5703
-6554
-6935
-6787
-6347
-5690
-5605
-6086
-7250
-8584
-9359
-9314
-8511
-7219
-6254
-6054
-6331
-6633
-6242
-5243
-4208
-3333
-2654
-1977
-1039
-99
817
1705
2513
3121
3867
4833
5440
5836
6171
6359
6741
7093
7112
6708
6044
5514
5318
5292
5545
5536
4989
4035
3016
2216
1853
1997
2111
2006
1619
1316
1328
1594
1736
1486
1085
682
345
395
655
805
779
678
187
-244
-418
-652
-911
-1074
-1235
-1274
-1399
-1614
-1829
-1862
-1713
-1639
-1461
-1327
-1267
-1107
-974
-777
-583
-562
-707
-784
-714
-695
-651
-750
-772
-470
-274
-250
-525
-853
-1182
-1438
-1290
-945
-479
-180
-180
-738
-1243
-1699
-1606
-970
-187
612
1041
730
237
-183
-566
-876
-1118
-1221
-1110
-1056
-982
-1110
-1681
-2277
-2904
-3350
-3613
-3675
-3610
-3356
-3004
-2537
-2087
-1667
-1276
-1081
-715
-196
347
1234
2089
2734
3184
3429
3610
3817
4305
4839
5217
5288
5117
5058
4939
4896
4878
4464
3936
3285
2844
2521
2144
1816
1306
734
139
-386
-839
-1172
-1412
-1802
-2187
-2340
-2468
-2551
-2573
-2678
-2578
-2521
-2470
-2383
-2253
-2122
-2098
-2017
-1619
-1249
-997
-885
-693
-335
-134
45
36
-117
-213
3
373
667
849
963
848
702
604
552
481
310
-3
-398
-762
-1197
-1460
-1485
-1720
-2282
-2721
-2880
-2593
-2298
-1793
-1257
-1080
-912
-843
-691
-440
100
743
1279
1671
2038
2273
2178
2370
2671
2855
2645
2119
1518
1029
886
1031
1221
1216
951
491
23
-508
-783
-1000
-1094
-1047
-604
-42
615
1166
1370
1650
1758
1971
2070
1920
1902
1937
2170
2449
2579
2410
2039
1613
1147
757
408
285
279
117
-253
-778
-1253
-1632
-1962
-2115
-2277
-2510
-2567
-2483
-2338
-2426
-2658
-2870
-2896
-2799
-2710
-2443
-2294
-2145
-1807
-1592
-1035
-514
-24
424
529
543
368
351
322
300
546
594
782
843
751
730
485
232
-167
-510
-802
-967
-963
-934
-829
-1087
-1752
-2428
-2847
-2916
-2771
-2375
-2097
-2308
-2583
-2854
-2920
-2624
-1961
-1196
-518
161
551
898
1315
1730
2302
2882
3407
3744
3893
4269
4841
5367
5593
5545
5269
5039
4967
4985
5199
5191
4825
4213
3462
2973
2604
2362
2475
2403
2069
1504
728
-15
-540
-1169
-1524
-1526
-1490
-1245
-1208
-1599
-2043
-2556
-2958
-3222
-3417
-3394
-3338
-3276
-3032
-2899
-2968
-3022
-3164
-3336
-3187
-2965
-2865
-2755
-2755
-2678
-2674
-2421
-1945
-1559
-1161
-671
-264
-20
418
620
679
742
691
609
691
970
1340
1650
1452
986
381
-31
-77
-63
137
323
208
-148
-376
-682
-1031
-1293
-1551
-1519
-1653
-2044
-2403
-2690
-2693
-2293
-1644
-1257
-1188
-1326
-1497
-1386
-935
-247
374
750
978
1028
1222
1550
1977
2322
2330
2242
2157
2279
2474
3126
3640
3951
3912
3570
3283
3177
3361
3499
3780
4158
4800
5065
4844
4235
3430
2883
2433
2211
2054
1927
1965
1903
1707
899
-407
-1871
-3170
-3911
-4283
-4542
-4603
-4676
-5004
-5465
-5830
-6101
-6362
-6572
-6783
-6686
-6343
-5864
-5118
-4431
-3917
-3479
-3237
-2977
-2763
-2549
-2278
-1786
-1218
-474
133
353
620
1028
1336
1299
994
708
629
909
1262
1347
1070
789
1017
1467
1568
1459
1085
745
605
566
477
373
480
510
574
511
197
-321
-792
-1185
-1221
-720
-99
467
821
938
883
1145
1362
1276
985
781
991
1477
2030
2404
2479
2267
1880
1333
1005
1035
1575
2453
3053
3404
3159
2734
2358
2056
2017
2027
2267
2967
3802
4143
3897
3586
3261
2994
2933
2796
2828
3193
3623
4103
4346
3600
2217
601
-803
-1760
-2109
-2129
-2093
-2156
-2690
-3701
-4987
-6584
-8181
-9412
-9842
-9593
-8846
-8087
-7766
-7615
-7471
-7043
-6339
-5710
-5034
-4492
-3987
-3352
-2560
-1477
-339
909
2233
3246
3848
3941
3479
3143
3288
3685
4340
4924
5029
4763
4167
3164
1919
603
-445
-1137
-1521
-1812
-2262
-2460
-2780
-2816
-2645
-2827
-3305
-3889
-4271
-4151
-3554
-2549
-1427
-518
129
606
972
1409
1803
2308
2768
3459
4283
5186
6082
6772
7241
7217
6899
6274
5664
5299
5086
5041
5343
5590
5465
5026
4235
3207
2346
1911
1624
1278
1035
993
1042
1219
1443
1583
1505
1401
1226
1350
1707
1927
2101
2073
2117
2287
2250
1981
1217
133
-669
-1032
-1129
-1358
-1805
-2351
-3122
-4063
-5272
-6741
-7964
-8627
-8962
-9153
-8982
-8917
-8848
-8605
-8244
-7478
-6932
-6400
-6002
-5687
-5168
-4251
-2727
-1041
649
2160
3429
4069
4359
4486
4501
4768
4941
5082
5249
5129
4744
4455
4207
3864
3437
2436
951
-901
-2640
-3845
-4542
-4525
-4238
-3971
-3646
-3502
-3730
-4324
-5174
-5975
-6404
-6094
-5032
-3473
-1719
-106
1067
2141
3154
3949
4578
4899
5064
5141
5326
5536
5834
6028
6404
6881
7150
7123
6665
6001
5284
4724
4548
4603
4514
4212
3609
3082
2714
2437
2209
1587
739
48
-236
218
1138
2096
2835
3138
3058
2565
2157
1936
1890
1611
956
-31
-909
-1342
-1826
-2347
-2920
-3548
-4181
-4885
-5871
-7253
-8620
-9855
-10636
-11268
-11740
-11986
-11867
-11275
-10169
-8654
-7424
-6431
-6111
-5902
-5670
-5024
-3924
-2416
-776
737
2315
3668
5001
6101
6774
7094
7272
7560
7816
7710
7423
6896
6513
6438
6378
6132
5223
3622
1577
-797
-3043
-4729
-5807
-6321
-6168
-5755
-5387
-4891
-4742
-4939
-5151
-5228
-5105
-4803
-4446
-3747
-2522
-725
1513
3546
4976
5802
6299
6244
6041
6073
6132
6402
6605
6711
6758
6837
6729
6543
6079
5556
5076
4519
3803
3103
2379
1724
1384
910
416
-97
-532
-723
-334
404
1313
2059
2478
2957
3469
4018
4648
5027
4779
3692
2051
493
-730
-1550
-2203
-2926
-3678
-4633
-5821
-7052
-8377
-9961
-11378
-12362
-13069
-13660
-13977
-13931
-13476
-12459
-11303
-10253
-9498
-9023
-8611
-8001
-6869
-5360
-3458
-1691
-18
1606
3157
4648
5607
6668
7633
8700
9735
10297
10412
10070
9547
9143
8655
8081
7333
6331
4889
3375
1629
-312
-2008
-3209
-3511
-3565
-3642
-3963
-4233
-4316
-4244
-3992
-3803
-3567
-3339
-3140
-2786
-2069
-972
494
2111
3324
4164
4758
5165
5426
5589
5802
5885
6078
6358
6494
6474
6467
6546
6690
6755
6316
5663
4773
3947
3315
2846
2323
1623
921
-110
-861
-1307
-1484
-1483
-1262
-956
-325
344
1296
2402
3475
4243
4104
3311
1754
-45
-1773
-3147
-4263
-5075
-5641
-5905
-6107
-6524
-6983
-7684
-8564
-9530
-10682
-11895
-12851
-13415
-13253
-12469
-11008
-9312
-7714
-6298
-5277
-4308
-3624
-2676
-1914
-1029
-124
886
2263
3513
4696
5832
7235
8632
9868
10547
10529
10063
9297
8518
7823
7363
6974
6123
5148
4112
2729
1192
-506
-2079
-3248
-3991
-4576
-4951
-5036
-4836
-4544
-4187
-3864
-3812
-3834
-3791
-3397
-2665
-1869
-1070
-222
652
1688
2969
4392
5598
6506
6945
6808
6388
5793
5152
4636
4465
4690
5089
5558
5903
5965
5759
5309
4634
3674
2704
1694
646
-297
-1086
-1686
-2165
-2596
-2961
-3169
-3057
-2484
-1538
-467
666
1679
2212
2195
1396
61
-1387
-2668
-4051
-5226
-6308
-7150
-7604
-7737
-7628
-7468
-7433
-7645
-8125
-8959
-9756
-10633
-11193
-11183
-10614
-9515
-7851
-6092
-4537
-3088
-1885
-840
173
1033
1908
2698
3484
4262
5019
5824
6526
7423
8445
9523
10198
10488
10332
9727
8918
7946
6923
5704
4345
2860
1389
-172
-1806
-3344
-4499
-5157
-5440
-5411
-5238
-4885
-4418
-3969
-3569
-3362
-3103
-2917
-2775
-2507
-2243
-1849
-1503
-870
101
1296
2769
4434
5763
6709
7234
7373
6874
6063
5365
4671
4394
4201
4261
4305
4553
4818
4927
5081
4920
4550
3872
2795
1410
-69
-1495
-2806
-3919
-4641
-4904
-4670
-4041
-3325
-2447
-1536
-526
682
2049
3004
3268
2559
1128
-420
-1820
-3113
-4662
-6028
-6983
-7282
-6803
-6011
-5241
-4722
-4777
-5151
-5891
-6810
-7626
-8117
-8437
-8467
-8144
-7378
-6147
-4621
-2944
-1565
-217
1049
2217
3124
3624
3971
4178
4470
4810
5216
5794
6556
7488
8140
8439
8562
8581
8312
7656
6790
5794
4559
3187
1654
-157
-2026
-3763
-4938
-5580
-5931
-5973
-5703
-5394
-4920
-4206
-3401
-2737
-2125
-1894
-1888
-1992
-2153
-2137
-1962
-1533
-538
933
2629
4378
5849
7009
7593
7613
7145
6373
5631
4843
4096
3447
2712
2241
1928
1944
2065
2271
2338
2270
2072
1415
558
-607
-2144
-3598
-4982
-5991
-6555
-6730
-6248
-5287
-3899
-2151
-365
1294
2874
4363
5424
5618
4984
3683
2093
836
-329
-1275
-2052
-2489
-2522
-2319
-2005
-1913
-2152
-2435
-2935
-3557
-4356
-5336
-6024
-6866
-7459
-7548
-7368
-6923
-6280
-5566
-4902
-4101
-2809
-1274
152
1344
2254
2951
3523
4266
5255
6192
7019
7502
7674
7841
8204
8559
8527
8332
7866
7182
6281
4991
3451
1923
317
-1211
-2594
-3792
-4696
-5225
-5452
-5418
-5237
-4894
-4235
-3766
-3500
-3532
-3674
-3783
-3716
-3251
-2740
-2210
-1547
-629
542
1718
2897
4133
5303
6193
6607
6698
6590
6197
5570
4824
3931
2949
2265
1522
894
310
-329
-866
-1271
-1719
-2235
-2782
-3597
-4435
-5225
-5985
-6426
-6843
-6922
-6271
-5126
-3284
-1081
1171
3135
4751
5849
6391
6400
6030
5464
4913
4256
3437
2353
1538
1204
977
925
531
-148
-1047
-2138
-3250
-4176
-4922
-5402
-5799
-6119
-6359
-6645
-6968
-7265
-7569
-7870
-7627
-7017
-5892
-4328
-2639
-674
1369
3291
4863
6115
7163
7985
8681
9034
9057
8896
8471
7938
7264
6758
6402
6072
5725
5051
4145
2738
1096
-609
-2188
-3603
-4758
-5688
-6581
-7058
-7252
-7346
-7384
-7663
-7889
-7856
-7300
-6351
-5226
-3957
-2850
-1763
-820
64
889
1739
2460
3136
3917
4719
5781
6632
7105
7320
7055
6497
6030
5605
5047
4052
2562
787
-1025
-2482
-3339
-3795
-4060
-4493
-4987
-5233
-5507
-5404
-5253
-5004
-4511
-3685
-2465
-1096
211
1647
3109
4474
5785
6811
7721
8066
8139
8120
8125
7937
7175
5973
4587
3196
1869
686
-606
-1963
-3339
-4483
-5395
-6058
-6659
-7221
-7789
-8250
-8653
-9080
-9379
-9746
-9933
-9763
-9070
-7730
-5970
-4096
-2018
236
2332
4526
6483
7898
8705
9007
9054
8627
8194
7874
7334
6829
6579
6288
6011
5601
4880
3812
2548
1337
-117
-1458
-2618
-3772
-4914
-5977
-6924
-7747
-8405
-8804
-9151
-9110
-8670
-7978
-6807
-5460
-3997
-2709
-1495
-365
638
1549
2551
3287
3823
4419
4951
5642
6215
6797
7257
7464
7329
6680
5574
4196
2774
1434
321
-812
-1906
-2777
-3620
-4273
-4798
-5040
-4909
-4454
-4025
-3451
-3099
-2682
-1885
-1083
-267
319
1129
2017
3191
4519
5873
7093
7726
8105
8329
8419
8386
7965
6930
5509
3911
2396
921
-371
-1791
-3181
-4553
-5887
-6897
-7618
-8310
-9029
-9727
-10499
-11096
-11360
-11448
-11430
-11219
-10716
-9623
-8023
-6087
-4055
-2030
79
1986
3571
4804
5715
6469
6907
7181
7506
8036
8517
8781
8720
8364
8008
7477
6747
5666
4439
3172
1818
625
-633
-1915
-3344
-4784
-6031
-6976
-7475
-7656
-7619
-7512
-7260
-6800
-6114
-5377
-4627
-3812
-3227
-2610
-1937
-1266
-415
473
1504
2637
3968
5223
6174
6783
6942
6918
6768
6405
5700
4695
3405
1778
480
-717
-1565
-2081
-2563
-2755
-3086
-3139
-2606
-2245
-2020
-1838
-1871
-1685
-1399
-1062
-762
-349
366
1228
2348
3574
4795
6223
7578
8675
9219
9342
9223
8764
8138
7198
5986
4686
3310
1805
318
-1392
-2987
-4341
-5714
-7003
-8177
-9150
-10082
-11032
-11897
-12378
-12404
-12295
-12037
-11597
-10843
-9794
-8526
-6995
-5364
-3707
-2122
-465
1359
3102
4607
5778
6818
7819
8795
9760
10119
10050
9714
9271
9126
8954
8463
7652
6462
5038
3193
1485
-162
-1781
-3162
-4609
-5858
-6712
-7042
-7031
-6828
-6499
-6279
-5839
-5494
-5110
-4684
-4270
-3796
-3146
-2564
-1880
-1256
-626
165
1194
2486
3919
5332
6306
6789
6834
6595
6120
5488
4417
2999
1376
-259
-1476
-2443
-3187
-3553
-3702
-3655
-3319
-2757
-2115
-1481
-994
-566
-497
-628
-756
-800
-500
64
891
1940
3137
4464
5894
7327
8626
9838
10938
11454
11460
10862
9705
8313
6593
4705
2788
816
-1052
-2828
-4470
-5928
-7319
-8524
-9766
-10906
-11924
-12823
-13527
-14114
-14188
-13820
-13232
-12472
-11542
-10427
-9011
-7413
-5598
-3634
-1711
101
2060
4058
5998
7597
9079
10500
11502
12251
12610
12677
12303
11710
10810
9862
9002
7841
6592
4969
3235
1505
-361
-2135
-3895
-5343
-6472
-7382
-7854
-8026
-7826
-7419
-6987
-6648
-6232
-5851
-5394
-4971
-4637
-4200
-3603
-2836
-1842
-728
522
1935
3287
4530
5424
5964
6480
6651
6396
5721
4719
3526
2371
1119
70
-885
-1827
-2322
-2528
-2395
-2061
-1811
-1455
-1228
-1131
-933
-819
-581
-264
-137
-152
-168
117
706
1806
3217
4777
6266
7814
9179
10292
11021
11328
11071
10046
8642
7003
5285
3624
1864
103
-1489
-3010
-4387
-5854
-7443
-9054
-10574
-12009
-12922
-13664
-14151
-14417
-14466
-14176
-13538
-12481
-11152
-9768
-8360
-6556
-4580
-2451
-420
1531
3435
5471
7495
9368
11056
12388
13324
13705
13629
13174
12555
11906
10960
9877
8737
7523
6363
4893
3131
1273
-676
-2380
-3840
-5095
-5856
-6343
-6692
-6821
-6732
-6655
-6525
-6542
-6632
-6604
-6461
-5955
-5354
-4671
-4056
-3361
-2427
-1207
4
1212
2131
2871
3539
3941
4149
4258
4187
3853
3407
2833
2216
1411
680
-226
-871
-1530
-1972
-2012
-2029
-1903
-1727
-1524
-1290
-918
-516
-179
436
1120
1626
2190
2609
3096
3503
4018
4626
5295
5873
6194
6403
6464
6425
6277
5779
4998
4215
3227
2246
1248
290
-817
-1916
-3087
-4337
-5428
-6247
-7136
-8029
-8845
-9743
-10418
-10855
-11014
-11036
-10687
-10431
-9960
-9171
-8114
-6502
-4829
-3224
-1521
277
2244
4297
6135
7586
8651
9339
9758
10309
10362
10138
9606
8756
8000
7176
6300
5256
4226
3218
2309
1369
732
-41
-750
-1514
-2257
-2973
-3660
-4290
-4821
-4980
-5059
-5021
-4908
-4748
-4590
-4223
-3830
-3538
-3241
-3012
-2682
-2233
-1793
-1173
-724
-269
188
723
1396
1811
2108
2232
2053
1783
1424
1044
505
-56
-726
-1398
-2020
-2305
-2194
-1799
-1359
-794
-102
663
1489
2024
2423
2852
3215
3250
3234
3176
3071
3023
2976
2723
2481
2358
2460
2515
2654
2862
2996
3100
3029
2866
2588
2391
2005
1372
505
-431
-1343
-1927
-2487
-2939
-3370
-3809
-4186
-4527
-4668
-4936
-5298
-5735
-6167
-6554
-6557
-6296
-5933
-5555
-4985
-4334
-3356
-2244
-1272
-249
497
1467
2452
3314
4039
4609
4993
5256
5504
5668
5763
5897
5939
5900
5801
5569
5179
4286
3190
2195
1360
547
-42
-509
-1074
-1555
-2024
-2339
-2526
-2625
-2730
-2939
-3284
-3450
-3537
-3591
-3645
-3846
-4037
-4204
-4346
-4639
-4833
-4737
-4516
-3986
-3422
-2843
-2350
-1692
-893
-147
363
513
462
206
72
24
235
569
867
1030
1175
1372
1541
1852
1979
1958
1987
1651
1303
845
496
323
176
257
538
771
830
774
805
1070
1399
1768
2091
2352
2652
2928
3024
3061
3181
3220
3183
3078
2683
2325
1886
1356
948
426
54
-260
-546
-923
-1178
-1275
-1532
-1816
-2418
-3181
-3912
-4629
-5233
-5750
-5998
-6014
-5911
-5693
-5400
-5139
-4795
-4256
-3441
-2360
-1012
482
1927
3404
4418
5334
6170
6845
7258
7270
7058
6707
6312
5894
5447
4750
4140
3423
2678
1917
1174
437
-316
-1008
-1661
-2020
-2399
-2812
-3150
-3454
-3718
-4044
-4454
-5004
-5494
-5764
-5916
-5757
-5521
-5157
-4829
-4467
-4013
-3496
-2790
-1893
-899
-180
544
1069
1611
2144
2426
2755
2901
2827
2556
2187
1635
952
243
-411
-1017
-1453
-1789
-1953
-1923
-1822
-1544
-974
-501
89
733
1329
1918
2244
2652
2916
3213
3561
3783
4032
4253
4437
4485
4593
4617
4637
4649
4455
4199
3896
3587
3251
2970
2470
1923
1346
523
-148
-730
-1201
-1709
-2395
-3238
-4145
-4964
-5764
-6394
-6777
-6987
-7106
-7169
-7009
-6624
-6018
-5306
-4355
-3350
-2434
-1349
-316
650
1510
2566
3446
4160
4704
5059
5367
5559
5613
5603
5226
4769
4245
3532
2801
2337
1815
1264
825
270
-460
-1245
-1935
-2555
-3149
-3550
-3736
-4043
-4072
-4072
-4055
-3927
-3573
-3210
-3148
-3130
-3143
-3233
-3148
-3171
-3172
-2886
-2353
-1654
-845
-129
420
874
1078
1224
1313
1297
955
459
-150
-737
-1090
-1481
-1813
-2007
-2058
-1764
-1234
-435
291
1115
2016
2670
3265
3955
4535
4955
5354
5621
5835
5928
5757
5481
5134
4914
4768
4735
4679
4539
4171
3643
3327
3048
2829
2659
2281
1598
972
420
-154
-448
-799
-1219
-1648
-2048
-2475
-3020
-3447
-3872
-4102
-4210
-4241
-4185
-4042
-3876
-3554
-3047
-2629
-2016
-1359
-765
-398
-4
222
245
103
-228
-517
-871
-1000
-1103
-1053
-749
-235
431
1235
1860
2345
2916
3248
3350
3094
2673
1938
998
264
-313
-712
-922
-944
-993
-1041
-1126
-1190
-1276
-1365
-1562
-1664
-1850
-1902
-1836
-1864
-1784
-1772
-1755
-1838
-1706
-1692
-1659
-1767
-2062
-2191
-2357
-2362
-2322
-2110
-2024
-1912
-1700
-1332
-761
-318
389
916
1521
2018
2591
3102
3465
3592
3589
3576
3418
3319
3107
3089
2983
2894
2751
2578
2659
2890
3110
3213
3346
3285
3183
2845
2284
1654
1052
493
-137
-535
-726
-660
-692
-630
-716
-819
-704
-965
-1041
-1228
-1279
-1281
-1289
-1079
-930
-851
-781
-657
-620
-356
-80
210
340
387
492
561
562
234
-165
-669
-1113
-1463
-2002
-2342
-2750
-2982
-3178
-3146
-3027
-2934
-2646
-2373
-2273
-2105
-1812
-1350
-622
10
613
1192
1796
2241
2628
2765
2829
2580
2072
1352
822
311
-149
-366
-340
-136
111
377
496
903
998
874
655
136
-267
-793
-1228
-1566
-1700
-1867
-2168
-2425
-2612
-2675
-2565
-2400
-2137
-1662
-1219
-687
-188
344
1044
1610
2118
2590
2759
2917
2735
2553
2405
2121
1806
1483
1093
829
616
498
372
134
-10
-241
-369
-587
-693
-676
-615
-402
-284
-209
-163
-138
-155
-182
-242
-443
-479
-341
-131
380
983
1609
2285
2792
3090
3367
3428
3313
2977
2541
2200
1880
1647
1278
968
632
473
290
186
124
136
156
76
-17
-211
-532
-909
-1359
-1721
-1892
-2065
-2233
-2359
-2494
-2811
-2949
-3088
-3303
-3346
-3410
-3227
-2834
-2387
-1846
-1354
-829
-334
119
651
1256
1747
2205
2639
2765
2615
2429
2211
1981
1789
1587
1346
1081
886
554
260
242
294
375
371
352
288
201
129
63
-238
-419
-537
-879
-1234
-1541
-1740
-1927
-1947
-1971
-1884
-1574
-1127
-682
-223
77
83
86
144
54
159
186
58
-90
-159
-178
-248
-275
-339
-571
-729
-938
-1201
-1459
-1667
-1867
-1915
-1827
-1507
-1073
-594
87
644
1320
1803
2212
2682
2905
3085
2971
2748
2449
1977
1685
1459
1387
1384
1600
1852
1952
2217
2412
2482
2438
2035
1617
1234
800
461
108
-60
-324
-653
-947
-1256
-1464
-1640
-1846
-1962
-2082
-2160
-2060
-2003
-2127
-2260
-2260
-2192
-2071
-2002
-1912
-1876
-1739
-1581
-1326
-1150
-944
-674
-459
-260
-161
-45
18
217
470
715
894
1250
1564
1914
2118
2282
2414
2331
2289
2042
1849
1650
1430
1085
544
51
-388
-823
-994
-1023
-943
-795
-664
-531
-514
-639
-824
-1137
-1322
-1559
-1843
-2090
-2247
-2390
-2407
-2307
-2040
-1721
-1248
-776
-321
150
363
627
661
625
445
164
-8
-427
-554
-732
-766
-711
-602
-453
-159
73
211
280
184
126
156
191
219
429
681
1045
1158
1423
1696
1945
2262
2574
2788
2893
3063
2940
2788
2684
2473
2327
2179
1858
1524
1171
583
81
-261
-759
-1214
-1559
-1786
-1865
-2053
-2161
-2299
-2468
-2565
-2593
-2620
-2426
-2340
-2136
-1792
-1410
-821
-435
6
478
733
872
1043
1110
1023
923
824
588
374
215
-13
-294
-510
-665
-799
-936
-981
-1023
-1117
-1205
-1171
-1179
-1220
-1057
-852
-693
-450
-318
-224
-50
134
318
480
466
400
151
-19
-187
-264
-209
-349
-359
-395
-392
-187
-16
201
284
482
659
620
624
344
-98
-554
-928
-1380
-1722
-2006
-2036
-2064
-2196
-2188
-2052
-1839
-1566
-1246
-965
-553
-317
-74
153
204
254
230
171
154
-53
-123
-107
-148
31
396
683
1036
1374
1571
1756
1947
2064
2253
2414
2421
2409
2323
2131
1802
1431
1129
842
482
260
76
-45
-80
-88
-142
-120
-124
-206
-298
-218
-251
-286
-246
-285
-250
-277
-378
-482
-535
-580
-545
-502
-379
-112
151
412
596
753
926
875
836
786
659
471
410
295
148
-75
-121
-188
-270
-214
-142
-118
9
36
-76
1
83
123
229
384
378
318
186
260
337
529
799
1062
1390
1646
1872
1925
1992
2037
1985
1832
1612
1375
1017
723
433
114
-315
-780
-1094
-1431
-1652
-1926
-2264
-2606
-2996
-3256
-3485
-3622
-3617
-3584
-3409
-3318
-3202
-3210
-3067
-2758
-2284
-1787
-1306
-761
-317
76
321
616
868
1052
1351
1630
1848
1973
2100
2150
2030
1712
1342
958
529
170
-147
-303
-348
-300
-125
104
301
429
568
615
466
258
-150
-497
-869
-1197
-1469
-1784
-2021
-2096
-2085
-1913
-1499
-945
-320
273
773
991
997
890
674
445
86
-356
-782
-971
-1014
-984
-788
-582
-196
161
583
1013
1433
1891
2203
2329
2219
2049
1665
1479
1373
1192
1106
1026
904
805
864
916
1044
1254
1366
1523
1724
1896
2043
2081
2105
2054
1877
1775
1689
1469
1425
1228
946
477
-70
-524
-1059
-1460
-1978
-2439
-2761
-2938
-2898
-2922
-2746
-2445
-2150
-1874
-1657
-1319
-1101
-1029
-1097
-1359
-1642
-1889
-2118
-2234
-2175
-2013
-1726
-1377
-833
-285
322
793
1061
1247
1368
1306
1104
901
815
721
680
769
740
712
768
783
756
783
683
576
335
9
-488
-975
-1420
-1606
-1753
-1810
-1742
-1657
-1438
-1170
-864
-690
-543
-386
-329
-343
-380
-464
-517
-745
-873
-981
-1034
-760
-350
202
665
1191
1562
1769
1825
1769
1559
1094
743
376
24
-258
-182
3
352
679
1014
1476
1989
2431
2569
2565
2564
2448
2227
1919
1512
931
568
392
115
-9
-93
-54
178
596
985
1395
1600
1571
1426
1040
662
293
-55
-333
-712
-977
-1169
-1176
-1093
-1005
-995
-1128
-1254
-1562
-1816
-1937
-2176
-2464
-2583
-2598
-2417
-2119
-1795
-1567
-1396
-1273
-1241
-1396
-1455
-1567
-1711
-1774
-1801
-1725
-1630
-1510
-1206
-852
-425
22
420
686
973
1174
1250
1136
930
810
682
655
471
420
320
183
53
16
-140
-159
-133
-219
-196
-346
-374
-449
-608
-798
-963
-1060
-1074
-924
-580
-69
520
1081
1561
2031
2400
2705
2980
3022
2917
2714
2310
1897
1557
1204
875
724
606
484
498
494
462
420
446
385
218
86
53
-137
-370
-567
-683
-728
-448
-116
226
561
852
1161
1197
1371
1291
1065
819
519
240
77
-5
7
166
381
782
1179
1604
1866
1978
1922
1623
1294
837
221
-252
-706
-1019
-1518
-1721
-1773
-2050
-2051
-2050
-2002
-1857
-1657
-1564
-1433
-1314
-1177
-855
-755
-616
-527
-460
-391
-211
-125
104
188
268
419
530
677
660
740
589
657
720
803
845
702
431
179
-43
-199
-330
-403
-478
-676
-923
-1160
-1360
-1520
-1663
-1626
-1575
-1337
-927
-620
-244
-81
193
314
368
401
496
640
660
768
781
775
591
487
517
565
587
667
795
966
1178
1175
1130
908
586
295
-165
-615
-962
-1164
-1443
-1477
-1488
-1603
-1532
-1372
-1088
-842
-548
-438
-313
-204
-139
30
177
305
556
685
759
887
881
923
868
775
671
607
680
866
1051
1261
1414
1377
1285
1181
936
790
667
345
89
-281
-664
-992
-1282
-1518
-1746
-1923
-1976
-2061
-2062
-1764
-1593
-1402
-1131
-772
-216
243
649
1109
1520
1863
2112
2246
2317
2294
2132
1966
1790
1537
1172
932
754
377
23
5
51
96
69
-9
-371
-488
-742
-1015
-1189
-1412
-1659
-1956
-2053
-2057
-1906
-1813
-1590
-1354
-1018
-619
-126
424
905
1308
1729
2024
2199
2210
2417
2362
2188
1900
1620
1384
986
839
522
263
12
-206
-348
-546
-693
-743
-755
-825
-1062
-1227
-1315
-1439
-1450
-1598
-1766
-1794
-1734
-1678
-1469
-1314
-1223
-981
-773
-533
-418
-93
229
453
590
796
1036
1055
1112
1105
1108
940
671
306
-174
-620
-887
-1218
-1518
-1531
-1558
-1463
-1379
-1215
-1088
-842
-600
-439
-240
-54
84
380
497
587
759
962
1241
1559
1759
1889
2067
2076
2012
1889
1642
1240
979
651
528
456
509
533
516
570
486
356
207
-70
-413
-848
-1370
-1771
-2305
-2677
-2915
-2886
-2667
-2403
-2103
-1790
-1452
-933
-275
235
825
1323
1717
2108
2178
2117
1905
1659
1511
1266
1196
1186
1332
1393
1421
1346
1326
1200
1238
1212
1022
711
306
59
-365
-787
-1278
-1754
-1987
-2112
-2222
-2269
-2246
-2205
-2069
-1980
-1712
-1448
-1360
-1098
-772
-547
-318
-71
236
489
794
887
861
774
604
342
-21
-447
-898
-1314
-1810
-2054
-2254
-2282
-2184
-1910
-1526
-1155
-635
-348
-25
138
220
181
-4
-388
-630
-813
-943
-937
-832
-630
-166
368
907
1384
1731
2103
2183
2254
2187
1988
1856
1551
1269
883
470
64
-239
-408
-533
-629
-775
-901
-1193
-1399
-1518
-1547
-1645
-1849
-1926
-1964
-1848
-1781
-1512
-1290
-923
-530
-401
-145
19
-35
-38
60
92
150
277
475
640
860
1188
1556
1926
2363
2641
2816
3054
3161
3079
2794
2457
1972
1492
939
580
355
171
1
-48
-151
-26
292
442
501
437
356
66
-191
-453
-629
-697
-748
-643
-641
-482
-247
53
188
321
426
367
365
280
158
-128
-381
-560
-698
-706
-619
-413
-197
82
248
469
617
583
400
246
125
-131
-270
-323
-245
-118
49
253
388
552
792
995
1144
1278
1258
1270
1046
772
604
166
-216
-512
-763
-958
-945
-920
-871
-818
-857
-700
-587
-433
-473
-515
-771
-1098
-1228
-1416
-1565
-1701
-1650
-1600
-1586
-1358
-1091
-965
-1082
-1050
-1115
-1085
-1046
-1039
-1169
-1316
-1333
-1318
-975
-614
-147
259
626
915
1068
1337
1422
1239
1103
855
816
739
711
795
797
924
1092
1198
1332
1305
1275
1091
674
219
-330
-831
-1191
-1487
-1661
-1607
-1619
-1492
-1169
-819
-576
-179
14
223
314
221
253
255
167
102
65
226
603
912
1193
1462
1613
1723
1916
1985
2128
2059
2070
1987
1832
1747
1525
1381
1160
1040
786
767
848
832
839
781
636
570
514
360
146
-16
-230
-375
-493
-516
-502
-325
-107
18
117
207
299
303
168
-44
-256
-397
-603
-782
-945
-1087
-1066
-979
-843
-688
-333
-149
46
135
182
181
-26
-249
-402
-585
-746
-762
-912
-854
-741
-624
-383
-147
134
319
518
720
723
762
797
768
701
576
533
412
348
374
339
310
189
-70
-317
-498
-783
-912
-1090
-1249
-1398
-1505
-1510
-1568
-1535
-1406
-1150
-997
-804
-681
-700
-836
-907
-1063
-1203
-1183
-1149
-1083
-851
-699
-627
-302
37
386
824
1284
1651
1954
2041
1967
1656
1376
1156
773
564
302
223
135
67
128
115
124
144
117
89
-17
-75
-153
-184
-113
-157
-54
70
176
276
284
265
170
52
-34
52
66
31
24
3
-35
35
18
55
119
105
238
337
406
445
364
187
12
-144
-157
-279
-428
-609
-544
-506
-373
-259
-155
23
208
322
442
633
758
845
918
855
869
970
1068
1217
1065
962
824
723
561
347
235
116
-60
-172
-309
-526
-580
-819
-1022
-1061
-1097
-1096
-1204
-1227
-1255
-1321
-1255
-1349
-1408
-1391
-1342
-1158
-962
-841
-753
-696
-558
-382
-204
112
301
523
715
761
778
721
532
355
258
-68
-171
-164
-199
-346
-351
-344
-320
-243
-204
-142
-42
-96
-279
-411
-493
-534
-563
-498
-536
-398
-261
-66
166
308
497
564
664
659
707
790
776
851
885
968
1183
1400
1406
1315
1275
1101
875
612
431
185
-32
-248
-623
-858
-925
-940
-878
-741
-681
-486
-234
-74
83
65
-10
-126
-323
-493
-519
-546
-464
-359
-238
-77
53
304
671
966
1222
1431
1528
1472
1240
1043
826
780
650
425
263
44
-108
-258
-430
-594
-676
-694
-724
-697
-756
-832
-888
-1084
-1112
-1266
-1255
-1188
-1132
-946
-761
-526
-403
-167
-108
5
58
51
70
-7
-75
-82
-107
-178
-200
-185
-134
-167
-207
-413
-525
-593
-762
-893
-1028
-1122
-1221
-1277
-1310
-1234
-1189
-1078
-973
-704
-522
-239
89
227
468
687
855
914
970
1085
1158
1299
1443
1697
1900
2002
2098
2047
1973
1886
1662
1387
1125
858
534
244
-100
-434
-726
-1068
-1277
-1332
-1404
-1515
-1538
-1506
-1339
-1237
-1176
-985
-845
-845
-849
-860
-926
-911
-676
-513
-346
-146
-63
142
233
269
300
407
527
586
653
666
727
751
715
675
668
671
638
654
701
523
376
141
-190
-387
-424
-353
-330
-195
34
212
402
462
540
701
869
919
973
899
635
326
145
-141
-422
-494
-688
-622
-686
-669
-802
-908
-941
-1157
-1040
-1121
-1121
-1128
-1181
-1264
-1305
-1284
-1393
-1400
-1416
-1331
-1180
-1101
-839
-577
-443
-128
282
590
975
1402
1688
1934
2092
2147
2233
2208
2218
2175
1995
1971
1989
1740
1638
1597
1388
1201
1003
922
744
662
615
500
418
335
262
9
-259
-496
-838
-1150
-1387
-1658
-1929
-2199
-2342
-2388
-2311
-2126
-1973
-1705
-1444
-1276
-1093
-800
-524
-160
43
274
469
593
698
631
483
432
272
155
202
183
285
307
510
594
707
739
803
733
652
550
386
343
343
462
458
638
671
680
702
657
628
468
314
190
-25
-256
-376
-475
-647
-677
-704
-550
-292
-211
-131
-145
-172
-316
-493
-648
-793
-923
-1060
-1243
-1284
-1302
-1481
-1564
-1586
-1528
-1488
-1369
-1137
-736
-367
-134
126
260
408
603
690
915
1081
1272
1469
1677
1699
1920
2116
2077
2111
2016
1960
1749
1662
1370
1101
897
713
502
162
-46
-221
-366
-757
-992
-1124
-1427
-1684
-1708
-1693
-1686
-1733
-1791
-1886
-1776
-1595
-1480
-1243
-1161
-930
-665
-451
-257
-14
223
550
838
1003
1282
1322
1371
1358
1275
1241
1076
925
930
917
757
655
504
390
389
350
284
287
185
245
304
353
404
459
427
467
482
388
398
342
264
152
-26
-49
-85
-43
-117
-197
-217
-185
-78
-31
-6
-90
20
35
86
154
196
123
99
55
-83
-114
-171
-80
29
26
39
73
-69
-70
-26
5
-18
26
61
65
178
188
200
327
515
693
838
995
1001
934
1032
1006
927
934
815
734
572
486
374
233
220
176
190
37
98
-60
-265
-382
-683
-876
-1127
-1206
-1252
-1278
-1302
-1300
-1251
-1274
-1331
-1359
-1290
-1268
-1187
-1157
-1129
-983
-818
-726
-561
-238
-42
92
316
379
515
618
499
359
261
185
70
21
-39
-123
-80
-88
-107
-74
25
50
-53
-31
-131
-248
-315
-414
-578
-687
-715
-684
-649
-525
-483
-357
-250
-154
-12
97
117
64
224
291
275
330
271
269
221
178
166
81
199
292
293
230
327
285
360
423
590
657
509
535
363
126
9
-178
-258
-304
-313
-94
-40
84
201
94
91
98
59
26
-73
-226
-351
-492
-483
-330
-66
128
361
507
650
725
686
606
396
275
53
-70
-237
-444
-567
-723
-790
-715
-586
-400
-181
-38
55
55
-16
50
113
165
111
183
188
133
166
153
168
170
275
348
485
607
744
750
641
532
429
424
475
468
437
468
436
371
369
421
390
155
70
-193
-428
-522
-537
-567
-586
-579
-539
-471
-240
-87
151
452
440
619
652
617
804
823
853
829
760
641
673
786
859
930
1067
1089
1004
858
826
700
582
479
437
467
449
500
283
148
-21
-219
-329
-250
-327
-367
-351
-480
-483
-645
-718
-772
-845
-914
-896
-850
-768
-714
-635
-582
-496
-362
-281
-21
204
299
527
535
608
541
309
176
-192
-322
-442
-632
-674
-705
-742
-648
-632
-618
-613
-626
-598
-488
-490
-502
-491
-484
-343
-177
-39
95
126
181
189
108
87
69
86
-75
-135
-328
-401
-631
-656
-661
-540
-333
-257
-140
-223
-313
-485
-574
-702
-725
-750
-679
-667
-608
-477
-566
-599
-623
-628
-452
-334
-190
-85
14
54
-22
41
105
162
434
539
590
627
611
563
595
595
482
452
303
246
122
97
64
39
10
29
104
116
69
180
262
231
216
283
306
366
326
388
329
356
341
205
158
9
-38
-69
-19
-32
129
168
149
163
69
-6
120
202
239
336
440
462
440
428
459
507
567
683
711
689
662
655
622
433
219
17
-174
-265
-269
-249
-240
-337
-323
-308
-284
-104
-45
19
18
100
161
182
261
207
259
198
182
66
-148
-96
-101
-9
17
24
73
138
140
154
176
209
215
123
241
319
243
138
56
7
-201
-256
-349
-390
-444
-496
-492
-513
-391
-408
-311
-304
-238
31
248
477
527
449
379
309
61
2
-36
-85
-151
-242
-247
-414
-489
-577
-640
-649
-653
-521
-510
-581
-614
-767
-782
-799
-790
-703
-688
-623
-590
-615
-553
-439
-373
-292
-148
-49
99
191
329
305
259
267
318
294
160
137
66
-80
-106
-97
-51
30
24
106
181
150
39
-37
-107
-270
-285
-419
-495
-583
-802
-861
-890
-970
-877
-817
-568
-248
22
246
351
436
477
458
586
649
673
765
794
728
678
607
473
395
321
182
170
201
237
286
276
263
291
325
350
451
460
486
466
467
363
232
161
97
52
97
83
99
98
124
112
67
11
6
193
239
207
296
406
400
309
307
319
267
243
177
85
64
-2
-105
-128
-152
-337
-504
-726
-996
-1137
-1106
-989
-800
-447
-185
151
460
453
347
403
313
290
325
432
481
562
509
480
451
385
428
495
486
458
581
575
523
430
363
284
133
117
147
117
109
-106
-333
-581
-710
-868
-969
-1049
-1107
-1033
-1074
-912
-766
-638
-546
-426
-253
-105
-39
-15
48
111
207
224
156
129
94
205
303
393
487
471
565
587
395
357
168
64
-22
-152
-199
-340
-401
-467
-466
-493
-448
-254
-183
-61
22
120
73
152
250
289
335
303
220
189
56
-135
-299
-347
-280
-417
-263
-243
