-15
-22
-11
-2
-9
-10
-10
-8
-5
-12
-9
-3
-8
-9
-9
-8
-9
-8
-7
-10
-6
-10
-8
-10
14
2
1
11
4
4
1
5
4
5
3
6
3
5
2
4
4
3
3
6
3
-2
14
11
7
9
9
11
6
8
7
6
10
8
7
8
11
7
7
9
10
6
7
11
8
6
8
10
5
10
9
8
8
5
7
6
10
8
3
6
8
6
7
6
26
9
9
17
6
7
5
7
9
8
6
13
6
7
9
7
6
8
8
9
8
8
9
8
7
9
9
9
9
7
8
8
8
8
6
8
8
8
6
8
8
6
3
2
3
4
4
4
2
3
3
3
4
4
3
3
4
5
5
4
3
3
3
4
5
1
-3
-2
-3
-3
-6
-5
-3
-2
-3
-5
-4
-4
-5
-5
-4
-5
-5
-4
-2
-4
-7
-10
-9
-8
-8
-9
-8
-9
-9
-10
-8
-7
-8
-7
-7
-8
-9
-8
-8
-8
-8
-8
-8
-8
-8
-8
-8
-9
-10
-9
-7
-8
-9
-8
-7
-9
-8
-10
-9
-8
-15
-7
1
-6
-3
-3
-7
-6
-3
-3
-6
-3
-2
-5
-2
-3
-4
-4
-5
-4
-3
-4
-4
-4
-3
-4
-4
-4
-5
-6
-4
-3
-4
-4
-5
-7
-4
-4
-6
-1
-4
-4
-2
-5
-5
1
-4
-5
-3
-5
-4
-3
-5
-4
-5
-5
-5
-4
-3
-4
-4
-2
-3
-4
-6
-4
-1
1
0
0
-1
1
1
1
0
0
0
0
0
1
0
1
0
0
0
0
1
0
0
1
0
1
0
0
0
0
0
0
-1
0
0
0
0
0
0
1
0
0
0
0
0
0
-1
-1
0
-1
0
0
0
0
0
0
0
0
0
0
0
0
0
0
-1
0
0
0
0
1
0
0
0
0
0
0
0
0
0
0
-1
1
-1
0
0
0
0
0
0
0
0
1
0
1
0
0
0
1
-1
0
0
0
0
0
0
0
0
0
0
-1
0
0
0
0
1
1
0
1
0
0
0
0
0
0
0
0
0
0
-1
-1
-1
-1
0
0
0
0
0
-1
0
0
0
0
0
-1
0
-1
0
1
0
0
1
0
0
-1
0
-1
0
0
0
-1
0
1
-1
0
0
0
0
-1
0
1
0
-1
1
1
0
1
-1
0
0
1
0
0
-1
1
0
0
1
0
0
0
0
1
0
0
0
0
1
0
-1
0
-1
0
1
0
1
-1
0
1
0
0
0
0
0
-1
0
0
0
0
0
0
0
0
0
0
-1
0
1
0
1
0
-1
0
0
1
0
0
0
0
0
0
-1
0
-1
0
0
0
0
0
0
0
1
0
1
0
0
0
0
0
-1
0
0
0
0
0
-1
0
0
0
0
0
0
1
0
0
0
0
1
0
0
0
0
0
0
0
0
0
-1
0
1
0
0
0
0
0
0
0
0
0
0
0
0
0
0
0
-1
1
0
0
0
-1
0
0
0
1
0
0
0
-1
0
0
0
0
1
1
0
1
0
0
-1
0
-1
0
0
0
0
0
0
0
0
0
0
0
0
0
1
0
0
0
0
0
0
0
0
0
0
0
0
0
0
0
0
0
0
1
0
0
0
1
0
0
0
0
0
0
0
0
1
1
0
0
1
0
0
0
0
0
1
0
0
-1
1
0
-1
-1
0
0
0
0
0
1
0
1
0
0
0
1
0
-1
0
-1
0
0
-1
0
0
0
-1
0
0
0
0
0
0
0
0
1
-1
0
0
0
0
-1
0
0
0
0
0
1
0
0
0
0
0
0
0
0
1
1
0
0
0
0
0
0
0
0
0
1
0
-1
0
0
0
0
0
0
0
0
0
0
1
0
1
1
1
0
0
0
0
0
0
0
0
0
0
0
0
-1
0
0
0
-1
0
-1
0
0
0
0
0
0
0
-1
1
0
1
0
0
0
0
1
1
0
-1
0
1
-1
0
0
0
0
0
0
0
0
0
0
0
0
0
1
-1
0
0
0
0
0
0
0
-1
0
-1
0
0
0
0
0
-1
0
1
0
0
0
1
0
0
0
0
0
0
0
0
0
0
0
0
0
0
1
0
1
0
-1
-1
-1
0
0
0
0
0
0
0
-1
0
0
1
-1
0
1
0
0
0
0
0
0
0
-1
0
0
0
0
0
0
0
0
0
0
0
0
0
0
0
0
0
0
0
0
0
0
1
0
1
0
0
0
1
0
0
-1
1
0
-1
0
0
-1
0
0
0
0
-1
0
0
0
0
1
0
0
0
1
0
0
1
-1
0
0
0
0
0
0
-1
0
1
0
0
0
1
-1
0
0
0
-1
0
0
0
-1
0
1
0
-1
0
0
-1
-1
0
0
0
0
-1
-1
-1
0
0
0
0
0
0
0
0
0
1
0
-1
0
1
0
1
0
0
0
-1
0
0
0
0
0
0
-1
1
0
0
0
0
1
0
0
0
-1
0
1
0
0
0
0
0
0
0
0
0
0
-1
1
-1
0
1
0
0
0
0
0
0
0
0
0
1
1
-1
0
3
-1
1
0
2
-2
1
2
2
0
1
2
-9
-4
-4
-2
-5
-1
-5
-3
-5
-3
-2
-3
-3
-4
-4
-4
-3
-2
-4
-4
-4
-4
-5
-4
-3
-4
-5
-4
-4
-4
-4
-5
-4
-4
-4
-4
-4
-5
-5
-4
-4
-4
-4
-3
-4
-4
-4
-4
-5
-4
-4
-4
-4
-3
-3
-4
-4
-2
-4
-5
-4
-3
-4
-4
-4
-5
-6
-7
-8
-9
-9
-8
-9
-8
-6
-8
-9
-8
-7
-11
-7
-8
-8
-9
-8
-6
-14
-8
-9
-5
-9
-6
-7
-7
-9
-8
-11
-9
-8
-8
-9
-8
-8
-9
-8
-8
-9
-7
-9
-8
-8
-9
-8
-8
-8
-8
-8
-8
-8
-7
-8
-8
-9
-7
-7
-8
-8
-8
-8
-8
-8
-8
-8
-8
-7
-8
-8
-8
-8
-8
-8
-9
-8
-8
-9
-8
-8
-7
-8
-8
-7
-8
-8
-8
-7
-8
-8
-8
-8
-8
-8
-7
-9
-8
-8
-8
-7
-7
-9
-9
-7
-8
-9
-7
-8
-10
-9
-8
-8
-8
-8
-7
-7
-7
-6
-8
-8
-9
-7
-8
-8
-7
-4
-3
-4
-5
-4
-3
-3
-4
-3
-4
-3
-4
-4
-4
-3
-4
-7
-3
-3
-5
-5
-7
0
-3
-4
-5
-5
0
-6
-4
-4
-4
-3
-4
-3
-4
-3
-4
-4
-4
-4
-4
-5
-4
-3
-4
-5
-3
-5
-3
-5
-4
-4
-4
-3
-6
-3
-3
-6
-4
-4
-2
-6
-2
10
-2
2
5
4
4
5
2
3
5
4
3
6
4
4
3
4
4
5
4
4
3
5
5
5
4
5
3
5
4
3
3
3
4
4
3
3
3
4
6
5
3
1
-1
-1
0
0
0
1
-1
0
-1
-1
0
0
0
0
0
0
0
0
-1
0
-1
1
0
1
1
0
0
0
0
0
0
0
0
0
0
0
0
0
0
1
0
-1
0
0
0
0
0
0
-1
0
0
-1
0
0
0
0
0
0
0
1
1
0
0
0
0
0
0
0
-1
0
0
0
0
0
0
-1
-1
0
0
0
0
0
1
0
1
-1
0
0
-1
0
0
0
1
0
0
0
0
0
0
0
1
0
1
0
0
0
-1
-1
0
0
0
0
1
0
-1
0
0
0
0
1
0
-1
0
0
0
0
0
1
0
0
0
0
0
0
0
0
0
0
1
0
0
0
0
0
0
0
0
0
0
0
0
0
-1
-1
0
0
0
0
0
0
-1
0
0
-1
0
0
0
0
0
0
0
0
0
0
0
0
0
0
0
0
0
-1
0
0
1
0
0
-1
1
0
0
0
0
0
0
1
-2
2
0
-2
0
1
0
-2
3
-3
-2
1
3
-4
0
0
0
-22
-6
-9
-2
-8
-12
-8
-9
-9
-9
-10
-6
-5
-9
-8
-7
-7
-8
-9
-9
-5
-3
-6
-6
-4
-2
-5
-2
1
-5
-5
-3
-3
-6
-4
-3
-5
-6
-2
0
1
0
1
0
2
1
-1
-2
-3
1
1
-1
-1
2
7
3
5
4
4
6
3
4
2
4
19
0
7
12
7
8
7
10
8
7
4
14
7
9
12
12
11
12
11
12
13
11
13
10
11
12
14
12
10
10
15
15
11
12
12
15
6
10
6
10
4
10
1
5
0
3
0
0
-6
-5
-9
-7
-10
-12
-10
-14
-19
-14
-19
-20
-21
-26
-23
-28
-45
-45
-42
-42
-40
-44
-46
-41
-41
-39
-40
-39
-37
-43
-41
-37
-41
-38
-39
-45
-40
-38
-43
-41
-42
-43
-36
-38
-40
-32
-31
-28
-23
-24
-21
-16
-17
-9
-4
-1
5
3
9
13
17
26
26
24
29
27
32
38
37
41
45
47
50
50
58
59
59
62
63
73
82
78
76
79
79
84
84
81
84
83
78
78
78
78
75
71
71
68
64
60
56
54
51
46
44
41
35
30
28
19
15
13
5
3
0
-9
-12
-21
-30
-38
-42
-50
-58
-62
-71
-79
-81
-94
-97
-99
-113
-111
-118
-127
-124
-133
-133
-139
-135
-140
-144
-140
-138
-147
-133
-148
-142
-139
-146
-140
-140
-142
-137
-141
-133
-139
-127
-129
-124
-114
-117
-106
-96
-101
-73
-86
-56
-61
-45
-31
-31
-9
-10
9
11
25
36
37
63
55
76
81
85
104
103
121
123
138
146
150
171
166
188
191
196
213
210
227
224
235
238
233
248
236
242
240
234
237
219
235
203
218
206
181
204
163
175
157
140
146
104
124
81
83
68
36
48
-3
15
-29
-37
-42
-96
-72
-131
-128
-153
-191
-175
-237
-218
-257
-269
-262
-316
-279
-326
-317
-327
-348
-324
-371
-339
-364
-367
-355
-395
-361
-394
-380
-386
-401
-373
-409
-376
-382
-379
-354
-372
-330
-345
-304
-233
-267
-212
-237
-170
-197
-148
-118
-142
-58
-100
-9
-24
0
58
38
111
99
142
182
169
250
220
294
288
321
366
353
429
402
465
473
482
545
513
588
570
600
634
605
669
627
666
661
644
681
617
661
596
601
580
520
546
449
474
393
354
341
235
257
162
139
93
12
1
-99
-93
-170
-204
-213
-308
-274
-357
-352
-372
-426
-392
-474
-430
-474
-473
-449
-504
-447
-503
-474
-480
-511
-465
-524
-479
-510
-518
-491
-549
-494
-548
-521
-525
-554
-504
-561
-503
-532
-513
-490
-511
-449
-488
-427
-432
-426
-373
-407
-349
-370
-344
-328
-350
-281
-325
-268
-269
-264
-211
-238
-154
-184
-103
-68
-87
31
1
89
125
155
253
255
381
418
501
600
626
768
787
899
971
1020
1140
1148
1262
1271
1321
1360
1337
1388
1329
1350
1299
1249
1226
1115
1083
958
871
783
646
587
441
363
257
137
59
-74
-133
-259
-319
-391
-464
-504
-599
-592
-659
-678
-697
-722
-681
-707
-662
-662
-645
-605
-664
-620
-591
-572
-534
-538
-509
-517
-502
-521
-538
-540
-566
-565
-589
-583
-619
-618
-640
-674
-662
-704
-678
-693
-680
-666
-688
-651
-691
-666
-662
-673
-609
-639
-569
-566
-553
-498
-532
-459
-488
-434
-418
-416
-338
-391
-306
-341
-316
-278
-321
-224
-259
-180
-147
-137
-16
-44
82
134
205
344
389
583
622
767
888
962
1120
1133
1287
1319
1417
1501
1518
1620
1565
1636
1577
1542
1561
1438
1470
1340
1276
1193
1008
964
738
667
520
367
324
114
76
-112
-216
-300
-452
-431
-553
-517
-549
-589
-538
-629
-554
-591
-545
-459
-465
-312
-339
-247
-232
-258
-184
-251
-139
-177
-121
-79
-150
-90
-226
-211
-262
-327
-304
-397
-317
-402
-453
-471
-599
-564
-676
-642
-632
-655
-593
-703
-650
-730
-742
-704
-738
-625
-647
-564
-556
-589
-552
-620
-576
-567
-524
-453
-452
-400
-443
-447
-486
-529
-498
-510
-427
-415
-388
-376
-437
-435
-490
-454
-421
-376
-259
-223
-144
-138
-123
-57
-34
108
232
378
546
644
769
832
908
1028
1145
1271
1401
1538
1616
1665
1683
1659
1629
1617
1616
1612
1602
1554
1469
1341
1188
1031
892
780
689
611
525
404
258
103
-44
-165
-251
-303
-317
-324
-349
-388
-440
-495
-525
-511
-458
-386
-311
-256
-244
-264
-295
-319
-319
-296
-246
-196
-178
-198
-255
-332
-393
-436
-454
-435
-408
-404
-430
-490
-567
-643
-704
-725
-702
-659
-625
-622
-652
-707
-771
-817
-828
-791
-727
-663
-629
-629
-661
-702
-728
-724
-684
-615
-544
-489
-478
-505
-558
-610
-636
-625
-581
-529
-492
-495
-537
-611
-688
-744
-760
-728
-668
-597
-547
-531
-537
-543
-517
-445
-307
-131
62
240
388
512
610
742
866
1052
1256
1466
1642
1769
1864
1876
1937
1902
1924
1948
1975
1984
1949
1841
1706
1523
1345
1164
1031
905
787
653
484
282
66
-145
-320
-433
-501
-531
-539
-566
-613
-668
-722
-737
-701
-619
-500
-378
-277
-208
-176
-168
-159
-134
-76
0
70
121
129
91
29
-46
-115
-158
-181
-192
-201
-238
-310
-397
-502
-599
-660
-692
-699
-689
-695
-711
-739
-790
-835
-854
-848
-817
-770
-726
-686
-667
-671
-675
-676
-665
-639
-599
-551
-511
-499
-499
-510
-525
-529
-519
-496
-459
-428
-415
-415
-438
-476
-504
-532
-547
-540
-536
-535
-532
-552
-569
-566
-559
-527
-457
-371
-266
-145
-14
118
246
388
548
717
896
1080
1272
1445
1593
1727
1833
1916
1992
2043
2105
2173
2165
2135
2072
1952
1816
1647
1485
1307
1141
981
801
619
412
207
4
-189
-349
-473
-558
-617
-658
-694
-726
-752
-762
-744
-698
-622
-529
-432
-344
-277
-230
-200
-176
-147
-108
-63
-18
12
17
-11
-66
-133
-198
-248
-277
-290
-299
-316
-347
-397
-462
-533
-593
-630
-645
-643
-639
-648
-680
-731
-788
-833
-856
-846
-810
-765
-728
-709
-709
-728
-750
-756
-734
-680
-609
-541
-494
-464
-458
-475
-496
-494
-477
-443
-399
-373
-367
-420
-496
-592
-699
-759
-805
-807
-799
-809
-818
-863
-890
-915
-913
-844
-727
-570
-397
-226
-77
52
172
315
499
726
983
1253
1498
1693
1843
1929
2009
2079
2167
2271
2355
2421
2419
2381
2222
2005
1841
1628
1485
1368
1207
1081
852
599
328
28
-197
-383
-484
-538
-577
-624
-711
-807
-910
-962
-952
-856
-741
-601
-458
-417
-367
-368
-381
-327
-281
-163
-45
39
102
75
34
-41
-103
-109
-109
-61
-27
-25
-55
-133
-222
-309
-355
-384
-364
-341
-355
-366
-441
-495
-572
-624
-631
-661
-594
-590
-588
-607
-665
-656
-730
-714
-699
-720
-660
-700
-672
-679
-700
-653
-690
-647
-657
-654
-627
-653
-611
-634
-613
-638
-673
-684
-774
-777
-842
-851
-832
-878
-821
-873
-867
-851
-877
-751
-699
-540
-355
-220
-18
100
274
431
605
846
1069
1331
1547
1744
1879
1981
2058
2110
2217
2262
2354
2404
2338
2306
2109
1926
1761
1523
1432
1253
1101
945
654
454
144
-89
-261
-439
-485
-576
-616
-689
-777
-869
-924
-940
-922
-803
-755
-593
-542
-508
-417
-498
-358
-376
-299
-108
-181
63
-31
-31
55
-181
6
-144
-92
-3
-149
4
-180
-167
-242
-360
-327
-455
-384
-478
-429
-486
-560
-511
-745
-579
-783
-699
-594
-818
-420
-770
-546
-526
-840
-378
-864
-519
-489
-735
-175
-697
-343
-441
-751
-319
-846
-461
-580
-677
-397
-832
-559
-915
-911
-934
-1183
-892
-1214
-903
-1059
-1126
-925
-1367
-936
-1212
-990
-656
-866
-165
-466
-78
75
-103
567
310
940
1136
1235
1826
1541
2042
1918
1979
2340
2091
2610
2404
2560
2623
2246
2459
1945
2000
1796
1494
1626
1220
1293
907
631
442
-39
8
-388
-326
-379
-577
-405
-799
-694
-908
-1006
-820
-966
-628
-633
-469
-392
-459
-377
-516
-338
-371
-149
-11
-11
248
-28
168
-10
-123
181
-190
283
135
44
373
-237
79
-205
-409
-43
-478
-74
-187
-323
-97
-557
-408
-614
-736
-579
-724
-556
-599
-592
-725
-753
-889
-969
-756
-994
-608
-700
-778
-417
-960
-598
-742
-1024
-400
-1048
-486
-596
-920
-310
-1098
-611
-806
-1059
-495
-1066
-594
-775
-927
-674
-1068
-822
-962
-927
-776
-810
-553
-551
-334
-271
-188
45
-11
448
439
829
1121
1106
1613
1414
1732
1837
1785
2212
2028
2358
2327
2269
2374
2059
2109
1855
1746
1683
1438
1430
1146
994
771
445
318
-3
-75
-209
-322
-307
-503
-515
-687
-764
-768
-810
-685
-623
-544
-422
-462
-353
-443
-342
-333
-251
-36
-106
234
-9
184
46
-86
116
-143
145
100
77
184
-37
-121
-131
-450
-188
-428
-294
-151
-508
-127
-696
-497
-713
-806
-546
-805
-389
-682
-552
-660
-946
-732
-1081
-780
-756
-874
-395
-984
-565
-796
-1137
-365
-1338
-254
-811
-755
-158
-1322
-198
-1139
-869
-390
-1317
-115
-1062
-734
-557
-1495
-441
-1470
-774
-774
-1179
-336
-1304
-549
-1012
-916
-429
-864
62
-360
157
261
20
770
204
1075
1005
1164
1962
1286
2311
1707
2000
2330
1763
2759
2094
2651
2595
2139
2598
1743
2062
1709
1482
1719
1164
1351
923
685
504
109
45
-202
-209
-307
-367
-378
-595
-579
-819
-774
-828
-755
-569
-600
-372
-470
-441
-374
-515
-217
-343
-23
-20
42
230
-41
288
-99
233
-10
161
157
49
213
-120
47
-220
-283
-164
-556
-120
-574
-311
-392
-615
-304
-704
-521
-471
-911
-176
-1062
-233
-797
-637
-437
-1023
-447
-994
-861
-506
-1175
-251
-943
-524
-501
-1035
-264
-1236
-426
-848
-833
-309
-1064
-315
-939
-922
-710
-1431
-659
-1341
-861
-886
-1154
-730
-1255
-1066
-1021
-1356
-605
-1074
-329
-387
-341
100
-311
200
119
338
963
845
1668
1532
1822
1970
1646
2202
1791
2401
2387
2617
2794
2571
2579
2191
1970
1893
1571
1808
1564
1527
1317
893
548
196
-89
-193
-173
-256
-129
-302
-469
-536
-935
-774
-950
-671
-549
-359
-212
-293
-247
-385
-470
-226
-340
84
159
176
398
14
115
-86
-207
63
-117
210
182
38
150
-257
-288
-295
-565
-210
-324
-350
-27
-617
-220
-666
-695
-458
-917
-315
-745
-550
-412
-1060
-262
-1288
-545
-887
-1105
-359
-1402
-449
-1112
-1067
-587
-1443
-449
-1204
-849
-650
-1316
-361
-1231
-686
-638
-1225
-339
-1303
-718
-980
-1210
-707
-1302
-675
-1123
-898
-977
-1215
-914
-1269
-843
-857
-714
-297
-541
-57
-285
-36
182
213
851
803
1384
1431
1579
1781
1699
1948
1974
2259
2376
2603
2641
2567
2473
2232
2039
1983
1737
1824
1634
1502
1382
1011
738
489
153
49
28
-84
-41
-169
-306
-351
-638
-547
-702
-549
-376
-362
-24
-199
-87
-119
-347
-57
-240
62
219
130
546
-7
418
-132
47
105
-53
465
109
383
99
-77
-110
-291
-236
-113
-162
-11
-161
-222
-438
-518
-629
-610
-521
-573
-388
-762
-459
-1059
-760
-960
-1006
-637
-917
-685
-746
-975
-777
-978
-859
-727
-861
-534
-899
-513
-893
-639
-711
-825
-526
-921
-602
-808
-937
-615
-1129
-693
-992
-1075
-862
-1341
-927
-1211
-1082
-874
-1130
-640
-855
-532
-375
-389
29
-118
292
319
543
940
958
1562
1488
1873
1983
1892
2343
2048
2488
2482
2476
2762
2404
2564
2211
2050
2000
1636
1759
1487
1414
1219
851
628
260
86
-156
-158
-163
-326
-301
-582
-674
-817
-906
-711
-789
-348
-541
-182
-481
-239
-521
-350
-335
-366
71
-218
219
-25
6
31
-210
21
-127
-60
221
-262
217
-282
-407
-52
-865
66
-595
-204
-40
-733
47
-986
-492
-770
-1006
-505
-1021
-501
-785
-760
-674
-1096
-687
-1181
-707
-961
-773
-711
-1021
-732
-1099
-991
-709
-1169
-246
-1089
-488
-790
-1108
-608
-1244
-621
-887
-886
-571
-1255
-654
-1454
-988
-1212
-1129
-921
-1185
-877
-1288
-1107
-1063
-1196
-548
-785
-176
-277
-139
41
-127
410
489
987
1415
1606
1968
1909
2178
2042
2363
2452
2526
3023
2715
3117
2818
2663
2634
2076
2310
1832
1898
1859
1347
1486
796
622
259
-105
-21
-414
-133
-527
-332
-637
-758
-839
-1049
-764
-848
-485
-321
-417
4
-547
-211
-428
-424
-63
-146
209
172
155
163
-28
-30
75
-70
193
121
84
46
-14
-283
-114
-436
-154
-386
-188
-153
-343
-202
-321
-705
-265
-936
-345
-821
-332
-706
-456
-658
-818
-813
-1078
-946
-1038
-990
-665
-1123
-407
-1209
-657
-967
-1053
-672
-1056
-578
-611
-807
-422
-993
-709
-810
-1105
-566
-1221
-664
-1234
-967
-1255
-1179
-1184
-1290
-1212
-1306
-1354
-1095
-1207
-582
-795
-158
-380
-145
-16
1
409
704
1012
1525
1586
2024
1964
2195
2271
2266
2604
2532
2994
2871
3095
2791
2581
2356
1997
1983
1901
1643
1859
1203
1277
606
339
-37
-315
-386
-417
-463
-299
-616
-444
-988
-777
-1198
-814
-698
-493
65
-247
50
-286
-569
-154
-626
270
122
317
657
-112
321
-299
-317
59
-450
502
-100
302
110
-511
-92
-1056
-306
-803
-288
-182
-462
-136
-906
-808
-901
-1269
-206
-1162
103
-921
-708
-728
-1418
-666
-993
-908
-293
-1370
-216
-1510
-702
-1033
-1172
-566
-1144
-663
-945
-1088
-858
-1421
-687
-1279
-656
-799
-1026
-635
-1409
-949
-1371
-1345
-1044
-1361
-921
-1107
-1341
-1086
-1812
-1020
-1471
-563
-557
-194
-72
-111
-61
126
210
796
996
1670
1937
2240
2421
2359
2337
2446
2501
2933
3169
3498
3460
3359
2994
2548
2381
1999
2143
2050
1988
1826
1366
784
467
-251
-51
-391
-183
-45
-473
-313
-969
-1065
-1161
-1159
-746
-643
-138
-237
-65
-235
-425
-466
-311
-95
372
608
747
457
544
33
141
336
-134
809
75
629
456
-120
314
-703
-176
-329
-462
285
-474
-341
-361
-1303
-375
-1141
-666
-350
-1133
9
-1338
-726
-1210
-1638
-763
-1315
-569
-666
-808
-860
-1374
-1147
-1540
-1143
-971
-903
-450
-946
-907
-1206
-1731
-1095
-1777
-760
-989
-1115
-621
-1660
-1205
-1819
-1664
-1479
-1618
-975
-1348
-1256
-1379
-1948
-1319
-1599
-696
-183
-89
542
108
255
202
293
891
1244
2213
2459
2874
2932
2455
2533
2380
2705
3300
3661
4004
3813
3396
2969
2326
2198
2096
2046
2273
2039
1839
1203
589
-68
-637
-522
-652
-304
-200
-512
-773
-1331
-1663
-1796
-1579
-1280
-856
-510
-500
-547
-749
-1033
-922
-644
-284
505
644
745
778
59
239
6
3
670
277
972
639
314
592
-428
213
-129
-298
327
-551
-125
-806
-881
-562
-1297
-497
-1235
-848
-755
-1104
-963
-1241
-1199
-1376
-1276
-958
-1505
-798
-1568
-934
-1360
-1358
-1300
-1678
-898
-1106
-1068
-723
-1887
-1183
-2092
-1376
-1250
-1086
-778
-1509
-1111
-1911
-1942
-1754
-1863
-1291
-1297
-1199
-1422
-2135
-1578
-2369
-833
-888
122
157
-85
192
-597
231
510
1293
2467
2536
3520
2958
2988
2658
2348
3341
3316
4668
4939
4949
4584
3135
3380
2507
3005
3182
3129
3434
2309
1997
726
-35
-406
-734
-360
-143
-27
-607
-1237
-1822
-2061
-2118
-1739
-1174
-748
-677
-771
-865
-1260
-1062
-1041
-339
312
681
955
599
854
-202
-202
483
135
1416
1278
1189
1249
27
202
-391
199
348
92
917
-71
-318
-915
-1284
-1111
-1180
-245
-1029
-275
-877
-2314
-870
-2993
-1108
-1267
-1251
28
-1869
-1099
-2286
-2742
-1393
-2231
-137
-937
-244
-346
-2569
-1153
-3020
-2086
-521
-1212
393
-1485
-1997
-2620
-3493
-1940
-2291
-710
-743
-1477
-1391
-3232
-2905
-3505
-2470
-630
-114
1826
634
42
-526
-1525
325
861
3032
4230
3790
4596
2918
2928
2647
2540
4738
4897
6675
6378
5372
4898
2542
3296
2968
4095
5075
4090
4393
1999
1188
-37
-937
41
-524
573
49
-774
-1451
-3340
-3229
-3708
-2730
-1596
-1548
-552
-1518
-1812
-2276
-2739
-1712
-1206
212
807
1206
892
-198
161
-440
197
1237
1653
2646
1874
1500
597
-373
-123
-22
977
1228
972
423
-713
-1817
-1958
-1538
-1278
-75
-174
-405
-1301
-3299
-2534
-2643
-1882
-224
-905
-712
-2179
-2496
-2081
-2496
-1427
-1492
-773
-1147
-1315
-1510
-2673
-2508
-2976
-1807
-1381
-937
-818
-2833
-2904
-3870
-3533
-2148
-2198
-898
-1574
-2348
-2992
-4409
-3777
-3314
-1100
1092
1731
2021
72
-891
-1659
-869
2138
4014
6000
5012
3646
3091
2038
3536
4162
5924
7544
7067
7256
5210
4094
3552
3164
4973
5500
6232
5544
3452
2080
133
103
354
762
1340
299
-352
-2068
-3234
-3559
-3920
-2643
-2345
-1673
-1745
-2854
-3000
-3921
-3068
-2141
-1095
174
-193
-85
-916
-963
-410
282
1712
2032
2497
1938
1268
1077
722
1556
1996
2402
2276
1503
759
-544
-480
-526
68
1019
-113
266
-657
-2315
-1918
-2802
-1832
-918
-1505
-1568
-2067
-2441
-3431
-2957
-2995
-2214
-555
-1259
-445
-2159
-3904
-3129
-3693
-1953
-479
-487
-902
-2503
-3860
-4353
-3074
-2608
-1768
-890
-2151
-2373
-3670
-4164
-3629
-4130
-2869
-2156
-561
1170
1082
297
-1703
-1474
-951
1235
4575
4802
5769
4001
2483
3302
3298
5787
6853
7881
8294
6674
6483
4789
4502
4733
5130
6906
6268
5986
3625
1351
781
-258
1489
1748
1661
346
-2238
-2886
-4429
-3753
-3027
-2765
-2063
-3102
-3245
-4265
-4678
-3941
-3408
-1350
-604
-302
-874
-2296
-2130
-1742
416
2195
2626
2286
541
456
599
1253
2198
2475
3570
3059
2453
1257
-207
-14
-171
1190
1961
1586
367
-1938
-2261
-2829
-2019
-477
-982
-1289
-2737
-4093
-4031
-3019
-2442
-2787
-2184
-3082
-2867
-2144
-3734
-3136
-3412
-3003
-1380
-2403
-2241
-3675
-4115
-2645
-3136
-1946
-2018
-2851
-3633
-4279
-3404
-3370
-2109
-2805
-3963
-3672
-4240
-1403
965
2372
1797
-1352
-1106
-1292
1806
5597
5797
7066
4614
3516
4529
4983
7246
7577
8812
8835
7607
7153
5161
5552
5522
6265
7649
6621
5950
2793
1225
1142
1078
2620
1843
958
-1396
-3579
-3705
-4196
-3123
-3125
-3588
-3837
-5075
-4993
-5380
-5157
-4162
-3649
-2232
-2104
-2298
-2523
-2766
-1410
-42
1473
2081
1453
1013
704
1689
3093
3839
4092
3070
2501
2358
2525
3221
2728
2659
2143
1690
1769
736
329
-665
-896
-824
-1314
-1147
-2854
-3455
-3780
-4482
-3178
-3727
-4026
-4019
-5375
-4727
-4336
-4161
-3689
-4508
-4359
-4310
-3867
-3446
-3705
-3123
-3903
-3972
-3698
-3557
-3347
-4070
-3154
-3033
-2725
-3101
-4852
-5017
-5012
-725
3906
5799
4757
-2365
-4638
-2720
2463
10838
11586
9715
4187
-614
2668
6892
12834
13706
10353
8118
4421
5223
6878
8781
10013
7791
7094
4524
3439
2385
1524
3965
3443
3372
989
-2649
-4292
-5888
-3537
-1367
-1295
-3320
-7177
-8368
-7696
-5544
-2967
-2904
-4425
-6568
-7144
-4851
-2216
-515
-521
-1216
-1661
-1113
367
1544
2705
2436
2706
3067
2745
3383
3022
4025
4793
4510
4204
2251
1473
1588
2737
4118
3355
1138
-1410
-2484
-1743
-199
266
-992
-3149
-4874
-5351
-4762
-3602
-3571
-4939
-6122
-5926
-5465
-5340
-5254
-5136
-5060
-5337
-5016
-4502
-4484
-5184
-4990
-4205
-3740
-4068
-5321
-4336
-3892
-3158
-2944
-4323
-4461
-4974
-211
5470
6840
3266
-4895
-5018
733
8296
14451
11649
6613
763
-96
7046
13096
16023
12062
7004
4771
4439
8321
10902
11834
9740
5315
3170
3062
4367
4802
4338
3335
1336
-1077
-2670
-2805
-2697
-2170
-2052
-2812
-4913
-8013
-8405
-6673
-3622
-2579
-4616
-7043
-9489
-7745
-4331
-694
524
-2500
-4273
-5180
-2221
1719
3376
3989
1281
72
811
2537
5420
5659
5158
4165
2744
2943
3201
4053
4677
4130
3381
1998
665
66
363
1148
1225
-190
-2356
-4006
-4394
-3500
-2622
-2925
-4607
-6627
-7250
-6339
-5098
-4842
-5757
-7009
-7679
-7087
-5808
-4868
-5315
-6296
-6911
-6567
-5500
-5248
-4650
-4230
-4033
-4293
-5324
-6181
-5619
36
6195
7903
3076
-5737
-6364
1325
11417
16809
11728
4439
-570
943
10127
17616
18623
11469
4219
3887
7788
12492
13724
11883
7939
4201
3480
5293
7142
6119
3974
2301
671
-1213
-2520
-1972
-795
-807
-2643
-5498
-8158
-9461
-7897
-4282
-2479
-4875
-8705
-10773
-9285
-5248
-2764
-2177
-4353
-6533
-5589
-3813
-216
1369
271
-246
-1331
590
3076
3722
4359
2928
2909
3895
4312
5672
5523
5127
4492
3365
3256
3223
3238
3186
2737
1713
150
-1417
-1843
-1137
-707
-1616
-3856
-5668
-5992
-5416
-4755
-4779
-5841
-7335
-8144
-7789
-6685
-5940
-6719
-8253
-8726
-7582
-6493
-6745
-7115
-6837
-6048
-5447
-5396
-6347
-7376
-6604
-1907
5251
6795
686
-7902
-7715
3475
13681
15962
8750
982
-605
4202
14439
20057
16930
8429
3266
7088
12928
15660
13962
10397
8179
6664
7021
8096
7874
6313
4334
3863
2624
-484
-2482
-1609
528
110
-3276
-7309
-9088
-7827
-5242
-3301
-4955
-8826
-11691
-10720
-6228
-3730
-4062
-6376
-8050
-6826
-4319
-1536
-1054
-2265
-2665
-1710
217
1695
2229
1995
1957
2726
3819
4323
4223
4248
4681
5281
5047
3838
2981
3479
4486
4386
2916
1224
253
-51
47
229
-523
-2488
-4268
-4382
-3534
-3726
-4987
-5978
-6270
-6499
-6915
-7256
-7008
-6798
-7237
-7303
-7457
-7515
-7948
-8320
-6743
-5915
-6258
-6780
-7183
-6787
-6791
-3913
2140
4973
1385
-5918
-7049
1588
10814
13026
7991
2680
2014
5302
11979
16560
15201
10327
6650
8826
12795
13967
13248
11948
11416
9740
7320
7404
8210
8243
7791
5921
3386
75
-1755
458
2560
1903
-2297
-7111
-7732
-5507
-3123
-3450
-6497
-9354
-10354
-8828
-6361
-5420
-6551
-7992
-8058
-6666
-5129
-4368
-3882
-3224
-2563
-2353
-2185
-1182
550
1947
2301
1989
1802
2192
3171
4427
5232
4924
3843
3218
3770
4820
5072
4085
2615
1640
1503
1717
1479
532
-883
-2177
-2834
-2973
-3181
-3966
-5016
-5571
-5965
-6708
-7211
-7279
-6966
-6964
-7977
-8658
-8701
-8938
-8559
-7264
-6567
-7109
-8569
-9304
-8178
-5890
-1168
3121
1772
-5187
-10208
-3841
7998
13035
8471
965
-34
4698
10033
14177
14597
11195
7585
7654
12125
14477
12563
11859
12934
13076
9441
6028
7600
10415
11338
8690
4356
1417
193
2092
5342
4458
-983
-6392
-7367
-3505
-1156
-2468
-5683
-9160
-9507
-8155
-6477
-5862
-7114
-7753
-8310
-8182
-7031
-6553
-5518
-4411
-4137
-3801
-4132
-3678
-1452
367
1529
1222
247
1305
2750
4194
5193
4530
4154
3493
3774
5568
6133
5356
3495
2762
3650
3785
2900
1791
949
178
-412
-742
-1489
-3110
-4395
-4415
-4032
-4593
-6522
-7999
-7682
-6692
-7030
-8461
-9126
-8891
-9395
-9767
-8394
-7509
-8058
-9345
-9481
-8967
-8968
-4819
1687
3020
-3659
-11215
-7240
5183
11982
8214
921
-207
4563
8534
11325
12909
12073
10199
8963
11200
13188
12151
12361
14425
14919
10699
6073
6850
10943
13254
11192
6058
1806
938
3043
6211
5661
816
-4316
-5852
-3227
-1724
-2319
-4491
-7532
-8127
-7791
-7395
-6745
-6755
-6757
-7633
-8473
-7937
-7256
-5678
-4206
-4213
-4365
-4853
-4541
-2342
310
1491
105
-1148
236
2749
4234
4144
3676
3623
3653
4058
5073
5665
4938
3792
3574
4119
3826
2713
2180
2108
1745
314
-940
-1121
-1768
-2669
-3424
-3631
-4082
-6163
-7544
-7008
-6153
-6481
-8165
-8984
-8620
-8859
-9200
-8982
-8585
-8478
-8989
-9410
-9758
-8712
-3679
1616
243
-7848
-12254
-4085
7989
10644
3825
-2480
-3
6491
9715
10849
10970
10085
9119
9631
11818
12302
11613
12807
14633
13719
9232
6413
9084
13077
13224
8962
4280
2677
3439
5448
6681
4154
-829
-4245
-3809
-1407
-1240
-3216
-5371
-6912
-7319
-7656
-7579
-7045
-6840
-6987
-8228
-8893
-8203
-7406
-5977
-4761
-4561
-4955
-5787
-5221
-2543
-240
79
-865
-1512
-51
2143
3089
3326
3025
3393
3613
3817
4736
4994
5021
4192
4027
4084
3096
2584
2295
2615
1723
-229
-880
-1157
-1507
-2339
-3480
-3871
-4428
-5985
-6762
-6058
-5783
-7177
-8784
-8410
-8214
-9252
-9198
-8997
-8223
-7997
-9598
-10227
-10587
-7988
-1182
2601
-1926
-11558
-12488
261
11249
9204
80
-3494
2349
8261
9276
9596
10373
10500
9556
9059
10719
11786
12448
14319
14965
12305
7055
6233
11331
15057
13328
7176
2800
2436
4212
7007
7118
2717
-2127
-3753
-2185
-150
-1135
-3180
-5191
-6815
-7237
-7900
-7512
-6485
-5645
-6631
-9053
-9758
-8983
-6610
-4712
-4414
-4769
-5931
-6296
-4449
-1370
439
-255
-1829
-1274
1114
2512
2639
2882
3533
3726
3633
4140
5090
5535
4834
3902
4256
5013
4196
2742
2753
3251
2140
121
-833
-750
-1160
-2362
-3237
-3130
-3830
-5842
-6388
-5242
-5378
-7661
-9081
-8341
-7910
-9288
-9711
-8661
-8478
-8813
-10052
-10259
-10169
-8683
-1438
3249
-988
-10931
-13888
-615
11879
10465
1519
-3377
1807
7406
9298
11166
12033
11472
9312
8831
10480
11313
12365
15085
16915
12874
5983
4902
10545
15366
13994
8011
2284
555
2923
6801
7666
3494
-2042
-4736
-3993
-1737
-1082
-3352
-6047
-7526
-8544
-8892
-8036
-6439
-5529
-6865
-9123
-10069
-9278
-6731
-4331
-4017
-4570
-5547
-6449
-4548
-583
1854
755
-1621
-1360
575
2237
3442
3834
3578
3738
3631
4042
5228
5307
5273
4269
4262
4165
2706
2879
2639
2960
1296
-1441
-1189
-850
-979
-2940
-4242
-3730
-4640
-6219
-7062
-6342
-6474
-7909
-8950
-9396
-9044
-9719
-9717
-9021
-8886
-9317
-11473
-11713
-9334
-3162
3271
1271
-7264
-14768
-7353
9734
14277
7032
-2077
-2056
6303
9961
11862
13897
13016
10082
8575
10975
13682
14140
13955
15755
14771
9459
4920
7088
14385
15644
10784
3443
-1020
870
4131
7528
5685
-1276
-6030
-7626
-4256
-663
-1734
-5084
-9071
-10241
-9693
-9257
-7858
-6988
-7631
-9489
-10729
-9815
-7492
-5527
-4459
-4348
-5207
-5797
-4800
-1802
1343
2412
1477
520
1245
3438
5550
6368
5956
5009
4380
4922
6439
7153
6086
4736
4475
4450
3735
2690
1994
1743
951
-1180
-3074
-3002
-2721
-4031
-5398
-5181
-5359
-7510
-9118
-8452
-7134
-7601
-9675
-10993
-10431
-10265
-10589
-9969
-9812
-9139
-9102
-10758
-12497
-10439
301
8302
2103
-11226
-16193
-1161
17045
18015
6457
-2260
2542
9094
12131
16288
18118
16342
10166
8946
13481
15543
15013
15064
18027
15564
7321
3703
8254
14658
14775
9504
2288
-2494
-2450
1301
5602
3525
-3933
-11153
-12341
-7435
-4883
-4906
-7407
-11431
-13584
-13594
-9573
-7338
-8250
-9038
-10977
-11055
-9700
-6573
-3614
-3416
-2291
-3143
-4519
-2925
1608
7137
7335
4295
2458
3780
7239
9141
9708
9357
7833
5821
5409
7031
8377
7599
5340
3228
2005
2462
3013
1511
-849
-2852
-3870
-4338
-4163
-5296
-8625
-8503
-6895
-8186
-10759
-11613
-10495
-9568
-10815
-13564
-11876
-11714
-14164
-11854
-9024
-8388
-10327
-12559
-10563
-8828
-10746
-2659
9738
9952
-895
-17077
-9774
15377
22851
17317
5868
2863
8921
9520
17919
25612
23093
14482
7881
13257
16729
16645
17179
20018
17747
6539
718
2727
11295
13690
9060
2992
-5818
-8754
-7484
-1362
2512
-2776
-10134
-17738
-17627
-12680
-7726
-5054
-10508
-15439
-19033
-16530
-10467
-7358
-4912
-8182
-9643
-9778
-6937
-965
1675
3757
2209
1074
1290
2904
6831
9572
10776
9922
8761
7664
7544
9186
11943
12550
8930
4996
4529
6790
7025
4443
2124
746
-1452
-3589
-3469
-2749
-4633
-8456
-10334
-10081
-9883
-11674
-12824
-11827
-11729
-12962
-15566
-15815
-13229
-11936
-11445
-9735
-9050
-13270
-14172
-9592
-5535
-2883
-8025
-11007
-9987
-9562
4934
17971
16305
-762
-20242
-5788
21218
31096
26832
11772
5471
7069
10305
23304
32767
27909
14174
7379
11689
17123
16704
16790
20454
16395
5321
-2590
-796
4870
5822
5921
1264
-7319
-15186
-18110
-9392
-2649
-3297
-10290
-20409
-21229
-18509
-11933
-7067
-9818
-13821
-18894
-16098
-10381
-5545
-1633
-2318
-3223
-5045
-2746
2743
7948
11874
11864
8999
5157
5562
10913
16192
16974
14953
13254
10971
8329
8197
11662
13229
8769
2709
519
1342
456
-1986
-2598
-2713
-5323
-9335
-10539
-9672
-9844
-11816
-12452
-11386
-12771
-14917
-16783
-14673
-12865
-15101
-14734
-13043
-10572
-11106
-11064
-7830
-7636
-8352
-11463
-9841
-2810
-2522
-4102
-5146
-8579
-8632
4632
22877
24442
4409
-17665
-6290
21672
32486
30747
19245
11135
5146
3958
18990
32489
32078
16212
5328
8271
10196
12750
14512
17291
13533
590
-5199
-5610
-2160
-1738
-1491
-325
-8212
-15866
-21063
-17361
-9349
-5682
-6034
-14240
-20696
-22622
-18009
-8320
-3125
-4839
-11043
-14416
-13537
-6879
2188
5849
4529
-65
411
4602
9739
16660
16373
13548
10297
10515
15615
16444
16344
14918
13060
10648
7185
7503
8956
6979
1911
-549
377
23
-3340
-6160
-6622
-7559
-9686
-11746
-12140
-11970
-13875
-16471
-16109
-14016
-14678
-16944
-16093
-12636
-11064
-12232
-12383
-10701
-9147
-7908
-6692
-5380
-5710
-8057
-8855
-4952
-598
-273
-3292
-5844
-6201
-7360
1660
20635
28172
14098
-10708
-13240
8873
26439
30652
24942
19242
10208
-1295
6783
25691
32594
22395
8851
7670
8202
5101
6556
12312
14187
6168
-2969
-5016
-4796
-6858
-6610
-1557
489
-6408
-16548
-19797
-16815
-12236
-7062
-5198
-8327
-15666
-19284
-15025
-8647
-2842
-2122
-4206
-6500
-7692
-3685
1549
5193
5840
5537
6535
7175
9003
12836
15471
13627
10680
11334
13815
13652
11669
11285
10889
8213
5372
5405
6415
4114
-550
-2325
-395
-167
-4050
-7870
-8527
-8466
-9943
-11429
-11749
-12301
-13723
-14215
-12834
-11591
-12371
-13576
-12414
-9483
-7994
-8687
-9095
-8110
-7134
-6309
-4366
-2561
-3688
-6705
-7391
-4767
-2332
-2279
-2872
-2738
-3582
-5706
-4041
5866
17936
18964
5872
-7462
-6766
5608
16941
21056
20756
17687
10148
1564
1211
11247
20983
20714
14045
9493
7764
5141
2734
4219
8199
9522
6446
1808
-1767
-4064
-5124
-4362
-2534
-2238
-4686
-8158
-10381
-10539
-8807
-6110
-4872
-6435
-8970
-9847
-8672
-6355
-4112
-3115
-3076
-3528
-3200
-1591
905
3027
2647
1682
2369
4845
7265
7546
6876
5976
5038
4151
3785
4694
5536
4933
2841
775
-434
-1723
-3005
-3421
-2326
-624
-376
-2263
-4561
-4870
-4197
-4129
-4272
-3694
-895
397
-1727
-2383
-2563
-2991
-1328
-1415
-3556
-2075
1357
1867
530
-1470
-2507
-2171
-2672
-2479
-1104
237
752
-428
-1974
-3020
-3583
-3699
-2975
-1538
-1083
-1419
-1847
-1558
-203
161
-23
-44
-719
-742
403
1752
2930
3192
2493
2183
2098
1387
493
300
1428
2727
2649
2093
2166
2360
2156
1309
758
1645
2497
2598
3048
3137
2378
1357
332
431
1463
1539
1065
1584
2592
2391
783
-437
-425
81
838
1705
1956
1254
202
-591
-996
-857
-659
-619
-37
534
331
-170
-922
-1399
-1176
-1350
-1289
-515
-100
152
-45
-881
-1393
-1475
-1410
-781
179
629
671
376
-113
-387
-552
-463
-224
-300
-354
-73
122
162
115
-46
-193
-463
-711
-560
-154
85
-175
-517
-667
-1047
-1481
-1651
-1647
-1724
-2089
-2396
-2095
-1843
-2337
-2849
-3008
-2741
-2565
-3062
-3183
-2480
-1671
-1158
-777
-460
-807
-1913
-2789
-2614
-1505
49
1165
1484
2053
2291
1108
-192
-409
572
1976
3050
3996
4680
4567
3766
2755
1678
1180
1667
2563
3556
4347
4380
3453
1922
343
-862
-1226
-398
973
1892
2394
2392
1376
-107
-1176
-1576
-1312
-579
495
1688
2236
1570
0
-1473
-2039
-1822
-1201
-218
902
1474
986
-233
-1548
-2567
-2856
-2230
-978
234
684
545
244
-381
-1160
-1693
-1718
-926
216
1005
1516
1621
1000
34
-659
-775
-388
176
822
1369
1374
817
-67
-925
-1301
-1268
-1062
-614
-359
-523
-578
-643
-765
-1079
-1850
-2480
-2528
-2054
-1671
-1569
-1435
-1439
-1774
-2447
-3173
-3848
-4274
-4008
-3029
-1616
-260
536
549
-101
-1270
-2588
-3227
-2648
-962
1293
3226
4008
3561
2403
1023
-3
-9
1201
3101
5023
6418
6598
5550
3705
1829
942
1156
2306
3829
4793
4684
3285
1215
-830
-2369
-2562
-1540
-151
1085
1522
997
-147
-1570
-2475
-2569
-2161
-1413
-766
-225
38
-599
-1554
-2291
-2832
-2838
-2073
-751
591
1295
936
140
-450
-903
-615
744
1943
2063
1873
1871
1537
925
615
787
1424
2247
2457
1873
1093
286
-539
-992
-850
-156
666
903
297
-726
-1666
-2416
-2583
-1891
-1231
-724
-150
-737
-2123
-3125
-4110
-3707
-1460
-560
-1227
-1400
-2098
-3671
-4220
-4138
-4678
-4477
-3244
-3001
-3422
-3485
-4085
-4946
-5531
-6325
-6675
-5799
-3254
938
4665
5872
4301
892
-1966
-2453
-887
1871
5194
8476
10810
11058
9147
6395
4361
3801
4481
5926
7803
9626
10636
10137
8109
5382
2985
1417
515
37
116
847
1675
1632
227
-2121
-4497
-6155
-6862
-6764
-6087
-5054
-3950
-3157
-3000
-3588
-4573
-5304
-5440
-4982
-3978
-2625
-1099
307
978
811
624
1212
2107
2475
3071
4503
5838
6504
6392
5823
5498
5024
4392
4145
3834
3663
3698
3097
2193
1465
1064
1025
581
-488
-1717
-2367
-2157
-2275
-2925
-3736
-5466
-6511
-5804
-4734
-3580
-3370
-4777
-6467
-7754
-8714
-9065
-8509
-6059
-3088
-2089
-2573
-4386
-5490
-6299
-7697
-7730
-7622
-5976
-3655
-2895
-2919
-4076
-5337
-6617
-8325
-9633
-8612
-3729
4100
11460
13563
10876
6399
3104
3563
5200
7376
10227
13491
17374
18940
18723
16882
13836
11468
8898
6912
5784
5838
7480
9101
8634
6305
3604
8
-3596
-7106
-10024
-10061
-8673
-6932
-6387
-7810
-8668
-9394
-9622
-10108
-12009
-12588
-12352
-10703
-7258
-4455
-1968
-980
-1225
-1172
-714
818
2499
4249
6061
7965
10822
13875
16002
16254
14548
12102
10490
9672
8600
7293
6540
6584
6501
5628
3805
1291
-1474
-3528
-4913
-6263
-7194
-7537
-7295
-7266
-7462
-7701
-8094
-9429
-11078
-12024
-12375
-11016
-10397
-9110
-7799
-7437
-5801
-5814
-5049
-5201
-6466
-6396
-6165
-4231
-2815
-2720
-3610
-4345
-4985
-5347
-5852
-7470
-7742
-8686
-8775
-8831
-9683
-6451
-925
7812
14918
13823
10428
7695
8814
11742
11304
11477
14129
17966
20688
21886
22541
23661
22343
16735
11366
6783
5547
5842
4724
4888
3507
2155
371
-3593
-5896
-8669
-11130
-13404
-17269
-18290
-17633
-16163
-13655
-12341
-10959
-10522
-11061
-11317
-10856
-9275
-7364
-5238
-3774
-788
3049
7370
12001
13012
13623
13123
12982
15040
15584
16554
16611
16290
16770
16351
15099
12437
9122
5993
3191
412
-2007
-3807
-5090
-5985
-6976
-7577
-7911
-8556
-9712
-11281
-12727
-13770
-14152
-13970
-13149
-12000
-11016
-9776
-9012
-8008
-6967
-6243
-5159
-5125
-5031
-4902
-4578
-3354
-2726
-2044
-1676
-1936
-2639
-4038
-5177
-6115
-7028
-8476
-9506
-9725
-9891
-9784
-10064
-6558
1722
10650
16092
14131
11495
12469
14418
15334
13397
13791
16703
17673
17817
18973
22942
26050
23702
17819
12520
9220
6184
3310
912
136
-1358
-4601
-5916
-6228
-5397
-6600
-11313
-15310
-18689
-19344
-18857
-18899
-16981
-15297
-13479
-12055
-10224
-6450
-3643
-2287
-2764
-2544
-900
1232
3870
6444
10287
13086
14738
15756
16935
19044
19270
18257
16450
15219
14673
12732
10714
8631
7203
5662
2416
-524
-3059
-4930
-7060
-10049
-11567
-11550
-11154
-11404
-11700
-10835
-9233
-8996
-10021
-9917
-9425
-8770
-9084
-9620
-7748
-6491
-5422
-4491
-3943
-1624
-882
-666
-907
-2493
-3065
-3965
-4622
-5088
-5532
-5741
-6327
-7328
-8024
-7928
-9046
-10379
-11707
-12926
-13252
-14683
-12866
-5649
3838
11725
13493
14702
18361
20485
20021
17518
17729
18966
16894
14832
16174
21795
25509
24067
21514
19524
17339
12296
6845
2936
-1416
-6915
-12831
-14552
-12582
-10596
-10611
-12317
-12931
-14297
-16106
-17604
-18684
-18158
-18839
-19142
-17978
-14462
-8176
-3895
-274
2552
4868
7587
8378
9238
9826
10335
11087
11585
13411
15882
17963
18758
19024
19397
19296
18189
15190
11813
7950
3441
-411
-3737
-5357
-6732
-8570
-9613
-10250
-9989
-10149
-10900
-11268
-11560
-11628
-11791
-11253
-9849
-8238
-7028
-6216
-4468
-2895
-1625
-1161
-793
277
30
-447
-1440
-1635
-1341
-1796
-1840
-2335
-2271
-3057
-4108
-4731
-6076
-7132
-9027
-10519
-11853
-13089
-13739
-14892
-14439
-14393
-13771
-13130
-12699
-6611
1094
9032
13087
14264
19378
22266
23432
22413
22135
23954
20679
17464
17938
21466
23614
21114
19930
20337
18869
13663
8406
5055
211
-6059
-13079
-15713
-16601
-18182
-17368
-17482
-16116
-16229
-17450
-16018
-15996
-15400
-16084
-17425
-16340
-14764
-10703
-6224
-2607
1586
5390
9177
12359
14656
16084
17205
16796
15679
15259
14507
15437
15805
15955
16717
15752
15480
13991
11575
8946
4052
-471
-5334
-9398
-12052
-14502
-15407
-16018
-15071
-13328
-11329
-9094
-7821
-6685
-6248
-5652
-5877
-6015
-5937
-5817
-4332
-3404
-1714
332
2013
3919
4931
5424
5035
3103
786
-1046
-2707
-4076
-5869
-7219
-7667
-8284
-8652
-9039
-9332
-9435
-9762
-11194
-12780
-14169
-15705
-16363
-16770
-15883
-15384
-14902
-10271
-3076
5449
12560
17688
23304
26303
27285
27730
27772
27445
23597
19218
17591
17616
18244
18383
19053
19437
17499
14037
11303
8445
3345
-3487
-10866
-16619
-21038
-24044
-24063
-23362
-21878
-20078
-18851
-15876
-13089
-11074
-9849
-10642
-10987
-11247
-10514
-7580
-4555
-849
2950
6585
11015
15296
19100
21692
22484
21645
19902
17981
15769
13786
11444
9135
7559
6540
6714
6616
6169
4681
1933
-659
-4112
-7129
-10334
-13698
-15997
-17791
-17660
-16231
-13714
-10358
-7124
-3903
-1157
1029
2439
2926
2462
1381
192
-774
-1114
-1005
-492
343
1335
2534
3550
4015
3491
1917
-747
-3789
-6652
-9388
-11412
-13501
-14859
-15432
-15348
-13789
-12428
-10813
-10142
-10360
-9979
-10504
-11072
-12014
-13036
-13529
-13370
-9731
-3403
4627
12870
19071
24831
29862
32767
32767
32755
32296
28023
22141
17253
13781
12480
11429
10267
9395
8654
7894
7056
5745
2994
-1448
-8200
-14786
-19628
-23624
-26021
-27799
-27644
-25701
-23532
-19693
-14960
-9336
-4876
-3078
-1730
-975
238
1169
1516
2564
3061
4494
6934
10413
14784
17946
20408
21678
22065
21890
20545
18133
14229
9355
4477
512
-2203
-3803
-4794
-5551
-6043
-6221
-5912
-5520
-5607
-6582
-8361
-10354
-11913
-12607
-12407
-11480
-9956
-7762
-4880
-1446
2056
5096
7267
8268
8212
7309
5925
4246
2413
484
-1301
-2838
-3891
-4074
-3797
-3196
-3224
-3773
-4437
-5740
-7068
-8883
-10764
-12474
-14199
-15220
-15851
-15387
-14052
-12843
-11742
-10481
-8776
-7402
-6524
-6034
-6141
-6316
-5452
-1888
3900
9958
14907
19142
23722
27598
30774
32697
32767
31548
26959
20993
16476
13417
10603
7154
4039
1800
120
-1050
-1298
-1265
-2816
-6113
-10330
-13693
-16061
-18743
-21048
-22831
-23662
-23729
-22738
-19152
-14201
-9427
-5597
-2198
1608
4968
7366
9005
10333
10785
10154
9517
9603
10954
12525
13794
14645
14946
15647
15913
15713
14760
12282
8906
4875
1314
-1657
-4378
-6727
-8859
-10390
-11067
-10824
-9951
-8871
-7932
-7147
-6498
-5990
-5432
-4824
-4280
-3876
-3326
-2297
-881
694
2403
4206
5681
6438
6684
6880
6808
5807
3822
1449
-877
-3049
-4877
-6160
-6996
-7760
-8605
-9143
-8928
-8373
-8376
-9060
-9797
-10311
-10767
-11094
-10974
-10512
-10266
-10457
-10397
-9406
-7996
-7065
-6517
-5890
-5344
-4976
-3663
5
5490
10767
14814
18247
21920
25418
27571
28409
28374
26673
22750
17972
14254
11705
8912
5527
2636
778
-616
-1877
-2488
-2547
-3457
-5981
-9056
-11315
-12927
-14990
-17251
-18581
-19137
-19485
-19015
-16785
-13003
-9103
-6017
-3164
135
3553
6460
8659
10123
10630
10194
9443
9177
9544
9991
10107
10122
10348
10716
11049
11243
11003
9939
8010
5560
2949
310
-2347
-4959
-7394
-9447
-10758
-11023
-10447
-9555
-8584
-7480
-6253
-4987
-3719
-2615
-1911
-1630
-1483
-1132
-363
672
1664
2542
3352
4104
4661
5057
5302
5258
4626
3409
1974
542
-723
-2236
-3795
-5153
-6206
-6985
-7907
-8376
-8573
-8604
-8658
-8861
-8634
-8557
-8528
-8562
-8509
-8093
-8219
-8526
-8628
-8198
-7482
-7458
-7406
-7100
-6666
-6002
-4382
-417
4831
9679
13411
16797
20626
23601
25227
25909
25880
24192
20169
15825
12604
10271
7520
4241
1957
501
-662
-1667
-1616
-787
-1361
-3450
-5828
-7302
-8721
-10941
-12960
-14459
-15636
-16944
-17241
-15305
-12165
-9044
-6535
-3715
-397
2585
5358
7855
9958
10566
9775
8975
8520
8358
7821
7432
7241
6790
6478
6582
7405
7818
7236
6137
4757
3373
1518
-477
-2293
-4285
-6271
-8074
-8882
-8758
-8522
-8090
-7367
-6201
-4842
-3342
-1491
263
1467
1929
2043
2276
2715
3097
3178
3136
2987
2918
3107
3405
3658
3457
2874
2069
1125
240
-840
-2125
-3614
-5264
-6700
-7875
-8628
-9127
-9564
-9794
-9885
-9711
-9437
-8971
-8188
-7607
-7391
-7268
-6883
-6456
-6370
-6443
-6493
-6526
-6641
-6694
-6403
-5856
-5366
-4274
-1310
3261
7695
11177
14436
17805
20567
22309
23526
24336
23651
20698
16722
13561
11125
8245
5188
3037
1529
-303
-2008
-2264
-1293
-1028
-2384
-4109
-5117
-6072
-7623
-9180
-10467
-12261
-14628
-16078
-15394
-13198
-10975
-9080
-6771
-3932
-1156
1669
4972
7906
9185
8985
8471
8203
7931
7390
6558
5372
3803
2422
2166
3096
4114
4450
4367
4145
3678
3164
2904
2452
1023
-1240
-3265
-4348
-4782
-5015
-5001
-4681
-4217
-3492
-2110
-117
1852
3168
3696
3802
3919
4088
4128
3907
3220
1988
684
-107
-395
-528
-759
-1297
-2138
-2948
-3443
-3695
-3960
-4539
-5545
-6641
-7397
-7737
-7825
-7938
-8336
-8829
-8851
-8157
-7071
-5995
-5155
-4669
-4458
-4134
-3347
-2338
-1881
-2359
-3269
-3926
-4328
-4744
-5084
-5265
-5568
-5723
-4454
-985
3653
7844
11241
14346
17111
19162
20767
22149
22353
20168
16120
12181
9378
6953
4184
1493
-722
-2839
-4670
-4945
-3368
-1743
-1734
-2820
-3621
-4009
-4621
-5443
-6288
-7797
-10394
-12820
-13286
-11808
-9986
-8720
-7463
-5596
-3120
-35
3727
7460
9875
10480
10145
9957
9989
9571
8248
6162
3733
1518
247
273
942
1179
703
186
304
1094
2079
2641
2334
1101
-541
-1790
-2296
-2446
-2788
-3499
-4313
-4653
-3953
-2295
-422
1013
1910
2541
3264
4208
5057
5252
4524
3123
1624
514
-161
-701
-1456
-2514
-3593
-4232
-4215
-3828
-3537
-3597
-3930
-4327
-4586
-4567
-4309
-4128
-4322
-4789
-5088
-4922
-4448
-4009
-3767
-3644
-3490
-3169
-2634
-2025
-1646
-1709
-2142
-2678
-3138
-3551
-4046
-4728
-5598
-6543
-7370
-7776
-7338
-5728
-3047
166
3459
6783
10169
13304
15874
17928
19468
19899
18708
16348
13734
11172
8443
5614
2996
589
-1717
-3464
-3953
-3323
-2663
-2728
-3144
-3282
-3264
-3484
-3820
-4184
-5124
-6922
-8646
-9143
-8547
-7811
-7246
-6413
-5078
-3358
-1114
1823
4890
7055
8026
8540
9198
9759
9726
9010
7616
5471
3006
1120
101
-615
-1526
-2477
-3058
-3092
-2642
-1842
-957
-436
-497
-691
-469
22
232
-12
-524
-1134
-1617
-1641
-1086
-276
339
714
1207
2038
3039
3892
4354
4226
3497
2497
1597
830
-48
-1191
-2485
-3658
-4445
-4768
-4765
-4720
-4766
-4793
-4655
-4325
-3851
-3348
-2973
-2871
-2963
-3008
-2919
-2828
-2866
-3001
-3148
-3259
-3276
-3150
-2994
-2985
-3124
-3195
-3123
-3113
-3368
-3819
-4306
-4806
-5314
-5693
-5894
-6049
-6087
-5485
-3764
-1063
2051
5168
8125
10720
12919
15019
17066
18375
18168
16519
14190
11773
9428
7135
4779
2127
-790
-3262
-4423
-4302
-3832
-3727
-3911
-4051
-3949
-3457
-2634
-2063
-2423
-3656
-4929
-5484
-5313
-4916
-4662
-4605
-4553
-4065
-2622
-242
2235
3937
4829
5533
6456
7466
8200
8242
7255
5398
3420
2046
1237
407
-800
-2181
-3317
-3863
-3595
-2598
-1411
-636
-278
182
1054
2082
2852
3097
2725
1927
1186
878
888
780
283
-428
-928
-951
-545
23
399
312
-177
-677
-901
-990
-1262
-1852
-2700
-3615
-4295
-4542
-4472
-4397
-4482
-4605
-4486
-3964
-3128
-2269
-1632
-1302
-1181
-1013
-608
-129
59
-196
-721
-1273
-1690
-1903
-2025
-2316
-2909
-3588
-3988
-3979
-3804
-3831
-4178
-4689
-5177
-5476
-5480
-5306
-5249
-5300
-4961
-3725
-1564
1122
3867
6337
8411
10252
12204
14284
15896
16299
15322
13460
11391
9458
7610
5558
3058
162
-2592
-4365
-4907
-4872
-4948
-5274
-5556
-5438
-4779
-3611
-2435
-1998
-2329
-2884
-3052
-2487
-1677
-1323
-1433
-1740
-1847
-1192
266
1898
2968
3318
3527
4163
5194
6171
6624
6308
5282
4016
3069
2458
1747
631
-823
-2240
-3190
-3444
-3122
-2589
-2182
-1944
-1569
-783
356
1543
2433
2768
2586
2242
2030
1885
1587
1040
305
-503
-1165
-1432
-1311
-1122
-1176
-1392
-1502
-1433
-1257
-1071
-952
-1047
-1486
-2026
-2316
-2359
-2336
-2433
-2676
-2840
-2789
-2543
-2076
-1539
-1226
-1222
-1307
-1217
-971
-803
-865
-1188
-1702
-2212
-2551
-2713
-2906
-3338
-3994
-4602
-4868
-4758
-4540
-4492
-4719
-5092
-5339
-5223
-4763
-4241
-3916
-3733
-3312
-2226
-373
1920
4179
6108
7676
9082
10596
12242
13593
14081
13521
12250
10754
9285
7805
6165
4201
1906
-369
-2100
-3018
-3367
-3687
-4157
-4563
-4650
-4206
-3306
-2321
-1572
-1261
-1258
-1096
-567
54
385
279
-82
-385
-406
-77
419
776
888
917
1137
1649
2243
2622
2636
2358
1996
1702
1502
1261
793
46
-830
-1539
-1876
-1880
-1759
-1634
-1475
-1197
-730
-41
807
1608
2138
2355
2435
2536
2599
2472
2104
1534
829
112
-416
-673
-824
-1075
-1438
-1720
-1798
-1758
-1708
-1712
-1858
-2114
-2346
-2421
-2266
-2023
-1918
-1944
-1954
-1839
-1590
-1278
-1026
-958
-1090
-1263
-1343
-1347
-1403
-1613
-1956
-2325
-2627
-2837
-2970
-3080
-3251
-3518
-3785
-3918
-3872
-3731
-3622
-3598
-3638
-3708
-3751
-3683
-3482
-3241
-3034
-2771
-2257
-1353
-77
1449
3073
4639
6063
7372
8649
9822
10686
11027
10820
10152
9173
8045
6814
5494
3974
2232
496
-923
-1918
-2608
-3071
-3463
-3653
-3515
-3080
-2344
-1570
-967
-599
-372
-268
-141
-16
-32
-11
-37
32
173
225
212
49
-189
-312
-196
75
446
742
948
1115
1190
1298
1386
1462
1372
1115
732
202
-353
-889
-1167
-1158
-928
-649
-367
16
460
980
1311
1308
945
453
-57
-678
-1424
-2420
-3222
-3411
-2982
-2040
-833
346
1577
2972
4315
5575
6384
6569
6218
5403
4344
3003
1505
57
-1030
-1614
-1735
-1544
-1306
-1123
-1137
-1153
-1088
-978
-765
-572
-354
-208
-309
-775
-1503
-2312
-3259
-4127
-4837
-5557
-6223
-6828
-7286
-7427
-7209
-6718
-5908
-4861
-3992
-3370
-3020
-2945
-2921
-2996
-3116
-3283
-3518
-3504
-3076
-2130
-782
704
2285
3846
5298
6570
7566
8249
8487
8279
7746
6979
6097
5159
4114
2994
1873
816
-45
-668
-1108
-1440
-1709
-1869
-1862
-1677
-1356
-988
-666
-416
-217
-42
109
198
180
32
-218
-508
-782
-1008
-1184
-1329
-1439
-1487
-1428
-1221
-886
-464
-12
419
805
1147
1445
1679
1817
1836
1738
1562
1373
1217
1112
1034
954
859
763
701
676
667
645
569
440
314
203
110
3
-173
-377
-577
-787
-941
-1030
-1138
-1261
-1348
-1360
-1285
-1154
-988
-797
-578
-299
36
382
705
988
1224
1419
1544
1561
1446
1226
942
625
265
-155
-630
-1112
-1544
-1906
-2213
-2505
-2805
-3108
-3374
-3567
-3687
-3764
-3832
-3901
-3949
-3936
-3851
-3698
-3529
-3398
-3333
-3299
-3197
-2937
-2499
-1950
-1379
-797
-113
791
1929
3157
4233
4991
5451
5770
6077
6329
6338
5948
5200
4331
3589
3048
2591
2050
1380
705
227
51
114
244
305
296
310
452
740
1097
1394
1536
1527
1447
1386
1364
1317
1141
779
284
-199
-538
-708
-784
-875
-996
-1062
-958
-641
-202
199
452
559
605
660
722
708
558
283
-32
-285
-423
-469
-472
-455
-427
-379
-298
-198
-102
-34
-31
-130
-313
-506
-667
-806
-954
-1137
-1345
-1528
-1639
-1682
-1686
-1679
-1672
-1649
-1585
-1459
-1272
-1048
-822
-606
-400
-213
-65
20
20
-81
-296
-610
-975
-1359
-1730
-2061
-2302
-2391
-2305
-2071
-1761
-1437
-1140
-892
-711
-613
-602
-655
-742
-843
-937
-1013
-1062
-1071
-1027
-943
-834
-703
-560
-441
-357
-300
-273
-267
-275
-308
-397
-522
-651
-770
-869
-959
-1061
-1149
-1224
-1283
-1291
-1254
-1200
-1115
-1012
-908
-790
-662
-535
-398
-272
-170
-80
8
74
130
176
209
236
267
310
370
436
505
575
655
735
808
873
929
976
1002
1005
991
966
943
922
894
873
862
859
885
935
1001
1079
1148
1232
1323
1412
1503
1574
1600
1620
1622
1602
1560
1478
1386
1257
1123
950
778
614
498
288
145
6
-97
-188
-231
-292
-308
-330
-332
-322
-322
-321
-331
-367
-403
-448
-491
-540
-587
-636
-678
-710
-721
-719
-704
-683
-660
-633
-604
-577
-556
-542
-539
-547
-564
-588
-620
-661
-704
-750
-796
-841
-881
-917
-941
-959
-980
-969
-949
-928
-900
-845
-784
-726
-665
-585
-518
-451
-397
-331
-314
-278
-149
-180
-179
-176
-141
-136
-108
-67
-9
43
125
213
306
385
474
550
614
671
704
716
720
708
682
640
598
551
508
465
431
409
403
413
440
485
545
618
703
796
892
989
1080
1163
1233
1290
1331
1358
1368
1365
1345
1311
1263
1204
1138
1070
1005
949
906
878
864
856
849
831
786
700
565
375
130
-162
-479
-804
-1104
-1349
-1519
-1578
-1530
-1376
-1130
-817
-462
-122
211
508
745
936
1069
1175
1250
1306
1363
1415
1483
1543
1594
1653
1682
1690
1657
1605
1530
1418
1291
1143
986
826
657
486
315
142
-31
-209
-395
-575
-759
-929
-1113
-1287
-1441
-1595
-1724
-1845
-1931
-2001
-2058
-2080
-2093
-2079
-2058
-2028
-1977
-1931
-1874
-1829
-1779
-1728
-1688
-1657
-1640
-1602
-1558
-1516
-1467
-1424
-1360
-1298
-1211
-1115
-1031
-920
-800
-673
-543
-410
-269
-141
-12
110
219
322
412
486
544
597
628
653
671
676
683
679
685
678
663
649
618
593
552
500
438
363
286
199
112
16
-69
-147
-210
-259
-294
-305
-296
-258
-211
-136
-42
71
199
337
479
636
794
950
1133
1252
1398
1520
1623
1697
1758
1784
1794
1774
1733
1657
1569
1466
1341
1210
1082
940
814
694
570
461
353
235
141
42
-57
-143
-232
-323
-394
-461
-523
-562
-605
-633
-647
-659
-655
-654
-638
-620
-604
-575
-557
-523
-492
-461
-424
-389
-353
-332
-320
-305
-314
-325
-360
-396
-441
-497
-554
-611
-662
-710
-719
-781
-794
-805
-810
-823
-823
-817
-824
-817
-822
-807
-816
-789
-781
-755
-722
-686
-642
-592
-551
-504
-458
-424
-393
-366
-345
-330
-320
-307
-303
-299
-297
-296
-293
-299
-306
-308
-328
-349
-360
-392
-414
-431
-450
-456
-456
-446
-435
-403
-369
-339
-297
-267
-229
-196
-168
-137
-111
-69
-40
-5
26
77
167
192
207
254
274
280
273
269
243
205
174
117
60
10
-49
-112
-166
-219
-271
-319
-367
-406
-442
-468
-484
-489
-483
-468
-442
-396
-347
-285
-204
-125
-35
63
155
253
358
455
554
660
754
852
946
1029
1123
1194
1263
1321
1366
1403
1416
1425
1414
1388
1356
1317
1253
1191
1127
1044
967
884
801
703
598
511
408
308
215
126
39
-46
-115
-181
-245
-299
-341
-375
-401
-418
-429
-435
-437
-427
-410
-387
-357
-323
-285
-251
-215
-176
-135
-104
-79
-57
-33
-16
-8
-1
10
19
28
33
38
45
46
47
44
45
36
34
29
16
3
-15
-29
-57
-70
-98
-122
-153
-162
-201
-212
-232
-231
-251
-260
-253
-255
-237
-223
-202
-183
-162
-134
-123
-105
-101
-97
-101
-107
-118
-132
-146
-165
-177
-195
-204
-209
-202
-200
-176
-142
-120
-74
-29
26
66
134
178
239
278
325
362
388
402
418
412
399
387
361
330
305
264
234
204
170
146
117
103
84
68
47
25
5
-19
-50
-80
-69
-136
-173
-209
-249
-297
-333
-371
-412
-431
-473
-481
-510
-500
-508
-505
-497
-479
-465
-452
-436
-421
-409
-396
-383
-372
-369
-363
-363
-364
-365
-366
-365
-360
-359
-353
-345
-336
-322
-306
-287
-265
-247
-225
-202
-188
-174
-157
-149
-140
-139
-135
-137
-145
-150
-146
-159
-164
-158
-165
-160
-153
-145
-133
-107
-103
-73
-57
-38
-17
6
17
41
50
58
67
68
67
63
66
60
56
57
56
51
59
65
71
92
105
130
149
175
195
223
241
269
288
305
319
328
335
330
335
326
319
305
302
280
273
255
242
232
221
210
204
200
193
191
186
189
175
175
166
161
146
136
123
121
93
84
71
51
30
25
11
2
-2
-5
-9
-9
-7
-7
-8
6
7
7
14
19
11
12
12
7
-7
-8
-13
-26
-30
-38
-40
-42
-44
-40
-36
-31
-26
-18
-11
0
8
27
32
46
49
56
57
61
60
60
61
61
52
50
44
41
39
35
38
27
35
45
36
68
57
66
75
72
80
87
84
92
90
91
88
88
86
82
85
76
78
75
73
79
71
80
68
73
69
67
73
65
64
58
54
40
43
23
25
8
-1
-11
-24
-33
-41
-54
-55
-68
-68
-70
-74
-75
-80
-82
-80
-76
-74
-76
-69
-72
-66
-62
-63
-66
-61
-56
-58
-36
-51
-43
-50
-57
-53
-57
-57
-61
-68
-70
-78
-80
-86
-93
-104
-104
-117
-119
-126
-137
-139
-149
-154
-160
-161
-170
-175
-177
-182
-193
-188
-193
-198
-196
-193
-199
-195
-194
-188
-189
-181
-174
-172
-160
-153
-148
-134
-130
-116
-114
-102
-92
-87
-75
-71
-55
-55
-48
-40
-30
-29
-20
-12
5
-3
17
18
26
24
30
38
37
37
49
43
48
47
50
50
51
54
53
53
53
49
44
46
44
43
41
43
41
39
38
40
40
41
43
47
50
49
53
52
55
52
53
58
56
60
60
67
64
64
69
69
64
70
69
68
66
68
68
62
66
63
61
52
56
44
42
35
34
29
21
20
14
4
1
-10
-17
-25
-38
-41
-53
-55
-62
-62
-67
-73
-71
-67
-69
-62
-59
-52
-48
-41
-24
-24
-17
-5
2
10
20
31
38
49
54
70
68
79
83
85
93
85
93
88
80
82
80
68
67
52
60
41
39
30
19
11
7
1
22
-10
-11
-8
-23
-30
-33
-33
-41
-35
-40
-23
-32
-32
-28
-24
-22
-22
-13
-13
-4
-9
-1
-1
-3
6
9
16
16
22
22
28
27
33
40
34
39
43
35
44
43
44
48
51
44
56
51
48
57
48
51
45
44
31
28
17
11
-4
-6
-26
-43
-47
-59
-77
-71
-99
-103
-120
-133
-142
-156
-167
-177
-187
-190
-203
-200
-204
-207
-198
-198
-187
-184
-171
-162
-152
-136
-126
-104
-96
-73
-64
-44
-29
-13
6
21
38
54
67
80
91
98
112
112
126
120
129
124
125
123
120
119
115
115
107
104
95
93
83
81
70
66
58
52
44
44
40
42
39
43
38
42
39
47
45
59
57
74
72
83
82
89
94
98
106
111
120
121
132
133
140
141
146
147
144
146
140
142
136
134
132
123
123
113
112
103
105
93
94
81
77
65
55
46
36
34
23
21
14
7
0
-6
-15
-18
-22
-26
-30
-36
-38
-45
-47
-51
-61
-55
-56
-62
-51
-60
-55
-52
-60
-55
-54
-50
-49
-47
-43
-48
-37
-47
-44
-39
-43
-39
-43
-41
-39
-46
-45
-48
-44
-48
-49
-50
-56
-57
-59
-67
-61
-74
-76
-79
-80
-82
-83
-87
-87
-90
-89
-92
-99
-88
-94
-95
-86
-88
-89
-82
-83
-76
-69
-70
-63
-61
-56
-74
-69
-56
-44
-34
-31
-27
-27
-11
-2
-3
17
13
24
30
40
39
47
58
57
54
67
60
62
71
58
65
69
60
65
60
58
53
52
48
40
38
32
27
26
12
9
0
-2
-6
-16
-18
-32
-31
-42
-43
-53
-51
-58
-60
-62
-64
-67
-65
-66
-66
-61
-57
-63
-47
-53
-45
-38
-36
-28
-22
-13
-9
3
10
16
30
35
41
57
56
68
73
78
80
87
86
85
94
82
88
84
78
77
67
65
51
51
31
28
10
2
-12
-24
-38
-51
-64
-76
-92
-98
-114
-124
-134
-142
-159
-154
-175
-171
-182
-185
-188
-192
-192
-197
-191
-194
-189
-183
-181
-171
-162
-153
-139
-127
-111
-93
-80
-57
-42
-23
3
13
40
62
74
101
115
133
152
166
177
194
198
209
218
217
225
221
217
216
204
200
188
176
163
149
131
120
99
83
70
50
37
24
12
-3
-10
-23
-26
-29
-31
-31
-29
-14
-15
-1
7
27
44
64
80
96
134
140
167
176
203
214
233
235
247
252
256
253
246
242
226
211
196
167
148
122
88
62
26
-7
-38
-76
-110
-137
-176
-200
-225
-255
-269
-291
-311
-320
-325
-342
-334
-343
-336
-327
-320
-316
-295
-289
-272
-255
-244
-226
-206
-195
-174
-158
-148
-131
-121
-107
-93
-83
-71
-60
-46
-38
-30
-27
-10
-1
13
24
37
51
68
76
86
98
112
118
128
128
136
132
136
125
122
113
103
89
73
54
31
16
-7
-30
-49
-68
-84
-100
-114
-131
-140
-144
-153
-149
-147
-138
-130
-112
-105
-82
-70
-49
-28
-5
14
37
56
73
92
104
116
124
133
132
134
133
126
120
113
99
91
79
64
56
43
30
24
12
7
5
-2
0
2
3
9
17
22
36
43
56
65
75
78
89
85
88
88
81
73
67
49
33
20
-7
-28
-45
-77
-95
-119
-144
-162
-179
-198
-206
-214
-229
-222
-234
-220
-219
-210
-193
-182
-164
-144
-130
-111
-88
-83
-56
-45
-38
-16
-17
-10
-6
-7
-12
-5
-19
-12
-18
-21
-22
-24
-27
-24
-22
-20
-8
-4
12
23
42
53
73
89
107
128
145
159
182
193
212
221
224
235
237
242
241
232
236
226
218
212
199
189
181
165
152
149
134
123
116
103
102
95
89
85
95
97
100
114
121
136
136
132
140
157
170
187
184
194
199
200
197
197
187
181
167
141
129
97
70
36
-5
-38
-88
-124
-179
-218
-266
-318
-362
-411
-451
-499
-525
-570
-589
-611
-630
-642
-646
-653
-648
-629
-616
-604
-574
-561
-527
-493
-466
-425
-389
-350
-321
-288
-244
-219
-182
-161
-138
-103
-90
-78
-55
-49
-34
2
-6
-9
4
9
4
1
-3
-3
-15
-7
-16
-15
-19
-23
-27
-16
-18
-22
-12
-8
-5
3
13
24
30
39
52
61
70
87
92
101
113
122
128
134
140
148
155
152
166
166
172
179
174
182
181
187
195
198
200
201
201
220
216
221
226
244
244
250
263
263
273
323
307
315
328
330
331
336
348
347
351
349
355
351
348
343
338
333
332
321
313
311
297
285
277
263
259
240
228
215
211
188
187
166
160
135
131
118
103
93
85
68
55
50
48
28
33
27
12
6
0
3
6
-6
-10
-6
-10
-10
-8
-10
-7
-6
-4
4
3
-11
-14
-10
-7
-6
-12
-15
-17
-24
-34
-30
-37
-50
-54
-63
-68
-82
-88
-97
-111
-111
-123
-134
-146
-153
-160
-162
-166
-174
-180
-187
-186
-193
-187
-199
-194
-202
-203
-208
-203
-212
-209
-210
-212
-210
-210
-214
-214
-212
-215
-211
-216
-214
-213
-213
-206
-204
-215
-202
-205
-201
-196
-194
-183
-136
-156
-152
-136
-130
-126
-120
-108
-108
-95
-89
-75
-75
-71
-64
-60
-58
-54
-48
-46
-45
-41
-43
-38
-44
-38
-47
-42
-49
-49
-53
-58
-61
-71
-73
-76
-79
-80
-93
-91
-106
-94
-108
-94
-107
-98
-109
-98
-95
-91
-86
-81
-74
-65
-62
-47
-37
-31
-21
-7
8
17
22
35
63
54
68
80
89
97
101
111
123
131
139
158
149
172
180
187
193
196
207
222
219
216
223
222
228
225
223
216
216
207
208
197
194
184
179
173
167
165
158
150
139
146
136
138
128
123
123
123
110
105
95
93
87
69
65
60
47
28
21
24
13
3
3
-8
-51
-48
-45
-45
-52
-50
-59
-53
-56
-53
-56
-63
-63
-63
-64
-64
-65
-69
-71
-70
-73
-76
-73
-68
-74
-73
-66
-62
-62
-59
-49
-50
-43
-36
-30
-27
-25
-21
-25
-17
-21
-14
-23
-19
-31
-31
-30
-35
-46
-58
-52
-60
-67
-75
-81
-78
-89
-93
-97
-105
-99
-105
-100
-117
-75
-113
-112
-118
-118
-123
-129
-130
-133
-143
-151
-150
-156
-154
-156
-156
-161
-161
-155
-158
-162
-158
-150
-145
-152
-151
-143
-140
-136
-136
-136
-134
-130
-123
-121
-126
-123
-115
-117
-109
-105
-108
-101
-98
-96
-88
-84
-81
-75
-66
-68
-67
-52
-50
-53
-47
-40
-33
-32
-32
-28
-20
-22
-21
0
-15
-13
-5
-9
3
-4
6
2
9
1
7
10
9
7
12
13
19
7
12
16
15
13
18
18
14
17
20
15
14
16
21
17
16
16
16
17
16
19
15
15
14
21
15
19
19
21
19
24
24
24
25
25
28
27
28
33
31
37
36
36
39
44
42
52
50
53
55
56
58
64
66
69
68
73
74
75
81
83
82
90
86
90
94
93
91
97
94
96
97
96
97
96
96
98
93
97
92
91
89
92
85
87
85
78
80
80
75
75
74
69
66
70
62
65
61
57
55
48
54
49
54
52
51
45
50
54
48
66
52
58
52
54
54
58
60
57
58
53
58
52
64
59
59
62
56
60
61
62
58
59
55
57
57
56
55
51
54
50
49
49
47
41
44
39
39
38
32
29
30
26
25
24
16
16
15
7
10
9
-1
-1
-1
-7
-9
-15
-17
-11
-20
-24
-22
-29
-24
-41
