4
5
2
0
14
-3
4
5
4
4
4
0
-2
0
0
-2
-2
-1
-7
0
-2
-3
0
-2
-7
5
2
4
4
3
6
2
9
0
4
3
3
3
8
2
0
3
-1
0
0
0
-5
0
1
1
2
2
-1
0
4
4
2
5
5
1
10
-3
5
4
2
5
5
5
-1
2
-1
0
-2
-3
-3
-4
0
-1
1
1
0
1
4
3
5
3
3
3
5
4
1
-1
-3
-6
-4
-6
-10
-6
-4
-5
-3
1
-4
-9
-3
-1
-5
-4
-2
-6
1
1
-1
3
0
-1
2
0
-2
-3
-5
-4
-4
-2
-9
-4
-7
-4
-5
-5
-4
-5
-3
-2
-4
-4
-3
-3
0
2
0
1
1
-1
1
0
-2
-3
-6
-5
-4
-5
-3
-4
-4
-1
-4
-7
-2
-4
-5
0
1
0
3
0
1
5
4
-3
-1
2
1
-1
-2
-4
-5
-2
-5
-7
-4
-3
-10
3
-4
-2
-1
-5
-1
-3
2
-1
1
-1
2
0
5
-2
2
-2
1
0
1
0
-4
-6
-4
-5
-3
-7
-11
1
-3
-3
-1
-5
-6
7
5
4
5
0
4
7
11
-1
1
3
6
2
6
1
0
4
-1
0
1
0
-6
1
0
-1
1
2
1
0
4
2
4
6
5
1
11
-2
4
3
2
5
2
6
-1
0
3
1
-2
-1
-4
-5
0
0
3
0
-4
1
2
5
5
7
4
1
4
13
5
2
7
5
3
6
5
-1
3
4
6
3
7
-1
2
5
5
2
5
4
2
10
1
4
5
2
8
4
9
5
6
3
5
4
6
-1
5
2
4
4
3
4
-1
5
4
4
2
5
2
8
4
5
4
3
5
4
9
5
5
3
7
4
10
-3
-1
-2
2
-2
3
-6
-4
-2
-7
-3
0
-6
-3
-6
-9
-3
-5
-5
-2
-5
-5
-3
1
-3
-5
-4
-6
-2
1
-1
-3
0
-1
0
3
-1
-4
-4
-4
-2
3
-3
-5
0
0
-1
-2
3
-2
-3
9
2
3
8
3
3
10
10
2
1
6
6
5
-1
1
2
6
4
3
10
3
-3
-7
-1
-1
-9
-1
-5
-11
-1
-4
-4
-1
-5
-3
7
5
0
-1
0
4
6
4
-3
-7
-4
-4
-6
-4
-4
-6
-5
-1
-6
-16
-10
-4
-5
-8
-9
-4
-1
-10
-2
2
-7
-4
-2
-4
-2
-5
-7
-3
-3
-5
-2
-10
-10
-14
-4
-8
-8
-10
-11
-13
-7
-7
-10
-3
-5
-3
3
5
3
6
8
6
9
8
6
2
5
0
2
0
-2
-4
-5
-4
-6
-5
-4
-2
-5
2
-1
0
7
6
6
10
11
8
14
13
15
13
16
10
8
13
9
9
8
3
-1
7
6
5
3
1
0
3
14
9
10
11
14
11
27
16
20
21
22
21
23
21
13
21
15
17
9
13
7
8
8
4
3
2
4
1
5
2
2
5
10
9
11
11
11
14
17
17
15
13
9
7
13
6
4
-1
-1
-9
-7
-11
-4
-13
-18
-14
-9
-9
-8
-8
-7
-2
-4
5
1
1
0
3
7
8
-2
-6
-6
-3
-7
-8
-18
-12
-19
-15
-22
-15
-17
-15
-18
-17
-10
-12
-6
-11
-3
-4
1
0
6
4
5
3
7
5
3
5
6
-5
-4
-1
-5
-6
-11
-7
-9
-13
-3
5
2
7
8
2
13
9
17
18
16
19
13
19
21
11
8
16
9
13
11
7
15
3
14
13
5
6
7
6
16
14
10
18
12
15
14
15
20
12
14
20
14
11
4
3
0
4
1
8
0
1
-7
-5
-2
-9
-7
-1
-4
-5
0
-4
-4
-3
-2
-3
-6
-6
-5
-6
-5
-7
-7
-9
-11
-11
-10
-13
-17
-16
-10
-10
-16
-20
-18
-7
0
-1
-6
-7
-4
-1
-4
-5
-7
-8
-9
-8
-7
-7
-9
-10
-7
-4
-2
-2
-1
-2
-1
0
3
4
5
4
2
4
5
5
5
2
2
2
4
4
2
2
4
6
7
8
9
9
9
8
10
12
14
13
12
12
12
14
11
11
8
8
9
9
10
7
8
9
10
8
5
5
9
10
8
7
7
8
7
6
8
9
9
7
7
8
9
9
6
2
1
4
4
5
5
2
4
7
3
-3
4
6
2
4
5
6
5
4
4
0
0
-1
0
2
1
0
-1
0
-2
1
-2
1
0
-1
2
-1
-1
0
-7
-7
6
4
3
5
7
1
4
3
5
2
3
5
3
3
5
5
4
3
4
3
4
4
4
4
4
4
3
4
3
4
4
4
4
5
4
4
4
4
4
4
4
4
4
4
4
4
5
4
4
4
4
5
4
3
4
5
4
4
4
4
4
4
4
3
3
4
4
4
5
4
3
4
4
3
4
4
4
3
4
4
5
4
4
4
4
4
4
5
4
4
4
4
5
4
4
4
5
5
4
4
4
4
4
4
5
4
5
4
4
4
5
4
4
4
3
5
6
3
5
4
5
3
3
4
6
5
3
5
-1
5
3
6
5
7
2
5
4
4
2
3
4
4
4
4
4
3
4
4
3
4
4
4
4
4
4
4
4
4
4
4
4
4
4
4
4
4
4
4
4
4
4
4
4
4
4
5
4
4
5
4
5
5
4
4
3
4
4
3
3
4
4
4
1
-1
0
0
1
0
-1
-1
-1
-1
0
0
0
-1
-1
-1
0
0
0
0
0
1
-1
0
0
0
0
0
0
0
1
0
0
0
0
0
-1
0
0
0
0
0
0
0
0
0
0
-1
-1
-1
-1
1
0
1
2
1
1
1
0
-1
0
0
-1
0
-4
-4
-6
-6
-3
-3
-4
-3
-4
-5
-4
-4
-3
-4
-6
-4
-1
1
0
-1
0
2
1
0
0
0
-1
-1
-1
0
2
4
5
4
4
1
1
1
-1
0
3
2
-1
-1
1
-1
-1
1
3
-3
-3
-2
-5
-6
-4
-2
-5
-5
-3
-4
-4
-1
-5
-7
2
-5
-3
-2
-5
-4
-3
-4
-3
-3
-3
-4
-2
-4
-4
-4
0
2
-1
-1
0
1
1
0
0
1
0
-1
-1
0
3
4
5
5
3
1
1
2
-1
0
2
0
-1
-1
1
-1
-1
2
3
-3
-3
-2
-4
-6
-5
-2
-6
-7
-3
-4
-4
-2
-5
-7
1
-5
-4
-3
-6
-4
-2
-4
-3
-3
-3
-4
-2
-4
-6
-4
0
1
0
-1
0
0
1
-1
-1
1
0
-1
-1
1
2
4
5
4
3
1
1
1
0
1
2
2
-2
-1
1
-1
-1
2
3
-3
-3
-2
-5
-6
-5
-2
-5
-6
-3
-4
-4
-2
-5
-7
1
-5
-4
-3
-5
-4
-3
-5
-2
-3
-2
-4
-2
-3
-5
-4
-1
1
0
0
-1
1
1
0
0
1
1
-1
-1
-1
2
3
5
4
4
1
1
2
-1
0
2
1
-2
-1
2
0
-2
1
0
-5
-4
-3
-4
-6
-5
0
-4
-5
-2
-4
-4
-2
-6
-10
-2
-8
-8
-9
-9
-10
-6
-7
-7
-5
-4
-4
-5
-4
-6
-7
-4
-2
-4
-4
-2
-5
-6
-2
-3
-4
-5
-4
-3
-10
4
-5
-3
-4
-4
-5
-2
3
1
5
4
4
2
7
3
4
1
1
2
4
5
0
-3
0
-1
1
-1
-2
6
5
4
7
2
5
18
8
6
8
9
9
7
3
11
1
1
8
4
4
0
-1
1
0
-1
7
7
-5
6
3
5
9
3
7
1
-1
7
8
-2
-7
-9
1
-9
-8
-10
-7
-9
-8
-8
-12
-7
-9
-8
0
-7
-10
-5
-1
-4
-6
-9
-6
-6
-14
-8
-12
-16
-20
-10
-11
-21
-21
-22
-18
-14
-17
-12
-15
-13
-14
-10
-8
-9
0
-8
-13
-7
-9
-14
-8
-13
-11
-21
-12
-9
-14
-12
-5
-13
-13
-1
-7
4
3
4
12
8
9
10
5
4
3
4
1
3
4
6
1
-3
-1
4
7
4
5
8
12
12
11
16
13
11
11
8
17
20
6
9
16
6
2
8
6
8
10
7
9
12
9
11
16
15
6
6
15
14
2
1
3
2
1
-1
4
4
-4
-8
-4
-3
-8
-7
-2
-6
-9
-8
-9
-13
-8
-9
-14
-17
-17
-16
-14
-20
-23
-20
-18
-20
-17
-14
-18
-16
-14
-19
-23
-22
-22
-16
-15
-26
-28
-25
-21
-17
-20
-23
-19
-17
-14
-8
-9
-10
-10
-10
-13
-14
-16
-15
-17
-17
-12
-15
-21
-15
-13
-11
-9
-9
-12
-10
-4
2
0
4
12
5
0
4
5
-3
2
-3
-1
1
-2
-3
-3
-1
0
6
6
10
11
14
23
19
24
18
20
18
18
13
10
8
4
10
5
7
8
9
11
11
16
10
21
20
24
23
21
16
23
18
14
15
3
1
0
-7
-8
-6
-14
-10
-9
-10
-9
-6
-6
-6
-3
-2
-5
-6
-2
-10
-10
-10
-19
-21
-20
-30
-31
-30
-38
-36
-32
-36
-32
-28
-30
-21
-18
-15
-16
-14
-15
-7
-10
1
-8
-6
-13
-10
-14
-9
-14
-13
-14
-15
-14
-9
-10
-3
-5
0
1
4
0
8
3
7
6
4
0
3
-7
-11
-13
-16
-19
-15
-21
-16
-13
-12
-13
-6
-3
5
10
12
13
14
13
12
9
8
5
6
1
-7
-9
-13
-14
-15
-19
-15
-10
-11
-7
-5
0
13
14
17
24
29
27
29
21
29
20
19
10
10
5
-1
-7
-7
-11
-14
-14
-14
-10
-9
-10
0
-4
3
2
8
10
11
9
10
9
7
6
-1
-1
-3
-12
-7
-15
-16
-13
-10
-11
-9
-11
-6
-4
-7
-5
-5
1
-7
5
-2
-8
-8
-8
-11
-4
-10
-13
11
-1
-1
0
-1
-3
0
-9
-5
3
0
3
2
3
0
-3
0
-5
-3
-5
-1
-3
-5
-4
-3
-5
-3
-6
-5
2
0
-2
6
7
4
4
3
5
3
2
7
8
2
3
5
5
2
4
5
-1
0
2
0
-2
-3
-5
-6
-6
-1
-6
-9
-2
-3
-3
-6
-13
-8
-2
-8
-3
0
3
15
13
5
9
8
3
6
7
3
-2
0
4
5
1
-3
-13
-14
-7
-6
-7
-5
-6
-3
0
-2
0
-2
5
14
10
14
16
18
11
0
3
-1
-7
-11
-9
-9
-11
-10
-8
-5
-5
-6
1
0
-2
7
7
1
8
11
8
4
-6
-8
-6
-12
-13
-11
-10
-5
-4
1
2
-4
-5
-8
-3
8
12
23
21
16
9
-3
-5
-16
-10
-4
-6
3
-5
-9
-12
-22
-19
-16
-7
8
20
30
31
25
19
12
6
7
5
6
6
-7
-13
-18
-28
-28
-29
-24
-16
-18
-14
-15
-18
-11
-12
-6
6
0
12
26
25
29
20
7
6
3
-1
-3
-8
-11
-15
-27
-30
-34
-35
-23
-26
-26
-21
-30
-29
-28
-29
-24
-11
-6
-2
1
-9
-15
-20
-21
-15
-9
7
18
32
43
42
40
32
30
30
26
30
29
28
33
22
7
6
-8
-24
-26
-36
-40
-34
-34
-36
-27
-27
-43
-20
-2
17
41
43
59
55
66
63
55
59
52
46
38
42
36
24
18
9
-11
-26
-34
-47
-38
-32
-12
2
26
25
18
10
2
-19
-17
-1
18
28
48
58
45
23
2
-18
-35
-35
-19
-4
15
22
20
10
-6
-17
-30
-27
-20
-18
-5
-6
-6
-18
-30
-35
-45
-41
-32
-16
-7
0
-1
-10
-11
-17
-2
-2
14
13
23
24
19
16
9
-2
-8
-9
-10
-22
-26
-37
-51
-56
-56
-50
-52
-41
-39
-36
-35
-36
-41
-46
-47
-43
-38
-20
-7
9
22
10
0
-28
-50
-59
-50
-19
6
35
46
23
-3
-34
-60
-71
-63
-40
-11
15
17
8
3
-11
-27
-28
-28
-19
10
15
9
10
-12
-24
-21
-19
-10
10
2
-4
-11
-31
-26
-34
-29
-17
-22
-16
-32
-45
-47
-53
-46
-34
-26
-6
0
5
17
10
16
9
9
7
13
16
24
25
15
12
3
-16
-22
-23
-11
-3
1
-4
-3
-14
-28
-47
-44
-38
-12
-10
12
20
35
27
-4
-19
-38
-23
-7
14
32
31
7
-17
-44
-51
-48
-36
-16
-2
6
2
-9
-15
-32
-37
-34
-30
-6
18
32
52
47
41
24
10
10
4
23
10
13
10
-5
-13
-29
-39
-40
-48
-43
-41
-28
-14
-8
-1
3
3
-1
-5
-3
11
5
7
34
-6
-16
-15
-14
-6
-8
0
-21
-51
-51
-65
-57
-50
-27
2
6
29
31
41
36
36
21
15
4
-1
6
4
-2
-7
-20
-28
-27
-30
-29
-29
-40
-36
-20
-5
21
47
54
47
35
12
-12
-28
-34
-28
-21
-7
4
0
-9
-30
-46
-64
-74
-59
-46
-18
3
25
52
31
34
27
10
3
4
18
29
33
24
-4
-17
-37
-46
-43
-39
-35
-38
-32
-18
-3
9
12
18
21
27
28
28
25
12
7
-7
-4
-11
-7
-16
-25
-44
-44
-39
-19
-12
-5
-3
-16
-7
2
12
19
11
23
26
38
58
58
30
-9
-42
-65
-75
-56
-45
-22
19
-8
-8
1
-10
-25
-35
-22
0
38
84
111
86
47
-3
-27
-49
-46
-24
-15
-6
-1
-10
-24
-41
-62
-70
-50
-23
21
57
65
50
20
-12
-26
-19
-1
18
27
20
3
-23
-46
-65
-71
-62
-37
-3
29
44
38
16
2
1
8
25
37
41
36
25
22
10
-4
-31
-34
-41
-60
-58
-50
-23
-6
0
-11
-5
3
15
8
-4
-10
-9
18
49
52
43
6
-24
-31
-33
-33
-36
-38
-29
-17
-8
1
12
17
18
19
22
19
16
18
11
-5
-13
-17
-22
-20
-19
-38
-63
-62
-35
0
22
16
-6
-26
-20
-2
12
20
21
19
24
24
-3
-13
-20
-10
-4
-24
-1
-17
-7
0
5
6
0
29
24
39
2
-10
-46
-15
3
41
24
4
-23
-39
-37
-48
-57
-44
-28
16
39
52
7
-9
-61
-20
-8
55
33
50
11
15
-13
-17
-30
-18
-9
5
1
-3
-13
6
19
44
31
36
1
9
-33
-14
-43
-18
-14
2
30
6
-2
-20
-29
-29
-54
-46
-73
-42
-44
18
-24
19
-5
35
1
12
-10
-40
-15
1
61
53
52
20
-6
-53
-70
-52
-55
38
59
163
91
73
-36
-86
-137
-118
-60
-10
38
47
47
-17
-57
-87
-82
-54
-28
20
6
27
-16
13
-39
-6
-35
37
14
41
18
47
18
20
47
-27
-19
-43
-17
16
11
21
2
-9
-28
53
7
31
-25
5
-6
-5
-50
-5
-81
-51
10
19
33
0
5
3
15
11
17
-22
-59
13
-3
69
17
58
-7
-5
-33
1
-39
-23
16
2
67
-15
15
-33
-38
-48
24
-11
26
38
-8
45
-30
19
23
-10
-76
1
-49
18
21
9
25
-43
11
-13
8
-31
25
-31
10
-19
-17
-10
-61
-20
1
5
-5
19
-24
-5
-38
22
3
0
-30
24
-38
23
-22
11
-11
-20
7
32
5
10
0
-13
-35
-6
-33
6
-65
5
-8
10
10
6
1
-30
23
3
46
-34
-12
-5
-38
61
-42
49
-70
37
-48
37
-26
-3
41
-29
56
-60
63
-88
5
-35
27
-25
42
14
-12
12
-10
-3
-6
-24
-16
12
-15
17
-22
44
-68
53
-32
44
-51
34
-18
-19
40
-30
36
-56
27
-55
53
-28
15
21
-34
13
-20
39
-26
1
1
-8
-13
2
0
-48
28
-6
-21
31
-47
34
-15
-2
-39
17
-8
-33
41
-32
38
-42
43
-36
-6
-4
-15
-7
11
-13
-2
17
-35
10
-6
-15
-15
12
-23
13
-28
31
-32
19
-16
4
-11
-9
3
-36
41
-59
38
-15
-1
-11
20
-33
4
-5
-17
2
-10
13
-6
-3
3
-21
-3
-6
-5
5
-22
26
-57
58
-50
17
7
-33
7
3
-12
-5
25
-55
40
-37
22
-15
-5
-11
-5
-12
18
-21
-7
5
-23
12
-9
7
-54
75
-97
69
-33
-12
1
-2
-7
-9
16
-48
52
-61
59
-59
27
-13
-6
3
3
-5
-32
44
-49
25
-6
-13
-14
35
-54
29
9
-51
51
-56
41
-26
-6
7
-20
3
6
-24
0
11
-33
27
-13
-15
-9
14
-5
-31
55
-87
62
-45
7
6
-12
-14
20
-41
43
-27
-25
66
-107
108
-87
46
-43
22
-18
-16
44
-71
46
-39
28
-39
44
-62
47
-35
1
22
-55
64
-78
63
-50
24
-33
31
-43
22
-17
-17
21
-35
42
-58
59
-90
58
-52
18
16
-15
8
-10
-4
-35
51
-96
97
-83
52
9
-57
69
-94
74
-43
20
2
-30
32
-37
1
7
-33
5
28
-75
114
-137
90
-45
-19
54
-53
41
-31
7
-21
6
-21
6
3
-11
14
-21
-3
-34
51
-109
161
-185
89
16
-122
158
-166
113
-49
22
-47
30
-70
56
7
-50
86
-75
-6
52
-89
39
7
-70
96
-48
-10
45
-124
89
-71
46
-18
43
-73
63
-38
-83
125
-181
134
-13
-65
137
-132
13
39
-122
125
-47
-19
56
-47
-21
76
-175
159
-144
134
-61
27
-31
-41
39
-63
17
39
-77
129
-119
95
-99
-34
63
-43
39
67
-154
125
-113
5
77
-151
190
-154
153
-151
70
-93
39
17
16
13
-13
-38
-2
-16
15
-22
54
-92
123
-130
126
-136
49
-31
12
22
-11
-19
-21
50
-92
115
-139
117
-53
38
-26
-79
33
-119
152
-77
42
84
-137
159
-207
100
-98
96
-103
220
-267
225
-213
58
-37
-8
85
31
-54
76
-136
26
-37
-58
81
-7
67
17
-27
-47
-94
56
-27
-16
174
-171
188
-129
-12
-43
-6
-12
96
-140
192
-195
164
-92
-76
105
-119
57
52
-54
107
-80
49
-138
62
-118
184
-148
209
-211
140
-108
43
-61
39
-82
197
-158
126
-138
5
-7
17
-67
134
-163
166
-56
-24
-78
82
-1
-6
64
-156
31
-26
77
-69
97
-51
-34
68
-132
37
21
-31
135
-113
30
-71
-106
289
-320
283
-110
-70
113
-171
126
-117
114
-59
38
-58
-11
69
-37
15
-33
-26
-47
28
107
-77
132
-184
116
-161
43
23
21
-32
138
-94
-9
-17
-141
93
-69
123
13
80
-95
-2
-221
131
-61
156
10
-3
-40
40
-185
81
14
-49
68
35
-24
-93
90
-103
7
30
19
-59
156
-211
214
-121
2
-43
-48
17
65
-32
112
-236
229
-214
58
14
-36
40
-29
57
-3
-57
-4
-11
53
-129
18
-57
159
-139
137
-82
81
-88
-5
-139
75
-26
266
-258
69
64
-144
107
43
-201
5
34
172
37
-225
80
-143
238
-38
-41
-102
0
-119
380
-154
-33
13
-37
-111
4
119
-46
88
-30
56
-173
199
-223
75
-197
114
168
5
9
-207
148
-113
128
25
-205
-119
91
218
14
-34
-139
27
-101
155
-147
12
72
142
-107
46
-256
151
-104
76
173
-100
77
-295
128
-38
-23
103
114
-139
-16
110
-204
52
-58
7
135
-37
75
-71
-131
0
24
46
40
-81
212
-172
54
-80
6
-178
207
-80
-4
136
-49
137
-218
-100
44
25
35
57
-35
138
-186
79
-173
-4
-26
177
-73
120
-11
-41
-143
0
2
62
7
25
15
-136
-8
78
47
106
-157
-65
18
-99
29
110
29
-45
4
-19
-37
65
-100
-32
76
24
-10
47
42
-269
40
-72
150
270
-187
-114
-194
290
-10
20
-148
-163
53
241
150
-117
-110
-309
126
126
110
43
-142
-67
-93
165
170
-56
-352
95
28
250
170
-235
-294
-16
38
147
231
-170
21
-109
-17
21
136
-262
-153
86
286
83
-153
110
-284
83
-161
126
121
98
-218
80
1
-39
108
-186
-53
-175
241
-149
377
-69
-178
119
-142
214
-278
-98
-168
262
21
261
70
-285
-114
-96
88
263
-146
-150
61
170
36
-219
114
-219
309
-1
-245
85
-24
-65
-62
249
-82
-233
-96
-89
613
9
-154
-134
84
-389
232
-54
142
9
-94
172
-48
21
-148
304
-448
512
-418
39
301
-591
348
-221
231
173
-185
-355
276
240
-100
-380
49
-29
49
190
163
-214
110
-151
254
261
-411
-22
-118
60
-418
480
-157
197
-183
117
130
-87
166
-448
275
-83
-104
-384
-15
278
291
26
-16
-222
32
-87
-318
365
126
-246
326
-92
68
48
-29
329
-100
-212
-122
-688
629
-51
-214
513
-286
238
-137
82
-396
215
-357
59
353
64
-72
181
207
-521
397
-211
-48
-161
-268
84
110
410
-304
229
-278
381
-343
-203
135
-283
585
-214
53
-159
-246
307
-283
149
-37
92
95
79
-455
452
-506
327
126
-226
440
40
-295
-62
-99
214
-266
169
-237
636
-610
347
-95
-157
76
99
176
-69
115
-188
74
-122
-194
12
-6
69
20
69
-202
315
-435
172
-328
198
173
15
97
-108
-299
415
-316
328
34
-463
345
-337
-340
271
-514
633
485
-293
179
-320
114
253
-382
-34
104
-166
660
-705
-85
262
-87
66
263
223
-192
-137
286
19
-447
404
-179
-59
435
-521
461
-202
-233
138
-88
27
163
-475
30
-151
-24
156
-169
642
175
-320
425
-503
155
-379
15
120
-278
131
56
-348
134
35
-33
7
199
-221
-38
-64
-131
-5
60
-75
181
-253
295
-87
25
51
-189
128
-129
-325
5
126
260
101
-71
244
-118
119
-97
-87
-432
242
-216
121
399
-17
-89
5
298
-331
-32
44
-106
-25
-302
194
201
17
105
39
102
-91
-454
323
115
145
143
-432
-235
126
229
382
-3
-156
-316
-5
-204
-154
-705
376
397
-155
359
-557
172
396
220
152
105
-124
-162
-342
45
-293
340
196
-262
307
-64
129
-87
-295
-248
-49
13
500
-73
-117
311
-50
135
-120
36
-54
-53
-210
-195
121
267
-189
287
-120
-205
248
61
50
119
-295
-407
84
-3
82
-103
-69
-147
413
-27
233
-18
-225
-413
31
-201
-126
241
-58
280
57
-2
81
-97
-329
-155
-442
216
34
320
7
-123
138
-17
257
-123
-190
-146
-108
-9
-1
-312
119
-10
3
348
59
-11
-104
-259
-14
-93
-104
-166
-121
68
257
483
93
106
-280
-156
-187
-15
-154
24
158
197
265
173
37
120
-172
-506
-143
-153
-210
79
-26
186
164
63
149
131
-62
-263
-16
-80
14
246
-93
165
282
105
230
1
-97
-122
-42
85
79
52
-216
-45
267
362
363
46
-198
-151
-27
-7
34
11
-72
-43
143
326
210
-16
-25
6
-79
62
187
194
239
112
182
313
229
125
-21
-77
-45
54
-7
-184
-89
-103
-146
-15
-26
-25
-136
-145
62
-3
-71
-120
-239
-221
-113
61
87
48
-45
-145
-33
-70
-42
13
-152
-64
-50
-133
13
80
-19
-183
-158
-127
-220
-255
-348
-334
-233
-178
-47
78
-9
-119
-107
-222
-216
-153
-282
-268
-209
-231
-199
-145
-100
-118
-135
-116
-97
-91
-224
-291
-307
-357
-153
56
113
133
57
-11
-114
-202
-263
-361
-433
-453
-364
-174
110
331
354
288
257
264
197
62
-59
-97
-42
47
128
206
251
181
37
-12
57
74
-16
-66
-8
76
153
269
384
391
321
271
258
239
158
40
-44
-13
119
263
319
287
194
77
103
164
199
123
9
64
115
209
241
180
82
-116
-127
-31
52
62
-44
-19
2
-23
-12
-39
-46
-204
-406
-371
-258
-181
-327
-548
-511
-400
-273
-183
-132
-64
-201
-363
-424
-529
-722
-1094
-1312
-1261
-1062
-768
-636
-611
-722
-871
-869
-874
-852
-866
-750
-393
-12
430
847
1147
1189
958
829
797
744
549
292
389
699
1023
1248
1459
1874
2038
2112
2226
2318
2426
2182
2067
2098
2172
2280
2174
2084
1803
1316
817
458
161
-238
-718
-1063
-1005
-836
-613
-482
-450
-436
-575
-595
-558
-584
-726
-885
-748
-356
-33
-58
-358
-736
-1171
-1730
-2282
-2644
-2910
-3222
-3440
-3301
-2908
-2681
-2754
-2898
-2945
-2944
-2902
-2754
-2595
-2625
-2767
-2671
-2184
-1584
-1250
-1226
-1279
-1290
-1436
-1835
-2329
-2737
-2918
-2313
-12
3970
8048
10613
11678
12166
12103
10741
8262
5686
3276
830
-919
-907
376
1100
526
-586
-1499
-2319
-3467
-4691
-5495
-5936
-5730
-4109
-1221
1967
3809
4459
5248
5603
5216
4410
3400
2117
971
572
2039
5135
6477
5907
4284
2346
852
-1706
-4269
-5912
-7211
-7777
-6828
-4120
-1032
542
273
-282
-257
-50
-431
-1162
-1557
-1587
-1227
-60
1608
2111
1134
-1135
-3158
-4117
-5037
-5482
-6250
-6663
-6175
-5386
-3587
-1945
-1601
-2339
-3349
-3781
-3300
-3683
-5001
-5466
-5443
-4501
-2485
-419
451
344
-608
223
4535
8626
11781
12857
12942
13552
13041
11958
9921
6677
2480
-1041
-2690
-2369
-2327
-3712
-4634
-5576
-4987
-4054
-3786
-3168
-3876
-4529
-3453
-759
2404
4987
5862
5732
6141
5967
5406
4671
3067
562
-1754
-2445
-1604
-923
-1283
-2256
-2343
-665
583
2085
3060
2666
3003
2313
2089
2540
1541
179
-1416
-2620
-2711
-2501
-3222
-3671
-3585
-3300
-1956
-695
173
613
235
-196
-198
-282
-711
-1886
-3333
-4092
-4500
-4010
-3565
-3722
-4130
-4577
-4379
-4133
-3589
-4053
-4939
-4854
-5111
-4430
-3408
-3452
-2793
-2449
-3124
-2461
-2944
-4122
-3914
-4351
-803
5838
11361
17015
19119
19113
19309
15861
11648
7629
1950
-1589
-4396
-5885
-3552
-2190
-1954
-2629
-4565
-5178
-5352
-5704
-5938
-5802
-4296
-1276
3062
8001
10476
10755
10253
8051
6516
4639
1549
-518
-2972
-4741
-3812
-2635
-2257
-1797
-2618
-3016
-1993
-1403
323
1583
1863
3799
5519
7298
8998
7591
5026
1849
-2372
-4596
-6064
-7629
-7590
-7162
-5709
-2651
-32
1695
2083
1135
124
-404
-268
-44
-405
-1148
-1964
-2488
-2504
-2822
-3849
-5538
-7332
-7789
-7196
-5773
-4111
-3334
-2614
-2283
-2054
-1525
-1885
-3133
-4977
-5945
-6249
-5904
-3797
-2954
-2868
-3461
-4067
1657
9420
14846
19134
18811
18469
19093
15063
11323
7193
558
-3702
-7123
-7449
-4338
-4294
-5009
-6330
-8192
-6536
-5268
-3789
-1595
-2302
-546
3719
7641
12402
12760
10127
9070
5952
3673
2181
-1435
-3492
-6320
-7868
-6363
-5257
-3976
-4595
-5353
-4740
-3328
766
4961
7839
9224
8465
9365
11748
10942
7715
2419
-3631
-6699
-8695
-9360
-7787
-7300
-6798
-4739
-2177
1331
3836
3655
2476
1128
761
1929
2874
2262
-140
-3069
-4856
-5340
-5506
-6381
-8110
-9261
-8469
-5938
-2753
-545
-105
-470
-718
-1342
-1668
-2038
-3341
-4067
-4837
-4667
-3712
-3278
-2552
-4714
-7011
-7774
-7047
1683
10601
16249
22122
21610
22031
22700
15916
10365
2998
-6112
-9052
-10892
-9395
-5176
-5684
-5588
-5774
-6127
-3288
-3044
-2366
-1309
-1048
3352
8461
12403
14509
12491
9060
6101
2757
-107
-3350
-7202
-9535
-10373
-8941
-6435
-4212
-2708
-3005
-2259
-759
1182
5848
9453
11529
12752
11346
11202
10434
5948
1162
-5241
-10554
-11111
-11448
-9615
-6548
-5689
-2871
-393
1861
4210
3453
2008
39
-673
101
452
1021
-557
-3266
-4360
-5405
-6027
-5488
-6211
-6978
-5819
-4338
-1843
1108
2228
1448
-254
-1218
-2613
-3594
-4061
-6376
-5864
-4166
-4418
-2800
-2755
-4040
-4857
-7381
-9758
-9950
-3138
7696
17740
26658
27685
26563
26459
18959
11157
2998
-8785
-13349
-14962
-14566
-7728
-4697
-2802
-1066
-3264
-2468
-2025
-1820
703
966
3403
8133
12028
15730
14947
9481
3828
-888
-4704
-6688
-8778
-10498
-10032
-8419
-4417
-711
200
112
-346
-248
2011
4016
6633
13540
15589
12990
11565
6081
1727
-1210
-8702
-13155
-13840
-14490
-10090
-4213
-745
2181
3393
4267
4465
4387
3283
1174
976
-202
-850
572
537
-1452
-3834
-6383
-8047
-7133
-6070
-4923
-2622
-948
-89
1161
1305
-130
-2616
-5422
-5574
-5731
-4926
-4172
-4796
-3264
-2868
-1427
-463
-1461
-2299
-5514
-8447
-10332
-11436
-6186
6084
16766
26344
29999
25640
25015
19098
8277
267
-10763
-16648
-15634
-14003
-8273
-2749
-633
1441
438
-768
-1062
-1791
-29
1490
4378
9152
13374
16116
14754
9040
1645
-4202
-8509
-9953
-10382
-11334
-9931
-6540
-2452
1173
2703
1216
-167
-897
470
4011
6373
9352
10578
10079
9061
8057
5952
-77
-4933
-11006
-14821
-11402
-9846
-6195
-792
-554
2102
5607
6065
6180
3401
-320
-2577
-2331
-1115
-1394
-547
-1650
-3558
-3604
-3922
-3914
-3941
-4189
-4523
-3035
-1513
-713
172
-782
-2223
-3902
-4465
-5431
-6338
-5016
-4734
-3548
-1697
-1991
-1753
-2427
-4719
-4670
-6652
-9594
-9724
-10460
-1823
12911
22077
31002
29945
22856
20760
10528
866
-5316
-15558
-17335
-14532
-10711
-1936
2282
2426
1889
-1350
-1698
243
1618
4024
4750
6203
10926
14068
13604
9770
2217
-4960
-8706
-10783
-10334
-8962
-8968
-6791
-3130
720
3641
2883
1409
338
1860
5680
8569
9799
8495
7491
4953
3214
2858
-345
-2783
-4777
-6774
-6457
-4027
-2530
-936
-163
-914
1056
2751
3687
3094
653
-1930
-3384
-2055
-2106
-2175
-2344
-3650
-2315
-1153
-1335
-1694
-3121
-4120
-3326
-1919
-1199
-952
-2390
-3622
-3502
-4770
-3929
-2798
-2761
-867
-2430
-3513
-1903
-3449
-3008
-3236
-6872
-6062
-6436
-8515
-8123
-10949
-9139
2808
15250
25898
32759
28558
23082
19596
7600
-265
-5854
-15467
-13306
-10627
-8883
-707
-333
-1083
-1995
-5425
-3271
-739
2996
6265
6802
9159
11431
12771
12009
6724
-987
-7089
-10330
-10499
-8856
-8245
-7439
-5331
-2553
856
2578
2041
1069
573
2312
6366
9127
11959
12268
7782
6964
2720
-1140
390
-5442
-7215
-7417
-10565
-5327
-2950
-3280
-273
-1226
-903
2857
4203
4428
2071
744
-227
-1961
490
-821
-2319
-1822
-3589
-3468
-2764
-2487
-3129
-3196
-3695
-3630
-2047
-2254
-2914
-3066
-4118
-6206
-5556
-4146
-1606
-75
-1055
274
-1107
-1726
-2038
-4697
-6588
-9680
-9381
-8510
-9390
-8779
-6712
5454
23066
30576
32766
28584
19235
15335
5036
-3183
-6542
-14509
-13763
-9811
-6816
-698
-144
-3753
-5872
-6512
-3772
2034
6093
7970
8953
10343
12775
13407
10082
2959
-4821
-9698
-9964
-7140
-5048
-5043
-5516
-5014
-3382
-1122
44
-280
764
4501
9384
14540
17148
13962
8046
2185
-3993
-7120
-7413
-8815
-8642
-6406
-4678
-1166
1865
1077
-1
-907
-1911
-67
2843
3756
3133
1691
-74
-1570
-2676
-3947
-5626
-6312
-4831
-2092
410
1303
55
-1730
-3190
-4275
-4398
-4556
-4842
-4077
-3398
-2878
-2340
-3042
-2738
-2415
-2867
-1210
-1222
-2676
-1982
-2817
-4089
-3244
-5647
-8036
-8631
-12056
-12282
-6530
6743
21732
30188
31988
24254
18735
14360
3483
-1982
-7800
-11956
-7798
-5907
-3097
-748
-3145
-6208
-9143
-9279
-5512
1062
6689
10758
13413
14350
14598
11625
6672
94
-6324
-8379
-7123
-4996
-3312
-4044
-5897
-6251
-6071
-4615
-3629
-2665
887
5912
10954
16595
17698
12813
11656
4704
-1773
-1173
-8684
-8659
-5974
-8539
-3834
-2825
-2817
-2257
-3821
-2667
-2123
2656
4992
4523
7053
3121
1657
1098
-4384
-5245
-6694
-6830
-3975
-1885
-809
-2346
-1710
-3072
-4265
-2708
-4128
-3829
-2316
-1235
-673
-1152
-2186
-3496
-3568
-2860
-2626
-2174
-807
-2673
-3902
-2738
-3201
-4343
-6859
-9944
-13500
-13467
-8838
3115
22801
32328
32742
28251
16671
11064
4065
-5557
-7019
-8440
-6340
-1450
-666
-97
-4049
-11131
-15564
-14964
-7177
3066
10633
14532
16235
14878
13636
10117
2963
-1714
-6957
-5846
-1045
-17
151
-4922
-9479
-11168
-11664
-9127
-5553
-381
5897
12245
17323
18759
15402
8944
1893
-2384
-3350
-3413
-2285
-2359
-4298
-5477
-6857
-8135
-8009
-7568
-5544
-773
4542
8375
8995
6358
2575
-393
-2003
-3127
-3491
-2784
-2156
-1189
-1096
-3111
-4884
-6366
-7044
-4982
-2087
-23
1245
113
-2156
-3389
-4202
-4325
-4331
-3989
-3494
-2071
-433
-626
-761
-2115
-3291
-4018
-5149
-5287
-5108
-5093
-8193
-10166
-10121
-4773
11530
24184
31521
30902
18750
13121
7454
1745
2139
-3168
-4039
-2320
-3544
-780
-3990
-10865
-14815
-17393
-10090
1890
8745
13890
12788
9516
10180
7546
5309
3483
-470
358
2645
3090
1985
-4187
-10773
-14350
-15383
-11119
-5378
-726
4238
6904
8761
10899
10297
8957
7278
4438
5625
9099
8637
5502
-1159
-9643
-12405
-12453
-12323
-8170
-4878
-3180
1160
3098
2900
4145
2471
602
3179
5041
5276
5490
1962
-3206
-5960
-8250
-9409
-8175
-6855
-5265
-3119
-2040
-1986
-2341
-2876
-3423
-3109
-1847
-833
-342
-857
-2410
-3046
-3007
-3773
-4262
-4761
-5180
-5932
-6179
-5266
-6262
-7611
-10061
-10535
1441
21419
32399
32767
24876
11313
5335
643
1526
4968
1584
1529
-1454
-2560
-4946
-12509
-16949
-21607
-16488
-3183
8098
15592
14512
7639
4036
3038
5033
8339
7196
7935
7410
5953
4229
-2902
-9349
-14889
-16383
-11928
-6381
-2201
-617
-1365
-2598
-963
2554
6280
9680
14383
19829
20337
14441
6947
-269
-5563
-6891
-9057
-7767
-6965
-10546
-8598
-8301
-8012
-4785
-4968
-1533
4577
8852
10706
7954
4774
2332
-96
235
-925
-3037
-4251
-7682
-8796
-9100
-9763
-8679
-8711
-6251
-3493
-1787
1286
-560
-1937
-1757
-4205
-1188
-261
-2591
318
-1686
-4226
-4562
-10546
-9322
-6584
-9531
-8322
-8627
398
18292
27214
29244
19186
8864
7896
6132
11161
14461
10037
6281
-1589
-5696
-7392
-13759
-16959
-18290
-13479
-2956
4588
6948
1913
-1739
-1412
1878
9054
13101
14611
13165
9298
6210
2826
-783
-4858
-7832
-8168
-6556
-5558
-6721
-9438
-11334
-9357
-3586
3991
10080
12369
11462
9764
9247
9693
9568
7942
5210
1975
-1212
-3919
-6217
-8699
-11186
-11725
-8818
-4098
-1090
-1052
-1912
-1351
804
3414
5430
6001
4798
2701
974
-344
-2178
-4627
-6517
-7167
-6875
-6216
-5887
-6617
-8077
-8272
-5625
-1806
-104
-773
-1835
-1637
-1334
-2731
-4129
-3992
-2875
-1955
-2371
-3884
-5401
-8214
-10713
-10440
-5980
7323
21690
27537
23337
10600
4002
4740
8149
15985
16493
13178
7461
-2160
-5050
-10110
-13929
-12979
-12495
-4584
661
83
-2398
-8591
-8070
-2531
4222
12145
14423
13078
9735
5488
4212
4205
4150
3240
915
-1267
-3126
-6133
-9720
-11861
-10667
-5953
-710
2796
3841
2664
1025
1875
7056
13717
16248
12472
5493
-346
-2647
-1916
-783
-1555
-4054
-6437
-7776
-8352
-8287
-7321
-5431
-2707
634
3323
3535
1415
-482
-200
1734
3482
3276
498
-3346
-6081
-7378
-8031
-7972
-7061
-6048
-5520
-5454
-5633
-5651
-5292
-4937
-4457
-2973
-752
447
-382
-2757
-5664
-7262
-5935
-3465
-3373
-3838
2110
14960
24318
21672
11202
3531
3578
8996
15964
19931
16290
6438
-2378
-5575
-5558
-6447
-7822
-7731
-6680
-5416
-5452
-8357
-10945
-8982
-3263
3065
7807
9532
8209
5803
4812
6321
9266
10922
9267
5289
1430
-1305
-3440
-5373
-6040
-4337
-2070
-2140
-3878
-4405
-3515
-2560
-776
2665
5703
6155
4641
2809
1545
1552
2808
3722
3049
1453
-454
-2777
-4559
-4552
-3356
-2600
-2893
-3602
-4093
-4064
-3704
-3316
-2392
-1082
-710
-1471
-2597
-3396
-3634
-3932
-4012
-3440
-3715
-5396
-6889
-6569
-3840
-1026
-1691
-5242
-7558
-6262
-2750
-88
-549
-4337
-8528
-9265
-7051
-5561
-3643
4509
17380
23221
16263
6036
3272
7513
14285
21566
24677
18138
5883
-1685
-1821
-724
-1978
-3184
-3127
-4307
-7997
-12195
-14228
-13000
-8801
-3587
-167
433
-821
-1879
-884
3315
9473
13879
13267
9295
6417
5182
4793
4000
3407
3006
1213
-1031
-4336
-6914
-7296
-5044
1064
5381
3205
-3650
-8040
-5686
-502
5513
8260
4456
-1174
-3216
-108
2809
2971
2241
1260
1248
516
-1378
-3139
-3941
-3028
-1262
-284
-1861
-5454
-8355
-8156
-5304
-2712
-2765
-5167
-7676
-9094
-9058
-7359
-4532
-2358
-2420
-4806
-7535
-7686
-4695
-843
1096
813
-662
-2484
-4233
-5443
-5625
-2082
8498
19501
20082
8983
-878
1433
10107
17201
19198
16291
9710
2002
61
2818
4546
3013
55
-945
-2820
-6820
-10365
-10906
-7069
-3187
-1841
-2967
-5666
-7087
-6848
-3407
2072
5829
6742
4556
3045
3286
4567
6569
7285
7521
5845
2967
465
-1141
-761
191
4235
7451
1961
-7971
-10512
-967
7851
7273
1759
-4847
-7787
-5167
1855
6305
2662
-2812
-4444
-1356
687
-1044
-2457
-1339
1493
2258
228
-2793
-4254
-3831
-2179
-576
-1153
-4581
-9440
-10320
-7892
-5467
-5197
-7314
-8100
-8376
-8035
-8017
-8486
-6778
-5530
-3901
-2988
-3886
-4165
-4515
-2818
-2111
953
12042
21300
19554
7127
891
8287
16647
21587
20875
16228
9220
1876
2572
5496
5571
2951
-903
-1421
-4020
-8399
-11275
-11219
-6925
-4712
-5358
-7327
-8944
-7714
-5820
-2009
2623
4330
3513
776
1283
4841
7162
9091
8562
8084
6940
4295
3674
3564
5421
4722
2782
4898
4032
-1191
-6611
-4593
2360
3568
969
-4994
-9063
-6634
-2129
1972
437
-2352
-3268
-3389
-803
493
954
713
81
535
242
-648
-1642
-1600
-407
428
-1186
-5120
-7847
-7770
-6128
-5846
-7168
-7779
-8010
-8712
-9476
-9004
-8888
-9113
-8379
-6109
-3796
-5276
-5807
-5934
-4719
-2578
-1699
8098
19525
20963
9797
216
9066
20124
23635
21320
16179
12489
7053
8352
11927
9068
4354
-1017
-1201
-2970
-8164
-10322
-10442
-6581
-5894
-9484
-12659
-13712
-11261
-8037
-4615
-2181
-1943
-3176
-3163
-149
3815
6607
7460
8028
8334
7193
6173
6267
8475
9789
7850
5125
7048
10581
6522
788
-1846
948
1823
-1086
-2751
-7382
-6515
-5296
-4106
-4366
-7756
-6266
-6361
-3263
-2547
-3474
-2334
-2722
98
727
836
237
-145
1190
935
159
-947
-1208
-1690
-2712
-4598
-5903
-5608
-5495
-6246
-7243
-7996
-8919
-9674
-9909
-7971
-7269
-8785
-8637
-7004
-5036
-7027
-6567
4548
14836
14024
3823
434
11025
20419
23757
21318
16736
13031
11080
15479
17820
14596
9222
6075
5816
1538
-3528
-6003
-4637
-2960
-6720
-11607
-15341
-14933
-11950
-11014
-9876
-10227
-10789
-10440
-8707
-4202
-1584
-378
840
2011
3425
4228
6590
10681
13739
12894
9304
7931
9913
12014
11614
10620
9303
6725
3427
429
-123
-1063
-1639
-3106
-6207
-8323
-10609
-9412
-8204
-7100
-7273
-9887
-9591
-8594
-5270
-3413
-2731
-1748
-2330
-1850
-2132
-1126
393
1319
1030
-962
-2325
-2142
-1134
-620
-980
-3379
-5273
-6495
-5770
-4845
-5123
-4987
-7190
-7898
-8266
-7681
-7543
-7684
-418
7102
7271
-1473
-5886
3347
13286
17048
15104
12205
10645
10372
14975
18418
16002
13257
11947
11175
7887
3057
3259
5406
5255
80
-6983
-8899
-8053
-6225
-6666
-9006
-11034
-13379
-13148
-11319
-8674
-6687
-6555
-6488
-5493
-4244
-3091
-296
4528
8228
6482
4045
5125
8600
11731
13371
15594
13257
7683
4495
6605
11373
10168
5661
1416
-1868
-3146
-3226
-2198
-2447
-5334
-8488
-10124
-10664
-9606
-8124
-7152
-7476
-9414
-10724
-10032
-7371
-4995
-4039
-4784
-5076
-4710
-4662
-2472
-695
482
114
-2045
-1959
-2387
-1218
716
-155
-665
-2659
-3438
-3060
-2893
-2137
-4927
-2735
5319
9243
4109
-6410
-4197
7748
13744
12014
5830
4510
6253
8062
12180
11676
8780
7590
7763
7870
4278
3355
6179
6775
3842
-1436
-3522
-2614
-1310
-471
-2848
-6055
-7963
-8494
-7755
-7027
-6590
-6856
-7157
-6568
-5826
-5684
-4548
-1226
1902
2057
316
579
3531
6764
8926
9672
8566
6662
6295
7635
8571
7932
6419
4842
3412
2097
1047
670
717
-246
-2792
-5434
-6172
-5240
-4676
-5462
-7013
-8055
-8392
-8079
-7627
-7320
-7140
-7204
-7029
-6856
-6762
-7001
-5752
-4123
-3082
-3084
-4963
-5101
-3429
-235
-1165
-3399
-2491
-1931
-332
-2131
-1496
-1558
-4595
1358
10195
12545
2264
-6739
1673
13869
15443
9268
5437
6540
8442
9407
10657
9657
7562
8591
8326
4218
972
2689
6913
7020
1481
-4017
-4948
-2392
-10
-974
-4268
-6790
-7675
-6808
-5544
-5799
-6144
-5977
-6282
-6288
-6466
-5663
-1821
1074
-279
-2722
-1709
3128
6157
5192
5028
6078
5636
5531
7199
8313
7476
6676
6830
5653
3342
2824
3736
3529
1762
-621
-2794
-3647
-2971
-2748
-4308
-6338
-7468
-7663
-7388
-7320
-7485
-7548
-7482
-7853
-8523
-8819
-7987
-6050
-4861
-5386
-6429
-5677
-4579
-4150
-3469
-3030
-2753
-3062
-2455
-1644
-1111
-1063
-2806
-4337
-1647
9222
12467
5411
-5157
-2381
12214
16162
13016
4719
6640
9715
10834
10192
10496
9388
9888
8899
7521
2654
1733
6213
8470
3008
-3537
-4326
-665
304
-1739
-4143
-5634
-6170
-6494
-6706
-6529
-5924
-5718
-5785
-5968
-5622
-5062
-4982
-1982
-1284
-1644
-2366
-1980
3003
3636
3886
3611
3716
5972
4993
6224
6967
6476
6168
5624
6135
4886
3131
3071
3985
2850
27
-1740
-1424
-1011
-2547
-4174
-4770
-5200
-6288
-7155
-6877
-6905
-7688
-8094
-8187
-8396
-8599
-7970
-7434
-7088
-7525
-6561
-5726
-4756
-4175
-5247
-4992
-4100
-1924
-767
-3335
-3403
-1877
-1110
-1175
-2283
8392
9883
6281
-4539
701
12287
15584
12030
7137
9264
8132
10151
11702
13668
9612
9003
9034
7363
4045
3029
7900
6673
2992
-3780
-3432
-1422
-280
-1203
-3638
-3977
-7655
-7253
-7430
-4755
-5807
-6313
-7384
-7142
-6243
-5458
-4640
-3813
-2542
-1866
-1998
-1357
128
2347
3536
3927
3570
3942
5159
6102
6172
6191
6472
6393
5789
4690
3512
3717
4902
4286
1431
-350
92
381
-770
-2020
-2845
-3888
-5161
-5927
-5838
-5617
-6139
-7670
-8672
-8318
-7543
-7622
-7884
-7434
-7774
-7952
-7099
-5235
-4487
-5186
-5385
-5253
-3832
-3413
-2663
-1951
-2204
-2102
-3607
-3767
-486
6796
10257
4458
-3302
-1613
10357
15930
12052
6397
5994
9682
10411
11221
11773
10572
9609
9807
7934
4718
5012
8252
9727
4549
-1283
-2147
59
1330
-388
-2485
-4596
-6127
-6448
-5947
-5670
-6154
-7069
-7601
-6845
-6370
-6207
-5598
-4177
-3171
-2863
-2741
-2240
-856
-38
2060
3173
2522
2294
2313
4796
6199
5664
5328
4700
4918
4911
4975
5537
5037
3844
2544
1643
1806
1407
529
-316
-1836
-2784
-3644
-3993
-3686
-4551
-5651
-6853
-7170
-6347
-6665
-6654
-6468
-6656
-7378
-8277
-6838
-5296
-4650
-5493
-6749
-6183
-4376
-3036
-3798
-3860
-3343
-2310
-2134
-2080
-2399
-2684
3649
8412
5499
-2155
-2778
8349
14049
10360
5315
5701
9354
10265
10053
10933
10783
9617
10169
8391
5901
5777
8160
9586
5684
1580
-286
891
2372
1203
-992
-3295
-4155
-4497
-5056
-5299
-5138
-5721
-5897
-6134
-7556
-7240
-6654
-5296
-3274
-3806
-4712
-4963
-3623
-628
700
673
423
401
1440
3270
4319
3795
4106
5343
5453
4223
3393
4607
5994
4799
2426
1875
2518
2648
1335
155
-103
-1219
-1935
-2221
-2512
-2941
-4503
-4738
-4654
-5929
-6600
-6430
-5158
-5440
-6985
-7460
-7598
-6836
-5814
-4995
-5612
-6703
-6760
-4931
-3193
-3331
-3694
-4228
-2220
-1699
-1850
-2651
-3178
3887
8141
4688
-3172
-4243
6800
14111
10446
3551
3376
7487
10848
10925
10392
10012
7805
9346
9377
8001
6866
7680
9442
6988
3173
302
1862
3592
4448
705
-2027
-4765
-4244
-2703
-2512
-3089
-6326
-6349
-5924
-5156
-6760
-6608
-4294
-3321
-4225
-6718
-5426
-3464
-698
-1160
-540
-1352
-1848
-605
1659
3946
3181
2057
2497
3453
4163
4162
4978
5048
3763
2496
2600
3152
2850
2224
2131
1380
-930
-1779
-334
299
-856
-3450
-4192
-3563
-4205
-4653
-4857
-4588
-5515
-6827
-6465
-5950
-5626
-5755
-5647
-5764
-6257
-6251
-5307
-4196
-3725
-4352
-4794
-3983
-2658
-2576
-2736
-2899
-105
4615
4557
1386
-3117
2138
9024
11011
6091
2892
5023
8644
10676
9595
9411
7622
8401
9085
9226
7598
7224
8184
7885
5557
3434
3033
3457
3938
2551
179
-1789
-2684
-2215
-2539
-2317
-4180
-5688
-5608
-5551
-5813
-6739
-5709
-5118
-4976
-5953
-5602
-5005
-3392
-2542
-2084
-2001
-2448
-1819
-541
1675
1872
1223
744
2055
3091
3347
3551
3908
3580
2783
2996
3769
3595
2752
2418
2377
1482
357
-14
397
249
-804
-2192
-3045
-3292
-3561
-3490
-3727
-4136
-5116
-5533
-5427
-5338
-5276
-5773
-5468
-5799
-5293
-5691
-5173
-5150
-4959
-4400
-3849
-3538
-3618
-2655
-2086
-2057
-2590
609
3856
3576
241
-1420
3328
7287
8496
6000
4803
4714
6599
8687
10248
9709
7170
7206
7301
8681
7966
7505
7144
6488
5570
4249
3631
2873
3256
2272
1442
-598
-2418
-2289
-2261
-1539
-2967
-4343
-5492
-5942
-5652
-4705
-4263
-5158
-6048
-6216
-4744
-3999
-3055
-2922
-2658
-2747
-2381
-1783
-361
946
979
790
805
1506
1981
2342
3398
3547
2921
2031
2102
2885
3084
2793
2323
1840
1126
387
312
602
225
-1013
-1971
-2270
-2371
-2742
-3110
-3316
-4002
-4568
-4996
-4903
-4456
-4862
-5254
-5527
-5213
-4911
-5098
-4751
-4410
-4360
-4522
-4159
-3418
-2693
-2329
-2041
-2018
-2513
-759
2706
4421
1919
-1293
589
5574
8283
6966
4812
4168
5159
6984
8953
9625
7796
6140
5931
7169
8181
7662
6605
5432
5005
4794
4105
3138
2791
2636
1984
865
-807
-1791
-2299
-2032
-1699
-2485
-3668
-5187
-5837
-5136
-3763
-3097
-4200
-5623
-5664
-4388
-3112
-2391
-2099
-2307
-2886
-2849
-1420
275
681
-64
-391
323
1122
1414
1708
2231
2351
1924
1711
1976
2199
2177
2231
2228
1699
717
39
244
586
243
-717
-1564
-1952
-2299
-2375
-2222
-2394
-3173
-4173
-4471
-4130
-3721
-3596
-3838
-4314
-4750
-4601
-3855
-3204
-3162
-3567
-4035
-4107
-3345
-2056
-1247
-1539
-2478
-3012
-2112
466
3118
3291
677
-1524
-194
3759
6599
6322
4153
2427
2648
4888
7631
8672
7300
4983
3852
4847
7009
8134
6998
4804
3498
3684
4190
4206
3809
2980
1847
553
-223
-438
-669
-944
-1178
-1490
-2375
-3701
-4591
-4245
-3094
-2318
-2634
-3838
-4830
-5063
-4136
-2407
-1196
-1443
-2907
-3886
-3216
-1322
323
730
-38
-1026
-1177
-238
1374
2355
2140
1199
431
603
1411
2270
2440
1716
753
199
217
472
607
342
-345
-1108
-1498
-1512
-1467
-1551
-1780
-2088
-2406
-2660
-2759
-2670
-2490
-2439
-2629
-2865
-2888
-2749
-2655
-2592
-2419
-2204
-2222
-2512
-2703
-2464
-1926
-1427
-1197
-1381
-1973
-2351
-1511
583
2275
1831
-256
-1489
-213
2649
4892
5187
3735
1831
1218
2879
5851
7790
7195
4821
2856
2954
4912
6960
7371
5890
3679
2204
2252
3432
4449
4148
2529
690
-225
-44
418
362
-184
-785
-1412
-2237
-2942
-2983
-2461
-2068
-2148
-2499
-2962
-3511
-3757
-3177
-2007
-1236
-1480
-2307
-2838
-2565
-1540
-252
524
290
-632
-1298
-971
208
1329
1561
908
59
-328
-20
752
1389
1327
599
-189
-483
-237
184
358
97
-391
-731
-768
-712
-817
-1048
-1147
-1018
-921
-1141
-1538
-1777
-1782
-1626
-1417
-1370
-1641
-2118
-2404
-2274
-1951
-1642
-1505
-1790
-2307
-2605
-2422
-1751
-1088
-955
-1383
-2148
-2616
-1913
-141
1344
1244
-169
-1268
-866
777
2623
3714
3538
2272
1035
1207
2981
4999
5719
4858
3429
2618
2901
3926
4916
5192
4575
3464
2538
2289
2669
3127
3073
2426
1607
991
550
176
-13
74
121
-272
-1039
-1723
-2079
-2196
-2117
-1804
-1492
-1644
-2334
-3037
-3137
-2573
-1803
-1341
-1419
-1890
-2312
-2245
-1602
-780
-308
-365
-652
-749
-500
-60
338
545
519
344
244
419
778
986
824
446
214
295
521
605
407
2
-396
-543
-346
-21
15
-447
-1128
-1477
-1267
-788
-498
-609
-1019
-1466
-1714
-1646
-1322
-981
-918
-1187
-1535
-1680
-1622
-1485
-1343
-1270
-1325
-1485
-1646
-1631
-1465
-1312
-1288
-1447
-1554
-1331
-802
-132
187
-203
-724
-659
56
1080
1886
2088
1731
1231
1195
1889
2937
3716
3804
3334
2856
2778
3098
3561
3870
3818
3392
2849
2534
2526
2574
2361
1875
1383
1079
887
634
269
-149
-559
-904
-1081
-1046
-970
-1151
-1644
-2102
-2161
-1845
-1483
-1328
-1392
-1594
-1802
-1798
-1449
-896
-507
-494
-667
-729
-574
-282
20
282
388
226
55
153
404
566
510
335
258
293
317
288
215
105
-39
-183
-220
-143
-90
-171
-321
-406
-406
-414
-462
-487
-470
-479
-560
-633
-630
-632
-717
-794
-721
-555
-514
-699
-965
-1116
-1093
-973
-823
-728
-818
-1132
-1469
-1541
-1330
-1094
-1056
-1181
-1318
-1393
-1383
-1252
-1034
-887
-904
-924
-712
-308
5
66
-8
-2
207
611
1082
1458
1594
1456
1245
1288
1690
2202
2513
2536
2362
2133
2007
2077
2283
2443
2373
2090
1815
1701
1677
1589
1391
1151
929
732
562
449
337
80
-336
-670
-719
-565
-446
-493
-680
-932
-1163
-1238
-1072
-768
-575
-641
-857
-979
-929
-771
-540
-304
-177
-211
-284
-233
-56
103
168
140
187
300
406
426
357
338
150
75
136
276
349
243
-44
-286
-361
-255
-127
-49
-83
-239
-468
-606
-565
-444
-383
-424
-516
-590
-631
-651
-634
-567
-521
-535
-573
-588
-570
-539
-536
-536
-522
-526
-551
-566
-572
-585
-628
-711
-772
-783
-789
-825
-898
-983
-1053
-1084
-1059
-978
-903
-902
-950
-992
-923
-725
-477
-264
-149
-110
-106
-31
216
572
880
1038
1062
1064
1149
1327
1553
1745
1827
1803
1734
1699
1726
1770
1736
1610
1455
1346
1293
1237
1140
963
734
522
390
366
374
317
154
-59
-218
-277
-235
-166
-144
-190
-284
-377
-388
-311
-212
-143
-127
-153
-164
-145
-97
-26
61
105
90
69
75
119
150
144
115
83
88
90
119
148
85
9
-39
-51
-9
35
41
-9
-83
-129
-142
-116
-85
-92
-140
-195
-247
-277
-285
-311
-355
-408
-463
-511
-535
-549
-562
-605
-659
-683
-695
-677
-657
-653
-659
-678
-670
-638
-593
-554
-556
-578
-588
-561
-504
-440
-411
-445
-521
-576
-584
-553
-508
-496
-545
-624
-679
-679
-645
-615
-609
-617
-608
-557
-468
-374
-305
-276
-257
-197
-65
134
335
479
528
523
540
630
810
1009
1158
1210
1172
1122
1111
1165
1249
1309
1316
1266
1191
1126
1080
1034
959
866
790
753
741
715
644
519
373
257
237
288
357
364
276
146
19
-24
26
127
216
216
142
34
-35
-29
24
69
83
45
-26
-56
-50
-42
-94
-153
-179
-182
-141
-116
-116
-184
-275
-334
-357
-310
-242
-198
-215
-283
-353
-403
-391
-337
-292
-280
-292
-323
-358
-377
-381
-396
-425
-434
-425
-408
-396
-408
-451
-521
-582
-591
-552
-500
-453
-451
-500
-565
-622
-643
-614
-559
-510
-489
-502
-540
-593
-644
-656
-640
-599
-538
-516
-534
-576
-655
-703
-684
-648
-580
-497
-464
-467
-491
-515
-494
-431
-333
-211
-108
-34
23
76
132
208
323
457
590
717
821
885
922
967
1038
1124
1213
1286
1328
1337
1323
1295
1265
1246
1218
1176
1125
1069
995
912
832
752
662
573
489
409
339
287
249
199
139
79
23
-6
-5
17
52
68
59
41
18
40
103
137
163
190
187
177
175
169
164
161
145
140
122
81
42
-16
-79
-141
-183
-201
-237
-272
-324
-389
-444
-487
-502
-506
-513
-527
-554
-582
-602
-599
-579
-547
-526
-520
-528
-538
-530
-505
-464
-430
-412
-417
-429
-436
-432
-405
-379
-363
-359
-368
-372
-383
-390
-385
-375
-357
-349
-333
-338
-344
-326
-352
-360
-333
-313
-272
-262
-260
-261
-279
-281
-266
-249
-228
-211
-217
-225
-229
-227
-208
-181
-151
-123
-97
-66
-26
28
80
126
179
235
301
390
485
567
629
678
722
778
855
939
1011
1063
1085
1088
1090
1088
1080
1082
1079
1057
1030
991
917
830
752
671
611
567
525
466
385
290
193
114
55
26
4
-16
-45
-102
-154
-208
-237
-230
-215
-191
-178
-188
-203
-213
-225
-224
-202
-184
-163
-144
-137
-128
-137
-166
-192
-202
-196
-175
-151
-157
-189
-242
-307
-340
-359
-360
-347
-353
-371
-415
-463
-507
-547
-559
-564
-546
-527
-525
-533
-569
-600
-630
-640
-616
-567
-508
-472
-466
-483
-515
-542
-538
-483
-397
-320
-284
-285
-307
-338
-358
-342
-283
-203
-133
-92
-86
-110
-153
-189
-190
-152
-86
-24
9
0
-46
-112
-171
-182
-146
-83
-15
23
20
-15
-64
-103
-95
-40
40
138
209
248
261
246
247
274
349
459
575
680
736
744
728
711
722
777
864
955
1019
1035
987
925
849
816
861
851
877
909
851
776
660
558
460
400
395
382
363
296
218
109
-8
-98
-146
-160
-159
-155
-187
-246
-335
-410
-464
-485
-459
-436
-406
-404
-418
-456
-508
-530
-528
-489
-440
-389
-354
-354
-365
-397
-415
-399
-363
-311
-250
-220
-216
-236
-276
-299
-298
-271
-233
-191
-169
-172
-202
-245
-275
-282
-257
-249
-219
-188
-203
-222
-271
-307
-324
-334
-303
-268
-253
-255
-274
-304
-328
-352
-342
-302
-273
-238
-214
-223
-246
-266
-270
-254
-218
-166
-120
-98
-97
-103
-110
-106
-80
-30
20
61
98
115
121
119
132
167
214
280
336
386
418
424
436
452
490
540
592
656
697
724
725
731
726
739
824
840
855
881
860
858
815
786
753
729
724
694
670
619
561
486
408
344
282
230
181
136
66
-1
-75
-152
-210
-264
-294
-318
-342
-365
-405
-443
-479
-508
-517
-519
-511
-501
-495
-493
-497
-506
-511
-507
-488
-456
-432
-402
-392
-391
-396
-406
-402
-395
-363
-339
-320
-305
-311
-300
-331
-319
-255
-256
-248
-214
-212
-209
-211
-216
-215
-208
-190
-171
-156
-149
-148
-158
-168
-168
-163
-153
-143
-131
-128
-132
-147
-169
-180
-189
-191
-179
-184
-191
-199
-221
-234
-237
-239
-229
-209
-192
-164
-155
-139
-138
-113
-87
-47
4
50
117
153
205
244
288
350
412
477
542
611
665
710
747
778
819
881
899
929
951
964
967
960
949
946
921
898
876
837
792
749
685
634
571
502
441
380
308
232
165
85
14
-59
-117
-189
-240
-293
-347
-404
-440
-487
-520
-537
-555
-561
-572
-567
-567
-568
-555
-548
-522
-498
-475
-449
-419
-394
-373
-352
-333
-302
-283
-261
-249
-230
-216
-227
-217
-227
-225
-218
-233
-236
-245
-261
-276
-292
-303
-315
-323
-329
-335
-334
-343
-357
-363
-359
-353
-349
-338
-324
-320
-314
-305
-301
-297
-283
-267
-257
-250
-243
-242
-245
-248
-249
-248
-243
-236
-231
-231
-235
-235
-234
-225
-211
-187
-157
-125
-94
-61
-22
21
72
132
200
272
343
412
479
545
609
675
740
800
854
906
951
986
1009
1023
1032
1035
1036
1028
1012
983
943
895
839
780
721
664
605
543
472
402
329
255
185
128
80
31
-21
-72
-115
-155
-194
-229
-255
-275
-291
-305
-322
-336
-351
-366
-378
-383
-383
-383
-387
-391
-394
-399
-406
-413
-413
-408
-402
-397
-395
-394
-394
-395
-390
-381
-370
-365
-361
-355
-343
-332
-325
-321
-310
-295
-283
-275
-268
-260
-256
-258
-260
-259
-256
-257
-260
-262
-264
-274
-291
-302
-316
-315
-329
-335
-341
-358
-361
-384
-387
-396
-401
-403
-406
-405
-402
-400
-399
-391
-383
-364
-339
-321
-282
-264
-222
-191
-148
-109
-70
-16
43
89
149
212
268
329
389
447
504
561
562
645
696
752
798
830
872
914
922
942
954
968
960
942
929
908
875
839
792
764
706
661
596
541
480
426
356
302
237
188
129
85
23
-16
-70
-105
-141
-163
-193
-212
-235
-250
-262
-273
-282
-285
-288
-286
-282
-277
-277
-275
-275
-273
-275
-266
-262
-258
-253
-255
-258
-258
-261
-262
-248
-260
-266
-270
-271
-278
-279
-286
-289
-289
-302
-305
-304
-313
-313
-324
-320
-321
-329
-329
-335
-330
-334
-339
-336
-337
-333
-336
-339
-338
-335
-335
-338
-341
-334
-331
-332
-332
-331
-329
-325
-327
-330
-326
-320
-322
-322
-308
-298
-298
-281
-261
-248
-220
-197
-165
-128
-100
-61
-18
25
65
118
155
171
233
295
345
405
444
504
559
604
655
697
749
780
804
839
856
872
882
879
881
868
848
832
796
767
726
678
640
581
530
475
416
358
299
243
185
125
75
24
-29
-73
-115
-157
-194
-228
-252
-285
-301
-318
-330
-338
-345
-340
-345
-341
-333
-327
-319
-313
-309
-289
-288
-280
-267
-243
-259
-247
-239
-246
-236
-239
-251
-241
-257
-263
-270
-276
-288
-301
-305
-322
-323
-340
-345
-358
-358
-362
-374
-372
-369
-379
-365
-364
-364
-350
-348
-335
-321
-316
-304
-292
-278
-264
-260
-237
-232
-228
-205
-198
-192
-176
-176
-158
-152
-153
-138
-134
-129
-118
-116
-100
-96
-89
-70
-60
-49
-32
-23
16
9
40
58
82
107
117
153
182
201
232
264
282
326
352
373
408
434
461
489
508
530
553
574
576
596
600
610
604
606
597
592
577
560
542
526
492
472
437
413
373
337
306
267
224
196
148
116
83
41
8
-20
-53
-81
-105
-136
-147
-166
-183
-205
-210
-224
-227
-235
-223
-242
-238
-235
-236
-228
-227
-215
-218
-206
-205
-194
-191
-185
-183
-171
-172
-167
-170
-168
-172
-172
-176
-172
-184
-186
-192
-196
-207
-213
-209
-223
-229
-226
-237
-246
-243
-249
-249
-248
-252
-245
-249
-249
-240
-237
-234
-223
-222
-214
-209
-197
-189
-185
-172
-167
-154
-146
-133
-125
-116
-104
-98
-92
-57
-77
-56
-47
-45
-37
-24
-16
-11
-5
0
11
22
25
38
44
52
65
66
88
83
100
104
121
130
136
151
154
174
180
186
206
203
220
218
232
232
237
235
245
234
245
232
236
237
225
225
217
210
202
195
188
175
165
154
143
136
120
115
96
89
70
73
57
61
37
35
14
15
1
-1
-13
-17
-22
-30
-34
-45
-50
-58
-60
-64
-66
-67
-70
-75
-77
-85
-87
-94
-94
-99
-103
-108
-111
-114
-117
-120
-123
-127
-131
-136
-135
-140
-137
-144
-140
-150
-145
-154
-150
-155
-152
-150
-148
-147
-147
-148
-146
-147
-141
-141
-136
-136
-130
-129
-123
-122
-121
-119
-120
-112
-111
-103
-103
-96
-95
-86
-82
-73
-69
-66
-64
-60
-54
-50
-44
-38
-31
-23
-18
-8
-8
3
5
17
21
31
33
39
44
49
59
63
71
73
77
84
89
92
96
102
101
103
108
112
109
108
116
111
108
113
111
106
105
111
98
104
96
97
91
91
83
86
78
73
70
67
61
54
52
51
42
35
39
34
27
20
27
19
12
10
14
0
2
-1
-6
-7
-10
-17
-14
-16
-23
-21
-22
-27
-26
-30
-30
-30
-35
-35
-34
-38
-39
-41
-42
-41
-47
-44
-43
-50
-47
-47
-49
-50
-48
-50
-48
-52
-48
-52
-54
-54
-55
-58
-56
-60
-59
-58
-59
-60
-56
-52
-56
-54
-43
-51
-49
-40
-44
-44
-33
-41
-34
-31
-27
-29
-21
-23
-16
-22
-12
-9
-10
-10
0
-1
-1
5
8
6
9
12
12
14
15
14
16
18
17
20
24
20
20
23
22
23
25
23
21
17
18
20
18
23
17
12
19
15
15
24
14
13
15
6
12
14
5
7
4
-1
1
-2
-5
-3
-6
-10
-14
-15
-18
-18
-16
-17
-19
-20
-24
-26
-24
-27
-23
-23
-25
-26
-26
-27
-27
-29
-31
-33
-31
-29
-28
-26
-27
-30
-28
-28
-27
-24
-28
-30
-28
-26
-23
-22
-22
-23
-21
-19
-19
-19
-19
-19
-16
-14
-14
-15
-17
-18
-16
-15
-11
-8
-8
-5
-6
-8
-5
-6
-4
-2
-4
-3
-3
-2
2
4
3
7
4
5
8
8
10
8
7
12
11
9
11
11
12
12
11
10
10
9
10
12
13
12
12
13
12
12
8
8
9
9
8
6
6
9
9
7
10
12
12
13
10
12
13
9
9
8
5
5
3
2
5
3
3
4
2
2
1
0
1
-1
-2
-4
-6
-7
-9
-9
-8
-9
-8
-9
-11
-9
-13
-14
-12
-13
-13
-14
-15
-14
-15
-17
-18
-17
-15
-15
-17
-17
-16
-15
-17
-17
-19
-19
-14
-14
-19
-18
-17
-17
-13
-21
-18
-5
-6
-9
-6
-7
-5
-6
-11
-9
-6
-7
-8
-8
-6
-9
-8
-6
-3
-4
-3
-4
-5
0
-5
1
0
1
1
-2
4
-1
-4
11
4
2
4
6
2
4
2
5
3
5
9
8
7
8
7
9
9
7
7
9
4
8
9
8
8
8
9
7
5
12
8
-4
4
2
7
-2
5
3
4
4
3
5
6
5
2
2
4
6
6
4
4
5
4
2
1
1
0
-2
1
2
-2
-2
1
0
-6
-3
-2
-4
-4
-4
-4
-5
-3
-2
-8
-4
-4
-4
-3
-6
-3
-6
-6
-4
-6
-3
-6
-4
-3
-4
-3
-8
-4
-10
-9
5
1
-1
1
2
-1
0
1
1
-2
-1
2
0
-1
1
1
0
0
0
1
0
0
-1
0
0
0
0
0
0
1
0
0
-1
-1
0
0
0
0
-1
0
0
0
0
0
1
0
0
1
0
1
0
0
0
0
0
0
-1
0
0
0
0
0
0
1
0
0
0
0
0
0
-1
-1
0
-1
0
0
0
0
0
0
0
0
0
0
0
0
0
0
-1
0
0
0
0
1
0
0
0
0
0
0
0
0
0
0
-1
1
-1
0
0
0
0
0
0
0
0
1
0
1
0
0
0
1
-1
0
0
0
0
0
0
0
0
0
0
-1
0
0
0
0
1
1
0
1
0
0
0
0
0
0
0
0
0
0
-1
-1
-1
-1
0
0
0
0
0
-1
0
0
0
0
0
-1
0
-1
0
1
0
0
1
0
0
-1
0
-1
0
0
0
-1
0
1
-1
0
0
0
0
-1
0
1
0
-1
1
1
0
1
-1
0
0
1
0
0
-1
1
0
0
1
0
0
0
0
1
0
0
0
0
1
0
-1
0
-1
0
1
0
1
-1
0
1
0
0
0
0
0
-1
0
0
0
0
0
0
0
0
0
0
-1
0
1
0
1
0
-1
0
0
1
0
0
0
0
0
0
-1
0
-1
0
0
0
0
0
0
0
1
0
1
0
0
0
0
0
-1
0
0
0
0
0
-1
0
0
0
0
0
0
1
0
0
0
0
1
0
0
0
0
0
0
0
0
0
-1
0
1
0
0
0
0
0
0
0
0
0
0
0
0
0
0
0
-1
1
0
0
0
-1
0
0
0
1
0
0
0
-1
0
0
0
0
1
1
0
1
0
0
-1
0
-1
0
0
0
0
0
0
0
0
0
0
0
0
0
1
0
0
0
0
0
0
0
0
0
0
0
0
0
0
0
0
0
0
1
0
0
0
1
0
0
0
0
0
0
0
0
1
1
0
0
1
0
0
0
0
0
1
0
0
-1
1
0
-1
-1
0
0
0
0
0
1
0
1
0
0
0
1
0
-1
0
-1
0
0
-1
0
0
0
-1
0
0
0
0
0
0
0
0
1
-1
0
0
0
0
-1
0
0
0
0
0
1
0
0
0
0
0
0
0
0
1
1
0
0
0
0
0
0
0
0
0
1
0
-1
0
0
0
0
0
0
0
0
0
0
1
0
1
1
1
0
0
0
0
0
0
0
0
0
0
0
0
-1
0
0
0
-1
0
-1
0
0
0
0
0
0
0
-1
1
0
1
0
0
0
0
1
1
0
-1
0
1
-1
0
0
0
0
0
0
0
0
0
0
0
0
0
1
-1
0
0
0
0
0
0
0
-1
0
-1
0
0
0
0
0
-1
0
1
0
0
0
1
0
0
0
0
0
0
0
0
0
0
0
0
0
0
1
0
1
0
-1
-1
-1
0
0
0
0
0
0
0
-1
0
0
1
-1
0
1
0
0
0
0
0
0
0
-1
0
0
0
0
0
0
0
0
0
0
0
0
0
0
0
0
0
0
0
0
0
0
1
0
1
0
0
0
1
0
0
-1
1
0
-1
0
0
-1
0
0
0
0
-1
0
0
0
0
1
0
0
0
1
0
0
1
-1
0
0
0
0
0
0
-1
0
1
0
0
0
1
-1
0
0
0
-1
0
0
0
-1
0
1
0
-1
0
0
-1
-1
0
0
0
0
-1
-1
-1
0
0
0
0
0
0
0
0
0
1
0
-1
0
1
0
1
0
0
0
-1
0
0
0
0
0
0
-1
1
0
0
0
0
1
0
0
0
-1
0
1
0
0
0
0
0
0
0
0
0
0
-1
1
-1
0
1
0
0
0
0
0
0
0
0
0
0
0
0
0
0
0
1
0
0
0
0
-1
1
0
0
0
0
0
0
0
0
0
0
0
0
-1
0
0
0
-1
0
0
1
1
0
0
0
0
-1
0
1
0
-1
0
0
0
0
-1
0
0
0
0
0
-1
-1
0
0
0
0
1
0
0
0
0
-1
0
0
0
0
0
0
0
0
1
0
-1
0
0
-1
0
0
0
0
0
0
0
0
0
0
0
1
0
0
0
0
-1
-1
0
-1
0
0
0
-1
0
0
0
0
1
1
-1
0
0
-1
-1
0
0
-1
0
0
-1
0
0
-1
1
-1
0
0
-1
0
0
0
0
0
0
0
1
0
0
-1
1
1
0
0
0
0
0
0
0
0
0
1
0
0
0
0
0
0
-1
0
0
-1
0
0
1
0
0
1
0
0
0
1
0
0
0
0
0
0
1
-1
0
0
0
1
0
-1
0
0
0
0
0
-1
0
0
0
0
1
0
0
1
0
0
0
1
0
0
0
0
0
1
0
0
0
0
0
0
0
1
0
0
0
0
-1
0
0
-1
-1
0
-1
0
0
0
1
1
0
0
0
-1
1
0
0
0
0
1
0
1
0
0
1
1
0
0
0
0
0
-1
0
0
0
-1
0
0
1
0
0
0
0
1
0
1
0
0
0
0
-1
0
0
0
0
0
-1
0
0
0
1
1
0
0
-1
0
0
1
0
0
-1
1
0
0
0
0
-1
0
0
0
0
0
0
0
0
0
0
0
1
0
0
0
-1
0
1
0
0
1
-1
0
-1
-1
0
0
0
0
0
0
0
0
-1
0
-1
1
0
1
1
0
0
0
0
0
0
0
0
0
0
0
0
0
0
1
0
-1
0
0
0
0
0
0
-1
0
0
-1
0
0
0
0
0
0
0
1
1
0
0
0
0
0
0
0
-1
0
0
0
0
0
0
-1
-1
0
0
0
0
0
1
0
1
-1
0
0
-1
0
0
0
1
0
0
0
0
0
0
0
1
0
1
0
0
0
-1
-1
0
0
0
0
1
0
-1
0
0
0
0
1
0
-1
0
0
0
0
0
1
0
0
0
0
0
0
0
0
0
0
1
0
0
0
0
0
0
0
0
0
0
0
0
0
-1
-1
0
0
0
0
0
0
-1
0
0
-1
0
0
0
0
0
0
0
0
0
0
0
0
0
0
0
0
0
-1
0
0
1
0
0
-1
1
0
0
0
0
0
0
0
0
0
0
-1
1
0
0
-1
0
0
0
1
0
-1
0
0
0
0
0
0
0
1
-1
0
-1
0
-1
-1
0
0
0
1
0
0
0
0
0
1
0
-1
-1
0
0
0
0
0
0
0
-1
0
-1
0
1
0
0
0
0
1
0
0
0
0
0
-1
-1
0
0
0
0
-1
0
1
0
1
0
0
0
0
-1
0
0
0
-1
0
0
0
0
0
0
0
0
-1
0
0
0
1
0
1
0
