9
1
-6
-17
-15
-1
5
5
-15
-24
-13
5
10
-4
-24
-26
-9
9
11
-14
-31
-27
-7
15
6
-19
-39
-28
1
16
5
-26
-44
-26
12
26
1
-40
-48
-18
29
34
-6
-57
-57
2
52
39
-37
-75
-42
34
67
16
-60
-84
-19
67
65
-10
-96
-72
30
96
54
-68
-107
-33
84
104
8
-93
-96
21
108
83
-30
-106
-49
60
118
38
-68
-84
3
98
91
-4
-79
-48
47
99
55
-29
-64
-12
68
84
22
-46
-43
23
79
61
-3
-42
-17
38
63
43
-7
-28
-7
31
55
28
-8
-23
-2
46
41
-3
-26
-9
12
22
28
0
-24
-8
29
39
-2
-47
-34
23
57
17
-35
-79
-12
45
37
-16
-87
-50
26
59
8
-82
-92
-18
65
48
-44
-110
-77
15
58
14
-70
-100
-54
17
41
-6
-72
-85
-42
5
19
-10
-56
-79
-56
-6
25
6
-50
-94
-84
10
66
15
-89
-139
-54
69
116
-26
-166
-149
11
146
86
-96
-206
-98
93
168
25
-173
-186
-10
155
126
-59
-178
-120
71
165
65
-117
-166
-32
130
139
-12
-140
-112
53
149
90
-66
-132
-41
102
139
28
-88
-93
30
124
101
-23
-95
-34
88
130
44
-68
-73
35
132
91
-25
-84
-13
87
126
32
-64
-77
48
133
83
-40
-104
9
111
113
-7
-91
-34
71
116
34
-69
-66
34
98
62
-40
-70
-2
83
61
-19
-58
-16
54
56
-13
-56
-11
39
40
-16
-57
-16
44
51
-28
-73
-44
49
68
-5
-95
-87
25
88
25
-84
-125
-19
88
69
-59
-134
-74
58
99
-8
-128
-127
23
102
32
-100
-146
-34
91
74
-65
-148
-92
59
98
-10
-136
-130
5
96
31
-96
-143
-41
70
63
-49
-135
-78
38
73
-5
-109
-107
1
69
28
-69
-111
-36
51
45
-34
-92
-54
28
50
-7
-71
-63
5
43
9
-50
-56
-4
35
17
-32
-50
-2
38
13
-36
-48
1
60
29
-51
-74
-14
70
74
-18
-85
-41
58
95
20
-83
-84
20
107
73
-44
-99
-25
89
107
6
-95
-75
45
122
70
-48
-95
-13
97
107
6
-81
-60
46
114
68
-34
-69
-7
76
91
18
-53
-48
20
83
72
-7
-61
-34
41
79
43
-27
-58
-13
59
77
31
-49
-77
0
84
74
-16
-89
-50
64
119
53
-59
-97
-17
90
103
6
-95
-79
37
121
77
-53
-128
-57
70
106
17
-91
-98
2
86
71
-31
-118
-83
34
93
45
-56
-106
-42
65
93
11
-85
-97
-12
72
68
-16
-87
-71
13
76
42
-59
-126
-70
40
87
21
-88
-113
-35
75
60
-62
-131
-88
34
109
51
-73
-111
-33
72
89
-1
-82
-89
-3
80
78
-2
-95
-90
-11
60
46
-46
-112
-85
13
84
50
-60
-129
-81
42
106
36
-90
-134
-25
118
144
17
-129
-120
29
158
111
-63
-159
-67
123
188
45
-146
-165
7
178
139
-60
-187
-106
95
189
61
-136
-169
-9
157
154
-10
-146
-102
77
182
98
-70
-125
-4
146
163
27
-90
-75
56
137
90
-42
-102
-45
63
103
34
-65
-94
-26
36
44
-11
-53
-59
-3
51
62
23
-16
-22
12
58
71
37
-16
-33
15
79
83
14
-55
-59
-7
33
14
-55
-102
-71
1
36
-4
-67
-100
-62
9
49
3
-62
-64
3
67
81
34
-23
-25
30
75
67
1
-59
-60
1
51
24
-51
-112
-80
-10
35
-26
-119
-155
-75
37
60
-34
-129
-107
17
116
85
-49
-126
-45
106
144
31
-101
-96
40
147
92
-68
-151
-73
60
88
-22
-136
-123
-7
70
22
-91
-132
-45
44
49
-31
-85
-41
27
62
9
-33
12
57
57
-1
-28
10
56
49
-15
-49
4
74
58
-15
-88
-72
46
56
-36
-97
-114
-18
100
48
-75
-106
-60
69
140
-2
-120
-104
28
166
106
-44
-113
-13
145
141
6
-119
-100
44
133
70
-76
-129
-34
62
65
-22
-114
-128
-23
100
36
-23
-46
-119
1
116
48
-5
-82
-93
72
124
20
-30
-77
-36
82
85
8
-77
-84
0
71
68
-37
-122
-73
18
91
50
-117
-129
2
61
81
-21
-144
-41
49
68
71
-70
-82
66
45
17
21
-71
-7
42
-22
41
20
-38
5
-38
-37
39
-20
-19
-23
-95
-15
59
23
16
-112
-86
108
84
49
-95
-124
7
174
52
17
-158
-110
156
157
7
-124
-213
32
271
27
-98
-170
-139
214
137
-78
-137
-125
6
276
-24
-140
-105
-68
174
132
-109
-112
-15
26
198
-44
-137
-44
14
150
57
-149
-62
60
51
54
-132
-99
109
42
26
-81
-145
17
164
-2
-21
-186
-41
217
90
-87
-171
-81
99
237
-66
-162
-114
46
236
42
-146
-214
23
147
218
-100
-176
-130
128
240
27
-239
-206
115
219
92
-164
-178
-36
160
162
-110
-155
-98
118
146
10
-171
-66
66
80
74
-160
-56
42
93
52
-19
-150
5
121
0
-4
-103
-51
106
139
-82
-120
-90
107
112
-31
-122
-107
94
121
59
-170
-110
26
141
64
-68
-162
-45
204
79
-61
-154
-64
37
196
10
-157
-81
26
143
34
-71
-143
-25
77
135
6
-175
-3
40
71
8
-64
-123
60
137
5
-71
-72
39
-12
85
-119
-70
33
110
-2
-58
-70
-13
56
1
6
-89
4
88
39
-54
-43
-42
-22
135
22
-61
-90
50
51
37
-73
-59
-26
66
143
-100
-86
-45
18
31
79
-76
-97
48
63
31
-78
-48
-53
59
87
1
-64
-36
51
-3
9
-37
-3
-49
71
43
-78
-51
17
-8
37
64
-114
-11
65
0
-41
-86
-2
23
106
-20
-38
-92
32
75
-30
-78
-38
44
59
67
-68
-97
-62
95
65
-49
0
-60
35
62
5
-140
-19
14
28
95
21
-108
-72
64
-6
-5
-34
-51
72
75
10
-98
-34
-11
66
-21
-8
-20
36
19
6
-38
-82
37
26
51
-67
-41
-22
31
43
-7
-82
15
63
-43
50
-83
-62
5
85
41
18
-56
-94
58
63
-56
-75
-12
-9
170
-42
-79
-9
-76
17
53
-21
-4
38
-86
75
34
-52
-68
-10
-10
57
74
-52
-11
-49
14
-1
9
-18
-36
-36
80
46
-38
-34
-36
0
-75
64
5
47
20
-110
23
65
-40
45
-32
-138
158
-49
-43
122
-137
-14
100
-64
-14
132
-208
-5
135
-52
47
3
-131
31
87
0
-8
-107
-13
69
161
-56
-130
-94
36
211
86
-185
-145
-75
124
264
-105
-100
-151
-73
236
108
-166
-47
-117
0
405
-131
-259
22
-89
178
314
-211
-221
14
-67
294
62
-179
-90
-62
56
269
-80
-167
-57
-30
123
129
-45
-166
-15
-44
108
89
-126
39
-16
-41
79
-68
-122
177
-88
-1
64
-120
78
49
-55
-84
27
5
-20
173
-88
-14
8
-179
153
-24
-5
182
-179
-9
12
-66
177
-35
-81
10
-91
105
105
-171
-44
34
-50
174
6
-225
6
39
68
61
-71
-213
33
222
25
57
-291
-140
186
41
181
-120
-158
-38
96
127
0
-197
-41
142
13
177
-234
-62
5
155
-122
-2
-22
54
206
-32
-370
-15
-51
234
374
-278
-276
-121
16
357
69
-158
-259
-11
271
9
-67
-149
-158
303
162
-114
-199
-117
21
285
97
-236
-31
-129
221
-43
60
-300
45
215
40
7
-267
-24
-30
316
-113
-150
50
-135
173
77
-198
36
-194
183
123
-137
32
-166
27
162
40
-167
64
-224
186
62
-154
141
-94
52
30
-91
-105
179
-153
49
133
-160
129
-14
-135
-26
4
86
163
-71
-110
-227
-3
350
18
-78
-203
-260
279
186
174
-297
-249
115
-34
300
-53
-260
51
51
27
227
-199
-380
274
-51
267
79
-501
180
-89
104
155
-1
-327
228
-11
-195
420
-332
-44
182
-105
42
-11
-12
-141
236
67
-197
122
-73
-94
103
-149
83
273
-169
-58
27
-221
270
-23
-63
39
-83
-22
244
-100
-198
140
-182
266
19
1
-211
-96
256
161
-27
-323
129
-229
371
134
-340
163
-190
110
229
-234
-77
-115
209
201
-24
-173
-193
36
139
433
-455
-36
-50
-3
277
-101
52
-192
63
49
11
-120
72
-28
135
139
-185
-175
-65
75
285
8
-192
96
-276
279
-82
-21
47
14
2
51
-159
-38
176
-126
186
-141
-73
-136
62
295
72
-326
24
-168
-100
498
-334
74
99
-206
-3
63
-150
242
-11
-190
198
-241
9
144
-16
-28
70
-286
215
-46
-73
92
-181
162
26
36
-308
-13
94
144
-65
-93
-54
-22
176
-70
-16
-17
-207
278
-156
-69
346
-383
117
215
-244
-119
212
-260
375
79
-452
162
-171
123
138
-107
-78
99
-47
-15
67
-204
176
-137
99
61
-85
-98
-11
122
52
-43
30
-202
43
159
-21
-61
107
-58
-55
94
-185
251
-138
143
-110
-103
148
-100
108
-7
-28
-211
138
123
5
-7
-141
-94
37
368
-139
-155
-32
-41
97
239
-48
-213
-20
63
51
154
-181
68
-219
240
41
-39
-54
-44
-1
-11
192
-261
92
81
-14
70
-184
-15
-60
197
175
-280
61
-76
97
-148
330
-294
-71
296
-115
36
-23
-129
5
106
92
-128
-27
49
-236
358
-137
-54
-27
-17
56
158
-222
114
-303
360
-52
-58
-24
8
18
-179
281
-132
-58
123
-91
91
4
-112
-81
-108
387
-180
141
-260
37
-18
88
-34
22
-28
45
-46
84
-228
93
-89
132
86
-135
99
-192
-52
161
51
-157
71
-91
75
7
71
-260
96
-25
175
-62
44
-185
-9
45
100
-70
-40
-43
-18
177
-35
-2
-330
98
188
74
-70
-173
-141
263
26
53
-311
20
3
326
-89
-26
-353
-74
410
-24
267
-380
-406
388
110
138
-148
-308
47
309
-29
40
-190
-427
656
-196
198
-129
-437
245
243
42
-184
-193
0
216
115
-70
-132
-245
183
198
48
-111
-294
145
175
40
-188
-69
-139
390
-126
111
-84
-376
345
-101
66
149
-315
203
-202
252
-158
-29
93
-63
-20
-26
89
-83
209
-304
50
145
-209
231
-31
-217
150
-151
203
41
-271
100
75
-122
264
-249
-3
-119
309
-16
-208
157
-411
459
-95
74
-133
-215
163
138
123
-328
132
-220
143
288
-211
15
-289
184
144
54
-156
-125
101
-37
177
-14
-189
-65
157
35
5
-34
-52
2
-120
152
-26
-33
169
-298
200
-166
221
-127
-78
67
-142
237
-151
239
-415
85
104
-48
371
-443
-64
127
19
369
-403
-151
-31
282
141
-23
-278
-117
103
143
307
-377
-178
-56
269
313
-302
-88
-298
243
366
-26
-310
-240
176
225
247
-356
-225
-90
389
181
-264
-48
-192
107
283
142
-566
59
101
109
192
-174
-347
214
-8
420
-430
-120
97
24
349
-256
-113
-295
353
219
-88
-313
-71
195
96
282
-476
-47
-33
265
267
-395
-101
-109
338
90
-31
-216
-244
177
272
116
-261
-315
229
35
224
-94
-255
32
-78
505
-259
-199
76
-21
5
209
-116
-281
257
-2
80
-131
10
-76
26
163
-114
-31
41
-131
153
60
-272
173
-47
-55
158
-94
10
-181
285
-168
55
-20
-105
77
21
148
-149
-93
-7
56
117
74
-308
45
112
-11
167
-238
-40
-60
275
-81
-17
-137
-79
234
50
-72
-211
131
-83
195
107
-451
150
159
-43
-131
236
-339
88
299
-245
-79
138
-136
133
56
-104
-66
-124
303
-144
224
-393
74
-34
229
79
-350
168
-326
454
-246
262
-276
-221
386
-108
95
-7
-126
-219
355
-184
177
-116
-68
129
-238
307
-140
-14
-44
68
-116
177
14
-186
210
-348
197
35
13
12
-139
-87
129
183
-150
-50
-133
189
-48
98
-62
-130
63
-6
113
-44
-59
-166
221
35
-45
5
-218
226
54
129
-344
-20
-20
274
36
-81
-289
-127
395
45
123
-500
25
216
123
84
-406
-71
162
202
98
-114
-399
146
108
133
99
-181
-377
322
181
-52
-137
-212
126
152
36
-145
-114
72
-43
127
38
-115
-53
-10
-21
143
48
-227
22
117
54
-148
-13
61
96
13
-205
16
28
219
-100
-75
-215
170
176
-21
-141
-56
-120
231
154
-225
-135
-48
135
184
-42
-143
-62
-66
143
141
-136
-12
-144
221
-3
-84
-97
64
-48
291
-202
-61
-74
124
-27
-1
27
46
-121
-84
75
53
-64
109
-169
112
-73
-39
40
123
-218
167
-91
5
220
-260
-33
-2
226
-148
105
-188
-63
183
-51
48
-83
-10
-53
84
70
-264
117
14
-6
78
-95
-10
-96
90
9
180
-210
-19
-40
84
87
-28
-53
-56
73
13
-83
-43
157
56
-139
-18
-81
58
-5
161
-41
-192
26
3
104
12
-11
-206
169
-26
82
6
-206
85
99
-45
-10
80
-257
108
132
70
-105
-161
154
-111
276
-302
206
-322
177
5
72
27
-182
30
-102
232
-2
106
-456
345
-209
259
42
-158
0
-165
272
42
-103
0
-165
182
-51
171
-161
-153
31
77
160
-51
-240
-63
199
-44
229
-338
23
-140
313
-50
-193
158
-255
259
-5
109
-276
177
-147
84
93
-81
-11
-174
344
-223
119
-310
148
66
164
-210
-135
117
-11
202
-261
115
-93
69
38
-88
68
-156
137
-29
144
-153
-148
175
113
151
-187
-75
-160
341
-38
101
-260
-166
295
112
82
-375
84
-232
267
-21
-84
-174
20
-8
104
286
-417
-66
-43
153
9
6
-217
76
286
-26
20
-182
68
-36
299
-136
-219
-26
36
215
-3
25
-300
86
-103
-14
-23
-177
-4
105
211
-27
59
-199
13
68
94
164
-118
108
-66
350
80
218
-208
-65
-163
-76
80
-135
76
-184
42
-90
7
-136
-218
-141
-104
-51
-74
2
-100
228
86
62
-84
2
-23
170
49
-91
31
143
136
156
-51
-20
-49
86
-91
-11
-115
-27
113
137
22
-177
-37
-90
214
-67
-21
-84
19
30
97
79
-85
16
-73
56
-136
60
-77
136
33
-39
-174
27
2
8
-127
-135
-159
7
142
56
-76
-122
-23
2
199
-7
-44
-87
19
-11
190
124
6
22
-48
34
20
211
-24
-4
-144
28
30
169
-31
-94
-110
7
101
34
-47
-70
-97
57
128
-29
-166
-128
-34
77
26
-28
-35
8
71
47
-34
-77
-35
18
53
20
-17
50
88
27
-104
-122
-29
91
123
-103
-224
-69
39
108
96
-147
-249
-23
215
198
-48
-180
-42
202
190
-120
-247
-91
47
-15
-149
-159
-10
174
147
-92
-229
-137
0
27
-51
-112
-43
60
60
-7
-54
-7
146
231
150
47
27
67
114
71
-66
-142
-69
26
-29
-171
-191
-66
54
73
-20
-150
-191
-120
-50
-54
-64
-17
60
141
170
101
12
30
105
100
4
-80
-82
-36
-22
-49
-42
24
51
-18
-103
-110
-49
-14
-65
-147
-163
-90
21
63
-1
-56
-3
137
214
113
-72
-175
-128
28
101
-4
-92
-29
97
151
77
-59
-136
-122
-92
-125
-198
-227
-173
-52
59
65
-14
-43
20
53
-17
-94
-64
42
117
100
34
45
155
231
160
25
-33
-14
-6
-58
-152
-226
-188
-53
28
-44
-172
-185
-55
64
36
-123
-219
-105
67
117
49
-8
47
179
268
233
16
-191
-111
23
23
-103
-250
-218
-99
10
-19
-118
-96
18
161
164
62
-6
18
109
139
99
74
132
231
292
276
213
179
209
246
178
11
-95
-27
100
94
-17
-37
88
203
151
-14
-116
-79
-22
-54
-141
-180
-120
-15
136
228
186
149
203
295
244
68
-86
-119
-50
-77
-136
-200
-200
29
46
-143
-146
-161
-235
-343
-486
-525
-555
-544
-379
-218
-163
-120
-2
137
85
-116
-235
-204
-142
-268
-473
-410
-162
-49
-143
-325
-464
-597
-757
-843
-913
-1104
-1271
-1147
-775
-523
-514
-465
-176
213
360
202
61
104
274
405
356
278
385
817
1388
1666
1863
2163
2409
2784
2863
2396
2130
1956
1717
1727
1407
841
716
670
463
81
-543
-922
-958
-1041
-1180
-1200
-1022
-758
-490
-145
154
262
304
441
631
563
104
-384
-542
-475
-566
-938
-1294
-1407
-1366
-1359
-1370
-1233
-1086
-1202
-1523
-1807
-1883
-1782
-1654
-1519
-1443
-1359
-1119
-785
-317
-138
-728
-1379
-1514
-1219
-726
-842
-1353
-1315
-1310
-1468
-989
-259
116
-277
-1493
-2271
-2121
-2054
-2245
-2077
-1841
-1885
-993
2164
6971
10530
10324
8826
9145
9335
8004
5850
3516
2400
669
-2422
-2443
-43
663
-672
-3279
-4560
-4033
-5061
-6361
-5659
-5042
-5563
-5646
-3309
809
3595
4164
4266
5524
6629
5676
4689
4739
4191
2859
1120
567
1727
1918
1153
474
-859
-2148
-3466
-4628
-4254
-4133
-5433
-6116
-4905
-1845
1184
2113
1908
1891
1817
1456
1012
855
718
-64
-821
-422
851
1856
1566
345
-472
-1438
-3149
-4198
-3964
-3228
-3544
-4853
-4289
-2161
-860
-119
-420
-1416
-1466
-1821
-2458
-2055
-2086
-2993
-3462
-2805
-788
881
523
-502
-1104
-1717
-2528
-3638
-3906
-3786
-5613
-5760
20
9158
16469
16517
12582
12844
13322
10245
7057
3631
1122
-2331
-8185
-7762
-1765
861
-982
-4798
-5416
-3323
-5359
-7716
-6087
-5021
-6195
-7243
-3519
4068
8957
9254
8439
9981
10277
7083
4460
4069
2074
-2358
-5413
-5803
-1725
281
-2569
-1045
-304
-1989
-1270
-2415
-2446
-2359
-4506
-4803
-3554
113
3443
4111
4369
3936
3119
2170
872
-127
-980
-2481
-3446
-2629
-558
1440
1975
1404
475
-527
-1383
-1774
-1746
-2460
-4183
-4950
-3371
-945
432
480
222
298
-13
-1194
-2266
-2167
-2252
-3550
-3896
-1787
393
532
-140
-205
-584
-2129
-2791
-2816
-3096
-4007
-5743
-5479
-4474
-3697
-2688
-2378
-2799
-2382
2177
11371
21554
20840
12386
11726
12802
10708
7347
1192
-438
-1917
-10629
-11207
-3485
-162
-1398
-8364
-10615
-4280
-4001
-7494
-4642
-971
-2497
-3856
-698
7560
14093
12592
9605
8762
8337
6125
2613
1410
-1326
-7269
-10709
-9999
-5259
-963
-2007
-2360
-1022
-1890
-993
1528
2613
3047
2146
940
2070
4857
6801
5921
3114
466
-1752
-3498
-4560
-4637
-3867
-3999
-5288
-5035
-1806
2115
3556
2564
1586
1424
1078
575
921
1450
479
-1148
-997
618
954
-751
-2616
-3679
-4700
-5575
-4826
-2647
-1694
-2623
-2826
-1068
666
962
877
733
-533
-2426
-3413
-3093
-2563
-2837
-3630
-4843
-5636
-4398
-2687
-2932
-3849
-4434
-6378
-7480
-2981
7837
22211
28185
18810
12333
15806
15129
11036
4869
-2829
-4705
-10654
-17510
-8648
1103
-575
-6811
-11835
-7116
-1217
-4794
-5300
-1537
-2426
-4156
-811
9006
17628
17444
13357
11129
10117
6484
1503
-424
-4148
-11465
-15336
-13363
-6558
-848
-1568
-2273
-1005
-2324
-2061
1016
1895
1600
1458
2678
7819
11285
10181
9231
5767
-588
-3791
-5601
-7338
-7744
-9204
-8992
-4869
-752
2651
5607
6396
5047
3035
2173
2211
1367
-242
-1500
-1732
-1108
-287
630
737
-1153
-3747
-5420
-6713
-7486
-6751
-5181
-3666
-2405
-513
2632
5053
4878
2537
760
636
-1491
-4405
-3587
-3616
-5001
-3895
-2902
-1313
-663
-3803
-5045
-4537
-7191
-7968
-7500
-8143
-6457
-3555
7602
24754
32767
25600
14349
15197
15431
8636
1702
-6538
-7644
-11177
-18090
-9764
1126
2418
-3563
-10146
-7459
-2490
-3883
-5816
-2172
-441
-1829
2165
11460
20471
20762
14354
9787
6514
1867
-3175
-6487
-9500
-14014
-16050
-12651
-5846
39
-441
-1907
227
-819
-1173
2793
4269
3552
3031
4435
10862
15895
14926
9778
2716
-1072
-5820
-10682
-10476
-11450
-11508
-10372
-8108
523
7525
8624
7009
4827
3829
2387
1855
1205
-307
-1125
-2020
-788
1391
1911
291
-3236
-6556
-8841
-9288
-7581
-5037
-3736
-3473
-1830
2445
7131
8145
5200
2187
1199
-404
-3014
-4023
-3028
-3190
-4529
-3892
-2460
-1205
-1271
-3144
-5936
-8221
-7821
-6595
-6630
-6791
-5115
-5808
-5779
5274
20325
32625
32692
17400
11779
12902
7646
4268
-3983
-10556
-11106
-18299
-15475
578
6191
-83
-9012
-12130
-4798
-779
-4803
-2267
1820
-250
1735
10005
20685
22972
13412
6306
3373
-1597
-6427
-8054
-8247
-12259
-17798
-15078
-6530
1065
3359
-349
-910
103
457
3205
6290
7431
5697
3911
7150
14094
14131
10116
2333
-8062
-9642
-12336
-13277
-9861
-12185
-10398
-6253
-967
8309
11242
9383
6317
3788
3094
2967
3881
2965
1216
-1427
-2753
-120
1584
180
-4024
-8261
-9677
-8179
-6024
-4486
-2056
-354
-637
649
4914
7348
4910
971
-450
-1492
-3088
-2762
-3048
-4270
-5121
-5631
-3863
-2590
-3117
-2387
-4219
-6762
-5564
-6485
-6082
-3152
-3326
-3250
-3562
-5525
-2033
12203
28389
32767
21404
8217
10509
11224
5781
152
-9265
-11730
-14815
-18140
-5431
5809
3375
-6443
-12959
-6970
369
-336
-2084
976
1528
213
6401
16144
20996
16074
6526
1265
-532
-3101
-6672
-9320
-11468
-14699
-15691
-9276
-683
1987
571
-774
-1393
-28
4076
8012
8315
5755
4736
6251
9812
13028
10851
5662
-1242
-9663
-11733
-10326
-11871
-9801
-7483
-7416
-1640
3357
7587
12445
8328
2532
2361
3808
3727
1717
76
-1250
-1478
-2213
-1662
1732
-1653
-7821
-9001
-8227
-5770
-5346
-6200
-2957
357
567
3008
6225
6339
4950
854
-1752
-1400
-2737
-4053
-3857
-4960
-5175
-3775
-4105
-1810
-835
-3334
-4639
-7869
-7503
-4537
-4618
-3362
-4496
-6175
-4432
-4496
3311
20411
32767
32671
15874
5849
10020
6657
1801
-3410
-9999
-10031
-14484
-13744
1520
7317
-973
-9071
-11479
-5763
-1214
-4208
-757
5614
2838
3474
12175
20636
21091
10781
1407
-2098
-4438
-6811
-9679
-10735
-11538
-14880
-12923
-4072
2895
3758
-180
-2275
-1038
310
4907
8745
7538
6696
6801
8490
10782
10071
7164
675
-7447
-11431
-12631
-11510
-7948
-8002
-6621
-1650
2974
7947
8459
8525
6213
1206
2101
3857
4037
2211
369
216
-1288
-2226
-2150
-3485
-6688
-8894
-9128
-7950
-5727
-3039
-549
1188
3252
4853
5339
5849
5231
1477
-2024
-2067
-1860
-3343
-3564
-2138
-2677
-4246
-4584
-3857
-3635
-4543
-5304
-5490
-3115
-2039
-3909
-2623
-2136
-4307
-4555
-3723
-4416
-4109
5376
19838
32767
31098
11583
8488
11660
5667
3913
-6104
-11728
-8909
-16363
-11793
4923
5230
-2290
-8810
-11627
-2697
-628
-3348
3705
4251
660
5568
13295
20414
18582
6974
1112
-1629
-6001
-8675
-9415
-9003
-12475
-13681
-9180
-2226
2753
1603
-186
-596
-194
885
5850
9720
8873
7359
5306
8585
10053
7518
5625
-700
-6237
-10994
-12903
-8087
-7150
-7642
-4053
-1756
2205
5922
6630
8044
6265
2659
2162
3686
3490
1236
545
-491
-2706
-4066
-4347
-4598
-6656
-8565
-8211
-6595
-4401
-1438
994
2097
2621
3020
3703
3956
3505
1487
-1700
-2582
-2184
-2598
-2102
-2277
-3770
-5760
-8334
-6624
-4619
-4155
-1400
-3590
-5492
-2700
-2511
-623
-194
-6091
-5760
-4875
-6542
6211
21726
32447
32234
12060
3969
9320
5943
1609
-5014
-10527
-11326
-15756
-10200
6057
7640
-4325
-12871
-13402
-6294
-2039
-2068
4521
7428
3601
6755
15819
21442
16360
5005
-2030
-5524
-8271
-9364
-9242
-7482
-8749
-11160
-6983
-1610
2423
2864
-2609
-5914
-3967
341
5074
8813
9861
10103
10278
10280
12145
9665
644
-6395
-8823
-9783
-9648
-7974
-5736
-3675
-2241
-708
2877
7374
7455
3229
826
1112
2045
4344
6704
5536
1379
-1679
-2620
-3550
-5566
-8541
-10180
-8312
-5202
-2882
-608
2222
4666
3889
1431
1378
1390
1443
1973
-117
-1076
13
-1267
-2293
-2598
-5513
-8114
-8585
-7559
-4452
-2504
-2235
-1641
-1337
730
-753
-2209
-3942
-4169
-4418
-4797
-7361
-8697
-2491
11910
31449
31882
23435
6051
5539
3358
3091
-1678
-6948
-6593
-9935
-13079
1418
10716
2854
-10267
-16821
-13000
-7018
-5689
457
8266
8160
6985
12361
18507
19325
9919
-1708
-6657
-9367
-9404
-5859
-4817
-5111
-7622
-10433
-6968
-3331
-3506
-5454
-9131
-7609
-619
4839
10173
13956
12857
10689
9458
8299
5517
32
-4340
-5942
-6778
-5163
-1158
1970
3013
-94
-4581
-3880
-1687
-2010
-1696
-1296
170
4871
8498
9460
8267
2868
-3745
-6890
-6068
-3415
-2939
-4337
-3542
-1384
364
1107
-620
-2400
-3285
-5528
-5060
-346
3084
4749
5043
2147
178
96
-1942
-3089
-4182
-7262
-7257
-5989
-4870
-749
325
-1157
-1576
-6191
-7953
-5763
-4892
-2152
-3158
-5207
-3369
-5197
-7537
2037
18799
32063
32229
13826
2850
4851
3312
2599
-1173
-3584
-3493
-13383
-12476
3592
4190
-5852
-15921
-21645
-12100
-3452
2654
12301
12783
8293
8816
12364
15648
14579
4332
-4543
-7215
-8017
-2636
1012
-1344
-5502
-12599
-14880
-9741
-6053
-5702
-6945
-6235
6
6686
11286
14940
14460
8857
2489
1127
4423
5818
3552
1612
755
-817
-3293
-5242
-5671
-8167
-12801
-11348
-4267
1314
5287
7212
7502
7944
5239
2221
3405
3562
788
-1565
-2216
-654
336
-1747
-4523
-5743
-5820
-6403
-7208
-5925
-2684
351
2110
3093
4142
4591
3348
1276
-484
-1419
-1958
-2328
-2044
-1695
-2037
-3478
-5015
-5766
-5644
-5723
-5684
-4735
-4162
-3864
-4101
-2828
-2124
-3538
-3758
-4622
-6489
-7920
-71
18887
32767
31300
14141
724
-572
391
1212
-29
1410
1164
-8130
-8260
594
1171
-7831
-18602
-19791
-12426
-5457
3913
14611
15928
11646
8085
7242
10634
7967
739
-2433
-4435
-2775
2084
3035
230
-6666
-15988
-19760
-16104
-9335
-4780
-2398
2149
6161
6982
8406
10628
9452
4481
469
1516
6471
10490
9616
5260
1788
-423
-3366
-6682
-9500
-11726
-12036
-8587
-1963
4429
7258
6069
3205
1146
599
1151
2227
3183
3624
3930
4659
4896
2493
-2849
-8046
-9891
-8865
-7608
-6600
-4256
-1118
179
-353
-268
946
1602
1085
595
657
1251
2276
2614
1585
-903
-4765
-7772
-7342
-4676
-3371
-5052
-5090
-3169
-4676
-6783
-6476
-4733
-3698
-4861
-5205
-4076
-5018
1908
20620
32767
32742
14204
-5175
-5346
373
4510
5435
8110
6355
-6649
-11135
-4964
-3748
-12002
-21077
-22574
-13184
-413
9602
17620
14746
5673
114
-1003
5185
10010
8464
8153
7266
5360
5070
1602
-3697
-11659
-22048
-22860
-14126
-5527
245
2806
2698
193
-2856
-1278
3817
6309
5031
4604
8859
14364
15558
12017
5743
-1280
-6561
-7978
-5776
-3324
-3576
-5544
-6108
-4169
-1839
-1270
-1819
-1742
-796
532
2881
6631
9405
8208
3978
1013
1236
2050
695
-2253
-4574
-5585
-5981
-6046
-5645
-4790
-3652
-2392
-1196
-282
117
502
878
1023
817
226
200
1100
1465
-43
-2355
-4452
-5432
-6092
-6085
-4402
-5192
-7372
-6915
-5050
-1770
-1721
-4534
-5721
-8692
-9529
-6035
10272
29559
32767
27280
2213
-9939
-1178
3416
9848
13402
16049
6688
-10057
-11191
-8188
-11301
-20127
-25292
-16710
-1204
7295
12187
11017
-191
-6615
-7506
-1099
11808
17833
16988
12814
7962
5477
215
-5282
-6555
-10214
-12512
-8604
-3458
349
-1557
-8886
-13771
-14187
-10460
-2669
4550
8490
9700
9028
8962
8403
6533
7345
7986
5864
5312
4461
2511
69
-6353
-9764
-6594
-4332
-2772
-2807
-5423
-5287
-4945
-5244
-2193
1128
3788
6620
8052
9095
8436
4703
1083
-257
-25
-622
-2394
-2824
-2012
-2694
-5420
-8248
-8884
-7419
-5383
-3298
-1345
-188
-72
68
1118
1676
315
-1238
-1300
130
704
-526
-3742
-5511
-5814
-3747
-1950
-2578
-4074
-5104
-6974
-8104
-7338
-8973
-7914
6380
27951
31471
23634
-2480
-11000
-1665
11857
18199
21356
20025
8774
-8133
-10036
-7457
-7806
-14200
-19503
-11896
130
3214
3654
-2886
-11613
-13466
-12221
-1032
15190
18704
15884
10439
4493
3674
1745
1059
2560
84
1710
3964
584
-703
-6546
-14327
-14964
-14315
-8058
-861
-22
-753
-3614
-5638
-2343
3617
9082
14092
14126
11141
9217
4754
2731
2254
-14
1177
2545
1969
1507
-2687
-8652
-11366
-11105
-7150
-2005
453
650
-286
-537
195
822
1665
3018
5221
7626
7868
5057
526
-3199
-3925
-2223
-276
483
-279
-2307
-4851
-6550
-6785
-6301
-5623
-4364
-2458
-967
-1231
-3159
-4891
-4663
-2726
-577
1002
1777
1062
-1050
-2711
-3073
-3700
-4770
-4270
-3536
-5686
-5252
7774
27062
29674
8240
-13622
-12835
3331
15163
19214
20496
15020
317
-11779
-10282
-1839
283
-4453
-6095
-1201
2650
-357
-6592
-11023
-13252
-12082
-4260
7386
13389
8952
-165
-5300
-3795
1316
6330
9021
8379
5223
2325
1506
946
-1915
-5488
-5879
-3108
-823
-950
-2781
-5349
-7437
-7504
-5187
-1379
2519
4914
5175
4240
3143
2372
2673
4426
6710
8233
8309
6675
3450
-591
-3999
-5151
-3562
-759
963
477
-1881
-5023
-7375
-7414
-4903
-1489
690
1196
1168
955
-133
-1676
-1880
211
3442
5410
4519
1600
-1280
-3182
-3824
-2583
-327
275
-1728
-4311
-5799
-6535
-7089
-6976
-5482
-3230
-2234
-3410
-5216
-6181
-6476
-5551
-2316
1026
831
-1706
-2826
-3321
-3809
3008
20024
30684
17866
-5664
-11252
4018
17307
17764
14995
13297
5855
-5424
-8313
-1504
1892
-4176
-9476
-5001
2025
-117
-9324
-14783
-12687
-7648
-2975
2457
6158
3114
-3473
-5802
-1153
5897
8521
7782
7864
6935
4326
2193
1541
2255
1661
264
955
1185
-1265
-5368
-8954
-8575
-5779
-3940
-2249
-1169
-1657
-2702
-3266
-1771
910
2343
3657
6335
8718
8314
5298
2819
2477
3015
3560
4220
4534
3223
-77
-3519
-4914
-4124
-2727
-1892
-1869
-3151
-5607
-6844
-4786
-1673
-1333
-3050
-2916
-268
1565
821
-385
-182
1000
2205
2995
3350
2395
-353
-2584
-2351
-497
275
-1999
-4732
-5528
-5889
-6058
-6100
-6516
-6382
-6551
-6565
-5244
-5274
-6104
-5106
-4965
-6231
-1760
13147
26830
19841
-2915
-12150
3269
22087
25032
17982
13445
9676
2314
-1482
2365
5086
741
-4696
-2910
2758
-277
-11896
-18668
-15451
-8149
-3750
-3249
-3942
-7076
-10922
-9632
-3793
2465
5077
3928
4663
6833
6315
4748
4907
7600
9628
8531
7589
6450
2834
-1013
-3011
-1804
338
-835
-3322
-4615
-5280
-5791
-7051
-7096
-4557
-2965
-2989
-2140
-726
-338
-773
103
2667
4487
4892
5212
5694
5520
4485
3893
4694
5556
4764
2851
1475
352
-1675
-3229
-2567
-1689
-3502
-6670
-7697
-6392
-5296
-5134
-4648
-3684
-3340
-3719
-3737
-2859
-1858
-1660
-1644
-251
2185
3095
1406
-328
-10
557
-288
-1226
-1212
-1263
-2202
-2677
-2230
-3325
-5808
-6685
-6460
-6715
-3675
6904
15810
7292
-11102
-13739
3144
17878
17072
9916
7851
7733
5119
4354
7204
8935
6701
4817
7654
8904
1402
-8575
-10007
-2630
2883
-54
-6195
-9991
-11564
-11174
-8812
-5800
-4244
-5050
-5505
-3246
-1088
-2181
-3759
-1197
4236
7494
7101
5335
4128
3798
4256
5813
8024
8757
6715
3831
2825
3095
2022
-202
-863
243
238
-1929
-4174
-5313
-6041
-5944
-4201
-2520
-3161
-5147
-5685
-3976
-1540
-20
488
1119
2216
2849
2835
3211
4041
4343
4499
5476
5804
3339
-571
-2219
-554
1681
1764
-363
-2773
-3943
-4411
-4819
-4793
-5100
-6416
-7301
-6309
-4610
-4898
-6569
-6660
-5426
-4122
-2970
-2521
-2105
-1571
-1447
-711
421
1138
1052
-957
-2371
2047
12218
18433
9718
-6597
-9350
5210
18031
15393
5964
3495
5416
3982
2014
3135
4114
2746
2386
5073
5166
-1859
-9353
-8093
305
5279
1063
-6496
-9270
-7204
-5121
-4432
-3413
-2531
-3162
-3613
-2353
-1724
-3616
-5046
-2170
3401
5933
3133
-753
-881
2088
4645
5635
5501
4087
2113
1521
2668
3847
4046
3888
3732
2758
557
-1608
-2057
-763
678
818
-528
-2561
-4256
-4798
-3865
-2093
-1013
-1524
-2656
-2910
-2332
-1945
-1673
-611
1002
1821
1457
998
1162
1471
1623
2090
2540
2199
1425
1260
1613
1501
967
532
42
-1169
-3282
-5362
-5806
-4812
-4166
-4467
-5650
-6700
-7361
-7365
-6275
-6214
-6692
-5733
-3590
-1992
-2630
-3446
-3426
-3618
-642
7934
15861
12731
-1080
-8014
3013
17889
19013
9626
5200
8679
9821
6462
4556
5338
6456
6412
5922
4479
-884
-7237
-7386
-679
4828
980
-7953
-11155
-8433
-6523
-7288
-7332
-4827
-3496
-4890
-5917
-5701
-5065
-4221
-1940
2321
4180
1422
-1160
-119
3536
6119
5895
5465
5539
5183
3455
1548
2495
4812
6038
6255
5420
2493
-1755
-3177
-90
3565
3677
857
-2031
-3588
-4009
-3670
-2534
-1177
-872
-2201
-3942
-4634
-4306
-3361
-1683
-75
-111
-1495
-2098
-1208
-90
616
1484
2482
2760
1874
450
56
1594
3724
4398
3295
1256
-864
-1885
-1416
-931
-1505
-2347
-2927
-3997
-5777
-7361
-7858
-7386
-6782
-6402
-5996
-6116
-7417
-8413
-7379
-5768
-4849
-1242
6783
11253
3782
-7870
-6412
9159
19954
15061
6229
6690
11959
11832
7531
6581
9915
12404
11365
8331
4279
-726
-3248
489
6206
5019
-3373
-9844
-9180
-6154
-6637
-8988
-8293
-5479
-5652
-8947
-10786
-9862
-8190
-5944
-2780
-789
-1518
-3218
-3038
-239
3154
4613
4383
4702
5616
5110
3521
3594
5869
7921
8267
7663
6644
4689
2093
746
2155
4853
5282
2400
-734
-1678
-1712
-2289
-2484
-1931
-2133
-3451
-4498
-4856
-4964
-4453
-3268
-2699
-3225
-3666
-3405
-2894
-2149
-1000
23
549
596
242
-13
489
1801
3132
3884
3784
2544
694
-27
646
1117
865
179
-198
-1217
-3471
-5021
-5345
-4664
-4827
-6284
-6480
-6262
-7222
-8389
-8069
-6463
-6728
-7449
-2624
5388
6158
-3503
-10819
-2683
11856
15181
7964
3663
7644
11764
9781
7222
9015
12493
13487
11232
8485
5733
2448
1944
5136
7599
4993
-2101
-6711
-5625
-3687
-4524
-7024
-7429
-6339
-7297
-9525
-11092
-10925
-9159
-6691
-4435
-3917
-5241
-6410
-5362
-2361
332
1203
1300
2249
3563
3794
3168
3674
5966
8141
8403
7026
5398
4627
5276
6802
7350
5733
3438
2766
3374
2964
1054
-437
-475
-340
-1296
-2873
-3957
-4097
-3450
-2738
-3176
-5026
-6476
-5523
-2921
-1566
-2679
-4220
-3754
-1677
-365
-716
-1102
-46
1622
2270
1818
1418
1562
1863
2102
2355
2226
1258
216
351
1056
289
-2102
-3806
-3460
-2531
-2984
-4714
-6028
-5908
-5106
-4941
-5624
-6682
-7922
-8073
-4416
2293
4849
-1778
-10073
-7466
5068
12718
8013
854
2210
8655
10449
6879
5248
8779
12903
12944
9808
6757
4832
4011
5266
7928
8024
3386
-2019
-3092
-884
-539
-3364
-5590
-4918
-3993
-5967
-9563
-10801
-8517
-5803
-5541
-6863
-7544
-7421
-7086
-5826
-3416
-1406
-764
-630
-137
586
1262
2157
3835
6014
6992
5794
4146
4412
6415
8015
7956
6827
5743
5015
4322
3703
3534
3634
3244
1989
295
-1164
-2049
-2357
-2201
-1967
-2388
-3783
-5264
-5553
-4599
-3711
-3832
-4337
-4117
-3325
-2990
-3077
-2529
-1189
-25
383
253
-19
-9
497
1411
2304
2608
2051
1021
421
338
379
575
738
-103
-1815
-3028
-2984
-2427
-3088
-4129
-4445
-4325
-4106
-4800
-5225
-5499
-6612
-5635
-545
4956
2681
-7128
-10603
-922
10487
10569
1967
-1295
4732
9740
7746
3671
4603
9902
12159
9521
5883
3539
3146
4440
7265
9305
5951
-549
-3222
-865
1712
-52
-3656
-4019
-2395
-2419
-5312
-8737
-8612
-5611
-3475
-3789
-6216
-7843
-7285
-5719
-3500
-2258
-2323
-2708
-2481
-794
338
200
573
2371
4567
5141
3870
2358
2373
4435
7175
8176
6512
3940
2876
3812
5004
5138
4540
3786
2792
1396
-55
-929
-699
411
1073
-152
-2928
-4958
-4595
-3005
-2357
-2717
-2835
-2795
-3390
-4061
-3791
-2777
-1804
-1165
-846
-889
-1328
-1876
-1717
-447
856
851
-102
-555
-204
10
-281
-352
102
196
-715
-1968
-2581
-2349
-1709
-1435
-2106
-3268
-3916
-3746
-3207
-3207
-4593
-5769
-2821
3705
5663
-1898
-10249
-6947
5544
12112
6332
-1515
-789
5332
7542
4496
2507
5207
9160
9426
6025
2876
2027
2560
4168
6789
7483
3588
-1774
-2967
108
2316
838
-1910
-2788
-2125
-2460
-4664
-6528
-5604
-2829
-1680
-3456
-5750
-6281
-5460
-4216
-2539
-1054
-1052
-2276
-2978
-2254
-823
232
606
1022
2053
2656
1517
12
940
4016
5903
5263
4075
3554
2818
2078
3007
5222
6004
4232
1859
912
1179
1378
1216
1357
1731
1035
-1130
-2798
-2208
-709
-739
-1969
-2282
-1697
-2153
-3766
-4316
-2822
-1128
-1235
-2760
-3832
-3486
-2421
-1697
-1344
-940
-885
-1642
-2235
-1505
-252
-10
-497
-445
-30
-418
-1576
-2182
-1457
-248
-87
-1272
-2417
-2417
-1872
-1737
-2088
-3007
-4105
-2841
2231
6076
1904
-6995
-8635
764
9957
8256
87
-2839
1867
6236
4926
1851
2751
6557
7857
5196
2303
1832
2565
3258
4644
6134
4865
445
-2899
-1686
1877
2947
407
-2289
-2261
-1054
-1912
-4418
-4843
-2143
39
-1166
-3897
-4965
-4211
-3322
-2694
-1690
-720
-995
-2449
-3367
-2490
-633
520
606
473
416
27
-466
-106
1391
3069
3759
3208
2166
1568
1800
2696
3823
4560
4307
3081
1761
1396
2157
3173
3490
2891
1762
561
-263
-336
201
530
26
-971
-1765
-2295
-2855
-3235
-2939
-2209
-2026
-2859
-3991
-4477
-4091
-3075
-1823
-1096
-1525
-2639
-3178
-2527
-1301
-535
-515
-608
-368
-305
-878
-1404
-969
56
466
-153
-1101
-1646
-1679
-1347
-780
-495
-1446
-3437
-3853
-316
4492
4102
-2774
-8081
-4171
5037
8801
3976
-1907
-1907
2207
4764
4278
3559
4187
4616
3744
3027
3545
3680
2204
1354
3456
6047
4582
-456
-3441
-1258
2696
3518
830
-2015
-2758
-2161
-1800
-1816
-1548
-1271
-1874
-3029
-3386
-2802
-2632
-3197
-3044
-1557
-429
-1296
-3246
-3884
-2277
-2
767
-256
-1386
-1285
-400
280
739
1454
2194
2316
1856
1530
1779
2460
3281
4095
4533
3955
2456
1440
2158
3882
4584
3408
1555
571
667
1013
958
459
-222
-809
-1233
-1748
-2518
-3140
-3041
-2373
-2015
-2551
-3581
-4198
-3927
-3075
-2292
-2073
-2397
-2759
-2635
-2039
-1397
-1000
-811
-667
-480
-371
-424
-353
71
411
120
-489
-725
-584
-609
-885
-949
-717
-970
-2414
-4041
-3293
739
4417
2564
-4162
-8068
-3683
4540
7764
3905
-1136
-1986
711
3330
4346
4745
5014
4283
2710
2256
3555
4292
2947
1843
3473
5786
4720
432
-2523
-1192
2260
3738
2068
-556
-2085
-2630
-2771
-2003
-307
478
-1111
-3532
-4138
-2950
-2178
-2538
-2636
-1847
-1417
-2277
-3484
-3492
-2206
-1028
-932
-1251
-972
-506
-871
-1672
-1322
802
3403
4387
2788
26
-959
1219
4631
6347
5597
3660
1895
1145
1873
3629
4978
4744
3032
1012
-79
129
902
1241
957
406
-502
-1937
-3159
-3270
-2632
-2199
-2086
-2078
-2586
-3860
-5085
-4975
-3155
-904
-362
-2136
-4128
-3897
-1714
99
261
-436
-847
-789
-592
-398
-169
66
119
-233
-833
-1093
-908
-911
-1255
-1225
-902
-1655
-3655
-4303
-1273
3238
3821
-1304
-6771
-5956
669
6200
6016
2277
-602
-1168
-137
2306
5739
7819
6151
1915
-482
1528
5240
6139
3822
1963
2660
3817
2866
519
-666
137
1496
2002
1498
269
-1646
-3613
-3981
-1818
1055
1364
-1672
-5054
-5573
-3487
-1452
-1021
-1633
-2350
-3001
-3592
-3634
-2698
-1258
-434
-724
-1388
-1522
-1282
-1220
-905
494
2392
3031
1850
373
314
1705
3309
4228
4530
4434
3651
2152
1188
2270
4845
6257
4820
1861
-34
83
1149
1888
1986
1551
343
-1599
-3080
-2886
-1629
-1057
-1723
-2668
-3121
-3281
-3500
-3565
-3039
-2124
-1621
-1883
-2363
-2488
-2299
-1875
-989
128
512
-319
-1470
-1628
-632
411
491
-166
-708
-995
-1498
-2048
-1859
-976
-480
-1066
-2284
-3476
-4344
-4148
-1770
2042
3725
514
-5126
-7130
-2745
4087
7405
5672
1938
-767
-1515
37
3940
8148
9117
5648
901
-714
1733
5118
6298
5265
3787
2566
1244
141
267
1580
2491
1777
216
-619
-730
-1448
-2871
-3232
-1598
249
-104
-2512
-4581
-4779
-3800
-2777
-1842
-1049
-1256
-2911
-4745
-4799
-2766
-380
577
-67
-1278
-2174
-2414
-1688
177
2454
3589
2718
840
-98
790
2679
4244
4886
4676
3770
2453
1546
1989
3696
5196
4952
3060
1116
360
545
859
1140
1496
1359
29
-1972
-3140
-2761
-1665
-1061
-1256
-1889
-2686
-3480
-3842
-3373
-2274
-1313
-1107
-1654
-2449
-2877
-2564
-1590
-468
129
-150
-995
-1670
-1670
-1138
-567
-254
-233
-673
-1756
-2923
-3046
-1829
-421
-185
-1316
-2941
-4061
-4046
-2546
244
2815
2784
-513
-4258
-4593
-903
3731
6175
5810
3565
505
-1787
-1133
3144
8304
9931
6446
1089
-1507
7
3329
5781
6384
5195
2500
-579
-2005
-642
2060
3339
2129
-125
-1658
-2229
-2422
-2222
-1331
-375
-574
-2034
-3356
-3427
-2774
-2577
-2868
-2699
-1831
-1236
-1689
-2726
-3292
-2891
-1754
-403
516
444
-525
-1509
-1535
-393
1282
2571
2873
2254
1357
897
1221
2263
3635
4623
4480
3148
1650
1285
2277
3564
3963
3271
2136
1212
718
560
630
797
801
392
-375
-1168
-1726
-1985
-1902
-1510
-1167
-1358
-2082
-2717
-2742
-2354
-2121
-2135
-1971
-1483
-1196
-1594
-2325
-2521
-1836
-834
-350
-636
-1253
-1684
-1833
-1803
-1504
-860
-313
-561
-1629
-2633
-2708
-1878
-896
-430
-727
-1753
-3005
-3253
-1483
1460
3030
1593
-1516
-3259
-2010
1164
4094
5422
4794
2439
-435
-1569
592
4850
7842
7202
3774
424
-800
206
2509
4959
6114
4775
1328
-1911
-2574
-543
2078
3178
2312
318
-1779
-3079
-2896
-1368
238
537
-605
-2030
-2671
-2565
-2346
-2179
-1759
-1167
-1018
-1553
-2140
-2124
-1719
-1550
-1634
-1366
-541
177
117
-481
-760
-316
476
1145
1652
2092
2299
2066
1598
1451
1959
2886
3642
3752
3158
2228
1574
1646
2344
3013
2983
2159
1071
331
125
200
262
242
117
-296
-1115
-2041
-2496
-2209
-1550
-1199
-1511
-2255
-2898
-3087
-2804
-2299
-1877
-1696
-1708
-1802
-1914
-2009
-1992
-1729
-1215
-714
-591
-933
-1398
-1558
-1273
-778
-480
-667
-1221
-1658
-1575
-1090
-714
-763
-1097
-1443
-1719
-1844
-1491
-439
839
1304
390
-1204
-2064
-1351
608
2771
4017
3612
1676
-541
-1251
389
3294
5309
5158
3370
1348
117
40
1103
2906
4470
4596
2907
446
-1105
-840
751
2354
2862
1997
324
-1169
-1687
-1207
-439
-72
-185
-495
-931
-1625
-2444
-2816
-2297
-1287
-809
-1325
-2134
-2273
-1730
-1321
-1505
-1778
-1374
-292
645
717
77
-463
-254
678
1780
2458
2492
2139
1867
1929
2192
2420
2608
2893
3188
3092
2354
1335
817
1202
1982
2192
1418
224
-528
-571
-360
-414
-780
-1165
-1358
-1429
-1579
-1889
-2173
-2156
-1824
-1534
-1629
-1989
-2152
-1882
-1433
-1230
-1375
-1618
-1655
-1392
-980
-683
-694
-983
-1301
-1368
-1106
-702
-447
-520
-877
-1319
-1622
-1646
-1392
-1014
-739
-734
-1017
-1502
-2038
-2343
-2035
-970
347
959
288
-1140
-2091
-1720
-266
1337
2334
2521
2051
1198
404
249
1100
2673
4130
4617
3841
2294
1009
914
2059
3479
4004
3349
2271
1602
1400
1225
901
731
979
1304
1085
200
-780
-1158
-915
-688
-926
-1473
-1816
-1605
-1127
-1012
-1520
-2303
-2703
-2325
-1432
-657
-427
-704
-1115
-1314
-1168
-715
-70
608
1074
1115
779
418
414
864
1524
2058
2244
2051
1631
1270
1227
1508
1851
1955
1730
1340
1034
928
915
790
498
197
47
-3
-107
-286
-439
-565
-806
-1203
-1536
-1532
-1208
-908
-969
-1397
-1838
-1924
-1628
-1259
-1126
-1226
-1312
-1243
-1132
-1164
-1310
-1332
-1081
-716
-570
-791
-1143
-1264
-1081
-891
-981
-1268
-1433
-1331
-1155
-1167
-1382
-1587
-1592
-1419
-1255
-1263
-1427
-1540
-1356
-827
-204
137
24
-333
-520
-255
426
1253
1905
2163
2025
1712
1503
1553
1852
2336
2909
3338
3328
2783
2006
1541
1696
2256
2652
2476
1826
1168
918
1080
1221
988
454
13
3
268
337
46
-350
-542
-494
-503
-770
-1090
-1112
-737
-309
-347
-959
-1645
-1762
-1187
-478
-276
-664
-1138
-1158
-704
-242
-168
-390
-445
-75
469
732
607
434
584
1023
1390
1414
1199
1095
1315
1703
1871
1617
1162
896
974
1173
1164
865
478
240
186
131
-103
-487
-800
-872
-791
-796
-992
-1280
-1430
-1380
-1337
-1445
-1625
-1695
-1510
-1203
-1055
-1154
-1398
-1556
-1437
-1109
-823
-767
-898
-1006
-970
-877
-860
-911
-897
-769
-661
-738
-988
-1199
-1171
-958
-816
-901
-1081
-1106
-925
-747
-775
-969
-1086
-945
-582
-205
18
89
131
199
229
200
262
638
1300
1862
1927
1522
1121
1137
1546
1977
2108
2091
2121
2247
2275
2076
1790
1661
1769
1986
2062
1752
1457
1360
1461
1458
1151
582
185
139
369
514
290
-171
-586
-810
-888
-994
-1152
-1240
-1167
-1039
-1051
-1278
-1534
-1591
-1388
-1092
-902
-852
-833
-731
-518
-284
-125
-49
40
231
503
745
887
944
970
978
977
996
1050
1119
1148
1080
925
729
539
380
239
161
74
-23
-163
-372
-559
-640
-680
-748
-815
-983
-1033
-1002
-939
-949
-946
-941
-904
-921
-957
-987
-953
-799
-615
-503
-531
-713
-840
-770
-562
-409
-450
-610
-651
-526
-405
-460
-657
-777
-697
-545
-551
-759
-946
-899
-687
-595
-794
-1104
-1179
-929
-618
-566
-776
-934
-804
-496
-294
-274
-235
5
367
585
524
428
610
1087
1562
1744
1659
1564
1641
1861
1998
1966
1975
2129
2257
2208
1976
1757
1741
1830
1773
1512
1208
1045
1013
947
745
472
261
131
-14
-236
-477
-607
-585
-532
-621
-874
-1113
-1152
-1012
-892
-925
-1032
-1038
-884
-704
-644
-693
-706
-559
-317
-161
-177
-252
-198
14
236
301
215
141
201
351
432
360
-749
-815
-984
-1033
-1002
-939
-950
-946
-941
-905
-922
-957
-987
-953
-800
-615
-503
-531
-713
-841
-768
-561
-410
-450
-611
-651
-526
-405
-460
-657
-778
-697
-545
-550
-759
-946
-899
-686
-596
-793
-1103
-1179
-928
-617
-566
-776
-934
-804
-495
-293
-274
-235
4
367
585
524
427
609
1088
1563
1746
1659
1564
1642
1860
1999
1967
1975
2129
2258
2208
1975
1756
1742
1829
1774
1512
1207
1045
1013
948
745
472
261
131
-14
-236
-477
-607
-585
-532
-622
-874
-1113
-1151
-1011
-893
-925
-1033
-1037
-884
-704
-643
-694
-706
-559
-318
-160
-177
-252
-197
14
236
301
215
142
200
351
433
360
224
167
268
437
473
304
77
-30
71
221
182
4
-103
-50
87
106
-54
-240
-299
-190
-23
36
-64
-206
-235
-138
-68
-147
-353
-535
-572
-496
-438
-515
-680
-771
-697
-520
-396
-428
-511
-494
-374
-256
-267
-416
-555
-582
-531
-503
-573
-692
-753
-703
-604
-556
-619
-738
-794
-713
-554
-465
-533
-677
-717
-568
-351
-270
-383
-532
-514
-302
-83
-62
-204
-283
-154
89
208
77
-120
-127
87
334
386
204
21
63
302
481
406
171
45
165
406
506
365
160
126
297
476
467
295
169
247
460
593
528
374
328
456
624
661
564
475
511
641
732
711
634
587
587
600
604
586
560
536
494
429
381
376
371
294
162
68
60
102
76
-59
-193
-229
-161
-116
-220
-389
-481
-457
-333
-257
-352
-512
-570
-471
-313
-278
-402
-530
-494
-292
-124
-157
-323
-395
-250
-17
70
-53
-219
-208
-1
195
175
-27
-176
-107
83
151
-1
-219
-283
-159
-27
-67
-271
-457
-475
-359
-294
-398
-599
-712
-646
-511
-488
-621
-779
-804
-667
-512
-502
-631
-724
-645
-442
-289
-314
-459
-512
-358
-124
-20
-97
-208
-170
40
240
248
95
-7
99
331
453
341
134
80
251
449
442
230
38
67
274
414
321
87
-39
78
300
374
221
20
2
194
410
449
311
184
249
474
657
640
498
443
583
813
927
850
697
647
773
953
1000
847
626
568
698
832
788
542
300
265
376
478
395
80
-129
-70
82
106
-102
-356
-434
-277
-108
-145
-356
-519
-426
-200
-73
-175
-365
-373
-179
33
51
-94
-198
-123
80
195
119
-31
-71
37
163
161
28
-90
-85
-3
27
-54
-177
-241
-218
-181
-205
-288
-373
-403
-377
-351
-372
-433
-496
-517
-481
-425
-425
-477
-526
-524
-469
-406
-404
-469
-516
-474
-378
-329
-382
-470
-462
-338
-229
-241
-341
-403
-331
-173
-90
-164
-279
-270
-122
23
19
-111
-184
-73
120
193
84
-47
-19
167
318
282
125
52
171
366
425
294
138
150
321
451
394
225
138
220
363
390
258
108
90
199
280
210
47
-46
15
128
140
27
-100
-117
-12
80
42
-86
-154
-76
62
112
44
-60
-57
83
213
216
111
29
98
270
363
292
136
79
200
354
355
186
16
26
180
262
142
-78
-186
-99
47
37
-164
-366
-364
-199
-97
-199
-418
-521
-395
-205
-177
-334
-508
-484
-286
-143
-191
-365
-459
-354
-166
-91
-209
-386
-424
-283
-128
-144
-343
-511
-459
-324
-250
-341
-576
-694
-605
-438
-418
-614
-826
-852
-679
-523
-577
-799
-942
-835
-578
-460
-592
-784
-799
-551
-275
-238
-413
-544
-405
-78
142
64
-144
-168
92
408
476
273
88
190
509
724
630
367
268
480
787
861
645
408
438
720
947
870
611
493
660
946
1048
864
652
686
931
1157
1160
976
874
996
1221
1349
1276
1106
1065
1217
1414
1467
1330
1167
1159
1315
1451
1409
1219
1074
1113
1270
1334
1191
964
873
978
1107
1057
838
654
663
795
843
705
506
428
507
600
565
419
299
302
374
404
338
227
166
172
212
198
134
55
-9
-14
-15
-31
-96
-173
-231
-286
-283
-308
-349
-391
-488
-522
-502
-499
-530
-620
-679
-675
-638
-639
-697
-747
-772
-749
-714
-716
-757
-807
-803
-742
-681
-690
-760
-805
-765
-670
-628
-682
-767
-784
-709
-631
-637
-720
-778
-740
-644
-608
-673
-758
-754
-665
-607
-650
-734
-760
-695
-632
-651
-722
-763
-722
-661
-662
-719
-775
-757
-705
-687
-733
-801
-812
-769
-727
-755
-822
-860
-833
-769
-762
-804
-861
-856
-791
-736
-730
-781
-803
-756
-667
-607
-625
-667
-658
-564
-458
-426
-470
-503
-441
-318
-234
-248
-309
-308
-213
-95
-55
-107
-164
-131
-20
71
62
-18
-56
4
114
169
112
25
7
84
182
183
99
18
28
116
176
141
43
-18
24
116
153
87
-7
-20
70
164
173
103
52
99
216
303
295
236
223
307
430
495
467
416
428
520
621
647
591
536
557
638
702
673
585
537
559
629
638
573
489
445
485
533
526
447
358
350
406
451
419
335
284
308
371
394
342
275
269
314
366
343
265
234
266
316
314
251
211
198
186
187
163
113
100
121
127
89
32
21
52
69
44
-14
-40
0
48
41
-17
-52
-19
47
71
24
-35
-25
47
105
83
8
-27
24
102
115
45
-28
-24
43
87
47
-37
-84
-65
-9
0
-63
-138
-166
-141
-100
-109
-171
-228
-242
-215
-183
-194
-243
-286
-294
-270
-248
-252
-279
-320
-342
-314
-267
-254
-301
-375
-378
-295
-232
-253
-341
-405
-359
-247
-191
-247
-361
-398
-299
-158
-130
-248
-369
-339
-169
-34
-90
-260
-325
-203
-8
54
-82
-231
-211
-36
122
87
-85
-170
-69
128
187
51
-89
-78
76
200
153
-12
-82
11
149
182
58
-62
-57
61
155
89
-33
-103
-26
127
99
-19
-73
-53
33
58
-11
-82
-85
-16
33
5
-64
-81
-32
24
14
-46
-61
-9
46
41
-7
-40
2
74
98
46
-13
17
89
143
115
37
20
82
172
182
105
38
58
153
207
170
88
57
101
167
185
129
71
64
97
145
140
79
31
37
84
91
68
27
-7
13
23
22
18
-18
-46
-52
-31
-9
-22
-60
-90
-88
-53
-22
-41
-86
-112
-88
-27
-4
-52
-111
-98
-31
28
7
-57
-90
-49
47
64
20
-47
-36
41
101
83
16
-5
46
121
124
73
23
52
117
147
103
54
51
104
145
115
61
41
83
138
115
51
7
47
111
105
56
-25
-21
62
107
56
-37
-72
-5
72
75
-19
-107
-75
28
74
12
-102
-129
-31
62
44
-63
-144
-93
29
69
-12
-120
-140
-37
66
42
-76
-136
-92
28
60
-1
-101
-116
-23
68
44
-50
-108
-63
43
69
5
-76
-71
3
73
39
-33
-64
-9
53
55
-1
-52
-30
31
72
7
-44
-40
10
56
29
-24
-59
4
39
50
-4
-43
-16
45
62
29
-27
-20
34
81
59
1
-19
22
77
76
18
-19
1
62
75
42
-12
-17
29
71
63
-5
-26
1
70
66
26
-25
-9
47
76
50
-2
-8
33
71
72
23
8
16
72
72
37
1
12
55
109
53
19
12
52
72
75
27
9
27
60
78
49
1
9
60
88
61
18
0
38
78
78
36
5
21
65
76
45
1
-2
38
70
53
7
-15
13
55
59
19
-15
-5
38
60
35
-3
-9
25
51
49
11
-11
7
37
54
19
-9
-11
17
45
29
2
-18
-6
20
21
10
-17
-19
0
20
21
-10
-20
-14
21
20
4
-26
-22
-3
19
7
-22
-38
-20
5
7
-22
-47
-39
-11
5
-20
-48
-56
-24
-3
-9
-46
-63
-40
-11
-3
-36
-55
-55
-17
-6
-19
-53
-56
-29
-4
-8
-45
-56
-42
-5
-6
-29
-54
-38
-11
4
-16
-37
-34
-7
17
11
-15
-28
-11
20
27
12
-11
-5
14
30
21
9
2
17
30
32
15
7
11
30
30
23
9
14
20
24
15
10
11
14
12
3
1
4
5
-4
-9
-10
-5
-7
-15
-22
-24
-18
-14
-18
-31
-33
-27
-15
-20
-32
-38
-24
-16
-18
-29
-32
-30
-19
-12
-14
-29
-25
-14
-9
-7
-13
-12
-9
2
8
3
7
4
17
22
21
22
22
33
33
32
33
33
39
43
37
32
37
45
45
32
29
38
39
39
32
26
23
24
34
27
16
8
7
21
10
0
-7
-9
2
-7
-12
-22
-29
-18
-19
-24
-37
-47
-41
-32
-30
-45
-70
-65
-44
-34
-49
-75
-76
-61
-42
-43
-69
-81
-68
-45
-34
-51
-73
-76
-48
-22
-35
-54
-61
-54
-31
-13
-26
-51
-54
-28
-3
-10
-33
-47
-32
0
4
-13
-32
-27
-6
9
10
-13
-24
-6
17
22
7
-7
-8
7
32
32
7
-4
7
28
40
34
19
16
23
49
65
37
19
34
58
74
66
42
34
51
80
90
66
49
59
78
94
88
67
61
76
97
105
85
59
63
89
107
97
71
57
68
91
95
72
53
53
61
78
79
52
33
43
64
62
38
20
13
24
45
36
8
-9
-11
9
19
-1
-21
-31
-22
2
-4
-29
-43
-49
-44
-36
-42
-56
-59
-58
-52
-48
-53
-66
-67
-49
-42
-53
-62
-64
-63
-55
-49
-51
-59
-65
-60
-55
-55
-57
-68
-68
-51
-59
-69
-63
-73
-77
-68
-68
-74
-79
-85
-83
-86
-86
-85
-93
-99
-97
-94
-96
-98
-103
-105
-104
-96
-105
-102
-106
-108
-92
-87
-92
-94
-93
-88
-55
-69
-70
-73
-62
-46
-37
-45
-40
-33
-28
-8
-9
0
-6
7
20
37
27
31
27
46
57
63
52
55
53
72
76
80
66
73
67
88
82
81
70
72
71
80
73
65
63
61
66
65
58
49
52
49
58
50
43
40
41
42
46
40
37
35
34
41
49
36
39
36
47
52
51
46
45
57
58
69
61
60
58
72
78
77
72
64
79
85
83
82
76
77
81
91
81
85
68
70
75
76
70
62
57
53
56
52
49
41
29
29
26
22
15
3
-4
0
-7
-18
-26
-38
-40
-33
-42
-58
-63
-72
-70
-68
-79
-89
-99
-102
-116
-110
-115
-133
-139
-144
-129
-129
-139
-165
-165
-150
-149
-143
-168
-177
-175
-164
-152
-160
-177
-188
-172
-171
-158
-168
-195
-182
-182
-160
-154
-177
-185
-186
-160
-157
-160
-174
-174
-165
-149
-147
-151
-158
-164
-148
-129
-129
-136
-142
-135
-115
-97
-101
-113
-105
-98
-77
-56
-59
-69
-60
-46
-23
14
-7
-10
0
21
47
52
46
43
65
89
95
103
92
96
117
135
153
147
138
145
161
189
199
183
173
181
203
224
223
203
202
210
234
236
229
213
206
220
234
233
216
205
197
215
223
221
199
177
178
200
208
192
167
153
159
176
172
158
125
122
142
146
134
117
86
85
116
122
108
72
48
63
92
98
72
29
26
53
74
66
31
7
12
35
59
28
-1
-14
0
17
33
-3
-25
-34
-16
6
4
-27
-52
-52
-25
-9
-28
-55
-71
-59
-32
-22
-52
-82
-83
-54
-37
-40
-71
-100
-94
-59
-36
-56
-95
-108
-85
-47
-45
-80
-101
-74
-74
-48
-48
-77
-96
-80
-60
-40
-48
-84
-93
-74
-49
-35
-56
-78
-89
-56
-40
-43
-58
-83
-77
-57
-29
-52
-68
-89
-74
-41
-42
-56
-86
-91
-65
-46
-49
-74
-98
-87
-66
-53
-64
-90
-101
-89
-67
-61
-79
-101
-106
-88
-67
-72
-87
-110
-113
-85
-66
-73
-93
-117
-102
-63
-77
-86
-87
-98
-97
-72
-71
-79
-91
-94
-80
-72
-69
-77
-87
-85
-76
-63
-64
-77
-82
-78
-72
-60
-64
-70
-82
-82
-63
-60
-58
-73
-82
-75
-75
-52
-62
-87
-81
-79
-70
-64
-72
-84
-99
-88
-68
-72
-87
-98
-98
-87
-72
-74
-90
-103
-96
-81
-73
-77
-101
-107
-92
-77
-83
-84
-97
-98
-88
-64
-66
-79
-89
-89
-50
-51
-48
-62
-66
-58
-32
-22
-23
-34
-40
-20
-3
9
5
-9
1
11
35
41
31
26
28
54
63
66
56
55
62
77
86
85
76
72
83
95
101
90
87
83
96
100
101
96
89
86
96
102
104
94
84
89
88
108
95
99
72
76
77
88
88
73
60
56
66
73
69
58
44
49
52
65
53
45
34
36
46
49
48
36
27
28
38
51
46
31
20
29
42
55
41
33
21
33
48
52
45
29
26
41
48
55
39
32
30
43
49
52
35
29
27
43
49
46
25
20
23
41
43
36
15
5
18
33
32
23
-8
-6
2
17
14
-8
-28
-27
-18
-3
-18
-31
-51
-46
-31
-27
-39
-60
-69
-62
-45
-51
-61
-86
-80
-77
-57
-72
-77
-95
-90
-82
-77
-69
-93
-95
-94
-82
-70
-78
-90
-90
-89
-69
-72
-74
-82
-86
-70
-57
-48
-65
-60
-58
-46
-16
-35
-26
-32
-31
-10
-2
-2
0
-3
-3
14
25
18
26
16
27
43
40
43
38
40
49
57
57
57
52
51
58
65
61
62
53
52
62
60
56
58
49
43
57
46
50
44
31
39
30
40
28
21
18
16
12
21
1
2
1
-6
-6
-1
-12
-15
-21
-26
-7
-25
-24
-25
-35
-39
-27
-30
-32
-37
-44
-37
-39
-37
-34
-42
-44
-37
-35
-37
-38
-42
-40
-34
-38
-30
-35
-37
-34
-25
-25
-23
-25
-21
-17
-16
-14
-13
-11
-14
-7
-3
-1
-5
-5
-1
4
7
7
8
4
7
12
17
13
10
11
14
14
15
15
8
7
11
11
11
6
10
9
7
7
8
4
7
2
4
3
-2
-4
0
-6
-7
-7
-7
-13
-10
-12
-11
-13
-11
-15
-15
-14
-16
-16
-17
-16
-18
-16
-18
-18
-24
-18
-22
-17
-24
-21
-26
-21
-26
-24
-23
-22
-21
-23
-22
-22
-25
-22
-27
-16
-21
-24
-14
-24
-23
-24
-21
-25
-36
-27
-29
-36
-37
-39
-39
-33
-38
-43
-40
-36
-34
-36
-32
-30
-37
-33
-36
-39
-38
-37
-38
-38
-45
-43
-44
-51
-42
-44
-50
-48
-48
-47
-47
-47
-43
-38
-38
-41
-37
-35
-34
-36
-38
-32
-34
-36
-41
-42
-36
-33
-36
-39
-34
-37
-37
-28
-28
-36
-34
-26
-29
-25
-29
-28
-14
-20
-16
-11
-11
-6
-5
-9
-9
-8
-9
-7
-9
-11
-8
-8
-13
-15
-11
-5
-3
-4
1
8
13
14
10
21
24
21
25
26
28
24
22
24
23
25
23
20
27
26
19
18
25
28
24
23
32
39
33
33
45
44
43
47
47
44
46
45
52
48
32
38
45
32
34
36
31
35
36
35
38
34
35
44
46
43
44
49
47
43
44
44
42
43
39
37
33
27
27
27
24
24
22
20
25
28
20
17
25
26
21
24
26
25
30
24
23
26
18
20
21
9
8
12
7
3
-3
-4
-2
-1
-5
-9
-1
9
-2
-2
5
-3
-2
3
3
2
-3
-1
4
-1
-6
-6
-11
-15
-13
-12
-18
-22
-25
-29
-28
-21
-22
-22
-22
-22
-19
-21
-21
-16
-16
-17
-18
-22
-20
-21
-23
-22
-27
-31
-29
-30
-31
-33
-36
-31
-28
-33
-33
-32
-29
-26
-23
-24
-22
-18
-21
-23
-20
-21
-18
-19
-21
-20
-20
-24
-27
-26
-27
-26
-29
-28
-29
-29
-25
-26
-24
-22
-23
-19
-18
-18
-16
-17
-17
-15
-14
-14
-14
-19
-18
-20
-24
-23
-23
-24
-24
-26
-25
-23
-23
-21
-17
-10
-8
-12
-9
-8
-7
-6
-9
-8
-6
-9
-9
-11
-8
-13
-19
-11
-12
-18
-14
-20
-12
11
7
1
6
1
5
7
3
4
6
4
3
3
6
6
2
6
4
2
4
3
4
11
11
8
9
9
7
6
8
7
8
8
8
9
8
9
9
8
7
7
8
9
8
8
8
8
7
7
7
7
8
9
9
6
10
6
9
8
8
8
9
14
9
18
11
11
14
8
10
12
12
14
12
12
10
12
13
13
12
12
13
11
12
12
12
12
12
12
12
12
13
13
12
12
14
13
12
13
13
12
13
11
10
13
11
8
5
6
9
8
7
6
8
7
8
8
8
9
6
9
9
10
9
6
7
7
9
-1
2
-2
3
-1
1
-3
1
-2
0
0
0
-1
-1
-1
-1
-1
0
0
1
1
0
-3
-3
-5
-4
-4
-3
-4
-3
-4
-5
-4
-3
-3
-4
-3
-3
-3
-4
-4
-5
-4
-4
-5
-4
-4
-4
-4
-4
-4
-4
-4
-2
-2
-5
-2
-3
-5
-5
-3
-7
-7
-4
-11
-9
-6
-6
-8
-16
-8
-4
-7
-8
-13
-8
-8
-5
-6
-10
-11
-8
-6
-6
-7
-13
-7
-8
-8
-3
-10
-8
-11
-9
-3
-8
-9
-12
-7
-3
-10
-8
-10
-11
-4
-7
-7
-8
-13
-9
-2
-7
-10
-10
-9
-8
-6
-7
-11
-13
-7
-5
-2
-7
-13
-10
-7
-7
-15
-18
-13
-14
-17
-15
-13
-13
-17
-17
-12
-10
-13
-18
-21
-17
-13
-11
-12
-14
-14
-14
-11
-13
-17
-18
-15
-12
-13
-15
-17
-15
-12
-12
-14
-16
-15
-15
-13
-12
-13
-16
-18
-15
-13
-12
-15
-16
-14
-11
-11
-13
-16
-17
-17
-15
-11
-12
-15
-14
-10
-13
-14
-14
-16
-17
-14
-10
-14
-15
-11
-10
-11
-10
-14
-16
-16
-19
-17
-16
-21
-20
-12
-11
-16
-21
-18
-12
-14
-18
-11
-13
-18
-16
-16
-12
-8
-15
-14
-10
-13
