-13.1184
-11.592
3.67194
6.87737
7.64056
11.7618
15.5778
26.8731
37.5579
37.8632
46.8689
48.09
35.5736
16.341
6.26681
21.3781
10.2354
-4.87587
-4.87587
-8.23393
-4.72323
10.2354
12.6777
10.0828
14.9673
21.836
20.6149
27.0258
20.9202
7.7932
0.161234
-24.1084
-27.0086
-26.7033
-12.3552
8.09848
-3.96003
6.57209
-1.5178
2.90874
3.36666
4.89305
8.70904
21.0728
21.6834
18.1727
15.8831
-4.41795
0.00859423
-12.2026
0.00859423
-19.9872
-36.4722
-37.0828
-42.8831
-42.1199
-44.2568
-33.4194
-23.04
-9.60769
-5.02851
0.771791
4.2825
-12.0499
-24.1084
-10.5235
-8.99713
-7.3181
-10.3709
-10.8288
-14.0342
-34.3353
-46.5464
-53.2626
-61.6577
-50.973
-18.7661
-4.41795
-9.45505
-4.11267
-18.7661
-26.2454
-39.6776
-43.7989
-38.3039
-42.2725
-29.7561
-22.582
-25.1769
-33.1142
-31.2825
-35.709
-34.1826
-23.4979
-28.2297
-24.1084
-30.214
-29.6034
-39.6776
-31.7404
-20.2924
-13.1184
-14.3395
-2.281
3.06138
-8.69185
1.53499
-13.729
-29.4508
-12.0499
-2.89155
-1.05988
-5.94434
-2.281
9.01432
-3.04419
-15.408
-11.592
-8.53921
-4.41795
7.64056
1.07707
4.43514
2.60346
-21.8188
-38.7618
-43.341
-41.204
-12.8131
-11.2867
20.3096
45.6478
36.0315
34.3525
12.9829
2.7561
-0.449324
0.619152
0.619152
-5.02851
-18.0029
-22.7347
-37.6933
-49.7518
-55.8574
-58.2997
-58.9102
-38.3039
-39.2197
2.60346
27.1784
22.5992
40.3054
33.4366
20.4623
23.6677
33.284
31.6049
19.3938
39.6948
57.2484
44.1214
35.7262
29.468
22.4466
16.9516
9.3196
7.33529
-19.0713
-26.5507
-29.6034
-49.7518
-43.7989
-52.0414
-45.1727
-45.9359
-44.2568
-22.8873
-11.7446
5.80889
12.9829
20.9202
31.4523
34.5051
32.3681
43.5108
26.5678
12.525
10.5407
-3.04419
-7.01282
-27.6191
-38.6092
-54.331
-66.3895
-72.3425
-65.9316
-80.4324
-94.3226
-93.712
-80.585
-78.7533
-55.8574
-29.2982
-28.6876
2.60346
3.5193
9.01432
-5.33378
-3.96003
-6.09698
-21.2083
-8.38657
-6.5549
16.1884
23.0571
32.6734
12.2197
-0.601963
-12.3552
-8.99713
-6.5549
-16.9344
-6.40226
-10.6762
0.924431
5.19833
7.33529
-7.77601
-22.1241
-28.0771
-39.8303
-18.0029
-5.02851
9.3196
20.6149
18.9359
7.94584
-0.601963
-13.4237
-18.1555
-24.5663
-21.8188
-5.63906
-10.0656
-0.449324
2.29819
8.40376
-11.8973
-18.1555
-4.11267
-3.80739
28.3995
40.6107
53.585
48.5479
35.8789
15.8831
-1.36516
-5.63906
-7.77601
12.3724
8.40376
19.3938
9.16696
-6.5549
-8.08129
-20.2924
-27.9244
-12.3552
-14.4921
-10.5235
0.466512
-6.24962
-18.9187
-34.6405
-30.9772
-23.9558
-24.4137
13.1356
21.5307
31.2997
27.0258
26.7205
30.6891
21.9887
25.8047
28.7048
13.7461
6.72473
-5.63906
-28.8403
-31.2825
-41.204
-41.662
-34.03
-30.5193
-35.709
-31.7404
-29.6034
-28.9929
-29.4508
-27.9244
-11.2867
-8.38657
-5.7917
1.07707
-8.53921
-13.8816
-13.729
-6.09698
1.07707
6.41945
8.09848
3.06138
3.97722
-1.82308
-18.4608
-30.6719
-19.8345
-21.0556
-4.72323
2.14555
22.1413
26.5678
39.0843
57.5536
56.0273
65.9488
48.3953
43.6635
27.6363
25.9573
22.1413
21.6834
41.8318
40.0001
39.2369
47.9374
44.1214
41.0686
46.5636
45.1899
41.9844
23.5151
19.5464
29.0101
29.1627
25.4994
21.3781
22.1413
22.4466
29.7733
37.4052
45.8004
52.0586
61.5223
61.217
60.7591
59.8432
60.7591
67.3226
54.0429
53.2797
39.5422
39.0843
33.5893
0.771791
11.1513
21.3781
14.3567
28.5522
34.963
42.1371
50.3796
39.3896
27.789
12.6777
9.01432
0.00859423
0.619152
20.157
38.779
40.0001
35.7262
45.1899
35.4209
20.0044
8.25112
-3.34947
-5.02851
5.04569
20.6149
19.0885
24.1256
19.2412
38.3211
43.8161
35.4209
52.9745
42.1371
51.6007
48.3953
40.0001
30.6891
23.6677
41.9844
23.6677
17.4095
26.7205
28.7048
21.0728
5.96153
2.45082
-1.05988
0.771791
-10.8288
-3.65475
-9.30241
-28.3823
-23.8032
-39.8303
-45.4779
-46.0885
-41.8146
-20.1398
8.40376
16.1884
50.5322
76.1757
72.207
71.4438
49.6164
43.6635
28.0942
3.36666
-12.3552
-18.7661
-24.5663
-13.5763
-18.3081
-8.38657
-2.73891
-8.38657
-32.1983
-54.331
-61.0472
-67.9159
-51.8888
-40.4408
-37.6933
-34.7932
-24.2611
-11.7446
-12.8131
-3.65475
-5.94434
-21.2083
-27.1612
-37.3881
-43.4936
-30.3666
-19.224
-19.5292
4.2825
22.9045
19.6991
26.5678
4.74042
-0.449324
-7.16546
-15.1027
-16.0185
-12.8131
-9.45505
-2.89155
5.35097
-6.40226
-5.63906
0.00859423
8.5564
23.2098
40.458
38.0158
43.3582
38.9316
23.5151
25.0415
22.2939
13.7461
25.8047
14.0514
13.1356
2.45082
-8.23393
-3.04419
-7.3181
-9.14977
-5.63906
18.478
18.02
35.4209
42.9003
43.5108
70.2227
70.528
69.9174
52.9745
55.4167
52.3639
32.8261
25.8047
16.6463
1.68763
15.5778
10.2354
5.35097
5.04569
-5.33378
-9.30241
-33.7247
-27.6191
-22.582
-21.9715
-59.3681
-63.3368
-58.6049
-64.4052
-78.2954
-99.0544
-79.6692
-68.9844
0.771791
72.0544
165.775
141.353
-67.3054
-288.327
-335.34
-159.5
33.1313
134.331
112.962
47.3268
-70.6634
-81.0429
23.3624
21.9887
-50.515
-91.1171
-143.167
-99.8176
113.572
229.426
105.482
-142.404
-280.085
-234.751
-112.181
-11.7446
102.735
174.475
50.0743
-127.445
-227.882
-203.154
-120.882
-12.6605
37.5579
-11.7446
-80.7376
-101.955
-24.719
74.6493
124.562
117.083
81.3654
85.9446
193.708
349.248
421.141
315.514
178.597
130.21
201.34
317.651
330.778
147.458
-121.034
-239.177
-149.731
15.2725
84.8761
28.3995
-47.3096
-183.922
-206.665
-169.116
-211.855
-264.821
-294.891
-260.852
-134.314
58.7748
142.574
40.7633
-70.2055
-72.3425
-6.24962
98.9189
188.518
283.765
294.755
272.775
203.63
111.435
53.8903
22.4466
-2.89155
2.45082
105.635
228.51
322.078
292.618
213.551
149.748
91.7449
62.1328
23.2098
11.3039
4.58778
-2.89155
0.619152
1.99291
2.45082
-27.3139
-92.9488
-190.027
-199.949
-120.577
-74.0215
-1.5178
49.1585
23.8203
-61.963
-104.397
-123.324
-108.213
-77.2269
-93.1014
-108.365
-103.634
-63.9473
-39.8303
41.2212
86.2499
53.7377
-13.1184
-3.04419
60.1485
98.6136
102.888
68.0858
-22.582
-107.907
-133.856
-92.9488
-99.0544
-195.522
-254.747
-268.179
-230.63
-136.756
-114.471
-202.544
-237.651
-247.42
-235.667
-191.096
-120.119
-164.995
-186.669
-125.461
-81.0429
13.5935
33.7419
-6.70754
8.25112
112.504
241.789
341.31
349.4
224.541
111.741
93.1186
42.1371
-7.92865
-48.6834
-130.498
-126.377
-29.1455
5.04569
-22.582
-22.2768
-84.401
-169.879
-138.588
-38.1513
25.0415
104.719
131.736
52.8218
-14.3395
0.161234
-12.5078
-7.47074
78.7705
110.367
138.147
201.035
245.453
235.073
213.246
181.497
152.19
195.998
241.179
219.809
157.227
83.0444
18.478
-18.6134
-21.3609
-37.846
-72.6478
-81.3482
-100.275
-96.4595
-10.5235
94.3397
125.631
120.899
139.368
144.1
181.649
203.324
182.107
183.176
199.203
184.092
156.311
191.418
220.725
201.798
202.714
201.645
215.841
226.525
221.03
179.207
136.468
84.2655
28.7048
-7.3181
-20.1398
-56.3153
-117.676
-127.293
-128.056
-65.779
-12.9658
-40.5935
-48.5307
-39.525
-2.58628
2.14555
6.26681
25.3467
22.7519
6.72473
46.411
85.6393
127.768
116.472
43.8161
12.8303
70.6806
128.531
137.231
118.457
64.8803
13.4409
-19.3766
-44.8674
-63.4894
-74.3268
-86.9959
-59.2155
11.3039
62.1328
102.888
100.903
47.7847
13.1356
-4.11267
-23.1926
-4.87587
21.9887
43.9687
67.7805
82.4339
103.498
44.8846
-25.6348
-67.6107
-63.1841
-52.0414
-21.9715
47.3268
113.572
153.106
153.106
105.635
56.4852
54.5009
75.2598
110.062
147.764
122.883
43.2055
2.45082
6.26681
20.0044
20.157
29.9259
3.82458
-12.0499
13.1356
3.82458
-18.4608
-91.575
-108.671
-77.9901
-42.7304
-47.6149
-80.4324
-75.3953
-78.4481
-67.6107
-49.4466
-30.6719
-15.1027
6.41945
33.284
63.3539
102.735
80.6022
-23.3452
-102.412
-127.598
-82.4167
-36.7775
5.80889
19.2412
16.6463
7.33529
-18.3081
-28.535
-48.5307
-60.284
-52.1941
7.03001
58.3168
82.8918
94.645
50.5322
-19.8345
-83.0272
-90.3539
-32.351
30.9944
51.906
18.7832
-11.4394
7.7932
23.3624
28.5522
7.64056
-38.6092
-79.3639
-61.8104
11.3039
56.1799
49.6164
32.0629
18.7832
7.64056
47.0215
95.8661
96.0188
29.9259
-8.84449
-29.2982
19.3938
63.0487
33.284
-56.6206
-154.615
-193.08
-133.704
-41.3567
-17.3923
-17.3923
-28.9929
-12.0499
37.1
70.9859
57.401
7.48792
-5.18115
8.86168
65.033
132.347
182.871
146.237
71.2912
16.0357
-3.04419
74.6493
126.241
161.806
180.734
180.428
150.206
132.958
89.7606
-22.582
-82.5693
-90.2013
-61.963
25.8047
88.5394
84.5708
54.8061
-4.57059
-66.6948
-63.0315
6.26681
60.3012
69.0016
43.5108
23.8203
14.0514
12.3724
-31.1298
-73.1057
-81.9588
-45.02
10.846
44.4267
58.6221
72.6649
103.345
82.5865
49.4638
8.86168
-90.6592
-135.23
-106.381
-57.9944
-16.4765
5.80889
-6.24962
-54.7889
-119.203
-106.992
-23.4979
-5.94434
-14.7974
-16.7817
16.6463
78.4652
89.9132
78.9232
-5.94434
-93.1014
-128.819
-111.723
-58.9102
10.0828
19.0885
-13.5763
2.29819
34.5051
55.8746
67.9331
46.7162
-12.3552
-51.8888
-67.9159
-37.2354
1.68763
36.0315
31.4523
50.227
66.2541
75.2598
43.6635
-32.351
-89.2855
-62.1156
38.6264
143.795
219.809
186.534
96.0188
-35.2511
-156.294
-188.501
-191.554
-193.538
-188.654
-91.4224
55.5693
172.033
158.448
31.9102
-99.3597
-170.49
-139.046
-9.76033
97.8504
117.999
45.8004
1.99291
1.22971
12.3724
19.8517
-12.5078
-6.86018
37.1
164.554
272.317
301.624
234.157
105.94
43.0529
36.1841
95.5609
144.711
184.855
183.023
146.084
88.3868
49.0058
37.5579
55.4167
84.5708
93.8818
132.042
153.716
94.0345
-47.4623
-205.139
-277.49
-235.819
-143.93
-52.0414
15.1199
36.7947
3.21402
-64.2526
-77.5322
-81.1956
-53.1099
-7.47074
34.1998
118.151
221.488
274.912
240.721
139.674
1.84027
-121.645
-117.982
6.41945
125.173
202.103
170.659
98.6136
29.3154
8.09848
22.9045
-6.5549
-92.6435
-147.899
-125.614
-24.1084
49.0058
36.1841
-114.318
-283.137
-299.47
-187.585
-20.5977
72.207
41.6791
-34.9458
-93.1014
-79.6692
-1.5178
95.4082
152.037
108.535
89.9132
139.063
210.498
215.383
138.3
18.7832
-50.2098
2.45082
128.989
232.784
250.795
150.206
-28.2297
-201.323
-270.621
-247.42
-168.811
-106.228
-112.792
-112.487
-114.776
-157.21
-220.708
-248.488
-274.742
-225.135
-80.1271
68.6963
172.338
223.32
195.387
119.525
47.7847
-22.7347
-47.7675
2.90874
125.783
219.809
276.896
226.525
117.694
21.6834
-1.21252
3.36666
8.5564
6.57209
-35.709
-40.1356
-10.9814
14.2041
-39.9829
-155.531
-269.553
-343.583
-321.603
-193.843
-43.7989
59.8432
9.16696
-93.712
-140.572
-164.079
-129.277
-113.708
-164.842
-202.544
-135.84
-5.18115
101.361
117.388
9.62488
-149.12
-223.761
-197.202
-91.4224
21.3781
49.6164
14.8146
-44.7147
-56.3153
-56.1627
-69.4423
-97.0701
-128.361
-164.537
-177.358
-120.119
-49.9045
-24.4137
-30.8246
-52.4994
-86.5379
-80.1271
-33.2668
-21.8188
-37.2354
-9.30241
74.1913
166.996
227.441
200.729
115.557
50.5322
60.7591
131.736
229.884
301.166
288.65
249.269
278.27
342.073
328.031
226.678
78.16
-19.0713
-6.5549
153.869
336.578
395.497
320.093
179.36
74.9545
66.5594
55.2641
28.5522
-25.7875
-102.565
-72.4951
50.3796
174.781
217.52
140.742
14.8146
-79.3639
-59.5208
35.1157
163.333
268.196
316.583
266.212
217.062
172.186
76.7862
-16.9344
-73.5636
-31.7404
67.1699
180.886
234.463
248.048
212.941
109.604
9.77752
-53.8731
-88.3696
-86.5379
-13.1184
75.1072
128.378
135.247
20.157
-143.93
-272.3
-384.032
-435.777
-445.698
-476.379
-521.865
-532.398
-523.392
-508.739
-534.992
-659.088
-811.117
-874.157
-835.539
-707.78
-543.846
-487.827
-486.758
-536.366
-563.078
-517.897
-424.176
-344.499
-320.839
-289.09
-208.649
-68.0686
97.3925
219.046
201.187
119.067
91.4396
165.622
295.213
384.965
413.814
369.854
287.429
274.454
309.867
309.256
258.274
190.96
135.094
150.206
208.056
288.65
325.436
291.397
235.836
189.587
191.266
188.06
186.229
180.428
183.634
228.815
275.828
291.702
312.461
344.516
361.611
363.748
337.189
363.138
413.814
454.721
480.975
474.564
454.416
411.524
398.55
378.554
381.912
393.513
418.698
428.009
430.757
405.266
336.273
232.478
126.547
91.287
153.564
240.263
276.744
244.384
165.47
69.6122
-9.76033
-57.0785
-66.6948
-99.5123
-91.575
-54.331
-36.0143
-23.4979
-114.318
-271.537
-444.019
-595.743
-707.78
-766.699
-765.783
-779.368
-883.773
-1029.09
-1166.16
-1311.47
-1423.81
-1467.92
-1456.63
-1389.16
-1276.82
-1159.9
-1027.71
-910.18
-833.86
-773.873
-687.632
-538.656
-344.041
-117.676
85.1814
227.594
309.256
353.674
388.018
442.358
452.279
438.542
454.874
486.318
525.699
519.898
452.126
364.511
258.885
160.891
101.209
92.6607
163.027
214.772
206.072
188.518
156.617
181.649
243.468
297.961
323.451
321.925
367.412
453.5
520.204
546.152
494.56
426.788
355.2
382.981
503.413
577.138
561.722
473.801
377.944
309.867
288.802
304.219
303.761
240.568
136.926
74.344
133.415
201.187
255.222
223.473
150.206
109.451
135.858
208.361
220.267
170.965
91.4396
46.2583
19.0885
81.8233
167.912
177.07
103.04
-11.2867
-102.107
-99.6649
-35.709
-7.77601
-17.087
-43.9516
-39.525
0.161234
62.5907
108.383
64.8803
-8.23393
-79.0586
-141.488
-124.087
-104.549
-94.3226
-112.792
-178.427
-236.582
-274.132
-301.454
-353.199
-434.708
-536.977
-637.261
-685.648
-661.378
-666.415
-739.224
-784.863
-761.815
-716.633
-667.331
-629.934
-614.976
-586.585
-542.472
-512.86
-511.944
-528.887
-531.024
-467.831
-333.814
-175.679
-36.0143
52.3639
78.0073
68.849
69.9174
87.3183
110.062
110.367
94.9503
136.01
226.373
302.54
311.698
224.389
114.946
36.9473
59.538
136.163
188.671
223.015
245.605
283.765
302.387
283.613
241.942
207.293
165.012
154.48
211.719
309.561
347.416
301.471
243.163
175.544
167.912
212.33
289.108
319.178
336.731
343.905
342.684
334.747
301.319
251.864
153.259
61.6749
11.9145
50.8375
110.367
125.631
90.5238
35.1157
0.619152
7.48792
48.8532
107.009
128.378
94.1871
74.8019
59.3853
64.2698
53.4324
30.0786
-26.0927
-58.147
-11.2867
73.1229
179.055
190.655
110.977
1.22971
-50.2098
5.19833
99.5295
158.906
134.942
76.1757
25.652
10.9986
17.4095
12.3724
-51.1256
-127.598
-121.645
-46.6991
66.712
121.967
71.2912
-52.3467
-165.3
-205.139
-224.066
-224.677
-243.757
-285.885
-300.996
-294.585
-305.881
-351.825
-484.774
-628.866
-710.07
-650.388
-542.319
-509.502
-499.122
-501.87
-492.864
-437.609
-391.817
-392.122
-385.711
-388.306
-349.078
-273.216
-213.534
-192.775
-192.47
-221.929
-245.588
-205.444
-138.588
-58.2997
-8.99713
-3.04419
-11.1341
4.43514
52.3639
94.1871
154.174
203.019
250.642
309.409
379.165
434.42
476.549
465.101
422.362
384.049
401.603
419.156
476.244
556.532
574.696
543.405
478.075
482.654
507.84
536.078
563.095
603.545
621.404
596.523
611.94
637.889
586.449
525.699
441.9
349.4
328.031
342.684
373.822
352.606
295.366
249.879
229.12
219.046
178.597
106.704
70.0701
40.6107
42.2897
54.1956
58.7748
19.5464
-31.2825
-55.3995
-63.4894
-66.3895
-88.217
-117.066
-153.699
-142.557
-98.9017
-55.3995
-65.1684
-100.886
-164.079
-218.876
-286.343
-343.735
-329.082
-288.022
-243.451
-210.939
-232.461
-314.123
-410.591
-496.527
-575.137
-628.255
-673.589
-705.185
-694.348
-647.03
-574.679
-552.851
-614.212
-749.603
-859.962
-837.982
-769.447
-711.138
-692.516
-698.011
-672.826
-580.021
-435.472
-292.448
-226.356
-253.373
-330.303
-379.453
-319.771
-215.518
-112.487
-80.7376
-122.561
-119.508
-70.3582
51.6007
148.221
159.517
79.2284
-0.144045
-1.82308
88.2342
176.765
195.387
162.112
132.194
188.213
317.041
500.208
606.903
606.14
583.396
593.623
600.492
643.536
702.608
700.929
640.483
573.17
605.682
705.05
785.644
762.9
676.506
596.676
592.707
615.756
632.394
588.281
512.724
478.075
463.269
424.193
327.725
221.946
88.9974
-25.4822
-36.3196
7.03001
48.2426
-9.30241
-45.7832
-43.0357
2.7561
66.712
107.314
119.983
85.4867
78.9232
67.0173
66.4067
63.9645
22.1413
-68.9844
-147.899
-137.519
-129.43
-129.43
-163.468
-253.678
-377.621
-484.621
-497.291
-456.536
-405.249
-377.927
-417.308
-463.405
-512.554
-643.061
-760.746
-812.338
-827.297
-819.665
-804.706
-790.663
-761.509
-745.482
-720.449
-686.411
-701.827
-704.575
-702.285
-609.938
-499.122
-420.36
-411.355
-441.119
-458.978
-451.193
-320.381
-199.033
-114.624
-61.963
-78.4481
-42.1199
30.9944
90.829
133.568
128.684
114.946
143.184
231.563
323.451
362.985
300.098
234.768
252.474
314.14
356.422
356.879
313.225
243.011
254.611
317.651
406.335
483.112
506.771
524.783
550.579
613.772
692.228
712.224
674.98
640.178
673.301
746.11
765.19
700.318
566.911
448.921
374.891
390.155
413.814
397.024
339.173
240.263
132.042
103.04
144.253
221.183
243.011
182.871
143.795
113.267
123.647
143.184
155.853
115.251
80.6022
123.494
209.125
317.651
367.259
314.598
174.323
100.445
174.17
332.762
479.602
511.351
383.286
185.771
8.40376
-56.468
-50.973
-88.3696
-206.055
-364.189
-488.132
-535.298
-546.746
-623.065
-786.695
-1005.12
-1194.7
-1302.16
-1258.66
-1129.37
-1046.64
-1034.73
-1088.77
-1125.55
-1105.41
-1035.95
-992.3
-998.1
-961.467
-884.537
-709.459
-513.776
-380.216
-358.389
-401.891
-453.483
-448.599
-360.678
-212.008
-53.7205
43.5108
58.9274
16.0357
16.4936
34.963
49.3111
70.2227
39.5422
23.973
49.1585
108.383
162.264
152.037
85.334
33.1313
52.8218
111.13
210.498
307.119
352.148
384.202
447.089
541.573
660.785
720.009
671.775
580.038
561.874
613.924
671.622
687.496
695.281
697.571
712.682
723.061
717.261
701.845
640.636
617.588
670.248
748.094
758.168
719.398
614.077
483.875
423.278
431.978
470.291
471.512
434.573
416.256
425.262
471.817
547.526
593.623
593.165
522.951
465.559
445.105
391.834
387.255
402.061
371.686
273.538
114.488
-37.2354
-102.412
-86.5379
-56.1627
-96.1542
-241.314
-445.698
-609.023
-709.612
-772.041
-831.418
-963.604
-1146.31
-1290.4
-1268.58
-1135.93
-1042.37
-1059.31
-1244.61
-1469.6
-1549.43
-1424.57
-1158.37
-930.634
-855.23
-933.534
-984.21
-918.881
-766.852
-560.178
-475.005
-527.666
-605.665
-564.147
-377.163
-152.478
-46.2411
-168.047
-400.365
-548.425
-489.506
-311.528
-122.866
-53.5678
-103.939
-174.153
-169.726
10.846
185.008
192.029
74.344
-11.1341
41.3739
241.637
515.472
643.994
584.77
431.215
365.885
477.159
654.526
775.111
774.501
682.765
608.734
649.794
798.618
969.269
1037.96
958.889
792.818
684.749
699.097
750.689
799.686
729.93
618.961
571.49
620.946
698.181
748.705
747.178
696.807
696.35
762.137
896.612
959.805
909.892
814.187
750.994
713.14
680.78
661.242
646.436
608.582
570.117
548.595
456.858
312.614
210.498
184.244
211.262
213.704
145.627
-20.5977
-264.821
-494.39
-672.063
-807.606
-976.731
-1236.22
-1475.1
-1606.67
-1623.01
-1597.06
-1621.33
-1747.25
-1860.97
-1895.47
-1748.02
-1493.26
-1269.95
-1160.81
-1164.94
-1209.81
-1176.69
-1023.74
-811.422
-667.789
-644.435
-631.613
-573.763
-407.844
-194.301
-68.8318
-95.0857
-259.326
-469.358
-536.214
-475.768
-355.031
-341.751
-453.33
-594.522
-660.615
-550.409
-378.995
-297.791
-326.945
-409.218
-373.347
-174.306
109.604
330.626
361.001
277.965
237.21
347.263
551.647
755.574
815.866
734.051
675.896
707.95
849.599
1066.04
1186.63
1180.98
1126.33
1065.89
1103.59
1205.1
1270.12
1274.55
1220.82
1183.42
1225.86
1268.59
1276.07
1203.11
1106.64
1060.85
1120.08
1280.35
1428.26
1477.1
1426.88
1326.75
1244.32
1245.09
1267.53
1186.63
962.247
705.508
502.04
429.688
507.687
557.6
421.904
85.9446
-297.944
-581.7
-651.304
-661.378
-783.031
-1079
-1456.48
-1700.7
-1719.17
-1606.67
-1581.95
-1784.8
-2117.25
-2303.78
-2214.03
-1818.84
-1395.42
-1193.33
-1257.59
-1426.86
-1501.05
-1321.85
-976.426
-682.747
-603.833
-660.309
-625.508
-410.591
-83.7904
164.096
169.438
-47.0043
-279.016
-346.025
-196.744
-3.96003
49.0058
-144.846
-455.925
-633.292
-652.067
-562.468
-520.186
-657.562
-846.224
-922.391
-804.859
-503.091
-236.43
-127.445
-196.133
-270.01
-177.664
88.8447
419.004
645.673
692.839
631.936
620.335
742.905
961.942
1146.48
1128.93
964.384
857.231
900.428
1100.39
1322.63
1424.74
1376.51
1315.61
1286.76
1394.37
1507.48
1556.63
1513.89
1415.28
1438.33
1579.98
1750.17
1809.85
1744.52
1634.93
1482.6
1314.39
1097.18
899.665
816.477
870.511
944.389
851.431
525.851
47.1742
-386.78
-657.562
-722.434
-746.093
-892.016
-1174.25
-1493.87
-1677.65
-1725.89
-1743.59
-1906.3
-2207.31
-2398.72
-2342.24
-2009.18
-1577.67
-1289.49
-1266.9
-1434.5
-1542.72
-1362.76
-932.313
-442.188
-125.919
-48.836
-81.0429
-58.147
85.6393
238.279
278.118
207.446
60.4538
41.8318
126.852
225.61
187.45
-96.7648
-473.174
-740.903
-758.914
-618.792
-530.261
-600.017
-799.211
-1014.59
-1060.68
-938.418
-761.967
-641.077
-610.549
-610.702
-547.356
-365.715
-187.28
-70.8161
-29.6034
2.14555
137.689
378.554
632.852
838.915
944.694
958.126
987.28
1109.39
1290.42
1465.35
1630.04
1700.26
1664.08
1607.91
1558.46
1529.15
1495.26
1479.39
1467.64
1517.4
1583.18
1604.86
1573.26
1405.51
1118.09
769.616
514.709
457.469
605.071
721.688
635.446
243.926
-343.583
-819.512
-1056.87
-1062.06
-1016.26
-1111.21
-1350.09
-1621.48
-1775.19
-1771.07
-1739.78
-1838.99
-2056.81
-2098.48
-1785.26
-1199.89
-645.503
-445.241
-639.093
-941.319
-1025.58
-646.267
44.8846
650.71
915.692
766.106
520.204
424.499
568.438
804.876
896.307
801.365
643.536
564.316
590.723
555.311
319.178
-96.7648
-493.017
-611.923
-478.974
-266.5
-249.252
-514.691
-954.598
-1276.51
-1302.46
-1048.17
-704.88
-530.566
-580.632
-749.451
-828.823
-702.591
-465.694
-244.214
-105.923
-4.72323
157.38
408.166
667.653
808.692
810.218
750.842
756.489
926.377
1238.22
1488.09
1570.82
1486.26
1316.98
1250.74
1304.92
1465.96
1588.22
1631.57
1583.34
1541.21
1438.79
1228.15
877.99
482.196
293.076
325.436
420.988
291.092
-150.341
-842.256
-1443.35
-1727.41
-1728.94
-1685.28
-1825.25
-2180.6
-2552.27
-2705.22
-2597.46
-2399.94
-2373.99
-2482.67
-2547.54
-2270.5
-1685.89
-1062.67
-677.405
-583.074
-604.138
-469.205
30.8418
776.638
1423.37
1689.42
1579.98
1387.96
1432.38
1753.22
2147.34
2351.27
2288.53
2050.26
1811.53
1661.34
1555.1
1357.74
1012.16
669.79
477.312
462.506
411.066
165.012
-296.57
-765.02
-1022.22
-936.892
-647.335
-406.165
-404.333
-632.071
-888.505
-955.819
-725.486
-378.232
-79.6692
90.5238
157.227
246.521
413.509
623.388
812.508
948.51
1058.41
1226.62
1418.33
1598.14
1664.54
1623.18
1536.93
1463.06
1458.63
1468.7
1467.33
1435.28
1369.49
1216.39
891.575
465.101
79.9916
-26.398
65.3383
125.478
-133.246
-793.258
-1587.14
-2209.29
-2359.34
-2252.8
-2249.44
-2643.4
-3381.72
-3988.61
-4102.63
-3774.61
-3380.34
-3348.75
-3672.19
-3961.14
-3809.57
-3158.86
-2372.47
-1865.4
-1743.9
-1694.75
-1358.02
-571.321
383.439
1074.44
1288.44
1209.22
1279.89
1780.85
2486.81
2993.88
3057.99
2714.24
2339.05
2250.83
2467.88
2647.69
2468.49
1954.71
1418.03
1194.41
1307.06
1448.25
1251.96
723.977
105.177
-199.644
-88.5223
212.941
340.852
114.03
-317.787
-636.498
-581.7
-237.193
158.143
299.64
230.494
184.702
362.222
788.544
1232.57
1496.79
1593.26
1656.3
1833.21
2134.21
2423.62
2533.36
2481.31
2340.28
2259.07
2274.95
2296.01
2192.98
1888.62
1427.03
929.43
580.649
482.044
499.445
307.882
-257.799
-1089.07
-1875.32
-2339.8
-2417.8
-2395.36
-2601.58
-3181.3
-3944.35
-4514.3
-4620.23
-4405.01
-4217.42
-4324.27
-4659
-4846.44
-4596.12
-3955.79
-3283.72
-2973.71
-2971.12
-2990.66
-2620.66
-1783.58
-809.591
-119.966
114.793
88.8447
239.347
801.823
1566.7
2098.34
2173.14
1929.37
1789.25
1999.74
2404.69
2675.62
2525.43
2052.25
1580.28
1450.69
1610.35
1770.78
1615.54
1150.45
670.248
491.66
635.752
850.668
841.052
501.124
102.43
-93.4067
58.3168
410.609
694.06
755.879
666.89
641.094
858.453
1255.93
1632.18
1846.64
1953.95
2115.13
2427.43
2816.97
3105.3
3197.5
3127.9
3066.99
3107.44
3211.54
3269.54
3223.75
2939.23
2504.97
2084.6
1776.88
1619.36
1336.67
836.93
103.803
-674.505
-1250.41
-1541.8
-1741.91
-2175.1
-2861.22
-3674.02
-4297.4
-4549.71
-4458.28
-4334.49
-4448.67
-4879.87
-5000
-4996.64
-4955.12
-4453.4
-4075.77
-3999.45
-4029.52
-3843.3
-3287.69
-2511.06
-1812.74
-1436.48
-1229.04
-934.755
-392.885
350.621
973.085
1270.27
1360.48
1399.25
1629.28
1944.94
2149.48
2096.05
1825.88
1596.31
1539.07
1622.26
1651.41
1427.49
989.112
616.519
463.574
514.556
582.175
524.325
272.775
-17.8502
-156.752
-135.993
23.2098
173.407
244.69
249.574
340.394
549.51
836.93
1154.27
1424.13
1689.12
1965.85
2241.67
2487.42
2740.5
3024.1
3329.99
3580.17
3658.32
3621.53
3513.31
3481.26
3547.81
3606.11
3428.9
3048.06
2641.89
2379.96
2257.09
1969.36
1370.1
507.382
-316.566
-904.99
-1191.95
-1445.18
-1984.91
-2795.73
-3684.86
-4246.27
-4366.7
-4275.42
-4371.43
-4822.94
-5000
-4978.78
-5000
-4662.06
-4179.87
-4091.64
-4158.35
-4096.37
-3633.11
-2903.5
-2186.4
-1736.26
-1555.54
-1351.77
-895.374
-191.554
460.674
811.898
908.976
946.373
1146.64
1505.64
1847.86
1929.98
1741.78
1453.75
1311.94
1356.97
1398.19
1278.06
975.222
632.088
444.342
449.074
497.308
435.336
299.487
140.132
43.3582
30.8418
52.0586
85.0287
126.394
210.651
355.353
598.813
868.374
1121.14
1316.07
1513.89
1777.65
2042.48
2291.13
2509.4
2700.2
2914.05
3177.66
3381.89
3416.38
3326.33
3224.21
3217.49
3345.41
3345.1
3128.81
2752.71
2475.97
2334.78
2172.07
1762.23
1021.17
262.09
-325.724
-583.379
-723.655
-1083.88
-1782.51
-2704.15
-3453.15
-3746.83
-3667.31
-3633.88
-3986.17
-4581.92
-4988.55
-4930.85
-4516.59
-4142.62
-4046.77
-4133.62
-4179.56
-3859.33
-3252.28
-2642.48
-2240.13
-2061.08
-1900.5
-1531.27
-910.791
-259.631
164.096
289.566
327.267
562.637
960.11
1354.53
1520.45
1427.64
1273.78
1217
1306.45
1404.14
1340.03
1066.96
815.866
701.692
758.932
829.604
732.067
531.041
331.083
261.938
299.945
397.634
480.823
533.483
578.054
634.531
726.572
880.738
1068.48
1291.8
1537.24
1764.06
1973.48
2138.79
2265.94
2369.28
2522.83
2745.69
2988.08
3119.19
3128.35
3020.28
2905.5
2897.71
2876.96
2765.38
2503.6
2256.32
2064.76
1921.59
1654.92
1160.68
558.974
-58.4523
-507.365
-841.187
-1163.87
-1650.02
-2275.23
-2895.1
-3367.22
-3563.05
-3700.58
-3953.96
-4322.28
-4661.9
-4745.09
-4602.68
-4421.34
-4294.2
-4210.09
-4108.28
-3870.01
-3463.99
-3008.97
-2631.34
-2375.37
-2100.61
-1694.75
-1223.7
-747.619
-444.019
-267.874
-105.007
174.018
574.391
874.938
1001.63
976.29
912.182
928.209
1024.37
1158.24
1229.67
1213.34
1172.43
1138.55
1093.21
1002.54
912.334
882.417
951.868
1060.24
1111.22
1054.14
945.762
934.467
1062.68
1260.81
1431.92
1507.48
1564.26
1704.23
1897.93
2106.43
2248.54
2276.32
2272.5
2344.85
2594.57
2882.91
3047.15
3013.42
2922.14
2879.4
2883.21
2926.87
2900.77
2833.3
2679.9
2504.36
2343.94
2208.24
1960.81
1545.64
1021.32
472.428
104.414
-167.132
-459.131
-942.998
-1603.01
-2258.29
-2758.49
-3036.6
-3195.5
-3416.37
-3829.56
-4338.92
-4685.41
-4690.45
-4473.55
-4263.21
-4249.93
-4411.12
-4520.56
-4407.76
-4022.65
-3534.66
-3141.92
-2904.57
-2685.38
-2387.58
-2012.39
-1581.64
-1195.62
-872.631
-654.662
-405.554
-90.3539
185.465
357.185
447.853
570.269
660.785
715.582
720.772
761.984
816.629
893.56
998.728
1053.98
1037.5
949.578
896.154
911.876
990.944
1095.04
1181.28
1253.48
1338.35
1424.74
1495.72
1534.19
1578.3
1753.99
2016.22
2270.21
2428.2
2459.64
2435.98
2552.44
2793.16
3091.57
3306.18
3367.23
3318.39
3230.77
3236.42
3251.23
3297.02
3306.79
3235.96
3073.86
2843.68
2699.74
2502.99
2227.17
1811.53
1293.02
820.445
437.015
120.288
-385.101
-1023.29
-1731.07
-2303.17
-2598.83
-2837.56
-3086.21
-3453.61
-3945.57
-4380.44
-4582.99
-4512.78
-4404.86
-4412.49
-4514.61
-4594.59
-4443.02
-4132.55
-3775.53
-3526.57
-3376.83
-3232.13
-2903.8
-2365.75
-1853.34
-1493.87
-1305.21
-1120.82
-887.132
-535.45
-143.93
113.267
194.319
234.005
337.494
484.639
562.332
558.363
549.052
518.372
504.177
525.393
549.816
573.78
539.436
493.644
508.298
508.603
529.667
579.428
667.959
822.124
946.525
1025.13
1097.79
1217
1419.25
1673.09
1904.03
2014.85
2123.53
2285.02
2520.7
2748.43
2942.9
3074.93
3101.79
3172.31
3257.49
3413.33
3394.1
3355.33
3319.46
3283.43
3264.35
3143.92
3047.61
2812.39
2512.15
2142.91
1763.3
1360.64
946.678
565.69
21.9887
-561.399
-1162.95
-1661.17
-2071.31
-2497.32
-2902.28
-3301.73
-3668.98
-4000.67
-4183.53
-4232.53
-4265.5
-4368.53
-4495.53
-4511.86
-4302.44
-3997.31
-3732.18
-3587.02
-3516.65
-3313.33
-2849.92
-2244.25
-1762.67
-1508.07
-1423.35
-1284.15
-991.842
-562.01
-74.3268
239.195
336.426
307.73
335.51
476.244
639.262
774.959
841.357
863.948
824.567
834.793
868.679
827.772
776.027
730.388
688.26
645.215
609.956
607.666
635.294
712.835
772.517
804.418
807.471
828.23
990.791
1229.52
1436.8
1593.26
1681.48
1797.18
1958.07
2158.79
2377.98
2554.12
2650.13
2790.71
2924.88
2953.58
2893.75
2804.91
2816.66
2844.6
2888.4
2827.04
2695.62
2405.76
2047.82
1721.02
1424.9
1162.82
842.578
391.223
-181.327
-745.94
-1204.16
-1561.34
-1919.13
-2321.64
-2800.16
-3224.65
-3577.71
-3826.81
-3891.53
-3921.3
-4000.21
-4149.34
-4277.56
-4187.35
-3895.04
-3548.86
-3307.23
-3173.52
-3082.09
-2865.64
-2414.75
-1873.79
-1406.11
-1125.25
-998.558
-906.669
-730.829
-391.359
-3.96003
293.687
442.052
477.159
505.245
606.14
744.736
905.618
1009.26
977.206
901.039
870.664
965.605
1105.12
1209.68
1200.67
1059.48
883.943
827.772
909.434
1085.89
1194.26
1152.28
1045.74
958.889
1061.46
1286.61
1520.45
1678.43
1721.02
1775.2
1880.53
1998.21
2137.27
2259.83
2347.3
2412.63
2521.92
2698.52
2803.69
2743.4
2567.4
2412.78
2341.65
2391.41
2513.37
2469.26
2136.5
1607.76
1133.66
873.716
712.835
500.055
28.5522
-600.475
-1188.14
-1590.19
-1793.35
-2061.84
-2524.34
-3148.03
-3730.35
-4050.28
-4106.6
-4064.47
-4105.84
-4345.18
-4629.54
-4716.24
-4510.49
-4127.67
-3746.68
-3474.06
-3279.3
-3056.6
-2728.73
-2255.54
-1774.12
-1368.56
-1022.37
-766.241
-582.463
-395.785
-160.415
150.969
444.8
627.509
715.429
713.445
716.956
803.35
971.558
1164.8
1231.96
1169.38
1083.75
1079.93
1196.09
1346.29
1401.09
1291.03
1106.19
1032
1162.36
1366.89
1534.8
1574.64
1494.96
1484.12
1579.37
1797.34
2020.8
2165.2
2193.74
2256.63
2348.37
2475.82
2653.49
2745.99
2749.35
2699.13
2772.86
2819.56
2800.33
2683.1
2560.08
2480.86
2430.79
2402.25
2329.13
2205.65
1839.31
1461.38
1088.63
774.654
493.797
126.394
-396.243
-974.594
-1433.73
-1815.64
-2110.23
-2527.85
-3037.97
-3518.02
-3898.71
-4130.57
-4198.8
-4262.29
-4414.17
-4655.03
-4829.65
-4781.88
-4472.63
-4081.42
-3813.84
-3739.05
-3721.19
-3557.25
-3135.36
-2515.95
-1933.47
-1580.72
-1452.51
-1392.06
-1284.3
-988.026
-531.787
-130.651
56.0273
61.0644
39.3896
135.247
365.122
616.214
857.231
967.895
932.33
927.751
1030.17
1203.88
1385.67
1494.04
1493.28
1418.33
1411.62
1554.64
1787.42
1937.77
1951.66
1882.82
1857.02
2004.77
2290.52
2532.3
2597.32
2536.88
2470.32
2575.34
2782.47
2969.61
3036.46
3001.51
2871
2862.61
2954.19
3095.23
3154.45
2996.01
2729.66
2501.92
2503.45
2578.24
2543.44
2184.28
1687.59
1229.67
946.983
770.838
449.074
-83.7904
-707.475
-1205.84
-1579.35
-1824.64
-2122.75
-2598.52
-3147.26
-3579.23
-3794
-3792.01
-3756.45
-3893.82
-4148.73
-4382.57
-4400.43
-4196.66
-3928.78
-3698.44
-3588.7
-3595.87
-3526.72
-3271.66
-2823.36
-2334.92
-1981.71
-1787.86
-1688.18
-1531.88
-1277.89
-950.782
-627.492
-422.65
-293.364
-270.316
-238.872
-158.431
-32.0457
137.995
270.791
333.678
317.041
347.568
458.385
691.007
922.256
1051.08
1035.97
964.842
999.033
1184.49
1473.28
1699.95
1789.55
1791.38
1882.97
2066.9
2268.54
2345.31
2382.4
2462.54
2628.76
2855.13
2984.57
3029.75
2972.05
2893.9
2885.5
2998.46
3099.81
3146.97
3014.79
2783.85
2625.56
2572.29
2576.71
2503.45
2176.19
1705.45
1365.98
1114.89
891.27
612.093
90.829
-548.425
-1059
-1417.4
-1639.95
-1830.6
-2252.8
-2776.96
-3220.53
-3528.86
-3589.61
-3519.7
-3582.29
-3774.92
-3941.75
-3956.25
-3749.27
-3458.34
-3196.41
-3078.27
-3083.31
-3098.11
-2910.82
-2504.8
-2061.08
-1729.7
-1626.06
-1624.07
-1575.38
-1402.29
-1072.89
-715.565
-514.844
-438.982
-463.71
-503.091
-394.717
-177.206
60.6064
223.931
252.627
185.465
167.149
276.744
528.751
791.444
954.921
976.138
934.925
987.28
1195.02
1516.79
1740.86
1830.61
1810.62
1806.04
1996.23
2245.49
2383.32
2363.63
2262.73
2241.98
2379.2
2538.1
2658.83
2653.49
2552.14
2441.48
2458.57
2586.48
2672.27
2660.06
2504.36
2368.97
2266.09
2298.61
2342.57
2191.76
1827.71
1423.98
1132.44
906.687
726.572
328.946
-209.26
-694.806
-1094.87
-1376.65
-1620.11
-2058.79
-2634.09
-3128.95
-3459.56
-3557.25
-3507.19
-3562.14
-3793.54
-4016.85
-4065.39
-3879.02
-3587.48
-3324.63
-3175.5
-3111.55
-3014.16
-2803.52
-2410.78
-1959.42
-1611.25
-1418.93
-1366.57
-1311.93
-1145.7
-819.665
-433.64
-187.585
-133.551
-198.423
-236.277
-147.441
62.7434
330.778
461.59
438.389
384.507
397.482
566.301
803.502
1007.43
1084.51
1043.76
1016.89
1131.07
1394.67
1697.82
1867.86
1899.3
1831.22
1843.13
2079.87
2417.82
2641.43
2611.97
2471.7
2443
2564.35
2751.94
2848.72
2828.57
2716.07
2564.66
2555.19
2537.79
2429.72
2243.2
2038.66
1922.81
1943.26
1973.64
1820.23
1458.17
934.467
591.028
420.072
287.123
23.8203
-488.59
-1025.12
-1453.42
-1703.14
-1884.32
-2113.44
-2540.22
-3056.6
-3458.49
-3649.6
-3647.31
-3576.03
-3649.45
-3911.68
-4135.15
-4182.46
-3945.57
-3540
-3200.23
-3017.06
-2993.86
-2994.47
-2834.66
-2433.83
-1903.4
-1470.06
-1325.21
-1381.23
-1368.4
-1148.91
-769.447
-354.115
-127.598
-137.214
-158.584
-94.1699
89.7606
357.643
529.82
568.438
528.904
521.883
638.041
871.274
1151.52
1318.2
1324.61
1236.85
1250.13
1405.51
1694.61
1995.31
2104.3
2064.76
2045.53
2165.81
2470.32
2790.1
2967.17
2929.31
2830.1
2850.85
3094.47
3398.98
3544.6
3439.74
3136.75
2918.02
2859.25
2914.2
2892.53
2722.03
2416.14
2175.88
2118.49
2143.52
1987.53
1603.33
1178.23
831.13
590.112
321.772
-58.2997
-660.615
-1179.44
-1555.23
-1869.37
-2169.15
-2583.26
-3089.87
-3592.05
-3906.03
-4117.29
-4163.38
-4159.72
-4317.55
-4559.64
-4682.51
-4609.4
-4320.45
-3943.89
-3647.46
-3499.71
-3433.46
-3288.91
-2966.39
-2494.58
-1989.49
-1554.17
-1349.17
-1236.52
-1052.9
-738.003
-390.138
-150.494
-135.535
-213.839
-181.174
-9.76033
198.745
315.362
312.767
230.341
217.978
317.499
496.087
689.633
853.721
948.205
991.249
1055.82
1198.38
1400.48
1623.18
1816.88
1942.65
2003.71
2153.75
2451.7
2780.64
3065.62
3212.15
3252.75
3246.65
3383.41
3635.88
3928.03
4085.25
3988.93
3783.79
3592.38
3505.37
3456.07
3434.39
3286.33
3102.25
2962.28
2804.15
2560.23
2152.53
1728.65
1425.66
1178.54
835.404
368.175
-261.768
-868.51
-1258.05
-1553.71
-1894.4
-2364.68
-2987.45
-3587.48
-3976.25
-4174.98
-4268.7
-4389.44
-4600.54
-4882.62
-5000
-4955.73
-4696.86
-4359.53
-4131.48
-3982.51
-3883.14
-3703.48
-3355.01
-2885.64
-2442.53
-2067.8
-1825.56
-1683.6
-1506.85
-1220.34
-786.847
-369.837
-182.395
-270.316
-336.561
-295.043
-92.7962
179.36
279.949
193.097
29.9259
17.8674
208.514
458.079
638.957
716.345
714.972
669.943
735.578
954.157
1235.47
1449.47
1513.12
1507.48
1520.6
1713.23
2074.68
2492.92
2792.85
2908.55
2943.66
3052.8
3338.84
3675.11
3997.79
4156.53
4103.26
3939.94
3840.57
3893.53
3960.24
3984.97
3855.83
3626.72
3442.79
3196.89
2857.57
2534.43
2220.91
1890.75
1485.19
941.03
259.19
-288.938
-677.405
-1034.43
-1481.36
-2123.97
-2845.65
-3422.32
-3744.69
-3917.63
-4060.96
-4311.75
-4731.97
-5000
-4993.74
-5000
-4759.59
-4475.84
-4408.22
-4421.34
-4368.07
-4081.26
-3572.21
-3020.42
-2620.81
-2397.65
-2224.25
-1967.51
-1589.43
-1058.85
-622.302
-347.093
-258.41
-299.012
-253.831
-61.1998
190.655
351.079
377.638
220.42
30.3838
73.2755
309.256
507.992
565.232
459.758
327.573
309.714
470.138
725.198
929.735
1005.44
984.533
978.885
1045.44
1271.65
1597.23
1931.66
2201.07
2410.95
2606.94
2839.25
3090.65
3351.05
3633.28
3809.74
3883.46
3901.47
3886.21
3877.81
3891.86
3906.51
3893.23
3823.93
3687.01
3430.12
3099.96
2815.9
2605.41
2361.8
1923.72
1304.92
585.839
67.1699
-245.893
-562.468
-1024.35
-1740.08
-2610.58
-3335.16
-3687.45
-3771.41
-3848.34
-4125.07
-4661.14
-5000
-4990.99
-5000
-4747.38
-4451.41
-4443.63
-4538.88
-4507.28
-4186.74
-3613.88
-3048.51
-2635.16
-2426.19
-2334.31
-2130.68
-1740.69
-1190.73
-680
-398.228
-347.857
-371.21
-319.16
-83.4852
237.058
484.333
550.732
412.135
236.752
228.51
410.456
652.695
790.681
760.916
626.441
579.58
755.879
1027.12
1207.23
1236.24
1146.18
1047.73
1137.78
1399.41
1765.59
2035.15
2134.98
2172.68
2268.84
2533.67
2903.52
3221.62
3364.33
3395.78
3400.36
3468.28
3622.6
3721.2
3712.81
3651.3
3650.99
3687.93
3596.5
3348.15
3032.8
2772.09
2619
2428.2
2016.22
1387.2
740.615
270.944
-66.2369
-381.743
-890.642
-1644.83
-2489.69
-3153.98
-3518.18
-3671.27
-3828.49
-4182.46
-4749.82
-5000
-4983.67
-5000
-4859.57
-4683.73
-4703.57
-4818.05
-4781.73
-4404.25
-3832.31
-3276.24
-2947.46
-2802.45
-2690.26
-2418.26
-1899.59
-1267.66
-803.79
-627.339
-614.823
-585.669
-381.285
3.06138
377.028
591.334
546.763
327.725
233.394
347.721
636.515
879.822
936.909
787.017
583.854
595.76
851.431
1177.62
1410.7
1407.5
1304.46
1251.35
1391.32
1777.19
2134.06
2306.08
2346.53
2355.08
2490.17
2827.65
3264.05
3626.11
3757.23
3669.92
3586.73
3656.03
3868.04
4059.45
4075.94
3969.85
3915.82
3843.32
3613.14
3375.02
3098.13
2864.29
2633.65
2251.29
1697.21
1100.23
686.886
358.253
22.7519
-485.537
-1189.66
-1999.57
-2653.78
-3004.39
-3141.62
-3331.8
-3759.5
-4396.01
-4917.88
-5000
-4958.18
-4756.54
-4662.82
-4747.23
-4914.52
-4952.68
-4689.23
-4242.91
-3807.89
-3503.22
-3348.59
-3283.11
-3115.97
-2698.81
-2080.92
-1543.63
-1303.38
-1304.91
-1335.13
-1154.86
-740.445
-286.648
36.642
63.2013
-126.529
-256.12
-127.598
217.825
557.906
703.981
613.772
410.456
344.21
559.279
914.013
1161.59
1185.25
1081.76
1048.18
1214.56
1611.88
2011.34
2237.09
2314.78
2356.76
2525.89
2874.82
3308.47
3692.36
3892.47
3897.35
3866.21
3893.38
4050.91
4265.21
4362.75
4343.21
4307.95
4232.24
4055.79
3829.58
3601.23
3417.45
3241.15
2875.73
2303.49
1661.18
1163.27
915.692
725.351
309.867
-345.567
-1162.65
-1946.45
-2408.18
-2619.28
-2785.51
-3102.54
-3662.27
-4307.32
-4711.97
-4781.42
-4572.91
-4386.69
-4468.36
-4716.24
-4963.98
-4973.75
-4597.8
-3994.11
-3600.3
-3525.2
-3621.82
-3635.86
-3337.76
-2690.41
-2015.44
-1680.25
-1683.3
-1835.33
-1805.1
-1484.56
-991.69
-576.968
-439.593
-508.433
-656.493
-627.797
-304.812
65.1856
263.922
223.015
50.3796
-41.204
139.063
473.496
761.679
829.909
703.524
648.421
769.006
1136.41
1612.95
1962.95
2067.81
2095.29
2255.87
2557.63
2972.36
3351.82
3624.13
3788.82
3879.64
4005.42
4162.33
4325.5
4428.23
4449.29
4476.77
4594.3
4644.06
4433.88
4103.57
3816.91
3693.73
3575.89
3252.3
2638.23
1883.58
1398.64
1178.54
973.695
562.79
-102.565
-928.955
-1662.08
-2058.03
-2264.4
-2480.38
-2872.36
-3466.89
-4056.99
-4392.65
-4383.79
-4186.43
-4064.78
-4158.65
-4411.58
-4668.77
-4635.04
-4223.37
-3708.37
-3365.84
-3302.96
-3406.75
-3418.96
-3118.41
-2526.48
-1956.37
-1693.37
-1760.38
-1824.34
-1654.6
-1336.04
-896.9
-598.796
-567.352
-721.518
-831.266
-730.066
-387.39
0.619152
129.599
17.1042
-196.896
-260.089
-10.8288
408.777
641.552
619.877
447.089
406.793
606.14
1036.74
1499.08
1735.82
1760.55
1745.29
1936.85
2327.61
2794.68
3168.8
3339.61
3364.94
3391.35
3607.95
3991.68
4283.38
4323.21
4224
4206.6
4316.65
4405.18
4318.63
4088.15
3809.28
3576.5
3339.45
2975.41
2420.41
1899.76
1538.92
1206.01
831.893
327.42
-323.282
-960.551
-1472.05
-1842.96
-2127.48
-2466.03
-2875.72
-3379.43
-3795.52
-4013.49
-4042.95
-4002.2
-4032.27
-4171.47
-4372.65
-4501.63
-4342.43
-3958.24
-3612.97
-3431.78
-3424
-3441.25
-3352.72
-2985.01
-2436.27
-2000.33
-1911.95
-2050.24
-2020.94
-1744.96
-1338.03
-932.618
-785.779
-928.955
-1077.63
-977.952
-605.512
-122.256
165.622
121.204
-138.893
-341.751
-188.501
282.086
743.21
855.858
600.95
348.179
405.571
821.666
1347.2
1702.24
1729.26
1578.15
1617.22
1991.49
2566.18
3043.33
3271.07
3272.9
3218.87
3267.56
3617.41
4051.82
4281.7
4318.33
4271.62
4260.17
4241.55
4207.97
4131.8
4008.17
3809.28
3521.09
3091.26
2507.57
2053.92
1799.78
1518.01
1115.65
516.082
-265.584
-911.401
-1289.64
-1521.81
-1725.73
-2122.14
-2688.58
-3297.31
-3671.88
-3713.71
-3607.78
-3560.46
-3715.84
-4001.43
-4284.58
-4333.58
-4092.1
-3713.25
-3439.72
-3388.89
-3477.88
-3560.76
-3442.47
-2982.11
-2426.81
-2091
-2036.66
-2217.69
-2347.13
-2072.83
-1582.25
-1164.48
-948.035
-1033.97
-1310.1
-1389.47
-1096.55
-627.187
-238.567
-155.226
-378.384
-618.334
-530.719
-67.7633
457.469
658.037
462.811
137.842
61.9802
465.711
1080.08
1586.85
1748.95
1596.46
1508.24
1767.57
2360.73
2993.11
3343.57
3368
3259.78
3224.97
3493.77
4005.11
4385.64
4452.96
4394.04
4362.6
4307.8
4295.74
4307.64
4273
4175.76
3902.39
3444.77
2859.86
2341.8
2107.04
2006.3
1671.26
1039.94
158.448
-703.964
-1155.93
-1294.07
-1399.54
-1760.99
-2455.04
-3205.42
-3729.12
-3847.42
-3635.25
-3428.12
-3485.36
-3790.49
-4247.79
-4472.48
-4267.33
-3795.98
-3394.23
-3287.54
-3440.94
-3637.85
-3560
-3122.69
-2499.77
-2107.03
-2119.69
-2383.3
-2501.29
-2235.4
-1693.22
-1216.07
-1051.68
-1183.1
-1438.16
-1482.43
-1171.04
-723.349
-378.69
-348.772
-586.127
-803.333
-724.113
-267.263
241.789
439.763
261.785
2.60346
-7.77601
388.934
966.063
1367.35
1431.92
1278.36
1221.73
1545.94
2144.13
2729.51
3034.94
3098.44
3124.08
3184.37
3482.78
3926.66
4303.52
4501.04
4588.5
4659.48
4622.54
4532.94
4501.04
4534.01
4542.4
4364.88
3925.28
3236.42
2670.43
2427.28
2319.36
2098.65
1550.98
658.037
-282.832
-823.786
-999.932
-1114.87
-1427.63
-2094.05
-2896.48
-3447.05
-3589.15
-3410.41
-3296.85
-3439.26
-3798.58
-4155.9
-4300.61
-4028.3
-3520.47
-3170.77
-3104.98
-3287.08
-3453.76
-3390.42
-2960.74
-2361.02
-1993.61
-2096.19
-2399.79
-2443.14
-2112.98
-1589.27
-1216.83
-1236.83
-1513.26
-1673.53
-1554.01
-1120.52
-651.151
-486.911
-675.268
-983.752
-1071.06
-807.454
-287.564
105.482
111.741
-186.975
-421.276
-240.246
238.584
778.012
1034.14
928.056
709.782
767.327
1282.33
1961.58
2466.66
2638.84
2635.79
2658.53
2892.53
3285.11
3667.17
3969.55
4217.59
4419.07
4468.07
4375.42
4311.31
4435.25
4596.59
4563.01
4276.35
3678.92
3072.18
2789.95
2657.61
2473.22
2075.45
1276.68
319.025
-361.441
-636.04
-649.625
-818.139
-1480.9
-2384.07
-3089.87
-3247.85
-2932.96
-2687.51
-2834.05
-3306.01
-3851.69
-4095.46
-3806.97
-3273.04
-2947.76
-2962.87
-3213.2
-3390.42
-3307.84
-2927
-2306.98
-1898.21
-2037.27
-2448.63
-2583.26
-2239.21
-1619.8
-1126.32
-1116.7
-1534.32
-1905.85
-1837.46
-1289.79
-698.011
-415.171
-598.948
-1045.72
-1272.7
-1037.18
-488.743
-14.4921
58.4695
-262.684
-607.954
-609.633
-155.226
453.042
829.451
784.117
482.502
392.597
808.692
1530.07
2075.75
2290.97
2293.11
2234.8
2384.54
2827.65
3273.51
3565.51
3760.13
3951.08
4120.36
4165.54
4137.76
4235.14
4406.25
4439.37
4305.05
3904.22
3312.44
2974.19
2909.62
2809.18
2533.67
1928.76
1048.49
305.135
-86.6906
-191.096
-245.13
-669.926
-1492.65
-2385.13
-2901.51
-2839.08
-2469.09
-2361.02
-2678.51
-3258.84
-3780.11
-3745.91
-3159.63
-2646.15
-2597.91
-2931.28
-3260.67
-3311.2
-3022.1
-2444.05
-1930.12
-1886.92
-2283.32
-2568.61
-2467.1
-2001.4
-1464.72
-1267.05
-1530.51
-1924.93
-2036.51
-1700.55
-1167.38
-808.217
-822.107
-1135.17
-1381.53
-1286.28
-874.768
-447.835
-267.721
-471.037
-777.536
-777.384
-441.882
60.1485
455.027
537.147
418.393
362.375
676.506
1286.76
1803.6
2015.61
2011.64
2041.41
2247.78
2677.76
3179.79
3380.97
3382.04
3509.04
3820.11
4175.76
4340.16
4289.94
4253.92
4219.27
4206.44
4176.22
3810.96
3316.71
3027.92
2818.19
2623.88
2340.12
1767.42
1029.1
429.078
56.7904
-183.311
-408.454
-931.55
-1640.56
-2253.86
-2569.22
-2551.82
-2517.47
-2675.91
-2965.47
-3360.96
-3595.56
-3339.74
-2855.57
-2598.98
-2692.7
-2890.52
-2984.09
-2859.54
-2553.65
-2150.38
-1904.32
-2030.86
-2249.44
-2277.98
-2100
-1748.93
-1514.02
-1621.17
-1870.59
-2018.34
-1875.17
-1522.87
-1245.53
-1187.07
-1358.33
-1563.78
-1529.59
-1206.15
-841.798
-634.361
-719.076
-983.142
-1044.35
-774.178
-342.209
43.6635
186.687
136.773
95.7135
272.317
812.203
1463.36
1885.11
1962.95
1930.13
2039.73
2369.28
2851.92
3190.02
3248.94
3236.27
3406.92
3821.95
4180.95
4288.41
4280.02
4241.25
4203.09
4255.59
4178.51
3820.73
3447.98
3180.71
2952.21
2686.77
2289.45
1661.49
998.423
528.294
285.75
129.447
-227.882
-899.343
-1619.95
-2114.81
-2244.71
-2116.79
-2125.19
-2371.24
-2725.37
-3105.9
-3162.37
-2785.97
-2426.5
-2334.46
-2429.25
-2536.71
-2538.38
-2402.23
-2117.86
-1779.92
-1736.88
-1966.14
-2137.86
-2088.4
-1820.06
-1524.86
-1515.55
-1794.88
-2082.6
-2140.15
-1913.33
-1570.04
-1345.2
-1413.58
-1663.61
-1846.32
-1765.11
-1444.42
-1137.15
-1032.29
-1147.99
-1334.82
-1279.72
-972.61
-577.579
-232.309
-124.698
-146.983
-81.3482
210.498
770.685
1354.84
1642.71
1672.94
1675.07
1824.51
2185.04
2625.86
2904.74
2979.53
3101.03
3358.23
3728.53
3944.06
3937.04
3934.75
3986.49
4087.23
4169.35
3982.98
3507.51
3134.46
2956.79
2818.04
2669.67
2329.13
1679.81
979.343
571.796
459.606
423.278
69.4595
-627.034
-1281.4
-1716.42
-1777.17
-1687.57
-1824.64
-2152.36
-2527.24
-2812.68
-2783.07
-2447.56
-2205.17
-2217.54
-2278.9
-2284.85
-2222.27
-2062.61
-1785.26
-1495.55
-1472.66
-1699.33
-1796.71
-1706.65
-1548.67
-1376.65
-1435.56
-1704.67
-1892.41
-1845.71
-1655.52
-1505.32
-1450.83
-1593.7
-1791.06
-1833.04
-1637.2
-1393.89
-1301.39
-1367.03
-1531.42
-1577.67
-1380.92
-1080.22
-824.091
-654.356
-575.595
-451.804
-175.985
244.537
785.949
1175.18
1321.71
1482.44
1712.32
2011.34
2384.08
2628.31
2679.59
2688.9
2923.36
3369.68
3708.08
3712.81
3524.91
3465.99
3561.7
3774.02
3847.28
3462.02
2953.89
2664.48
2516.57
2504.52
2397.36
1969.97
1264.93
646.436
339.937
309.256
308.188
-64.8631
-679.847
-1289.49
-1657.5
-1574.77
-1410.99
-1539.66
-1900.2
-2391.09
-2681.25
-2454.89
-2033.61
-1847.54
-1926.15
-2062.91
-2079.7
-1966.9
-1742.06
-1391.91
-1153.95
-1243.54
-1391.3
-1375.58
-1246.44
-1064.19
-1040.53
-1260.49
-1528.22
-1582.4
-1431.9
-1303.53
-1286.89
-1382.75
-1587.29
-1754.58
-1726.34
-1508.53
-1348.71
-1365.35
-1526.08
-1749.09
-1736.26
-1450.98
-1095.79
-883.773
-844.85
-815.849
-648.861
-246.809
329.862
841.052
1036.43
1055.82
1227.23
1594.02
2029.04
2479.64
2608.31
2543.29
2663.26
3077.52
3561.09
3707.31
3570.55
3406.92
3446.45
3654.81
3823.78
3608.56
3093.86
2743.7
2590.45
2539.93
2503.14
2205.95
1563.65
899.818
519.288
465.864
442.663
195.845
-339.003
-1008.48
-1481.05
-1530.35
-1356.65
-1365.2
-1655.67
-2142.74
-2541.13
-2431.99
-1942.94
-1660.1
-1777.32
-1986.75
-2002.01
-1871.81
-1660.1
-1332.38
-1114.11
-1204.77
-1425.8
-1402.9
-1148.76
-835.539
-671.91
-907.433
-1314.67
-1473.88
-1290.86
-1009.09
-909.57
-1048.62
-1295.14
-1551.57
-1625.14
-1448.69
-1269.19
-1281.4
-1473.88
-1718.25
-1849.37
-1703.45
-1364.28
-1089.53
-1026.03
-1120.52
-1155.32
-1002.98
-481.721
174.933
602.018
687.344
711.003
967.895
1375.9
1878.08
2212.36
2247.78
2293.11
2608.77
3123.16
3513.77
3511.17
3343.73
3318.39
3448.44
3680.91
3721.2
3306.48
2808.73
2591.67
2561.3
2585.26
2437.05
1924.18
1199.14
705.966
641.705
726.725
617.435
133.263
-526.292
-1046.49
-1248.89
-1068.93
-882.552
-1092.58
-1619.95
-2147.17
-2344.53
-2004.45
-1517.53
-1438.77
-1717.03
-1966.6
-1967.21
-1757.94
-1370.24
-1042.52
-1015.04
-1340.32
-1564.85
-1391.15
-1023.59
-684.732
-643.672
-1013.67
-1418.77
-1436.33
-1120.98
-848.056
-774.636
-974.747
-1313.45
-1484.87
-1370.54
-1092.43
-987.721
-1153.64
-1427.02
-1669.26
-1690.17
-1438.01
-1153.49
-1006.19
-1074.27
-1226.45
-1251.63
-956.125
-387.238
157.838
354.132
279.339
332.457
623.388
1073.22
1519.99
1683.47
1688.51
1886.94
2339.97
2809.34
3008.68
2951.9
2941.37
3094.47
3279.47
3437.3
3237.95
2772.4
2517.03
2488.03
2528.33
2510.32
2142.61
1500.15
935.993
746.721
855.4
886.691
561.722
-42.1199
-564.299
-801.196
-671.757
-440.203
-532.092
-975.51
-1536
-1877.3
-1647.12
-1139.9
-918.423
-1180.81
-1607.59
-1754.43
-1630.79
-1287.81
-866.525
-712.054
-1016.88
-1468.08
-1519.06
-1165.39
-746.856
-565.673
-830.197
-1296.21
-1480.9
-1182.03
-755.556
-566.741
-686.258
-1126.32
-1506.24
-1493.87
-1154.1
-875.073
-986.958
-1367.34
-1718.86
-1854.41
-1620.72
-1277.28
-1152.72
-1226.45
-1393.74
-1445.18
-1263.24
-795.701
-223.303
68.6963
57.2484
53.2797
236.6
557.448
1003.46
1303.7
1360.64
1494.35
1837.79
2203.36
2481.31
2532.75
2493.83
2618.84
2789.95
2971.74
2950.07
2554.12
2261.36
2253.58
2267.92
2322.87
2096.66
1484.12
924.545
700.929
827.314
965.147
781.217
201.34
-395.175
-701.675
-600.78
-232.309
-108.06
-439.135
-1013.36
-1470.82
-1396.64
-818.749
-396.243
-479.279
-906.517
-1206.3
-1184.93
-948.645
-536.977
-248.03
-351.52
-777.231
-1053.36
-947.424
-585.363
-256.578
-360.831
-841.492
-1244
-1260.49
-942.845
-595.438
-507.67
-727.013
-1205.84
-1469.15
-1283.99
-932.008
-777.994
-1010.01
-1432.51
-1733.97
-1667.58
-1344.9
-1099
-1095.03
-1309.48
-1467.01
-1403.21
-1086.94
-558.041
-210.176
-138.741
-183.159
-64.8631
198.287
518.219
794.955
897.223
975.68
1223.41
1621.04
1904.03
1995.01
1947.08
2075.45
2325.78
2556.57
2652.27
2359.05
1943.11
1899
2082.93
2156.5
2028.74
1464.13
847.463
533.483
635.446
859.674
801.976
352.148
-259.02
-611.923
-641.993
-286.496
14.5093
-143.472
-590.858
-1092.13
-1254.38
-856.604
-346.483
-219.792
-564.757
-934.45
-971.083
-763.494
-409.37
-74.9373
-27.3139
-324.655
-682.137
-704.727
-432.266
-130.04
-143.167
-511.639
-937.808
-1100.37
-832.029
-480.805
-331.982
-476.684
-913.691
-1279.11
-1189.66
-766.241
-455.009
-569.184
-1014.13
-1432.05
-1511.88
-1213.17
-834.624
-718.312
-934.908
-1277.58
-1373.9
-1150.89
-690.379
-235.972
-123.935
-292.143
-365.868
-196.744
112.351
449.226
614.535
694.365
777.248
1001.02
1332.4
1547.62
1610.96
1651.72
1798.25
1966.92
2106.58
1997.14
1661.18
1480
1646.38
1802.22
1779.33
1478.78
900.428
522.341
514.709
751.3
843.189
488.149
-108.671
-485.995
-542.93
-326.029
-35.5564
-58.147
-391.817
-776.01
-969.252
-730.371
-215.213
64.4224
-94.9331
-497.596
-708.696
-563.994
-280.848
-15.1027
111.741
-116.15
-513.47
-617.723
-393.496
-40.7461
89.9132
-201.781
-688.242
-991.232
-856.756
-429.977
-187.433
-285.732
-595.438
-975.662
-1040.08
-648.098
-238.109
-181.632
-523.239
-959.941
-1155.62
-998.558
-673.589
-440.967
-523.545
-818.902
-1058.7
-1049.39
-735.561
-296.112
-5.18115
-118.134
-293.517
-252.762
-50.515
208.819
351.537
391.681
412.746
546.152
839.831
1068.33
1125.42
1082.68
1136.41
1284.16
1492.67
1608.98
1315.45
951.563
943.167
1130.91
1280.81
1228.3
786.865
252.169
44.1214
285.597
600.797
574.849
110.367
-439.593
-647.946
-525.376
-119.203
91.7449
-71.4266
-349.688
-645.656
-659.394
-263.905
165.012
260.106
8.5564
-282.527
-323.892
-166.521
88.3868
326.352
329.252
-28.6876
-345.567
-345.414
-114.013
170.049
172.949
-203.612
-599.254
-732.05
-547.814
-241.467
-150.189
-257.952
-578.037
-859.962
-723.044
-377.621
-164.995
-260.394
-543.54
-796.769
-815.238
-596.811
-378.995
-309.239
-426.619
-629.324
-710.986
-605.054
-241.314
131.584
170.965
31.147
-30.3666
41.9844
191.266
362.527
383.897
308.645
333.678
512.724
713.14
826.093
753.284
679.712
742.294
897.223
1077.03
926.988
553.632
378.249
454.263
577.443
644.91
440.526
0.771791
-322.213
-302.981
9.93015
221.336
65.7962
-427.229
-808.217
-845.003
-578.037
-239.177
-213.839
-426.466
-695.722
-813.559
-546.44
-70.0529
215.841
144.711
-58.7576
-135.993
-1.05988
182.26
409.998
595.455
481.891
181.497
25.9573
87.013
308.34
456.553
235.989
-137.672
-386.627
-357.168
-92.3382
85.9446
12.3724
-240.704
-526.292
-557.736
-272.453
-13.4237
-3.04419
-246.962
-498.054
-552.546
-361.136
-134.009
-47.0043
-109.586
-323.129
-465.236
-412.881
-130.651
279.186
469.375
302.845
90.9817
80.7548
241.637
441.289
510.74
401.603
299.945
371.38
609.04
831.435
805.792
601.56
538.826
640.026
779.08
805.639
501.124
78.9232
-23.6505
111.13
225.152
192.334
-111.266
-543.54
-754.183
-601.849
-307.865
-226.203
-518.355
-994.284
-1221.26
-1088.77
-737.392
-432.571
-494.238
-765.783
-984.821
-961.925
-576.968
-121.34
65.6435
5.19833
-123.477
-127.293
36.7947
244.232
475.633
612.55
453.806
180.123
129.447
288.955
501.429
528.294
220.267
-119.813
-242.688
-101.497
170.659
283.918
168.98
-98.1385
-315.65
-207.581
124.41
327.725
258.885
-14.9501
-238.414
-230.324
-14.0342
194.471
288.039
212.025
20.0044
-80.7376
-8.53921
291.702
602.934
716.193
572.864
394.734
358.253
444.647
586.602
646.742
577.291
450.447
446.326
600.492
733.441
628.272
459.606
486.165
585.228
671.622
528.751
131.431
-160.721
-138.893
-16.7817
-20.7504
-212.923
-647.335
-1088.16
-1177.45
-947.882
-717.702
-772.805
-1165.55
-1527.76
-1598.43
-1354.67
-957.651
-790.206
-946.814
-1164.78
-1247.06
-1047.71
-610.396
-253.983
-184.685
-312.597
-357.015
-207.886
3.36666
200.882
402.366
481.891
350.927
224.541
240.263
368.327
519.44
486.165
238.279
1.68763
-64.7105
89.3026
272.012
286.665
184.244
8.25112
-47.4623
123.036
343.142
390.46
272.165
127.768
48.7006
121.052
296.74
422.972
495.476
460.827
377.638
379.317
464.49
721.84
944.694
963.468
845.02
796.634
800.144
817.85
857.842
773.89
712.987
768.243
912.334
975.527
860.284
596.829
527.378
674.064
807.624
762.137
343.905
-138.13
-290.312
-134.772
-7.77601
-89.1328
-527.971
-1160.36
-1520.89
-1362.6
-1006.04
-850.04
-1139.9
-1674.6
-1964.61
-1853.19
-1352.83
-933.381
-957.956
-1232.86
-1496.16
-1454.8
-1001.31
-487.98
-259.631
-399.296
-613.907
-574.373
-317.329
-7.3181
305.135
431.978
264.075
42.7476
51.906
256.748
526.92
651.626
424.346
90.3711
-50.0571
98.0031
406.487
577.443
492.729
213.246
-51.8888
-2.281
317.499
587.06
598.355
364.664
138.453
96.0188
287.581
558.669
705.661
655.137
462.353
343.753
391.834
700.623
1067.87
1194.26
1060.7
903.481
959.042
1095.35
1247.68
1188.61
986.822
896.765
980.564
1168.01
1213.49
979.038
681.849
697.723
809.761
873.564
655.747
133.415
-277.948
-333.203
-182.853
-120.119
-334.73
-886.826
-1451.74
-1638.88
-1386.57
-1078.08
-1077.47
-1541.5
-2076.5
-2218.6
-1945.23
-1411.6
-1109.68
-1252.86
-1613.85
-1802.2
-1566.22
-982.684
-497.138
-419.292
-624.744
-738.766
-573.458
-344.041
-35.0985
269.722
313.53
84.1129
-86.08
-13.4237
250.642
513.945
538.062
262.09
-40.8988
-82.8746
97.0872
364.054
500.361
429.536
172.949
-2.58628
166.386
465.559
633.462
596.523
433.047
285.902
345.889
557.448
710.087
733.899
676.659
608.887
620.182
784.575
1080.54
1326.9
1320.34
1211.05
1169.23
1190.14
1250.89
1332.55
1238.07
1032.61
977.206
1122.82
1371.32
1314.84
993.386
723.672
755.879
989.417
1078.41
745.347
200.729
-182.09
-264.668
-106.534
-39.0671
-279.474
-867.136
-1435.26
-1612.93
-1346.12
-1086.94
-1189.51
-1699.33
-2232.04
-2413.98
-2133.28
-1662.39
-1430.53
-1541.34
-1835.94
-2010.71
-1824.8
-1288.42
-818.902
-756.014
-926.818
-968.641
-853.246
-631.918
-344.193
-55.2469
15.2725
-129.888
-280.543
-206.818
81.2128
324.978
395.192
185.618
-105.618
-121.34
92.6607
328.946
445.563
391.529
217.214
117.541
271.249
583.549
760.916
725.962
613.008
520.356
599.881
815.714
1011.09
1055.97
965.147
841.204
783.049
884.401
1153.81
1400.32
1426.88
1314.39
1244.32
1262.34
1397.73
1473.44
1404.14
1207.08
1064.52
1172.43
1443.37
1524.42
1280.2
994.454
892.796
1095.5
1164.19
943.625
546.61
109.298
-101.191
-18.6134
-5.48642
-172.321
-556.973
-1157
-1523.18
-1518.75
-1287.35
-1242.78
-1564.09
-2071.46
-2377.66
-2351.4
-2064.59
-1739.78
-1694.14
-1913.63
-2148.54
-2179.07
-1878.07
-1401.98
-1102.81
-1098.69
-1253.01
-1323.37
-1156.54
-817.07
-465.694
-227.577
-376.553
-678.779
-674.2
-333.508
37.8632
183.023
29.9259
-229.561
-372.432
-172.169
174.018
348.637
327.725
261.633
219.199
237.973
479.449
780.759
914.319
833.725
703.676
664.601
754.2
974.153
1207.84
1213.64
1043.76
928.056
937.672
1141.45
1410.24
1518.62
1416.35
1269.66
1241.12
1351.94
1456.04
1553.72
1605.47
1399.56
1122.98
1110
1321.56
1619.97
1737.35
1512.66
1104.05
900.123
970.49
1113.51
1099.62
747.026
261.175
-65.1684
-110.502
-10.2182
10.9986
-328.777
-878.889
-1304.14
-1416.94
-1264.3
-1154.71
-1332.53
-1787.55
-2212.19
-2373.38
-2167.17
-1815.48
-1680.55
-1892.11
-2261.04
-2401.77
-2016.82
-1455.41
-1256.82
-1441.06
-1674.14
-1641.32
-1345.97
-995.048
-739.987
-698.164
-875.378
-1028.32
-943.303
-625.66
-280.695
-136.909
-196.438
-343.735
-358.999
-157.515
158.143
464.032
560.195
441.136
310.019
396.566
766.869
1161.44
1263.25
1057.8
812.661
809.761
1030.17
1296.07
1432.99
1356.97
1176.55
1060.39
1106.34
1286.61
1476.95
1469.77
1318.81
1127.1
1067.11
1240.51
1513.12
1699.95
1576.77
1218.07
871.732
1034.9
1605.93
2070.41
1921.59
1300.19
816.629
858.758
1265.08
1548.69
1470.99
882.112
258.122
36.0315
219.199
522.341
579.886
48.3953
-784.863
-1324.29
-1329.94
-995.811
-859.351
-1199.28
-1894.25
-2512.59
-2604.48
-2171.13
-1745.73
-1741.15
-2174.34
-2632.26
-2724.45
-2415.51
-1959.42
-1710.47
-1790.91
-1976.37
-2092.37
-1989.95
-1574.92
-1051.37
-809.896
-981.615
-1329.79
-1343.37
-887.132
-366.937
-108.06
-256.12
-562.62
-578.342
-203.307
267.585
587.976
627.509
502.04
410.456
536.689
898.291
1266.3
1380.48
1266
1121.91
1031.24
1133.81
1411.01
1627.14
1571.43
1348.27
1083.9
1038.11
1235.32
1442.15
1449.62
1196.4
967.284
955.836
1153.66
1389.94
1547.31
1452.98
1294.39
1158.08
1191.36
1516.18
1914.11
2028.43
1667.75
1265.54
1145.57
1378.65
1689.88
1778.87
1431.16
854.331
475.48
507.687
729.32
810.066
521.425
-263.294
-1006.5
-1249.5
-1025.73
-867.594
-1109.37
-1725.58
-2402.08
-2753.3
-2652.25
-2273.71
-2052.23
-2234.17
-2810.54
-3232.59
-3105.13
-2490.76
-1946.3
-1956.07
-2364.53
-2635.31
-2513.35
-2051.46
-1455.71
-1099
-1204.93
-1549.89
-1643.61
-1238.97
-608.259
-169.726
-99.8176
-357.015
-532.092
-350.909
130.363
663.837
971.558
893.712
591.028
438.236
715.124
1291.64
1693.24
1601.81
1178.38
837.846
883.18
1342.32
1756.12
1725.29
1315.45
874.327
711.308
975.985
1362.01
1509.76
1285.38
904.397
731.151
861.658
1243.26
1665
1811.53
1573.42
1276.38
1214.56
1455.88
1889.99
2235.11
2251.74
1907.24
1564.1
1511.44
1841.91
2228.7
2287.31
1894.72
1212.73
748.705
723.672
928.667
937.062
675.285
-93.2541
-1002.37
-1417.71
-1305.97
-1006.19
-1059.31
-1726.19
-2609.21
-3106.97
-3133.07
-2750.25
-2442.83
-2642.48
-3171.07
-3700.89
-3804.99
-3222.51
-2490.76
-2297.37
-2624.93
-2974.78
-2895.87
-2384.37
-1749.09
-1239.88
-1159.9
-1473.88
-1580.11
-1209.81
-535.298
54.3482
161.501
-85.7747
-271.537
-91.2698
437.473
988.654
1189.83
1041.31
740.615
550.884
814.95
1355.45
1652.79
1516.33
1067.11
738.02
828.383
1156.71
1478.78
1477.41
1085.12
675.133
570.422
800.297
1150.45
1294.09
1081.15
779.538
759.847
1046.5
1432.99
1637.07
1595.4
1486.41
1466.87
1597.84
1852.59
1923.42
1926.78
2071.94
2283.49
2340.43
2208.4
2087.81
2072.55
2146.73
2112.54
1891.97
1489.01
1132.59
861.505
638.041
440.373
186.229
-294.128
-969.557
-1431.29
-1577.37
-1623.92
-1877.61
-2340.72
-2919.37
-3335.31
-3433.16
-3363.1
-3292.42
-3350.73
-3538.17
-3774.46
-3798.27
-3442.47
-2951.43
-2714.84
-2758.03
-2757.12
-2583.26
-2244.55
-1749.54
-1226.6
-991.995
-1105.56
-1209.35
-919.491
-296.417
283.765
452.279
221.641
25.0415
201.34
685.665
1116.26
1213.64
983.312
765.343
732.067
964.232
1326.9
1442.6
1232.27
874.174
696.96
821.972
1115.34
1310.88
1193.95
881.654
624.914
659.563
977.969
1328.89
1393.3
1156.1
881.196
926.072
1333.16
1706.36
1818.1
1698.89
1592.8
1714.61
2061.25
2441.78
2590.45
2420.56
2238.62
2362.26
2686.77
2847.34
2672.11
2276.47
1976.38
1850.91
1815.35
1731.86
1315.3
712.987
230.189
-62.7262
-182.548
-287.564
-715.26
-1440.75
-2079.55
-2355.68
-2388.65
-2458.1
-2708.27
-3145.28
-3643.95
-3923.28
-3807.73
-3504.9
-3305.7
-3389.81
-3671.43
-3791.1
-3446.59
-2809.01
-2313.39
-2201.05
-2247.45
-2178.77
-1935.76
-1434.19
-839.05
-526.445
-606.428
-755.404
-594.827
-116.761
348.79
530.736
412.898
221.336
176.765
470.901
836.32
981.785
905.465
661.242
432.436
529.667
863.795
1143.74
1102.52
770.532
532.415
517.303
796.786
1194.87
1355.29
1152.59
871.732
812.355
1050.17
1457.26
1718.58
1642.56
1390.71
1326.6
1558.91
1936.09
2289.14
2423.46
2291.43
2097.73
2127.5
2415.53
2703.56
2677.15
2410.8
2182.6
2165.66
2305.78
2268.54
2012.25
1636.61
1363.69
1170.6
1006.21
760.153
277.049
-225.592
-541.098
-735.866
-933.687
-1222.02
-1753.82
-2294.77
-2658.97
-2736.05
-2758.64
-2948.53
-3279.6
-3593.43
-3757.82
-3722.71
-3516.35
-3264.49
-3104.52
-3112.31
-3148.48
-3039.35
-2625.85
-2089.62
-1732.14
-1685.89
-1696.12
-1563.02
-1256.67
-845.156
-488.59
-356.404
-484.316
-599.101
-412.576
29.7733
366.038
336.273
80.2969
-102.412
-11.7446
345.432
648.573
691.465
487.234
269.722
233.7
470.443
937.52
1224.79
1137.17
815.408
667.195
876.617
1329.19
1690.95
1719.19
1471.45
1242.95
1328.73
1674.46
2105.21
2285.17
2108.11
1830.15
1793.83
2026.14
2309.44
2400.57
2308.98
2145.51
1990.73
2049.96
2238.01
2330.51
2216.49
1837.79
1449.93
1418.49
1629.43
1682.86
1357.58
784.27
334.289
221.794
252.169
238.584
-31.7404
-617.418
-1194.24
-1379.39
-1335.89
-1300.94
-1456.48
-2014.37
-2580.36
-2880.3
-2754.22
-2473.67
-2424.67
-2696.67
-3158.1
-3443.38
-3223.89
-2632.26
-2224.41
-2265.01
-2615.47
-2820.92
-2649.81
-2055.13
-1433.12
-1252.7
-1472.35
-1713.67
-1640.56
-1252.24
-727.929
-380.521
-461.115
-802.569
-966.809
-687.327
-117.524
331.236
382.523
87.9289
-249.557
-190.943
346.805
929.735
1181.44
1040.55
667.959
548.595
908.976
1501.83
1905.41
1814.59
1442.91
1213.19
1456.8
1994.7
2435.98
2500.55
2194.81
1889.99
1862.21
2113
2442.7
2577.02
2333.86
1884.95
1609.29
1646.68
1878.54
2064
1907.09
1482.44
1098.1
954.615
1177.47
1430.09
1374.37
993.233
478.075
177.07
327.725
692.381
748.4
410.609
-146.373
-545.677
-527.361
-318.092
-174.916
-407.233
-995.658
-1425.64
-1497.84
-1277.58
-1028.32
-1184.47
-1749.39
-2273.4
-2429.25
-2173.42
-1888.75
-1913.94
-2300.72
-2785.36
-2997.68
-2767.04
-2373.53
-2172.66
-2230.66
-2507.55
-2707.05
-2577.46
-2105.5
-1633.84
-1459.53
-1566.38
-1763.89
-1765.72
-1463.8
-896.29
-464.626
-461.115
-687.174
-775.4
-475.616
107.772
613.619
754.2
581.565
427.094
634.225
1149.08
1674
1973.33
1926.01
1697.82
1661.03
1922.35
2362.56
2714.39
2687.84
2365.46
2049.8
2013.02
2375.99
2718.06
2665.4
2255.71
1742.54
1498.77
1639.97
1918.08
1958.37
1542.28
903.023
518.525
511.808
764.427
915.845
716.498
291.245
-39.0671
-52.4994
181.802
486.012
568.896
299.029
-34.1826
-248.794
-195.522
136.163
450.905
419.614
24.5835
-355.336
-466.152
-196.438
152.343
204.087
-162.552
-738.613
-1082.97
-981.768
-711.291
-580.021
-816.154
-1489.9
-2127.63
-2308.36
-2047.5
-1742.52
-1836.85
-2425.13
-3086.05
-3382.48
-3063.46
-2429.55
-2145.8
-2389.71
-2914.95
-3174.74
-2829.16
-2038.34
-1395.73
-1293.3
-1581.03
-1771.98
-1524.55
-974.594
-275.811
232.478
282.239
56.1799
-5.02851
406.793
1183.73
1891.82
2065.37
1723.15
1411.16
1606.39
2191.15
2758.97
2891.15
2569.69
2122.46
1917.31
2160.47
2558.09
2705.85
2447.28
1934.56
1544.11
1497.25
1685.45
1836.87
1675.53
1200.67
658.8
344.058
474.564
780.149
771.448
353.064
-164.231
-397.617
-245.436
38.0158
160.127
3.82458
-323.892
-537.893
-456.841
-172.932
173.712
251.864
50.9902
-148.662
-126.224
77.2441
201.951
282.697
314.598
299.945
153.869
-5.7917
-66.6948
-47.6149
16.1884
-50.3624
-276.269
-678.321
-984.973
-1069.69
-1061.9
-1098.54
-1274.07
-1719.93
-2208.53
-2392.31
-2337.82
-2195.56
-2208.99
-2422.84
-2702.93
-2840.31
-2699.88
-2348.04
-2100.31
-2029.03
-2011.78
-2027.96
-1862.34
-1406.26
-862.709
-496.985
-381.437
-362.815
-182.243
263.464
801.823
1211.35
1325.83
1197.62
1182.05
1467.64
1922.35
2278.15
2267.92
2013.63
1813.52
1816.26
2043.54
2317.23
2313.41
1972.57
1633.71
1428.1
1424.59
1579.22
1607.3
1367.5
910.35
535.468
496.697
650.405
746.568
634.836
274.302
-58.9102
-131.567
-23.8032
83.1971
86.2499
-92.6435
-350.604
-493.322
-402.044
-268.789
-228.493
-333.814
-534.535
-649.93
-588.111
-308.018
-91.575
-100.581
-289.548
-431.198
-326.029
-9.60769
170.812
102.735
-186.669
-517.134
-505.991
-221.776
60.7591
-24.5663
-433.029
-852.33
-911.859
-666.72
-426.008
-380.216
-751.74
-1169.51
-1310.25
-1210.27
-993.216
-836.303
-1028.78
-1436.63
-1711.38
-1611.56
-1193.63
-832.334
-775.247
-1005.89
-1236.83
-1188.44
-738.919
-204.681
26.2626
-66.8475
-297.638
-327.403
49.9217
573.322
897.223
884.554
638.957
511.656
641.705
954.921
1300.19
1366.59
1095.5
761.221
715.887
964.384
1257.45
1305.38
1115.5
850.515
650.1
704.134
962.705
1142.21
1048.95
788.696
544.168
509.214
685.665
866.237
807.013
502.803
225.457
109.756
163.638
262.701
268.349
74.0387
-271.384
-520.186
-537.587
-408.302
-335.34
-462.947
-738.766
-954.293
-964.367
-841.34
-755.709
-797.685
-943.913
-1055.95
-1064.96
-915.37
-704.88
-622.607
-655.883
-744.261
-749.146
-593.759
-427.229
-339.461
-299.012
-331.829
-440.051
-465.084
-270.468
34.3525
228.662
144.711
-86.5379
-181.785
128.684
594.081
797.244
633.92
341.921
198.135
361.764
713.292
927.446
935.078
606.598
234.005
74.4966
210.04
510.587
622.625
371.38
-129.735
-510.723
-551.478
-228.798
64.4224
8.25112
-366.326
-754.946
-829.587
-433.182
21.3781
131.736
-55.0942
-383.727
-540.487
-343.735
77.8547
459.758
509.061
226.525
-18.4608
53.585
450.447
883.333
951.41
650.863
312.156
193.403
377.028
701.387
848.531
612.856
174.018
-128.972
-119.813
145.474
356.574
259.953
-164.537
-644.282
-853.856
-720.297
-461.573
-398.991
-666.568
-1136.09
-1393.59
-1277.13
-959.941
-743.651
-824.855
-1118.53
-1402.44
-1380
-1057.63
-801.653
-790.969
-942.387
-1117.46
-1048.17
-750.672
-368.616
-190.18
-214.602
-204.833
-106.228
133.263
449.837
722.298
848.073
849.752
869.748
978.885
1162.36
1363.38
1449.47
1399.1
1387.2
1483.51
1636.15
1718.88
1714.61
1684.38
1554.18
1443.52
1418.49
1358.5
1235.01
1104.97
936.604
767.022
652.389
527.683
286.971
37.4052
-110.96
-160.263
-235.514
-390.901
-585.211
-757.388
-817.07
-708.696
-627.339
-735.561
-812.949
-844.24
-849.43
-770.82
-634.971
-604.443
-649.472
-652.372
-624.134
-599.712
-548.883
-489.201
-453.025
-523.392
-589.637
-560.331
-500.038
-433.487
-455.925
-550.562
-619.707
-548.425
-473.021
-439.745
-451.346
-493.627
-514.691
-504.007
-468.747
-468.9
-502.022
-598.185
-691.143
-703.048
-638.024
-582.311
-586.89
-617.418
-635.277
-574.373
-468.442
-374.568
-304.66
-311.986
-298.096
-241.009
-159.652
-28.0771
25.9573
-13.271
-42.5778
23.0571
152.037
369.701
569.201
613.161
609.65
602.476
678.338
847.615
973.848
1039.79
1045.74
999.949
1004.99
1108.63
1233.03
1293.63
1269.21
1168.62
1136.71
1186.63
1245.24
1289.05
1315.91
1318.51
1351.48
1314.23
1243.56
1204.64
1207.08
1239.59
1201.89
1066.04
878.906
675.285
559.585
537.299
467.696
333.373
33.8945
-316.718
-528.887
-517.286
-473.021
-603.68
-930.023
-1349.93
-1597.67
-1546.84
-1355.58
-1349.02
-1544.09
-1847.54
-1993.16
-1896.99
-1615.98
-1356.65
-1323.68
-1438.31
-1563.63
-1529.44
-1316.96
-961.009
-719.686
-750.977
-963.146
-1033.82
-781.047
-366.326
-70.6634
-55.5521
-217.045
-289.396
-114.929
217.367
501.734
611.177
471.359
306.356
367.259
594.997
840.441
878.448
723.977
531.041
465.101
563.401
715.735
740.31
572.101
317.651
158.906
178.444
277.354
332.762
265.754
121.967
-13.729
-28.9929
61.9802
130.515
123.799
25.8047
-88.9802
-98.9017
42.4423
265.906
392.139
332.61
206.988
177.07
305.44
532.567
669.485
612.245
471.817
451.974
630.562
847.463
935.078
879.975
745.347
676.201
818.614
1061.31
1134.88
1004.68
698.944
475.633
564.927
797.397
967.132
791.749
397.176
154.785
246.674
492.729
595.76
418.851
31.9102
-264.515
-339.919
-246.962
-191.401
-319.008
-685.953
-1103.42
-1338.94
-1263.69
-1015.04
-952.003
-1199.74
-1563.78
-1710.93
-1538.75
-1236.98
-1109.83
-1194.55
-1364.43
-1395.57
-1242.78
-967.573
-675.879
-538.503
-514.844
-562.01
-526.75
-261.463
135.705
344.363
277.507
85.1814
0.924431
191.876
497.766
659.869
578.054
368.48
241.026
356.422
629.646
777.248
720.619
489.218
348.332
373.67
464.796
549.816
495.171
283.307
-26.5507
-173.39
-78.1428
76.023
104.414
-132.177
-455.162
-591.622
-475.616
-306.339
-308.628
-532.245
-781.658
-864.846
-773.873
-605.665
-519.271
-555.446
-647.335
-669.62
-582.769
-380.369
-171.1
-86.08
-108.213
-98.7491
-14.6448
172.491
391.376
513.945
527.836
460.98
493.95
686.733
852.652
925.003
880.433
798.313
791.444
891.117
1019.33
1062.99
1054.44
1002.09
950.952
948.052
986.822
965.911
933.246
922.714
979.19
933.246
810.676
755.879
822.735
917.677
933.856
857.384
679.559
561.722
544.321
616.061
624.456
547.984
326.046
34.963
-126.682
-154.768
-85.6221
-138.435
-410.286
-771.278
-1012.91
-1010.16
-855.383
-795.243
-941.166
-1182.95
-1388.55
-1395.42
-1222.18
-1016.57
-927.428
-1021.3
-1189.36
-1261.1
-1155.62
-970.32
-818.749
-824.702
-966.962
-1084.95
-1035.34
-850.498
-661.378
-626.118
-753.572
-856.146
-873.547
-698.469
-489.506
-345.109
-381.895
-529.955
-631.613
-534.535
-303.133
-157.973
-158.736
-302.065
-380.369
-339.614
-194.454
-77.8375
-71.1214
-213.229
-325.419
-333.508
-206.055
-32.9615
15.7305
-28.0771
-140.572
-136.298
-1.97572
175.391
283.307
280.407
250.032
263.769
401.908
634.988
785.491
807.013
786.254
814.187
1018.57
1297.75
1481.53
1553.57
1511.29
1530.83
1653.25
1763.6
1843.43
1857.48
1794.44
1753.84
1769.4
1819.62
1849.54
1797.18
1703.31
1604.55
1543.5
1519.38
1495.26
1443.37
1306.45
1135.95
961.789
792.97
704.134
653
634.836
525.699
266.212
-52.8046
-209.565
-130.956
-77.3796
-243.757
-639.856
-1055.65
-1230.11
-1218.51
-1262.32
-1443.96
-1725.27
-2039.56
-2271.88
-2380.56
-2350.03
-2289.89
-2360.41
-2597.15
-2833.74
-2846.26
-2603.26
-2345.75
-2306.68
-2382.54
-2441.46
-2370.02
-2119.24
-1801.75
-1553.1
-1423.05
-1417.25
-1392.37
-1168.6
-808.675
-493.78
-328.166
-287.106
-268.789
-153.699
61.0644
326.352
522.646
580.344
543.405
571.643
695.892
941.946
1177.32
1224.48
1123.89
1036.12
1113.21
1257.45
1404.44
1497.4
1465.35
1339.72
1243.87
1296.99
1448.86
1570.97
1571.58
1438.63
1301.72
1315.15
1432.53
1498.01
1478.63
1374.07
1261.42
1231.66
1298.66
1380.63
1345.83
1214.87
1129.69
1124.2
1144.8
1133.51
1118.09
1044.06
974.764
921.34
837.694
791.291
763.969
659.563
482.654
277.66
122.731
39.3896
-61.1998
-189.57
-396.549
-592.538
-726.25
-834.624
-946.508
-1105.25
-1230.42
-1320.17
-1413.58
-1458.61
-1507.92
-1581.34
-1671.7
-1721
-1673.68
-1614.31
-1546.23
-1480.75
-1485.78
-1479.53
-1420.61
-1350.24
-1206.76
-1017.33
-836.15
-777.384
-806.385
-760.594
-573.305
-328.929
-153.852
-140.878
-295.501
-387.848
-248.794
-52.9573
45.3425
43.6635
-99.6649
-248.794
-280.848
-140.114
61.3696
154.327
53.4324
-147.441
-244.978
-131.567
145.932
295.061
257.969
88.5394
-17.087
66.712
335.815
588.891
690.397
630.562
506.619
550.579
781.37
1043.6
1191.05
1168.31
1032.16
1018.72
1147.09
1382.92
1559.37
1556.17
1444.74
1318.81
1345.07
1533.58
1707.28
1697.97
1501.67
1256.23
1141.14
1154.27
1220.97
1170.6
936.604
602.171
285.902
177.986
221.946
145.169
-125.614
-507.975
-777.536
-826.534
-787.458
-852.482
-1085.56
-1342.45
-1545.01
-1605.61
-1599.19
-1612.02
-1654.14
-1704.06
-1753.67
-1735.96
-1621.02
-1452.05
-1339.71
-1365.2
-1412.67
-1370.39
-1183.86
-943.15
-779.216
-780.742
-847.293
-783.337
-572.389
-300.691
-87.6064
-11.2867
-18.4608
36.0315
177.986
403.892
590.57
667.348
683.07
659.716
720.467
881.043
1072.3
1157.63
1079.63
966.063
951.41
1051.39
1187.54
1203.57
1127.71
1012.92
945.915
976.901
1023.3
1072.15
1015.52
938.741
909.281
879.211
864.863
897.376
915.845
833.878
677.575
544.779
472.275
497.308
527.988
423.583
220.115
-2.73891
-43.6463
31.4523
36.7947
-56.0101
-257.341
-505.075
-606.886
-574.984
-522.018
-555.599
-746.856
-1038.4
-1222.33
-1228.43
-1102.81
-1000.85
-1092.58
-1260.33
-1348.71
-1326.89
-1227.52
-1073.2
-983.905
-950.782
-1014.89
-1064.8
-975.052
-748.23
-503.243
-416.239
-481.416
-543.082
-477.753
-285.732
-75.7005
52.6692
41.9844
-60.8945
-60.4366
103.956
303.456
476.244
513.182
462.964
417.019
477.312
662.616
848.531
907.755
803.502
679.559
675.438
800.45
897.528
878.296
770.532
664.753
625.372
623.998
634.378
658.8
660.479
544.015
373.517
288.802
322.688
389.697
390.918
259.801
130.057
79.839
123.341
213.704
212.941
166.08
75.4125
9.3196
57.401
149.443
147.306
68.2384
11.3039
32.0629
81.9759
85.7919
44.4267
-64.4052
-142.862
-162.094
-189.875
-234.293
-270.926
-337.019
-461.573
-586.89
-603.528
-578.8
-598.338
-703.201
-828.365
-897.816
-890.642
-838.898
-837.218
-899.037
-992.147
-1047.86
-1051.52
-960.246
-864.694
-851.109
-900.869
-917.049
-879.958
-780.895
-623.371
-458.215
-392.275
-410.897
-374.263
-204.07
40.6107
212.788
290.939
280.407
324.673
528.904
773.28
857.689
850.21
844.41
896.612
1041.01
1173.96
1239.29
1264.17
1254.4
1256.84
1264.17
1251.5
1206.78
1115.65
978.274
827.314
768.701
781.828
759.084
642.01
469.985
340.7
335.51
375.654
329.252
246.369
187.297
180.123
217.672
273.08
293.992
300.25
283.613
271.859
282.086
354.132
450.295
487.081
471.054
400.229
415.035
456.706
503.871
476.244
368.327
225.152
85.1814
25.652
17.8674
-37.3881
-209.413
-426.619
-613.296
-727.929
-794.479
-881.331
-1025.12
-1184.02
-1359.86
-1481.36
-1529.29
-1556.91
-1635.52
-1765.27
-1871.96
-1938.82
-1955.45
-1968.43
-1943.7
-1944.31
-1930.12
-1902.79
-1847.23
-1725.89
-1583.63
-1460.14
-1369.78
-1213.47
-1017.94
-783.337
-568.573
-406.928
-265.279
-63.1841
203.477
455.332
673.912
800.602
890.202
1027.58
1230.74
1434.67
1539.38
1577.38
1607.61
1642.41
1668.82
1661.03
1625.01
1585.78
1536.17
1474.2
1404.29
1348.73
1290.27
1204.18
1127.25
1028.34
942.099
926.53
886.538
798.16
715.735
648.115
633.309
624.914
578.97
493.186
429.841
411.524
466.475
507.687
498.071
432.741
390.46
379.317
380.844
370.77
350.316
330.32
232.173
109.146
7.64056
-34.4879
-64.2526
-170.49
-356.404
-539.877
-628.713
-634.361
-667.026
-732.66
-835.082
-944.524
-1001
-1008.33
-976.12
-950.935
-970.931
-1033.97
-1098.23
-1090.91
-1016.42
-929.718
-931.092
-925.597
-902.701
-889.879
-848.819
-766.699
-690.074
-637.719
-649.319
-663.057
-596.506
-452.567
-288.632
-211.55
-195.522
-173.695
-89.5907
9.62488
68.5437
118.762
189.129
275.37
330.473
364.511
363.901
400.534
424.041
408.93
395.039
421.904
471.206
456.4
410.914
343.905
361.153
393.055
375.196
313.988
247.895
234.921
310.477
408.93
474.107
501.582
474.259
473.191
514.709
616.824
730.541
745.499
691.16
634.073
600.95
636.515
695.128
716.803
648.879
497.613
401.45
357.185
378.249
368.938
240.568
47.4794
-139.656
-256.273
-247.115
-242.077
-328.319
-508.739
-708.391
-789.9
-778.452
-729.608
-765.936
-842.103
-923.918
-964.978
-934.45
-825.771
-741.666
-737.698
-813.254
-890.184
-891.253
-787.305
-617.265
-584.906
-609.786
-657.867
-631.461
-479.89
-310.155
-194.454
-161.331
-171.558
-80.2797
102.582
272.165
412.746
450.295
423.125
417.935
510.435
633.615
710.545
712.377
676.048
624.151
599.881
629.646
693.755
724.435
693.755
625.83
556.99
554.7
609.498
650.71
572.559
447.242
359.474
335.968
344.821
386.186
358.711
287.276
239.042
215.841
260.106
310.477
350.927
327.725
262.396
198.592
176.307
218.436
210.651
141.811
37.2526
-45.02
-45.02
-43.6463
-73.8689
-132.94
-228.95
-280.237
-308.628
-310.46
-299.47
-325.724
-396.701
-477.142
-533.466
-536.519
-498.97
-507.975
-576.816
-655.73
-662.446
-584.6
-512.554
-501.717
-498.97
-518.355
-520.492
-458.062
-373.805
-311.223
-279.016
-274.895
-292.143
-266.347
-211.244
-159.805
-157.821
-191.096
-185.601
-152.478
-86.5379
-24.719
-12.5078
-44.2568
-77.0743
-69.2897
-58.6049
-35.5564
7.48792
86.8604
103.651
90.829
87.3183
152.037
278.881
372.296
394.734
356.879
369.396
453.806
524.172
536.994
540.657
555.616
567.827
602.934
626.899
626.593
624.609
663.837
659.869
587.67
535.926
501.887
501.734
496.392
428.009
314.446
189.281
165.775
148.374
61.8275
-58.6049
-174.916
-257.799
-337.172
-401.586
-452.415
-520.644
-593.911
-679.237
-779.673
-822.565
-843.324
-862.709
-896.595
-926.513
-929.107
-916.896
-895.069
-872.783
-865.915
-836.303
-781.658
-704.727
-629.934
-593.759
-552.393
-468.289
-390.901
-292.906
-219.792
-163.621
-128.056
-74.3268
16.7989
116.472
219.962
235.531
235.989
264.533
297.808
343.295
412.288
436.557
402.824
361.306
336.426
366.19
388.628
391.681
386.797
372.143
365.58
439.152
531.804
580.191
593.776
605.071
634.531
700.623
735.12
764.121
781.217
799.228
813.882
796.481
786.559
818.003
891.881
891.117
825.177
775.569
788.849
815.256
807.471
778.469
710.392
633.004
589.502
561.874
528.294
464.796
326.199
168.065
45.4951
-5.33378
-18.1555
-88.5223
-234.903
-401.28
-496.527
-533.619
-540.335
-602.001
-695.569
-821.344
-919.949
-930.481
-873.089
-844.24
-921.323
-999.169
-1019.32
-966.657
-904.075
-870.036
-910.18
-942.845
-905.448
-844.545
-765.02
-691.448
-667.026
-678.016
-679.695
-629.324
-546.135
-444.477
-366.173
-343.583
-335.188
-284.359
-188.196
-119.661
-91.1171
-114.318
-169.879
-184.532
-127.293
-58.9102
-61.3524
-131.261
-197.812
-209.107
-149.883
-78.6007
-13.271
-2.89155
-27.6191
-19.3766
24.5835
138.91
263.312
335.052
351.079
350.163
366.801
402.061
497.766
569.354
627.814
627.356
612.245
641.552
731.457
825.177
848.378
801.823
713.598
648.421
629.188
636.973
624.456
589.502
486.47
371.991
289.26
230.189
196.608
164.859
53.7377
-52.3467
-127.751
-155.226
-126.682
-133.093
-194.301
-266.347
-278.864
-248.946
-235.361
-273.979
-276.116
-237.651
-190.791
-167.132
-195.675
-227.577
-199.796
-143.625
-110.96
-85.0115
-62.2683
6.41945
53.8903
85.0287
107.925
124.104
124.257
143.49
141.047
126.241
129.599
136.926
141.505
102.43
56.1799
-13.8816
-37.0828
-72.0372
-107.297
-133.856
-189.875
-264.668
-326.334
-374.721
-384.185
-391.511
-415.323
-426.161
-441.119
-455.62
-428.908
-360.678
-299.012
-269.095
-255.51
-210.939
-92.033
71.1386
236.6
334.747
362.832
389.239
457.927
584.007
725.351
835.099
868.985
839.983
817.698
852.805
918.592
966.063
937.52
843.494
773.432
752.673
732.372
674.217
607.819
509.824
372.601
259.19
194.776
127.157
12.6777
-124.545
-239.941
-332.593
-415.018
-481.416
-590.858
-670.536
-690.99
-701.064
-752.046
-821.191
-823.634
-797.838
-769.447
-736.934
-733.118
-697.706
-630.239
-551.63
-475.463
-419.902
-351.673
-224.066
-112.792
-50.0571
-36.0143
-20.2924
30.0786
120.594
205.003
205.766
134.179
93.2713
122.425
168.37
188.671
137.995
52.9745
1.38235
15.4252
39.3896
68.849
67.4752
38.4737
-22.582
-57.5365
-55.2469
-4.87587
70.9859
49.0058
-31.7404
-104.549
-103.481
-6.70754
108.535
126.241
76.1757
9.01432
-20.1398
8.25112
58.1642
102.43
71.2912
-12.8131
-88.9802
-102.718
-33.2668
-3.96003
-29.1455
-97.528
-184.38
-227.271
-185.296
-137.367
-95.5437
-115.387
-151.868
-160.568
-184.075
-194.149
-204.681
-207.428
-223.303
-235.667
-255.815
-299.623
-288.175
-277.032
-271.232
-278.558
-264.515
-211.55
-176.29
-152.173
-142.251
-98.5965
-50.0571
-32.8089
-21.6662
7.03001
32.2155
48.09
81.9759
132.042
190.808
229.884
235.531
237.21
253.085
301.166
346.347
340.242
329.252
298.877
287.123
292.313
308.951
317.193
319.025
315.209
343.753
384.049
416.561
403.74
373.975
382.676
426.941
480.059
518.219
533.178
523.867
547.526
575.764
619.572
653.61
677.575
686.123
682.612
718.94
738.631
712.071
689.328
618.045
541.726
443.426
336.578
260.564
227.899
160.738
32.2155
-85.7747
-200.56
-267.263
-324.503
-397.006
-493.017
-612.686
-709.307
-750.672
-749.603
-774.636
-842.713
-912.164
-969.252
-990.774
-997.948
-997.337
-997.642
-994.59
-1004.36
-999.627
-964.367
-899.343
-817.528
-758.914
-711.138
-680
-632.224
-572.236
-483.858
-384.49
-331.219
-307.255
-241.162
-185.143
-120.424
-70.5108
-56.9259
-53.5678
-53.8731
-51.1256
-56.1627
-34.9458
-17.2397
-29.2982
-24.2611
-21.6662
-27.4665
-11.592
-0.754603
11.4565
6.11417
15.5778
35.5736
43.6635
61.8275
125.783
202.256
243.163
289.566
344.668
404.045
459.758
494.866
574.085
654.526
700.471
747.636
780.606
800.144
843.036
876.769
906.076
906.229
900.734
880.28
836.167
774.043
726.725
683.833
622.93
569.811
501.582
411.677
335.663
264.533
221.336
181.344
101.819
18.6306
-61.0472
-123.477
-128.056
-187.127
-299.928
-400.517
-486.758
-507.059
-510.418
-488.132
-493.475
-545.372
-585.363
-648.098
-682.9
-662.752
-634.361
-631.918
-669.315
-684.426
-691.753
-675.726
-627.034
-554.53
-549.951
-579.105
-557.43
-490.422
-420.208
-342.056
-282.527
-272.3
-330.456
-360.22
-313.818
-264.363
-225.592
-239.941
-270.163
-305.575
-309.544
-246.809
-150.952
-126.987
-125.919
-112.334
-49.7518
63.3539
178.902
276.286
335.968
379.775
447.089
516.693
590.418
679.712
751.452
808.845
839.678
864.863
941.03
1007.43
1032.77
1001.02
938.283
920.119
875.701
836.167
793.123
711.308
631.172
570.727
502.497
449.532
388.628
340.7
297.808
229.12
167.149
95.1029
44.274
16.4936
-58.4523
-107.907
-159.652
-193.996
-247.115
-311.223
-356.404
-384.185
-437.456
-497.138
-537.74
-585.211
-620.318
-656.493
-659.088
-666.262
-671.605
-700.454
-698.317
-656.951
-611.77
-559.262
-535.45
-515.149
-459.894
-409.676
-383.422
-365.715
-346.178
-347.704
-346.33
-305.575
-260.852
-222.692
-226.814
-259.02
-317.329
-353.046
-369.837
-374.263
-346.788
-336.867
-340.988
-388.611
-396.396
-369.226
-309.239
-283.595
-270.926
-253.373
-215.06
-119.355
-23.3452
63.3539
110.214
130.057
166.386
194.013
224.083
307.577
401.908
438.999
444.342
457.927
476.244
512.877
571.948
593.165
546.305
498.071
493.339
508.756
526.767
520.051
500.208
491.202
473.343
461.285
468.154
475.786
458.995
431.673
364.511
354.59
389.85
375.959
350.163
310.63
223.473
166.691
137.079
91.8975
28.5522
-47.9202
-105.313
-170.184
-190.791
-201.17
-205.597
-254.899
-312.902
-368.158
-386.016
-351.978
-318.855
-312.75
-343.43
-368.158
-339.614
-273.216
-250.473
-264.973
-277.337
-253.22
-196.744
-141.03
-110.197
-122.408
-141.793
-139.962
-117.066
-69.2897
-21.8188
16.341
17.4095
21.0728
20.6149
33.284
101.819
146.39
147.916
137.231
165.164
208.361
269.57
333.678
372.601
369.701
335.052
364.054
422.209
489.523
504.787
466.017
401.908
375.502
415.951
454.263
421.904
342.379
244.995
171.423
129.752
115.404
128.226
95.7135
25.1941
-40.1356
-76.4637
-72.953
-76.6164
-92.6435
-150.952
-228.493
-264.821
-265.279
-253.525
-222.082
-218.876
-270.926
-285.274
-246.657
-213.229
-192.775
-195.828
-218.571
-279.016
-319.466
-322.213
-293.059
-297.791
-344.956
-388.459
-392.275
-365.715
-361.136
-346.483
-353.81
-344.041
-338.393
-320.229
-297.028
-273.216
-277.49
-301.759
-297.944
-283.443
-268.331
-271.995
-262.379
-245.588
-227.882
-213.992
-223.455
-217.35
-161.026
-124.087
-85.0115
-42.2725
23.6677
107.314
198.745
241.179
252.627
317.346
409.235
498.834
564.622
580.191
596.981
616.824
651.474
696.044
729.014
739.241
705.813
686.275
685.97
704.287
688.26
646.131
595.302
520.051
490.134
483.723
462.506
416.561
339.326
253.848
183.329
107.314
70.528
48.2426
10.3881
-17.5449
-55.0942
-83.7904
-105.923
-142.251
-186.364
-237.498
-281.916
-304.354
-302.37
-292.754
-293.059
-318.702
-367.852
-406.775
-422.192
-407.233
-398.075
-419.597
-448.751
-451.651
-486.911
-498.817
-492.864
-509.807
-553.309
-599.101
-626.118
-631.461
-616.349
-604.138
-627.187
-650.235
-678.626
-684.121
-656.951
-643.672
-633.14
-645.656
-628.103
-578.8
-532.398
-481.874
-442.493
-404.944
-349.688
-282.374
-216.739
-116.303
-4.57059
108.84
179.665
235.684
339.631
448.768
553.174
619.419
669.027
721.688
792.818
854.026
898.902
928.056
978.427
1000.1
1012.77
1013.84
1024.37
1030.32
1029.1
1004.38
949.578
935.841
925.309
905.771
845.936
770.227
690.244
625.677
578.97
504.329
406.793
331.694
245.453
192.334
153.564
68.391
-21.3609
-113.708
-167.742
-208.955
-263.905
-301.149
-342.972
-393.496
-429.366
-446.156
-473.326
-498.054
-537.74
-565.52
-605.817
-628.713
-612.533
-642.756
-672.673
-702.896
-736.324
-755.862
-774.942
-778.758
-774.484
-782.116
-813.865
-841.492
-859.046
-848.209
-850.803
-849.124
-846.072
-808.675
-781.81
-761.051
-735.866
-699.69
-688.853
-663.21
-604.749
-558.346
-495.001
-453.941
-399.754
-351.673
-290.769
-225.44
-136.451
-73.1057
11.1513
102.43
187.755
288.039
379.775
439.915
464.032
505.398
549.205
594.692
642.315
692.534
742.141
770.532
779.538
765.037
780.149
781.217
768.853
752.216
732.83
720.467
708.561
711.613
680.17
636.973
593.776
522.951
455.332
418.851
422.514
414.577
383.744
351.537
322.994
304.066
277.202
233.242
189.434
170.202
129.142
87.7762
58.6221
35.1157
-3.34947
-41.5093
-66.6948
-101.955
-141.183
-190.485
-236.125
-269.705
-292.754
-315.497
-360.373
-407.081
-409.523
-416.392
-459.589
-518.507
-556.667
-581.7
-589.332
-617.112
-666.72
-697.706
-697.096
-680.61
-654.814
-655.272
-642.451
-633.292
-638.787
-620.623
-574.526
-499.427
-467.373
-428.603
-389.222
-337.019
-310.613
-248.641
-181.938
-156.142
-108.976
-47.0043
45.1899
113.572
190.35
235.684
250.795
277.507
313.835
355.506
377.791
385.118
393.055
419.004
439.61
449.684
453.042
464.49
494.56
491.813
466.627
462.353
506.771
532.72
524.478
489.37
479.907
484.028
472.428
437.32
407.556
408.014
385.881
364.817
321.315
321.772
317.651
287.276
265.601
212.635
178.902
191.724
210.804
189.434
148.985
99.9874
69.9174
45.3425
3.36666
-13.5763
-37.5407
-98.2912
-154.92
-210.634
-284.053
-342.362
-403.875
-438.524
-477.295
-520.339
-547.509
-587.195
-616.655
-631.461
-628.866
-648.861
-649.93
-637.108
-643.672
-635.734
-612.228
-593.759
-569.336
-541.556
-507.975
-459.589
-388.153
-308.628
-265.431
-233.072
-216.587
-192.012
-167.589
-130.04
-62.4209
-0.907242
55.1114
99.0716
157.075
206.224
239.958
230.647
242.4
259.038
295.366
351.232
373.517
368.175
386.492
422.514
412.135
419.767
382.981
384.66
410.151
402.213
382.37
363.901
348.79
353.827
388.018
382.523
365.427
348.79
351.384
346.653
319.788
289.413
273.233
253.695
232.631
235.379
241.484
245.147
248.2
248.963
237.821
229.884
220.115
198.898
159.975
116.778
106.246
88.5394
37.4052
-23.6505
-92.9488
-148.357
-190.485
-223.608
-277.642
-324.503
-346.635
-376.858
-397.617
-415.323
-433.64
-450.736
-492.711
-533.924
-514.539
-465.847
-433.945
-422.803
-410.744
-428.908
-439.288
-412.423
-380.674
-316.718
-265.126
-243.299
-222.082
-152.783
-74.6321
-6.09698
15.8831
16.0357
33.284
91.5922
179.36
276.591
319.635
301.013
296.434
328.641
381.912
394.276
395.345
394.734
403.129
415.798
412.288
404.35
388.171
362.985
332.152
297.35
267.891
255.985
241.179
227.289
210.346
168.522
147
140.589
126.394
141.811
140.284
120.136
82.1286
37.8632
34.0472
46.411
58.1642
37.7105
28.3995
16.1884
24.1256
29.1627
2.14555
-34.9458
-83.4852
-107.755
-129.43
-144.846
-166.521
-198.423
-232.156
-290.312
-328.929
-340.835
-356.71
-378.69
-410.133
-410.591
-419.292
-434.708
-455.925
-476.074
-481.721
-476.379
-459.131
-443.867
-428.908
-432.114
-404.028
-377.927
-366.021
-352.283
-352.741
-342.514
-323.587
-272.453
-229.561
-188.043
-145.457
-116.608
-90.3539
-36.3196
26.1099
90.5238
161.196
203.172
249.574
277.66
302.845
352.148
398.245
385.881
386.339
413.509
446.174
482.96
474.107
461.437
476.549
499.597
499.292
498.529
494.713
517.609
534.704
524.63
517.914
493.186
455.942
446.174
423.736
398.245
370.312
351.079
337.036
324.215
317.041
293.992
288.65
285.292
268.807
245.147
209.582
155.395
99.3768
47.9374
-11.4394
-68.6791
-134.772
-165.758
-178.274
-193.996
-216.739
-248.488
-271.384
-303.896
-334.577
-373.347
-409.676
-437.151
-479.126
-534.382
-565.978
-550.104
-543.235
-556.973
-576.358
-610.702
-618.944
-606.733
-583.684
-554.225
-520.644
-496.222
-487.674
-480.042
-473.937
-426.313
-391.817
-363.884
-345.262
-330.608
-288.327
-217.503
-184.532
-166.674
-155.226
-146.983
-119.966
-69.2897
-18.6134
28.0942
75.8704
122.578
143.795
168.37
187.602
217.062
246.216
259.496
262.854
250.642
270.18
309.561
346.805
356.727
354.132
344.821
362.527
422.667
465.864
489.981
499.597
495.629
491.813
511.961
544.015
560.195
550.884
519.135
473.343
411.219
394.887
402.977
402.213
391.223
353.979
325.283
299.182
270.791
244.232
191.113
114.183
30.8418
-13.271
-47.7675
-67.6107
-116.303
-191.249
-259.784
-304.202
-307.407
-322.061
-348.467
-389.374
-419.292
-452.567
-482.637
-491.796
-518.66
-544.609
-549.798
-540.335
-524.613
-517.134
-487.369
-463.099
-479.432
-461.726
-463.71
-455.62
-436.845
-415.476
-384.337
-361.289
-348.162
-339.309
-326.64
-297.638
-251.694
-231.393
-217.503
-189.722
-138.283
-78.906
-30.214
6.41945
11.3039
13.4409
43.9687
52.0586
63.8119
77.702
87.1657
94.0345
109.909
145.932
183.329
204.24
226.525
266.822
299.029
328.183
332.915
351.079
382.981
450.753
513.335
549.816
580.954
600.034
646.894
687.344
697.876
703.981
687.496
657.426
615.603
567.674
534.246
514.403
495.781
441.442
370.617
289.413
228.662
183.634
143.642
98.461
30.3838
-45.6306
-98.9017
-162.552
-222.082
-255.357
-298.859
-362.052
-421.276
-452.109
-462.947
-447.072
-462.183
-491.185
-514.844
-556.667
-567.199
-565.52
-551.63
-535.908
-528.887
-529.497
-516.981
-498.054
-452.567
-405.86
-376.4
-331.524
-324.197
-287.869
-222.387
-159.194
-118.134
-81.1956
-80.4324
-76.769
-40.4408
5.96153
50.9902
62.5907
67.4752
50.5322
42.1371
52.2113
83.8076
107.314
109.604
78.7705
61.0644
67.1699
83.655
102.735
107.467
94.7977
83.1971
86.7078
125.02
185.618
209.125
210.04
190.655
185.16
222.557
234.31
265.143
273.996
272.317
263.312
268.196
279.339
278.575
266.975
238.431
223.931
216.299
243.621
254.764
240.568
209.582
206.53
204.698
191.876
171.575
146.237
142.421
115.099
88.9974
79.0758
60.4538
46.411
10.6934
-27.0086
-68.9844
-79.0586
-84.5536
-79.0586
-88.3696
-116.15
-147.288
-165.147
-157.21
-149.731
-149.883
-182.243
-201.781
-233.377
-236.277
-224.829
-251.541
-256.273
-256.578
-232.614
-207.734
-201.017
-200.56
-181.785
-166.979
-150.646
-143.015
-132.177
-107.45
-83.6378
-86.2327
-102.718
-90.3539
-71.4266
-39.8303
0.00859423
37.1
52.9745
65.7962
95.7135
128.684
161.196
180.581
188.671
190.655
163.027
151.732
184.397
213.551
252.779
251.558
241.484
255.374
278.423
308.951
326.81
331.083
333.831
345.126
343.295
342.379
362.68
371.38
338.41
309.103
283.307
282.544
288.65
287.734
270.944
203.324
162.112
144.1
126.852
87.013
43.3582
1.22971
-48.0728
-69.1371
-83.6378
-102.26
-143.167
-181.785
-204.528
-216.129
-218.418
-226.508
-255.052
-295.043
-339.309
-387.848
-398.075
-400.517
-393.648
-383.574
-394.412
-430.282
-456.078
-442.188
-434.708
-423.718
-436.998
-451.041
-450.125
-427.534
-403.723
-371.516
-353.199
-366.784
-367.547
-333.508
-283.901
-226.508
-169.421
-122.866
-93.4067
-75.2426
-43.6463
-23.3452
-3.50211
35.1157
68.0858
112.351
155.243
178.597
216.604
256.595
309.256
332.61
355.811
391.681
417.172
461.59
497.766
517.761
519.135
516.082
525.546
519.746
494.56
469.069
462.048
464.796
454.569
426.636
399.008
364.359
347.874
299.487
260.717
210.651
168.522
132.5
82.5865
36.7947
-6.09698
-21.6662
-50.3624
-81.0429
-101.649
-105.465
-117.524
-119.203
-129.43
-157.668
-178.427
-229.408
-257.189
-248.336
-217.503
-212.008
-219.182
-234.598
-228.187
-206.36
-193.996
-187.585
-194.912
-183.617
-184.99
-156.142
-127.14
-113.402
-119.05
-122.866
-107.755
-104.397
-108.06
-88.0643
-68.8318
-95.5437
-142.862
-172.779
-146.067
-152.478
-163.468
-193.233
-230.019
-223.15
-227.882
-227.271
-219.792
-197.812
-183.311
-154.31
-134.009
-112.181
-59.3681
2.14555
69.7648
87.3183
94.3397
128.378
180.123
233.7
272.928
310.477
339.021
381.912
405.266
420.835
440.526
441.747
440.984
441.747
459.606
455.179
458.385
459.911
450.447
419.156
403.587
397.787
385.27
369.701
330.931
281.628
248.963
226.983
173.56
139.216
92.6607
44.274
24.2783
22.2939
9.01432
-37.3881
-98.1385
-112.487
-126.682
-137.825
-127.598
-143.778
-158.889
-196.896
-213.992
-233.377
-215.213
-197.659
-207.886
-201.17
-179.343
-154.31
-144.541
-155.836
-189.875
-240.551
-265.279
-283.137
-302.828
-287.411
-289.701
-293.364
-334.119
-366.173
-382.353
-398.686
-391.359
-409.218
-427.84
-429.824
-409.828
-402.501
-367.7
-363.273
-343.43
-333.356
-311.376
-277.948
-248.641
-205.139
-188.654
-171.558
-163.01
-122.256
-66.5422
5.35097
58.1642
97.0872
132.042
166.233
217.062
262.854
310.782
344.668
361.764
367.564
398.397
477.77
517.914
550.426
562.637
544.015
540.505
544.931
529.667
498.681
477.465
459.453
458.232
435.336
413.203
394.887
388.934
376.723
346.347
304.524
257.511
206.072
160.738
116.625
88.5394
38.779
23.2098
19.3938
33.284
35.1157
29.7733
31.7576
7.94584
12.9829
14.5093
4.58778
-8.23393
-11.8973
-13.729
-9.76033
-19.224
-30.6719
-43.7989
-70.8161
-129.277
-164.842
-189.875
-197.507
-197.812
-198.423
-207.734
-234.446
-243.299
-254.747
-270.468
-282.68
-295.654
-325.571
-332.593
-336.714
-315.65
-282.527
-287.717
-298.859
-296.264
-293.67
-264.821
-217.808
-174.306
-153.699
-140.725
-132.024
-110.197
-58.7576
-32.1983
-8.69185
7.64056
29.1627
43.5108
86.4025
123.494
134.179
119.373
115.709
140.132
161.654
186.229
230.189
233.394
222.252
238.584
240.11
275.37
275.981
260.717
218.893
165.928
141.353
138.147
127.768
89.9132
79.0758
84.5708
95.2556
101.209
120.441
100.598
74.6493
43.0529
30.3838
29.0101
42.7476
50.227
35.8789
36.7947
27.1784
32.8261
40.7633
57.401
41.6791
49.4638
48.5479
42.9003
52.3639
41.2212
41.3739
23.6677
13.8988
-4.11267
-26.8559
-33.1142
-38.9145
-60.5892
-96.1542
-133.551
-173.237
-167.589
-161.484
-165.3
-168.811
-189.875
-170.49
-155.989
-141.183
-166.674
-182.853
-176.595
-157.821
-120.577
-80.1271
-67.0001
-43.341
-25.3295
-23.04
15.4252
30.3838
56.3325
51.1428
31.6049
30.8418
43.3582
87.013
119.373
100.445
67.9331
61.217
87.6236
104.261
126.547
108.383
86.2499
76.023
63.6592
72.0544
87.9289
100.293
107.925
107.314
99.3768
95.7135
111.588
119.525
103.498
60.6064
46.411
56.9431
60.6064
71.2912
49.3111
38.4737
51.906
61.9802
40.3054
34.1998
28.0942
34.5051
34.6577
26.4152
45.9531
30.5365
30.6891
28.7048
-8.08129
-1.21252
-5.63906
-10.9814
-13.4237
-21.3609
-40.1356
-60.4366
-53.4152
-60.4366
-75.7005
-104.091
-130.803
-149.12
-132.177
-129.124
-136.451
-132.635
-138.283
-138.588
-129.124
-106.228
-96.6121
-61.6577
-46.2411
-19.9872
-5.48642
19.2412
51.1428
55.5693
42.2897
37.1
59.08
82.8918
109.756
133.721
131.736
125.326
136.621
130.668
143.337
168.37
153.869
134.637
101.972
94.0345
93.7292
105.33
106.856
86.8604
79.2284
88.6921
109.909
110.367
83.1971
48.2426
30.9944
2.45082
-14.7974
-27.0086
-63.7947
-99.0544
-108.518
-126.377
-155.226
-151.562
-159.805
-151.715
-114.624
-95.8489
-82.5693
-67.7633
-42.7304
-26.8559
-31.7404
-22.2768
-18.1555
7.94584
24.7362
29.3154
25.0415
-0.449324
4.89305
-11.592
-31.1298
-42.2725
-78.2954
-85.6221
-104.397
-123.782
-133.704
-113.097
-102.26
-123.324
-143.778
-149.883
-160.11
-163.316
-153.699
-151.562
-148.815
-157.21
-159.957
-159.805
-157.057
-149.273
-159.805
-172.321
-144.846
-93.2541
-74.1742
-45.7832
-4.57059
22.5992
36.3368
76.023
93.5765
87.471
116.32
87.3183
86.7078
101.514
130.973
170.812
180.886
187.144
186.534
203.324
216.299
210.193
209.735
201.035
183.481
166.386
156.159
169.896
182.718
176.307
153.716
141.353
116.32
110.367
106.093
82.7391
69.3069
29.6206
11.7618
3.5193
-10.6762
4.2825
-15.1027
-18.7661
-27.3139
-11.2867
28.7048
49.1585
40.916
27.0258
29.9259
19.2412
28.5522
25.1941
48.2426
54.8061
48.7006
45.6478
42.595
35.2683
20.6149
2.45082
-20.7504
-34.6405
-39.9829
-41.5093
-58.9102
-68.8318
-89.4381
-119.355
-146.067
-134.314
-122.713
-108.823
-101.649
-124.545
-135.077
-127.445
-100.581
-94.0173
-83.6378
-79.9744
-76.769
-70.8161
-70.0529
-53.8731
-56.7733
-55.5521
-64.2526
-39.0671
7.7932
35.4209
53.4324
64.4224
65.3383
65.4909
55.4167
48.2426
45.6478
36.1841
33.4366
37.2526
53.4324
49.4638
47.9374
61.0644
53.4324
39.5422
34.8104
26.7205
30.2312
40.6107
40.916
38.1684
42.1371
38.1684
30.2312
50.8375
49.6164
73.1229
85.1814
78.7705
80.6022
80.4496
74.0387
63.6592
64.7277
63.9645
60.4538
54.5009
41.3739
18.6306
12.8303
24.1256
23.6677
32.0629
18.3253
2.29819
-1.82308
-4.72323
-1.97572
-17.3923
-54.4837
-70.5108
-87.9117
-101.039
-111.571
-125.308
-151.41
-162.094
-179.801
-203.46
-189.722
-172.627
-160.11
-170.032
-166.674
-157.973
-121.492
-121.492
-104.397
-88.5223
-70.8161
-47.7675
-36.4722
-2.89155
29.3154
68.6963
89.4553
109.756
116.167
98.461
110.214
101.819
106.246
111.13
87.7762
78.3126
59.2327
39.5422
35.4209
37.8632
37.4052
8.25112
-11.4394
-2.12836
-8.08129
-9.45505
-3.96003
-13.729
-13.4237
-12.2026
-25.0243
-28.535
-49.4466
-27.4665
-21.0556
-19.0713
-23.4979
-33.2668
-42.1199
-47.9202
-43.4936
-43.6463
-42.2725
-43.6463
-24.8716
-10.9814
6.11417
17.7148
29.1627
43.2055
41.5265
57.8589
72.207
81.0601
85.9446
77.2441
53.4324
73.5808
89.9132
81.8233
84.7235
78.16
54.5009
27.4837
13.8988
-4.41795
-6.86018
-16.9344
-28.9929
-25.1769
-48.3781
-68.5265
-80.4324
-102.87
-98.4438
-72.0372
-49.2939
-20.4451
22.7519
34.3525
41.0686
48.2426
48.2426
46.5636
43.3582
50.6849
61.6749
70.3754
67.9331
68.6963
47.3268
34.1998
17.8674
13.1356
11.6092
27.0258
46.5636
46.2583
39.8475
25.1941
34.1998
8.09848
-15.408
-24.719
-28.8403
-26.2454
-36.4722
-28.6876
-14.6448
-13.8816
-21.0556
-28.8403
-31.893
-18.1555
-29.2982
-32.8089
-42.4252
-35.5564
-32.9615
-5.7917
9.01432
25.0415
39.2369
30.6891
42.2897
50.5322
45.8004
21.6834
11.3039
-8.99713
-11.4394
4.74042
17.8674
26.8731
23.3624
28.3995
29.0101
35.7262
44.5793
39.6948
46.8689
46.411
15.4252
-11.7446
-46.3938
-67.458
-82.1114
-91.1171
-117.982
-135.535
-142.862
-146.067
-129.43
-111.571
-86.2327
-91.7277
-80.8903
-83.7904
-87.4538
-79.2113
-91.1171
-97.2227
-83.6378
-52.1941
-26.0927
5.19833
12.2197
13.7461
33.5893
41.2212
47.4794
54.0429
76.6336
92.3554
108.383
116.167
121.052
115.557
103.651
111.283
116.472
137.995
136.621
135.247
117.388
86.4025
82.1286
72.6649
49.769
23.3624
10.9986
31.7576
37.4052
28.5522
33.5893
34.1998
46.1057
68.849
98.461
122.731
117.846
108.23
92.966
97.5452
100.903
114.641
110.52
114.488
134.789
120.899
110.977
102.43
99.9874
93.1186
78.9232
56.6378
41.5265
32.3681
20.4623
-11.7446
-31.2825
-43.7989
-61.963
-86.6906
-90.8118
-88.217
-83.6378
-70.9687
-62.7262
-93.8646
-119.813
-138.13
-158.278
-168.047
-158.278
-150.646
-162.552
-155.836
-158.278
-159.042
-148.815
-142.862
-133.398
-109.281
-71.274
-53.1099
-31.1298
-4.57059
12.8303
41.9844
55.4167
59.3853
62.896
70.9859
71.4438
108.84
126.699
118.915
140.284
120.441
132.652
142.116
138.758
118.609
102.124
95.5609
88.0815
100.751
97.2399
81.8233
45.0372
21.0728
-1.5178
4.12986
8.86168
-7.92865
-11.8973
-11.7446
-25.7875
-18.6134
3.21402
9.47224
6.72473
-5.94434
-16.4765
-31.1298
-30.6719
-28.6876
-25.1769
-33.8774
-40.8988
-28.6876
-9.76033
-10.9814
-18.3081
-19.224
-29.2982
-24.8716
-13.4237
-3.80739
17.5621
39.3896
57.401
56.9431
53.1271
34.1998
32.5208
41.3739
16.9516
13.5935
