1.68897 0.805928 0.946197 1.88514 -0.346312 0.616673 0.570475 1.34521 1.00921 -0.0240566 0.39401 0.0219051 
2.10457 -0.248211 2.03891 1.99303 0.250862 2.05573 1.05451 1.58171 1.31565 0.0793922 0.190748 0.0695953 
2.19677 1.78825 1.77686 1.52503 1.47726 0.742949 0.965165 1.02719 0.220159 0.490964 0.153696 0.0289633 
2.53144 1.9787 2.12923 1.68153 1.75431 1.35763 0.968341 1.10441 0.714373 0.608399 0.210359 0.0587192 
2.64377 2.29194 2.0738 2.17267 0.594969 1.51073 1.16317 0.903487 0.923036 0.445839 0.287612 0.0576856 
2.90152 2.52036 2.47551 2.15781 1.97086 1.85733 1.2588 1.27327 0.843572 0.482656 0.254967 0.0799383 
2.79965 2.32929 2.13208 1.93289 1.69908 1.42772 1.19104 0.958589 0.680652 0.4782 0.29573 0.0634537 
2.88156 2.52084 2.44718 2.21748 2.05494 1.80324 1.48095 1.11971 0.798408 0.505612 0.23953 0.0762535 
3.48441 3.37914 3.50353 2.98417 2.93298 2.10218 1.56981 1.29215 0.676878 0.464118 0.25828 0.0770291 
2.85137 2.42329 2.21712 2.0389 1.91368 1.62725 1.31927 0.945264 0.602578 0.368962 0.181923 0.0531647 
2.93661 2.49731 2.30601 2.12621 1.90885 1.67017 1.30164 0.899854 0.571579 0.37495 0.217077 0.0519492 
3.31347 2.89053 2.79027 2.57148 2.35008 1.99811 1.42334 0.839905 0.594601 0.424623 0.204778 0.0611863 
3.00859 2.53091 2.306 2.2571 2.10924 1.79861 1.37564 0.880826 0.549383 0.33061 0.225531 0.0566817 
2.93421 2.53557 2.3402 2.11145 1.83027 1.4832 1.14113 0.801102 0.514638 0.341063 0.181416 0.0438658 
3.23925 2.70113 2.36213 2.18293 2.22082 2.04011 1.42408 0.694401 0.329769 0.328846 0.351785 0.0698288 
3.16399 2.64605 2.49427 2.55129 2.53284 2.03873 1.21731 0.509236 0.292234 0.355446 0.311695 0.0565143 
3.06451 2.50755 2.19832 2.01984 1.90501 1.73254 1.18165 0.588319 0.292367 0.271199 0.288182 0.0515494 
3.38056 2.61685 2.00142 1.98488 2.45058 2.47942 1.58446 0.435118 -0.010504 0.24072 0.458877 0.0983613 
3.69292 2.70989 2.16597 2.39416 2.9574 2.62426 1.29012 0.0911652 -0.233177 0.188257 0.563141 0.109954 
3.24566 2.45228 1.9445 2.10115 2.63567 2.42444 1.37649 0.334436 -0.0772181 0.216937 0.430077 0.08258 
3.53599 2.52835 1.89719 2.0178 2.62852 2.63394 1.49013 0.217222 -0.134454 0.248646 0.537395 0.116576 
3.8938 2.76082 1.80742 1.76403 2.4378 2.40506 1.28838 0.0633631 -0.234242 0.234322 0.563599 0.141092 
4.15076 2.85247 1.85625 2.0299 2.86217 2.59072 1.16758 -0.167988 -0.312595 0.247671 0.523441 0.134036 
3.99506 2.84498 1.75397 1.66438 2.37385 2.42597 1.19826 -0.143728 -0.1702 0.358455 0.511651 0.135099 
3.61209 2.83347 1.8091 1.34571 1.96336 1.87123 1.05069 0.220259 -0.0117925 0.438429 0.509242 0.11362 
4.46009 2.83204 1.02647 0.442396 0.992574 1.24363 0.689692 0.334324 0.791356 1.12576 0.376274 0.0711265 
6.33169 3.07788 0.160057 -0.21408 0.819111 0.911084 0.156554 -0.111056 0.53349 0.99136 0.385224 -0.00679354 
5.77795 3.38608 0.329764 -0.306736 0.678429 0.878846 0.0973827 -0.273873 0.511364 1.21168 0.351514 -0.0136174 
5.22746 3.1445 0.327479 -0.768623 -0.0395221 0.588955 -0.0212126 -0.560142 0.207367 1.0295 0.167888 -0.0144439 
5.75332 2.24539 -0.19867 -0.199123 0.0327086 -0.463532 -0.719266 0.130771 0.388542 0.673271 0.136038 -0.0453779 
6.52356 2.10474 -0.9025 0.256241 0.872248 -1.27275 -0.640432 0.23445 -0.187685 0.807712 0.266363 0.00965873 
5.8099 2.393 -0.763103 -0.122005 0.418143 -0.950467 -0.731918 -0.435728 0.0259284 0.802672 0.185002 -0.0397847 
4.50631 2.20013 0.195542 -0.181763 -0.0316011 -0.306612 -0.698985 -0.450845 0.389506 0.872972 0.113566 -0.0358832 
5.71564 2.02569 -0.199344 -0.367611 0.638319 -0.670028 -1.40346 -0.194701 -0.10982 0.828379 0.205309 -0.0501083 
6.93753 1.30394 -0.131897 -0.541702 1.12024 -0.289925 -2.67508 0.457635 -0.358954 0.465499 0.406267 -0.0579002 
5.53915 1.87502 0.174006 -0.735156 0.830197 0.186323 -2.03811 -0.163687 -0.0954397 0.576893 0.287717 -0.0368612 
4.81186 1.90003 -0.0325091 -0.720961 0.680451 0.00165159 -1.87496 -0.359108 0.145004 0.353625 0.198333 -0.0292253 
5.99772 1.53634 0.285671 -1.27374 1.24154 0.280248 -2.94252 0.430934 -0.284667 0.357781 0.433629 -0.0849923 
6.13629 1.42551 0.485986 -1.2328 1.23157 0.523837 -3.05695 0.73826 -0.13854 0.288385 0.498928 -0.0873168 
6.60824 1.15939 0.311977 -1.22145 0.989135 0.341358 -3.13524 0.772734 -0.207629 0.269522 0.543401 -0.0907529 
4.65169 2.1487 0.345262 -0.963044 0.533582 0.239712 -1.50825 -0.184696 0.212061 0.728619 0.249383 -0.0187157 
6.19593 1.77956 -0.549564 -1.05003 1.05449 0.0887002 -1.77911 0.546166 -0.0759716 0.842775 0.345485 -0.0655061 
5.08482 1.9902 -0.780424 -0.855612 0.290708 0.12345 -0.600078 -0.347129 0.31596 0.808527 0.175728 -0.0567683 
7.43044 1.28892 -1.65321 -0.357028 1.20003 0.00689427 -1.02712 0.612128 0.112976 0.681098 0.282827 -0.0230286 
4.90725 1.60375 -1.18474 -1.03066 0.374444 0.6703 0.203388 0.0743978 0.424981 0.803993 0.138517 -0.0799454 
6.18123 1.38824 -2.00159 -1.11075 0.838411 0.938716 0.46808 0.392972 0.224106 0.554057 0.115748 -0.0845 
4.69917 1.63463 -1.40496 -1.4475 0.601413 1.78248 1.19586 0.288943 0.315579 0.685429 0.0427597 -0.0834908 
6.11745 1.25579 -2.36777 -1.11715 1.14542 1.4424 1.06324 0.564705 -0.0307563 0.377692 0.0302726 -0.089419 
4.75086 1.11047 -1.91423 -1.19335 1.33618 2.20273 1.26237 0.370329 0.220877 0.256833 -0.0545613 -0.102818 
6.15275 0.41889 -2.59567 -0.428804 2.03997 1.90846 1.35337 0.994426 -0.0261582 0.0910164 -0.12987 -0.0923212 
6.98754 0.25112 -3.28427 0.32474 2.88985 1.57756 0.963476 1.00628 -0.106226 -0.150648 -0.260944 -0.0704908 
4.8878 0.334493 -2.02686 -0.152088 2.0918 2.24773 1.53965 0.780279 0.0291275 0.10287 -0.173335 -0.100844 
4.10171 0.430844 -1.81154 -0.0643187 2.47624 2.78413 1.80275 0.900344 0.217888 -0.0268886 -0.19935 -0.0871585 
8.70224 -1.37987 -2.86385 1.93386 3.94175 2.10272 1.14613 0.844063 0.121644 -0.398871 -0.26475 -0.0385791 
6.78816 -1.16822 -1.26631 1.20903 3.44803 2.32619 1.24653 1.12949 -0.0429648 -0.203 -0.130739 -0.0700333 
4.1726 0.321062 -1.18477 0.892839 2.69318 2.30274 1.33574 0.70562 0.330546 0.270903 -0.243994 -0.0937615 
5.23599 0.181311 -1.88169 2.0215 4.0841 2.20126 1.2048 0.842576 -0.116331 0.25872 -0.195759 -0.0511498 
4.63401 0.144287 -1.04647 2.02309 3.68582 2.42476 1.35087 0.75838 0.134146 0.439796 -0.138255 -0.056277 
4.46814 0.130856 -0.732608 1.99735 3.35925 2.30251 1.31527 0.81161 0.377577 0.493525 -0.206681 -0.0832155 
3.87614 0.869604 -0.452847 1.67466 3.61998 2.78154 1.05478 0.467101 0.66609 0.469691 -0.283298 -0.0666869 
4.48579 0.775025 -0.655135 2.1981 3.90548 2.49298 1.23209 0.847198 0.616653 0.547361 -0.26698 -0.0817567 
4.13381 0.608311 -0.170896 2.26807 3.55994 2.42279 1.20615 0.781607 0.663588 0.625368 -0.280357 -0.0777629 
3.63097 1.35692 0.266691 1.78097 3.27587 2.52272 0.880409 0.356493 0.730953 0.563443 -0.23936 -0.0503438 
3.69784 1.25882 0.569141 2.37754 3.5931 2.51518 0.984027 0.576874 0.743516 0.53625 -0.148352 -0.0145348 
3.99444 1.63343 0.58692 2.20361 3.65282 2.8475 1.12688 0.409811 0.601191 0.433176 -0.0983188 -0.0106381 
4.89932 1.84528 0.736144 2.18448 3.43492 2.79254 1.60416 0.544706 0.226138 0.593822 0.166962 0.0311888 
2.90504 2.34176 1.9845 1.85367 2.01706 1.93187 1.29506 0.508457 0.24589 0.389849 0.362399 0.0705232 
3.10846 2.38001 1.9209 1.92047 2.18557 2.09172 1.40776 0.600326 0.311967 0.411458 0.378635 0.084392 
3.46728 2.54197 1.88052 1.96769 2.49128 2.35613 1.32338 0.318794 0.142924 0.520384 0.6109 0.131646 
5.33727 3.09832 1.87586 1.89056 3.55327 3.12489 0.901944 -0.410294 -0.236746 0.48718 0.653015 0.201064 
3.31157 2.55572 2.02863 2.11736 2.53105 2.32714 1.3151 0.346877 0.196558 0.524439 0.568063 0.114519 
2.91507 2.31168 2.01173 2.0189 2.05924 1.7532 1.12494 0.595078 0.40928 0.476913 0.382064 0.070261 
2.97271 2.44566 2.10716 1.95675 2.02453 1.9306 1.4223 0.777501 0.445881 0.393483 0.325613 0.0751841 
3.44986 2.7649 2.19829 2.35516 2.95794 2.74878 1.49074 0.131032 -0.022437 0.476456 0.594324 0.123853 
3.75808 3.01764 2.22457 2.3915 3.17544 2.8829 1.45132 -0.151 -0.259034 0.564963 0.65678 0.151857 
2.93895 2.27979 2.00124 2.04803 2.32738 1.95733 1.25087 0.551797 0.454013 0.632287 0.398035 0.0820546 
2.91014 2.30149 1.87006 1.71983 1.82242 1.72828 1.19221 0.565095 0.328574 0.413059 0.39483 0.0742983 
2.92603 2.62394 2.38616 2.01317 1.73189 1.68117 1.51921 1.1885 0.725338 0.440129 0.322522 0.0844649 
2.84958 2.42544 2.20911 2.01374 1.79998 1.56057 1.25212 1.0121 0.783613 0.563079 0.355155 0.0843417 
2.83828 2.4638 2.37319 2.19517 2.01421 1.7449 1.52286 1.23972 0.926138 0.65825 0.395178 0.10242 
2.81169 2.488 2.3829 2.08012 1.92711 1.81083 1.46712 1.178 0.916212 0.626337 0.351167 0.0962797 
2.93162 2.59734 2.5081 2.37193 2.2483 2.04049 1.69205 1.34891 0.951847 0.588866 0.366193 0.113151 
2.81102 2.3876 2.207 2.03832 1.90707 1.67089 1.39249 1.15326 0.893605 0.591084 0.347509 0.0899623 
2.78694 2.37964 2.21179 1.98064 1.83355 1.76965 1.51794 1.23468 0.994772 0.687491 0.366357 0.0943429 
2.72058 2.22544 2.004 1.87025 1.58739 1.46959 1.36146 1.15375 0.893317 0.672226 0.361926 0.0749672 
2.92097 2.3947 2.03624 1.46018 1.42041 1.49326 1.38209 1.5144 1.1696 0.796962 0.410058 0.0835519 
3.40937 2.8333 1.8004 0.999478 0.6433 1.06696 1.41296 1.76968 1.61021 0.84522 0.481619 0.0830876 
3.58619 2.85987 1.84673 0.574447 0.303327 0.424141 0.945832 1.58294 1.77065 0.975592 0.492992 0.0840453 
3.47567 2.83028 1.78897 0.468896 -0.0807755 0.137608 1.25643 1.39143 1.32693 1.02159 0.565699 0.0857749 
3.60704 2.76999 1.65873 0.397578 -0.20317 0.00580733 0.934031 1.23602 1.3215 1.00552 0.557076 0.0989494 
3.83619 3.09284 1.56613 0.624456 -0.113363 0.334802 1.21129 1.4737 1.44482 0.945713 0.682001 0.109698 
3.44733 2.99679 2.08413 1.03601 0.138753 0.213248 0.780521 1.20459 1.38932 1.0448 0.673054 0.124324 
3.31263 3.26257 2.60608 1.40821 0.29707 -0.211319 0.452275 1.09379 1.40696 1.11559 0.552245 0.154997 
3.03614 2.81295 2.2998 1.39252 0.636231 0.245533 0.481746 0.907607 1.00639 1.02106 0.499679 0.0987685 
2.98592 3.18339 2.42442 1.37336 0.213718 -0.242008 0.744494 0.733622 1.46001 1.02544 0.585858 0.141855 
2.96091 2.59767 2.02445 1.25504 0.492649 0.0453387 0.570416 0.466228 1.21029 0.695521 0.186009 0.0418702 
2.92028 2.73073 1.68179 1.52638 0.974939 0.30765 0.298327 0.468949 0.910248 0.614276 0.372157 0.0147167 
3.01689 3.20342 2.02664 1.44578 0.221313 -0.0444046 0.911027 0.196669 1.04477 0.783338 0.436679 0.0492004 
3.31117 2.91947 1.9602 1.26591 0.298464 -0.0671827 0.91605 0.270609 0.807627 0.909752 0.458245 0.0573242 
3.25403 2.80847 2.10487 1.17161 0.302279 -0.19447 0.46686 0.633989 0.837216 0.875812 0.471198 0.0579671 
3.10664 2.52026 1.68149 0.915094 0.402659 -0.0957223 0.694166 0.691866 0.898243 0.755425 0.542198 0.0241218 
3.33882 2.71904 1.53407 0.537553 -0.144612 0.49506 0.596949 1.1602 1.06245 0.593623 0.485112 0.0059747 
3.40699 3.01848 1.43611 0.00680678 0.235057 0.613047 0.716981 1.44465 1.0482 0.666164 0.386779 -0.0119437 
3.60213 4.19481 1.89538 -0.374283 -0.4661 0.500524 0.961913 1.93603 1.16203 0.460235 0.346332 -0.0657489 
3.09021 2.90915 1.94595 -0.142231 0.659443 0.336404 1.17565 1.93292 1.09619 0.364094 0.19778 -0.0700301 