2.33357 2.55616 1.47617 1.62603 1.60112 1.14721 1.22357 0.93687 0.402569 0.466063 0.217509 0.0454025 
2.50042 2.99639 1.95498 2.23147 2.08652 2.324 0.765434 1.5177 0.921551 0.48574 0.452215 0.0856992 
2.57112 2.14918 1.818 1.63746 1.49365 1.21916 1.05002 0.872592 0.54598 0.432827 0.257014 0.0503532 
2.66856 2.30057 2.0995 1.97156 1.8097 1.58925 1.44772 1.13415 0.927396 0.651779 0.362742 0.0788068 
2.83857 2.23656 2.35363 2.10153 2.14173 1.79654 1.46659 1.24517 0.867479 0.589975 0.273672 0.0796683 
2.91022 2.55343 2.41415 2.26223 1.96458 1.78136 1.3574 1.13329 0.709011 0.523474 0.263091 0.075584 
2.86908 2.49676 2.35905 2.16695 2.07874 1.73468 1.5091 1.10799 0.857298 0.514647 0.291916 0.0821075 
3.17316 2.89646 2.81704 2.81336 2.37129 2.14705 1.71532 1.18562 0.880782 0.475949 0.201261 0.0870249 
3.00593 2.70974 2.63218 2.56319 2.24498 1.91348 1.52877 1.15444 0.7286 0.48667 0.203791 0.0788189 
2.87429 2.47874 2.32172 2.17683 1.96466 1.74893 1.4359 1.08449 0.75387 0.488835 0.24754 0.0747447 
3.20138 2.96993 2.85376 2.74399 2.33978 2.03756 1.51066 1.15429 0.663702 0.446703 0.177846 0.0726784 
3.16255 2.92403 2.91911 2.84389 2.55334 2.15505 1.52626 1.0737 0.668409 0.401768 0.215148 0.0735163 
3.04165 2.82385 2.62989 2.36542 2.14562 1.83001 1.40842 0.991328 0.663372 0.445405 0.270431 0.0768528 
3.30912 3.05377 2.90022 2.75134 2.44261 1.96808 1.38035 0.85187 0.54358 0.383885 0.248542 0.0655174 
3.11214 2.79229 2.57576 2.2906 2.09548 1.82326 1.39939 0.869372 0.517456 0.324169 0.231344 0.0611273 
3.10435 2.64895 2.4161 2.26196 2.14732 1.78422 1.25895 0.78054 0.516308 0.450585 0.33365 0.0739169 
3.49881 3.01794 2.60789 2.65811 2.74347 2.3599 1.28872 0.384125 0.290082 0.4299 0.344309 0.072276 
2.99123 2.49399 2.09288 1.77972 1.69515 1.65092 1.35164 0.859307 0.446002 0.298509 0.260407 0.0556373 
3.02483 2.37445 2.02163 2.15328 2.41651 2.07019 1.14549 0.433933 0.337221 0.487304 0.405896 0.0712275 
3.58096 2.80693 2.21896 2.44764 2.90503 2.52651 1.12624 0.000803018 0.0393994 0.499676 0.486057 0.0915434 
3.17447 2.54925 2.34245 2.55607 2.58509 1.87997 0.775071 0.113739 0.218193 0.457997 0.366659 0.0479973 
2.97395 2.32092 1.83054 1.69367 1.80965 1.60178 0.970313 0.382361 0.280466 0.432597 0.380201 0.0589868 
3.74579 2.93745 2.42183 2.64316 2.91177 2.34729 0.949319 -0.0842807 -0.0417301 0.377323 0.480234 0.0801929 
3.57894 2.74913 2.26083 2.36093 2.55424 2.09458 0.977761 0.188518 0.130594 0.376119 0.394586 0.0757803 
3.23095 2.41327 2.05901 2.3076 2.50575 2.00859 0.916815 0.210586 0.264261 0.435646 0.286553 0.0514275 
3.47879 2.59026 1.77147 1.95204 2.68351 2.40151 1.09525 0.0835012 0.155607 0.551265 0.343425 0.0777741 
3.93992 2.42846 1.66417 2.27126 2.77034 2.00024 0.521842 -0.389746 0.000637817 0.749822 0.559953 0.0947726 
4.79844 2.42848 0.73232 1.01386 1.57128 1.66776 1.29152 0.268858 0.0947676 0.8768 0.3465 0.0731343 
5.36124 2.46796 0.870198 1.116 1.12705 0.873196 1.54301 0.521851 -0.400062 0.837395 0.295651 0.0376761 
5.25933 2.57256 0.785182 1.17156 0.553138 0.234463 1.74761 0.811827 -0.476469 0.557529 0.242115 0.0513017 
5.0475 2.78206 1.20504 0.599422 0.329537 -0.853429 1.26581 0.922652 -0.396502 0.772081 0.045931 -0.0134272 
4.55618 2.55008 1.95726 0.375855 0.274546 -0.713587 0.730959 1.0935 -0.217892 0.90617 -0.0021836 -0.0515076 
5.30457 2.90765 1.45371 0.6295 0.585055 -2.14796 1.00538 1.07916 -0.622621 1.12534 0.00974981 -0.0056673 
6.01614 2.54407 1.08658 1.17239 1.44949 -3.44014 0.4546 1.33348 -0.627335 0.813247 0.0111966 0.0873052 
5.00032 2.69509 1.50962 1.20757 0.604851 -2.73006 -0.138671 1.4486 0.149123 0.598178 0.0112177 0.0742302 
5.1298 2.3792 1.76317 1.13826 -0.345751 -1.94534 -0.91635 1.36599 0.26569 0.344711 0.116979 0.0490197 
5.70512 2.72139 1.20648 1.72959 -0.0649605 -2.666 -0.847187 0.921756 0.176062 0.290596 0.0784789 0.0858847 
5.58415 2.76122 1.59371 1.38174 -0.284466 -2.23069 -0.910976 0.487022 0.202695 0.631581 0.164343 0.0494181 
6.00584 2.96343 1.07263 1.05119 -0.00672627 -2.0207 -0.88976 0.0874216 -0.311369 0.78971 0.209499 0.0335798 
6.01345 3.23427 1.21705 0.613584 0.136637 -1.50262 -0.983639 -0.36738 -0.258393 0.997512 0.259719 0.0292949 
4.67169 3.20574 1.56275 0.363705 -0.612149 -1.21098 -1.06989 -0.539819 0.362356 0.802599 0.0630859 0.0298684 
4.42362 2.88912 1.24537 0.126706 -0.530487 -1.0676 -1.13581 -0.531948 0.322067 0.674256 0.047795 0.016804 
6.15784 3.12545 0.835449 0.70404 -0.10815 -1.34896 -1.3595 -0.905056 -0.125369 1.04818 0.334023 0.0216162 
6.40439 3.0868 0.547935 0.329229 -0.150446 -0.997623 -1.51254 -1.35463 -0.161435 1.01515 0.395223 0.0141212 
3.90844 2.70686 0.800853 -0.690389 -0.967063 -0.761712 -0.662336 -0.398015 0.163014 0.46289 0.0966608 0.0263901 
4.522 2.66225 0.760343 -0.0493754 -0.520373 -1.22423 -1.31595 -0.455714 0.500171 0.723769 0.028887 -0.0214169 
6.4476 2.1653 -0.538164 0.422857 0.372016 -1.82682 -1.29403 -0.104463 0.106706 0.611812 0.126321 -0.0200887 
6.5051 2.01704 -0.866995 0.521405 1.20311 -2.28017 -0.88816 0.468459 -0.0331611 0.627119 0.0570538 0.02636 
3.98366 1.98706 0.072994 -0.337491 -0.0688319 -0.558477 -0.440826 0.141909 0.319126 0.264877 -0.0425735 -0.0605109 
5.67991 2.04329 -0.351982 -0.683891 1.27322 -0.955721 -0.526839 0.775038 -0.273307 0.499537 -0.109135 -0.0889281 
6.16112 2.43593 -0.920977 -0.928225 2.35441 -0.854518 0.333559 0.989911 -0.749177 0.792042 -0.292088 -0.0964137 
5.80728 2.18744 -0.767677 -0.950741 1.82127 -0.235757 0.525809 0.897805 -0.730732 0.540101 -0.289329 -0.1379 
4.32935 2.13608 -0.0839515 -0.721278 0.828906 1.2059 0.717739 0.273337 0.0896473 0.462953 -0.393765 -0.15057 
5.22373 1.76286 -0.892566 -0.644887 1.50264 1.36621 0.736851 0.636873 -0.134094 0.234419 -0.282821 -0.161005 
6.30492 1.61747 -2.07708 0.156602 2.69514 0.635404 0.969354 0.764616 -0.279349 0.0673412 -0.375318 -0.109643 
5.15398 1.631 -1.20045 -0.109993 2.59407 1.51208 1.2014 0.423604 -0.518519 0.132083 -0.300771 -0.0873286 
4.1599 1.25967 -0.8504 0.0736437 2.39999 2.34769 1.03993 -0.0332892 -0.313105 0.141884 -0.207161 -0.0516113 
4.88418 1.28377 -1.06742 0.508834 3.25742 2.11071 1.15343 0.12601 -0.635818 0.11615 -0.215611 -0.0525771 
5.64536 1.15371 -1.74089 1.09094 4.70439 1.47431 1.27495 0.554724 -0.931884 0.208394 -0.290499 0.0039596 
5.45294 0.903111 -1.73657 2.01336 3.79262 2.50419 0.72535 -0.315799 -0.119673 0.108068 -0.0984727 -0.0706738 
3.39267 0.733056 0.300117 2.25035 3.31473 2.10122 0.327401 -0.348931 0.0464788 0.387641 -0.10512 -0.0405055 
4.32633 0.575874 -0.341042 2.80612 4.18309 2.0838 0.204134 -0.222212 -0.0552314 0.437116 -0.0950372 -0.0764761 
5.15426 0.285382 -0.847288 3.56159 4.90102 1.64794 0.0937149 0.281525 -0.108428 0.375674 -0.111067 -0.0618336 
4.2142 0.61689 0.0696156 3.37937 4.30468 1.73627 0.0212803 -0.0163642 0.134785 0.386105 -0.0842628 -0.0607275 
3.07489 0.640157 1.1427 3.5905 3.59627 1.13582 -0.35437 -0.0928874 0.390498 0.41243 -0.00766965 -0.0712756 
3.92778 0.718681 0.829201 4.0917 4.20455 0.953547 -0.682492 -0.042542 0.475026 0.40837 -0.0109051 -0.0831121 
4.53407 0.486836 0.749592 4.94395 4.5943 0.347028 -0.98221 0.200318 0.544615 0.419896 -0.00766934 -0.0655586 
4.09931 0.777636 1.1478 4.71897 4.2084 0.246943 -1.1022 -0.0190965 0.439834 0.370138 0.0530824 -0.0775855 
4.41865 0.847352 0.562871 3.94474 3.716 0.435153 -0.486031 0.0764091 0.231975 0.51929 0.0787906 -0.0454436 
3.51386 0.818765 1.46592 4.54019 3.88302 0.214522 -0.910748 0.227639 0.559927 0.413729 0.229573 -0.046044 
4.30304 0.686541 1.37575 5.22537 4.23834 0.0205721 -0.812022 0.40781 0.474589 0.459797 0.197377 -0.0169528 
5.26931 0.365912 1.0736 5.67945 4.4965 -0.107308 -0.618859 0.786936 0.516775 0.448728 0.194739 0.0206464 
3.9776 1.29864 0.539325 3.28998 3.40001 0.58965 -0.125708 0.562691 0.603643 0.679098 0.337396 0.0566612 
3.27279 2.02682 1.80803 2.55737 2.29033 1.18025 0.982426 0.892001 0.164689 0.00244296 0.456292 0.0905829 
3.07977 2.35147 2.43542 2.51141 1.95675 1.50031 1.42013 0.906648 0.250836 0.30472 0.520069 0.0847018 
2.94799 2.40967 2.19138 2.16905 2.05379 1.67468 1.2385 0.866877 0.555782 0.370279 0.252988 0.0681033 
3.25381 2.85672 2.71367 2.64928 2.37038 1.85874 1.54086 1.08139 0.68956 0.401948 0.294213 0.0873361 
3.10862 2.81862 2.66978 2.393 2.05097 1.7191 1.29425 0.994666 0.711682 0.411992 0.251431 0.0781639 
2.96505 2.61273 2.42998 2.23695 2.10389 1.8501 1.51084 1.11574 0.795051 0.561504 0.342003 0.0934304 
2.73848 2.29426 2.13642 1.98389 1.75221 1.48513 1.20287 0.959533 0.718795 0.477647 0.257666 0.0656563 
2.83644 2.4293 2.32627 2.18109 2.08814 1.91372 1.49363 1.18692 0.913147 0.623532 0.369962 0.0980334 
2.82404 2.39096 2.23383 2.12766 1.92925 1.7441 1.40943 1.19351 0.824645 0.674016 0.352771 0.0923345 
2.75501 2.36051 2.14427 2.04828 1.82775 1.61596 1.39243 1.12839 0.846046 0.585895 0.350821 0.0839779 
2.78107 2.38178 2.23137 2.12667 1.94825 1.77821 1.53991 1.27833 0.956469 0.690481 0.400625 0.0998998 
2.85397 2.51701 2.35616 2.27066 1.97089 1.62118 1.66657 1.37178 0.9989 0.731594 0.359718 0.107874 
2.75497 2.30183 2.18692 2.0166 1.89457 1.65457 1.43168 1.2132 0.929632 0.670197 0.387403 0.0920078 
2.7279 2.21384 2.08554 1.85901 1.72276 1.53527 1.28263 1.04928 0.824818 0.562924 0.339305 0.0769251 
2.76379 2.34246 2.19217 2.06972 1.93826 1.76283 1.5483 1.26075 1.02603 0.720513 0.445413 0.101413 
2.78265 2.36642 2.16997 2.04984 1.84567 1.7059 1.39258 1.18531 0.897659 0.652992 0.370851 0.0921056 
2.89937 2.58104 2.4606 2.4007 2.11484 2.02282 1.68304 1.34261 1.20133 0.544214 0.42035 0.119215 
2.78798 2.36569 2.20588 2.01559 1.87578 1.66351 1.45255 1.19432 0.900965 0.61812 0.403189 0.0930993 
2.66836 2.22111 2.07258 1.88682 1.76083 1.54793 1.41463 1.14912 0.873002 0.615832 0.385602 0.0809009 
2.62484 2.12008 1.90474 1.69709 1.49879 1.29695 1.12984 0.874366 0.636006 0.427493 0.245552 0.0525196 
2.59741 2.3135 2.23594 1.74977 1.78691 1.46442 1.3575 0.946306 0.834246 0.406264 0.252683 0.0597541 
2.64176 2.34087 2.04774 1.87893 1.79254 1.31691 1.31618 0.783858 0.815612 0.384204 0.16565 0.0380233 
2.60145 2.82388 2.28317 2.24258 2.12919 1.7866 1.25744 1.13418 0.800782 0.315515 0.212654 0.0585996 
2.55109 2.95843 2.23691 2.35877 2.26848 1.7406 1.56091 0.848013 0.986099 0.399316 0.176397 0.0719276 
2.69404 2.49016 2.48919 2.26701 1.94607 1.87353 1.18069 1.19755 0.997681 0.233272 0.243715 0.0764579 
2.47272 3.05667 2.61199 2.76859 2.05724 2.11694 1.61821 1.43974 0.827604 0.583883 0.105327 0.110506 
2.43395 2.60497 2.10972 2.18327 1.91396 1.53321 1.37531 1.24939 0.802482 0.574117 0.315478 0.0846389 
2.25012 2.65191 2.20397 2.50917 1.8598 1.7766 1.4999 1.34764 0.971631 0.618232 0.270639 0.0987426 
2.2165 2.67421 2.4284 2.30355 1.7464 1.54439 1.77201 1.14179 0.711945 0.595597 0.418717 0.0786355 
1.57218 3.22935 3.24227 2.90736 1.83732 1.74221 2.21777 1.37085 0.708947 0.508051 0.337074 0.0999623 
1.89968 2.3683 2.81712 2.80858 1.64863 1.98701 1.54451 1.20629 0.788389 0.375692 0.548316 0.0655201 
2.4218 1.88745 2.09817 1.84168 1.44707 1.75891 0.719333 1.20794 0.775373 0.175856 0.583563 0.0587766 