1.01587 0.979648 2.51496 2.16425 -0.210444 1.10015 0.590994 0.284919 0.543927 0.0839738 0.447242 0.0465359 
2.00948 1.36679 3.235 -0.197121 -0.0531775 3.43731 1.35613 0.874803 1.00569 0.319853 0.112727 0.0727352 
2.52077 1.78566 2.27738 1.14705 1.11907 1.63862 0.760188 0.556883 0.939783 0.134594 0.16973 0.0510768 
2.57027 2.50257 2.22176 2.04453 1.16392 2.58697 0.661006 1.05742 0.972187 0.398815 0.410404 0.0876935 
2.67402 2.30775 2.01594 1.87562 1.5346 1.54144 1.03506 1.05516 0.701503 0.401978 0.266565 0.0541235 
2.8556 2.39213 2.29606 2.08155 1.76846 1.76826 1.27556 1.03809 0.71986 0.54227 0.326895 0.076283 
2.73064 2.33602 2.13444 1.9736 1.8484 1.704 1.34619 1.09629 0.761176 0.557003 0.319836 0.0694831 
3.12027 3.26156 3.75762 3.07523 3.1138 2.31285 2.23067 1.45707 0.764848 0.515659 0.283479 0.100187 
3.05899 2.61344 2.56438 2.24162 2.1216 1.9385 1.66203 1.22769 0.452506 0.514425 0.193226 0.0693332 
3.111 2.54379 2.23442 2.16402 1.97661 1.741 1.76495 1.04041 0.533408 0.413643 0.236406 0.0667713 
3.126 2.63502 2.19351 1.82656 1.93451 1.9561 1.71804 1.24571 0.504478 0.245089 0.176728 0.0498633 
4.93769 3.74717 2.56961 0.58315 1.1159 2.44584 2.74644 1.1925 0.116209 0.0682434 0.0300968 0.0540619 
3.09476 2.35587 1.88559 1.72268 1.83975 1.85865 1.46916 0.903663 0.446698 0.274668 0.233761 0.0439986 
3.17315 2.56046 1.80575 1.42601 1.47666 1.59671 1.70272 1.1329 0.499676 0.287832 0.186027 0.0317241 
3.68831 2.8643 1.69856 0.941989 1.53047 2.17985 2.2925 1.2522 0.254287 0.0497467 0.218333 0.0579482 
4.31203 3.22515 1.65364 0.529393 1.60548 2.4813 2.59461 1.25975 0.0305555 -0.0504351 0.144098 0.0850418 
3.11551 2.43776 1.80537 1.44741 1.57091 1.76692 1.67314 1.00086 0.638099 0.196334 0.22359 0.0360003 
3.58859 2.77891 1.69774 0.976756 1.11575 1.74427 1.94105 1.29885 0.504822 0.242279 0.254785 0.0377024 
3.96866 2.97914 1.60438 0.638371 1.09987 1.70986 1.85508 1.18602 0.523837 0.395341 0.313018 0.0684785 
3.65227 2.69292 1.6313 1.13814 1.37137 1.60941 1.42722 0.986958 0.640684 0.467387 0.33475 0.0619992 
3.14585 2.45912 1.80104 1.23666 1.01218 1.1324 1.2051 1.07034 0.813262 0.454604 0.236535 0.0193899 
3.64834 2.63865 1.37859 0.449534 0.181703 0.79216 1.59184 1.47188 1.04581 0.737001 0.252342 -0.0069853 
4.81159 3.18372 1.27475 -0.00190306 -0.207122 0.399896 0.980287 1.21707 1.06265 0.708341 0.11254 -0.041519 
4.66203 3.35457 1.53792 0.204892 -0.13731 0.255793 0.729685 1.07442 1.22932 0.892949 0.0167964 -0.0677767 
5.07147 3.48597 1.15696 -0.31842 -0.360669 0.106811 0.341534 0.739316 0.966433 0.617268 -0.0262648 -0.0972779 
5.37609 3.39276 0.663934 -0.700554 -0.380665 0.0918175 0.120396 0.338077 0.638713 0.569175 -0.0296728 -0.0980812 
5.97232 3.02267 0.0720558 -0.887934 -0.480782 -0.107204 0.0198004 0.27327 0.442638 0.39121 0.0335926 -0.0684131 
5.48126 3.03092 0.0772561 -0.83953 -0.14639 0.129606 -0.305142 -0.383291 0.266777 0.749651 0.0695864 -0.0855523 
7.61534 2.72396 -1.08717 -1.02706 0.494467 0.306097 -0.990572 -0.472129 0.0308733 0.650291 0.274604 -0.0682474 
5.17526 2.44921 -0.17886 -0.833526 -0.323696 -0.193559 -0.545617 -0.585907 0.0944947 0.750473 0.0916046 -0.0717928 
6.23512 2.51196 -1.02512 -0.738582 0.471825 -0.17829 -0.849234 -0.47017 0.0184559 0.748737 0.230288 -0.0612455 
5.7501 2.16198 -1.02304 -0.771836 0.241731 -0.241231 -0.855504 -0.645933 -0.0772749 0.645932 0.179018 -0.0711029 
5.16724 1.81407 -0.8042 -0.588712 0.120927 -0.326261 -0.81526 -0.633508 -0.0516841 0.584813 0.115096 -0.0790773 
3.46772 1.29393 -0.176001 -0.300853 -0.0807694 -0.257691 -0.500601 -0.354309 0.0790501 0.356141 0.166658 -0.0625678 
6.39071 1.47537 -1.9734 -0.101821 0.885283 -1.03507 -1.1903 -0.111275 -0.278311 0.479614 0.0981424 -0.0317497 
5.61158 1.42184 -1.67675 -0.38957 0.660098 -0.62788 -0.969266 -0.234816 -0.0811148 0.46592 0.0998433 -0.0607216 
4.71974 1.40754 -1.11968 -0.586864 0.360977 -0.264542 -0.809052 -0.243226 0.371763 0.503327 0.113241 -0.0835297 
3.53331 1.12969 -0.468235 -0.466241 -0.13031 -0.240649 -0.342477 -0.115579 0.246441 0.464235 0.213559 -0.0954567 
6.89533 0.892032 -2.58039 0.193022 1.3446 -0.969316 -1.04896 0.448269 0.168445 0.450478 0.0619715 -0.0261657 
5.45295 0.956787 -2.13408 -0.511051 0.872436 -0.229917 -0.415486 0.388263 0.278632 0.362871 0.0425603 -0.0696536 
5.03406 0.996322 -1.81374 -0.562126 0.833001 0.159856 -0.208977 0.255599 0.32823 0.436975 0.119327 -0.0847314 
7.51596 0.305523 -3.02726 0.420469 1.48301 -0.554098 -0.4962 0.704331 0.334541 0.022303 -0.1182 -0.0495877 
7.59642 0.104906 -2.84886 0.445351 1.56734 -0.132496 -0.0689164 0.995313 0.232923 -0.150189 -0.164816 -0.0512074 
5.36241 0.808682 -1.96562 -0.508411 1.04364 0.827914 0.754905 0.826312 0.163875 0.0354793 -0.127071 -0.105054 
6.30378 0.772913 -2.68706 0.0302957 1.69596 0.0877131 0.465575 1.37231 -0.00337579 -0.0725201 -0.315671 -0.0809993 
6.31458 0.859694 -2.59137 0.200882 2.10129 0.66966 0.758058 1.27032 -0.121125 -0.106155 -0.321019 -0.0790701 
6.36672 0.445144 -2.56388 0.765958 2.63229 0.775913 0.639757 1.49733 0.189662 -0.1492 -0.3753 -0.0668926 
5.40971 0.397753 -1.90205 0.78982 2.41515 1.19835 0.952498 1.35668 0.321063 -0.0249517 -0.276425 -0.0804621 
5.70509 0.119942 -2.49361 1.21714 3.136 1.14034 0.725151 1.36154 0.255047 -0.0543638 -0.321464 -0.0570719 
5.49022 -0.0612243 -2.36022 1.66961 3.63055 1.31654 0.589409 1.29787 0.407986 0.0806907 -0.254266 -0.0380294 
5.16307 -0.0554453 -1.83717 2.09287 3.98395 1.59359 0.293571 0.877684 0.525559 0.205205 -0.107776 -0.0143311 
4.5386 0.219321 -1.57321 1.83249 3.90547 1.80801 0.221956 0.672642 0.640258 0.181819 -0.0407307 -0.0183077 
5.23476 0.197202 -1.63666 2.91988 5.13182 1.77342 -0.450714 0.31486 0.639123 0.470229 -0.000426663 -0.00039998 
4.86565 -0.210305 -1.09595 3.4693 5.23584 1.87125 -0.361868 0.291393 0.858036 0.440612 -0.0221125 -0.0135009 
4.29508 -0.00662499 -0.841182 3.3452 5.50738 1.10152 -0.268631 0.496773 0.67346 0.552638 -0.105558 -0.0316995 
3.56951 0.318318 -0.177463 3.28942 4.80859 1.41186 -0.659984 0.159994 0.906531 0.416521 -0.0752521 -0.0818013 
5.47583 -0.714376 -1.23883 3.80084 8.29164 0.104361 0.181887 0.9328 0.607722 0.858918 -0.541995 0.0147309 
4.10247 -0.156692 -0.371244 3.7724 6.17817 0.971705 -0.623365 0.720334 0.616142 0.794315 -0.232669 -0.079373 
3.7345 0.27073 -0.210677 3.39664 4.41455 0.95035 -0.689322 0.255965 1.09112 0.478814 -0.140961 -0.106868 
3.6587 0.417125 -0.0593671 3.54188 4.82856 1.04114 -0.732428 0.214707 0.963584 0.468437 -0.202611 -0.10805 
5.72647 -0.858479 -1.04731 5.05866 6.06708 1.34867 -0.214054 1.37318 0.809916 0.251269 -0.307027 -0.0325792 
4.03409 -0.0553441 -0.0586902 4.19092 5.01354 1.50048 -0.317033 0.545283 0.818558 0.535696 -0.17227 -0.0631395 
3.38792 0.629838 0.471407 3.18824 3.75819 1.18298 -0.383234 0.390509 1.03964 0.486193 -0.155971 -0.0931318 
3.55609 0.690749 0.502909 3.70627 4.42717 1.29718 -0.554925 0.338057 1.00338 0.488187 -0.0785054 -0.0814448 
5.29378 0.173436 -0.133386 4.73367 5.53073 1.29493 -0.196411 1.01269 0.876467 0.607347 -0.131586 -0.0524805 
3.59588 1.55018 1.06394 2.95111 3.81777 2.0487 0.396582 0.612226 1.00676 0.452517 -0.103064 -0.0381046 
3.1558 2.26648 1.77003 1.9759 2.0122 1.30828 0.565893 0.512558 0.684446 0.48853 0.0689895 -0.000729633 
3.26785 2.20512 1.68813 2.1783 2.61421 2.0566 1.05239 0.5083 0.379796 0.304142 0.19087 0.0266682 
4.74637 2.64208 1.00735 1.84069 3.51381 3.54688 1.34965 0.0308183 0.0869948 0.254763 0.374033 0.101576 
3.62929 2.60241 1.60093 1.6152 2.46914 2.6922 1.59603 0.292235 -0.224721 0.0823669 0.414625 0.0974526 
3.07563 2.19658 1.51302 1.51548 2.05447 2.21103 1.49524 0.532148 0.141563 0.268775 0.32442 0.0446326 
3.49127 2.26349 1.3063 1.65652 2.76496 2.86796 1.51071 0.101922 -0.158615 0.304484 0.43539 0.0959723 
3.86719 2.2849 0.999417 1.48088 3.00898 3.19979 1.56025 0.0607699 -0.132951 0.337632 0.389746 0.112148 
4.30044 2.5412 0.956063 1.26367 3.20273 3.91188 1.75123 -0.1005 -0.100639 0.311512 0.340506 0.131614 
3.46509 2.17544 1.25641 1.62701 2.66383 2.7343 1.47618 0.168607 -0.130624 0.228232 0.386943 0.0869916 
3.90192 2.26188 1.10489 1.73636 3.25721 3.47995 1.87965 0.189312 -0.216711 0.204943 0.393508 0.141957 
3.34107 2.26207 1.51327 1.8221 2.65195 2.63361 1.52389 0.33217 -0.0311506 0.281647 0.441137 0.096001 
4.09973 2.56673 1.36476 2.13085 3.35545 3.26991 1.94457 -0.0399016 -0.386065 0.473718 0.440917 0.146588 
3.23516 2.33081 1.71858 1.93064 2.71812 2.79437 1.65079 0.372823 -0.0522416 0.306489 0.492647 0.115613 
3.19015 2.33971 1.75514 1.8762 2.52056 2.57235 1.62202 0.52338 0.142138 0.372206 0.462628 0.107861 
3.20118 2.29004 1.76498 2.1507 2.99401 2.78863 1.73284 0.472064 0.0267402 0.452055 0.497155 0.122072 
3.31884 2.51323 2.01229 1.92492 2.47945 2.54644 2.08434 0.770502 0.216967 0.311936 0.357634 0.108041 
2.9869 2.36617 1.92606 1.8173 2.02147 2.06704 1.59313 0.810226 0.346813 0.318845 0.333089 0.0751316 
2.96568 2.3309 1.92936 1.86508 2.0921 2.0916 1.60395 0.903292 0.466946 0.367295 0.299683 0.0729486 
3.0075 2.37652 2.01834 2.04269 2.22419 2.18827 1.45874 0.844486 0.60624 0.471924 0.354843 0.0888271 
3.0978 2.5812 2.21896 2.06187 2.12783 2.16091 1.74144 1.00548 0.547932 0.400287 0.261177 0.0860961 
2.97848 2.5762 2.37693 2.1096 2.0016 1.84641 1.53302 1.13341 0.740172 0.520853 0.339668 0.0913368 
2.80705 2.35423 2.21161 2.02947 1.85814 1.64338 1.35505 1.12554 0.857558 0.552081 0.32386 0.0816564 
2.7994 2.44182 2.24418 2.14471 1.87489 1.59031 1.4381 1.07384 0.751061 0.561119 0.300991 0.0788622 
3.04435 2.66941 2.75738 2.49367 2.38147 2.1119 1.37343 1.30497 0.907734 0.483083 0.290469 0.0993825 
3.14537 3.00436 2.96612 2.74806 2.57414 2.32832 1.77649 1.34496 1.02433 0.608889 0.205913 0.111643 
2.79084 2.37719 2.21078 2.00513 1.84182 1.6479 1.37404 1.08356 0.80226 0.596146 0.307818 0.0833722 
2.71096 2.2221 2.02737 1.94742 1.72908 1.4928 1.26624 1.07562 0.904569 0.527333 0.345853 0.0771213 
2.74298 2.33719 2.19015 2.01276 1.89872 1.69846 1.43394 1.20578 0.947345 0.662805 0.368745 0.0912162 
2.86412 2.58017 2.36411 2.28215 2.13506 1.89396 1.59917 1.2615 0.925131 0.643986 0.334627 0.104281 
2.91015 2.70598 2.47875 2.46283 2.20882 1.94649 1.53153 1.22532 0.963517 0.527133 0.334057 0.103177 
2.77001 2.37422 2.24933 2.11069 1.8904 1.7809 1.46323 1.10585 0.652784 0.811826 0.386691 0.0928721 
2.70083 2.26251 2.17231 1.92943 1.81682 1.56689 1.39217 1.11687 0.783156 0.669574 0.386503 0.0828776 
2.67269 2.27853 2.31447 1.85382 1.90309 1.57637 1.34138 1.21709 0.805795 0.772729 0.380115 0.0892282 
2.6405 2.29661 2.23102 1.88927 1.92971 1.67309 1.49791 1.23408 0.951793 0.757284 0.429459 0.093387 
2.6689 2.24897 2.0436 1.86618 1.78312 1.56373 1.36004 1.15014 0.895747 0.631754 0.390627 0.0794723 
2.76409 2.25372 2.09712 2.12962 1.79524 1.72089 1.42581 1.30588 0.952906 0.628366 0.459434 0.093287 
2.6356 3.1825 2.42505 2.78516 2.30168 1.62423 1.98117 1.42852 0.749394 0.727946 0.449199 0.125648 
2.67208 2.50273 2.31086 2.08417 2.02069 1.85201 1.47566 1.37154 1.04102 0.67239 0.471268 0.103713 
2.64885 2.26787 2.06633 1.91135 1.77548 1.58891 1.36361 1.18964 0.864929 0.674959 0.383548 0.0803445 
2.5502 2.5516 1.96278 1.88972 1.84239 1.6774 1.42111 1.03471 0.982576 0.694071 0.379457 0.0851524 
2.00142 4.06058 4.17012 1.4689 2.75437 2.3923 1.94017 0.907352 1.09656 0.481603 0.444006 0.113434 
2.59032 2.27902 2.06417 1.84172 1.75371 1.46783 1.33886 0.931312 0.948626 0.493363 0.364172 0.0693395 
2.41437 2.28194 1.92461 1.93928 1.57411 1.33963 1.33514 0.731495 0.853385 0.416798 0.235662 0.0485348 