-144
80
-191
5
24
126
80
8
245
184
227
-348
178
-43
19
-61
-502
20
-269
-297
-617
-138
-641
-434
70
146
360
298
405
-165
566
271
135
232
104
279
125
322
-303
111
-5
-252
107
417
52
-27
-95
-244
3
-287
-302
-284
5
43
-12
96
138
367
169
337
433
252
391
231
512
396
-17
-248
-305
292
-141
62
-22
52
-21
0
77
161
23
-323
189
388
387
468
393
-124
187
263
-116
-58
278
20
-10
186
213
157
61
201
632
168
8
313
31
74
234
125
-193
24
-66
338
82
266
387
-194
159
341
89
-149
27
91
33
65
171
-59
202
-211
-155
61
98
-256
409
198
-97
363
-288
-132
-224
-96
-516
-411
-328
-494
-319
-433
-275
-199
-489
-548
55
36
-119
60
-9
-21
108
-67
12
266
-168
-148
-340
-139
-191
-598
83
105
-25
-181
161
238
81
172
-167
-14
258
285
13
126
8
-197
80
105
230
92
-154
20
262
299
-202
-115
-288
-253
263
227
-19
-50
294
143
218
377
365
282
370
546
539
660
739
319
194
395
256
-167
-132
122
-193
-269
138
-65
71
231
321
230
117
320
-287
-167
-99
-22
-300
-29
195
84
416
250
56
201
304
236
361
266
73
-263
-104
-142
-36
59
-388
-174
65
-137
149
584
-59
-33
398
136
311
511
-37
-420
79
-86
-173
125
-257
-376
-207
168
-366
-269
-139
-456
-490
-16
390
354
576
250
269
614
429
452
532
457
477
485
375
439
466
29
-496
-165
-121
-143
10
3
45
-74
42
-178
-231
-22
-169
36
91
234
31
-151
311
354
103
109
236
114
349
239
344
205
-72
-594
-586
118
-215
-108
89
-7
93
276
100
-24
-37
-207
-248
-134
27
15
-2
-194
-250
9
-12
-20
153
101
-3
124
230
116
-79
-238
-434
-52
240
488
248
32
-399
-554
-312
50
-116
-255
-200
-453
-90
43
-87
-356
-440
-522
-221
73
194
162
-167
-85
86
259
322
401
322
-240
8
288
5
-126
-499
-764
-791
-341
-192
-217
-134
-118
-245
-133
435
562
211
-48
24
263
533
600
76
-286
-288
-104
393
561
476
350
113
126
377
537
67
-370
-83
-32
140
178
-121
-462
-638
-729
-206
86
-476
-574
-367
-382
148
136
-215
-469
-703
-480
82
235
-195
-215
-361
-189
396
689
979
942
778
855
1351
1349
1040
919
704
596
567
493
205
-163
-227
125
308
360
266
202
-8
128
21
-111
-162
-370
-344
-427
-591
-837
-986
-1166
-1287
-983
-757
-510
-353
-596
-652
-592
-722
-864
-689
-558
-351
-15
128
190
53
147
474
771
1084
1475
1841
2128
2070
1873
1493
1337
1435
1529
1723
1922
1806
1504
1504
1335
1005
797
566
418
601
828
946
963
757
471
286
342
549
685
852
771
619
466
194
89
-155
-548
-1092
-1378
-1354
-1464
-1776
-2362
-2918
-3287
-3666
-3904
-3945
-4045
-4332
-4564
-4365
-4439
-4445
-4456
-4504
-4436
-4193
-3765
-3380
-2715
-2164
-1670
-1113
-400
200
532
1190
1707
2225
2610
3010
3178
3248
3143
3422
3686
3656
3674
3482
3332
3215
3256
3172
3174
3257
3399
3662
4115
4784
5193
5055
4869
4798
4961
5427
5752
6077
6582
6900
7021
7045
5991
4073
1857
355
320
872
1025
192
-1642
-3663
-5843
-7638
-8989
-11008
-12288
-12514
-11348
-9393
-8330
-9343
-11099
-12051
-11320
-8787
-5392
-2527
-885
95
1286
3069
4739
5491
5094
4600
5129
6632
7980
8229
6382
2883
-371
-2211
-2677
-2549
-3461
-5836
-7924
-8945
-9387
-9665
-10687
-12159
-12996
-12077
-9282
-6038
-3592
-2923
-2916
-1573
1145
4619
7641
8995
9685
10220
11443
13185
13923
13598
12323
11845
12339
13210
13269
12013
10122
8402
8067
8503
8800
7929
6836
5908
5053
3410
430
-2537
-4027
-3722
-2752
-2739
-4284
-7029
-10221
-12664
-13764
-14437
-15957
-17497
-16486
-12793
-9210
-8845
-10921
-12612
-12036
-8463
-2983
2484
6173
7152
6825
8171
10903
12490
11839
10130
9621
10851
11771
10632
7109
1581
-4251
-7580
-7760
-7219
-8864
-12908
-17095
-19551
-20014
-19927
-19953
-19959
-18954
-16286
-12229
-7769
-4909
-3599
-2265
817
6337
11958
15760
17623
17677
17462
17803
18658
18867
18382
17615
17130
17035
16446
14380
11315
8900
8095
8749
9936
10250
8788
6506
4821
4039
1695
-2055
-5706
-6300
-3769
-1301
-1703
-5509
-10799
-15180
-16719
-15959
-14968
-16108
-18201
-18025
-13726
-8849
-8372
-11593
-14370
-12801
-6437
2317
9423
12112
10630
8588
9615
13572
16738
16252
13085
11039
11426
11144
8452
2641
-4957
-11336
-13498
-11705
-10089
-12650
-19299
-25602
-28237
-26831
-23821
-21535
-19861
-17671
-13906
-8848
-3702
-442
1370
3882
9520
17097
23274
25555
23809
21178
19880
20370
21701
21981
20395
18300
16465
15067
13410
10599
7575
5887
6781
8532
9090
7776
4813
1451
-2696
-7122
-9843
-8867
-5590
-3005
-3234
-6247
-10773
-15275
-17711
-18070
-17282
-17351
-18317
-16958
-12296
-7760
-7905
-12077
-14947
-12173
-4482
4751
12267
15091
13204
10228
10346
14117
17669
17612
14932
12670
11713
10114
5924
-766
-7922
-12964
-14218
-12250
-10998
-14225
-21179
-27869
-30860
-28989
-25052
-21475
-18540
-15452
-11717
-7799
-4143
-1332
1818
7382
15151
22741
27307
27677
25080
21809
20335
21088
22922
23897
22898
20474
17142
14160
10995
7925
6245
7397
10347
12268
12129
8965
4027
-2503
-8599
-11475
-9300
-3654
167
-952
-6230
-12356
-17447
-19914
-19912
-18692
-17648
-17381
-15371
-10899
-7722
-10498
-16800
-19670
-15167
-4563
6837
13918
15353
12478
8953
9411
13338
17437
18376
16766
15100
13182
9175
2280
-5487
-12135
-15592
-15203
-13038
-13076
-17424
-25152
-31576
-32768
-32226
-28307
-23017
-18405
-15027
-12394
-9315
-5612
-884
5048
13017
21367
27969
31104
30511
27962
26001
25696
26600
27600
27310
24894
21273
17419
14245
11195
9036
8757
10259
12241
13478
12318
8117
2127
-4991
-9946
-9690
-4638
81
703
-3727
-10132
-15362
-17664
-17880
-17740
-18034
-18942
-17336
-12311
-6852
-6591
-12469
-18392
-17706
-8890
2942
11232
13290
10102
6295
6421
10918
15801
17509
15419
12187
9757
6534
740
-6800
-13645
-17557
-17960
-16239
-16411
-20725
-28304
-32768
-32719
-32534
-28740
-24432
-20838
-17478
-15129
-12646
-9052
-3723
3453
12318
21311
27724
29759
28134
25697
25116
26600
28554
29598
29265
27208
23490
18712
14580
11975
10947
11888
14291
16998
17238
13989
8197
1150
-5345
-8874
-7012
-1182
3344
2048
-4668
-12752
-18125
-19198
-18198
-17074
-16443
-16421
-15134
-11319
-7470
-8368
-14243
-17510
-12440
-666
11364
16976
15204
9259
4937
6017
11751
17803
18983
15780
11661
7810
2542
-4757
-12529
-17892
-19459
-18666
-17401
-18570
-24064
-31486
-32768
-32768
-31901
-25548
-20299
-17763
-16989
-16252
-13709
-8858
-1801
6431
14397
20775
24758
25811
24556
22928
22939
24834
27392
28488
27357
24112
19762
16059
14605
15048
16674
18551
19344
19427
17944
13949
6003
-2637
-7561
-5631
337
3516
526
-8207
-17124
-22017
-21649
-18549
-16830
-18540
-20695
-18454
-11297
-5022
-6199
-12361
-15028
-8532
4620
17292
23196
20861
14078
9946
12148
18793
23643
21757
14580
7764
3874
1236
-3023
-9825
-17234
-22575
-23878
-23554
-24097
-29107
-32768
-32467
-32768
-28838
-20588
-17283
-18560
-20570
-18924
-12328
-2906
5766
11521
14850
17503
19711
20723
20253
19362
19661
21498
23984
24840
22136
16784
12445
11752
14472
18090
20518
20922
19858
18588
15762
9329
1022
-3744
-2134
3158
5372
534
-9338
-19372
-24029
-22740
-19057
-17124
-19707
-23355
-22336
-15570
-9544
-10355
-14736
-14646
-6235
7111
18460
22713
20202
15571
14474
19747
27528
30767
26594
18246
11272
7511
4931
1
-6973
-13809
-18608
-20751
-21888
-25296
-31322
-32768
-32533
-32768
-26876
-18955
-17363
-19474
-21491
-18749
-10889
-722
8118
13302
15404
16481
17730
19077
19344
18432
18115
19507
21303
21243
17567
11664
7339
7135
11471
17511
21381
21401
18641
15161
11062
6033
2285
3060
7376
9901
6001
-3468
-13939
-21225
-23259
-21457
-18333
-17433
-19416
-20663
-18003
-13609
-13084
-16336
-16973
-10202
2474
14347
20035
19369
15011
13162
17606
27317
32767
32339
25370
15831
10903
8238
5301
7
-7431
-14690
-19776
-22061
-24467
-30425
-32768
-32512
-32768
-31290
-23022
-18210
-19686
-22655
-21869
-14444
-3293
6918
12652
14373
14943
16532
18663
20071
20061
19950
19907
20140
19698
17923
14281
10106
7983
9358
13128
16191
16612
14652
10985
5983
1677
820
4892
9539
9903
4171
-5319
-14313
-19650
-20502
-19538
-19208
-21359
-23779
-22793
-17933
-13762
-13965
-15918
-13931
-5885
5691
14914
18422
16553
13790
14887
21973
30734
32767
31321
23015
14816
11330
10792
10335
6456
-1013
-10122
-17141
-21502
-24995
-30592
-32768
-32563
-32768
-31563
-25489
-22575
-24651
-26724
-23658
-13443
-251
10034
14131
14039
13210
13873
15772
18062
20110
21377
21696
21165
19457
16345
12092
9212
9687
12686
16330
17944
16870
13622
7636
303
-4028
-1102
6521
11211
7787
-2418
-13479
-19914
-19951
-17139
-15944
-19240
-25959
-29189
-25035
-17592
-14421
-16892
-18041
-12508
-771
11208
17830
18000
14550
13930
19767
30582
32767
32767
27878
16588
11764
12025
14284
13355
7800
-1517
-10975
-16956
-20090
-23708
-29902
-32768
-32768
-32036
-26630
-23789
-25988
-30014
-29735
-21499
-7594
5762
12736
13109
10956
11305
15329
20475
23679
23691
21207
18349
16633
15493
13650
11556
10907
12285
15054
17110
16141
11650
4706
-1736
-4182
-211
7406
11114
6469
-4802
-16156
-21645
-20172
-16221
-14855
-18576
-24491
-27290
-24839
-20573
-20205
-23191
-23057
-15525
-2560
8733
13339
11518
8202
9533
18343
30753
32767
32767
30553
20122
14427
14265
16455
15919
10532
1816
-6493
-11720
-14668
-18539
-25364
-31528
-32768
-30799
-26401
-23953
-25543
-29064
-29366
-23232
-11970
-700
5353
5625
4518
7343
14394
22089
26165
25387
21324
17659
16821
18174
18793
17681
16232
15903
17059
17104
14960
10309
4258
-137
-302
4459
9388
8937
824
-11374
-20951
-23628
-20053
-15256
-13740
-18186
-25887
-30814
-29103
-23514
-20324
-20686
-19792
-14550
-5118
3539
7291
6203
4726
8561
20129
31939
32638
32767
27452
17212
15275
19055
24123
24120
17569
6352
-4068
-9915
-12090
-15127
-19937
-24627
-25803
-24441
-23710
-25961
-31026
-32768
-31783
-23798
-12201
-3727
-1056
-3176
-4756
-1267
7532
17328
23767
25108
22775
19438
18041
18793
20994
23350
25066
25522
24640
22381
18573
12325
5793
2166
3562
8375
10509
6451
-3597
-15146
-23088
-24586
-21802
-19190
-20474
-26196
-31550
-32030
-28282
-25234
-24996
-24508
-20340
-12281
-2956
3101
4745
3039
3189
8931
20513
30976
32767
30940
23268
18067
18539
21624
23659
21647
15807
8355
2865
-314
-3898
-9830
-16077
-19179
-18383
-16474
-17291
-22008
-27361
-29340
-25682
-18289
-10870
-6303
-6056
-8233
-8537
-4577
1879
7765
11196
12662
13182
14304
16469
19337
22214
24438
25456
25900
26042
25788
22936
17144
11352
8720
10092
12077
10345
2916
-7624
-16606
-20991
-21072
-20374
-21266
-26944
-32368
-32768
-31535
-26900
-25953
-27807
-27182
-21703
-12342
-3365
1898
2527
1557
3332
10561
20870
28418
29263
25049
20622
19021
19345
19578
18313
14532
9447
5511
3862
2867
-259
-6270
-12165
-15296
-15258
-13516
-12431
-13449
-16554
-18815
-17948
-13941
-8517
-4497
-3841
-4650
-4256
-1388
2546
5740
7263
6604
5608
6992
11701
17125
20980
22222
22011
22024
23697
25854
24282
18970
13726
12610
15194
16693
13020
3712
-7320
-14797
-17248
-16502
-16584
-20356
-28995
-32768
-32768
-30429
-26944
-28635
-30585
-29205
-22683
-13337
-4744
-300
37
-999
1655
9494
19321
24665
23262
18327
14831
14782
16374
17818
16632
12041
5564
1232
247
372
-1121
-5484
-10258
-13106
-13340
-11466
-10158
-11113
-13681
-15225
-13264
-8903
-4356
-1443
-959
-1798
-1879
353
4352
7419
7994
5919
4515
6669
11292
15948
19511
21362
21307
21150
22494
24140
23338
19222
15367
15242
17507
17203
11538
2292
-6532
-11379
-12343
-12783
-15189
-22200
-30793
-32768
-32070
-26822
-24038
-26418
-28848
-28476
-23250
-15055
-6777
-2178
-1461
-1401
2450
10595
18998
22145
19389
14862
12189
12403
14730
16281
14381
8488
2573
167
956
1360
-1480
-6343
-10352
-11668
-10820
-9577
-9924
-12541
-16267
-17331
-14331
-9547
-5914
-5060
-5766
-5533
-3716
-882
2278
5052
7106
8623
10280
12125
14275
16621
19891
23264
25305
26296
27677
29396
29064
25519
19898
15951
15217
15433
13536
7146
-2373
-11163
-15975
-16938
-17952
-21792
-29957
-32768
-32768
-31127
-26108
-26217
-29548
-31791
-28002
-18019
-7063
-607
-603
-3084
-1812
5434
16086
23412
23156
17298
11498
10240
13212
16286
15000
8889
1666
-1764
-775
1446
1171
-2594
-7175
-9417
-7901
-4925
-4160
-7074
-11514
-14154
-13087
-10017
-8008
-8632
-11384
-13596
-12889
-8913
-4326
-1551
-1098
-975
1472
6283
12104
17242
20963
22448
23265
24981
29665
32752
32767
31736
26564
23644
24025
24493
21614
13765
3414
-5231
-9285
-10654
-13173
-20050
-30023
-32768
-32592
-32768
-29151
-27932
-31489
-32768
-32418
-25137
-13573
-5764
-3359
-4090
-2715
3388
12865
19822
20339
15110
10124
9938
14303
18935
18673
12199
3363
-2399
-2873
267
2649
1238
-3000
-6684
-6876
-4669
-2475
-2733
-5137
-7941
-8610
-6724
-4895
-5715
-9967
-14341
-15520
-12700
-8293
-5855
-6299
-8076
-8053
-4364
2234
9709
15156
17020
16675
17521
21535
26920
30544
31103
30468
30746
31026
29217
23965
16624
10055
6461
5470
4440
539
-8063
-18492
-26185
-28709
-27322
-25669
-25865
-27834
-29373
-28387
-24425
-19276
-15488
-13053
-9738
-4092
3552
10318
13557
12763
10174
8892
10328
13730
16142
14888
10031
4006
50
-1257
-1177
-1336
-2851
-4989
-6664
-6710
-5535
-4125
-3829
-4998
-6409
-6624
-5368
-4520
-5311
-7997
-11269
-12642
-11525
-9321
-8192
-8683
-9827
-10101
-8305
-4402
5
3013
3755
3516
4703
8328
13860
18659
21373
21905
21462
21845
23878
26235
25927
22061
16600
12078
10377
10647
10677
8242
2062
-5970
-11974
-13427
-11235
-9792
-11625
-15612
-18989
-19171
-16251
-11429
-6511
-3654
-3188
-2674
347
4940
7606
6785
4173
2345
3068
5302
7367
7028
3544
-1963
-6706
-7802
-5618
-2946
-2406
-4254
-7177
-8914
-8793
-7824
-7625
-9840
-12920
-14079
-12830
-10248
-8879
-9859
-12787
-15676
-16128
-13538
-8662
-4422
-3050
-3479
-3573
-2169
794
4147
6828
8647
9647
10655
12681
15110
16216
15480
14624
14921
16522
18122
17968
15462
11473
7811
6082
6302
6918
6382
4452
1784
-634
-2263
-2982
-3077
-3181
-3710
-4406
-4541
-3100
-717
950
1749
1953
2246
3760
6058
7843
8205
6812
4744
2904
2222
2361
2741
2158
175
-1685
-3046
-3627
-4560
-5966
-7150
-7645
-7844
-8842
-11143
-14115
-17099
-19439
-20122
-19055
-17296
-16227
-16287
-16641
-16051
-14168
-11215
-8165
-5570
-3736
-2509
-844
1673
4632
7482
8874
8972
9141
10375
12288
13803
14417
13676
12099
10482
8500
6484
5112
4750
5054
4572
3169
1321
-57
-584
-222
648
1325
922
-318
-1375
-1410
-8
1595
2730
3385
3920
4326
4560
5118
6342
7169
7325
7399
7580
7892
7758
7115
6570
6279
5781
5330
5232
5235
4624
3095
1483
125
-964
-2930
-6007
-9128
-12521
-15834
-18201
-19019
-18618
-18366
-19438
-20969
-21884
-20901
-17355
-12910
-9459
-8250
-8634
-8032
-5096
-584
3332
5081
5326
5637
6871
8532
9909
10314
9567
8391
7233
6313
5039
3263
1460
31
-924
-1598
-2012
-1908
-1426
-1248
-1235
-969
-565
95
762
1712
3233
4622
6061
7066
7680
7214
5793
4900
5371
6798
7636
7576
6348
4545
3056
2312
2736
3953
5362
6271
6679
6473
5701
5113
5225
5882
6398
5538
3187
490
-2462
-5172
-7510
-8524
-8595
-9092
-10617
-13076
-15290
-16519
-16453
-15234
-13451
-11761
-10658
-9908
-8647
-6696
-4782
-3576
-2195
350
3249
5529
6090
5247
4340
3915
4524
5272
5376
4399
2591
646
-1225
-2674
-3802
-4598
-4496
-4012
-3212
-2518
-2430
-2804
-3512
-3504
-1739
1492
5170
7856
8542
7298
5554
5293
6700
8475
9830
9847
8238
6077
3874
2270
1900
2436
3701
5120
5789
5457
3985
2635
2351
3050
3786
3603
2744
1020
-1441
-3948
-5995
-6426
-5666
-5371
-5986
-7400
-8836
-9728
-10368
-10580
-10388
-10116
-9642
-9083
-7568
-5150
-3160
-2489
-2068
-714
1880
4931
6706
6341
4334
2459
1860
2813
4376
4685
3312
632
-1825
-2804
-2182
-1163
-704
-1236
-2175
-2597
-3072
-3558
-4224
-4163
-2943
-301
2967
5375
5951
4698
3047
2723
4290
6236
7359
7129
5842
4278
2593
1071
-239
-666
477
2456
4450
5046
3799
1720
139
261
1834
3633
4444
3453
659
-2010
-3482
-3317
-2450
-2313
-2759
-3487
-3978
-4422
-5203
-6215
-7210
-7836
-7364
-5852
-3789
-2587
-3171
-4401
-4682
-3003
83
2797
3983
3543
1844
93
-753
-208
959
1464
656
-1179
-3113
-4032
-4112
-3810
-3457
-3373
-3349
-3300
-2813
-2297
-2206
-2271
-2136
-983
1086
3575
5418
5867
5176
4208
3923
4625
5728
6227
6024
5394
4141
2043
-401
-1879
-1674
-264
1418
2361
2261
1423
981
1332
2338
3681
4361
3997
3077
2243
2165
2705
2971
2662
2020
1354
1132
942
55
-1291
-2810
-3969
-4568
-4525
-3670
-3191
-3625
-4644
-4623
-3071
-959
416
257
-500
-1314
-1874
-1893
-1328
-454
-403
-2096
-4219
-5577
-5528
-4946
-4642
-4501
-4470
-4647
-5025
-5103
-4490
-3368
-2515
-1774
-940
-71
583
702
990
2044
3365
4366
4807
4706
4128
3026
1669
270
-1174
-2274
-2935
-2398
-1254
-710
-1570
-3544
-5247
-5109
-3220
-793
1481
2399
2542
2484
2711
3323
4249
5450
6754
8258
9362
9655
8899
7087
4861
3577
3773
4668
5209
5016
3880
2304
673
-56
529
2063
3609
3979
2679
92
-2750
-4248
-3800
-2310
-1186
-1650
-3355
-4945
-5932
-6212
-6335
-6594
-6786
-7042
-7042
-6176
-4678
-3164
-2729
-3400
-4166
-3794
-2051
471
3093
4347
3702
1781
25
-288
475
1495
1899
1082
-818
-3243
-4900
-5341
-4718
-4301
-4648
-5392
-6080
-6203
-6239
-6382
-6400
-5733
-4246
-2558
-894
377
1317
2300
3492
4528
5560
6831
7821
8653
9113
9031
8988
8616
8197
7857
7184
6493
5921
5873
6254
6384
5932
4308
1975
-215
-1380
-1438
-997
-759
-1846
-4093
-6023
-6619
-5910
-4644
-3763
-3718
-4437
-5319
-5844
-5346
-3530
-1338
83
592
584
709
1184
2171
3693
5364
6417
6217
5234
4182
3570
3304
3044
2271
626
-1727
-3732
-4785
-4906
-5060
-6132
-7740
-9445
-10585
-10779
-10470
-9655
-8720
-8279
-8233
-7835
-6526
-4693
-2494
-391
909
1408
1709
2420
3705
5179
6079
6254
6711
7695
8666
8876
8337
7616
7241
7307
7710
7567
6218
3829
1404
285
155
-141
-1145
-2683
-4423
-5495
-5862
-5418
-4270
-3143
-2989
-3684
-4750
-5237
-4163
-1591
1133
2605
2558
1627
1213
2065
3852
5723
7079
7513
6932
5711
4754
4643
5148
5835
5831
4920
3297
1553
322
-569
-1386
-2579
-3992
-5584
-6805
-7290
-7410
-7600
-8342
-9757
-10884
-10709
-8925
-6757
-5138
-4390
-4290
-3852
-2895
-1210
990
2765
3313
3067
3297
4728
6462
7606
7626
7214
7069
7725
8867
9661
9043
6674
3609
1419
782
608
54
-1342
-3237
-4659
-5420
-5517
-4831
-4506
-5088
-6131
-6680
-5650
-3461
-1302
48
321
-43
-453
-235
881
2541
3845
4470
4614
4194
3505
2945
2959
3834
4734
4995
4493
3364
2329
1651
1142
584
-315
-1394
-2292
-3025
-3656
-4658
-5834
-6925
-7566
-7588
-7142
-6507
-6403
-6614
-6837
-6607
-5924
-5150
-4060
-2360
-344
1265
2068
2602
3705
5407
6876
7807
8075
8304
8495
8720
8829
8578
7872
6623
5448
4358
3214
1657
-260
-1987
-3143
-3524
-3582
-3775
-4327
-5555
-6874
-7341
-6294
-4147
-1937
-547
-198
-361
-483
56
1089
2362
3301
3467
2945
2174
1525
1034
1117
1524
1700
1671
1620
1862
2153
2407
2412
1712
662
-363
-894
-977
-1251
-2438
-4184
-5989
-7077
-7262
-7256
-6913
-6840
-7224
-7854
-8449
-8406
-7546
-6092
-4399
-2821
-1943
-1489
-882
584
2814
5060
6814
7782
8161
8507
8932
9517
9660
9102
8115
6921
5790
4735
3529
2209
1299
762
214
-537
-1341
-1724
-2200
-2672
-2725
-1919
-498
537
883
933
1228
1627
1773
1957
2565
3216
3532
3309
2677
1715
545
-405
-611
-551
-636
-923
-700
125
877
1167
527
-249
-415
287
1498
2003
1156
-415
-1852
-2644
-3058
-3442
-3903
-4684
-5940
-7615
-9120
-9948
-9943
-9127
-8145
-7519
-7389
-7306
-6580
-4960
-2537
51
1993
2931
3689
4571
5703
6872
7499
7259
6076
4989
4456
4659
4838
4359
3066
1307
35
-526
-469
-316
-445
-825
-661
310
1569
2430
2522
2486
2981
4035
4824
4800
4193
3775
3615
3865
3964
3399
2305
1131
36
-809
-1174
-1319
-1059
-459
132
259
-420
-1350
-1658
-795
931
2360
2667
1937
851
-125
-656
-806
-615
-844
-1877
-3842
-6035
-7686
-8688
-8877
-8943
-8930
-9013
-9261
-9434
-9246
-8093
-6358
-4550
-3099
-1698
16
1665
3283
4634
5332
5270
4811
4555
4828
5352
5678
5076
3743
2555
1763
1402
1123
754
450
757
1722
2758
3115
2347
1426
1535
2753
4158
4775
4622
3792
3271
3429
3805
4090
3586
2450
1249
568
603
825
939
890
589
123
-300
-642
-592
-164
541
1111
1137
763
602
761
1071
1291
1047
141
-1123
-2552
-3862
-4546
-5009
-5345
-5871
-6598
-7645
-8969
-9962
-9931
-8726
-7064
-6071
-6197
-6449
-5906
-4290
-2070
-405
243
421
650
1372
2589
3585
3857
3129
2272
2200
2981
3829
4210
4076
3512
2960
2766
3120
3711
4028
3840
3561
3286
2655
1919
1466
1423
1948
2276
2190
1785
1294
627
84
158
828
1821
2676
3031
2817
2330
2014
1852
2381
3198
3695
3673
3138
2298
1459
916
687
1085
1506
1445
419
-1413
-3125
-4048
-4420
-4512
-4745
-5187
-5887
-6823
-7542
-7857
-7752
-7551
-7691
-7835
-7429
-6489
-5434
-4646
-4170
-3894
-3713
-3391
-2548
-1508
-343
294
222
244
612
1196
1789
2331
3127
4304
5210
5406
5013
4491
4147
4219
4710
5062
4870
3995
2850
2102
1891
2115
1973
1453
528
-160
-75
665
1413
1769
1883
1708
1903
2419
3150
3888
4333
4541
4232
4012
4263
4466
4529
4131
3400
2791
2280
2019
1659
1003
-6
-1034
-1470
-1396
-1234
-1606
-2387
-3404
-4297
-5007
-5369
-5418
-5522
-5787
-6102
-5984
-5769
-5502
-5329
-5362
-5198
-4927
-4362
-3646
-2961
-2328
-1916
-1841
-1524
-754
-66
591
1290
2049
3004
3513
3392
3085
3222
3593
3573
3197
2277
1113
70
-281
69
623
503
-582
-1898
-2502
-1813
-442
890
1518
1251
817
1077
2180
3423
4409
4587
4420
4208
3978
4010
4087
3969
3519
3089
3154
3494
3685
2932
1669
542
48
479
1048
1453
1233
363
-687
-1136
-1419
-1800
-2349
-2722
-2940
-3186
-3234
-3621
-4244
-4960
-5600
-5710
-5294
-4605
-4244
-4485
-4812
-4657
-3881
-2625
-1417
-612
-57
324
718
979
907
838
980
1572
2386
2755
2316
1093
-244
-1106
-1149
-560
-7
-506
-1719
-2951
-3439
-3039
-2152
-1157
-419
-138
-5
541
1347
2528
3400
4053
4456
4482
4160
3736
3454
2970
2436
2053
2238
2888
2986
2422
1321
600
563
958
1571
2175
2459
2150
1788
1708
1751
1646
1049
225
-248
-254
16
-302
-1484
-2936
-4111
-4611
-4080
-3348
-3193
-3920
-4663
-4777
-3960
-2493
-1126
-276
202
674
1101
1730
2033
1852
1701
1802
2244
2330
1569
-37
-1755
-2448
-2090
-1129
-542
-1252
-2832
-4485
-5154
-4491
-3065
-1502
-951
-1062
-1165
-597
438
1542
2596
3606
4484
5025
5186
4614
3753
2750
1641
1102
1156
1256
970
208
-640
-1361
-1732
-1905
-1325
-71
977
1382
1229
896
574
377
501
911
1341
1728
1638
914
-91
-874
-1115
-1114
-908
-743
-1097
-1638
-2315
-2541
-2363
-1832
-1263
-690
-193
198
804
1327
1491
1451
1212
1134
1706
2205
1953
724
-818
-1889
-2229
-1944
-1518
-1834
-3038
-4299
-5041
-4744
-3680
-2729
-2527
-2796
-2776
-2173
-749
619
1658
2356
2434
2410
2500
2645
2634
2435
2074
1834
1740
1359
675
5
-585
-1055
-1244
-1151
-854
-550
-460
-319
-191
85
564
1038
1253
1128
872
892
1140
1360
1476
1478
1302
1052
981
886
601
333
220
475
1095
1680
1832
1576
1024
765
858
1120
1395
1395
1456
1411
1396
1183
525
-315
-791
-445
260
821
363
-1137
-2928
-4245
-4228
-3197
-2114
-1772
-2292
-3282
-3796
-3705
-2865
-1535
-402
443
628
313
-90
-651
-1105
-1183
-853
-230
209
149
-611
-1183
-1552
-1624
-1126
-224
866
1434
1214
492
-1
56
717
1362
1616
1438
1038
549
222
210
203
322
592
1295
1895
2059
1763
1169
954
1165
2023
3287
4242
4510
4201
3559
2993
2584
2238
2209
2659
3173
3161
2472
1031
-164
-507
233
1676
2710
2519
1214
-533
-1593
-1574
-793
-168
-408
-1366
-2438
-2965
-3135
-3114
-2767
-2299
-1865
-1632
-1755
-2099
-2823
-3532
-4254
-4569
-4300
-3895
-3713
-3749
-3906
-3982
-4029
-3751
-2890
-1778
-760
-448
-217
-128
-80
120
299
287
319
213
162
190
-236
-748
-1082
-785
98
1355
2241
2477
2047
1448
1325
1947
3082
4217
4973
5098
4473
3563
2978
3033
3351
3555
3518
3275
2926
2102
1221
627
841
1452
1846
1765
1534
1064
754
762
1379
2096
2163
1513
446
59
213
690
1148
1261
756
-463
-1394
-1745
-1765
-1828
-2356
-2965
-3546
-3953
-4391
-4633
-4821
-4841
-4581
-3954
-3256
-2975
-2983
-3412
-3238
-2629
-1948
-1627
-1791
-2354
-2828
-2877
-2710
-2548
-2712
-3021
-3117
-2910
-2531
-2162
-1772
-1385
-803
-28
1225
2574
3543
3920
3565
3237
3165
3098
3289
3711
4255
4451
4406
4156
3664
3078
2507
2476
2237
1955
1472
754
295
434
1504
2495
3454
3981
3849
3045
2394
2006
2215
2583
3165
3533
3133
2375
1278
524
-80
-276
-786
-1454
-2216
-3068
-3721
-4261
-4035
-3588
-2916
-2380
-2037
-1920
-2110
-2065
-2211
-2267
-2323
-2087
-2034
-2034
-2141
-2333
-2392
-2780
-2983
-3001
-2634
-2210
-2163
-2476
-2912
-2972
-2602
-1802
-576
1049
2183
2800
2798
2558
2353
2241
2334
2403
2551
2253
1892
1605
1654
1473
1496
1438
1586
1528
1192
670
-116
-339
107
725
1286
1750
1341
245
-299
-118
698
2096
3448
3967
3621
2702
1531
771
723
1039
783
479
188
-99
-765
-1739
-2018
-1743
-1371
-583
399
794
381
-328
-455
-381
-572
-792
-1367
-1950
-2343
-2399
-2819
-2877
-2796
-2592
-2462
-2086
-1374
-1708
-2116
-2443
-1984
-1667
-728
312
1230
1384
988
726
911
1189
1502
2273
2607
2685
2310
1540
522
234
207
882
1530
1608
1121
356
55
167
735
685
1176
1025
1100
780
1200
1123
693
1081
1465
2324
2344
2351
1674
1222
447
-106
-11
-311
-377
-476
-843
-1148
-875
-1356
-1106
-833
-436
-173
175
108
-306
-217
-771
-1264
-1588
-1531
-1890
-2108
-2591
-3181
-3857
-3711
-3615
-3610
-3169
-3255
-2769
-2281
-1660
-805
76
364
787
1122
1130
1660
1874
1900
1984
2241
2028
1890
1429
1202
1134
1181
1014
675
139
-259
-149
-118
333
567
429
491
421
362
22
282
635
508
780
825
1344
1256
1185
1443
1263
1079
1110
943
73
-88
-484
-819
-734
-696
-950
-914
-479
226
1087
1117
1289
1113
751
22
206
-165
-670
-822
-1272
-1650
-2358
-2645
-2726
-2709
-2385
-2430
-3013
-3550
-3581
-2908
-2504
-1411
-990
-552
-372
-101
-33
260
609
662
1080
1404
1457
1124
1121
1022
1051
1011
860
395
482
309
307
468
797
681
114
306
-64
230
20
627
365
603
763
708
1059
1389
1422
1101
1025
489
468
214
275
351
-91
-565
-580
-293
-346
214
483
971
1219
2034
2250
2704
2516
2665
2648
2552
2927
3047
2348
1278
452
-1044
-1279
-1538
-1716
-1945
-1739
-1975
-2553
-2179
-2097
-1698
-1387
-1226
-1554
-1192
-931
-506
1
-285
-131
-311
-564
-442
413
499
257
53
-879
-1169
-1078
-708
-413
-127
-499
-811
-1048
-1308
-595
-241
-97
503
974
138
65
-117
-522
-238
-207
-23
637
585
-159
-309
-750
-1004
-751
-832
-777
-58
151
56
436
378
256
684
1984
2689
3304
3074
3232
2791
2789
2598
2260
2223
1901
1982
1022
816
246
34
-534
-708
-850
-721
-556
-900
-953
-1254
-1399
-1313
-870
-472
-236
105
-57
-413
-393
-176
-144
54
-191
-466
-539
-607
-439
-334
-174
-133
-465
-404
-542
-114
-33
-163
-306
-23
-120
-429
-145
105
486
198
297
-426
-322
-318
-222
263
113
-249
-1284
-2253
-2589
-2065
-1213
-770
-605
-583
-581
-351
59
821
1020
1222
1467
1694
2140
2494
2458
1973
1252
505
540
959
1834
1392
1033
408
-572
-978
-918
-626
-431
-353
-329
-283
-587
-741
-988
-1222
-1106
-616
-524
-259
-21
3
-842
-1101
-786
-549
-395
133
445
-192
-152
-648
-747
-384
19
886
1117
675
652
460
-131
618
1259
1351
1106
616
353
-16
-431
-653
-26
-845
-1036
-1263
-1283
-1759
-1123
-1165
-2031
-1848
-1920
-1870
-1297
-183
-587
-536
-314
147
816
1009
1476
1535
1293
1017
1111
1455
1576
1883
2007
1341
1433
919
928
652
731
846
392
601
124
-377
-1385
-1528
-1745
-1763
-1537
-1672
-1498
-1529
-2144
-2334
-2607
-2404
-1787
-1300
-959
-650
-1139
-1439
-1417
-708
-64
473
1167
739
78
514
333
671
1274
1420
888
1260
893
944
1118
988
922
576
48
-614
-450
-735
-253
-535
-602
-1499
-1428
-1459
-720
-118
-495
-393
-1107
-802
-825
-35
347
386
879
538
1186
2024
2504
2750
2931
2755
2591
2406
2798
2396
2850
2480
1924
1464
1329
767
530
-15
-244
-962
-1894
-1908
-1984
-2451
-2710
-2538
-2769
-2863
-2381
-2438
-2324
-2649
-2416
-2475
-2079
-1612
-795
-746
-1438
-834
-996
-862
26
492
523
590
844
764
575
450
713
1177
848
1948
1173
157
111
-506
-557
-428
-126
-331
-696
-725
-1045
-425
-821
-813
-994
-637
-350
-17
2
-134
-388
-192
135
1035
1899
1703
1854
1954
1943
2222
3158
3008
2381
2379
2424
2318
1812
1939
1468
787
777
242
-375
-911
-1675
-2017
-1680
-1700
-1085
-1053
-1547
-1708
-1778
-2481
-2676
-2085
-1875
-1351
-806
-1116
-1405
-2130
-2563
-2044
-1094
-859
-180
52
-310
-301
-90
-285
-434
-45
75
342
886
819
243
-80
-787
-405
-216
-661
-350
-597
-1391
-1271
-1082
-1220
-1080
-938
-782
-773
-319
-741
-514
-232
-96
701
1561
1942
1982
2237
2058
1991
2601
2945
2703
3005
2711
2796
1997
1705
1677
1946
1869
1648
1371
577
36
-991
-1230
-1310
-828
-288
-379
-617
-931
-1334
-1671
-1454
-1312
-1344
-1507
-1573
-1324
-994
-1015
-1297
-1209
-1110
-1053
-178
350
103
95
264
-180
-264
-63
-99
498
227
-190
-307
-536
-595
-285
-152
-413
-333
-396
-779
-759
-839
-1070
-915
-835
-545
-316
-291
-529
-323
164
11
214
132
39
134
360
887
1001
1273
949
1210
1254
1395
2062
1946
1927
1630
1445
1225
1022
680
138
-77
-434
-71
268
398
310
71
-848
-926
-894
-947
-727
-889
-675
-1283
-1504
-1546
-1307
-1620
-1304
-1085
-490
44
122
245
-161
238
95
541
729
636
629
238
470
341
633
194
35
-183
-849
-767
-953
-844
-681
-463
-166
-69
-29
125
2
-413
-391
-161
284
633
815
469
389
89
284
-218
-27
187
-67
432
557
673
548
591
714
680
942
1446
1464
1409
1195
1190
1359
1455
1656
1736
1387
1563
1094
164
343
227
249
612
-420
-903
-1191
-1488
-1221
-684
-790
-820
-524
-931
-510
-122
-173
-92
103
478
756
1215
1022
1059
871
795
609
403
6
-183
-555
-881
-770
-1037
-1324
-1232
-994
-987
-376
-394
-419
136
360
439
985
1295
850
282
-190
-58
506
510
548
344
145
-11
-21
179
-226
-437
-509
-393
-60
226
191
-151
-119
-103
173
611
1149
1616
1681
1560
1064
1077
1194
1006
1164
1051
465
-104
-393
-423
-242
-406
-529
-667
-870
-897
-663
-378
-389
-61
70
198
511
495
274
215
88
99
255
-9
-410
-490
-1034
-984
-1005
-1411
-1557
-1739
-1469
-1211
-892
-964
-1105
-1210
-950
-430
365
524
573
411
44
429
197
12
-169
-129
-529
-589
-516
-561
-569
-1116
-1475
-1452
-1265
-1301
-1479
-1144
-1446
-1503
-1203
-430
621
1101
1159
776
793
940
1240
1873
1573
1483
1141
318
495
438
405
384
143
-290
-595
-671
-502
-323
-96
209
433
710
1116
1245
885
822
855
453
361
487
44
-165
-362
-708
-701
-1107
-1122
-1061
-844
-453
-217
-277
-191
39
370
778
1296
1454
1052
504
652
1104
1191
1376
1312
911
546
-76
-170
-262
-575
-963
-1200
-1344
-1476
-1573
-1899
-2379
-2356
-2399
-2290
-1365
-1138
-1074
-1061
-1023
-861
190
782
813
991
833
649
482
712
1133
1209
1209
829
417
-426
-336
44
-290
-235
-550
-339
30
740
1204
1172
918
893
1152
1259
1213
1134
437
438
369
251
44
-335
-104
-277
-147
-24
133
67
365
321
91
664
453
36
305
641
514
916
841
1030
994
1081
889
303
-18
-265
-299
-176
-62
-396
-930
-1569
-1894
-1939
-1842
-2140
-2563
-2589
-2517
-2217
-2014
-2030
-1752
-1172
-700
-353
-406
-292
-811
-562
-169
120
609
252
179
-208
-209
-119
158
-52
-210
-232
-214
78
411
325
2
-79
-229
156
420
687
685
850
779
537
898
1012
964
919
834
1240
1438
1415
1381
1171
1171
923
977
1003
966
549
118
173
42
184
190
299
694
642
824
540
424
347
140
299
419
95
-109
-577
-1089
-1035
-1339
-1572
-1796
-1484
-1283
-1489
-1425
-971
-1299
-1093
-1056
-1134
-832
-730
-388
-411
-40
-112
-308
-467
-188
340
231
298
83
-169
-218
130
436
287
110
107
-54
-115
176
139
-133
98
249
109
412
896
753
750
939
1231
1561
1592
1690
1996
1676
917
1047
966
970
1334
1361
1338
1167
1016
711
575
684
640
695
966
996
643
171
-52
-291
-255
-336
-29
-397
-782
-996
-1828
-1933
-2058
-1992
-1923
-1553
-1289
-1305
-1369
-1617
-1871
-2028
-1788
-1514
-1298
-1073
-1377
-1553
-1527
-1483
-1512
-1126
-1045
-932
-773
-840
-615
-549
-605
-799
-791
-640
-168
186
451
268
-141
-429
-306
287
824
1324
1664
1522
1139
1237
1261
1078
1212
1441
1531
1632
1929
1903
1410
1090
1150
1002
1172
1455
1410
1046
863
1075
1011
909
914
955
759
957
681
603
35
-144
-36
-350
-36
-537
-1026
-1599
-1358
-1360
-1234
-872
-776
-664
-728
-548
-929
-929
-1450
-1491
-1829
-1791
-1247
-1248
-1148
-1121
-1036
-1304
-1525
-1629
-1138
-792
-793
-623
-743
-849
-739
-741
-483
-421
-411
-653
-249
171
587
777
789
761
910
1197
1061
1463
1498
1485
1382
1434
1540
1535
1543
1223
1288
1347
1330
1439
1577
1869
1944
2142
2144
1990
1720
1587
1403
701
823
655
642
581
303
373
-101
-317
-425
-77
-206
-45
517
321
488
381
386
-29
-62
-99
19
109
-56
-164
-512
-521
-975
-970
-1378
-1378
-1695
-1851
-1496
-1511
-1469
-1648
-1908
-2056
-2025
-1728
-1565
-1401
-1319
-1334
-1214
-642
91
8
-169
-62
-208
-280
340
480
604
535
401
413
353
674
345
349
641
672
964
931
1141
1112
1183
1116
1645
1405
1413
1325
1150
1189
1086
1078
612
435
294
110
198
34
82
143
261
389
580
438
395
506
298
478
