-426
-196
17
62
-172
-509
-229
-218
-160
90
-56
-341
-375
59
133
211
156
133
-430
-365
-174
24
26
-291
-88
-141
77
301
599
-52
-211
38
-206
-39
6
31
-601
-350
235
288
258
177
176
49
167
224
179
393
180
-260
134
311
302
23
-181
-243
-200
-7
3
382
176
-119
91
78
27
246
219
-196
102
452
273
151
316
106
-172
112
250
406
246
291
95
-52
249
345
262
186
492
404
16
199
180
55
-421
-271
502
448
140
144
378
-70
-54
239
4
471
239
-120
-46
129
-217
-686
-378
-367
-186
-184
188
424
232
171
426
416
122
195
172
111
552
981
421
56
114
-174
-365
61
480
318
29
14
204
302
189
-169
-393
-170
33
143
381
309
-86
-336
-414
-172
135
454
23
108
327
-29
-72
202
130
-375
-317
-86
212
461
136
-527
-405
-367
-517
-159
229
-152
-390
-59
-9
88
101
-302
-715
-429
66
-43
-11
-178
-458
-606
-263
280
476
33
-307
-78
107
-29
-46
238
-241
-598
-421
37
-142
-333
-274
-491
-279
-89
-53
-287
-216
-432
-451
-70
-31
-42
46
-73
-151
-116
92
193
96
-181
-113
197
160
-209
-6
-65
-451
-32
174
-9
-94
196
55
118
293
145
193
400
254
166
218
480
574
146
140
259
-16
-516
29
492
70
-303
-227
-226
-219
57
-66
109
155
146
316
493
648
376
-25
185
463
680
525
351
352
158
81
-30
154
162
-108
-212
-44
194
307
267
153
8
127
209
259
136
-101
13
-14
31
-19
-225
-66
70
-116
-256
-10
-477
-753
-363
-296
-283
-235
-65
-264
-241
221
250
85
71
10
-76
194
515
212
-133
-225
40
-288
-353
344
192
-228
-307
-100
33
-3
-393
-515
-408
-500
-590
-67
340
12
-427
-415
-77
47
-16
-348
-194
37
-220
-240
283
254
-287
-318
-52
-22
-5
200
-90
-142
60
71
316
488
308
158
162
135
182
122
-249
-407
-232
-178
-92
117
157
-112
-93
375
399
439
335
271
283
138
245
446
244
79
-21
-134
-32
105
-17
-159
-306
-181
-160
-329
-106
-34
-330
-571
-143
133
68
-155
-165
-67
23
136
158
158
24
-168
-72
177
352
156
-245
-350
-124
-197
27
9
-369
-267
-453
-344
-168
-212
-308
-268
-96
171
383
232
-37
-172
-124
136
288
372
413
-2
-199
-11
168
-33
19
117
-146
-36
69
219
256
133
-147
-330
-90
50
41
171
261
133
-5
157
308
220
-126
-183
201
437
497
255
64
-221
-320
-338
-154
-17
-281
-245
-135
194
481
324
52
44
129
187
388
126
-115
-190
-426
-341
142
-2
-557
-548
-340
-114
183
112
-209
-421
-200
-18
397
724
152
-736
-982
-440
-224
-30
-321
-816
-668
-359
-61
-155
-555
-1104
-1102
-445
231
667
589
208
3
388
1317
1615
1617
1326
843
943
1198
1240
767
38
-339
-289
79
214
-155
-831
-1458
-1404
-1055
-705
-806
-1423
-1737
-1552
-1140
-507
-401
-525
-501
-207
299
689
775
296
-66
35
394
834
907
706
462
117
23
254
137
-503
-671
-384
-115
310
404
-37
-462
-603
-504
17
524
275
303
344
105
-32
-73
-70
-241
-253
116
578
504
192
59
-18
-232
24
474
778
1030
1247
1576
1490
1245
936
925
1148
1173
1377
1682
1691
1225
869
558
367
130
207
345
277
276
196
-16
-285
-583
-837
-614
-285
-226
-211
-7
-26
-339
-245
-146
-218
-127
97
318
277
-42
-240
-543
-641
-870
-900
-735
-824
-1007
-1246
-1259
-1635
-1804
-1825
-1967
-2144
-2038
-2056
-2458
-2516
-2623
-2687
-2570
-2427
-2321
-2217
-2016
-1859
-1509
-1189
-1051
-821
-367
174
698
969
1063
1307
1400
1561
1917
2390
2500
2587
2798
3034
3258
3258
3022
2928
2790
2636
2989
3145
2962
2665
2750
2842
2839
2934
2918
2873
2759
2835
2958
3153
3103
2781
2899
3303
3601
3672
3549
3392
3272
3601
4177
4427
4146
3453
2266
1249
570
132
234
60
-607
-1352
-2371
-3863
-5504
-7442
-9179
-10288
-10547
-10047
-9268
-9173
-9697
-10446
-10937
-10888
-9994
-8250
-6291
-4455
-2919
-1383
-493
-143
32
201
680
1386
2292
3297
4012
3717
2501
1264
105
-924
-1344
-1400
-1423
-1750
-2298
-2819
-3224
-3563
-4019
-4225
-3646
-2559
-1137
366
1335
1845
2215
2419
3409
4685
5806
6608
6956
7242
7530
8224
8808
9150
9463
9851
9920
9864
9850
9486
8935
8424
8153
8038
7842
7353
6826
6701
6852
7060
6926
5154
1711
-1482
-2841
-2276
-1090
-1059
-2753
-5648
-8245
-10370
-12316
-14132
-16412
-18311
-17735
-14498
-10968
-9972
-11923
-14903
-16139
-13603
-8154
-2724
715
1716
1985
3181
5549
7993
8931
8185
7237
7669
9319
10259
9065
5691
939
-2640
-3796
-3490
-3648
-5952
-9674
-12929
-14354
-13992
-13417
-13720
-14911
-15852
-14730
-11424
-7396
-4466
-3231
-2442
-367
3255
7570
10937
12462
12705
12882
14253
16539
17920
17593
16247
14955
14249
13857
13137
11495
9474
8234
8202
8712
8659
7189
4671
2633
2004
2671
3711
4296
4563
5119
5422
3571
-627
-4855
-6323
-3979
-49
2280
1569
-2385
-7052
-10796
-12734
-13527
-14869
-16172
-15762
-12425
-8384
-7502
-11023
-16276
-18504
-15527
-8589
-686
4312
4978
3112
2135
3494
5702
6779
6362
6022
7293
9250
9595
6724
786
-5606
-9135
-8580
-5636
-3968
-6060
-10629
-14575
-16280
-15833
-14589
-14041
-13856
-12645
-9707
-5703
-2760
-1810
-2092
-1235
2400
7735
12394
14712
14493
12893
12301
13959
15951
16751
15981
14367
12970
11985
10724
8340
5292
3439
3740
5456
7176
7159
5493
3151
1779
2444
4420
6331
6976
7643
8535
8085
4819
-536
-4362
-3733
190
3749
4599
1619
-3978
-9393
-12976
-14511
-15194
-16432
-17416
-15538
-11331
-8755
-10977
-16285
-20200
-18579
-11151
-1975
4840
7199
5622
3248
3499
6353
9409
10348
9851
9918
11377
11713
9156
3511
-3508
-8252
-8858
-5961
-3383
-4523
-9502
-15123
-18120
-17650
-15245
-13388
-12694
-11900
-10018
-6783
-3848
-2424
-2224
-1577
1594
6925
12260
15078
14819
12633
10798
11449
13677
15599
15774
13981
11590
9363
7408
5237
3082
1747
2490
5052
7285
7728
6065
3418
1497
1868
4557
8052
11020
11639
8109
1858
-3477
-4722
-1899
1535
2302
-472
-5272
-10004
-14145
-17670
-20425
-22730
-23806
-21371
-15521
-10327
-10404
-15761
-20968
-20860
-13935
-3402
5863
11036
11623
10217
10161
12564
15363
16602
16137
15890
16536
15978
13059
7372
64
-6068
-8646
-7565
-5768
-6780
-11829
-17696
-21435
-21573
-18820
-15829
-14114
-12821
-10756
-8017
-4562
-1549
360
2147
5872
11376
16354
18887
18195
15677
13645
13831
16192
18641
19280
17227
13960
10790
7542
4506
1998
1043
2409
4640
5915
5221
2639
-381
-1979
-948
2418
6447
8256
5622
-775
-6296
-6542
-3116
-86
-535
-3880
-8233
-12013
-15189
-18798
-21863
-24573
-25984
-23494
-17425
-11601
-11465
-16545
-20993
-19863
-12044
-1769
6404
10631
11419
11047
12226
15809
19716
21535
21157
19985
19570
18089
14050
8142
1759
-2906
-5083
-5661
-7059
-10855
-16590
-21643
-23625
-22195
-19475
-17531
-16403
-14508
-10946
-6712
-2472
900
3907
8070
13432
18527
21431
21637
20291
18939
18731
19793
20817
20396
18253
15440
13040
11071
8564
4941
1498
232
1412
3060
2667
-131
-3613
-5705
-4988
-2221
1160
1985
-1347
-7053
-10565
-8374
-2580
970
-1034
-6298
-11495
-14477
-15584
-17135
-18990
-21866
-24167
-22645
-17926
-13424
-14255
-19309
-22326
-18893
-9547
273
6305
7423
5781
5246
8113
13803
18698
20672
19929
18787
18183
16233
11602
5053
-494
-2442
-1853
-1884
-4748
-10482
-16894
-20988
-21143
-18477
-15370
-13425
-12350
-10664
-8068
-4579
-934
2840
7503
13143
19000
23269
24524
23195
20800
19519
20395
22633
24224
23498
20830
16826
12757
9545
7212
5551
4455
4716
6152
6788
5033
854
-3344
-4688
-2894
1301
4320
3054
-2195
-8015
-9486
-6229
-2463
-2894
-7717
-13344
-16397
-16415
-16680
-18389
-22043
-26019
-26411
-22512
-16342
-13887
-17366
-21543
-20845
-13458
-3865
2572
4409
3148
2268
4033
8724
14136
16951
16152
13707
12207
10677
8078
4193
6
-2254
-2898
-3159
-5666
-11258
-17873
-22453
-23182
-20110
-15322
-11644
-9883
-8987
-7728
-5059
-817
4027
9242
14926
20764
24798
25653
24401
22933
22672
23107
23885
24306
23718
21763
18389
14696
11971
10217
9074
8495
8784
9620
9447
7849
5366
3211
1965
2144
3721
3380
-30
-5012
-7114
-4559
-510
30
-4634
-12141
-19065
-22950
-24083
-23586
-23174
-24643
-25976
-24638
-21319
-19436
-21634
-24470
-23035
-15871
-5014
4226
8403
7152
3265
1475
4588
11038
16157
17243
14818
11490
7654
2900
-1822
-5654
-7716
-8194
-7568
-7680
-10745
-16840
-23466
-26631
-24435
-18834
-13740
-10671
-8643
-6847
-4687
-1056
4444
10790
17046
22411
25787
26647
25629
24040
23559
24637
26057
26512
24965
21885
18139
14768
12545
12139
12671
12675
12788
12679
11653
9193
6187
4657
4986
7051
7890
5013
-267
-4404
-4188
-401
2901
1382
-4696
-12813
-18962
-21572
-22968
-24621
-27366
-29836
-28542
-23874
-18944
-18707
-22899
-24954
-20856
-10137
1372
7830
8181
4644
2126
3634
9391
15517
17529
14485
8881
3879
377
-2365
-4655
-6756
-8727
-10941
-13256
-16080
-19405
-23419
-27146
-28071
-25023
-18914
-13049
-9391
-7682
-7171
-5651
-601
7933
17657
25458
28811
27866
25093
23451
23747
25076
26274
26691
25410
22395
18348
14110
10729
9049
9322
11111
13035
14389
13534
10589
7011
5076
5673
8095
9311
6519
42
-5922
-6100
-1016
4586
5699
1007
-7203
-14175
-17713
-18792
-19519
-22305
-26510
-28002
-24718
-19772
-18763
-22892
-26682
-24621
-14755
-1415
8927
12457
8979
3966
3406
8979
16710
20687
17925
11407
5020
-164
-4378
-8169
-11776
-14894
-16958
-17851
-19348
-22655
-27832
-32149
-32693
-28382
-20668
-13761
-9693
-8201
-8273
-7142
-1883
7780
18969
27877
32348
32601
30752
28836
28362
28755
29149
29028
28114
26255
22726
17754
12236
7910
6244
7386
10384
13046
13593
11018
6921
3657
3330
4861
4936
2723
-704
-1063
1772
4144
2244
-3649
-10696
-14994
-14778
-12991
-12276
-15150
-21165
-25388
-24965
-21522
-19405
-21502
-23666
-21481
-13607
-2957
4422
6851
4735
2253
4033
11308
20087
24429
20977
12015
3666
-1240
-2622
-2944
-4639
-8989
-15258
-21283
-25582
-29048
-32244
-32768
-32640
-32768
-28381
-21681
-18275
-17018
-15790
-11390
-2254
9775
20328
26699
28356
27719
27180
29612
32559
32767
32700
32767
30493
26238
23605
21239
18357
15037
12806
12053
12189
12314
10909
8379
5570
3979
5074
6000
4208
-801
-5292
-4720
-58
3704
2158
-3933
-10984
-14875
-15241
-14328
-13912
-16380
-20623
-22181
-19345
-15713
-16838
-21656
-23858
-19493
-9219
1203
7123
7546
4200
2231
5659
14151
21985
23476
17815
9545
3211
-703
-2807
-4175
-6312
-10527
-15356
-20056
-23410
-27463
-32106
-32768
-32572
-32768
-30478
-24116
-21612
-22079
-22636
-19081
-9455
3977
16081
23598
26195
26688
27852
30664
32767
32707
32767
32722
32764
30670
27348
24510
21384
19305
18183
17988
17640
16392
13481
9126
4919
3118
2652
790
-2747
-6138
-5923
-2420
1470
1680
-2041
-8308
-13035
-14152
-13451
-12288
-13443
-16613
-17418
-14435
-10879
-11457
-16926
-21423
-20067
-11665
-812
6447
7635
3988
1437
4463
12394
20009
22039
17384
10524
5038
1919
267
-1632
-4748
-9156
-13807
-17546
-20528
-23686
-27777
-32137
-32768
-32768
-32124
-28541
-26129
-25214
-24616
-21384
-13721
-3342
6809
14345
18066
19038
20161
23694
28656
32317
32767
32767
31853
29024
26260
23396
21885
22483
23607
23618
21808
19186
16769
14422
12304
10313
6639
835
-5420
-7972
-5474
-1120
-184
-4859
-12138
-17320
-17427
-14942
-13290
-13944
-17053
-18984
-15526
-9039
-5164
-7725
-13692
-15732
-10467
26
8390
10100
6261
1421
1492
7956
17311
23005
20594
12066
2975
-2415
-3321
-2317
-2522
-5672
-10943
-16128
-20336
-23557
-26882
-30470
-32341
-30751
-26889
-23590
-23028
-24925
-26696
-25221
-17979
-6901
3614
10782
13603
14060
15404
19246
24787
29539
31812
31315
28998
26424
24570
23375
21929
21124
21125
21316
20901
19465
17549
15408
13166
11623
8951
3819
-3149
-8696
-8956
-5454
-3091
-5904
-11681
-17177
-18889
-17828
-16886
-16825
-18018
-18957
-16748
-11344
-6585
-6493
-10129
-11738
-7357
2393
11502
15134
12924
7780
5291
8339
15599
21712
21915
15441
5996
-2051
-6527
-7495
-6890
-8061
-12312
-18242
-23267
-26243
-27721
-29190
-30744
-30244
-27437
-23834
-21227
-20923
-22349
-22957
-18631
-8301
4060
13436
16279
14022
11582
12941
18667
26322
31738
32767
31185
27177
24372
23115
22550
22087
22615
23939
24288
22772
19154
15580
13361
12821
12010
7928
721
-6384
-8677
-6199
-3153
-4839
-11130
-18539
-22439
-21898
-20519
-20434
-21813
-23094
-20527
-13332
-5986
-4205
-8812
-13088
-10989
-747
12055
19325
18721
12695
7507
8252
14728
22322
24866
19736
10402
1515
-4074
-6990
-8862
-11788
-15927
-20595
-24513
-27375
-28939
-31188
-32742
-32768
-30852
-25077
-20249
-18635
-20199
-21458
-19021
-10433
1486
11608
16318
15406
12986
13313
17511
23431
27947
29780
28763
26201
24289
23873
23976
23336
23072
24010
25401
25555
23583
20634
17648
15403
12889
8377
2173
-3706
-5565
-3544
-660
-1505
-7640
-16199
-21893
-22601
-21424
-21454
-23190
-25376
-24601
-19497
-13037
-9680
-11007
-12830
-10091
-559
11791
19850
20614
15712
10464
10067
15663
23609
27249
23046
13581
3914
-2052
-4012
-4596
-6653
-11704
-19102
-26199
-31256
-32768
-32762
-32747
-32768
-32680
-32768
-30693
-25854
-23530
-23000
-21052
-14066
-2691
9237
17256
19432
17699
16648
19284
24550
29215
30390
27731
23743
21276
21912
23415
23950
24065
24767
25160
25100
24316
23088
21428
19668
16433
9811
1185
-5917
-7222
-3428
786
-293
-7417
-16677
-22123
-22113
-20061
-19203
-21078
-24363
-24427
-19617
-14065
-13043
-16631
-18594
-13818
-1753
12449
20972
21041
14889
10023
12145
21452
30846
32767
26362
13896
3347
-2008
-2754
-2340
-3705
-8920
-16302
-22659
-26228
-28081
-31018
-32768
-32597
-32768
-31276
-28935
-29806
-31553
-31616
-27521
-18296
-6426
3759
8595
8325
7518
10458
18474
27460
32535
32139
27220
21568
19059
20966
24765
27226
27235
25924
24721
23972
23677
23852
23608
23133
20462
13762
4511
-2637
-4243
-1497
1105
-983
-7891
-16489
-21494
-22431
-22009
-22000
-23791
-26248
-25613
-21232
-16205
-15658
-18817
-19696
-13925
-1340
11690
18068
16168
9956
7841
12879
24195
32347
32582
24574
10981
2024
-270
1869
2613
-1098
-8638
-16948
-22907
-26117
-28052
-29791
-31313
-30947
-28390
-25722
-25383
-28143
-31240
-30561
-23469
-11840
-52
7334
8552
5804
3761
6546
14271
23039
28317
28053
23217
18624
17416
19976
24292
27351
28427
27712
26831
26245
26302
26280
26134
24678
19140
9815
1232
-1226
2025
6065
5223
-1780
-11899
-19269
-20409
-17578
-15210
-17236
-23399
-27537
-25266
-18975
-15191
-17309
-21116
-20502
-12717
-156
10994
15529
12302
6475
5813
13527
24883
31283
27462
15982
5036
-58
943
3797
2624
-4804
-15518
-23480
-25337
-23371
-22470
-24840
-28352
-30082
-28888
-26591
-25885
-26829
-27909
-25510
-17963
-7878
315
3406
2450
1797
4833
12328
20939
26188
25364
19731
14098
13074
17590
24204
28353
28177
25022
21963
20937
22314
25357
28513
28803
22935
12737
2932
-602
2382
7058
7700
2678
-6110
-13274
-16060
-15265
-13003
-12673
-15382
-17539
-15858
-11794
-10259
-14006
-18523
-18497
-11134
732
9871
12434
8353
2668
1592
7764
18325
24830
22211
12492
1921
-3616
-3252
92
1063
-4142
-13737
-22519
-26364
-25208
-23130
-22638
-23535
-24554
-24817
-24423
-24311
-24439
-24405
-23094
-18469
-11407
-4320
-13
582
362
2491
8025
15329
20683
21420
17994
13808
12493
15378
20530
24767
25739
23438
20603
19589
21875
25054
27152
25749
18966
8846
653
-1520
1799
5859
5059
-1515
-10599
-15848
-15353
-12272
-9036
-8373
-10340
-11231
-9100
-5337
-4258
-6958
-9302
-7517
-203
9482
15452
15703
11344
7261
7905
13729
21154
24024
18879
8207
-1426
-6117
-5756
-3853
-4110
-8549
-15964
-23143
-27037
-27142
-25576
-24324
-23430
-22273
-21801
-22700
-24859
-26090
-24710
-20671
-14945
-9541
-6365
-5581
-5732
-4504
-512
5455
11050
14574
15518
14083
11492
10545
12950
17556
22109
24548
24397
22341
20084
20087
22925
26411
26087
19759
10120
2520
778
3099
4075
63
-9228
-19589
-24450
-21990
-15673
-11054
-12508
-18182
-21639
-18681
-10233
-2916
-366
-1302
-1764
2595
10964
18664
21745
19414
16665
17985
24010
30963
32735
26790
15943
5896
756
855
2392
794
-6985
-18450
-28178
-32657
-31042
-26570
-23124
-22269
-23541
-25421
-26569
-26883
-25455
-21804
-16838
-12210
-9298
-8185
-7819
-6850
-3774
1440
6431
9062
9172
8203
8315
9774
11804
13699
15558
17187
18044
18017
17382
17764
20228
23940
27589
27163
20954
11769
4748
3952
7448
9864
6493
-3541
-16304
-24562
-25652
-21762
-16835
-15718
-19692
-24299
-25361
-21203
-14383
-8517
-5406
-4673
-2044
4144
11634
16948
18222
17484
18299
22301
29860
32767
32765
27654
17666
11228
9824
12300
12300
5908
-5928
-17187
-23895
-24796
-21855
-18985
-18795
-21404
-25078
-27481
-27381
-25224
-21638
-17914
-15178
-13470
-13122
-13271
-11841
-8609
-3472
2303
6818
9090
8221
6060
5310
7747
12667
17160
19704
19139
16103
13385
13178
17209
22676
25822
24120
17140
8889
3714
4274
8787
12422
10911
2770
-8688
-16737
-18112
-15037
-11910
-12074
-16278
-21409
-23674
-21507
-17388
-14210
-12353
-11140
-8490
-3000
3437
7985
8512
7161
7664
11876
19554
26195
27491
22417
14529
9160
8153
11292
14652
13286
6099
-3440
-10683
-12909
-11271
-8906
-8564
-10970
-14604
-17740
-19549
-19568
-18106
-15961
-14513
-13733
-13110
-12762
-12183
-10815
-8442
-4955
-1433
1255
2077
1057
-73
253
2946
7420
11527
13040
11403
8509
7542
10255
15394
19469
19941
16956
12305
7642
4552
3759
4765
5698
5121
2527
-1307
-4959
-6964
-7018
-5567
-3635
-3294
-5342
-8516
-10032
-8322
-5324
-2993
-2239
-2827
-2657
-330
3318
6090
6017
4633
4722
7649
12464
15681
14086
7903
1045
-2666
-1596
1833
3776
1374
-4880
-10971
-13200
-11307
-7287
-4341
-3824
-5122
-6642
-7253
-7202
-6965
-7025
-7387
-7273
-6267
-4511
-2772
-2164
-2976
-4222
-4215
-2757
-278
1660
1845
106
-2342
-3473
-2757
-1813
-1811
-2530
-3060
-2143
306
2835
3661
2462
483
-919
-399
1936
3604
3074
1314
821
2434
4989
7224
8062
7098
5943
5436
6120
8434
10686
11609
10370
8013
6085
5501
6541
8089
9355
9170
7279
4710
3133
3142
4155
4719
3301
68
-3264
-5683
-7190
-8291
-10658
-13916
-16215
-15785
-12683
-10102
-9523
-11025
-13005
-12875
-10141
-5802
-2474
-1891
-3148
-4342
-3909
-1244
2148
4240
4740
4141
3501
3403
3550
3862
3855
3181
2099
1042
-405
-2316
-4716
-6548
-7168
-6384
-5308
-5363
-6832
-9135
-10590
-10687
-9409
-7534
-6555
-7126
-7800
-6525
-2827
1349
4344
5733
5948
6177
7157
8823
10545
12016
12774
12706
12376
12554
12728
12233
11361
11073
11529
11969
11496
10316
9137
8189
7838
7459
6294
4506
2586
620
-1215
-2819
-4864
-7757
-10535
-11681
-10720
-9129
-8459
-9459
-11364
-12248
-11658
-10712
-10489
-10316
-9539
-7566
-4547
-1389
891
1620
1725
2311
3978
6127
7915
8530
8090
6669
4401
1624
-845
-2335
-3014
-3772
-5023
-6589
-8455
-10701
-12880
-14047
-14415
-14201
-13824
-13808
-14805
-15676
-14464
-10343
-4240
1470
4790
5537
5459
6061
8268
12153
16150
18455
17847
14747
11639
10179
9928
10005
9683
9028
7766
5646
3307
1606
1168
1722
2130
2306
2179
1386
82
-1338
-1985
-1252
-283
-209
-977
-1761
-1805
-1293
-311
712
1198
780
-732
-2944
-5322
-7112
-7358
-5783
-3322
-1297
-666
-858
-508
638
2752
4792
6605
8127
9216
9461
8154
5331
2428
860
932
1209
-293
-3655
-8167
-12174
-14353
-14889
-14825
-15827
-18799
-22359
-24536
-23626
-19392
-13691
-8139
-4266
-2383
-1192
558
3806
8797
14392
18656
20510
19499
16651
13860
12582
12799
13321
13095
11330
7870
3575
-376
-2560
-2873
-2332
-2510
-3332
-4333
-5335
-5968
-6164
-5261
-3594
-2153
-1364
-1202
-997
297
2303
3849
4448
3744
2361
590
-1017
-2333
-3289
-3459
-3405
-3534
-3747
-4282
-4240
-2989
-428
2886
5391
6556
6819
7544
8601
9400
9442
9102
8972
8567
7133
4180
435
-2758
-4758
-6290
-8272
-11205
-15230
-19480
-22120
-21923
-18978
-15089
-12222
-10771
-9948
-8457
-5375
-794
4408
9330
13029
14753
15113
15202
15603
16245
17004
17312
16628
14238
10468
6489
3174
1240
-82
-1506
-3530
-6160
-8774
-10751
-11449
-10402
-8297
-6358
-5327
-5489
-6042
-5835
-3902
-350
3129
5085
4600
2238
-45
-1153
-1000
115
992
785
-737
-2846
-4488
-4683
-3210
-728
1758
3450
3593
3297
3687
4466
5211
5297
5474
5850
6199
5693
3868
1093
-1633
-3754
-5128
-6352
-8194
-11322
-15253
-18563
-20122
-18956
-15916
-12575
-10876
-10690
-10311
-8271
-4100
1326
6271
9724
11515
11874
12248
13196
14719
16445
17303
17254
16420
14432
11992
9932
8428
7184
5285
2855
352
-1815
-3593
-5090
-5462
-4262
-2727
-2215
-2989
-4271
-5003
-4291
-1918
1189
3301
2957
763
-1528
-2182
-868
929
1818
745
-1781
-3998
-4707
-3484
-1128
1068
2097
1801
999
919
2181
4181
5592
5251
3725
2315
1725
1467
365
-1649
-3772
-5295
-6300
-7553
-9731
-12640
-15866
-18554
-20055
-19742
-18007
-15606
-13786
-13184
-12620
-10583
-6357
-857
3469
5857
6907
7370
8621
10757
13128
14577
14359
12731
10851
10017
10141
10830
11307
11105
9843
7843
5730
3799
2012
463
-199
190
1170
1779
1506
191
-1482
-2374
-1428
1060
3478
4284
2549
-315
-2052
-1521
524
2411
2634
994
-1530
-2951
-2245
343
3530
5433
5363
4353
4021
5327
7732
9673
10352
9033
6337
3705
1810
846
20
-1602
-4000
-7052
-10253
-13407
-16321
-18288
-19451
-20160
-20688
-20934
-20392
-19193
-18398
-17614
-16073
-12733
-7964
-3277
189
1620
1691
2017
4108
8192
12309
13784
12424
9584
7679
7775
9057
10463
10480
9000
6712
4296
2784
2041
1931
2426
3110
3360
2654
1393
231
-566
-546
257
1479
2527
2881
2479
1210
-218
-838
47
2006
3563
3137
1075
-1040
-1515
565
3922
6875
7944
7128
5703
5789
8231
11422
13691
13523
11486
8813
6957
5983
5564
4821
2557
-958
-5086
-8901
-11917
-14171
-16179
-17929
-19310
-19872
-19614
-19139
-18912
-18803
-17909
-15827
-12487
-8785
-5788
-3882
-2968
-2357
-976
1703
5145
7472
7958
7034
5784
5719
7274
9272
10269
9565
7594
5594
4064
3039
2395
2161
2271
2191
1720
1124
413
-399
-1014
-1016
-496
-126
3
54
-35
-162
-488
-1085
-1196
-939
-1037
-1414
-1861
-1392
252
2570
4618
5673
5731
5825
6870
9063
11302
12461
12271
11093
9697
8477
7888
7931
7828
7092
4929
1501
-2326
-5943
-8041
-9087
-9918
-11201
-13248
-15482
-17201
-18257
-18294
-16978
-14416
-11230
-8636
-6727
-5561
-4630
-3865
-2801
-353
2966
5876
6808
5479
3585
3016
4455
7040
8791
8621
7004
5414
4617
4673
4743
4407
3286
1901
813
-29
-415
-1164
-2070
-2705
-2785
-2366
-2117
-2165
-2073
-1987
-2139
-2420
-2310
-1965
-1632
-1763
-2350
-2681
-1695
585
3184
4778
4551
4139
5295
8337
11429
12949
12550
11353
10381
9812
9226
8432
7476
6097
4401
2171
-407
-3131
-5713
-7530
-8744
-9396
-10251
-11661
-13134
-14402
-14715
-13891
-12376
-11050
-10702
-10484
-9396
-7162
-4245
-1868
-291
439
979
1649
2396
3243
4237
5061
5676
6214
6388
6218
5913
5927
6536
7563
8322
7912
6147
3941
2302
1738
1955
2107
1600
494
-1217
-3095
-4377
-4383
-3431
-2466
-2376
-3278
-4302
-5037
-5394
-5466
-5201
-4247
-2820
-675
1319
2109
2160
2861
5135
8141
11049
12668
12964
12805
12813
12967
13028
12669
11550
9299
6055
2622
-56
-1739
-2852
-4421
-6901
-9789
-12012
-13187
-13679
-13655
-13090
-12342
-11816
-11816
-12072
-11670
-10306
-7865
-5261
-3149
-1936
-1508
-1518
-1392
-338
1229
2890
3775
3416
2335
1385
1063
1669
2797
4009
4831
4785
4219
3728
3664
3772
3483
2904
2218
1956
2525
3148
3472
2876
1202
-653
-1997
-2435
-2034
-1676
-1933
-2979
-4647
-5850
-5822
-4550
-2578
-1274
-860
-351
755
2599
4610
6219
7550
8785
10515
12255
13702
14172
13632
12185
10115
7887
5965
4887
4108
2585
-149
-3853
-7110
-9156
-10378
-10779
-10553
-9954
-10020
-11184
-12610
-13094
-11919
-9327
-6336
-4186
-3299
-3573
-3969
-3908
-2752
-699
1488
3279
3721
3327
2274
1386
1272
1562
1837
1956
1561
786
-322
-1367
-1502
-1248
-824
-372
8
676
1193
1632
2258
2712
2988
2993
2374
1453
546
-109
-819
-1403
-2024
-2275
-2314
-2241
-1914
-1126
331
1928
2877
3042
2901
2933
3494
4937
6840
8527
9388
9545
9468
9181
8935
8354
7467
6667
5433
3475
1213
-948
-2369
-3660
-4887
-5913
-6612
-7137
-7827
-8467
-8620
-8025
-6919
-5983
-5195
-4696
-4579
-4358
-3974
-3354
-2696
-2308
-1555
-307
565
851
243
18
623
1731
2695
2767
2035
676
-726
-1584
-1756
-1976
-2367
-3035
-3684
-3743
-3137
-2166
-1243
-596
-381
-419
-150
666
1488
1734
1292
632
-90
-472
-824
-784
-190
920
2227
3012
3064
2709
2530
2838
4004
5313
6376
6724
6247
5546
5032
5005
5302
5532
5212
4137
2336
572
-656
-1220
-1234
-1588
-2425
-3648
-4862
-5804
-6158
-5855
-5313
-4811
-4582
-4435
-3954
-3384
-2791
-2481
-2642
-3026
-3394
-3151
-2323
-1206
-302
-177
-240
-128
345
1437
2242
2472
2295
1731
1163
997
656
146
-650
-1433
-2073
-2478
-2471
-2444
-2630
-2941
-3449
-3485
-2736
-1592
-1048
-1596
-2483
-2983
-2655
-1597
-396
853
1880
2539
2925
2952
3231
3902
5147
6372
7063
7087
6675
6035
5783
5824
6104
6327
6213
5800
4698
2910
1089
275
478
1023
1166
566
-936
-2661
-3911
-4082
-3302
-2240
-1820
-2490
-3172
-3658
-3535
-2790
-2080
-1574
-1938
-3171
-4211
-4535
-4042
-3121
-2153
-1113
-340
-386
-952
-1392
-1394
-704
319
1278
1778
1556
666
-485
-1214
-1460
-1467
-1526
-1447
-1449
-2081
-3376
-4518
-4769
-3935
-2701
-2030
-2525
-3580
-4172
-3702
-2429
-1077
318
1369
2061
2437
2968
3677
4489
5359
5616
5681
5943
6541
7323
7395
6774
5895
5273
5213
5439
5064
3816
2258
971
295
178
151
-136
-868
-1971
-2649
-2585
-1957
-1335
-1228
-1590
-1616
-1063
-231
473
521
-152
-1363
-2374
-2755
-2501
-1994
-1612
-1399
-1259
-1418
-1872
-2337
-2299
-1826
-1412
-970
-567
-407
-672
-1163
-1430
-1732
-2162
-2663
-3271
-3662
-4014
-4716
-5608
-6159
-5762
-4888
-4406
-4680
-5945
-7137
-6994
-5610
-3524
-1761
-848
-538
-193
747
2564
4669
6294
6810
6349
5927
6228
7470
8688
9432
9207
8110
7113
6476
6053
5861
5380
4248
2741
1241
320
40
-230
-742
-1451
-2118
-2146
-1649
-970
-633
-572
-363
63
940
1900
2319
1897
894
3
-393
-196
404
891
948
422
-464
-1144
-971
-69
704
764
34
-1054
-1840
-1961
-1446
-686
-538
-1227
-2511
-3868
-4710
-5164
-5412
-5598
-5756
-5787
-6319
-7268
-8473
-9538
-9586
-8671
-7248
-5878
-5263
-5107
-4833
-3868
-2123
156
2193
3543
4000
4129
4443
5303
6674
7908
8430
8364
7819
7191
6695
6306
5955
5375
4412
3194
2183
1546
1311
1174
618
-151
-761
-1072
-905
-672
-260
269
756
1195
1417
1433
1447
1353
1169
1117
1073
1079
1253
1456
1378
841
194
80
741
1833
2520
2291
1335
217
-484
-363
456
1182
1192
-74
-2089
-3654
-4103
-3965
-3704
-3568
-4073
-5237
-6942
-8322
-8824
-8367
-7414
-6723
-6474
-6681
-6955
-6742
-5923
-4263
-2181
-465
581
909
1099
1734
2865
4148
5221
5974
6181
5890
5376
5152
5260
5495
5484
4916
3977
2726
1732
1397
1583
2003
1959
1433
735
-70
-838
-969
-238
802
1687
2037
1680
867
429
327
489
981
1536
1663
1386
892
379
1
43
761
2020
3292
3992
3891
3185
2041
1285
1187
1460
1383
629
-496
-1845
-2694
-3055
-3201
-3382
-3600
-4456
-5401
-6180
-6512
-6207
-5726
-5264
-4891
-5041
-5274
-5322
-4955
-3720
-2134
-807
-373
-649
-989
-857
79
1503
2713
3274
2916
2256
1785
1742
1991
2282
2466
2532
2510
2521
2631
2768
2976
3003
3039
2981
2663
2356
1987
1843
2042
2428
2665
2764
2334
1512
901
699
870
1256
1312
1027
535
-361
-866
-979
-617
301
1032
1375
1470
1420
1410
1312
1256
1242
1335
1168
610
-406
-1716
-2685
-3221
-3156
-3004
-3133
-3570
-4540
-5497
-5712
-5086
-4249
-3756
-3590
-3753
-3687
-3173
-2442
-1412
-250
566
688
2
-757
-889
-177
1310
2727
3305
2791
1355
-70
-696
-538
62
551
433
-287
-1244
-1747
-1294
102
1604
2673
3109
2920
2444
1967
1901
2348
3324
4288
4707
4395
3601
2560
1777
1637
2365
3415
4093
4068
3257
1903
726
310
660
1671
2761
3303
3027
2178
1268
850
937
1280
1481
1227
139
-1251
-2786
-3871
-4321
-4394
-4648
-5420
-6496
-7494
-7786
-7357
-6504
-5867
-5603
-5477
-4890
-3805
-2515
-1340
-498
382
696
682
572
644
1070
1739
2566
3165
3321
2650
1466
184
-512
-565
-342
-302
-626
-1408
-2419
-3044
-2878
-2166
-1268
-324
285
496
267
-82
33
859
2056
2902
3013
2631
1924
1404
1400
2163
3320
4107
4369
4020
3417
2714
2121
1785
1733
1879
2347
2977
3673
4194
4337
3980
3166
2286
1395
486
-122
-535
-1043
-1400
-1379
-994
-1145
-2060
-3514
-4891
-5584
-5448
-4836
-4571
-4500
-4715
-4569
-4117
-2835
-1358
-109
288
-80
-475
-618
-197
464
1065
1308
1253
816
336
-400
-1044
-1693
-2245
-2704
-2765
-2949
-3270
-3510
-3518
-2853
-1864
-432
969
1676
1369
711
-199
-380
161
723
1569
1749
1194
477
118
191
943
2221
2864
2780
2014
1530
1946
2716
3476
4022
4511
4456
4858
5184
5079
4834
4394
3449
2396
2002
1757
1684
786
-379
-1526
-2421
-3301
-3571
-3879
-4369
-4567
-4578
-4591
-4458
-3557
-2692
-1677
-885
-311
211
804
1376
1843
2228
2449
2528
2362
2306
2688
3132
2855
2199
1251
308
-643
-1329
-1775
-2331
-2993
-3836
-4170
-3881
-3102
-3199
-2864
-2280
-1649
-1156
-240
621
607
872
771
1
-707
-824
-767
-1009
-1203
-784
41
162
-55
40
46
549
1495
2215
2146
1908
2201
2303
2902
3673
3958
3621
2944
2604
2332
1806
1354
1294
665
-405
-830
-1676
-2625
-3037
-3459
-4076
-4226
-4125
-3931
-3162
-2232
-1219
16
919
1810
3255
4258
4922
5602
5349
4353
3711
3058
2815
3087
3234
3075
2343
1378
129
-700
-1033
-1296
-1950
-2618
-3798
-4109
-4294
-4176
-3807
-3393
-3024
-2737
-1880
-1274
-410
156
718
565
625
536
147
89
209
8
-172
-17
-57
80
250
561
611
950
1015
662
839
1443
1988
2407
2740
2802
1990
1179
455
-71
-767
-1163
-1614
-2450
-3005
-3118
-3264
-3197
-3294
-3467
-3849
-4327
-4304
-3918
-3101
-2363
-1045
285
987
2133
3331
4300
4977
5625
5960
5530
5025
4811
4809
4384
4090
4064
2838
1702
795
211
-121
-448
-1182
-2741
-3929
-4646
-4509
-3854
-3165
-3179
-3450
-2920
-2872
-2058
-691
130
-112
-140
102
-112
263
891
1452
1218
1051
1288
1349
1500
1957
1815
1459
1193
1611
1873
2633
3289
2906
2625
2234
2412
2336
1759
1133
452
-399
-502
-1019
-2233
-3285
-3762
-4277
-4355
-4243
-5061
-5533
-5759
-5420
-4551
-3169
-1919
-1152
-824
38
1286
2680
3862
5013
5581
5390
4984
4873
5157
4933
5163
5224
4222
2890
1455
-17
-1042
-1653
-1111
-1019
-1436
-2151
-2861
-3467
-4284
-3875
-4079
-3659
-3174
-3023
-2989
-2608
-1738
-1976
-1920
-849
-157
444
819
586
316
531
1169
1019
1574
1658
1228
1179
907
1660
1777
2023
1756
1828
1993
1598
2040
2050
1843
1317
1301
566
-118
-487
-1460
-1846
-2280
-2359
-2599
-2846
-3457
-4125
-4635
-4519
-3750
-2658
-1615
-1211
-236
157
1231
2399
3690
4587
4934
5949
5328
5510
5758
5561
5042
4587
4186
2463
2126
1441
734
1
-409
-1244
-2445
-2684
-3485
-4009
-4134
-4081
-4337
-4108
-3867
-3540
-3784
-3992
-3474
-3040
-2272
-1604
-475
-628
-15
680
835
1939
2375
2614
1944
1928
1512
1435
1218
1205
1808
1559
1483
1123
1423
1266
1686
1676
1057
428
-136
-681
-1791
-1695
-2255
-2814
-3210
-3126
-3187
-2909
-2599
-3171
-2549
-2423
-1741
-879
333
148
438
1732
1625
3295
4009
5133
5351
5434
5111
4776
5633
5680
5459
4712
3963
2393
1436
1266
933
717
314
-1112
-1826
-2565
-3573
-3814
-3652
-3784
-4311
-3662
-3759
-4007
-3400
-3626
-3914
-3660
-2815
-2442
-1525
-714
-542
-419
175
627
942
1882
2381
2813
2579
2209
1483
1357
1473
1336
1799
2233
1872
1378
1170
-46
-628
-517
-1016
-1745
-2153
-2879
-3791
-4371
-5082
-5560
-5307
-5379
-5622
-4879
-4501
-4104
-2815
-2019
-1612
-1112
-6
576
1455
1886
2459
3444
4387
5169
5674
6149
5606
6137
6022
5755
5289
4709
3698
3046
2390
1663
860
-425
-1321
-2126
-2230
-2332
-2611
-3327
-3496
-3173
-2929
-2342
-2091
-2025
-2624
-2338
-2043
-1680
-652
-141
231
720
866
783
1070
1690
2257
2889
3383
3382
2974
2402
2113
2609
3202
3392
2930
1718
732
249
-306
-319
-252
-1022
-1674
-2409
-2639
-2985
-3205
-3833
-4033
-4387
-4343
-3944
-4084
-4146
-3870
-3696
-3089
-1915
-1115
-340
161
726
951
1496
1788
2675
3358
3999
4983
5328
4821
4130
3947
3179
3444
3779
3517
2565
1480
127
-714
-932
-1062
-1383
-2141
-2584
-3338
-3396
-2831
-2111
-1965
-1863
-1940
-2202
-1958
-1180
-423
174
651
1018
1186
1468
1749
2112
2364
2783
3034
3145
2971
2795
2369
2374
2764
3101
2987
1957
1166
199
-616
-648
-850
-1047
-1308
-1549
-1683
-1819
-1841
-2647
-3208
-3941
-3978
-4029
-3909
-3355
-2963
-2923
-3222
-2891
-2294
-1507
-1261
-644
-411
17
350
1271
2028
2353
2968
2718
2582
2224
2159
1761
1868
2335
1699
1055
405
-114
-594
-407
64
-182
-779
-1664
-2625
-2621
-2689
-2855
-2742
-2477
-2076
-1442
-671
-468
-54
252
436
996
1593
2333
2501
2326
2522
2469
2938
3213
3045
2694
2714
2383
2762
3181
2719
2103
1402
1169
731
838
118
-525
-1098
-1145
-1212
-1377
-2299
-3109
-3587
-3307
-2489
-1601
-1280
-1602
-1734
-2163
-2093
-1920
-1078
-621
-829
-216
277
606
1207
1590
1867
2294
2723
2683
2309
1549
1054
969
498
797
777
806
-205
-888
-1032
-1410
-1317
-1864
-1561
-2450
-2586
-2617
-2218
-2343
-2679
-2615
-2945
-2178
-1689
-562
-282
-194
-75
400
573
1114
1583
1413
1716
1767
2556
2879
3375
2714
2449
2536
2650
2886
2667
2283
1599
1489
663
-16
-93
-352
-438
-723
-574
-1214
-2147
-2531
-3041
-2942
-2948
-1827
-1579
-1471
-1529
-1969
-1976
-1721
-369
166
1080
1267
770
338
406
863
1354
2267
2122
1610
529
613
848
1455
1727
1524
851
97
-695
-821
-719
-1197
-1417
-2390
-2906
-3297
-2930
-2782
-2496
-2138
-2523
-2456
-1858
-1456
-1376
-1029
-620
30
191
500
1582
1283
914
1222
1988
2201
3063
3953
3314
2704
2533
2327
1991
2251
2094
2054
1523
1264
400
105
88
75
274
365
203
-501
-667
-1281
-1377
-1553
-1322
-1252
-1139
-1398
-1564
-1496
-1081
-331
33
795
1144
849
647
145
767
1400
1897
2348
2471
2067
1542
1495
1255
1600
1455
838
341
-11
-521
-481
-808
-1003
-1718
-1829
-2742
-3118
-2817
-3428
-3017
-2853
-2743
-3276
-2158
-1768
-1541
-521
-346
2
418
1217
1335
1513
1669
892
1123
1406
1778
1855
1822
1557
1285
1145
599
1188
917
751
472
-9
-124
-115
-257
-347
-211
-519
-756
-678
-818
-956
-847
-1007
-1201
-1064
-1185
-1386
-1445
-1125
-1055
-1057
-699
-445
-246
-353
126
195
671
1673
1937
1752
1615
2012
2037
2109
2751
2642
2273
1702
1089
609
143
-437
-784
-1224
-2092
-2330
-2598
-3177
-3231
-3449
-3674
-3947
-3806
-3800
-3333
-2334
-1806
-1476
-1067
-695
-544
-134
577
1135
1062
975
1576
1550
1416
1505
1246
1197
885
1045
955
980
702
551
108
-298
-38
221
1292
1217
1410
887
376
-196
-307
-450
-531
-7
-331
-871
-1036
-1124
-1380
-959
-805
-561
-691
-575
-756
-317
-26
402
420
1056
1421
1782
2727
2578
2612
2960
2967
2252
2726
2713
2058
1703
1863
1240
129
-540
-1303
-1868
-2205
-2532
-2720
-2907
-3484
-3714
-3937
-3001
-2852
-2609
-2346
-2115
-2060
-1899
-670
-888
-800
-1107
-735
-609
-345
390
431
475
395
840
348
882
972
906
323
-92
-55
-302
868
971
1356
1101
848
778
191
-231
-576
-123
-282
-280
81
-153
-287
-148
-136
-147
-60
210
-214
-83
-58
-71
263
255
433
599
769
934
1523
1686
2140
2504
2010
2197
2406
2204
2036
1898
1957
565
124
336
30
-17
-351
82
-949
-1464
-1978
-1819
-2064
-1623
-1432
-1484
-1178
-1523
-1074
-1250
-986
-1173
-791
-1078
-1248
-738
-701
-871
-800
-625
-1407
-1198
-712
-403
-54
-297
-795
-998
-754
79
1013
1302
1262
1123
943
859
925
966
494
309
223
206
256
-284
-807
-432
-477
-808
-577
-220
-653
-180
50
128
460
483
694
927
1496
2113
2731
3072
2710
2898
2714
2480
2490
2019
2001
1648
1746
1218
529
-103
-885
-889
-491
-244
-375
-478
-1383
-1141
-1134
-944
-830
-691
-865
-666
89
229
422
-172
-462
-640
-357
-307
-203
-414
-815
-795
-1000
-996
-629
-970
-1375
-1441
-1555
-1187
-354
320
170
893
635
785
763
962
895
1372
1543
983
877
247
-51
-306
-283
-638
-807
-1453
-1703
-1374
-1561
-1819
-1718
-1453
-1355
-419
173
224
873
912
1349
2035
2223
2695
2750
2771
2837
2925
2328
1867
1695
749
-200
-97
65
-426
-671
-1103
-1669
-2214
-1952
-1635
-1343
-962
-762
-1020
-1157
-964
-659
-471
-564
-474
-381
-245
-212
-139
-413
-662
-1035
-881
-849
-663
-948
-1277
-1534
-1845
-1291
-1049
-94
-150
618
524
465
515
673
1391
1376
2065
2005
1770
1110
902
761
939
805
457
46
-922
-1014
-1164
-1382
-1788
-1559
-1712
-1704
-965
-955
-662
-83
348
629
1329
1966
1827
2144
2576
2666
2839
3198
3421
2653
2177
1593
1021
474
1
-100
-617
-623
-849
-860
-710
-535
-539
-732
-905
-836
-313
248
437
587
287
-491
-665
-932
-547
-569
-529
-720
-1255
-1550
-2100
-2174
-1775
-1538
-1319
-1246
-989
-632
-305
-360
-272
-231
-347
-13
298
948
1028
1042
875
781
1219
1280
1438
1302
891
457
-247
-857
-1170
-1666
-1936
-1649
-1665
-1511
-1454
-977
-751
-690
-198
55
336
781
1291
728
1541
1826
1645
1932
1971
1348
863
1166
983
738
914
711
-227
-107
-21
128
575
724
323
76
24
-51
390
330
402
371
-21
-330
-425
-102
-350
-464
-601
-981
-1101
-1552
-1984
-2089
-2308
-2343
-2213
-2166
-1842
-1830
-1752
-1636
-1191
-1039
-608
-138
51
549
797
901
609
725
733
966
1126
991
753
109
-115
-510
-667
-863
-1053
-1668
-1891
-1730
-1903
-2035
-1735
-1427
-1408
-1104
-863
-390
-127
42
534
1276
1469
1334
885
683
608
1002
837
523
385
-368
-706
-455
-91
208
105
24
-158
33
306
628
905
1029
1034
675
1105
1061
896
1203
1030
574
178
-4
-445
-614
-627
-838
-1129
-1088
-1561
-1750
-1670
-1186
-881
-1235
-1054
-621
-382
-106
420
750
654
636
978
976
1477
1632
1226
956
791
475
-430
-698
-854
-1311
-1401
-1778
-1785
-1959
-2087
-1940
-1574
-1318
-1129
-922
-812
-603
-343
86
562
411
499
724
726
990
963
899
685
457
177
-31
-517
-549
-572
-765
-765
-441
-414
-570
-3
243
785
931
1152
1067
1278
1649
2182
2398
2080
1661
1070
536
-101
12
7
-197
-728
-1130
-1456
-1401
-1387
-1523
-1105
-925
-565
-511
-721
-432
-209
-362
407
1327
1579
1639
1560
1208
816
983
842
848
557
4
-520
-1132
-1585
-1627
-1838
-2274
-2185
-2337
-2661
-2268
-1978
-2012
-1872
-1381
-1012
-641
-292
-272
-364
-576
-292
396
854
599
290
-16
-349
-49
-118
57
403
143
-74
288
202
469
645
1122
1028
900
963
951
1164
1138
1267
1516
1244
850
873
616
217
105
223
151
-70
-414
-440
-1119
-1276
-704
-423
69
575
1069
1156
1071
1347
1352
1395
2077
2650
2751
2644
2067
1625
1137
771
899
470
713
361
-298
-652
-1039
-1374
-1450
-1523
-1997
-1604
-1711
-1417
-1274
-1221
-1023
-1047
-984
-1214
-981
-445
-430
-243
198
149
43
70
-144
-298
-220
220
34
-399
-253
-564
-712
105
308
590
1142
931
892
1124
1407
1632
2062
1695
1403
1636
1227
835
629
197
-263
-634
-358
-381
-475
-505
-751
-844
-716
-586
-210
233
156
381
408
713
1287
1613
1896
2135
2185
2037
1786
2108
2238
1884
1647
1413
775
60
-222
-235
-505
-942
-1606
-1856
-1735
-1738
-1988
-2299
-1914
-1882
-1710
-1443
-1140
-881
-1002
-1159
-254
347
78
-64
103
-113
-251
262
416
304
104
-326
-685
-394
-450
-230
0
318
370
472
694
633
862
668
609
667
650
646
651
890
941
704
379
278
203
-17
-159
-241
-430
-829
-527
-592
-497
29
168
238
154
387
945
1342
1747
2206
2111
2141
2259
2125
2103
2094
1751
1374
1168
1008
586
342
-67
-599
-913
-1460
-1811
-1781
-1878
-2193
-2084
-2042
-1890
-1586
-1336
-1302
-1058
-709
-606
-372
-82
39
-184
-66
-101
-452
-420
-640
-442
-316
-601
-312
-287
-247
-139
160
282
475
513
445
513
618
560
726
1230
1473
1505
1435
1154
527
313
55
195
352
125
-192
-473
-718
-993
-784
-379
-274
-437
-485
-250
-181
15
468
1116
1384
1761
2105
1827
1810
1818
1618
1561
1669
1473
1104
1157
670
130
-341
-921
-1261
-1635
-1567
-1667
-1922
-2007
-1698
-1579
-1654
-1271
-1243
-1537
-1698
-1374
-1361
-1277
-766
-450
-432
-543
-753
-1092
-1214
-901
-561
-432
-300
-518
-961
-822
-94
120
263
582
325
26
-87
134
256
506
694
566
792
976
553
289
350
18
-175
-294
-257
-635
-863
-803
-651
-544
-282
-178
-201
-154
-74
227
859
1092
1136
1330
1423
1801
2031
2159
1918
1974
1788
1367
1389
1383
1174
944
865
540
233
-203
-455
-1037
-1276
-1476
-1538
-1372
-1513
-1421
-1362
-1125
-1380
-1037
-769
-506
-75
74
176
36
57
-192
-309
38
220
226
237
176
152
294
389
693
560
-15
-184
-537
-468
-338
-231
-67
-245
-528
-435
-218
-207
255
474
494
254
101
-336
-530
-383
-344
-157
-140
-255
-459
-438
-425
-99
159
256
332
796
963
964
1251
1620
1704
1569
1806
1850
1576
1341
1245
1231
1079
937
1045
807
446
112
-197
-676
-895
-1182
-1456
-1633
-1508
-1342
-1450
-1349
-1256
-1338
-1389
-1037
-636
-735
-432
-95
254
445
589
830
578
446
418
404
513
531
618
391
146
-123
-523
-375
-234
-78
-119
-54
-220
-401
-362
89
19
84
66
-483
-777
-585
-436
-341
-86
-474
-588
-612
-785
-940
-1031
-821
-554
-508
-227
105
104
290
452
595
798
1014
1231
1415
1529
1411
1228
1346
1250
1059
1292
1295
1022
891
625
351
47
-506
-988
-1267
-1398
-1478
-1204
-1179
-1403
-1078
-907
-971
-825
-665
-458
-291
-187
-98
-183
-34
157
313
616
704
1058
1271
1072
814
656
477
472
593
531
501
96
48
-158
-216
-44
18
24
-121
-355
-489
-503
-176
-72
-181
-285
-530
-805
-815
-855
-915
-682
-555
-310
-308
-244
-252
144
473
752
815
864
765
554
768
853
1127
984
1028
910
848
734
885
827
761
841
547
141
-159
-320
-418
-446
-320
-232
-134
-332
-367
-512
-700
-773
-833
-841
-781
-493
-651
-738
-481
-472
-260
20
161
403
596
632
611
599
461
284
332
586
513
418
291
87
-234
-152
-207
-373
-435
-733
-833
-656
-556
-710
-726
-770
-837
-915
-688
-555
-532
-599
-473
-379
-344
-158
94
525
817
881
877
1100
966
931
1261
1252
1210
1059
735
431
394
577
742
641
491
394
70
-162
-274
-208
-305
-323
-417
-299
-266
-505
-482
-423
-573
-597
-468
-413
-460
-455
-321
-315
-166
-38
172
185
229
274
331
395
678
739
780
689
667
658
598
683
1042
984
674
606
415
432
62
-168
-118
-193
-407
-625
-553
-631
-772
-831
-746
-768
-759
-735
-627
-321
-284
-165
100
526
823
956
1096
1029
1050
917
946
1070
1047
925
761
953
1156
1198
1251
1299
1205
783
291
284
318
83
63
-285
-563
-598
-799
-806
-928
-911
-886
-640
-404
-247
-244
-412
-457
-471
-441
-283
-143
-147
-259
-154
-107
52
184
53
89
222
318
615
985
990
936
775
646
484
434
140
-14
-145
-519
-925
-1077
-944
-1212
-1158
-1284
-1353
-1590
-1624
-1532
-1659
-1394
-1032
-850
-722
-365
-218
-230
16
337
253
584
912
1053
1199
1229
1088
1013
865
1016
1116
927
750
478
382
366
274
0
-87
-111
-571
-738
-509
-579
-418
-273
-450
-535
-791
-892
-818
-598
-377
-300
-509
-739
-902
-901
-773
-651
-376
-452
-668
-590
-314
-31
223
347
578
667
809
1134
1150
1065
890
808
588
439
461
407
4
-288
-540
-906
-1031
-1013
-1089
-1307
-1423
-1672
-1962
-1978
-1951
-1782
-1389
-867
-696
-563
-204
184
671
855
1022
1058
1117
1123
1242
1436
1320
1111
854
600
542
475
439
368
436
471
218
418
488
288
260
215
51
197
62
91
79
-192
-209
-231
-497
-682
-805
-802
-874
-864
-489
-475
-423
-334
-390
-118
197
525
954
1095
1084
1050
1034
1216
1275
1370
1604
1514
1098
816
634
335
287
79
-276
-444
-695
-1126
-1487
-1574
-1554
-1379
-1275
-978
-945
-797
-667
-611
-626
-570
-334
-37
343
538
679
682
858
1112
1264
1112
979
729
389
241
459
560
771
650
473
349
319
330
327
614
434
338
215
214
116
63
-67
-208
-129
-150
-399
-630
-813
-766
-677
-707
-610
-590
-741
-790
-724
-551
-349
2
316
582
730
667
747
981
1250
1560
1695
1494
1483
1097
839
646
462
389
150
-42
-199
-242
-353
-478
-773
-966
-1121
-1111
-1163
-1095
-972
-964
-942
-780
-502
-266
56
287
511
577
455
733
880
905
903
726
613
649
564
635
694
464
321
166
236
463
306
249
170
-154
-219
-243
-219
-190
-229
-246
