2.58259 3.36288 3.38158 2.36661 3.07366 2.54784 0.7913 0.990949 1.20017 0.576748 0.0762291 0.105922 
2.51339 3.84007 3.50098 2.44137 3.61047 2.48949 1.35548 1.35056 0.934366 0.412135 0.11117 0.0788857 
2.82262 3.1991 2.75714 2.41174 2.4962 2.01197 1.19565 1.32184 0.68596 0.267592 0.213925 0.0512887 
2.93341 2.70037 2.49851 2.31694 2.07561 1.84068 1.387 0.993107 0.710405 0.330953 0.181845 0.0500717 
2.77897 3.60354 3.80584 3.3684 2.84234 2.52031 1.85607 1.93044 0.445805 0.668893 0.117116 0.0905457 
2.69751 3.11603 3.63484 3.35599 3.11584 2.55896 2.28348 1.32643 1.0835 0.566053 0.0495231 0.122731 
3.02717 2.82238 2.80208 2.73788 2.22636 2.17448 1.45555 1.2517 0.864827 0.489073 0.13252 0.0772205 
3.00356 2.63966 2.69308 2.26807 2.50742 2.13649 1.23959 1.08056 0.910189 0.579658 0.126687 0.0781887 
2.94316 2.88436 2.85021 2.46633 2.44428 2.16696 1.74193 1.15952 1.11532 0.49664 0.19636 0.100019 
2.82364 2.39207 2.2367 2.10273 1.93578 1.58307 1.53654 1.04347 0.857784 0.570082 0.286051 0.075215 
2.80728 2.45801 2.32823 2.01159 1.99966 1.62511 1.3776 1.16242 0.71555 0.57695 0.298694 0.0772425 
2.85128 2.86 2.65684 2.56337 2.25951 1.95371 1.64657 1.3696 0.894622 0.497782 0.298135 0.0985274 
2.71408 2.33398 2.21417 1.96315 1.90405 1.6009 1.39031 1.14517 0.862445 0.575702 0.344491 0.0760964 
2.69713 2.36637 2.09623 1.93638 1.90516 1.61443 1.36551 1.12737 0.862439 0.616916 0.340145 0.07904 
2.81035 2.43986 2.24023 2.11782 2.04552 1.56569 1.49259 1.19192 0.924416 0.54017 0.393893 0.090842 
2.82811 2.51251 2.33559 2.33368 1.87868 2.02494 1.38593 1.33991 1.01329 0.664668 0.417462 0.108752 
2.72988 2.32793 2.08029 1.95243 1.64377 1.61034 1.33192 1.05858 0.842152 0.617365 0.386195 0.0775949 
2.70902 2.09147 1.98402 2.05569 1.93038 1.53188 1.27072 0.971224 0.808768 0.661388 0.401248 0.0726157 
4.13443 2.59529 2.11131 2.78819 2.54837 1.44426 0.919932 1.39556 1.7531 0.734835 -0.296045 -0.0470742 
5.27056 1.76519 -1.10884 1.07367 2.62657 1.02839 0.279615 1.80897 2.07208 0.393659 -0.222818 -0.122765 
3.4011 0.223341 -0.0976637 1.78155 2.31664 1.40777 1.32169 1.76793 1.42714 0.26957 -0.172562 -0.0934584 
3.41881 1.09252 0.0636814 1.40671 2.30973 1.35513 0.851663 1.63728 1.48166 0.0513365 -0.464654 -0.134159 
6.20605 -0.0536279 -2.15516 1.33253 3.30667 1.56015 0.689347 2.00112 1.48503 0.0702456 -0.492767 -0.106255 
3.92876 0.0259227 -1.11608 1.41848 3.13376 2.03288 1.01267 1.50241 1.16292 -0.315371 -0.296528 -0.068417 
4.48755 -0.116918 -1.47847 1.33231 3.28792 2.04298 0.941256 1.64608 1.35175 -0.374878 -0.436302 -0.0767017 
3.37319 0.286577 -0.89466 1.38426 3.10858 2.02039 0.990096 1.37216 0.896049 -0.469443 -0.48586 -0.0852373 
6.35878 -1.11005 -3.0024 1.75332 4.16326 2.25876 1.03764 1.80398 0.85498 -0.345242 -0.564051 -0.0529715 
3.95576 -0.609967 -2.02749 1.40555 3.69026 2.30121 1.21607 1.69755 1.10319 -0.581862 -0.479346 -0.0798066 
6.08404 -0.531755 -3.55526 1.57493 4.5662 1.75857 1.17708 1.69223 0.799746 -0.329744 -0.664945 -0.065238 
3.82534 -0.452367 -2.16189 1.1865 3.79565 2.36185 1.07068 1.62013 0.969516 -0.606581 -0.453625 -0.0790119 
6.21581 -1.63677 -2.9987 1.22527 5.6811 1.54225 1.59605 1.61359 0.697783 -0.26632 -0.614916 -0.00883231 
7.136 -2.58465 -2.92777 0.694687 6.67222 0.682837 2.02211 1.78022 0.423968 0.0500778 -0.823888 0.0509592 
5.59915 -0.567553 -2.94615 1.5419 4.64912 1.62188 1.15196 1.88313 0.511843 -0.388871 -0.62517 -0.00230797 
6.15106 -1.64603 -2.38994 1.29242 5.61647 1.49607 1.44564 1.95992 0.565548 -0.365487 -0.608775 0.0182985 
5.2569 -1.4887 -3.41699 1.95038 4.84309 2.52 1.40691 1.71193 0.768637 -0.462385 -0.507773 0.0207807 
6.65845 -1.82456 -2.9767 2.13063 4.92012 2.73016 1.0399 1.94502 0.897189 -0.351574 -0.478706 0.0239622 
4.22163 0.368958 -1.00866 1.22514 3.00626 2.38213 1.63405 1.78294 0.929387 -0.639851 -0.340968 0.0227658 
3.7627 0.789169 -0.309896 1.41311 2.83709 2.46883 1.92119 1.83644 0.83656 -0.509798 -0.311421 0.0223889 
3.28581 1.24819 0.569789 1.92879 3.27688 3.03472 2.14762 1.53233 0.649275 -0.209481 -0.243477 0.0827119 
3.22536 1.75001 1.08817 1.93227 2.85834 3.08366 2.43 1.49014 0.528984 -0.195527 -0.117875 0.093781 
3.04794 2.27829 1.60588 1.3806 1.77263 2.21148 1.98154 1.20067 0.424237 0.0716213 0.116615 0.0338468 
3.01851 2.2052 1.59868 1.4239 1.90336 2.30434 2.08838 1.2321 0.282668 -0.0289573 0.143394 0.0457812 
3.38672 2.64677 1.69583 1.09725 2.21409 2.98284 3.04365 1.75173 0.007547 -0.371443 0.0904345 0.0768102 
2.86251 1.9879 1.36265 1.51739 2.29838 2.59254 2.49895 1.30632 0.00120024 -0.167172 0.0274194 0.0875955 
3.05334 2.15062 1.45686 1.24731 1.8049 2.4399 2.32683 1.33769 0.261945 -0.166781 0.0109548 0.0558768 
3.14683 2.05379 1.42405 1.60675 2.69586 3.51494 2.73653 1.51895 0.573286 -0.162505 -0.169273 0.11884 
3.53137 1.16875 1.55742 0.66269 0.653628 3.82588 3.08114 0.619867 0.428935 0.33004 -0.138928 0.0554435 
3.08658 0.147206 2.09528 1.32227 0.240111 4.13111 3.26943 0.163611 0.250197 0.270227 -0.13389 0.0760507 
2.71452 -0.429336 1.09092 2.16949 1.55025 3.51115 2.57646 -0.106767 0.148096 0.318257 0.0606451 0.0727488 
3.34325 -0.322935 0.467041 2.14731 2.34732 3.19934 1.76207 0.152467 0.536346 0.0852065 -0.48629 -0.0094809 
3.29421 -0.348555 -0.663872 2.09171 3.5488 2.64905 1.07497 0.649204 0.736089 -0.223648 -0.302249 0.00513823 
4.11141 -0.639411 -1.31327 1.16355 4.50109 2.14106 0.778572 0.982536 0.816447 -0.188012 -0.162874 -0.00344062 
3.94057 -1.2715 -1.15765 0.791086 5.43431 2.44264 0.805792 1.64375 0.68616 -0.345615 -0.266779 0.00246795 
3.74147 -1.91766 -1.45912 -0.363354 7.54214 1.35614 1.64799 1.28737 0.37136 0.129954 -0.566752 0.111262 
3.70356 -1.6846 -2.00407 0.367556 7.34757 1.09663 1.64737 1.34852 0.25243 0.137951 -0.514606 0.0855877 
3.73876 -1.54713 -2.16152 0.970274 6.84855 0.824997 1.74883 1.32258 0.204844 0.0714226 -0.498058 0.096247 
2.97955 -1.4502 -1.73803 1.71862 5.5959 1.29038 1.57682 1.42491 0.216051 -0.237542 -0.249301 0.0494327 
4.10125 -2.11548 -2.19791 1.1111 7.0201 0.694133 1.89445 1.39009 -0.0271903 0.084955 -0.498409 0.134962 
4.43859 -2.11341 -2.12167 1.01934 6.8718 0.464004 2.00224 1.3173 -0.159844 0.120681 -0.503305 0.154619 
3.77908 -1.63115 -2.13718 0.911085 6.55784 0.773764 1.84128 1.52613 -0.304791 0.00518444 -0.35377 0.127482 
2.81796 -1.18131 -1.67363 1.60081 5.22522 1.2677 1.58784 1.26301 -0.209528 -0.238558 -0.0445151 0.0753417 
3.8681 -1.71234 -2.00421 0.552779 6.92211 0.818896 1.86802 1.56997 -0.530683 0.0798022 -0.317563 0.159838 
4.51776 -1.53805 -1.9438 0.364265 6.59099 0.540654 1.76963 1.764 -0.591921 0.186855 -0.330603 0.149923 
4.26947 -1.02735 -2.24237 0.583772 6.13717 0.698448 1.52753 1.88328 -0.503609 0.143251 -0.273805 0.118901 
3.36843 -0.36933 -2.31594 0.83433 5.47993 1.07717 1.3489 1.53858 -0.197738 -0.0645976 -0.101236 0.0738267 
4.44327 -0.952287 -2.41109 -0.0329102 6.42755 0.87933 1.39808 1.88867 -0.15542 0.302524 -0.356432 0.0533608 
4.41717 -0.760515 -1.52996 -0.0925576 6.01468 0.490311 1.72785 2.11803 -0.106583 0.374158 -0.259853 0.094453 
3.49246 0.255679 -0.703952 1.57585 3.50446 2.32825 1.57565 1.15375 0.0925452 -0.31041 0.186051 0.0958098 
3.29669 0.705536 -0.235261 1.796 3.70124 2.86857 1.25423 0.559653 0.0559543 -0.215366 0.241154 0.0949969 
3.43228 0.969093 -0.115119 1.88871 3.74793 3.10046 1.2483 0.470863 -0.0122484 -0.219185 0.291062 0.112857 
3.70907 0.816757 -0.753329 1.61424 4.17645 3.10602 1.39838 0.411153 -0.00975692 -0.133186 0.343536 0.124948 
3.25196 1.16052 0.204936 1.3431 3.46423 3.0322 1.87013 0.242141 -0.283696 0.0717726 0.365122 0.110789 
2.82803 1.36351 0.626639 1.58456 3.05864 3.0641 1.64044 0.0323494 -0.262183 0.140873 0.395604 0.0843616 
3.12105 1.35847 0.274557 1.13014 3.13543 2.91606 1.93052 0.0600597 -0.297759 0.145774 0.461725 0.102796 
3.39935 1.46753 -0.601879 0.915466 3.91273 3.28059 2.5678 -0.489069 -0.0793319 0.143133 0.401045 0.140397 
3.02862 1.30147 0.301377 1.05791 3.44623 3.0839 2.06074 -0.0830424 -0.405503 0.294899 0.401955 0.119201 
2.8915 1.32713 0.293074 1.3304 3.0638 2.90736 1.75451 -0.0119841 -0.202525 0.199372 0.445686 0.0874898 
3.35632 1.33692 -0.171702 0.594678 3.47481 3.41282 2.33984 -0.155511 -0.219149 0.294587 0.373184 0.129342 
4.99621 0.995059 -1.55256 0.819914 5.41772 3.18084 3.58834 -0.883545 -0.300169 0.252383 0.353611 0.220188 
3.41798 1.51613 0.246623 0.944399 2.94673 3.5217 1.78473 0.0950844 -0.230768 0.254958 0.456293 0.125393 
3.36166 1.79036 0.357437 0.853107 2.71973 3.29516 1.67817 -0.0810942 -0.281963 0.256249 0.4127 0.113277 
3.30592 1.71983 0.452318 1.05392 2.75341 3.26132 1.73485 0.0596103 -0.140336 0.423796 0.462623 0.11934 
3.75338 1.56337 -0.0374569 1.04412 3.54515 4.07542 1.97105 -0.122739 -0.180355 0.59009 0.398392 0.141398 
3.62697 2.02467 0.628557 1.48638 3.47224 3.49322 2.05239 -0.0826045 -0.463056 0.530656 0.428019 0.160981 
3.04093 2.02896 1.32461 1.62685 2.49139 2.55301 1.4545 0.199445 -0.0483502 0.378713 0.545061 0.0872437 
3.10359 2.16072 1.56867 1.76449 2.44599 2.45638 1.43726 0.351422 0.0855188 0.3978 0.44256 0.0722273 
3.25799 2.33131 1.65214 1.98981 2.87526 2.84196 1.46836 0.135747 0.0229327 0.50157 0.494433 0.0946878 
3.64775 2.89542 2.28304 2.51734 3.27971 3.26979 2.02324 0.60989 0.237808 0.390383 0.304529 0.103932 
2.92334 2.47855 2.28575 2.15664 1.9781 1.65296 1.24097 0.89185 0.609783 0.393102 0.19604 0.0454516 
2.83336 2.39269 2.15512 2.0157 1.80469 1.56006 1.18219 0.861249 0.590451 0.391469 0.206607 0.0541219 
2.87903 2.48236 2.29833 2.11962 1.90273 1.67768 1.39867 1.0493 0.743063 0.447497 0.224355 0.0691973 
3.10378 2.80903 2.75555 2.6557 2.63957 2.1207 1.79737 1.1437 0.694723 0.436195 0.180547 0.0822011 
3.10297 2.93748 2.8719 2.6746 2.49245 2.12553 1.77324 1.2923 0.858437 0.364186 0.158653 0.0822658 
2.99233 2.71219 2.63028 2.38346 2.19895 1.91347 1.58684 1.14461 0.805433 0.405464 0.143404 0.0747033 
2.81665 2.37648 2.20966 1.99123 1.78918 1.52449 1.17771 0.959684 0.647536 0.383784 0.215034 0.0561387 
2.85454 2.37464 2.22338 1.98731 1.8773 1.72456 1.11852 0.955149 0.704233 0.40321 0.220062 0.0638077 
3.02159 2.69167 2.67583 2.49295 2.31843 1.9722 1.62936 1.24103 0.82527 0.463148 0.172818 0.0862905 
3.27249 3.03888 3.12136 3.11508 2.86078 2.33808 2.00807 1.435 0.807936 0.478791 0.187905 0.0960778 
3.09704 2.86772 2.74567 2.72063 2.45721 2.01616 1.72147 1.35095 0.831353 0.518563 0.157084 0.0920541 
2.79784 2.38279 2.1827 2.0062 1.80811 1.61868 1.29303 1.04638 0.748973 0.514436 0.275817 0.0725707 
2.75605 2.42302 2.27608 2.10084 1.89649 1.63936 1.42454 1.15614 0.848384 0.552663 0.349635 0.0851914 
2.9303 2.68667 2.7899 2.34764 2.34617 2.07644 1.60054 1.35781 0.86637 0.485935 0.2858 0.101004 
3.07849 2.90963 3.16858 2.9919 2.55492 2.39927 1.92732 1.30559 1.19536 0.225098 0.313569 0.110973 
2.89432 2.71496 2.39429 2.25062 2.15543 2.09048 1.38073 1.24083 1.0264 0.491071 0.293657 0.0962429 
2.72055 2.31239 2.05375 1.9312 1.80627 1.5619 1.32923 1.12441 0.784812 0.603455 0.359384 0.0777724 
2.6777 2.30468 1.99126 1.98707 1.77997 1.57349 1.28793 1.19332 0.818095 0.572307 0.374962 0.0793329 
2.7295 2.43643 2.16879 2.14742 2.00428 1.71296 1.43092 1.36819 0.90851 0.632934 0.413811 0.0968439 
2.76759 2.92442 3.11408 3.0699 2.33928 2.36996 2.38094 1.12114 1.07712 0.302921 0.523502 0.116367 
2.79695 2.25947 2.22471 2.08676 1.85553 1.63544 1.37818 1.25066 0.907401 0.610402 0.367635 0.0892871 
2.66502 2.29756 2.054 1.95943 1.69899 1.49029 1.3769 1.15836 0.798035 0.625864 0.362113 0.0775975 
2.72125 2.30056 2.22855 2.07108 1.79825 1.74739 1.46943 1.2388 0.968252 0.682032 0.402395 0.0930098 
2.78321 2.53199 4.18799 2.2522 2.80454 1.84895 2.40376 1.39679 1.03194 0.815942 0.217055 0.147695 
2.64526 2.36027 2.45402 1.96694 2.23438 1.62121 1.58524 1.33717 1.16724 0.74082 0.345088 0.106877 
2.58283 2.17166 2.15894 1.74574 1.81389 1.49008 1.34697 1.14813 0.826391 0.610516 0.378091 0.0745751 
2.57683 2.23886 2.2168 1.7576 2.10082 1.5417 1.4089 1.2725 0.907639 0.834722 0.380908 0.0878254 
2.24006 2.18904 3.21767 2.13206 2.23918 1.82222 1.60409 1.26432 1.17345 0.611344 0.478353 0.11231 
2.28357 2.52974 2.56381 2.24849 1.84794 2.03369 1.2025 1.4356 1.10037 0.410807 0.551622 0.0918749 