42
46
44
41
46
42
43
43
40
43
40
41
42
40
42
39
39
43
38
42
40
41
40
41
39
43
41
39
39
39
39
38
35
38
34
38
28
37
27
32
29
22
30
19
19
21
13
13
16
3
8
0
-3
-3
-8
-9
-20
-12
-22
-19
-28
-35
-36
-33
-40
-42
-44
-51
-50
-52
-55
-61
-64
-59
-68
-65
-68
-67
-76
-68
-65
-71
-80
-74
-69
-73
-74
-72
-71
-72
-70
-73
-72
-70
-68
-67
-59
-65
-67
-62
-54
-57
-54
-51
-51
-52
-51
-52
-49
-44
-47
-51
-47
-44
-45
-43
-38
-40
-46
-49
-52
-50
-46
-43
-45
-49
-47
-54
-51
-55
-50
-59
-57
-54
-56
-60
-55
-48
-57
-57
-59
-50
-62
-54
-52
-47
-59
-55
-55
-51
-54
-54
-54
-50
-45
-46
-40
-38
-44
-47
-40
-34
-41
-38
-36
-33
-36
-33
-31
-32
-33
-30
-30
-31
-32
-27
-28
-29
-29
-26
-31
-34
-31
-31
-30
-36
-36
-42
-38
-40
-40
-45
-39
-38
-40
-52
-40
-48
-45
-44
-47
-48
-48
-52
-48
-49
-48
-49
-50
-38
-49
-56
-44
-49
-48
-48
-47
-47
-50
-41
-48
-53
-44
-45
-38
-45
-46
-45
-37
-42
-34
-41
-39
-37
-33
-39
-29
-27
-35
-26
-29
-25
-28
-26
-21
-26
-24
-26
-25
-25
-25
-22
-29
-29
-25
-25
-24
-25
-19
-23
-26
-25
-30
-28
-31
-27
-34
-30
-27
-29
-27
-31
-29
-12
-28
-26
-23
-21
-26
-27
-20
-20
-19
-19
-7
-17
-11
-17
-10
-10
-16
-11
-4
-5
-3
1
-8
-7
-2
4
1
1
0
-1
0
1
-3
-5
-4
-8
-2
-4
-2
-4
-4
-4
1
-3
0
-2
-8
-4
-5
-1
0
-1
-4
-3
3
1
-1
7
4
2
2
1
1
31
13
14
12
12
10
12
4
8
11
3
5
-1
5
1
-5
-2
-4
-7
-4
-5
-7
-5
-5
-5
-2
-1
-2
-2
0
0
4
8
5
2
6
11
7
10
6
14
13
16
7
10
8
8
8
6
3
2
4
2
4
-4
-4
-5
-8
-10
-9
-7
-7
-8
-10
-7
-12
-10
-14
-13
-11
-10
-13
-8
-7
-7
-4
-4
-4
0
1
-1
0
-1
-1
4
7
4
1
2
-1
-1
0
2
-3
-8
-5
-4
-8
-8
-7
-9
-11
-10
-8
-5
-9
-12
-9
-5
-9
-9
-3
-7
-10
-3
1
-1
-1
1
1
3
10
10
8
8
6
6
14
20
14
13
15
13
11
12
13
7
4
7
7
6
6
5
2
3
5
3
3
4
1
-1
3
3
5
7
6
4
9
13
13
13
18
16
16
21
21
21
19
20
21
23
22
18
20
22
20
21
19
14
13
17
14
9
10
10
6
6
10
8
7
11
16
17
18
16
13
13
11
11
15
17
17
18
19
18
17
15
18
19
19
21
19
18
24
21
19
22
19
20
21
17
18
21
18
18
16
15
12
10
14
10
7
13
12
14
20
15
11
13
10
11
18
18
11
12
16
15
12
16
19
17
18
19
18
19
19
9
6
13
15
10
6
5
7
6
7
11
10
10
7
2
4
11
5
7
11
5
10
17
13
11
12
12
13
15
12
7
6
10
12
13
14
12
11
9
10
12
12
13
11
11
13
13
11
11
10
12
12
12
13
11
14
13
11
14
13
10
16
13
12
17
13
19
17
4
13
15
12
11
11
11
15
11
12
14
12
13
13
11
10
12
14
4
8
10
7
8
7
8
8
4
4
6
0
2
7
1
5
7
5
4
5
0
-7
-5
-3
-4
-4
-3
-3
-2
-7
-11
-9
-7
-10
-8
-11
-8
-7
-7
-8
-19
-9
-7
-22
-15
-13
-21
-15
-16
-18
-13
-16
-16
-16
-15
-18
-20
-10
-13
-14
-10
-11
-15
-13
-8
-14
-11
-12
-12
-4
-12
-13
-11
-5
-3
-9
-6
-1
-4
-6
-7
-3
1
-7
-5
2
-2
3
10
5
3
6
6
7
9
9
11
12
6
5
12
14
12
13
10
13
23
15
15
21
14
15
16
14
15
14
16
17
20
19
17
21
21
20
22
21
21
19
19
19
18
15
16
16
15
16
13
13
16
12
11
15
13
9
10
10
8
8
7
10
8
5
6
5
6
2
0
4
-1
-5
-2
-6
-5
-5
-7
-7
-7
-3
-11
-9
1
-13
-10
-4
-9
-8
-15
-7
-9
-16
-12
-13
-13
-20
-15
-15
-19
-19
-20
-20
-22
-20
-22
-23
-21
-27
-24
-24
-28
-28
-27
-30
-30
-31
-33
-31
-33
-35
-33
-34
-36
-35
-35
-37
-36
-35
-35
-35
-39
-38
-37
-37
-35
-34
-34
-36
-41
-39
-34
-35
-36
-37
-40
-33
-28
-39
-40
-33
-35
-36
-35
-38
-39
-35
-33
-35
-36
-35
-37
-38
-35
-32
-35
-33
-28
-30
-32
-31
-32
-34
-26
-23
-27
-31
-35
-24
-19
-30
-25
-16
-18
-17
-18
-21
-19
-22
-18
-10
-16
-18
-16
-13
-11
-11
-10
-13
-13
-5
-8
-9
-5
-10
-6
1
-5
-8
-13
-5
7
3
-2
7
6
3
3
5
7
4
2
6
5
3
1
5
5
2
4
7
4
5
6
4
2
4
7
5
3
4
9
8
9
6
9
9
5
1
1
5
4
7
1
2
5
2
6
-2
-1
-1
0
2
-1
2
2
-4
-2
-8
-6
-4
0
-9
-5
-3
0
-13
-9
-6
-6
-8
-8
-9
-12
-8
-9
-7
-11
-5
-9
-8
-10
-12
-7
-10
-9
-7
-2
-7
-8
-8
-9
-6
-5
-10
-13
-5
-4
-9
-8
-8
-7
-9
-7
-6
-6
-3
-3
-4
-5
-4
-5
-5
-4
-6
-4
-5
1
-4
-3
-4
-5
-3
-5
-5
-4
-3
-7
-4
-1
1
1
0
-1
0
0
2
1
1
0
-1
0
0
1
-1
-1
-2
-1
-1
1
1
0
1
-3
2
2
0
0
-2
6
3
3
4
2
6
-1
-2
-1
0
1
-1
-1
-1
-1
0
0
0
0
1
1
2
1
0
-1
-1
0
0
1
1
2
1
1
3
-1
-3
-2
-3
-5
-1
-5
-9
-4
-2
-4
-2
-3
-2
-3
-5
-4
-4
-6
-5
-5
-4
-3
-6
-2
-2
-4
-4
-4
-6
-3
0
-5
-6
-5
-1
-5
-7
1
3
1
-2
-1
7
4
5
1
2
11
0
4
7
4
3
9
10
8
8
7
8
6
10
8
7
18
12
10
12
12
11
12
13
13
6
6
9
11
7
8
11
6
9
9
11
6
1
12
9
6
8
7
10
7
8
8
7
8
3
3
4
4
3
4
6
5
4
4
5
4
3
3
3
6
7
8
9
7
8
8
8
8
12
7
6
9
8
7
13
16
9
12
12
9
10
11
15
13
14
14
11
14
12
11
13
11
12
12
13
13
13
12
13
12
11
10
11
13
15
11
7
10
12
13
12
12
14
6
4
7
8
8
5
9
8
8
12
8
-1
3
7
4
4
-1
3
6
1
6
7
2
1
9
5
-3
-8
-11
-8
-6
-7
-6
-8
-8
-3
-2
-4
-4
-5
-3
1
-6
-6
-4
-4
-4
-1
0
3
5
2
6
4
3
9
2
3
9
7
7
8
9
9
9
7
7
9
12
9
4
10
8
7
8
3
1
7
6
2
5
6
5
-5
-2
0
2
2
-2
-5
-8
-13
-3
-7
-7
-7
-9
-13
-6
-7
-7
-5
-10
-8
-10
-7
-6
-8
-11
-12
-3
-13
-6
-9
1
-5
-5
-2
-3
-3
-2
2
-7
-4
-3
-3
-3
5
3
3
5
5
1
12
2
10
8
9
8
10
12
7
5
10
9
9
7
8
7
10
11
9
6
12
18
2
7
12
3
9
8
9
5
6
1
7
2
2
2
1
1
-2
-7
-4
0
-2
-9
-8
-17
-8
-9
-3
-13
-17
-10
-13
-14
-13
-13
-13
-20
-16
-18
-16
-15
-15
-24
-17
-16
-16
-19
-15
-16
-16
-15
-15
-18
-17
-14
-14
-19
-13
-18
-10
-17
-11
-15
-14
-2
-16
-11
-9
-12
-14
-6
-1
-10
-8
-10
0
-3
-7
-5
-1
-6
6
0
5
-3
3
12
6
3
4
5
12
10
8
7
7
5
9
8
15
4
11
9
6
11
3
9
12
6
11
6
9
8
11
0
11
8
9
7
1
5
3
3
7
4
5
2
4
17
6
6
11
7
7
12
6
8
10
8
6
4
4
3
4
5
4
4
4
3
5
5
3
3
4
2
-1
-1
-1
-5
-4
-3
-6
-5
-4
-3
-1
-7
-10
-9
-15
-11
-6
-13
-13
-11
-13
-18
-14
-8
-11
-18
-21
-20
-20
-20
-21
-19
-18
-20
-20
-24
-16
-10
-19
-18
-15
-23
-20
-19
-24
-20
-17
-15
-14
-23
-23
-19
-20
-21
-21
-21
-19
-21
-22
-23
-19
-19
-20
-22
-21
-19
-15
-15
-17
-16
-16
-15
-17
-15
-14
-18
-15
-11
-17
-14
-7
-13
-10
-6
-11
-13
-11
-14
-13
-9
-7
-8
-7
-4
-6
-7
-8
-9
-7
-6
-7
-7
-6
-7
-9
-9
-8
-7
-8
-8
-3
-4
-4
-4
-7
1
-4
-4
-2
-3
2
-5
-3
-4
-1
1
-1
0
0
0
0
2
-1
0
-3
-3
-4
-4
-5
-4
-5
-5
-2
-3
-4
-5
-5
-1
-3
-5
-5
-3
-3
0
-9
-3
-3
-5
-2
-6
-2
-4
-2
-3
-11
0
-11
-10
-6
-10
-7
-8
-11
-7
-8
-7
-10
-6
-6
-6
-8
-10
-8
-6
-7
-10
-9
-6
-8
-12
-14
-11
-11
-13
-13
-11
-11
-10
-12
-12
-12
-13
-12
-13
-11
-12
-13
-13
-12
-12
-14
-12
-15
-13
-12
-7
-9
-8
-7
-9
-8
-8
-8
-6
-9
-9
-5
-7
-8
2
-4
-4
-4
-4
-3
-2
-5
-5
-4
-4
-6
-4
-4
-4
-4
-4
-3
-4
-4
-4
-4
-3
-4
-4
-4
-4
-4
-4
-4
-4
-5
-3
-4
-3
-4
-4
-3
-4
-4
-4
-4
-4
-3
-5
-4
-4
-4
-4
-4
-3
-4
-4
-5
-4
-4
-4
-4
-3
-4
-4
-3
-5
-5
-4
-4
-4
-4
-4
-4
-4
-4
-4
-4
-4
-5
-4
-4
-4
-3
-4
-4
-4
-4
-3
-4
-5
-5
-4
-4
-4
-5
-4
-4
-4
-4
-4
-5
-4
-4
-4
-4
-5
-4
-4
-4
-4
-4
-4
-4
-4
-5
-5
-5
-5
-4
-4
-5
-5
-3
-4
-3
-5
-5
-4
-4
-4
-2
5
1
0
-2
2
-1
-3
2
1
-2
0
1
1
-1
3
6
4
4
4
3
4
4
5
3
3
1
-2
-1
2
-1
-3
3
0
-2
-1
1
-5
-6
-1
-5
-1
-4
-7
-1
-9
-5
-2
-5
-3
-4
-4
-4
-4
-2
-5
-8
-7
-8
-8
-8
-8
-8
-9
-10
-8
-9
-7
-9
-10
-8
-9
-7
-6
-11
-5
4
-4
-7
-3
-4
-4
-1
-2
-1
1
0
4
6
4
5
5
4
4
7
8
8
7
9
8
7
9
8
9
8
8
9
8
6
3
4
2
3
6
5
4
5
6
-1
-2
1
0
-3
-1
-1
-1
-5
-5
-4
-13
-22
-14
-7
-9
-15
-19
-17
-12
-18
-15
-9
-15
-18
-15
-16
-16
-16
-16
-17
-17
-14
-13
-13
-11
-10
-12
-13
-11
-11
-13
-9
-4
-8
-8
-6
-2
4
-5
-8
-2
-7
-3
9
5
0
5
5
7
8
6
11
9
8
10
12
8
7
11
6
2
9
4
7
9
-3
-3
1
-7
-2
-3
-8
-1
-6
-19
-16
-12
-15
-15
-17
-18
-19
-16
-12
-15
-23
-26
-28
-28
-22
-23
-20
-19
-25
-22
-25
-25
-20
-21
-18
-16
-17
-13
-12
-14
-12
-10
-9
-3
-3
0
0
-2
2
5
9
15
12
12
16
17
20
25
21
17
23
18
21
31
26
27
27
20
22
23
22
22
24
18
22
21
17
16
9
11
8
13
12
5
10
-2
-1
-4
-10
-7
-14
-8
-13
-12
-15
-23
-20
-22
-21
-20
-22
-26
-27
-27
-24
-24
-25
-29
-31
-29
-29
-27
-25
-26
-24
-18
-19
-22
-18
-21
-20
-10
-12
-17
-10
-16
-12
1
-5
-2
3
-1
4
5
7
4
4
6
3
6
9
8
8
10
10
6
10
8
8
7
7
8
8
5
5
6
4
3
3
6
0
-1
0
0
-7
-5
-3
-9
-9
0
0
-9
-10
-12
-8
-7
-12
-8
-3
-8
-11
-15
-15
-5
-19
-14
-11
-7
-17
-12
-12
1
-14
-9
-6
-8
-10
-7
-6
-4
-11
-11
-3
-8
-4
-2
-8
-4
-5
-5
-2
1
-9
-9
-1
1
-7
-1
1
-5
-1
-1
-2
7
7
4
5
5
1
-1
-1
3
2
0
7
7
3
3
7
5
0
2
3
0
-1
-2
-1
0
-1
-4
-2
-3
-3
-7
4
9
4
5
8
-6
0
-1
-4
0
2
1
2
-2
0
0
-1
1
1
0
1
0
-1
-6
-5
-5
-3
-3
-3
-5
-4
-4
-5
-2
-12
-5
1
-4
-7
-2
-6
-5
-4
-6
-8
-4
-3
-4
-3
-4
-3
-2
-5
-4
-5
-5
-4
-6
-4
-5
-4
-4
-3
-5
-7
-8
-8
-9
-8
-9
-7
-8
-7
-6
-7
-7
-8
-8
-8
-8
-8
-9
-10
-9
-9
-8
-7
-7
-6
-7
-8
-8
-8
-9
-8
-7
-5
-4
-5
-3
-3
-5
-5
-4
-5
-4
-5
-4
-4
-4
-5
-4
-5
-5
-5
-4
-5
-4
-3
-2
-5
-4
-4
-1
-5
-4
-3
-5
2
-14
-5
-7
-5
-15
-6
-8
-8
-7
-11
-9
-7
-9
-10
-9
-8
-7
-8
-9
-7
-8
-6
-8
-8
-5
-8
-10
-7
-5
-8
-9
-6
-8
-13
-13
-9
-10
-13
-11
-12
-14
-13
-11
-11
-12
-13
-13
-13
-12
-12
-12
-13
-12
-12
-12
-10
-12
-10
-13
-12
-12
-15
-12
-16
-12
-12
-14
-12
-14
-11
-12
-14
-12
-14
-12
-12
-13
-12
-12
-12
-11
-12
-12
-12
-13
-12
-12
-11
-12
-12
-12
-12
-12
-11
-12
-12
-12
-11
-11
-12
-12
-12
-12
-12
-12
-12
-12
-11
-11
-11
-12
-12
-13
-12
-12
-12
-13
-13
-12
-12
-12
-12
-12
-12
-12
-12
-12
-12
-12
-12
-12
-12
-12
-12
-12
-12
-12
-12
-12
-11
-11
-11
-12
-13
-12
-12
-12
-12
-12
-12
-11
-13
-13
-12
-12
-12
-12
-12
-11
-12
-13
-12
-12
-12
-12
-12
-12
-12
-12
-13
-12
-12
-13
-12
-11
-13
-13
-13
-13
-12
-13
-11
-12
-10
-11
-13
-11
-11
-14
-11
-12
-13
-3
-10
-8
-8
-9
-7
-7
-9
-9
-9
-8
-9
-7
-9
-9
-7
-8
-8
-8
-8
-8
-8
-8
-8
-8
-8
-7
-8
-9
-8
-8
-8
-8
-9
-8
-8
-8
-8
-8
-8
-9
-8
-8
-9
-8
-8
-8
-10
-7
-9
-9
-9
-8
-8
-10
-6
-7
-9
-7
-9
-10
-6
-9
-8
2
-3
-4
-4
-3
-5
-5
-4
-4
-6
-2
-3
-3
-6
-3
-4
-5
-4
-4
-4
-4
-4
-3
-4
-4
-4
-4
-4
-4
-4
-4
-4
-5
-4
-4
-3
-4
-4
-4
-4
-4
-4
-4
-3
-4
-4
-4
-5
-5
-5
-6
-5
-4
-5
-5
-3
-4
-4
-5
-5
-5
-6
-6
-5
3
4
6
3
8
6
3
2
10
2
3
6
2
3
5
5
-3
6
1
7
4
4
4
-1
1
3
0
2
-2
1
-4
-4
-5
-5
-4
-4
-1
0
0
-2
1
2
-1
2
6
4
3
10
6
1
5
6
9
9
9
7
6
8
9
10
9
7
6
15
11
11
10
16
6
6
5
11
12
13
12
13
15
12
10
10
13
10
13
15
12
10
11
19
14
9
19
19
14
12
12
13
12
12
10
14
11
8
16
11
13
12
7
8
6
8
9
8
6
8
8
8
8
8
12
8
6
5
12
17
12
19
11
9
21
11
15
19
23
16
15
15
19
18
20
23
22
20
19
17
23
17
19
23
14
14
17
19
8
17
15
18
10
12
12
14
12
6
12
13
13
11
11
13
12
10
11
9
8
7
5
9
8
9
6
4
10
6
5
10
5
5
9
8
7
7
10
9
0
-6
-4
-3
-2
-4
-4
-4
-6
-4
-4
-1
0
-1
0
5
2
4
7
3
1
5
2
3
9
7
8
11
8
7
8
7
7
8
10
3
3
3
3
6
-3
-2
-2
0
2
-6
-1
-6
-7
-5
-6
-4
-6
-5
-12
-8
-10
-9
-4
-9
-9
-8
-4
-11
-10
-13
-19
-6
-10
-12
-12
-13
-11
-17
-13
-9
-12
-10
-12
-11
-9
-6
-7
-9
-8
-10
-9
-1
-8
-12
-7
-4
-3
-6
-4
1
-2
-8
-3
0
-4
-3
-5
-7
-4
-3
-5
-5
-5
-7
-11
-12
-9
-12
-16
-15
-13
-15
-19
-20
-17
-18
-20
-22
-20
-20
-18
-21
-28
-34
-27
-27
-25
-17
-23
-25
-16
-18
-14
-7
-5
-5
7
3
15
19
24
29
29
34
37
50
40
56
43
59
55
63
56
66
61
65
61
61
61
61
59
62
57
58
55
56
58
48
49
41
34
36
36
27
29
19
9
17
3
4
-8
1
-20
-15
-19
-21
-77
-69
-73
-64
-80
-78
-87
-83
-93
-92
-102
-104
-100
-106
-114
-109
-116
-123
-122
-119
-124
-127
-130
-135
-143
-142
-142
-144
-150
-157
-158
-156
-162
-164
-161
-162
-170
-167
-164
-169
-172
-164
-162
-163
-154
-150
-143
-143
-132
-125
-111
-103
-87
-77
-60
-43
-28
-5
5
25
53
66
92
107
133
152
169
195
218
233
261
270
295
302
314
331
335
344
344
348
351
340
340
326
316
306
288
271
241
230
198
175
140
118
91
62
30
-1
-23
-52
-76
-106
-122
-143
-159
-175
-192
-201
-205
-212
-220
-218
-212
-209
-204
-193
-183
-175
-165
-155
-143
-135
-123
-109
-102
-92
-82
-79
-99
-96
-80
-83
-82
-90
-100
-110
-120
-134
-152
-176
-195
-213
-243
-262
-286
-310
-330
-356
-372
-393
-408
-419
-431
-437
-440
-439
-435
-425
-412
-392
-369
-341
-307
-270
-227
-181
-133
-78
-24
30
90
144
201
262
313
359
408
452
494
531
556
581
609
620
618
622
617
614
590
566
539
513
534
470
427
398
354
302
264
219
183
131
97
63
26
-12
-41
-69
-95
-108
-127
-138
-143
-150
-144
-149
-140
-129
-125
-107
-99
-83
-67
-54
-37
-20
-7
7
23
30
47
51
59
69
65
73
68
64
67
52
48
35
18
6
-19
-35
-56
-83
-106
-132
-158
-187
-218
-249
-281
-318
-358
-393
-422
-447
-480
-515
-544
-567
-585
-606
-627
-645
-654
-660
-663
-661
-657
-639
-624
-599
-569
-539
-493
-454
-400
-346
-293
-228
-169
-102
-33
35
107
174
244
309
373
429
488
538
581
623
651
676
694
699
707
694
682
670
639
611
574
531
486
440
391
334
278
230
169
119
73
41
44
-21
-61
-64
-92
-109
-106
-104
-91
-86
-57
-26
3
39
81
128
165
218
257
310
345
388
419
451
476
495
507
513
511
501
486
465
437
401
357
312
261
203
138
76
13
-52
-123
-194
-261
-328
-392
-456
-514
-574
-625
-673
-715
-754
-794
-828
-852
-877
-895
-913
-919
-925
-930
-928
-946
-930
-920
-894
-871
-846
-822
-786
-743
-702
-652
-605
-542
-487
-420
-356
-288
-209
-135
-62
16
97
182
266
341
418
500
569
638
701
757
808
851
882
913
933
942
940
932
917
892
856
818
775
727
675
613
557
500
434
378
316
251
208
154
108
79
50
31
13
7
5
13
17
4
31
68
106
153
181
222
268
320
361
402
447
473
506
526
544
558
554
554
542
520
498
462
422
386
322
272
213
142
89
10
-57
-119
-183
-256
-316
-374
-438
-477
-541
-588
-635
-677
-717
-758
-792
-822
-854
-876
-906
-928
-949
-970
-987
-1001
-1010
-1021
-1022
-1027
-1027
-1025
-1006
-991
-979
-907
-899
-855
-809
-765
-707
-640
-576
-486
-417
-330
-232
-140
-47
56
157
262
355
446
545
622
691
762
832
877
916
960
977
989
995
985
974
940
906
871
814
762
707
641
575
518
453
393
340
285
236
198
162
138
123
113
111
115
131
151
170
203
239
277
320
364
401
441
479
497
531
576
597
625
639
637
642
640
621
601
579
538
495
450
391
332
269
200
131
60
-12
-88
-158
-233
-301
-372
-436
-501
-568
-619
-679
-728
-781
-817
-867
-896
-940
-960
-1005
-1026
-1051
-1080
-1097
-1116
-1133
-1151
-1159
-1171
-1176
-1177
-1180
-1170
-1159
-1140
-1131
-1096
-1054
-1023
-977
-927
-854
-805
-724
-580
-522
-452
-336
-247
-138
-38
72
183
288
394
492
591
673
754
826
891
955
1003
1045
1074
1099
1108
1104
1096
1073
1044
1005
954
904
840
780
713
648
584
517
460
401
348
301
256
221
188
166
149
138
134
138
149
167
193
223
258
297
338
377
419
456
492
524
555
580
600
623
636
642
652
646
629
622
592
555
530
475
428
377
306
244
174
100
24
-49
-127
-206
-278
-355
-426
-497
-567
-632
-696
-755
-814
-867
-921
-968
-1015
-1061
-1102
-1141
-1178
-1212
-1245
-1275
-1295
-1323
-1337
-1349
-1360
-1359
-1358
-1337
-1324
-1298
-1261
-1217
-1160
-1099
-1022
-953
-856
-757
-664
-549
-435
-326
-194
-74
68
164
298
417
522
646
741
841
930
999
1072
1129
1157
1194
1200
1205
1197
1171
1133
1094
1043
974
913
840
753
676
589
511
428
349
280
205
149
89
45
19
-13
-23
-38
-38
-29
-12
24
51
90
132
178
228
283
338
387
438
487
534
575
608
643
663
683
691
695
696
673
659
649
602
574
536
470
417
358
292
225
162
83
14
-75
-141
-220
-295
-376
-453
-534
-604
-676
-748
-820
-903
-965
-1032
-1090
-1156
-1217
-1270
-1322
-1358
-1397
-1440
-1469
-1493
-1495
-1497
-1495
-1491
-1468
-1439
-1392
-1341
-1275
-1218
-1136
-1046
-936
-831
-716
-589
-459
-329
-181
-38
92
235
377
519
640
761
862
970
1030
1129
1208
1260
1281
1292
1312
1323
1312
1275
1204
1143
1085
1027
941
837
718
619
532
446
347
238
144
50
-8
-59
-116
-169
-216
-225
-226
-212
-195
-178
-138
-84
-11
58
125
194
276
370
461
542
608
674
741
812
871
903
921
932
948
948
932
902
866
815
769
712
647
570
491
424
298
212
118
39
-65
-143
-236
-332
-425
-520
-589
-664
-748
-837
-921
-994
-1059
-1112
-1191
-1258
-1324
-1359
-1406
-1451
-1502
-1547
-1580
-1592
-1588
-1595
-1616
-1628
-1612
-1571
-1522
-1475
-1430
-1369
-1283
-1172
-1053
-944
-839
-717
-557
-378
-206
-59
75
235
414
589
747
876
993
1102
1220
1334
1408
1445
1447
1463
1484
1496
1489
1412
1344
1294
1204
1112
997
869
755
655
556
438
319
199
102
24
-51
-107
-167
-208
-235
-242
-229
-234
-215
-168
-107
-25
43
110
197
285
369
463
551
626
706
783
850
905
936
959
987
1000
997
983
956
929
897
845
788
717
641
578
514
443
363
256
168
104
21
-81
-166
-291
-443
-496
-567
-679
-780
-903
-977
-1044
-1118
-1217
-1324
-1403
-1479
-1521
-1576
-1654
-1732
-1789
-1790
-1780
-1793
-1835
-1865
-1844
-1776
-1702
-1644
-1590
-1515
-1398
-1251
-1098
-960
-836
-691
-501
-282
-77
87
228
394
592
790
947
1059
1152
1268
1391
1486
1547
1557
1542
1534
1535
1526
1479
1377
1274
1162
1093
994
861
705
563
554
399
278
164
44
-71
-140
-205
-254
-324
-351
-366
-361
-350
-321
-303
-265
-188
-92
2
87
169
262
360
470
570
669
762
854
933
1001
1053
1084
1122
1137
1154
1163
1149
1143
1091
1048
1000
934
872
783
723
658
570
465
361
266
162
39
-73
-166
-280
-380
-485
-603
-712
-819
-925
-1010
-1086
-1237
-1302
-1360
-1449
-1500
-1599
-1656
-1720
-1742
-1760
-1770
-1794
-1807
-1803
-1768
-1723
-1669
-1608
-1548
-1441
-1342
-1201
-1093
-974
-850
-695
-504
-321
-151
-6
147
317
489
651
782
896
1008
1138
1258
1338
1374
1376
1384
1403
1415
1382
1311
1235
1144
1073
988
868
723
574
478
387
276
150
-7
-104
-182
-249
-306
-383
-416
-469
-460
-444
-428
-433
-417
-356
-253
-155
-65
1
85
202
338
451
538
619
718
831
933
997
1030
1055
1092
1139
1174
1183
1165
1134
1105
1078
1029
955
868
790
722
647
555
445
336
227
129
22
-87
-186
-286
-370
-473
-583
-695
-802
-882
-964
-1051
-1143
-1231
-1305
-1366
-1429
-1512
-1578
-1650
-1668
-1633
-1660
-1686
-1714
-1714
-1663
-1612
-1573
-1520
-1452
-1354
-1226
-1097
-990
-878
-756
-573
-381
-199
-44
105
255
435
611
749
863
959
1082
1210
1318
1358
1372
1362
1376
1382
1373
1311
1229
1133
1052
966
860
719
565
432
332
243
130
-7
-142
-246
-316
-367
-415
-468
-510
-515
-477
-437
-407
-402
-356
-282
-162
-84
13
90
195
312
417
518
605
697
794
895
978
1028
1057
1084
1112
1150
1161
1148
1114
1077
1040
991
930
849
760
681
603
519
423
311
207
117
10
-101
-203
-298
-384
-477
-585
-697
-789
-873
-948
-1035
-1149
-1243
-1322
-1370
-1412
-1496
-1592
-1684
-1718
-1720
-1714
-1732
-1780
-1820
-1791
-1724
-1647
-1614
-1586
-1421
-1357
-1188
-1045
-946
-883
-761
-536
-319
-124
-22
108
242
466
671
831
905
986
1106
1268
1406
1455
1426
1399
1426
1485
1498
1429
1301
1191
1131
1091
994
822
628
488
404
319
177
-1
-141
-232
-271
-330
-415
-488
-542
-522
-485
-455
-445
-453
-393
-287
-165
-82
-19
68
204
334
429
511
579
691
804
912
989
1004
1035
1090
1168
1205
1172
1127
1104
1100
1070
994
896
816
760
708
630
513
383
276
206
143
44
-95
-226
-311
-360
-424
-538
-673
-783
-847
-898
-969
-1074
-1194
-1290
-1341
-1376
-1437
-1521
-1614
-1663
-1663
-1666
-1697
-1738
-1746
-1721
-1658
-1610
-1585
-1521
-1433
-1292
-1160
-1055
-950
-835
-651
-473
-273
-81
7
162
383
571
723
830
941
1069
1218
1344
1396
1408
1412
1455
1495
1485
1426
1335
1259
1194
1110
980
817
668
547
439
309
141
-29
-149
-225
-289
-393
-516
-612
-634
-605
-598
-608
-635
-609
-495
-382
-275
-215
-170
-51
101
263
373
434
516
612
753
880
941
976
1013
1073
1131
1153
1134
1098
1072
1076
1067
996
890
802
751
708
625
486
333
222
168
112
5
-138
-273
-351
-378
-429
-538
-678
-804
-869
-894
-957
-1060
-1176
-1267
-1299
-1312
-1358
-1430
-1506
-1542
-1550
-1560
-1589
-1630
-1631
-1593
-1538
-1492
-1464
-1404
-1302
-1169
-1042
-950
-859
-723
-543
-346
-171
-38
97
279
493
703
860
960
1062
1188
1315
1426
1496
1522
1536
1559
1582
1575
1520
1438
1358
1280
1190
1055
884
723
587
461
326
165
-4
-136
-230
-316
-405
-527
-629
-684
-690
-673
-684
-691
-672
-588
-472
-373
-288
-220
-127
1
142
265
356
447
558
675
778
861
912
955
1008
1043
1043
1020
1000
985
963
913
838
760
695
643
568
487
370
208
134
86
-7
-114
-237
-325
-381
-441
-531
-625
-694
-762
-816
-890
-980
-1061
-1129
-1186
-1248
-1322
-1397
-1450
-1479
-1509
-1559
-1622
-1667
-1668
-1634
-1608
-1606
-1594
-1541
-1431
-1289
-1163
-1076
-981
-832
-636
-411
-201
-27
126
305
540
768
962
1110
1218
1355
1507
1648
1728
1756
1772
1759
1758
1728
1650
1566
1434
1340
1276
1130
972
809
624
449
276
97
-65
-203
-323
-430
-534
-639
-713
-755
-790
-812
-825
-804
-762
-692
-587
-504
-419
-326
-212
-62
77
196
300
409
541
661
761
840
902
945
979
1004
1028
1047
1047
1027
994
951
889
809
733
657
565
465
370
295
228
139
40
-55
-163
-260
-346
-448
-522
-633
-790
-808
-821
-900
-984
-1101
-1168
-1214
-1283
-1361
-1412
-1414
-1443
-1492
-1545
-1568
-1572
-1585
-1574
-1545
-1496
-1429
-1320
-1170
-1026
-928
-860
-746
-553
-337
-158
-12
152
365
611
847
1032
1145
1207
1288
1442
1629
1747
1759
1723
1725
1784
1818
1735
1561
1393
1275
1181
1087
959
773
554
364
230
88
-109
-332
-522
-652
-760
-811
-804
-846
-968
-1051
-1055
-996
-933
-957
-917
-779
-610
-445
-335
-167
-6
123
219
308
486
624
726
815
937
1099
1137
1140
1170
1187
1189
1087
1016
1018
981
924
804
748
746
620
453
293
210
165
20
-102
-190
-255
-320
-443
-502
-589
-771
-1001
-1181
-1157
-1142
-1268
-1457
-1598
-1578
-1556
-1591
-1653
-1791
-1995
-2189
-2116
-1877
-1749
-1813
-1940
-1724
-1251
-861
-726
-797
-749
-516
-161
250
656
1037
1331
1583
1876
2159
2322
2373
2428
2565
2734
2825
2852
2876
2839
2607
2228
1900
1681
1427
1030
562
146
-205
-581
-976
-1345
-1710
-2137
-2567
-2783
-2791
-2782
-2864
-2897
-2752
-2441
-2182
-2052
-1869
-1635
-1204
-762
-310
212
625
1174
1647
2151
2541
2569
2683
2784
3053
3320
3333
3340
3186
3083
2926
2586
2224
1666
1202
802
446
192
-306
-719
-1167
-1565
-1799
-2255
-2444
-2648
-2790
-2741
-2934
-2754
-2645
-2554
-2338
-2383
-2086
-1875
-1680
-1336
-1211
-846
-566
-337
-12
-27
22
-51
-108
135
188
402
383
251
310
129
240
80
-122
-91
-83
551
959
1208
1279
941
1029
907
920
1145
1181
1647
1778
1850
2038
1859
1971
1630
1165
924
511
685
550
328
147
-364
-342
-657
-982
-1346
-2067
-2219
-2552
-2620
-2545
-2722
-2441
-2489
-2378
-2186
-2208
-1802
-1702
-1355
-851
-459
322
684
1224
1772
2132
2744
2824
3064
3214
3241
3593
3551
3747
3689
3389
3274
2795
2641
2238
1649
1198
476
264
-42
-369
-618
-1179
-1333
-1696
-2046
-2315
-2741
-2725
-2877
-2868
-2703
-2646
-2313
-2300
-2194
-2019
-1915
-1555
-1426
-1167
-897
-657
-233
-41
171
228
212
279
174
160
34
-93
-184
-378
-390
-399
-311
-286
-506
-756
-1048
-1087
-1010
-971
-866
-650
14
884
1581
1878
1734
1644
1651
1699
1808
1955
2443
2906
3098
3056
2878
2879
2607
1962
1135
464
245
-2
-370
-822
-1091
-1146
-1407
-1842
-2417
-2859
-3245
-3721
-4022
-4078
-3766
-3395
-3157
-2841
-2453
-1929
-1552
-1358
-1028
-519
242
978
1648
2419
3187
3987
4519
4758
4820
4690
4588
4426
4343
4382
4358
4210
3768
3273
2820
2265
1495
492
-438
-1116
-1579
-1958
-2295
-2482
-2588
-2831
-3143
-3380
-3552
-3692
-3983
-4227
-3986
-3438
-2967
-2625
-2315
-1875
-1417
-1192
-1089
-869
-565
-300
-56
324
870
1286
1327
1086
907
902
821
426
-88
-316
-303
-269
-460
-626
-531
-500
-737
-1301
-1631
-1515
-1431
-1569
-1689
-954
517
1659
1945
1722
1898
2324
2207
1675
1452
2090
2880
2907
2624
2735
3293
3370
2376
1201
625
523
-43
-1246
-1913
-1734
-1235
-1170
-1722
-1927
-1799
-2079
-2885
-3780
-3968
-3621
-3426
-3402
-3105
-2102
-1005
-512
-372
-103
576
1110
1121
1187
1768
2858
3760
4144
4549
5109
5558
5360
4601
4101
3900
3614
2894
2047
1872
2077
1980
1259
262
-264
-635
-1382
-2388
-3137
-3161
-3060
-3317
-3549
-3301
-2610
-2361
-2774
-3128
-2987
-2576
-2571
-2817
-2705
-2038
-1264
-1042
-912
-508
-25
323
171
52
266
364
182
-165
-131
192
322
100
-261
-306
-281
-508
-892
-1125
-1081
-1085
-1257
-1366
-1175
-815
-500
-60
789
1895
2627
2718
2573
2624
2762
2660
2466
2593
3012
3172
2916
2704
2820
2913
2281
1167
281
-157
-560
-1515
-2456
-2765
-2487
-2202
-2412
-2580
-2488
-2450
-2847
-3620
-3972
-3819
-3556
-3477
-3381
-2636
-1459
-376
292
758
1491
2172
2491
2448
2500
3073
3732
4212
4549
4988
5630
5834
5463
4839
4281
3918
3201
2147
1224
641
391
-67
-726
-1174
-1405
-1543
-2009
-2681
-3118
-3378
-3568
-3913
-4115
-3839
-3362
-2930
-2771
-2556
-2102
-1735
-1593
-1720
-1693
-1383
-1064
-816
-672
-289
288
741
1022
1096
1179
1131
833
298
-326
-576
-673
-718
-737
-921
-860
-712
-775
-1016
-1389
-1570
-1641
-1749
-1867
-1645
-684
566
1603
2182
2565
3114
3405
3247
2853
2707
2983
2962
2527
2176
2340
2893
2897
2257
1615
1290
1031
107
-1247
-2165
-2512
-2591
-2919
-3170
-2791
-2298
-2101
-2527
-2927
-2780
-2675
-2807
-3340
-3459
-2864
-2117
-1398
-827
172
1444
2411
2889
3107
3513
3969
4064
3882
3877
4154
4589
4616
4494
4501
4495
4370
3607
2802
2096
1354
541
-574
-1376
-1853
-2144
-2441
-2795
-2855
-2709
-2643
-2827
-3063
-3135
-3098
-3173
-3362
-3387
-3124
-2698
-2373
-2106
-1666
-1076
-595
-365
-216
13
222
229
92
33
142
268
261
175
117
92
58
-23
-209
-554
-970
-1295
-1493
-1654
-1801
-1817
-1655
-1418
-1271
-1099
-501
532
1505
1961
2083
2306
2702
2864
2687
2540
2677
2991
2790
2356
2262
2561
2826
2190
1334
841
666
263
-915
-1868
-2204
-2167
-2290
-2788
-2783
-2326
-1953
-2065
-2594
-2642
-2323
-2203
-2394
-2713
-2372
-1628
-1124
-740
-251
831
2015
2585
2839
3088
3674
4161
4066
3897
3921
4269
4397
4029
3712
3585
3681
3381
2703
2114
1611
1196
292
-723
-1373
-1800
-2049
-2666
-3113
-3001
-2746
-2458
-2588
-2613
-2285
-2131
-2127
-2423
-2516
-2264
-2174
-2127
-2105
-1803
-1248
-903
-561
-186
239
562
383
170
116
164
188
-229
-591
-714
-720
-637
-768
-901
-974
-1160
-1324
-1457
-1684
-1899
-2155
-2278
-2092
-1967
-1645
-971
28
1268
2039
2490
2906
3240
3562
3500
3362
3417
3226
2893
2350
2160
2534
2505
2181
1517
1116
1227
644
-188
-1158
-1816
-1829
-2419
-2847
-2969
-2927
-2526
-2860
-3000
-2770
-2642
-2335
-2639
-2598
-2139
-1843
-1325
-1240
-699
286
1005
1910
2301
2938
3864
4270
4826
4880
4986
5327
4996
4769
4193
3713
3640
3087
2708
2174
1703
1473
741
133
-495
-1050
-1507
-2401
-3010
-3346
-3392
-3307
-3594
-3471
-3102
-2666
-2429
-2747
-2638
-2407
-2189
-2137
-2492
-2309
-2066
-1693
-1201
-893
-167
242
455
593
495
789
712
434
126
-334
-196
-315
-557
-786
-1294
-1104
-1170
-1368
-1418
-1832
-1508
-1426
-1508
-1110
-827
305
1168
1445
1950
2153
2886
3202
2906
3159
3334
3734
3391
2459
2442
2406
2360
1575
445
519
431
104
-706
-1671
-1402
-1458
-1927
-2458
-2940
-2436
-2445
-2982
-3196
-3210
-2586
-2491
-2783
-2521
-2040
-1228
-909
-832
-138
702
1680
2161
2350
3072
3763
4479
4771
4704
5037
5179
5241
4957
4351
4147
3825
3383
2680
1838
1431
922
220
-590
-1246
-1434
-1814
-2465
-3092
-3361
-3162
-3178
-3405
-3435
-3111
-2641
-2633
-2845
-2720
-2296
-1965
-2042
-2139
-1849
-1419
-1182
-1100
-820
-278
120
141
69
259
636
728
340
-106
-237
-154
-277
-763
-1176
-1273
-1238
-1370
-1788
-1985
-1798
-1583
-1548
-1647
-1107
66
1075
1581
1688
2292
3153
3468
3299
3010
3418
3833
3447
2752
2262
2562
2588
1667
780
366
563
181
-1043
-1744
-1851
-1592
-1951
-2786
-2818
-2585
-2435
-2943
-3616
-3296
-2939
-2757
-2959
-3043
-2138
-1514
-1109
-818
-394
768
1412
1909
2448
2974
3967
4282
4472
4777
5090
5866
5794
5422
5037
4540
4564
3841
3015
2439
1724
1478
488
-525
-965
-1491
-1735
-2668
-3443
-3360
-3410
-3448
-3979
-4086
-3389
-3121
-3079
-3335
-3052
-2220
-2065
-2112
-2208
-1760
-1042
-1087
-1085
-807
-137
420
182
131
443
879
1028
595
373
361
336
35
-589
-920
-1091
-1167
-1536
-2090
-2147
-2071
-1778
-1833
-1892
-1126
-213
853
1240
1346
2085
2650
3074
2837
2618
3197
3375
3114
2439
2197
2742
2501
1703
840
610
954
197
-933
-1679
-1701
-1277
-1948
-2614
-2621
-2325
-2089
-2888
-3347
-3016
-2766
-2734
-3247
-3125
-2302
-1747
-1394
-1231
-442
727
1456
1871
2154
2930
3813
4236
4403
4514
5026
5460
5423
5155
4753
4637
4364
3679
2998
2364
2094
1579
651
-81
-611
-768
-1294
-2172
-2670
-2898
-2872
-3275
-3747
-3572
-3186
-2843
-3057
-3195
-2635
-2115
-1860
-2089
-2095
-1485
-1170
-1161
-1325
-1079
-367
-164
-236
-232
171
750
655
328
150
265
390
-84
-597
-846
-881
-936
-1459
-1874
-1876
-1643
-1431
-1564
-1433
-721
182
942
1283
1670
2413
3045
3230
3024
2995
3293
3366
2945
2404
2268
2424
2186
1399
727
619
633
92
-902
-1606
-1748
-1851
-2371
-2999
-3115
-2828
-2808
-3252
-3585
-3335
-2921
-2949
-3262
-3195
-2597
-1975
-1723
-1485
-762
247
1102
1538
1965
2789
3637
4197
4334
4468
4949
5359
5434
5145
4841
4789
4563
3967
3265
2702
2360
1759
803
-4
-515
-794
-1331
-2124
-2605
-2776
-2832
-3167
-3595
-3574
-3351
-3177
-3276
-3298
-2866
-2460
-2286
-2377
-2292
-1821
-1505
-1403
-1401
-1117
-603
-390
-347
-210
198
600
552
355
320
457
532
213
-172
-400
-507
-655
-1137
-1548
-1642
-1492
-1343
-1391
-1065
-230
725
1371
1645
2184
2989
3520
3534
3272
3345
3583
3327
2656
2069
2008
2005
1386
595
172
214
78
-692
-1393
-1622
-1562
-1834
-2516
-2765
-2607
-2562
-3009
-3608
-3594
-3340
-3299
-3516
-3563
-2992
-2342
-1939
-1649
-1069
-89
743
1298
1836
2598
3486
4081
4363
4622
5000
5376
5417
5174
4937
4760
4537
4059
3450
2961
2562
2115
1427
674
124
-305
-774
-1408
-1992
-2302
-2510
-2774
-3144
-3351
-3253
-3196
-3265
-3284
-3070
-2683
-2517
-2532
-2459
-2144
-1746
-1605
-1594
-1397
-967
-611
-500
-475
-216
229
411
291
155
302
478
272
-146
-431
-424
-515
-946
-1333
-1257
-891
-729
-728
-311
683
1648
2105
2274
2797
3626
4068
3919
3638
3770
3916
3467
2648
2076
1951
1587
687
-158
-415
-327
-710
-1529
-2006
-1938
-1871
-2355
-3012
-3152
-2995
-3151
-3771
-4218
-4007
-3682
-3741
-3977
-3801
-3093
-2439
-2070
-1622
-741
356
1156
1684
2380
3359
4219
4650
4852
5177
5592
5749
5505
5108
4873
4742
4392
3740
3055
2580
2204
1660
907
182
-338
-765
-1317
-1964
-2453
-2689
-2870
-3181
-3504
-3585
-3444
-3367
-3476
-3540
-3329
-2995
-2865
-2919
-2783
-2316
-1859
-1727
-1699
-1382
-836
-495
-461
-392
-47
315
353
216
261
419
323
-98
-433
-467
-518
-808
-1085
-986
-569
-247
-38
564
1649
2630
3093
3351
3873
4488
4687
4456
4250
4216
3929
3189
2455
2121
1863
1127
65
-567
-612
-793
-1508
-2238
-2346
-2052
-2146
-2755
-3177
-3089
-3037
-3520
-4198
-4413
-4196
-4138
-4396
-4434
-3870
-3099
-2656
-2325
-1499
-186
937
1522
2051
3026
4158
4817
4960
5101
5499
5801
5636
5159
4774
4571
4294
3786
3219
2808
2498
2073
1471
837
307
-173
-756
-1442
-2034
-2387
-2649
-3051
-3502
-3706
-3611
-3488
-3552
-3649
-3513
-3169
-2921
-2901
-2886
-2641
-2263
-2005
-1904
-1768
-1501
-1224
-1044
-864
-554
-227
-112
-181
-161
8
60
-175
-447
-518
-543
-774
-1027
-938
-584
-305
-96
489
1544
2547
3114
3524
4238
5039
5372
5200
5061
5226
5077
4263
3301
2791
2638
1988
710
-237
-409
-497
-1241
-2213
-2508
-2211
-2257
-2955
-3447
-3189
-2870
-3331
-4232
-4573
-4244
-4095
-4562
-4976
-4616
-3811
-3352
-3197
-2552
-1205
78
742
1262
2288
3606
4506
4839
5141
5734
6268
6303
5944
5607
5390
5042
4440
3773
3228
2776
2283
1671
979
345
-107
-451
-912
-1525
-2016
-2234
-2416
-2808
-3251
-3408
-3316
-3375
-3713
-3930
-3697
-3334
-3333
-3526
-3358
-2804
-2417
-2443
-2461
-2065
-1509
-1301
-1377
-1213
-738
-417
-458
-506
-302
-121
-274
-586
-709
-701
-843
-1048
-951
-545
-167
181
915
2089
3146
3737
4266
5142
5976
6164
5916
5904
6071
5659
4534
3549
3226
2838
1608
97
-567
-498
-894
-2074
-2901
-2670
-2258
-2707
-3579
-3689
-3119
-3146
-4107
-4890
-4735
-4351
-4727
-5490
-5473
-4626
-4006
-3966
-3619
-2314
-722
195
684
1700
3308
4578
5011
5207
5780
6411
6485
6067
5690
5471
5075
4389
3724
3268
2840
2267
1680
1242
885
484
70
-287
-646
-1047
-1381
-1611
-1896
-2339
-2734
-2871
-2910
-3135
-3445
-3487
-3254
-3147
-3294
-3303
-2894
-2400
-2277
-2364
-2157
-1645
-1336
-1441
-1537
-1262
-943
-1009
-1252
-1220
-972
-969
-1344
-1631
-1482
-1266
-1405
-1580
-1287
-640
-107
264
958
2141
3248
3836
4298
5129
6077
6518
6440
6364
6432
6204
5479
4668
4094
3439
2330
1075
240
-246
-962
-2020
-2821
-3019
-3084
-3518
-4021
-4063
-3843
-3961
-4445
-4752
-4690
-4676
-4997
-5295
-5116
-4657
-4399
-4224
-3586
-2420
-1343
-642
208
1562
2995
3970
4508
5136
6032
6661
6689
6474
6350
6146
5585
4845
4300
3846
3108
2168
1474
1165
834
174
-510
-817
-863
-1057
-1466
-1802
-1932
-2069
-2373
-2729
-2946
-3067
-3272
-3532
-3638
-3557
-3457
-3415
-3297
-3038
-2767
-2582
-2402
-2128
-1792
-1503
-1335
-1237
-1142
-1050
-970
-929
-1005
-1181
-1331
-1404
-1508
-1649
-1657
-1461
-1120
-665
-56
869
2021
3007
3759
4564
5511
6320
6670
6708
6847
6956
6572
5764
5029
4519
3805
2590
1319
536
41
-802
-1980
-2769
-2831
-2796
-3284
-3917
-4004
-3694
-3796
-4452
-4940
-4857
-4776
-5196
-5704
-5646
-5054
-4712
-4614
-4116
-2949
-1609
-856
-160
1075
2659
3865
4334
4908
5882
6755
6992
6687
6559
6527
6165
5449
4656
4121
3532
2623
1706
1082
804
308
-425
-948
-1306
-1364
-1607
-1936
-2002
-2136
-2243
-2453
-2617
-2718
-2875
-2995
-3163
-3217
-3236
-3210
-3149
-3097
-2996
-2856
-2653
-2461
-2279
-2088
-1825
-1558
-1419
-1390
-1323
-1202
-1195
-1406
-1635
-1616
-1614
-1758
-1869
-1691
-1166
-787
-394
428
1630
2893
3636
4271
5268
6316
7009
7021
7036
7293
7183
6560
5628
5104
4603
3385
1947
908
539
-77
-1442
-2520
-2824
-2673
-3045
-3995
-4340
-4089
-3954
-4552
-5371
-5352
-5107
-5341
-5961
-6118
-5467
-5068
-4990
-4664
-3574
-2111
-1289
-606
592
2337
3822
4458
5122
6056
6946
7391
7178
7020
6890
6471
5819
4956
4379
3748
2805
2015
1310
875
422
-228
-693
-1070
-1294
-1491
-1747
-1953
-2257
-2490
-2554
-2656
-2960
-3319
-3434
-3364
-3437
-3676
-3656
-3335
-3025
-2952
-2926
-2532
-2113
-1913
-1901
-1735
-1223
-1081
-1280
-1492
-1352
-1057
-1383
-1768
-1896
-1774
-1685
-1977
-1739
-1221
-693
-51
641
2037
3209
3909
4661
5517
6761
7274
7140
7233
7422
7489
6649
5581
5190
4700
3703
2191
1172
989
245
-950
-2068
-2337
-2119
-2843
-3664
-4081
-3819
-3800
-4863
-5498
-5561
-5316
-5670
-6575
-6473
-5872
-5379
-5308
-5092
-3711
-2307
-1495
-756
399
2337
3658
4213
4969
5902
7018
7188
6905
6922
6736
6475
5570
4832
4396
3614
2828
1790
1182
798
157
-342
-909
-1140
-1305
-1640
-1796
-2157
-2398
-2514
-2628
-2676
-3090
-3373
-3404
-3405
-3416
-3672
-3598
-3186
-2933
-2865
-2832
-2407
-1916
-1827
-1851
-1668
-1264
-1138
-1465
-1726
-1640
-1520
-1796
-2293
-2460
-2211
-2151
-2274
-2166
-1649
-764
-105
745
1888
2902
3991
4706
5589
6566
6967
7331
7268
7314
7267
6556
6133
5432
4725
3826
2629
2155
1352
476
-473
-1333
-1362
-1913
-2563
-3064
-3397
-3263
-3970
-4736
-5033
-5218
-5202
-5965
-6390
-6125
-5943
-5581
-5605
-4857
-3593
-2767
-1800
-1019
565
2172
3041
4027
4785
5972
6769
6843
7034
6835
6837
6441
5641
5156
4377
3807
2938
1965
1467
812
399
-178
-783
-988
-1286
-1431
-1729
-2164
-2249
-2330
-2446
-2797
-3307
-3379
-3440
-3627
-3912
-4103
-3785
-3572
-3546
-3488
-3236
-2631
-2294
-2249
-2047
-1681
-1251
-1237
-1557
-1543
-1453
-1532
-1928
-2449
-2426
-2378
-2389
-2392
-2249
-1423
-544
399
1328
2183
3444
4485
5407
6151
6614
7254
7394
7256
6957
6469
6223
5472
4465
3487
2660
2273
1369
282
-506
-841
-795
-1411
-2056
-2280
-2272
-2380
-3292
-3956
-4136
-4316
-4757
-5723
-6037
-5892
-5865
-5910
-5952
-5028
-3910
-3186
-2421
-1340
554
2092
2962
3858
4905
6207
6760
6667
6657
6627
6553
5843
4980
4471
3864
3220
2245
1503
1199
767
360
-244
-449
-401
-643
-870
-1301
-1388
-1400
-1713
-2082
-2693
-2991
-3171
-3463
-3667
-3964
-3929
-3708
-3652
-3512
-3324
-2848
-2346
-2127
-1799
-1558
-1242
-1062
-1204
-1297
-1551
-1691
-2005
-2524
-2848
-3066
-2981
-2909
-2813
-2393
-1530
-258
905
1802
2757
4041
5341
6186
6587
6965
7427
7496
6964
6264
5890
5564
4662
3311
2326
1988
1581
586
-418
-643
-396
-625
-1394
-1808
-1521
-1391
-2156
-3265
-3736
-3689
-4107
-5195
-6016
-5971
-5711
-5960
-6245
-5628
-4277
-3248
-2783
-1954
-215
1658
2721
3230
4107
5398
6223
6153
5798
5814
5879
5353
4379
3639
3282
2865
2073
1218
817
700
495
75
-266
-199
-126
-309
-672
-990
-993
-1118
-1548
-2176
-2744
-2882
-3014
-3325
-3704
-3857
-3525
-3273
-3206
-3135
-2783
-2165
-1911
-1926
-1840
-1491
-1172
-1412
-1859
-2013
-1946
-2124
-2841
-3376
-3256
-2931
-2916
-3085
-2560
-1237
43
866
1550
2783
4353
5369
5838
6235
6995
7529
7144
6501
6151
6169
5639
4314
3243
2713
2483
1614
379
-178
-170
-159
-817
-1471
-1384
-1164
-1460
-2393
-3070
-3101
-3327
-4049
-4914
-5225
-5042
-5228
-5524
-5428
-4636
-3596
-3043
-2390
-1316
207
1616
2370
3160
4066
5041
5656
5610
5613
5511
5341
4919
4094
3506
2888
2358
1771
1022
709
474
262
-107
-551
-524
-470
-547
-892
-1243
-1142
-1112
-1364
-1938
-2383
-2398
-2522
-2742
-3051
-3077
-2773
-2721
-2738
-2689
-2315
-1795
-1749
-1767
-1665
-1434
-1203
-1517
-1798
-1970
-2172
-2406
-3056
-3372
-3444
-3398
-3252
-3334
-2825
-1931
-757
435
1247
2327
3493
4702
5686
6150
6688
7100
7166
6850
6179
5777
5343
4485
3347
2228
1793
1419
579
-371
-908
-683
-724
-1268
-1677
-1636
-1361
-1869
-2776
-3249
-3297
-3440
-4391
-5184
-5201
-4945
-4912
-5265
-4876
-3789
-2790
-2145
-1485
51
1782
2872
3414
4105
5255
6090
6082
5723
5620
5603
5148
4105
3288
2814
2286
1508
581
251
115
-140
-538
-901
-705
-553
-583
-759
-950
-842
-965
-1229
-1647
-2127
-2327
-2581
-2739
-2967
-3116
-2917
-2784
-2618
-2547
-2291
-1733
-1406
-1212
-1166
-966
-642
-781
-1128
-1464
-1647
-1826
-2532
-3158
-3372
-3310
-3213
-3433
-3093
-2034
-793
259
978
2205
3720
4877
5587
6035
6813
7336
7126
6550
5993
5747
5078
3797
2598
1780
1315
471
-588
-1088
-1141
-1070
-1423
-1747
-1520
-1283
-1362
-1931
-2382
-2431
-2756
-3408
-4209
-4642
-4733
-5081
-5361
-5246
-4589
-3751
-3164
-2312
-1019
543
1925
2902
3960
5064
5945
6357
6330
6300
6134
5626
4805
3854
3095
2308
1399
585
-46
-393
-734
-1095
-1255
-1260
-1075
-976
-983
-915
-891
-880
-1039
-1449
-1853
-2177
-2350
-2527
-2906
-3172
-3211
-3046
-2822
-2774
-2466
-1891
-1335
-940
-812
-459
-103
-60
-250
-641
-694
-902
-1604
-2285
-2743
-2673
-2826
-3219
-3045
-2326
-1052
-180
442
1637
3032
4472
5148
5579
6470
6977
7084
6437
5841
5742
4950
3798
2442
1664
1432
372
-774
-1567
-1484
-1093
-1672
-2091
-2017
-1424
-1172
-1987
-2400
-2424
-2395
-2952
-4140
-4480
-4476
-4623
-5057
-5376
-4513
-3630
-3156
-2625
-1519
584
2029
2774
3643
4869
6389
6722
6443
6408
6480
6476
5414
4236
3482
2706
1893
670
21
-130
-574
-1083
-1616
-1398
-933
-1026
-1164
-1256
-852
-563
-949
-1357
-1760
-1877
-2115
-2673
-2935
-3135
-3152
-3200
-3261
-2944
-2656
-2249
-1813
-1443
-980
-725
-450
-237
-276
-412
-722
-1023
-1417
-1988
-2454
-2727
-2861
-3031
-3093
-2597
-1505
-350
477
1262
2476
3975
5089
5726
6290
6903
7234
6862
6207
5720
5174
4214
2789
1682
1112
390
-679
-1820
-2275
-2156
-2282
-2595
-2750
-2345
-1987
-2355
-2868
-3047
-2851
-3062
-3905
-4521
-4669
-4613
-4954
-5343
-4957
-4077
-3226
-2704
-1838
-147
1617
2919
3719
4779
6230
7176
7367
7057
6941
6876
6178
5079
3921
3105
2289
1138
151
-505
-815
-1273
-1897
-2034
-1742
-1305
-1241
-1443
-1289
-922
-711
-1036
-1652
-1986
-2145
-2386
-2846
-3299
-3389
-3257
-3157
-3113
-2871
-2316
-1744
-1386
-1120
-670
-122
175
38
-194
-270
-456
-1013
-1863
-2384
-2466
-2615
-3027
-3406
-2910
-1687
-508
349
1158
2560
4187
5414
6206
6894
7716
8045
7647
7051
6636
6205
5058
3444
2180
1442
753
-549
-1853
-2380
-2356
-2389
-2962
-3221
-2811
-2388
-2466
-3160
-3416
-3264
-3452
-4139
-5027
-5214
-5218
-5606
-5984
-5826
-4787
-3878
-3337
-2415
-800
1286
2739
3693
4863
6253
7500
7807
7671
7624
7476
6976
5733
4508
3604
2691
1641
347
-445
-827
-1246
-1688
-2077
-1821
-1405
-1305
-1392
-1478
-1065
-817
-1061
-1556
-2096
-2220
-2501
-2968
-3395
-3671
-3556
-3529
-3499
-3263
-2720
-1975
-1473
-1160
-745
-138
323
354
118
-76
-218
-650
-1399
-2112
-2466
-2621
-2980
-3361
-3177
-2259
-1168
-277
624
1926
3540
4837
5850
6699
7567
8209
8073
7675
7206
6829
6065
4592
3248
2182
1409
383
-951
-1750
-2124
-2255
-2570
-2966
-2768
-2492
-2478
-2841
-3338
-3319
-3426
-3943
-4650
-5317
-5443
-5637
-5995
-6023
-5650
-4749
-3971
-3284
-2078
-481
1360
2754
3825
5086
6324
7362
7630
7511
7451
7208
6682
5551
4420
3574
2685
1725
553
-161
-470
-869
-1273
-1631
-1423
-1102
-1110
-1215
-1290
-953
-839
-1202
-1699
-2140
-2235
-2573
-3216
-3670
-3861
-3669
-3648
-3802
-3527
-3031
-2334
-1970
-1812
-1242
-737
-307
-374
-591
-505
-741
-1112
-1829
-2328
-2407
-2695
-2944
-3179
-2793
-1717
-677
343
1294
2571
4177
5412
6392
7164
7902
8496
8358
7896
7316
6750
5950
4498
3116
2013
1158
124
-1210
-2004
-2333
-2464
-2834
-3313
-3151
-2806
-2748
-3260
-3819
-3743
-3772
-4247
-5121
-5710
-5696
-5880
-6184
-6293
-5716
-4659
-3993
-3278
-2080
-233
1629
2739
3820
5199
6695
7642
7656
7635
7728
7598
6843
5546
4593
3882
2948
1714
512
-34
-338
-855
-1356
-1563
-1217
-965
-1107
-1189
-1048
-636
-617
-1063
-1434
-1690
-1826
-2329
-2984
-3284
-3373
-3364
-3584
-3718
-3369
-2920
-2491
-2245
-1920
-1257
-803
-540
-520
-542
-417
-687
-1101
-1652
-2091
-2230
-2577
-2815
-2965
-2675
-1790
-905
167
1193
2481
4058
5316
6486
7307
8095
8746
8682
8416
7824
7303
6567
5112
3780
2477
1528
494
-978
-1851
-2420
-2578
-2907
-3550
-3456
-3293
-3153
-3541
-4171
-4020
-4091
-4426
-5210
-5889
-5731
-5969
-6270
-6450
-6051
-4873
-4304
-3624
-2506
-779
1290
2358
3480
4849
6335
7480
7389
7446
7551
7433
6804
5368
4575
3889
2980
1806
462
129
-193
-751
-1282
-1568
-961
-801
-1036
-1135
-997
-364
-542
-1072
-1455
-1754
-1790
-2502
-3110
-3363
-3524
-3465
-3846
-3776
-3359
-2989
-2554
-2471
-1951
-1352
-989
-699
-823
-761
-847
-1193
-1561
-2194
-2491
-2723
-2975
-3053
-3111
-2510
-1580
-513
663
1710
3189
4681
6001
7116
7861
8677
9016
8876
8506
7948
7464
6374
4894
3539
2413
1578
306
-985
-1735
-2074
-2229
-2852
-3277
-3120
-2908
-3019
-3758
-4170
-4109
-4305
-4917
-5867
-6196
-6107
-6334
-6616
-6644
-5788
-4760
-4173
-3329
-1922
150
1803
2767
3949
5400
6861
7404
7316
7443
7495
7235
6152
5017
4379
3608
2648
1299
493
280
-206
-717
-1277
-1135
-733
-860
-976
-1088
-731
-494
-897
-1300
-1730
-1889
-2233
-2960
-3410
-3727
-3759
-3843
-4034
-3803
-3519
-3043
-2695
-2450
-1921
-1548
-1125
-1065
-1225
-1235
-1478
-1672
-2239
-2799
-2997
-3193
-3196
-3346
-3131
-2209
-1102
68
1036
2271
3992
5479
6618
7399
8225
9120
9279
8878
8265
7849
7331
5998
4510
3331
2580
1624
129
-944
-1405
-1521
-1983
-2755
-2888
-2659
-2616
-3234
-3973
-3978
-3953
-4448
-5499
-6225
-6117
-6196
-6675
-7084
-6587
-5381
-4677
-4158
-3127
-1251
654
1687
2682
4128
5810
6767
6719
6782
7083
7199
6473
5253
4594
4114
3306
2026
910
647
410
-159
-716
-883
-429
-351
-615
-685
-549
-199
-505
-989
-1190
-1406
-1686
-2492
-2993
-3120
-3298
-3426
-3720
-3592
-3287
-3069
-2707
-2439
-1939
-1541
-1401
-1205
-1179
-1150
-1401
-1820
-2084
-2507
-2882
-3283
-3502
-3374
-3276
-2926
-2237
-1113
262
1406
2713
4213
5733
7034
7832
8642
9322
9606
9365
8659
8123
7423
6336
4924
3514
2632
1748
620
-537
-1260
-1430
-1801
-2416
-2842
-2819
-2706
-3197
-3966
-4397
-4474
-4816
-5755
-6508
-6665
-6629
-6855
-7188
-6820
-5804
-4760
-3979
-3044
-1358
550
1988
3006
4161
5641
6639
6875
6806
6882
6915
6239
5135
4229
3612
2938
1812
773
283
36
-288
-797
-980
-712
-541
-601
-773
-710
-490
-605
-965
-1377
-1650
-1908
-2420
-2902
-3219
-3369
-3443
-3589
-3531
-3296
-3003
-2646
-2354
-1984
-1662
-1466
-1271
-1256
-1409
-1695
-2029
-2316
-2817
-3354
-3682
-3790
-3696
-3590
-3207
-2340
-1103
246
1432
2799
4453
6031
7210
7940
8746
9488
9687
9269
8548
8115
7482
6250
4740
3445
2711
1755
453
-641
-1204
-1300
-1838
-2533
-2766
-2627
-2540
-3243
-3915
-4075
-4187
-4661
-5736
-6249
-6177
-6261
-6627
-6994
-6299
-5189
-4440
-3768
-2729
-803
881
1922
2975
4314
5890
6556
6562
6716
6936
6933
6015
4946
4295
3687
2856
1587
760
458
97
-458
-1032
-918
-591
-593
-806
-912
-531
-415
-695
-1050
-1276
-1318
-1818
-2429
-2788
-2954
-3043
-3441
-3591
-3396
-3170
-2942
-2836
-2397
-1939
-1754
-1627
-1566
-1291
-1342
-1766
-2142
-2486
-2647
-3163
-3651
-3747
-3673
-3421
-3251
-2507
-1264
19
1264
2423
4055
5643
6824
7691
8359
9185
9395
9014
8462
7855
7331
6141
4733
3599
2559
1672
363
-664
-1130
-1543
-1925
-2599
-2728
-2511
-2684
-3066
-3670
-3755
-3884
-4555
-5252
-5844
-5842
-6038
-6528
-6526
-6040
-5006
-4337
-3701
-2401
-792
908
1992
3163
4706
5938
6679
6686
6883
7149
6811
5998
4869
4232
3568
2482
1406
493
160
-320
-930
-1210
-1212
-874
-953
-1112
-986
-769
-501
-777
-1037
-1201
-1497
-1839
-2465
-2717
-2848
-3072
-3299
-3603
-3365
-3074
-2825
-2558
-2395
-1910
-1636
-1447
-1349
-1479
-1469
-1766
-2087
-2442
-2890
-3054
-3342
-3420
-3376
-3137
-2303
-1351
-114
1047
2275
3845
5199
6520
7461
8319
9081
9174
9031
8512
8052
7373
6050
4766
3497
2613
1588
227
-678
-1339
-1597
-2089
-2673
-2689
-2670
-2647
-3181
-3717
-3766
-3975
-4369
-5162
-5671
-5735
-6039
-6380
-6523
-6009
-5052
-4429
-3738
-2594
-910
860
2011
3161
4535
5903
6764
6837
6953
7051
6832
6050
4906
4144
3357
2337
1133
111
-273
-718
-1262
-1719
-1785
-1346
-1238
-1299
-1295
-1021
-598
-679
-967
-1278
-1483
-1729
-2202
-2590
-2796
-2902
-3069
-3217
-3161
-2894
-2608
-2355
-2008
-1607
-1278
-1102
-1013
-993
-1133
-1419
-1774
-2176
-2664
-3146
-3436
-3509
-3533
-3479
-3019
-1978
-648
567
1677
3009
4633
6148
7215
7989
8764
9329
9268
8696
8176
7741
6819
5278
3811
2921
2174
942
-505
-1312
-1388
-1571
-2299
-2890
-2671
-2226
-2515
-3366
-3819
-3698
-3842
-4738
-5623
-5737
-5620
-5987
-6592
-6365
-5194
-4286
-3898
-3206
-1475
678
1948
2707
3928
5640
6904
6985
6770
6979
7115
6480
5159
4152
3577
2661
1274
122
-285
-474
-1096
-1831
-1897
-1323
-946
-1167
-1393
-1056
-549
-515
-906
-1209
-1281
-1530
-2123
-2639
-2765
-2806
-3089
-3352
-3200
-2767
-2464
-2325
-2034
-1506
-1080
-999
-1053
-975
-937
-1232
-1803
-2372
-2849
-3320
-3771
-4036
-4070
-3987
-3735
-3010
-1735
-294
962
2156
3626
5318
6762
7678
8310
8894
9203
8958
8398
7819
7071
5914
4499
3279
2380
1482
311
-791
-1360
-1526
-1839
-2434
-2714
-2588
-2469
-2897
-3604
-3900
-4057
-4459
-5307
-5947
-6099
-6276
-6544
-6685
-6090
-5139
-4414
-3722
-2538
-625
1072
2201
3227
4629
6181
6923
6981
6945
7066
7010
6171
5108
4273
3546
2593
1317
474
90
-341
-1004
-1572
-1432
-1036
-982
-1253
-1380
-1007
-731
-876
-1274
-1530
-1567
-1871
-2374
-2785
-2888
-2886
-3115
-3270
-3125
-2713
-2373
-2229
-1922
-1441
-1020
-941
-1082
-1070
-1047
-1246
-1758
-2350
-2719
-2995
-3263
-3540
-3637
-3402
-2950
-2146
-1037
205
1456
2705
4145
5576
6775
7652
8219
8652
8787
8560
8085
7407
6515
5337
4097
3024
1990
872
-287
-1122
-1506
-1878
-2420
-2877
-2903
-2733
-2929
-3419
-3815
-3925
-4133
-4770
-5441
-5751
-5846
-6150
-6497
-6293
-5533
-4757
-4172
-3287
-1761
-32
1315
2377
3670
5178
6288
6711
6872
7157
7265
6735
5777
4962
4316
3384
2134
1117
576
89
-684
-1380
-1521
-1292
-1266
-1527
-1609
-1264
-878
-871
-1098
-1189
-1186
-1425
-1916
-2273
-2362
-2488
-2834
-3122
-3054
-2788
-2646
-2596
-2329
-1827
-1431
-1329
-1296
-1111
-947
-1124
-1592
-2019
-2279
-2582
-3046
-3447
-3539
-3407
-3234
-2867
-1979
-659
597
1621
2820
4437
6038
7103
7740
8393
9024
9141
8630
7991
7490
6729
5387
3912
2880
2090
963
-387
-1247
-1472
-1734
-2421
-2992
-2909
-2605
-2867
-3602
-4010
-3910
-4037
-4806
-5611
-5796
-5706
-6010
-6450
-6203
-5238
-4392
-3964
-3171
-1488
403
1641
2491
3810
5509
6595
6789
6843
7227
7411
6770
5673
4888
4303
3341
2064
1022
462
6
-741
-1424
-1521
-1253
-1206
-1488
-1609
-1281
-913
-962
-1293
-1508
-1550
-1725
-2132
-2527
-2728
-2842
-3031
-3248
-3302
-3134
-2882
-2671
-2467
-2194
-1879
-1615
-1476
-1434
-1449
-1538
-1780
-2199
-2659
-2955
-3061
-3159
-3353
-3411
-2981
-2033
-927
68
1118
2485
4068
5457
6505
7464
8402
8995
8987
8668
8395
7997
7023
5595
4348
3459
2561
1167
-194
-933
-1223
-1674
-2563
-2971
-2727
-2463
-2856
-3638
-3825
-3724
-4003
-4914
-5620
-5601
-5654
-6167
-6720
-6382
-5438
-4846
-4526
-3738
-1987
-154
987
1969
3388
5141
6242
6534
6820
7289
7523
6919
5894
5189
4585
3651
2281
1197
733
238
-567
-1386
-1556
-1234
-1190
-1418
-1555
-1237
-840
-891
-1097
-1254
-1252
-1458
-1950
-2317
-2518
-2563
-2879
-3251
-3314
-3131
-2863
-2858
-2681
-2264
-1809
-1556
-1586
-1429
-1197
-1154
-1491
-1939
-2182
-2383
-2743
-3181
-3369
-3257
-2977
-2580
-1796
-543
810
1943
3096
4566
6132
7342
7984
8617
9172
9322
8957
8201
7668
6839
5545
4106
2836
2064
996
-291
-1244
-1713
-1874
-2493
-2992
-2978
-2751
-2808
-3514
-3910
-3978
-4075
-4658
-5558
-5762
-5840
-6045
-6396
-6350
-5442
-4744
-4137
-3306
-1861
28
1239
2305
3548
5015
6205
6524
6790
7007
7048
6481
5435
4703
3958
3074
1872
854
331
-258
-840
-1414
-1536
-1298
-1315
-1351
-1336
-1007
-646
-738
-883
-1090
-1201
-1397
-1899
-2212
-2539
-2736
-3040
-3377
-3331
-3291
-3079
-3004
-2735
-2252
-1951
-1636
-1627
-1458
-1378
-1537
-1789
-2209
-2389
-2759
-3095
-3260
-3313
-3080
-2812
-2041
-847
416
1666
2728
4184
5819
7054
7883
8412
9158
9532
9147
8540
7922
7402
6214
4639
3438
2573
1732
190
-1066
-1497
-1584
-2048
-3006
-3083
-2607
-2499
-3263
-4064
-3878
-3783
-4406
-5473
-5837
-5478
-5743
-6397
-6536
-5535
-4400
-4241
-3901
-2473
-320
1093
1496
2505
4369
5955
6254
6026
6507
7177
6902
5683
4730
4496
4008
2587
1133
630
586
-35
-1112
-1522
-1059
-692
-1103
-1589
-1251
-499
-439
-985
-1186
-931
-814
-1475
-2184
-2291
-2160
-2381
-3200
-3419
-2982
-2756
-2978
-3325
-2824
-2064
-1921
-2276
-2451
-1770
-1401
-1986
-2712
-2824
-2409
-2741
-3622
-3922
-3446
-2831
-2969
-2829
-1491
286
1472
1898
3149
5312
6856
7280
7424
8606
9743
9409
8290
7682
7891
7205
5196
3462
2891
2576
981
-1085
-1810
-1446
-1691
-3114
-3938
-3215
-2564
-3324
-4603
-4580
-3701
-3923
-5288
-6102
-5449
-4934
-5794
-6651
-5989
-4379
-3830
-4110
-3356
-1303
552
1037
1542
3226
5137
5935
5666
5995
6972
7219
6307
5162
4943
4818
3786
2326
1433
1348
896
-145
-905
-829
-429
-656
-1123
-1157
-657
-342
-659
-907
-839
-686
-959
-1725
-2046
-1926
-2072
-2612
-3102
-3100
-2956
-3039
-3270
-3224
-2740
-2479
-2553
-2624
-2297
-1835
-2012
-2415
-2568
-2381
-2456
-3060
-3401
-3231
-2780
-2681
-2651
-1881
-495
894
1750
2735
4278
5846
6907
7450
8186
9007
9235
8785
8140
7857
7354
6052
4518
3416
2736
1608
16
-1105
-1548
-1823
-2595
-3373
-3487
-3245
-3240
-3761
-4087
-4060
-4156
-4622
-5268
-5409
-5412
-5708
-6099
-6092
-5302
-4607
-4285
-3745
-2571
-932
221
1105
2300
3778
5078
5611
5952
6428
6781
6603
5924
5367
4863
4127
3062
2051
1434
896
164
-537
-747
-610
-615
-848
-906
-620
-338
-363
-556
-566
-464
-645
-1154
-1623
-1828
-2005
-2400
-2869
-3116
-3123
-3144
-3254
-3224
-2926
-2615
-2552
-2574
-2366
-2056
-2043
-2361
-2599
-2547
-2520
-2863
-3337
-3427
-3100
-2843
-2810
-2468
-1391
35
1207
2194
3481
5037
6309
7126
7909
8823
9357
9123
8552
8254
7997
7062
5479
4112
3368
2581
1138
-436
-1249
-1448
-1936
-2875
-3444
-3248
-3000
-3375
-3953
-4038
-3875
-4211
-4959
-5321
-5160
-5236
-5866
-6265
-5751
-4845
-4414
-4266
-3488
-1967
-571
241
1060
2447
3976
4912
5323
5822
6481
6724
6302
5710
5375
4984
4120
3058
2325
1874
1234
345
-313
-426
-338
-534
-885
-895
-532
-267
-375
-578
-548
-383
-478
-933
-1390
-1594
-1759
-2137
-2606
-2886
-2961
-3060
-3273
-3369
-3166
-2893
-2823
-2844
-2673
-2351
-2204
-2377
-2590
-2537
-2371
-2527
-2970
-3183
-2953
-2656
-2588
-2460
-1820
-724
358
1234
2219
3519
4820
5782
6542
7399
8168
8415
8145
7855
7738
7348
6293
4943
3925
3202
2162
683
-584
-1176
-1548
-2313
-3211
-3545
-3342
-3302
-3692
-4030
-3954
-3840
-4150
-4638
-4757
-4618
-4820
-5342
-5470
-4940
-4354
-4181
-4004
-3166
-1825
-738
-59
834
2228
3557
4306
4771
5455
6184
6413
6099
5738
5548
5176
4359
3439
2830
2356
1606
700
166
110
35
-351
-686
-596
-296
-238
-432
-536
-446
-450
-731
-1137
-1447
-1710
-2088
-2548
-2907
-3137
-3365
-3602
-3680
-3540
-3363
-3300
-3219
-2929
-2526
-2275
-2245
-2238
-2110
-1996
-2076
-2280
-2418
-2444
-2443
-2382
-2169
-1834
-1415
-784
157
1249
2252
3167
4213
5417
6442
7035
7392
7753
7975
7798
7306
6723
6043
5099
3930
2823
1881
895
-243
-1254
-1822
-2155
-2650
-3227
-3461
-3248
-3113
-3371
-3735
-3825
-3650
-3792
-4275
-4551
-4549
-4587
-4878
-5016
-4681
-4141
-3799
-3472
-2628
-1397
-293
486
1386
2708
3986
4740
5086
5564
6164
6353
5970
5444
5118
4735
3998
3096
2395
1863
1244
552
98
-2
-44
-285
-534
-469
-179
-77
-270
-453
-433
-440
-756
-1309
-1775
-2079
-2429
-2929
-3388
-3616
-3693
-3782
-3854
-3743
-3448
-3137
-2885
-2579
-2151
-1751
-1560
-1498
-1375
-1209
-1188
-1349
-1527
-1599
-1604
-1613
-1594
-1444
-1089
-530
199
1039
1894
2753
3681
4642
5467
6069
6526
6882
7010
6800
6371
5899
5315
4421
3321
2364
1605
701
-427
-1348
-1788
-2087
-2627
-3164
-3224
-2934
-2892
-3223
-3410
-3190
-3022
-3326
-3783
-3869
-3750
-3970
-4447
-4522
-4042
-3605
-3543
-3323
-2430
-1241
-429
106
1030
2414
3538
4056
4491
5256
5927
5957
5550
5290
5211
4806
3920
3074
2630
2214
1433
612
289
321
155
-280
-499
-268
-10
-157
-469
-493
-346
-505
-1031
-1519
-1760
-2040
-2603
-3216
-3513
-3554
-3684
-3932
-3953
-3621
-3245
-3061
-2873
-2420
-1856
-1527
-1436
-1276
-976
-804
-940
-1149
-1162
-1087
-1166
-1360
-1377
-1089
-714
-399
37
792
1737
2520
3119
3870
4769
5423
5708
5869
6067
6087
5669
5002
4457
3943
3107
2041
1187
610
-55
-934
-1674
-1992
-2131
-2447
-2805
-2821
-2591
-2572
-2841
-3016
-2942
-2937
-3238
-3598
-3695
-3664
-3835
-4122
-4095
-3682
-3277
-3030
-2577
-1672
-664
55
695
1645
2757
3553
3982
4437
5031
5384
5243
4888
4690
4514
4011
3259
2648
2286
1847
1182
660
502
414
171
-65
-78
51
33
-158
-298
-319
-423
-775
-1203
-1491
-1749
-2159
-2663
-3047
-3198
-3272
-3413
-3480
-3349
-3089
-2822
-2585
-2277
-1857
-1462
-1198
-993
-756
-553
-511
-593
-661
-685
-764
-938
-1064
-1005
-838
-689
-496
-89
534
1184
1728
2244
2865
3524
4001
4263
4481
4679
4707
4465
4100
3755
3338
2713
1966
1314
828
285
-419
-985
-1249
-1445
-1760
-2061
-2119
-2011
-2063
-2319
-2484
-2456
-2498
-2790
-3123
-3239
-3260
-3429
-3673
-3696
-3466
-3246
-3116
-2815
-2189
-1461
-872
-304
493
1433
2202
2746
3297
3938
4414
4524
4452
4467
4472
4185
3644
3176
2886
2532
1979
1460
1188
1014
713
372
243
265
166
-77
-240
-232
-266
-522
-848
-1042
-1188
-1481
-1942
-2323
-2448
-2580
-2835
-3032
-3013
-2817
-2667
-2532
-2276
-1870
-1448
-1155
-874
-534
-221
-68
-66
-43
8
-48
-264
-501
-641
-751
-927
-1099
-1111
-972
-806
-635
-320
189
754
1244
1704
2232
2773
3182
3416
3572
3693
3686
3491
3201
2920
2593
2131
1568
1086
690
288
-149
-526
-754
-929
-1125
-1325
-1417
-1453
-1597
-1807
-2030
-2140
-2244
-2552
-2851
-3037
-3196
-3337
-3429
-3377
-3209
-2974
-2665
-2232
-1648
-996
-317
390
1157
1936
2622
3207
3718
4134
4383
4445
4376
4228
3990
3632
3186
2726
2289
1859
1434
1055
743
474
227
27
-92
-160
-244
-359
-467
-549
-651
-827
-1049
-1273
-1512
-1761
-2021
-2207
-2327
-2425
-2468
-2426
-2261
-2042
-1822
-1543
-1243
-932
-666
-447
-222
-89
-15
-42
-115
-262
-445
-657
-894
-1158
-1395
-1572
-1665
-1671
-1592
-1420
-1132
-731
-248
273
815
1363
1873
2333
2717
3010
3199
3268
3247
3143
2964
2709
2367
2013
1679
1328
954
592
298
64
-165
-382
-581
-728
-859
-1026
-1207
-1411
-1629
-1883
-2147
-2373
-2585
-2783
-2964
-3038
-2982
-2844
-2671
-2422
-2040
-1559
-1041
-528
44
632
1233
1763
2240
2634
2968
3185
3299
3320
3269
3115
2877
2620
2377
2105
1797
1503
1278
1113
958
792
652
556
477
373
239
101
-34
-186
-359
-541
-733
-936
-1139
-1317
-1465
-1593
-1720
-1791
-1795
-1729
-1655
-1581
-1482
-1347
-1196
-1094
-1013
-968
-914
-925
-954
-1009
-1085
-1163
-1248
-1304
-1325
-1344
-1344
-1301
-1194
-1022
-780
-638
-387
-81
249
538
867
1155
1453
1697
1890
2045
2150
2204
2211
2180
2119
2009
1852
1660
1466
1252
1000
714
435
184
-60
-319
-579
-810
-1003
-1176
-1344
-1498
-1631
-1739
-1825
-1883
-1908
-1906
-1878
-1812
-1694
-1541
-1372
-1196
-989
-741
-473
-219
27
294
580
864
1128
1380
1629
1859
2051
2204
2322
2399
2427
2411
2360
2284
2179
2047
1898
1737
1560
1359
1146
940
745
550
354
169
1
-149
-289
-420
-546
-679
-816
-947
-1075
-1217
-1375
-1524
-1649
-1756
-1853
-1933
-1997
-2033
-2029
-1990
-1940
-1877
-1787
-1665
-1519
-1365
-1208
-1050
-884
-718
-565
-433
-321
-223
-126
-30
61
142
227
336
466
616
757
901
1058
1219
1366
1496
1590
1652
1695
1669
1610
1513
1373
1180
955
711
449
173
-91
-341
-568
-753
-905
-1023
-1091
-1145
-1150
-1148
-1133
-1104
-1074
-1056
-1025
-1014
-1006
-992
-988
-975
-944
-902
-826
-726
-593
-426
-225
12
281
572
876
1184
1466
1741
1970
2165
2298
2392
2410
2398
2317
2207
2058
1878
1678
1470
1258
1043
855
661
478
313
169
23
-143
-283
-428
-567
-732
-891
-1066
-1241
-1420
-1589
-1745
-1883
-1990
-2065
-2100
-2094
-2037
-1945
-1824
-1660
-1475
-1284
-1080
-859
-663
-464
-291
-122
10
120
198
262
299
320
331
340
356
377
403
445
500
562
627
696
764
818
856
875
861
842
790
720
635
539
422
294
165
43
-87
-193
-303
-380
-464
-510
-460
-536
-536
-543
-543
-560
-557
-581
-603
-638
-663
-697
-718
-735
-727
-707
-664
-593
-493
-367
-214
-36
164
375
605
838
1067
1277
1471
1645
1798
1913
1986
2024
2029
2000
1935
1838
1724
1585
1427
1254
1070
882
686
483
274
62
-148
-358
-570
-764
-949
-1136
-1303
-1465
-1608
-1733
-1846
-1917
-1965
-2004
-1970
-1934
-1914
-1780
-1623
-1459
-1255
-1053
-829
-625
-419
-220
-44
130
266
395
494
574
639
672
693
700
698
682
664
639
609
585
548
523
496
455
431
390
347
306
254
205
150
101
44
-6
-55
-108
-158
-204
-242
-287
-322
-349
-378
-400
-418
-431
-448
-463
-467
-471
-477
-476
-478
-456
-443
-422
-376
-319
-219
-165
-62
57
190
321
481
636
804
955
1125
1268
1400
1524
1615
1696
1741
1771
1754
1735
1655
1571
1446
1306
1134
958
759
553
341
117
-98
-322
-533
-740
-939
-1109
-1273
-1407
-1527
-1616
-1678
-1726
-1731
-1723
-1690
-1619
-1547
-1445
-1322
-1197
-1049
-895
-739
-574
-420
-256
-107
36
174
294
397
486
555
626
709
700
721
721
696
659
625
572
523
452
392
333
269
203
150
95
47
4
-34
-73
-109
-138
-164
-199
-227
-254
-285
-321
-353
-388
-424
-454
-479
-502
-521
-535
-541
-541
-534
-517
-485
-449
-407
-354
-292
-228
-156
-70
24
115
214
325
431
537
651
761
864
966
1072
1165
1247
1315
1374
1406
1403
1409
1388
1350
1277
1167
1068
929
781
609
417
237
29
-162
-357
-546
-717
-881
-1020
-1140
-1243
-1321
-1374
-1409
-1420
-1414
-1391
-1350
-1297
-1231
-1153
-1063
-961
-852
-736
-616
-493
-369
-245
-123
1
110
209
310
406
469
525
577
608
634
646
643
629
612
584
542
487
446
376
332
274
210
147
102
166
64
6
-41
-97
-153
-193
-235
-262
-314
-336
-369
-388
-402
-424
-440
-430
-436
-430
-411
-395
-376
-348
-312
-276
-230
-171
-114
-48
21
104
186
273
367
458
551
645
729
809
889
950
1009
1051
1078
1092
1090
1081
1038
992
937
857
770
669
567
445
315
193
54
-82
-213
-353
-486
-605
-718
-830
-937
-1005
-1073
-1142
-1170
-1196
-1203
-1188
-1166
-1129
-1078
-1006
-940
-862
-768
-684
-578
-485
-397
-293
-201
-109
-27
62
142
210
293
353
414
471
522
568
595
625
643
643
640
622
596
552
500
451
381
307
241
157
79
2
-80
-148
-208
-274
-321
-355
-400
-423
-440
-452
-457
-463
-455
-443
-428
-415
-392
-360
-322
-282
-238
-176
-116
-43
32
114
203
291
383
470
556
634
705
766
814
854
875
889
884
867
842
802
759
705
647
585
517
451
381
313
248
177
113
44
-26
-95
-170
-236
-310
-379
-445
-513
-570
-627
-677
-715
-749
-764
-775
-774
-761
-740
-708
-673
-629
-582
-535
-485
-442
-396
-362
-322
-290
-261
-223
-197
-156
-119
-80
-26
21
83
146
207
275
333
389
437
470
495
502
497
478
445
397
342
278
209
138
65
0
-64
-119
-166
-206
-234
-259
-279
-293
-306
-316
-325
-335
-342
-352
-357
-359
-357
-346
-326
-294
-249
-193
-120
-41
53
157
255
362
460
546
634
696
748
779
800
791
779
736
694
638
575
516
444
380
328
266
226
181
141
112
80
47
10
-23
-72
-117
-164
-228
-274
-333
-384
-422
-466
-488
-506
-506
-495
-479
-444
-411
-362
-323
-284
-250
-225
-204
-207
-205
-223
-251
-265
-301
-322
-340
-364
-358
-344
-313
-280
-225
-164
-88
-12
55
131
193
273
296
353
349
366
362
337
311
280
251
208
180
144
115
100
80
63
55
34
20
-5
-36
-71
-113
-150
-202
-244
-294
-330
-361
-374
-379
-359
-320
-270
-201
-119
-30
73
175
276
371
456
523
572
608
620
621
610
582
544
502
453
399
353
319
280
240
209
185
157
130
103
67
22
-26
-69
-117
-166
-213
-265
-303
-337
-358
-363
-361
-347
-331
-298
-259
-216
-172
-134
-109
-93
-86
-95
-111
-138
-177
-224
-272
-313
-365
-399
-425
-435
-445
-428
-404
-377
-332
-287
-223
-181
-115
-75
-16
19
67
92
125
143
171
187
205
223
240
258
280
288
299
299
303
284
263
234
188
174
82
18
-42
-113
-187
-241
-299
-333
-361
-366
-362
-343
-315
-269
-215
-160
-91
-31
33
92
143
201
241
283
314
336
364
379
395
406
413
422
424
426
423
413
396
368
339
306
263
209
160
110
49
-5
-50
-96
-139
-170
-185
-200
-214
-195
-195
-175
-158
-142
-114
-103
-85
-81
-79
-82
-103
-113
-136
-169
-192
-222
-257
-276
-299
-319
-327
-333
-338
-325
-324
-308
-292
-273
-252
-227
-204
-172
-147
-117
-81
-49
-12
31
68
119
155
195
250
268
315
335
355
376
373
366
361
326
299
261
211
162
108
47
-2
-68
-101
-161
-189
-226
-248
-269
-275
-273
-268
-247
-222
-200
-168
-132
-106
-64
-30
15
51
87
123
154
182
198
219
237
233
244
247
239
227
227
205
199
171
169
144
123
114
93
70
58
39
19
6
-11
-18
-42
-37
-57
-55
-63
-64
-64
-66
-65
-69
-71
-77
-84
-98
-111
-130
-150
-174
-199
-225
-249
-273
-293
-308
-316
-319
-312
-306
-283
-260
-227
-201
-160
-122
-73
-36
2
40
82
115
143
167
195
218
238
252
267
279
288
294
296
295
285
272
252
228
193
155
113
69
21
-29
-73
-118
-150
-184
-205
-219
-224
-224
-217
-202
-183
-162
-145
-122
-100
-81
-71
-62
-50
-43
-38
-35
-30
-21
-10
7
25
45
68
94
122
143
164
178
195
206
207
205
192
187
167
153
126
113
97
86
75
67
68
64
70
63
73
63
63
46
35
12
-14
-46
-83
-117
-164
-192
-239
-258
-296
-304
-326
-322
-326
-313
-298
-276
-256
-229
-200
-176
-151
-116
-95
-69
-46
-15
5
24
57
75
105
130
154
183
198
223
231
250
254
251
256
246
240
227
204
182
163
135
101
74
39
11
-18
-54
-82
-108
-136
-153
-168
-187
-199
-211
-220
-218
-213
-213
-204
-199
-189
-171
-156
-138
-124
-108
-88
-73
-51
-35
-9
10
30
58
76
101
120
143
174
180
206
231
239
252
255
260
253
253
237
224
208
181
152
124
142
90
57
38
8
-31
-57
-84
-104
-139
-152
-174
-195
-211
-225
-238
-255
-266
-267
-274
-271
-268
-260
-247
-231
-209
-186
-159
-130
-100
-67
-36
-5
27
54
86
117
137
153
171
182
195
208
210
214
217
207
212
208
198
189
187
170
150
143
120
102
77
67
41
16
-20
-30
-62
-30
-87
-103
-115
-146
-168
-182
-192
-210
-212
-226
-217
-229
-216
-219
-211
-200
-178
-165
-149
-127
-103
-84
-61
-34
-9
15
45
73
99
120
145
173
198
213
226
238
251
258
264
264
257
246
233
218
197
170
140
115
83
48
12
-21
-52
-90
-116
-150
-176
-197
-220
-238
-248
-261
-274
-260
-280
-267
-267
-254
-248
-233
-220
-192
-184
-155
-124
-107
-74
-46
-18
13
39
69
96
120
143
167
183
203
214
226
236
236
240
241
228
231
218
208
197
185
165
155
133
112
95
72
47
31
3
-20
-40
-74
-90
-114
-141
-155
-182
-203
-214
-230
-237
-237
-242
-250
-236
-231
-222
-187
-190
-161
-142
-121
-90
-60
-36
-5
28
55
89
118
143
173
192
214
236
248
256
269
261
270
260
252
234
218
191
167
138
105
75
39
3
-33
-69
-100
-137
-160
-192
-215
-230
-250
-258
-266
-273
-267
-259
-256
-236
-230
-212
-188
-177
-144
-127
-98
-77
-52
-29
-5
15
42
54
78
91
105
120
129
137
149
148
162
159
164
162
161
157
154
149
144
135
131
120
115
104
94
83
69
57
41
29
13
-4
-18
-37
-53
-73
-88
-104
-119
-130
-146
-152
-168
-170
-182
-178
-184
-176
-174
-162
-152
-141
-122
-108
-85
-67
-43
-21
5
28
56
80
104
127
139
161
163
181
179
194
193
200
195
190
178
165
145
127
105
84
58
35
9
-19
-44
-71
-95
-117
-140
-156
-178
-186
-203
-207
-216
-217
-218
-215
-209
-201
-191
-178
-164
-150
-130
-115
-89
-74
-51
-30
-12
13
27
47
71
79
105
109
130
136
138
157
163
159
163
159
165
158
147
148
174
146
131
122
107
89
69
56
35
24
-2
-15
-34
-49
-67
-79
-99
-104
-112
-121
-124
-132
-136
-134
-130
-122
-117
-109
-98
-89
-74
-63
-50
-28
-23
4
8
34
45
62
78
85
97
108
117
127
127
132
129
129
127
118
111
107
95
83
69
53
33
18
7
-11
-34
-46
-45
-75
-90
-103
-116
-132
-133
-155
-157
-159
-163
-165
-162
-159
-158
-148
-149
-132
-127
-113
-107
-95
-85
-70
-54
-40
-27
-16
-4
12
26
46
51
65
71
81
80
94
91
96
96
97
94
102
95
86
89
78
79
74
57
55
43
39
26
17
12
-2
-9
-16
-18
-28
-39
-40
-33
-55
-51
-48
-56
-57
-55
-54
-50
-47
-51
-38
-30
-32
-25
-12
2
-3
12
27
36
35
52
62
68
70
85
88
90
93
96
96
95
94
86
87
79
70
64
57
46
37
28
17
10
-4
-13
-22
-33
-46
-51
-67
-73
-84
-92
-104
-102
-119
-114
-121
-121
-123
-118
-123
-111
-113
-105
-99
-93
-84
-76
-69
-56
-48
-40
-27
-22
-7
-3
7
18
23
23
38
37
37
45
46
45
47
48
46
47
42
46
37
31
26
19
-1
-1
-18
-29
-34
-36
-41
-36
-32
-23
-16
1
7
20
30
30
39
39
37
42
35
36
32
31
32
32
29
30
30
28
28
29
19
24
19
15
16
20
7
12
10
9
3
5
8
-6
2
-3
-6
-5
-8
-6
-12
-13
-11
-19
-15
-18
-16
-18
-24
-20
-25
-29
-22
-24
-29
-28
-28
-34
-33
-29
-30
-34
-35
-36
-39
-37
-33
-37
-35
-41
-42
-35
-41
-40
-36
-39
-40
-41
-32
-43
-40
-36
-32
-33
-32
-28
-30
-24
-29
1
-20
-18
-8
-12
-9
-10
5
0
-4
0
10
0
7
16
13
18
19
16
18
24
19
22
25
28
22
29
27
25
31
35
33
35
30
31
35
34
33
34
32
28
22
26
32
26
21
23
26
22
15
20
25
14
6
9
7
5
8
13
4
-1
1
-3
-5
-6
-17
-15
-12
-17
-17
-19
-22
-23
-22
-26
-28
-33
-30
-26
-30
-34
-35
-32
-32
-38
-37
-35
-33
-36
-41
-38
-34
-36
-32
-30
-31
-26
-26
-29
-25
-25
-28
-23
-17
-24
-26
-18
-16
-19
-16
-15
-17
-11
-9
-11
-9
-4
-7
-4
7
2
-3
11
10
7
16
11
14
29
22
18
26
20
22
21
23
29
23
20
27
25
19
17
19
17
13
14
17
12
9
13
16
11
4
7
11
6
0
0
8
10
0
1
5
5
5
1
-5
-5
-7
-9
-8
-12
-14
-19
-18
-16
-23
-29
-26
-27
-30
-30
-32
-39
-39
-32
-36
-39
-33
-35
-35
-24
-27
-28
-23
-26
-26
-23
-22
-13
-9
-13
-12
-9
-13
-17
-15
-12
-14
-17
-15
-15
-20
-24
-23
-26
-27
-19
-16
-19
-19
-18
-17
-13
-9
0
1
-2
7
16
17
17
17
22
27
28
28
29
31
33
28
22
23
26
25
20
16
13
13
17
11
4
9
9
5
7
5
5
11
9
9
11
15
22
29
28
31
34
33
37
36
38
37
39
33
35
31
27
25
21
19
15
12
9
4
6
0
5
-3
-2
-7
-4
-7
-3
1
2
9
14
16
19
23
26
25
32
28
33
34
40
36
36
33
31
29
35
26
24
23
22
18
28
17
20
22
20
20
20
16
13
23
19
31
28
32
30
38
37
45
43
46
47
48
52
53
52
55
50
48
53
44
47
46
40
39
41
30
34
33
27
29
29
23
23
23
22
20
21
16
19
21
26
27
24
27
20
28
25
25
24
24
21
25
26
14
28
11
14
10
11
2
6
3
-1
-2
-20
-5
-20
-20
-14
-22
-25
-23
-26
-28
-34
-25
-29
-32
-29
-29
-27
-22
-28
-36
-33
-38
-33
-30
-37
-35
-35
-40
-37
-50
-44
-50
-48
-48
-58
-52
-60
-55
-61
-59
-68
-62
-65
-64
-62
-69
-64
-57
-66
-63
-65
-64
-59
-64
-55
-70
-66
-54
-61
-62
-55
-60
-61
-60
-59
-59
-59
-59
-59
-59
-54
-56
-55
-56
-61
-60
-61
-56
-59
-56
-54
-53
-57
-47
-53
-52
-51
-50
-46
-47
-46
-44
-33
-40
-32
-36
-37
-29
-38
-31
-30
-27
-32
-30
-33
-31
-32
-27
-26
-30
-33
-32
-26
-27
-28
-34
-33
-28
-20
-17
-19
-21
-21
-20
-20
-20
-21
-18
-13
-15
-18
-17
-15
-16
-20
-17
-10
-5
-8
-9
-7
-5
-5
-7
-9
-9
-8
-7
-5
-3
-1
-4
-4
-4
-5
-4
-1
0
3
5
5
3
2
5
8
10
12
12
10
7
6
9
15
16
11
12
12
15
13
14
17
21
22
21
20
20
21
22
23
23
23
24
25
25
25
24
25
25
25
24
24
24
24
24
24
23
24
25
26
23
19
21
22
22
19
18
19
22
19
16
14
16
16
15
14
12
11
11
11
9
10
10
11
7
4
5
2
2
-1
3
3
-3
1
-2
-3
-7
-23
-28
-20
-21
-24
-23
-27
-29
-27
-29
-33
-24
-27
-41
-35
-37
-41
-36
-48
-50
-43
-47
-49
-51
-54
-56
-56
-58
-57
-59
-67
-65
-68
-68
-67
-73
-70
-72
-75
-76
-77
-77
-76
-76
-76
-77
-79
-81
-80
-79
-79
-78
-74
-74
-78
-75
-77
-77
-65
-68
-71
-60
-67
-63
-51
-63
-56
-52
-55
-44
-46
-44
-42
-37
-30
-30
-25
-28
-25
-20
-16
-13
-8
-4
-4
4
4
7
13
15
18
23
29
27
30
37
36
42
45
44
53
57
54
60
65
64
67
70
71
78
80
80
86
85
87
90
89
92
90
95
94
95
99
99
102
104
106
102
117
100
112
109
108
106
106
102
105
103
95
103
97
96
95
98
97
88
93
91
86
86
84
77
81
74
68
72
69
62
60
63
55
50
51
49
41
44
36
32
36
26
22
25
20
13
13
10
5
3
-2
-1
-9
-6
-18
-12
-20
-16
-28
-21
-27
-28
-34
-31
-29
-43
-35
-38
-43
-46
-43
-48
-48
-53
-51
-52
-59
-56
-57
-62
-58
-61
-62
-60
-62
-62
-62
-65
-64
-62
-67
-64
-63
-65
-62
-63
-65
-67
-64
-64
-58
-58
-58
-62
-61
-59
-61
-57
-53
-52
-56
-58
-56
-54
-51
-51
-51
-46
-54
-51
-50
-47
-46
-47
-44
-43
-46
-41
-21
-37
-30
-30
-29
-33
-33
-36
-27
-30
-29
-20
-31
-31
-23
-26
-28
-31
-27
-27
-25
-27
-25
-23
-20
-25
-32
-29
-26
-28
-32
-31
-33
-32
-26
-30
-40
-38
-38
-44
-40
-47
-40
-42
-43
-49
-49
-54
-46
-57
-54
-54
-57
-61
-56
-58
-61
-66
-60
-64
-65
-65
-65
-65
-51
-63
-62
-60
-56
-60
-59
-66
-63
-64
-60
-55
-56
-59
-53
-47
-49
-54
-42
-41
-46
-41
-39
-37
-34
-33
-33
-26
-26
-21
-20
-18
-14
-11
-7
-9
-6
-1
11
7
12
10
11
22
18
24
30
26
33
34
34
35
37
39
38
48
43
43
40
50
43
43
45
50
43
41
39
39
39
41
41
36
40
37
30
31
33
31
28
33
23
29
26
26
17
19
17
25
9
16
14
16
12
12
8
12
13
8
-2
7
3
5
7
-4
4
5
2
9
6
2
9
1
11
9
8
10
7
7
7
7
13
12
11
12
15
9
10
12
21
14
16
16
16
13
15
19
15
17
17
23
14
18
21
21
15
14
16
18
18
14
16
18
17
15
22
17
16
17
16
12
17
13
12
13
11
12
7
8
9
7
8
4
3
6
3
2
4
1
-1
2
-1
0
-1
-3
-6
-2
-6
-6
-2
-3
-3
-6
15
1
-4
5
-2
-3
-2
3
-4
6
3
6
5
2
5
3
3
5
2
5
4
8
1
3
5
3
6
0
-1
2
0
0
6
2
4
4
3
4
4
3
6
4
6
3
4
4
-2
-1
0
-4
-3
1
-8
-6
-1
-4
-5
-8
-5
-3
-2
-3
-6
-4
4
-11
-4
-2
-8
-4
-2
-5
-2
-6
-3
-3
-4
-4
-3
-4
-4
-3
-4
-4
-6
-5
-3
-3
-2
-3
-6
-8
-9
-10
-5
-3
-5
-6
-5
-5
-1
-2
-3
-5
-5
-2
0
1
2
-1
-1
0
-1
3
0
-1
0
1
6
5
4
3
2
7
3
4
3
4
18
6
8
10
6
6
7
11
3
7
14
22
9
13
10
10
14
13
16
16
16
16
27
23
19
21
25
22
22
18
20
19
22
24
23
37
23
24
22
22
29
29
26
27
31
27
26
32
29
27
29
28
27
27
28
35
30
32
33
31
31
32
36
32
40
33
32
36
30
32
35
32
36
32
30
32
38
40
37
35
34
35
35
37
38
39
36
34
34
36
38
40
42
41
36
34
35
37
38
38
37
36
35
35
36
36
34
31
30
31
31
33
33
31
35
32
30
33
28
26
30
26
27
29
24
28
30
28
23
12
15
26
20
19
23
19
19
21
16
13
14
15
19
16
11
9
9
11
11
6
6
8
6
6
4
1
4
4
4
3
2
-2
-6
-8
-7
-7
-6
-9
-12
-9
-6
-7
-8
-10
-15
-17
-18
-18
-14
-14
-15
-15
-22
-25
-20
-18
-19
-22
-20
-19
-23
-20
-24
-40
-35
-26
-32
-30
-31
-35
-31
-32
-35
-32
-36
-41
-41
-39
-40
-44
-42
-39
-41
-40
-38
-42
-44
-41
-41
-43
-41
-46
-50
-43
-42
-45
-45
-43
-44
-45
-42
-43
-43
-45
-44
-44
-43
-44
-47
-47
-47
-49
-49
-48
-43
-41
-45
-45
-45
-45
-42
-43
-43
-43
-46
-41
-35
-41
-40
-36
-42
-42
-38
-40
-42
-41
-42
-41
-39
-39
-39
-37
-36
-38
-35
-35
-35
-30
-34
-39
-37
-38
-37
-29
-30
-32
-31
-35
-35
-29
-25
-24
-25
-27
-29
-28
-28
-28
-28
-26
-23
-21
-19
-21
-22
-19
-16
-21
-24
-21
-16
-10
-17
-16
-14
-16
-17
-18
-15
-18
0
-8
-7
-3
-10
-7
-8
-7
-7
-7
-14
0
-6
-7
0
-6
-5
-3
-4
-1
-3
-4
0
-1
2
5
5
4
4
1
11
4
4
2
4
9
4
4
4
4
6
5
3
4
5
3
9
7
9
12
5
10
8
7
10
7
8
5
6
8
7
7
13
0
17
9
6
10
-1
6
11
8
7
9
8
11
8
8
6
9
8
8
7
9
9
8
8
8
8
8
8
8
7
7
8
8
9
9
5
3
4
3
6
7
4
4
3
1
3
3
2
2
1
0
1
0
1
0
0
1
0
0
1
0
0
0
0
0
0
0
-1
-1
0
0
0
0
0
-1
-1
0
0
0
-1
1
0
0
-1
0
0
0
0
0
0
0
0
0
0
0
0
0
0
0
0
1
0
0
-1
0
0
0
0
0
0
1
0
0
-1
-1
0
0
0
0
-1
0
0
0
0
0
1
0
0
1
0
1
0
0
0
0
0
0
-1
0
0
0
0
0
0
1
0
0
0
0
0
0
-1
-1
0
-1
0
0
0
0
0
0
0
0
0
0
0
0
0
0
-1
0
0
0
0
1
0
0
0
0
0
0
0
0
0
0
-1
1
-1
0
0
0
0
0
0
0
0
1
0
1
0
0
0
1
-1
0
0
0
0
0
0
0
0
0
0
-1
0
0
0
0
1
1
0
1
0
0
0
0
0
0
0
0
0
0
-1
-1
-1
-1
0
0
0
0
0
-1
0
0
0
0
0
-1
0
-1
0
1
0
0
1
0
0
-1
0
-1
0
0
0
-1
0
1
-1
0
0
0
0
-1
0
1
0
-1
1
1
0
1
-1
0
0
1
0
0
-1
1
0
0
1
0
0
0
0
1
0
0
0
0
1
0
-1
0
-1
0
1
0
1
-1
0
1
0
0
0
0
0
-1
0
0
0
0
0
0
0
0
0
0
-1
0
1
0
1
0
-1
0
0
1
0
0
0
0
0
0
-1
0
-1
0
0
0
0
0
0
0
1
0
1
0
0
0
0
0
-1
0
0
0
0
0
-1
0
0
0
0
0
0
1
0
0
0
0
1
0
0
0
0
0
0
0
0
0
-1
0
1
0
0
0
0
0
0
0
0
0
0
0
0
0
0
0
-1
1
0
0
0
-1
0
0
0
1
0
0
0
-1
0
0
0
0
1
1
0
1
0
0
-1
0
-1
0
0
0
0
0
0
0
0
0
0
0
0
0
1
0
0
0
0
0
0
0
0
0
0
0
0
0
0
0
0
0
0
1
0
0
0
1
0
0
0
0
0
0
0
0
1
1
0
0
1
0
0
0
0
0
1
0
0
-1
1
0
-1
-1
0
0
0
0
0
1
0
1
0
0
0
1
0
-1
0
-1
0
0
-1
0
0
0
-1
0
0
0
0
0
0
0
0
1
-1
0
0
0
0
-1
0
0
0
0
0
1
0
0
0
0
0
0
0
0
1
1
0
0
0
0
0
0
0
0
0
1
0
-1
0
0
0
0
0
0
0
0
0
0
1
0
1
1
1
0
0
0
0
0
0
0
0
0
0
0
0
-1
0
0
0
-1
0
-1
0
0
0
0
0
0
0
-1
1
0
1
0
0
0
0
1
1
0
-1
0
1
-1
0
0
0
0
0
0
0
0
0
0
0
0
0
1
-1
0
0
0
0
0
0
0
-1
0
-1
0
0
0
0
0
-1
0
1
0
0
0
1
0
0
0
0
0
0
0
0
0
0
0
0
0
0
1
0
1
0
-1
-1
-1
0
0
0
0
0
0
0
-1
0
0
1
-1
0
1
0
0
0
0
0
0
0
-1
0
0
0
0
0
0
0
0
0
0
0
0
0
0
0
0
0
0
0
0
0
0
1
0
1
0
0
0
1
0
0
-1
1
0
-1
0
0
-1
0
0
0
0
-1
0
0
0
0
1
0
0
0
1
0
0
1
-1
0
0
0
0
0
0
-1
0
1
0
0
0
1
-1
0
0
0
-1
0
0
0
-1
0
1
0
-1
0
0
-1
-1
0
0
0
0
-1
-1
-1
0
0
0
0
0
0
0
0
0
1
0
-1
0
1
0
1
0
0
0
-1
0
0
0
0
0
0
-1
1
0
0
0
0
1
0
0
0
-1
0
1
0
0
0
0
0
0
0
0
0
0
-1
1
-1
0
1
0
0
0
0
0
0
0
0
0
0
0
0
0
0
0
1
0
0
0
0
-1
1
0
0
0
0
0
0
0
0
0
0
0
0
-1
0
0
0
-1
0
0
1
1
0
0
0
0
-1
0
1
0
-1
0
0
0
0
-1
0
0
0
0
0
-1
-1
0
0
0
0
1
0
0
0
0
-1
0
0
0
0
0
0
0
0
1
0
-1
0
0
-1
0
0
0
0
0
0
0
0
0
0
0
1
0
0
0
0
-1
-1
0
-1
0
0
0
-1
0
0
0
0
1
1
-1
0
0
-1
-1
0
0
-1
0
0
-1
0
0
-1
1
-1
0
0
-1
0
0
0
0
0
0
0
1
0
0
-1
1
1
0
0
0
0
0
0
0
0
0
1
0
0
0
0
0
0
-1
0
0
-1
0
0
1
0
0
1
0
0
0
1
0
0
0
0
0
0
1
-1
0
0
0
1
0
-1
0
0
0
0
0
-1
0
0
0
0
1
0
0
1
0
0
0
1
0
0
0
0
0
1
0
0
0
0
0
0
0
1
0
0
0
0
-1
0
0
-1
-1
0
-1
0
0
0
1
1
0
0
0
-1
1
0
0
0
0
1
0
1
0
0
1
1
0
0
0
0
0
-1
0
0
0
-1
0
0
1
0
0
0
0
1
0
1
0
0
0
0
-1
0
0
0
0
0
-1
0
0
0
1
1
0
0
-1
0
0
1
0
0
-1
1
0
0
0
0
-1
0
0
0
0
0
0
0
0
0
0
0
1
0
0
0
-1
0
1
0
0
1
-1
0
-1
-1
0
0
0
0
0
0
0
0
-1
0
-1
1
0
1
1
0
0
0
0
0
0
0
0
0
0
0
0
0
0
1
0
-1
0
0
0
0
0
0
-1
0
0
-1
0
0
0
0
0
0
0
1
1
0
0
0
0
0
0
0
-1
0
0
0
0
0
0
-1
-1
0
0
0
0
0
1
0
1
-1
0
0
-1
0
0
0
1
0
0
0
0
0
0
0
1
0
1
0
0
0
-1
-1
0
0
0
0
1
0
-1
0
0
0
0
1
0
-1
0
0
0
0
0
1
0
0
0
0
0
0
0
0
0
0
1
0
0
0
0
0
0
0
0
0
0
0
0
0
-1
-1
0
0
0
0
0
0
-1
0
0
-1
0
0
0
0
0
0
0
0
0
0
0
0
0
0
0
0
0
-1
0
0
1
0
0
-1
1
0
0
0
0
0
0
0
0
0
0
-1
1
0
0
-1
0
0
0
1
0
-1
0
0
0
0
0
0
0
1
-1
0
-1
0
-1
-1
0
0
0
1
0
0
0
0
0
1
0
-1
-1
0
0
0
0
0
0
0
-1
0
-1
0
1
0
0
0
0
1
0
0
0
0
0
-1
-1
0
0
0
0
-1
0
1
0
1
0
0
0
0
-1
0
0
0
-1
0
0
0
0
0
0
0
0
-1
0
0
0
1
0
1
0
-1
0
1
0
0
-1
0
0
0
0
0
0
1
0
1
0
0
0
0
0
1
0
1
0
0
0
1
0
0
0
0
0
-1
0
0
0
0
0
0
0
0
0
-1
0
0
0
0
0
0
0
0
0
0
1
0
1
0
0
1
0
0
1
0
0
1
0
0
1
0
0
0
0
0
0
0
0
0
0
0
1
0
0
-1
0
0
-1
0
-1
0
0
1
1
0
0
0
-1
0
0
0
0
0
0
1
0
0
-1
0
0
0
0
-1
0
1
0
0
0
0
0
-1
0
0
0
0
0
0
0
1
0
0
0
0
0
-1
0
0
0
0
0
1
0
0
0
0
0
0
0
1
0
-1
0
-1
1
0
0
0
0
-1
0
-1
0
0
0
0
-1
1
0
0
0
1
0
-1
0
1
1
0
-1
0
0
0
0
0
0
0
0
-1
0
0
0
0
1
-1
0
0
-1
0
0
0
0
0
1
1
0
0
0
-1
-1
0
0
0
1
0
0
0
0
0
0
1
0
0
-1
0
0
1
0
0
0
0
0
1
0
0
-1
0
0
0
0
0
0
0
0
1
0
0
0
0
0
0
0
0
1
0
0
0
0
0
0
-1
0
0
0
0
1
0
0
1
0
0
0
1
-1
0
-1
0
0
0
1
0
0
0
0
0
0
1
0
0
0
0
0
0
0
0
0
-1
0
0
0
1
0
0
0
1
0
0
0
0
0
0
0
0
0
0
1
0
1
0
-1
0
0
-1
0
0
0
-1
0
0
0
-1
0
-1
1
-1
1
0
0
0
0
0
1
0
1
0
0
0
0
0
0
0
0
0
0
0
1
0
0
-1
0
0
0
0
0
0
0
0
0
0
-1
0
0
1
0
0
-1
0
0
0
0
0
0
0
0
-1
0
1
0
0
0
0
1
0
0
0
0
0
-1
0
0
-1
0
0
0
0
0
0
0
0
0
0
0
1
1
1
1
0
0
-1
1
0
0
0
0
0
0
0
0
0
0
0
0
1
0
0
1
0
1
0
0
1
0
0
0
0
1
0
0
-1
0
0
1
1
0
0
-1
0
-1
-1
0
0
0
1
1
0
-1
0
1
0
0
0
0
1
0
1
-1
0
1
0
0
0
-1
0
0
0
1
0
-1
0
-1
-1
0
0
1
0
0
0
1
1
0
0
1
1
-1
0
-1
0
0
0
1
0
0
0
0
-1
0
0
-1
0
0
-1
-1
1
0
0
0
0
-1
0
1
0
0
0
-1
1
0
1
0
1
-1
0
0
0
-1
0
0
0
0
0
0
0
0
0
0
0
0
0
0
0
0
0
1
0
0
0
0
1
0
0
0
0
0
0
0
0
0
0
0
0
0
0
0
0
0
0
0
0
1
0
0
0
0
-1
0
0
1
0
0
0
0
0
-1
0
0
0
0
0
0
-1
0
0
-1
0
0
0
-1
0
0
0
0
-1
0
0
0
0
0
0
0
0
0
0
0
0
0
0
0
-1
0
0
0
-1
0
-1
0
-1
0
0
0
0
1
0
0
0
0
-1
1
0
0
0
0
0
1
0
0
0
0
0
0
1
0
0
0
0
-1
0
-1
0
0
0
0
0
0
0
0
0
0
