-20
-20
-21
-18
-20
-20
-24
-18
-18
-20
-22
-17
-13
-12
-6
-3
-5
-8
4
3
4
7
14
18
20
17
19
26
21
32
32
29
31
32
30
31
35
33
31
27
32
27
30
27
10
16
24
11
8
12
3
5
1
-4
-8
-14
-19
-15
-17
-24
-25
-21
-21
-32
-29
-35
-32
-31
-31
-33
-27
-31
-29
-30
-34
-32
-29
-28
-30
-25
-23
-22
-25
-22
-21
-14
-21
-23
-14
-9
-15
-11
-18
-10
-8
-14
-13
-11
-11
-12
-10
-8
-8
-9
-12
-16
-10
9
-10
0
0
-2
-6
-8
-8
0
-5
-5
4
-1
3
1
4
9
0
2
9
8
12
9
5
9
6
8
20
17
11
14
15
21
13
20
16
12
17
14
16
15
12
2
13
14
9
7
7
3
4
1
9
0
-8
-4
-11
-3
-4
-7
-7
-9
-11
-11
-5
-5
-22
-13
-9
-12
-13
-13
-15
-6
-17
-12
-13
-18
-19
-9
-6
-16
-12
-15
-10
-10
-8
-13
-16
-13
-16
-7
-13
-13
-8
-16
-12
-11
-13
-13
-9
-12
-10
-16
-21
-21
-21
-19
-16
-21
-20
-19
-22
-20
-21
-31
-17
-22
-14
-21
-23
-20
-22
-20
-19
-17
-19
-25
-20
-11
-18
-16
-12
-17
-17
-14
-16
-12
-10
-14
-4
-14
-1
-5
-11
-4
-8
-7
-6
-7
0
-4
-7
-6
-6
-7
-8
-5
-1
-5
-5
-4
-14
-10
2
-2
-6
-8
-6
-4
-4
-4
-4
1
-5
-6
-1
-5
-1
-6
-2
4
0
1
-1
-1
-2
4
7
-1
6
4
5
12
5
3
3
-2
-2
-1
-4
1
-1
-1
-5
-5
-4
-18
-11
-2
-13
-8
-5
-14
-12
-9
-15
-17
-19
-18
-12
-16
-18
-16
-9
-10
-12
-13
-10
-9
-6
-3
-13
-8
-4
-3
4
-6
-3
4
6
3
6
6
4
7
3
4
2
6
5
-2
7
3
2
-2
-1
-2
-10
-9
-10
-9
-7
-14
-18
-14
-18
-13
-18
-15
-17
-30
-21
-15
-23
-19
-16
-22
-20
-20
-22
-15
-19
-11
-13
-13
-7
-10
-9
-1
-6
-1
-1
-2
0
10
-2
7
7
3
7
1
4
10
7
9
9
9
-1
1
-2
-4
-7
-9
-1
-10
-4
-18
-5
-12
-13
-14
-23
-19
-19
-16
-20
-20
-25
-22
-18
-21
-18
-16
-17
-25
-16
-16
-16
-17
-14
-10
-20
-12
-10
-9
-15
-10
-5
-10
-2
-10
-6
-4
-1
-5
-1
-5
-7
-4
0
-8
-6
-4
-2
-5
-10
-5
-2
-10
-9
-7
-15
-13
-10
-9
-17
-12
-15
-11
-6
-11
-17
-18
-18
-3
-13
-13
-11
-12
-14
-10
-12
-15
-10
-16
-10
-12
-12
-20
-9
-8
-12
-10
-11
-11
-13
-10
-11
-13
-12
-13
-11
-11
-11
-13
-12
-10
-7
-7
-8
-8
-8
-8
-6
-9
-8
-8
-8
-7
-6
-4
-8
-6
-8
-7
-11
-7
-8
-9
-9
-7
-9
-9
-9
-8
-8
-7
-10
-7
-12
-13
-12
-9
-12
-18
-8
-14
-10
-13
-9
-11
-8
-7
-8
-8
-3
-8
-12
-9
-8
-7
-6
-13
-13
-11
-8
-13
-19
-7
-9
-14
-12
-13
-6
-9
-9
-6
-7
-9
-3
-15
-7
-10
-9
-7
-13
-11
-11
-13
-12
-13
-13
-9
-13
-12
-15
-14
-6
-9
-8
-10
-7
3
-9
-6
-2
-6
-6
-6
-8
-8
-8
-11
-10
-4
-9
-8
-7
-5
-7
-4
-2
-3
-5
-6
2
-7
-3
-3
-5
-5
-3
-7
-8
-9
-9
-9
-11
-1
-6
-9
-7
-8
-5
-2
-3
-7
-4
2
-3
-10
-6
-4
-3
-2
-9
-8
-8
-9
-6
-12
-8
-7
-9
-9
-8
4
0
-4
3
-1
-2
7
-2
3
0
-1
0
-5
0
-5
-4
-2
-13
-4
4
-5
-5
-2
-4
1
-2
-2
2
-1
4
3
0
-1
0
1
-4
-5
-4
-4
-2
-5
-9
0
-4
-5
-5
-3
-2
4
1
0
1
-2
-1
1
1
1
-2
0
-4
-6
-2
-5
-6
-3
-6
-2
-3
-9
-3
4
1
2
-2
2
5
-4
-6
-5
-4
-4
-3
-5
-4
-5
1
-4
-9
0
-3
-2
-4
-5
-5
-1
1
-2
1
3
6
-4
-7
-5
-3
-5
-8
-2
-3
-4
-4
-7
-5
2
-5
-7
-3
-6
-1
-2
-2
2
0
3
5
-6
-7
-2
-5
-9
-11
-5
-6
-6
1
1
-1
6
2
7
6
-3
6
4
7
-1
-1
-7
-4
-13
-7
-8
-15
-2
-10
-5
-10
-7
-5
0
0
6
1
6
15
2
1
3
1
-1
-7
-4
-9
-6
-10
-11
-11
-8
-9
-8
-4
-5
6
0
5
5
5
12
4
0
1
-1
-1
-5
-16
-6
-10
-12
-9
-22
-4
-12
-10
-7
-12
2
-2
-1
-1
3
3
6
-3
-1
-2
-4
-4
-16
-9
-11
-11
-12
-20
-6
-10
-10
-8
-10
0
-4
-1
-1
3
3
5
-4
1
1
-5
-3
-14
-7
-13
-11
-14
-16
-14
-9
-9
-11
-7
-8
4
-5
-1
0
2
8
-5
1
-2
-3
0
-17
-11
-12
-14
-11
-21
-13
-10
-10
-11
-7
-8
4
-5
-1
1
2
9
1
-1
1
1
-7
-2
-16
-9
-14
-10
-15
-23
-5
-9
-10
-9
-6
3
-2
1
0
0
6
7
-4
0
-1
0
-6
-16
-7
-16
-12
-14
-26
-10
-9
-11
-12
-7
1
-2
-2
2
0
1
7
-3
-2
1
-4
-3
-8
-8
-10
-9
-9
-14
-14
-9
-6
-8
-5
-6
2
-1
0
0
-1
6
-4
-2
-2
-5
-1
-10
-7
-10
-10
-7
-10
-12
-7
-7
-8
-5
-6
0
-2
-1
2
-4
1
-1
-2
-4
-4
-3
-7
-7
-3
-6
-9
-5
-5
-4
-5
-4
-4
-5
-1
-3
-5
-3
-3
-1
-4
-5
-5
-2
-5
-3
-8
-7
-2
-6
-3
-9
-6
-2
-3
-3
-5
-5
2
-5
-4
-5
-2
0
-5
-5
-1
-5
-4
-9
-6
-2
-4
-5
-11
-5
-5
-4
-5
0
-2
1
-6
-4
-4
-8
0
1
-8
-6
-1
-3
-10
-2
-7
-1
-8
-4
-7
-4
-4
-4
-5
-3
-4
-4
-4
-3
-5
-4
-5
-3
-4
-4
-4
-4
-4
-4
-4
-4
-4
-4
-3
-4
-4
-4
-4
-4
-4
-5
-4
-4
-5
-4
-4
-3
-4
-4
-3
-4
-4
-4
-3
-4
-4
-4
-4
-4
-4
-3
-5
-4
-4
-4
-3
-4
-5
-4
-4
-4
-4
-4
-5
-4
-4
-4
-4
-3
-4
-4
-3
-4
-4
-4
-3
-4
-4
-4
-4
-4
-3
-4
-4
-4
-4
-4
-4
-4
-3
-4
-4
-4
-4
-5
-4
-4
-5
-5
-4
-5
-4
-4
-4
-3
-3
-4
-4
-4
-5
-3
-4
-4
-4
-4
-3
-4
-3
-4
-4
-3
-3
-4
-4
-4
-4
-4
-5
-4
-4
-4
-5
-4
-4
-3
-4
-4
-4
-4
-3
-4
-3
-4
-4
-4
-4
-5
-4
-4
-4
-4
-4
-5
-4
-4
-4
-3
-3
-4
-4
-5
-4
-4
-3
-4
-4
-5
-2
-3
-3
-3
-3
-5
-4
-4
-3
-6
-5
-4
-3
-3
-4
-4
-4
-1
-13
-9
-8
-6
-10
-6
-10
-7
-6
-7
-7
-9
-8
-7
-8
-8
-8
-8
-9
-8
-8
-9
-8
-9
-7
-8
-7
-7
-8
-8
-8
-8
-8
-8
-8
-8
-8
-8
-8
-8
-8
-8
-7
-8
-9
-8
-8
-8
-8
-8
-8
-9
-8
-8
-9
-8
-8
-8
-8
-8
-8
-8
-7
-7
-8
-8
-8
-8
-8
-8
-8
-9
-8
-8
-8
-8
-8
-8
-9
-9
-8
-8
-8
-8
-8
-7
-8
-7
-9
-8
-8
-9
-8
-8
-8
-7
-8
-8
-8
-8
-8
-8
-8
-7
-8
-7
-8
-8
-8
-9
-9
-8
-8
-8
-8
-7
-8
-9
-8
-8
-8
-8
-7
-8
-9
-8
-8
-8
-8
-8
-7
-8
-8
-8
-8
-8
-8
-8
-8
-8
-8
-7
-8
-8
-8
-8
-8
-8
-8
-8
-8
-8
-8
-8
-8
-9
-9
-8
-8
-8
-8
-8
-8
-9
-8
-8
-9
-8
-8
-8
-8
-8
-8
-8
-8
-8
-8
-8
-8
-8
-8
-8
-8
-8
-9
-8
-8
-7
-8
-8
-9
-7
-8
-8
-8
-8
-8
-8
-8
-8
-8
-8
-9
-7
-8
-8
-9
-8
-8
-8
-7
-8
-9
-8
-8
-8
-8
-8
-8
-8
-7
-9
-8
-9
-8
-9
-9
-8
-8
-8
-7
-8
-8
-8
-8
-8
-7
-8
-9
-9
-8
-8
-8
-8
-8
-8
-8
-9
-8
-9
-8
-7
-8
-8
-8
-8
-7
-8
-8
-8
-8
-8
-9
-9
-8
-8
-8
-8
-9
-8
-7
-8
-7
-8
-8
-8
-8
-9
-8
-8
-8
-9
-8
-8
-8
-8
-8
-8
-8
-8
-9
-8
-8
-8
-7
-8
-7
-8
-9
-8
-7
-8
-8
-9
-8
-8
-8
-8
-8
-8
-7
-8
-7
-8
-8
-8
-8
-8
-7
-8
-7
-8
-8
-8
-7
-8
-8
-8
-8
-8
-9
-8
-8
-8
-8
-8
-8
-8
-8
-8
-9
-8
-8
-8
-8
-8
-8
-8
-8
-8
-8
-7
-8
-7
-8
-8
-7
-8
-8
-7
-8
-8
-7
-8
-8
-7
-8
-8
-8
-8
-8
-8
-8
-8
-8
-8
-8
-7
-8
-8
-9
-8
-8
-9
-8
-9
-8
-8
-7
-7
-8
-8
-8
-9
-8
-8
-8
-8
-8
-8
-7
-8
-8
-9
-8
-8
-8
-8
-9
-8
-7
-8
-8
-8
-8
-8
-9
-8
-8
-8
-8
-8
-8
-8
-7
-8
-8
-8
-8
-8
-9
-8
-8
-8
-8
-8
-7
-8
-8
-8
-8
-8
-8
-8
-7
-8
-9
-8
-9
-7
-8
-8
-8
-8
-9
-8
-9
-8
-8
-8
-8
-9
-7
-8
-8
-8
-7
-8
-9
-8
-7
-7
-8
-9
-8
-8
-8
-8
-8
-8
-8
-8
-9
-8
-8
-8
-8
-7
-9
-8
-8
-9
-8
-8
-8
-9
-8
-8
-8
-9
-9
-8
-11
-7
-7
-9
-7
-7
-10
-6
-7
-8
2
-4
-2
-4
-5
-5
-3
-6
-4
-4
-3
-4
-3
-4
-3
-5
-5
-5
-4
-4
-4
-4
-4
-4
-4
-4
-3
-4
-4
-4
-4
-4
-4
-4
-4
-3
-4
-4
-4
-4
-4
-4
-5
-4
-4
-4
-4
-4
-5
-5
-4
-4
-4
-3
-4
-3
-3
-5
-3
-4
-6
-2
-5
-5
4
0
0
0
-1
-1
2
-1
0
0
-1
-1
-1
0
-1
0
0
0
1
0
0
0
1
0
0
0
0
0
0
0
0
0
0
1
0
1
0
-1
0
0
-1
0
0
0
-1
0
0
0
-1
0
-1
1
0
2
1
1
0
0
0
2
1
3
1
0
-1
-2
-4
-3
-4
-4
-4
-4
-4
-4
-4
-5
-6
-2
-4
-4
-3
-2
-6
-8
1
-9
-4
-6
1
-5
-5
-4
-6
-5
-2
-6
-4
-5
-5
-5
-2
-5
-8
-3
-2
-6
-4
0
-2
0
1
1
-1
-1
-1
-2
0
2
-2
0
0
-1
0
-1
-2
2
2
4
10
-1
4
7
1
-8
-7
-3
-5
-6
-3
-2
-3
-5
-4
-2
-5
-3
-2
-2
-3
-5
-3
-5
-3
-4
-3
-3
0
-3
-3
-5
-4
-4
-4
-3
-2
1
-1
-4
-4
-4
-6
-4
3
-4
-6
-5
-10
-6
-4
-2
-1
-8
-9
-10
-7
-7
-10
-8
-12
-7
-8
-8
5
-10
-8
-5
-9
-12
-10
-5
-5
-4
3
2
-1
4
11
2
3
2
12
14
6
11
8
10
1
9
3
8
4
-3
4
4
5
-2
0
6
-2
-4
-5
-4
-9
-5
1
-12
-14
-7
-8
-13
-10
-17
-12
-11
-16
-18
-14
-13
-16
-21
-14
-16
-9
-15
-15
-18
-11
-18
-13
-14
-6
-10
-9
-3
-7
-5
-4
2
-5
-2
-5
-3
-5
-5
-4
-8
-6
1
-3
-2
2
1
7
7
-1
6
11
8
10
8
8
9
4
6
6
3
3
5
9
4
-2
5
6
4
7
4
6
14
9
10
17
13
13
16
8
9
16
12
9
8
-5
-16
-8
-6
-10
-11
-18
-21
-15
-18
-21
-18
-19
-25
-25
-20
-16
-21
-25
-22
-26
-29
-26
-28
-32
-28
-27
-35
-36
-30
-29
-29
-34
-34
-25
-23
-22
-14
-17
-20
-16
-16
-12
-1
-7
-12
-7
-3
-6
-11
-9
-3
-5
-4
-1
1
3
6
9
11
10
13
17
17
13
12
18
20
19
22
25
27
32
32
32
36
38
37
41
41
41
41
44
40
44
41
40
40
39
35
33
31
22
26
17
20
15
15
8
9
-2
-4
-7
-14
-10
-17
-16
-19
-18
-26
-24
-29
-28
-28
-29
-30
-33
-34
-34
-36
-36
-34
-39
-34
-38
-42
-45
-45
-56
-49
-56
-56
-54
-58
-55
-57
-58
-60
-59
-64
-56
-65
-59
-58
-62
-59
-58
-60
-56
-54
-50
-48
-43
-40
-40
-37
-32
-36
-28
-22
-24
-13
-11
-10
-3
0
-2
10
10
18
20
25
24
34
30
47
44
56
54
63
57
64
61
66
74
78
84
82
82
78
88
89
100
98
107
102
110
108
113
110
112
113
111
108
100
98
93
95
88
86
75
71
61
57
46
40
31
28
19
14
1
-9
-21
-26
-36
-38
-49
-53
-64
-69
-78
-83
-92
-97
-102
-108
-110
-119
-120
-130
-130
-137
-136
-142
-143
-147
-152
-154
-159
-160
-166
-170
-177
-182
-181
-186
-185
-197
-198
-208
-207
-214
-214
-219
-222
-225
-229
-228
-233
-229
-230
-219
-216
-205
-200
-189
-177
-165
-146
-133
-109
-93
-64
-45
-14
15
48
84
114
152
181
226
258
301
333
373
404
442
474
507
533
560
581
603
616
628
633
639
635
633
614
607
579
549
525
487
442
407
356
307
282
211
154
95
35
-24
-79
-148
-199
-251
-312
-356
-401
-438
-474
-504
-528
-552
-568
-576
-579
-577
-576
-564
-538
-515
-494
-463
-430
-388
-346
-312
-268
-231
-187
-152
-114
-84
-57
-29
-7
10
22
29
27
33
24
8
-8
-37
-64
-93
-128
-170
-209
-251
-293
-332
-361
-404
-435
-464
-483
-505
-500
-523
-511
-504
-491
-471
-445
-405
-350
-287
-238
-163
-103
-28
53
141
238
327
413
491
583
661
742
813
879
930
975
1004
1036
1060
1069
1061
1045
1013
988
951
906
849
782
705
633
557
481
402
310
216
125
40
-37
-109
-181
-251
-317
-377
-423
-460
-483
-507
-526
-550
-556
-554
-538
-529
-521
-513
-493
-464
-425
-379
-332
-291
-255
-222
-184
-130
-75
-37
-14
7
18
34
60
85
87
73
60
40
26
15
5
-31
-71
-122
-164
-206
-239
-279
-334
-397
-451
-496
-537
-574
-611
-657
-703
-742
-767
-780
-789
-802
-824
-840
-840
-825
-794
-756
-725
-698
-649
-588
-510
-418
-329
-251
-170
-69
17
131
266
400
481
562
653
763
878
988
1061
1108
1149
1191
1237
1289
1310
1286
1240
1197
1155
1111
1063
989
883
769
670
584
494
401
298
188
68
-25
-109
-175
-243
-326
-395
-470
-504
-526
-531
-535
-547
-556
-543
-519
-464
-419
-371
-337
-303
-250
-186
-113
-47
15
54
98
149
211
261
307
300
336
349
358
368
371
381
374
323
256
199
174
147
107
30
-77
-170
-240
-279
-333
-416
-520
-623
-686
-743
-787
-848
-913
-983
-1017
-1054
-1079
-1096
-1109
-1104
-1089
-1091
-1091
-1072
-1027
-951
-877
-824
-786
-731
-624
-479
-334
-229
-151
-61
83
269
452
587
661
738
846
1012
1157
1254
1288
1294
1328
1393
1465
1508
1466
1391
1329
1296
1273
1218
1109
985
879
777
676
563
435
319
214
107
-14
-135
-229
-290
-337
-402
-490
-573
-612
-596
-558
-548
-588
-630
-616
-534
-435
-373
-357
-350
-304
-202
-76
22
69
98
156
252
356
426
448
467
496
534
572
569
538
506
481
468
432
353
252
185
123
29
-22
-120
-254
-354
-447
-496
-562
-657
-772
-873
-925
-968
-1006
-1070
-1141
-1199
-1238
-1262
-1269
-1273
-1299
-1312
-1315
-1305
-1277
-1233
-1159
-1108
-1065
-1007
-935
-805
-655
-519
-409
-323
-201
-33
169
369
507
607
704
844
1032
1203
1318
1364
1391
1445
1516
1593
1628
1599
1533
1453
1402
1363
1308
1212
1078
924
787
697
576
461
344
170
10
-133
-228
-304
-383
-472
-592
-690
-758
-765
-744
-734
-747
-776
-772
-709
-592
-474
-395
-349
-293
-184
-27
131
246
316
381
476
598
712
786
824
848
877
906
915
897
856
813
771
718
630
513
401
306
226
128
-8
-162
-302
-402
-484
-564
-666
-784
-894
-984
-1032
-1085
-1165
-1220
-1263
-1305
-1336
-1364
-1376
-1359
-1341
-1333
-1334
-1336
-1310
-1239
-1136
-1050
-1010
-992
-934
-788
-586
-411
-316
-274
-193
-20
222
460
606
652
704
842
1055
1267
1389
1409
1400
1441
1544
1654
1684
1627
1537
1452
1407
1383
1310
1178
1026
868
722
586
447
312
179
33
-126
-291
-429
-515
-563
-613
-705
-828
-925
-955
-906
-843
-828
-858
-882
-825
-697
-559
-464
-421
-367
-269
-120
41
158
224
284
391
529
638
690
710
750
817
873
880
835
775
748
763
762
690
550
412
332
298
252
145
-13
-167
-274
-335
-395
-493
-615
-720
-801
-862
-937
-1002
-1057
-1112
-1158
-1192
-1241
-1298
-1316
-1269
-1242
-1250
-1322
-1345
-1198
-1123
-1004
-980
-995
-989
-853
-646
-432
-325
-299
-276
-123
145
429
592
631
661
789
1019
1261
1413
1441
1408
1428
1541
1681
1735
1671
1557
1481
1454
1432
1367
1240
1074
911
775
648
510
356
208
65
-89
-251
-394
-487
-542
-598
-691
-818
-905
-913
-856
-781
-779
-826
-838
-764
-604
-456
-389
-341
-323
-285
-93
108
229
293
314
414
561
696
762
777
797
827
904
945
908
823
756
751
749
688
551
390
270
210
168
71
-100
-296
-430
-486
-528
-629
-781
-928
-1016
-1052
-1084
-1142
-1222
-1293
-1336
-1347
-1356
-1367
-1374
-1361
-1329
-1320
-1322
-1320
-1248
-1110
-995
-946
-967
-938
-807
-568
-331
-226
-195
-191
-28
309
565
726
773
757
870
1119
1398
1545
1533
1462
1461
1593
1755
1819
1725
1563
1463
1446
1457
1401
1251
1055
886
765
659
527
360
192
50
-82
-231
-384
-505
-575
-624
-701
-820
-938
-997
-965
-885
-841
-882
-942
-915
-775
-599
-479
-442
-431
-350
-172
38
184
242
280
373
526
682
772
793
803
837
887
930
919
862
811
780
753
688
568
432
341
269
182
55
-117
-266
-375
-444
-527
-626
-769
-888
-976
-1034
-1081
-1148
-1223
-1283
-1329
-1368
-1405
-1408
-1393
-1344
-1342
-1370
-1402
-1358
-1237
-1096
-1015
-1024
-1020
-928
-707
-456
-295
-251
-240
-124
145
461
678
733
723
812
1045
1331
1530
1561
1500
1487
1579
1744
1855
1805
1664
1527
1486
1494
1482
1365
1174
971
800
678
558
398
218
41
-130
-296
-448
-582
-667
-734
-828
-936
-1043
-1104
-1093
-1030
-994
-1002
-1017
-997
-856
-693
-558
-479
-441
-359
-204
-17
165
279
351
434
557
701
820
888
927
962
996
1011
995
965
934
892
827
731
617
504
409
325
215
56
-137
-301
-407
-477
-565
-694
-845
-976
-1057
-1091
-1117
-1178
-1265
-1340
-1376
-1391
-1391
-1383
-1368
-1346
-1324
-1314
-1315
-1289
-1199
-1075
-978
-943
-932
-870
-705
-466
-254
-150
-128
-69
123
425
711
862
883
896
1029
1293
1566
1709
1693
1625
1628
1746
1885
1911
1798
1627
1493
1452
1439
1353
1183
955
754
612
473
356
218
-9
-213
-350
-488
-615
-728
-833
-905
-972
-1056
-1125
-1147
-1109
-1050
-1013
-1006
-999
-929
-768
-585
-454
-392
-345
-230
-40
168
336
420
462
559
706
845
947
978
977
995
1013
1001
968
917
868
809
722
600
454
327
243
161
25
-181
-393
-525
-571
-609
-711
-904
-1095
-1204
-1199
-1167
-1202
-1307
-1427
-1474
-1463
-1419
-1373
-1388
-1410
-1411
-1391
-1341
-1262
-1167
-1074
-1000
-971
-945
-847
-637
-380
-201
-149
-163
-89
176
538
814
898
846
849
1055
1399
1685
1768
1673
1582
1640
1820
1967
1957
1805
1631
1539
1534
1517
1403
1203
993
822
676
526
351
182
41
-91
-258
-465
-630
-705
-713
-726
-822
-971
-1083
-1063
-958
-903
-912
-965
-975
-861
-670
-483
-414
-409
-364
-218
11
209
323
370
420
527
665
788
866
908
939
963
952
910
865
838
827
773
644
484
349
251
176
57
-113
-295
-452
-551
-620
-710
-846
-1000
-1116
-1174
-1217
-1267
-1311
-1349
-1372
-1425
-1481
-1503
-1475
-1388
-1337
-1325
-1369
-1396
-1296
-1137
-987
-935
-945
-905
-747
-439
-174
-88
-117
-108
112
485
844
1012
977
953
1091
1416
1753
1907
1863
1763
1775
1928
2098
2133
2006
1815
1689
1666
1661
1580
1381
1127
905
746
623
477
296
100
-85
-263
-435
-597
-720
-798
-854
-930
-1028
-1133
-1189
-1158
-1096
-1042
-1030
-1046
-1010
-883
-682
-510
-429
-400
-362
-210
24
267
386
344
394
496
623
803
895
929
906
879
883
895
897
826
723
604
509
435
340
215
46
-128
-289
-417
-528
-642
-763
-896
-1033
-1166
-1282
-1367
-1418
-1445
-1474
-1521
-1587
-1643
-1651
-1597
-1520
-1483
-1498
-1521
-1477
-1338
-1161
-1047
-1032
-1032
-941
-711
-406
-159
-63
-65
10
248
614
946
1116
1143
1176
1341
1624
1916
2033
2007
1981
2035
2184
2291
2277
2127
1937
1841
1835
1827
1711
1483
1225
1010
848
710
542
318
96
-102
-289
-460
-627
-789
-923
-1019
-1103
-1189
-1256
-1285
-1280
-1264
-1259
-1263
-1233
-1137
-983
-812
-685
-614
-562
-456
-267
-35
170
312
401
480
578
707
852
976
1044
1052
1037
1045
1059
1049
984
853
711
603
540
474
351
130
-124
-310
-418
-473
-576
-768
-984
-1165
-1260
-1311
-1372
-1467
-1581
-1655
-1672
-1667
-1681
-1716
-1732
-1703
-1655
-1625
-1603
-1545
-1417
-1261
-1152
-1119
-1103
-987
-721
-387
-136
-50
-49
39
312
705
1039
1192
1209
1257
1461
1776
2043
2146
2109
2072
2149
2307
2435
2407
2219
2013
1891
1875
1865
1728
1499
1238
965
782
672
517
298
36
-212
-396
-560
-716
-867
-1026
-1148
-1237
-1323
-1388
-1420
-1414
-1392
-1374
-1364
-1344
-1277
-1122
-921
-751
-652
-593
-490
-292
-24
231
396
478
552
677
865
1054
1172
1203
1187
1183
1226
1278
1268
1173
1019
865
765
697
602
445
218
-25
-207
-341
-464
-609
-809
-1026
-1207
-1345
-1433
-1518
-1642
-1750
-1819
-1876
-1914
-1951
-1991
-1986
-1945
-1916
-1905
-1888
-1821
-1677
-1508
-1387
-1325
-1269
-1127
-854
-530
-281
-161
-94
55
369
770
1089
1231
1277
1393
1658
1998
2256
2323
2257
2229
2340
2530
2627
2544
2335
2129
2043
2053
2010
1830
1535
1223
1005
866
716
499
209
-81
-313
-494
-646
-810
-981
-1136
-1274
-1373
-1459
-1557
-1580
-1540
-1517
-1511
-1520
-1492
-1374
-1200
-1001
-832
-736
-649
-519
-304
-18
231
405
511
593
746
967
1177
1307
1336
1314
1305
1351
1428
1439
1339
1160
973
857
797
704
541
305
41
-179
-333
-459
-615
-830
-1072
-1289
-1448
-1559
-1654
-1754
-1876
-1994
-2090
-2156
-2167
-2140
-2106
-2090
-2119
-2139
-2071
-1926
-1708
-1505
-1456
-1429
-1308
-1068
-720
-405
-198
-116
-10
260
672
1091
1333
1411
1462
1651
2014
2380
2570
2542
2432
2422
2582
2789
2856
2716
2458
2250
2176
2168
2101
1882
1556
1242
1025
883
729
497
199
-92
-346
-520
-662
-804
-950
-1135
-1286
-1407
-1492
-1519
-1517
-1473
-1455
-1451
-1465
-1434
-1328
-1121
-917
-754
-660
-588
-450
-303
49
285
394
441
549
750
1005
1181
1264
1245
1225
1245
1344
1420
1387
1235
1054
936
863
766
611
414
212
-2
-216
-418
-598
-781
-979
-1192
-1399
-1586
-1760
-1874
-1950
-2034
-2173
-2362
-2453
-2419
-2306
-2229
-2276
-2362
-2402
-2277
-2003
-1725
-1588
-1613
-1611
-1385
-933
-477
-225
-184
-152
101
585
1100
1415
1467
1450
1595
1982
2466
2759
2710
2523
2484
2667
2924
3038
2910
2621
2353
2244
2262
2235
2025
1652
1274
1023
871
701
454
154
-156
-434
-664
-847
-1011
-1175
-1346
-1518
-1663
-1757
-1820
-1843
-1809
-1772
-1777
-1790
-1739
-1581
-1369
-1189
-1055
-924
-758
-541
-274
-7
200
359
513
707
952
1174
1297
1352
1424
1526
1601
1626
1614
1549
1446
1359
1280
1193
1065
870
666
494
315
104
-137
-371
-561
-746
-967
-1206
-1421
-1582
-1702
-1810
-1936
-2110
-2290
-2380
-2345
-2261
-2266
-2399
-2524
-2476
-2251
-1990
-1830
-1800
-1806
-1688
-1348
-868
-475
-327
-331
-222
174
756
1235
1436
1444
1499
1763
2215
2660
2868
2792
2636
2647
2887
3136
3162
2951
2659
2457
2385
2347
2277
2081
1709
1317
1058
907
765
523
178
-155
-426
-656
-867
-1054
-1204
-1356
-1539
-1717
-1831
-1872
-1872
-1842
-1793
-1777
-1806
-1790
-1637
-1376
-1147
-1044
-1001
-869
-603
-282
-4
205
334
431
606
907
1225
1395
1382
1347
1433
1594
1697
1680
1587
1461
1334
1253
1205
1119
917
632
399
244
86
-127
-394
-628
-824
-1082
-1315
-1456
-1598
-1737
-1871
-2046
-2217
-2364
-2447
-2403
-2322
-2357
-2525
-2676
-2620
-2365
-2084
-1929
-1929
-1964
-1856
-1501
-987
-558
-405
-442
-354
72
704
1216
1429
1439
1478
1751
2259
2774
3037
2956
2736
2744
3040
3359
3434
3173
2778
2520
2472
2537
2504
2201
1696
1236
1016
968
841
496
22
-380
-620
-777
-929
-1130
-1393
-1647
-1840
-1927
-1927
-1985
-2103
-2133
-2050
-1956
-1931
-1896
-1743
-1522
-1319
-1158
-998
-797
-590
-352
-30
276
454
555
707
994
1295
1439
1470
1525
1614
1666
1679
1696
1689
1588
1424
1295
1221
1098
874
649
486
289
4
-285
-490
-648
-875
-1197
-1495
-1671
-1776
-1914
-2092
-2269
-2455
-2618
-2634
-2521
-2472
-2603
-2810
-2829
-2578
-2267
-2078
-2033
-2043
-1923
-1595
-1119
-639
-393
-411
-362
46
715
1276
1481
1461
1527
1830
2315
2809
3110
3092
2890
2853
3150
3530
3623
3355
2979
2747
2686
2680
2604
2368
1940
1469
1172
1082
972
644
165
-242
-483
-658
-871
-1104
-1319
-1536
-1772
-1937
-1982
-2012
-2088
-2150
-2107
-2014
-1968
-1960
-1841
-1627
-1388
-1243
-1098
-904
-666
-420
-255
108
376
552
669
858
1139
1383
1529
1644
1712
1749
1718
1773
1861
1872
1735
1506
1329
1227
1131
980
772
500
145
-197
-405
-502
-682
-1033
-1425
-1693
-1829
-1928
-2067
-2265
-2501
-2704
-2769
-2686
-2601
-2679
-2871
-2936
-2753
-2473
-2286
-2235
-2224
-2083
-1731
-1198
-700
-472
-475
-448
-34
676
1298
1581
1565
1597
1907
2488
3079
3364
3280
3054
3039
3376
3793
3879
3551
3077
2807
2793
2877
2838
2500
1978
1491
1258
1201
1019
581
-15
-481
-726
-888
-1081
-1334
-1607
-1874
-2090
-2218
-2291
-2372
-2453
-2460
-2385
-2329
-2353
-2340
-2172
-1903
-1685
-1550
-1412
-1200
-908
-562
-212
72
242
371
597
941
1261
1434
1518
1647
1830
1952
1955
1886
1798
1698
1602
1547
1516
1408
1178
916
703
500
226
-86
-348
-571
-828
-1119
-1388
-1618
-1858
-2113
-2343
-2527
-2692
-2830
-2884
-2861
-2872
-2984
-3087
-3023
-2821
-2653
-2605
-2551
-2325
-1885
-1345
-892
-669
-628
-523
-110
579
1236
1560
1595
1689
2099
2733
3273
3482
3382
3231
3315
3693
4104
4219
3947
3522
3251
3205
3186
2987
2604
2173
1824
1602
1432
1154
672
92
-389
-712
-957
-1195
-1426
-1633
-1834
-2058
-2309
-2547
-2714
-2778
-2743
-2662
-2614
-2615
-2568
-2372
-2078
-1845
-1742
-1689
-1525
-1168
-682
-216
119
292
395
568
893
1256
1500
1635
1784
1987
2148
2189
2127
2004
1861
1730
1623
1524
1398
1243
1079
900
672
334
-95
-473
-739
-937
-1142
-1404
-1639
-1825
-2077
-2348
-2565
-2769
-2929
-3066
-3174
-3146
-3030
-2961
-2928
-2918
-2904
-2824
-2572
-2093
-1519
-1099
-917
-806
-517
-9
569
1038
1315
1489
1764
2279
2969
3561
3779
3649
3509
3648
4007
4327
4420
4273
4016
3800
3681
3585
3374
2978
2476
2051
1792
1605
1342
942
417
-161
-678
-1033
-1254
-1452
-1716
-2061
-2371
-2624
-2785
-2896
-2998
-3092
-3175
-3217
-3225
-3013
-2696
-2465
-2254
-2110
-1934
-1732
-1492
-1124
-674
-163
259
516
778
1114
1525
1953
2194
2267
2282
2265
2353
2461
2446
2340
2138
1983
1904
1706
1372
920
459
163
-93
-370
-679
-1107
-1547
-2015
-2527
-2970
-3395
-3717
-3827
-3817
-3764
-3865
-4150
-4379
-4467
-4390
-4253
-4220
-4082
-3621
-2778
-1589
-429
301
539
504
609
1110
1946
2946
3917
4725
5320
5693
5906
6012
5970
5743
5393
5121
5147
5461
5762
5660
4975
3851
2651
1704
1068
533
-66
-654
-1076
-1325
-1583
-2095
-2919
-3921
-4870
-5497
-5672
-5407
-4873
-4401
-4105
-3951
-3936
-3902
-3728
-3395
-2803
-2074
-1305
-416
524
1439
2153
2459
2544
2592
2701
3028
3490
3947
4270
4336
4311
4257
4022
3605
3031
2375
1798
1368
1034
719
342
-143
-788
-1517
-2186
-2753
-3260
-3664
-3888
-3944
-3935
-3944
-4001
-4108
-4255
-4416
-4523
-4537
-4497
-4427
-4221
-3785
-3221
-2746
-2426
-2163
-1894
-1644
-1429
-1244
-1056
-793
-282
710
2184
3662
4527
4663
4489
4390
4406
4470
4667
5161
5890
6492
6623
6371
6067
5799
5298
4321
3046
1989
1534
1621
1828
1731
1140
135
-1020
-2026
-2813
-3482
-4132
-4616
-4666
-4261
-3644
-3264
-3367
-3769
-4124
-4357
-4419
-4260
-3787
-2872
-1956
-1076
-326
175
729
1017
1354
1727
1875
2276
2791
3614
4458
4666
4596
4290
3984
3762
3238
2790
2405
2179
2263
2197
2107
1728
1183
604
-155
-789
-1627
-2318
-2815
-3027
-2828
-2820
-2804
-3089
-3406
-3516
-3818
-3895
-4166
-4256
-4020
-3785
-3214
-2996
-2764
-2685
-2794
-2832
-3143
-3069
-3011
-2614
-2115
-1752
-1169
-1084
-737
-733
-1011
-1033
-1061
203
1632
2904
3944
4168
4807
4721
4514
4392
4187
4802
4896
5205
5360
5488
6105
6127
6010
4977
3458
2179
1162
1037
979
739
244
-485
-863
-1247
-1762
-2653
-3760
-4586
-5049
-4973
-4702
-4321
-3967
-3710
-3462
-3254
-3141
-3080
-3119
-3112
-2688
-2225
-1349
-425
769
2322
3202
3827
3692
3620
3820
3565
3575
3330
3601
4083
4169
4544
4297
4273
3948
2968
2426
1374
710
223
-155
-15
-210
-634
-1466
-2028
-2486
-2986
-3744
-4696
-5001
-5042
-4734
-4490
-4353
-4149
-4070
-4204
-4287
-4184
-4191
-4094
-4426
-4512
-4127
-3817
-3054
-2605
-2059
-1289
-1177
-954
-943
-1040
-710
-904
-494
675
2074
4180
5316
6097
6647
6117
5891
5215
4908
5349
5201
5349
5156
5280
6112
6349
6392
5248
3412
1879
334
-291
-683
-1238
-1774
-2439
-2501
-2248
-2178
-2809
-3797
-4583
-5104
-5173
-5403
-5109
-4569
-4162
-3381
-2950
-2035
-1362
-1249
-769
-783
-213
18
54
1084
1783
3428
4198
4569
5358
5222
5909
5211
4473
3960
2995
3195
2509
2565
2655
2373
2587
1851
1680
1141
205
-473
-1664
-2225
-2889
-3498
-3538
-3581
-3435
-3623
-3913
-4161
-4239
-4322
-4437
-4501
-4585
-4324
-4357
-3854
-3518
-3509
-2981
-3283
-2843
-2595
-2871
-2415
-2842
-2123
-1541
-1581
-664
-1317
-850
-459
-778
1163
1775
3701
5344
5244
6818
5976
5930
5768
4821
5973
5257
5280
4997
4570
5726
5681
6045
5284
3710
2565
886
269
-403
-1275
-1920
-2967
-3098
-2933
-2895
-3012
-3727
-4210
-4368
-4301
-4392
-4637
-4692
-4408
-3850
-3531
-2875
-2110
-1650
-1100
-821
-310
166
297
987
1768
2513
3139
3286
3818
4581
5037
5389
5058
4503
4054
3349
3119
2907
2699
2544
1936
1585
1412
1343
1233
645
-83
-831
-1562
-2242
-2851
-3277
-3610
-3919
-4298
-4420
-4337
-4107
-3907
-3914
-3842
-3946
-3918
-3940
-3875
-4008
-4361
-4303
-4356
-3740
-3419
-3209
-2807
-3022
-2256
-2044
-1913
-1514
-2006
-1299
-1391
-829
918
2255
4870
5597
6806
7779
7372
7457
6112
6894
7095
6286
5427
4087
5239
6101
6862
6859
5801
4682
2936
1782
927
-116
-1840
-3642
-4812
-5074
-4766
-4613
-4613
-4894
-4984
-4805
-4605
-4510
-4636
-4766
-4968
-5203
-5031
-4318
-3264
-2408
-1735
-939
164
1077
1823
2637
3300
4206
4280
4453
4776
4893
5612
5381
5445
5162
4466
4338
3829
4000
3803
3075
2250
1451
1316
1272
912
82
-769
-1556
-2116
-2675
-3212
-3655
-4092
-4579
-4997
-5069
-5062
-4580
-4690
-4551
-4417
-4299
-3869
-4323
-4353
-4425
-4405
-4202
-4465
-3973
-3568
-3315
-2866
-3032
-2113
-2401
-1639
-2018
-1381
-691
112
2240
3310
5646
6141
7503
8061
7574
7448
6583
7884
7603
6791
5370
4618
5672
6332
6500
5899
4609
3612
2395
1897
944
-19
-2356
-3597
-5118
-5187
-5251
-5514
-5832
-6165
-5923
-4863
-4340
-3607
-3836
-4137
-4310
-4322
-3948
-3626
-3370
-2992
-2432
-1532
-448
625
1649
2732
3803
4793
5317
5430
5375
5469
5701
5714
5212
4300
3461
3111
3258
3477
3442
3010
2481
2104
1867
1699
1204
390
-655
-1717
-2561
-3099
-3570
-3936
-4251
-4704
-4593
-4733
-4463
-4131
-4243
-3774
-4084
-4043
-4169
-4552
-4464
-4501
-4701
-4452
-4546
-4530
-4079
-4006
-3380
-2997
-3146
-2533
-2371
-2469
-1239
-1916
1203
2198
4974
5921
6902
8893
8502
8445
7551
8928
8486
8025
5033
4871
5940
6337
7070
5390
5085
4559
3104
3395
1856
1121
-724
-3432
-4112
-5312
-5189
-5624
-6715
-7009
-6935
-5493
-4654
-4070
-3957
-3419
-3141
-3539
-4032
-3995
-3438
-3754
-3409
-3265
-2075
-1057
-431
1445
2859
5139
5840
5954
6729
6698
7189
6426
5181
4429
3166
2686
2504
2110
2559
2577
2405
2804
2602
2707
2378
1211
839
-234
-1473
-2640
-4463
-4872
-5285
-5703
-5675
-6072
-5431
-4634
-3783
-3017
-2970
-2900
-3070
-3700
-4241
-4738
-5228
-5586
-6340
-6066
-5387
-4664
-3530
-3314
-2336
-1589
-1446
-950
-1296
-596
897
2302
4432
5748
6805
7948
7763
8005
9081
10104
10583
8597
6331
6241
6751
7578
7084
5572
4864
3348
2496
2274
1793
1143
-1108
-2954
-3653
-3942
-4299
-5583
-6918
-7346
-7075
-6443
-6105
-6121
-5268
-4440
-3597
-3091
-3354
-2782
-2778
-2706
-2303
-2321
-1345
-1232
-984
632
2137
4000
4509
4805
6148
7173
7818
7301
6390
5644
4864
3553
2609
2179
1707
1596
874
1151
1612
1636
1692
1057
1145
914
-18
-1492
-3180
-3989
-4335
-5002
-6111
-7016
-7025
-5978
-5228
-4519
-4020
-3660
-2941
-2991
-2965
-3297
-3846
-4402
-5166
-5251
-5557
-5501
-5306
-5253
-3892
-2830
-2532
-1413
-1279
-345
2201
3811
6414
7264
7586
8705
7486
7690
8266
9011
9755
7266
5463
5962
6674
7809
7440
5904
5722
4084
3140
3059
1849
1001
-2225
-4157
-4483
-5301
-4987
-6921
-8070
-7611
-7585
-5952
-5674
-5606
-4482
-4007
-3045
-3165
-3543
-3070
-2990
-3027
-3034
-2712
-1977
-1739
-1489
258
2353
4096
4768
5203
6481
7409
8256
7782
6811
6074
4864
4078
2842
2077
1536
664
719
718
1308
1805
1699
1878
1326
1091
490
-735
-1871
-3292
-3990
-4960
-6326
-7250
-7204
-6143
-5368
-5206
-4739
-3723
-2798
-2153
-2343
-2621
-2750
-3323
-4168
-5050
-5195
-5629
-6081
-5917
-5619
-4107
-3287
-2757
-1814
-1627
680
3082
5342
7631
7867
8899
8706
7924
8550
9034
9884
8892
6020
5158
5813
6762
7771
6368
5914
5504
3718
4049
3054
2229
502
-2957
-3746
-4677
-5369
-6278
-8337
-8402
-8221
-7922
-6770
-6641
-5742
-4409
-3866
-3145
-3380
-2976
-2041
-2360
-2366
-2720
-2600
-1796
-2113
-1079
917
2557
4058
4526
5842
7572
8640
9222
8390
7491
6586
5338
4502
3010
1622
1143
209
-139
2
242
1023
849
1054
1380
914
427
-833
-1739
-2392
-3656
-5232
-6783
-7334
-6960
-6527
-6411
-6197
-5449
-4092
-2874
-2251
-1957
-1884
-1994
-2616
-3310
-3810
-4377
-5291
-5971
-5956
-5242
-4462
-4274
-3605
-2787
-596
2440
5040
7691
8870
10079
10442
9971
10197
10465
10687
9051
6267
4394
4731
5656
5951
5327
4194
3964
3265
3571
3838
3037
1439
-1408
-2943
-3775
-4577
-5973
-8062
-9241
-9403
-8928
-8211
-7683
-6986
-5531
-4293
-3110
-2654
-2348
-1289
-1246
-1164
-1439
-1723
-1300
-1907
-1537
-350
819
2290
2683
4000
6078
7505
8581
8400
8108
7771
6757
5414
3671
2302
1364
324
-735
-1333
-1334
-903
-417
-261
-12
333
232
-288
-838
-1236
-2092
-3567
-5240
-6216
-6344
-6205
-6295
-6846
-6164
-5006
-3950
-3062
-3152
-2569
-2235
-1963
-1965
-2749
-3167
-4177
-5036
-5136
-5443
-5203
-5357
-5171
-4374
-2976
150
3025
6111
8192
10161
10543
10934
10637
12158
12716
10918
8080
4726
5292
5768
6067
5142
3528
2913
2491
2682
3521
2999
1729
-495
-1766
-2181
-2808
-4502
-6584
-8443
-9143
-8905
-9140
-8841
-9007
-6979
-5745
-4808
-4297
-3582
-2090
-724
-592
-305
-671
-375
-547
-740
604
1441
1924
2336
2740
4596
6002
7059
7407
7024
7426
6793
5886
4805
3323
2638
1121
68
-822
-1355
-1037
-1149
-972
-833
-640
-777
-979
-1306
-1214
-1445
-2919
-4098
-5370
-5197
-5137
-5835
-6098
-6451
-5511
-4651
-4003
-3515
-3479
-3223
-2952
-2828
-2947
-3441
-4222
-4569
-5090
-4672
-4286
-4364
-4341
-4454
-2156
810
3945
6534
7964
9365
10071
10941
12039
13374
12957
10939
8144
6516
6861
6825
6901
4672
3012
2588
2052
3095
2387
1504
348
-1306
-1738
-2581
-3007
-3995
-6328
-7439
-7929
-8073
-7463
-8292
-7979
-6869
-6047
-4831
-5130
-3921
-2493
-1428
-507
-1018
-487
-117
69
507
1450
2501
2987
2945
3386
5194
6121
6676
6212
6231
6827
6119
5553
4014
3272
2701
1432
663
-755
-1081
-997
-1233
-1059
-1487
-1456
-1514
-2115
-2132
-2192
-2353
-3213
-4550
-5000
-4815
-4755
-5161
-5558
-5326
-4628
-4097
-3699
-3421
-3249
-3051
-2880
-2710
-2955
-3381
-3847
-4169
-4308
-4361
-3912
-4039
-3910
-3687
-1523
1140
3857
6004
7511
9274
9388
10535
11184
13530
12852
11246
7710
6766
7007
7688
6965
4643
2698
1911
1728
2546
2151
1460
-59
-1341
-1614
-2055
-2526
-3904
-5686
-6600
-6883
-6879
-7239
-7615
-7455
-6439
-5559
-5160
-5125
-4268
-2624
-1502
-814
-1074
-684
-507
528
1205
2082
2915
2671
3335
3088
5103
5145
6167
4999
5383
5112
5078
4625
3089
3232
2018
2184
591
-197
-704
-651
-616
-853
-1498
-1473
-1874
-2098
-2338
-2571
-2824
-3794
-4846
-4981
-4766
-4445
-5162
-5487
-5393
-4339
-3898
-3826
-3856
-3858
-3115
-3230
-3069
-3944
-4026
-5083
-4369
-5223
-3712
-4499
-3963
-4393
-3336
-566
2153
5370
6485
8420
8610
10663
11085
13231
13403
12456
10436
7745
8043
7810
8246
6041
3647
1998
1783
2088
2293
1026
320
-1060
-1512
-1703
-2248
-2843
-4231
-5719
-6191
-6969
-6942
-7483
-7690
-6759
-6461
-5469
-5693
-5035
-3820
-2143
-1301
-828
-1369
-292
220
1742
2189
3068
3292
3830
3880
4940
5388
5973
5623
5009
5386
4847
4882
3385
2653
2048
1655
1157
141
-758
-758
-912
-616
-1133
-1622
-1808
-2076
-2231
-2486
-3002
-3400
-4282
-4728
-4655
-4499
-4332
-4928
-4937
-4498
-3923
-3540
-3858
-3696
-3514
-2824
-2739
-2952
-3519
-4252
-4447
-4704
-4255
-4064
-3989
-3968
-4088
-2529
-157
2980
5582
6964
8306
8841
10376
11246
13222
12977
12248
9390
7918
7711
7813
7650
5227
3460
1924
1930
2100
1879
782
-96
-1290
-1458
-1996
-2545
-3268
-4487
-5372
-5905
-6456
-6334
-7047
-6725
-6495
-5974
-5595
-5881
-5000
-3916
-2356
-1588
-1324
-1318
-233
480
2049
2508
3323
3658
4041
4674
5170
5610
5657
5076
4764
4598
4272
3768
2520
1721
1657
1268
1045
-260
-804
-623
-443
-53
-835
-1277
-1702
-2055
-2052
-2619
-2965
-3790
-4624
-4899
-4915
-4560
-4663
-4993
-4737
-4113
-3365
-3181
-3462
-3342
-2981
-2540
-2603
-3111
-3715
-4211
-4391
-4656
-4599
-4788
-4886
-4736
-4520
-2599
-592
2480
4580
6378
7758
8740
10166
11199
13097
12793
12376
9275
8372
7597
8264
7526
5607
3328
2213
1823
2298
1711
1043
-83
-1028
-1416
-1841
-2062
-2679
-3797
-4452
-5157
-5287
-5779
-6508
-6582
-6282
-5723
-5545
-5909
-5485
-4305
-3101
-2065
-1991
-1562
-500
358
1761
2443
3290
4021
4044
4569
4836
5391
5519
4991
4646
4417
4153
3495
2426
1764
1718
1305
775
-342
-670
-227
-142
108
-727
-1072
-1336
-1849
-1834
-2502
-2902
-3775
-4734
-4898
-4720
-4382
-4642
-5169
-4963
-4143
-3186
-3092
-3230
-3253
-2727
-2177
-2514
-2877
-3735
-3968
-4583
-4556
-4957
-4454
-4948
-4625
-4791
-3465
-1395
712
3917
5240
7541
7960
9329
10493
12562
13228
13050
10680
8870
8123
8057
8152
6045
4124
2052
1659
1810
1448
876
-253
-1153
-1352
-1687
-1562
-2319
-3314
-4209
-4780
-4896
-5392
-6213
-6709
-6474
-5880
-5730
-6185
-6199
-5351
-3815
-2456
-2191
-1663
-1069
238
1445
2553
3225
3795
4283
4294
5357
5358
6253
5241
5121
4687
4519
4429
3008
2376
1632
1564
1046
183
-619
-493
-304
29
-427
-876
-1129
-1283
-1455
-1761
-2354
-2959
-3834
-4360
-4388
-4407
-4422
-5179
-5130
-4802
-3741
-3373
-3548
-3518
-3411
-2169
-2440
-2088
-3722
-3406
-4316
-3751
-4472
-4912
-4899
-5462
-4237
-4585
-2778
-1994
328
2668
4957
7369
8174
9642
10043
12514
12983
13630
11323
9485
8519
8376
8653
6871
4599
2607
1659
2023
1652
856
-367
-1549
-1863
-1851
-2094
-2368
-3700
-4554
-4994
-5104
-4927
-5994
-6694
-6923
-6401
-5670
-6289
-6583
-6038
-4543
-2950
-2474
-2234
-1369
-85
1490
2547
3265
4181
4437
5080
5686
6155
6549
5725
5118
4693
4589
4273
2845
1783
1303
1308
1175
153
-612
-359
193
555
-19
-753
-954
-1157
-965
-1349
-1895
-2776
-4044
-4442
-4506
-4063
-4282
-4966
-5077
-4637
-3599
-3214
-3483
-3776
-3397
-2649
-2384
-2742
-3608
-3891
-3937
-3683
-4043
-4446
-4953
-5053
-4615
-3969
-3036
-2541
-970
702
3892
6054
8074
8296
9551
10508
12618
13127
12588
10784
9086
8982
8642
8425
6333
4375
2473
2153
1666
1297
-169
-1221
-2315
-2340
-2295
-2554
-3235
-4222
-4901
-4884
-4968
-5277
-6284
-6868
-6818
-6422
-6267
-6652
-6753
-6001
-4589
-3644
-2836
-2482
-1379
-240
1190
2374
3477
4161
4856
5212
6424
6764
7057
6034
5412
4999
4856
4087
2789
1820
1343
1539
819
389
-413
103
538
923
637
-78
-363
-644
-458
-945
-1638
-2919
-3915
-4423
-4366
-4191
-4592
-5185
-5505
-5041
-4145
-3979
-3948
-4387
-3754
-3449
-3129
-3494
-3920
-3782
-4041
-3758
-4628
-4517
-5186
-4639
-4590
-3887
-3385
-2922
-1540
22
3200
5258
7430
7881
8941
10160
11948
13330
13010
12003
10133
9775
9342
9384
7690
5818
3721
2662
2100
1196
175
-1252
-2017
-2434
-2680
-2948
-3694
-4334
-4814
-4930
-4954
-5555
-6250
-6974
-6676
-6476
-6305
-7037
-7332
-6767
-5518
-4110
-3729
-3192
-2605
-964
766
2244
3478
4036
5143
5619
6877
7200
7567
6963
6307
5793
5187
4692
3432
2782
1884
1903
1067
582
-46
180
697
780
516
-105
-275
-355
-288
-757
-1361
-2510
-3325
-3887
-3871
-3990
-4503
-5301
-5548
-5161
-4512
-4335
-4681
-4665
-4504
-3817
-3890
-3859
-4019
-3874
-3727
-3975
-3945
-4244
-4041
-4449
-3899
-3747
-2911
-2896
-2665
-1297
519
3550
5020
6760
7388
8827
9992
11605
12646
12785
12113
10485
10054
9461
9572
8022
6006
3939
2417
1984
748
-371
-1749
-2509
-2958
-3318
-3820
-4099
-4364
-4839
-5013
-5605
-5522
-6244
-6662
-6726
-6803
-6369
-6993
-7108
-6702
-5548
-4339
-3812
-3465
-2569
-1002
592
2177
3065
4286
4963
5760
6613
7085
7597
6823
6332
5611
5343
4876
3833
2964
2191
1988
1507
1122
540
673
660
772
510
159
41
-195
-331
-631
-1115
-1825
-2795
-3436
-3778
-4058
-4528
-5269
-5590
-5434
-5160
-5158
-5229
-5217
-4977
-4493
-4226
-3878
-3872
-3644
-3579
-3143
-3262
-3079
-3432
-3178
-3328
-3122
-2873
-2730
-2077
-1826
-496
844
2901
4726
6359
7712
8937
10150
11271
12371
12620
12444
11157
10138
9185
8506
7824
5884
4155
2118
1016
217
-677
-1631
-2621
-3346
-3789
-4059
-4349
-4413
-5085
-5162
-5748
-5820
-6064
-6580
-6560
-6657
-6358
-6297
-6525
-6086
-5346
-4099
-3081
-2501
-1676
-735
515
1896
3008
4241
4988
5519
6132
6624
7306
7298
6774
6239
5622
5309
4639
3744
3088
2480
2053
1490
849
648
515
388
152
-253
-268
-461
-720
-1112
-1712
-2071
-2815
-3432
-3983
-4472
-4767
-5415
-5721
-5809
-5657
-5395
-5451
-5233
-4887
-4465
-4063
-3898
-3464
-3015
-2769
-2499
-2406
-2138
-1804
-1784
-1698
-1688
-1802
-1745
-1586
-1127
-650
-371
145
1144
2934
4899
6305
7251
7845
8732
9882
10765
11165
10628
9573
8478
7622
7150
6238
4663
2756
1079
233
-428
-1299
-2370
-3392
-3805
-4067
-4341
-4623
-5072
-5294
-5513
-5646
-5620
-5851
-5989
-6019
-5770
-5254
-5158
-5144
-4902
-4165
-3018
-2278
-1832
-1281
-340
1046
2252
3181
4103
4892
5761
6444
6878
7261
7108
6795
6326
5932
5569
4586
3587
2670
2210
1991
1287
564
-12
-179
-51
-172
-433
-719
-1064
-1244
-1573
-1955
-2367
-3091
-3662
-4288
-4641
-4925
-5454
-5771
-6048
-5842
-5532
-5331
-5046
-4719
-4086
-3500
-3016
-2664
-2297
-1844
-1403
-1031
-818
-680
-563
-390
-309
-365
-607
-736
-592
-296
37
112
470
1295
2675
4321
5422
6202
6612
7202
8273
9087
9541
8924
7614
6696
6005
5793
5082
3433
1851
276
-537
-1065
-2006
-2668
-3588
-4086
-4204
-4559
-4455
-4667
-4831
-4746
-4923
-4715
-4826
-4933
-4700
-4618
-4185
-4209
-4338
-3941
-3468
-2460
-1830
-1529
-758
40
1399
2643
3401
4409
5072
5899
6707
6994
7394
7176
6814
6509
5881
5436
4367
3188
2375
1723
1526
782
-173
-729
-1062
-795
-863
-1250
-1454
-1862
-1908
-2063
-2486
-2789
-3554
-4132
-4486
-4804
-4876
-5397
-5810
-5763
-5410
-4742
-4557
-4440
-3960
-3180
-2114
-1576
-1299
-1000
-635
37
467
704
703
405
351
434
544
368
-379
-965
-1131
-931
-726
-1026
-1090
-543
726
2376
3471
4251
4738
5387
6508
7471
8086
7729
6696
5862
5367
5266
4670
3302
1803
487
-136
-599
-1341
-2039
-2817
-3093
-3137
-3306
-3308
-3634
-3780
-3778
-3881
-3767
-4066
-4358
-4335
-4194
-3762
-3769
-3961
-3752
-3216
-2237
-1576
-1273
-793
-166
966
2066
2953
3835
4419
5175
5860
6355
6774
6634
6418
6143
5681
5177
4182
3210
2525
1920
1475
685
-131
-581
-817
-707
-862
-1262
-1614
-1939
-1857
-1850
-2079
-2491
-3193
-3579
-3814
-4012
-4251
-4819
-5077
-4997
-4705
-4305
-4267
-4000
-3463
-2730
-1770
-1273
-787
-398
-10
708
964
1134
1023
750
907
734
611
319
-271
-537
-1108
-1493
-1666
-1899
-1709
-1799
-1757
-1321
-619
874
2230
3315
4025
4199
4923
5785
6629
7024
6190
5317
4589
4325
4457
3688
2637
1396
412
281
-108
-530
-1237
-2138
-2361
-2588
-2584
-2723
-3324
-3495
-3720
-3635
-3535
-3982
-3874
-3758
-3328
-2886
-3263
-3126
-2935
-2296
-1354
-1185
-788
-586
-76
1078
1927
2938
3505
3838
4605
5135
5851
6120
5815
5783
5328
5077
4539
3496
3028
2263
1803
1257
207
-113
-564
-636
-576
-1110
-1186
-1577
-1740
-1623
-1995
-2093
-2662
-3114
-3172
-3465
-3419
-3773
-4056
-3830
-3748
-3311
-3193
-3175
-2576
-2160
-1453
-1035
-1030
-571
-345
196
643
546
667
398
446
669
495
441
-213
-676
-877
-1303
-1498
-2284
-2827
-2940
-3016
-2667
-2750
-2596
-1863
-828
781
1981
2768
3465
3992
5089
6081
6535
6477
5593
5139
4962
4877
4726
3582
2585
1686
1152
1058
331
-313
-1049
-1610
-1640
-1974
-2264
-2661
-3118
-3080
-3147
-3188
-3356
-3774
-3708
-3605
-3351
-3265
-3572
-3456
-3200
-2540
-1942
-1749
-1333
-845
93
1170
1989
2828
3497
4259
5128
5751
6241
6345
6199
6119
5844
5550
4862
3894
3123
2373
1931
1286
460
-106
-582
-692
-907
-1306
-1530
-1753
-1774
-1877
-2208
-2495
-2874
-3137
-3299
-3495
-3615
-3881
-4115
-4145
-3990
-3635
-3386
-3169
-2815
-2359
-1784
-1326
-898
-346
173
635
877
1018
1243
1355
1269
925
470
144
-129
-434
-877
-1409
-2016
-2563
-2937
-3126
-3026
-3068
-3141
-3159
-2940
-2073
-1105
-3
934
1611
2398
2982
3770
4581
5165
5497
5195
4835
4645
4618
4688
4232
3563
2877
2290
2029
1552
1019
413
-349
-872
-1454
-1897
-2255
-2810
-3136
-3476
-3649
-3720
-4020
-3983
-3869
-3577
-3284
-3365
-3121
-2740
-2009
-1219
-915
-449
46
817
1860
2648
3473
4044
4505
5161
5588
6004
6150
5940
5755
5347
5003
4488
3670
3010
2282
1741
1128
285
-291
-825
-1088
-1358
-1942
-2339
-2731
-2874
-2890
-3167
-3307
-3538
-3648
-3560
-3587
-3390
-3325
-3231
-2955
-2724
-2273
-2028
-1793
-1352
-922
-344
-65
58
331
596
1007
1229
1176
1159
1071
1073
1013
649
258
-226
-644
-995
-1444
-1866
-2328
-2772
-3180
-3527
-3803
-3934
-3944
-3833
-3608
-3403
-2957
-2253
-1142
156
1145
1923
2446
3265
4417
5350
5936
5785
5460
5447
5501
5670
5318
4511
3782
2977
2521
1959
1085
314
-638
-1191
-1619
-2156
-2487
-2988
-3050
-2938
-2935
-2842
-3034
-2835
-2369
-2033
-1680
-1817
-1789
-1379
-999
-378
-255
-201
134
425
1271
1838
2297
2775
2963
3564
3918
4257
4471
4199
4111
3764
3406
2965
2183
1708
1131
570
49
-745
-1140
-1419
-1606
-1730
-2192
-2334
-2393
-2350
-2119
-2162
-1980
-1874
-1768
-1406
-1274
-969
-851
-872
-594
-499
-238
-133
-301
-190
-234
-99
-28
-242
-194
-274
-205
-169
-393
-439
-655
-746
-837
-1073
-1202
-1614
-1973
-2249
-2513
-2609
-2918
-3219
-3459
-3627
-3612
-3765
-3910
-3872
-3644
-3244
-2908
-2619
-2227
-1543
-498
711
1780
2599
3283
4021
4948
5893
6532
6648
6393
6165
6150
6153
5836
5099
4186
3410
2828
2263
1560
732
-56
-668
-1103
-1420
-1721
-2029
-2277
-2400
-2419
-2417
-2488
-2551
-2470
-2325
-2225
-2344
-2541
-2505
-2279
-1938
-1798
-1848
-1750
-1449
-831
-203
291
783
1200
1794
2407
2912
3291
3359
3422
3432
3385
3226
2758
2402
2105
1850
1629
1145
787
600
534
621
472
341
275
281
496
481
392
234
-10
-58
-221
-419
-728
-1189
-1489
-1742
-1900
-2094
-2427
-2659
-2796
-2797
-2742
-2742
-2659
-2520
-2328
-2154
-2033
-1849
-1691
-1519
-1442
-1471
-1472
-1598
-1677
-1781
-1887
-1930
-2059
-2125
-2159
-2081
-1947
-1922
-1879
-1826
-1699
-1448
-1238
-917
-563
-354
151
781
1634
2532
3105
3709
4058
4665
5390
5831
6114
5824
5590
5384
5157
5033
4462
3820
3044
2214
1625
878
209
-484
-1258
-1760
-2361
-2804
-3169
-3564
-3571
-3695
-3698
-3692
-3825
-3553
-3397
-3161
-2960
-3025
-2738
-2511
-2153
-1760
-1683
-1332
-994
-416
388
914
1600
2102
2689
3509
4016
4587
4865
5035
5333
5220
5126
4801
4373
4147
3655
3298
2727
2024
1668
1197
950
611
53
-201
-571
-686
-796
-1213
-1450
-1838
-1934
-1942
-2207
-2401
-2890
-3147
-3214
-3333
-3335
-3566
-3723
-3731
-3680
-3439
-3257
-3078
-2768
-2515
-2077
-1683
-1406
-993
-761
-336
-34
90
257
186
362
397
327
258
-32
-44
-101
-168
-180
-382
-405
-438
-498
-513
-659
-715
-741
-746
-719
-689
-524
-206
274
797
1204
1469
1758
2194
2682
3032
3092
2902
2671
2553
2507
2424
2076
1549
1011
555
271
-133
-609
-1051
-1435
-1619
-1849
-2051
-2180
-2266
-2119
-2004
-1902
-1850
-1845
-1569
-1287
-997
-811
-771
-513
-246
98
395
467
644
827
1161
1621
1905
2264
2584
2943
3350
3541
3757
3849
3903
3926
3637
3329
2899
2477
2202
1810
1394
871
368
38
-207
-363
-610
-870
-1014
-1108
-1094
-1160
-1285
-1340
-1404
-1408
-1528
-1748
-1906
-2033
-1995
-1988
-2104
-2226
-2381
-2336
-2173
-2019
-1853
-1795
-1652
-1392
-1095
-717
-448
-203
41
226
468
589
673
698
617
543
333
134
-80
-307
-491
-772
-1021
-1258
-1427
-1508
-1596
-1682
-1800
-1917
-2017
-2105
-2179
-2222
-2227
-2212
-2153
-2024
-1736
-1274
-718
-167
290
720
1191
1747
2313
2732
2973
3058
3151
3282
3391
3403
3225
2967
2655
2347
2043
1664
1276
869
508
203
-102
-350
-546
-669
-745
-856
-964
-1045
-1043
-950
-876
-852
-893
-916
-837
-708
-587
-556
-596
-581
-469
-229
60
333
610
899
1245
1614
1977
2326
2582
2779
2883
2879
2870
2825
2786
2745
2614
2420
2160
1931
1764
1630
1472
1217
927
640
378
127
-165
-487
-825
-1143
-1442
-1738
-2032
-2302
-2521
-2691
-2834
-2963
-3065
-3116
-3106
-3044
-2944
-2813
-2634
-2403
-2135
-1849
-1561
-1269
-969
-679
-421
-219
-81
15
79
91
52
-57
-180
-298
-437
-583
-765
-942
-1073
-1170
-1236
-1342
-1437
-1520
-1594
-1618
-1741
-1871
-1930
-1951
-1901
-1875
-1835
-1741
-1509
-1081
-566
-60
379
822
1330
1912
2502
2972
3287
3486
3651
3800
3891
3865
3717
3487
3207
2874
2468
2013
1548
1112
690
253
-204
-626
-943
-1146
-1290
-1443
-1608
-1708
-1678
-1536
-1377
-1271
-1201
-1091
-901
-663
-444
-280
-138
39
275
549
828
1124
1476
1889
2308
2674
2977
3266
3571
3858
4038
4051
3912
3705
3484
3229
2879
2409
1868
1339
851
379
-110
-607
-1056
-1423
-1738
-2043
-2347
-2616
-2805
-2912
-2979
-3048
-3115
-3139
-3082
-2965
-2841
-2742
-2642
-2501
-2322
-2135
-1980
-1841
-1680
-1473
-1245
-1029
-823
-609
-376
-117
122
297
422
509
580
620
584
460
273
50
-164
-405
-628
-885
-1141
-1363
-1527
-1544
-1683
-1742
-1755
-1751
-1757
-1780
-1824
-1812
-1779
-1745
-1764
-1775
-1728
-1566
-1333
-1064
-769
-428
-22
448
946
1426
1864
2288
2707
3101
3411
3615
3739
3825
3867
3829
3688
3471
3220
2957
2658
2306
1919
1528
1172
848
539
229
-60
-285
-426
-505
-583
-646
-680
-652
-581
-559
-570
-611
-610
-553
-499
-460
-447
-399
-279
-100
105
304
529
804
1128
1443
1697
1895
2044
2182
2263
2254
2156
1978
1800
1592
1340
1022
641
297
-5
-261
-521
-806
-1056
-1236
-1343
-1429
-1530
-1637
-1702
-1707
-1679
-1666
-1690
-1706
-1686
-1644
-1637
-1677
-1727
-1745
-1723
-1689
-1666
-1637
-1574
-1468
-1311
-1154
-1010
-867
-695
-503
-332
-216
-152
-121
-78
-78
-120
-250
-388
-446
-630
-750
-901
-1058
-1205
-1267
-1286
-1283
-1300
-1294
-1247
-1145
-1059
-1002
-966
-913
-836
-769
-735
-720
-697
-629
-515
-384
-260
-121
80
362
682
995
1292
1604
1946
2290
2582
2801
2963
3099
3207
3252
3202
3066
2887
2690
2465
2193
1873
1528
1198
905
642
380
112
-125
-299
-411
-502
-600
-689
-731
-723
-707
-717
-732
-720
-670
-604
-553
-499
-413
-281
-112
71
261
469
699
951
1203
1430
1614
1766
1907
2037
2110
2091
2006
1901
1784
1619
1381
1093
796
507
213
-105
-442
-774
-1072
-1327
-1558
-1794
-2026
-2222
-2351
-2427
-2499
-2570
-2620
-2619
-2560
-2484
-2415
-2334
-2222
-2076
-1899
-1725
-1562
-1387
-1178
-942
-708
-503
-319
-123
85
284
428
534
615
666
698
683
612
494
346
203
24
-184
-413
-643
-833
-1014
-1177
-1335
-1469
-1553
-1600
-1606
-1598
-1577
-1519
-1420
-1283
-1142
-1006
-862
-692
-497
-297
-108
79
283
503
730
947
1150
1347
1552
1761
1956
2118
2244
2349
2442
2510
2523
2489
2409
2312
2200
2029
1832
1601
1371
1146
919
693
451
241
86
-19
-152
-255
-288
-314
-296
-251
-189
-111
-5
116
245
386
508
631
755
869
979
1062
1117
1165
1203
1222
1217
1183
1132
1079
1010
918
794
648
492
336
168
-23
-231
-445
-647
-836
-1016
-1194
-1364
-1507
-1616
-1695
-1752
-1790
-1802
-1769
-1717
-1640
-1546
-1441
-1312
-1176
-1024
-886
-770
-650
-538
-422
-349
-284
-246
-284
-245
-219
-239
-238
-282
-307
-338
-378
-418
-464
-502
-565
-613
-668
-726
-781
-853
-902
-968
-1028
-1070
-1123
-1150
-1180
-1191
-1182
-1174
-1131
-1081
-1015
-928
-831
-715
-593
-460
-320
-179
-39
104
237
361
490
596
699
803
885
965
1046
1119
1184
1256
1319
1373
1446
1498
1549
1590
1607
1639
1635
1623
1581
1530
1517
1391
1267
1181
1039
916
774
650
541
430
346
273
221
172
153
151
160
184
221
269
308
361
410
456
491
525
549
562
571
566
560
541
527
497
482
445
416
384
353
315
274
223
168
113
38
-41
-122
-212
-296
-382
-479
-563
-644
-721
-790
-844
-908
-934
-963
-981
-996
-989
-987
-972
-962
-950
-931
-915
-901
-897
-884
-883
-884
-892
-895
-912
-920
-930
-939
-944
-949
-952
-953
-942
-937
-929
-915
-898
-880
-857
-834
-816
-785
-755
-717
-680
-632
-586
-522
-462
-387
-314
-228
-132
-32
69
174
281
390
494
587
667
751
816
868
898
916
925
925
910
869
833
797
751
698
638
587
533
498
434
393
345
309
269
236
209
185
182
165
176
173
196
211
246
281
334
380
445
506
582
656
747
822
919
994
1074
1139
1199
1240
1276
1293
1297
1285
1259
1213
1156
1082
996
893
785
664
536
402
263
120
-27
-167
-308
-436
-574
-696
-806
-907
-998
-1073
-1147
-1188
-1229
-1251
-1254
-1253
-1228
-1153
-1133
-1064
-988
-919
-829
-745
-645
-558
-478
-385
-324
-255
-208
-166
-130
-119
-111
-115
-129
-147
-183
-220
-258
-302
-346
-392
-439
-478
-514
-545
-570
-588
-596
-596
-588
-572
-548
-513
-472
-426
-374
-317
-259
-200
-138
-76
-22
33
88
130
164
196
219
234
234
233
225
207
185
160
126
99
67
25
7
-7
-13
-13
-22
-8
3
31
63
95
153
203
258
314
389
451
525
590
654
726
785
840
874
935
949
975
987
992
984
970
937
913
858
808
757
688
617
553
476
402
327
254
184
122
59
4
-44
-88
-124
-154
-178
-196
-202
-215
-225
-217
-199
-195
-180
-161
-140
-125
-102
-35
-57
-30
-17
-8
-9
-15
-12
-29
-35
-62
-64
-105
-133
-160
-200
-239
-274
-318
-354
-399
-435
-474
-509
-541
-569
-591
-611
-627
-640
-643
-650
-645
-642
-632
-620
-607
-585
-573
-543
-531
-496
-486
-448
-435
-403
-386
-356
-337
-312
-293
-268
-242
-225
-206
-190
-178
-160
-154
-144
-126
-119
-115
-105
-107
-98
-76
-70
-58
-33
-31
-13
9
30
55
73
92
109
132
150
168
182
188
195
200
206
209
210
211
212
218
224
232
241
250
264
275
287
304
319
335
358
374
394
422
443
468
499
521
549
577
600
618
644
650
668
685
678
677
669
664
650
632
598
566
516
485
427
427
331
273
214
141
78
6
-54
-113
-188
-225
-281
-313
-351
-375
-393
-413
-421
-418
-419
-409
-395
-381
-358
-339
-315
-290
-271
-242
-227
-205
-184
-174
-155
-145
-142
-138
-139
-144
-149
-160
-182
-202
-227
-253
-277
-310
-336
-373
-404
-430
-463
-485
-512
-529
-545
-556
-560
-558
-552
-538
-521
-502
-475
-457
-422
-400
-366
-329
-307
-261
-241
-205
-176
-157
-121
-108
-79
-58
-38
-11
10
33
58
85
105
136
158
178
202
220
235
253
268
278
294
299
313
316
325
335
330
347
341
352
356
360
369
368
378
374
384
366
376
352
361
341
335
310
294
281
268
245
235
209
206
188
183
235
196
201
207
215
227
236
256
267
285
289
323
315
333
340
344
338
340
331
320
305
284
262
233
204
172
136
100
59
13
-28
-72
-125
-171
-224
-274
-323
-378
-424
-481
-523
-558
-614
-646
-675
-706
-722
-748
-751
-754
-752
-737
-717
-687
-663
-619
-582
-535
-497
-442
-401
-353
-312
-265
-227
-199
-167
-135
-110
-97
-82
-62
-52
-46
-44
-39
-38
-40
-41
-47
-50
-55
-59
-69
-73
-80
-86
-93
-97
-100
-105
-100
-94
-90
-82
-68
-53
-37
-12
11
37
67
108
137
172
206
246
272
306
331
361
384
409
429
445
458
468
476
485
489
492
497
507
509
508
503
515
510
509
499
510
509
508
502
503
497
492
480
466
455
438
420
393
372
346
320
283
253
217
181
144
103
65
23
-13
-59
-101
-139
-178
-222
-261
-287
-325
-358
-387
-408
-433
-457
-466
-482
-493
-501
-493
-501
-498
-486
-469
-459
-445
-430
-413
-399
-380
-356
-348
-343
-320
-309
-304
-297
-295
-287
-273
-289
-294
-285
-291
-302
-307
-312
-319
-326
-322
-320
-326
-322
-319
-315
-303
-297
-287
-274
-260
-240
-228
-213
-188
-168
-150
-126
-102
-79
-50
-21
5
25
56
94
119
145
181
204
224
253
275
300
326
340
353
364
375
389
392
400
412
405
402
412
410
407
407
406
407
402
396
395
385
373
376
374
355
338
325
314
298
278
257
234
210
191
172
146
129
115
90
77
64
47
42
37
24
20
16
12
4
-7
-11
-16
-31
-35
-49
-66
-75
-94
-110
-125
-144
-169
-181
-202
-215
-237
-258
-275
-287
-306
-324
-340
-354
-363
-379
-388
-399
-410
-414
-421
-425
-425
-429
-430
-413
-415
-404
-391
-378
-358
-340
-326
-300
-272
-257
-225
-202
-177
-153
-125
-105
-82
-64
-45
-21
-8
3
17
36
46
53
65
78
90
94
106
112
129
129
141
148
164
163
177
183
190
195
199
205
211
213
210
225
218
226
225
230
231
233
236
241
240
244
248
252
258
257
254
270
262
265
264
265
264
266
257
259
259
251
250
244
240
235
229
223
215
208
199
190
181
167
153
143
131
109
96
79
56
44
19
1
-19
-37
-59
-75
-93
-114
-124
-142
-157
-164
-182
-188
-198
-205
-210
-216
-215
-222
-221
-220
-224
-226
-217
-229
-222
-221
-222
-222
-215
-213
-222
-200
-216
-209
-205
-216
-213
-212
-215
-215
-212
-213
-212
-212
-207
-209
-200
-199
-188
-182
-172
-166
-155
-147
-134
-120
-109
-92
-77
-63
-49
-32
-25
-5
7
16
38
45
60
71
86
89
107
106
117
123
127
134
136
142
145
149
152
155
160
159
165
164
166
168
169
171
172
166
170
164
157
161
149
152
149
145
142
139
130
126
118
111
106
94
90
76
73
63
53
44
34
29
18
9
-2
-6
-16
-20
-37
-39
-43
-51
-60
-70
-70
-77
-85
-97
-98
-106
-105
-119
-127
-131
-138
-147
-146
-153
-164
-166
-175
-176
-176
-185
-185
-183
-188
-179
-184
-179
-175
-171
-167
-135
-156
-147
-132
-121
-116
-107
-98
-89
-77
-73
-57
-62
-42
-42
-31
-20
-19
-19
-10
-9
-6
2
1
12
8
9
13
25
29
34
34
38
48
58
65
71
76
81
93
105
105
116
124
129
138
146
145
152
159
159
161
158
163
157
158
145
150
136
137
123
115
103
105
92
77
75
67
58
53
52
42
45
41
35
37
46
38
42
46
52
48
57
62
60
68
65
70
70
60
66
62
55
48
41
37
23
12
3
-10
-21
-32
-47
-62
-64
-79
-94
-96
-106
-114
-117
-120
-123
-126
-122
-121
-116
-113
-111
-96
-95
-88
-77
-72
-64
-54
-52
-46
-36
-41
-33
-28
-36
-32
-33
-38
-44
-44
-51
-59
-64
-72
-72
-85
-88
-90
-95
-96
-103
-97
-95
-96
-93
-84
-72
-70
-63
-43
-34
-32
-11
-2
18
24
31
55
54
74
78
78
90
93
100
89
96
93
89
92
78
74
71
63
51
49
43
32
24
24
16
6
4
3
7
-5
-5
-2
-9
-6
-13
-6
2
2
6
9
9
5
19
20
16
14
13
24
21
19
18
12
14
13
10
10
5
2
-1
3
1
-7
-7
-2
-2
-5
-7
-3
1
-7
-6
4
-1
1
8
5
2
-3
1
14
4
-6
1
-6
-10
-14
-16
-20
-30
-28
-39
-44
-37
-51
-55
-52
-57
-55
-60
-65
-59
-60
-57
-58
-57
-56
-60
-48
-40
-39
-29
-28
-21
-20
-11
5
-2
7
15
18
23
17
28
34
33
39
39
37
39
41
37
35
34
36
32
27
25
15
20
16
13
8
3
9
-2
-11
-11
-13
-20
-24
-24
-28
-27
-24
-23
-23
-22
-22
-20
-21
-19
-15
-15
-10
-4
-1
6
10
17
21
23
30
32
39
46
49
53
57
63
61
63
63
65
62
59
63
56
54
47
43
38
26
24
12
5
-6
-15
-23
-34
-40
-49
-57
-64
-71
-81
-83
-89
-93
-95
-97
-91
-97
-92
-85
-88
-80
-77
-65
-62
-54
-34
-30
-20
-9
3
11
13
30
37
39
50
57
62
61
68
72
67
69
69
66
59
55
53
43
34
29
23
11
-1
-2
-12
-25
-30
-35
-44
-56
-58
-62
-71
-71
-70
-70
-71
-66
-63
-63
-57
-54
-48
-46
-36
-28
-24
-11
-12
4
7
22
25
29
37
43
48
51
72
56
55
60
63
54
53
56
46
35
31
32
26
10
11
7
-6
-7
-16
-16
-18
-23
-32
-26
-32
-33
-33
-27
-25
-31
-24
-23
-11
-23
-12
-6
-8
-3
-4
1
1
-3
3
-1
3
-4
-8
-10
-10
-19
-19
-23
-26
-33
-40
-39
-39
-51
-44
-49
-53
-49
-49
-47
-39
-47
-35
-28
-27
-18
-9
-8
-2
6
21
19
26
29
35
39
38
44
43
33
37
33
28
22
13
12
4
-11
-15
-23
-30
-38
-39
-46
-59
-58
-63
-59
-63
-57
-59
-50
-54
-38
-39
-29
-23
-11
0
7
23
31
42
48
60
61
68
72
78
77
84
81
82
77
78
65
62
52
49
35
34
21
16
2
-3
-14
-21
-31
-38
-38
-44
-44
-46
-41
-48
-44
-41
-38
-39
-30
-21
-20
-12
-4
8
2
19
20
30
24
39
37
40
39
41
39
33
35
31
29
24
21
14
11
4
-2
-9
-13
-22
-26
-31
-34
-43
-42
-44
-47
-50
-47
-47
-52
-51
-47
-49
-48
-47
-39
-38
-32
-28
-21
-18
-14
-9
-9
-2
-4
3
4
10
10
11
14
12
11
9
11
7
6
5
2
0
-11
-9
-13
-15
-15
-27
-23
-33
-34
-27
-36
-32
-34
-37
-36
-33
-34
-33
-29
-32
-25
-22
-18
-12
-14
-6
-4
-3
8
7
7
15
12
12
17
16
15
18
16
13
14
10
7
6
4
0
-1
-2
-12
-9
-13
-15
-13
-24
-22
-25
-23
-16
-18
-18
-23
-20
-23
-16
-13
-17
-8
-12
-8
-2
-3
0
0
1
6
6
7
5
3
7
6
11
10
5
5
-4
0
-5
-9
-8
-16
-15
-16
-17
-20
-19
-24
-26
-24
-31
-27
-29
-31
-24
-24
-23
-19
-22
-20
-15
-16
-11
-11
-12
-2
-4
4
5
2
7
7
9
14
8
10
9
5
8
2
4
-4
-2
-9
-9
-15
-17
-20
-22
-25
-27
-29
-30
-30
-30
-29
-27
-29
-26
-28
-21
-24
-13
-13
-3
0
3
10
10
15
15
13
19
15
26
22
28
26
26
26
21
20
17
13
10
4
-2
-7
-13
-20
-24
-29
-34
-37
-39
-41
-44
-42
-43
-42
-38
-40
-33
-34
-27
-22
-17
-11
-3
0
9
12
19
22
26
29
28
32
28
30
24
26
17
20
9
8
-2
-10
-15
-27
-28
-41
-38
-48
-41
-53
-45
-54
-48
-52
-50
-46
-43
-38
-34
-29
-24
-19
-12
-7
1
5
14
17
23
23
24
25
23
27
24
25
22
16
17
8
11
1
4
-8
-8
-17
-17
-20
-20
-20
-22
-19
-21
-18
-20
-13
-13
-4
0
11
13
20
21
28
34
43
46
48
47
48
53
60
64
63
61
56
54
47
44
36
31
23
20
13
8
-3
-8
-19
-24
-31
-34
-40
-45
-50
-55
-57
-61
-60
-63
-63
-66
-67
-66
-63
-62
-61
-63
-62
-60
-59
-58
-57
-56
-54
-55
-55
-55
-55
-54
-50
-49
-50
-51
-53
-50
-49
-47
-48
-46
-47
-44
-45
-43
-45
-38
-41
-35
-41
-35
-41
-34
-33
-31
-29
-30
-23
-24
-20
-22
-17
-14
-9
-8
-6
-2
0
6
12
10
19
25
27
26
38
40
46
49
52
56
61
62
64
64
69
69
74
75
77
75
76
77
78
78
74
69
67
67
64
61
59
57
55
43
34
47
34
26
24
16
13
46
18
11
13
10
0
-7
-10
-13
-17
-28
-20
-32
-30
-33
-39
-38
-39
-37
-38
-40
-44
-39
-40
-38
-38
-34
-32
-31
-22
-21
-20
-14
-11
-5
0
4
13
18
24
32
34
38
45
50
56
65
67
71
74
80
88
87
88
94
98
96
102
101
100
104
99
98
101
109
91
88
87
81
68
73
66
59
57
47
37
35
23
13
9
5
1
-7
-17
-22
-29
-38
-41
-47
-52
-52
-59
-66
-67
-76
-78
-78
-81
-84
-83
-89
-90
-88
-90
-87
-83
-82
-80
-84
-81
-78
-79
-71
-67
-69
-60
-58
-66
-60
-55
-59
-50
-49
-52
-44
-45
-53
-47
-47
-52
-53
-53
-50
-49
-56
-59
-53
-53
-57
-59
-58
-53
-54
-59
-58
-59
-60
-59
-61
-63
-62
-64
-65
-64
-68
-70
-65
-71
-71
-70
-74
-71
-76
-81
-79
-80
-84
-82
-82
-80
-82
-82
-82
-82
-82
-85
-85
-84
-85
-87
-86
-87
-91
-84
-91
-92
-87
-89
-87
-84
-87
-88
-75
-89
-83
-81
-79
-84
-79
-78
-75
-79
-81
-71
-76
-79
-72
-69
-71
-72
-66
-66
-64
-63
-60
-59
-59
-54
-58
-55
-54
-54
-56
-54
-51
-53
-53
-49
-49
-49
-47
-43
-46
-40
-42
-37
-39
-37
-34
-34
-33
-29
-29
-30
-23
-25
-23
-20
-19
-21
-18
-20
-20
-22
-21
-22
-23
-24
-23
-24
-23
-24
-20
-22
-19
-18
-18
-16
-12
-17
-11
-11
-11
-6
-6
-8
-1
-1
-4
1
4
1
4
4
6
8
6
10
11
10
9
14
11
13
10
16
17
12
14
21
17
21
21
24
23
23
25
29
22
29
28
29
29
25
28
28
24
24
22
32
34
18
29
32
26
28
27
28
30
27
30
29
27
30
29
27
29
28
27
29
24
24
26
22
24
26
20
19
25
21
24
24
28
22
25
30
24
27
24
23
24
16
23
28
28
17
24
23
25
22
24
28
17
25
21
19
22
12
14
19
16
15
16
17
21
2
10
16
9
15
13
2
6
8
2
6
5
-6
0
-1
1
-2
-4
-1
-8
-4
-2
-4
-3
-3
-6
-6
-4
-4
-4
-3
1
-6
-3
-2
-4
-4
0
4
4
1
4
3
3
7
2
-1
4
0
1
1
-5
1
-1
-1
-5
-5
-6
-6
-6
-8
-9
-9
6
-15
-10
-7
-8
-16
-10
-11
-14
-13
-18
-12
-18
-16
-15
-13
-18
-16
-14
-18
-14
-12
-11
-12
-14
-13
-8
-4
-7
-10
-8
-5
-2
-3
-3
-4
-6
-6
-9
-5
-4
1
-3
-3
-4
-3
-5
-3
-5
-5
0
-7
-14
-7
-9
-11
-8
-9
-11
-6
-6
-12
-8
-8
-5
-17
-13
-11
-5
-8
-6
-9
-11
-10
-8
-6
-5
-4
-3
-4
-4
-4
-4
-5
-6
-1
1
-4
-9
-5
-2
-2
-2
-9
-9
-9
-4
-3
-2
-4
-2
-4
-1
-9
-16
-8
-9
0
-11
-8
-5
-3
-4
-7
0
-3
-2
-5
-4
-5
-4
-5
-6
-4
-4
-2
-5
-2
2
-7
-7
0
-3
-5
-3
0
-3
4
11
2
1
9
9
7
10
6
8
9
3
2
1
0
-5
-11
-10
-10
-16
-22
-20
-18
-28
-31
-28
-31
-26
-33
-32
-34
-33
-33
-32
-28
-24
-29
-30
-18
-23
-19
-16
-14
-9
-13
-3
-10
-6
-2
-8
-2
-5
-6
-5
-1
-7
-13
-6
-7
-6
-10
-3
-6
1
-4
-4
6
1
10
11
10
23
17
24
24
20
30
27
28
29
31
26
30
23
32
27
25
26
17
17
18
12
17
11
4
6
6
6
6
-10
-6
-3
-7
-7
-3
-5
-4
-3
-6
-5
-1
-1
-11
-5
-2
-6
-8
-7
-1
-10
-24
-19
-11
-19
-16
-17
-27
-25
-24
-25
-24
-26
-30
-21
-25
-23
-26
-18
-24
-22
-28
-20
-20
-13
-15
-11
-16
-10
-12
-10
-14
-11
-10
-2
-8
-3
-3
-6
-4
-1
-13
-11
1
1
-6
-4
-2
-4
-5
-3
-3
-5
-7
-6
-3
-5
-3
-2
-6
-2
2
-1
6
16
3
8
11
4
6
8
6
11
9
4
6
2
5
0
-4
-6
-4
-7
-2
-4
-10
-16
-14
-15
-15
-11
-8
-13
-14
-18
-19
-17
-17
-14
-14
-17
-12
-12
-12
-9
-12
-19
-10
-3
-6
-9
-8
-9
-10
-6
-4
-13
-13
-12
-14
-13
-9
-12
-10
-8
-14
-19
-10
-8
-18
-19
-12
-11
-16
-17
-11
-8
-15
-14
-8
-11
-13
-16
-11
-7
-15
-17
-10
-11
-14
-12
-11
-14
-17
-17
-15
-17
-17
-15
-16
-18
-18
-16
-18
-21
-21
-20
-21
-20
-21
-22
-22
-21
-20
-20
-20
-18
-21
-25
-27
-23
-24
-25
-25
-24
-22
-22
-27
-26
-19
-26
-25
-11
-13
-18
-14
-14
-15
-15
-15
-17
-17
-16
-13
-15
-14
-12
-7
-11
-13
-10
-9
-8
-9
-10
-7
2
-5
-3
-4
2
-1
0
0
14
10
9
8
12
6
6
14
17
16
19
24
17
14
15
20
23
21
25
25
23
29
23
23
22
22
26
26
24
26
21
29
53
34
30
38
33
26
34
32
30
33
32
34
27
30
34
32
26
18
20
27
30
23
15
20
20
16
14
21
10
8
9
7
8
5
2
1
8
-2
-4
-5
-5
-16
-9
-4
-10
-13
-24
-18
-22
-16
-29
-22
-29
-26
-33
-30
-24
-31
-37
-28
-32
-40
-36
-36
-68
-65
-61
-51
-61
-62
-68
-64
-67
-61
-65
-69
-70
-74
-78
-73
-71
-70
-73
-77
-77
-78
-85
-82
-77
-81
-78
-79
-87
-83
-85
-88
-85
-83
-85
-82
-86
-84
-81
-85
-88
-85
-79
-76
-80
-83
-84
-86
-83
-82
-81
-83
-84
-81
-79
-78
-78
-81
-80
-73
-68
-74
-78
-72
-68
-71
-69
-64
-66
-67
-68
-61
-55
-60
-60
-49
-49
-50
-44
-48
-51
-43
-36
-34
-37
-38
-32
-28
-29
-22
-14
-16
-14
-13
-10
-8
-9
-6
0
-2
3
12
5
13
23
17
18
24
18
21
21
21
27
22
26
30
24
31
32
29
23
31
39
36
30
32
32
32
59
49
47
51
54
48
58
60
63
66
66
76
80
81
85
91
91
94
107
108
115
119
125
130
135
139
147
148
152
160
160
163
173
169
172
179
178
178
184
181
181
185
186
186
179
181
176
176
170
175
161
163
156
153
146
145
133
130
127
115
109
104
92
85
80
69
61
50
41
40
28
23
21
6
-3
-6
-19
-27
-29
-43
-43
-56
-64
-67
-70
-83
-87
-91
-103
-109
-109
-115
-125
-127
-135
-141
-146
-147
-153
-156
-162
-166
-170
-169
-173
-173
-180
-182
-184
-183
-189
-185
-188
-186
-191
-184
-191
-190
-186
-185
-184
-182
-183
-173
-179
-171
-174
-171
-149
-165
-146
-149
-144
-136
-145
-136
-136
-123
-130
-120
-121
-114
-113
-105
-108
-98
-97
-94
-94
-84
-89
-86
-80
-81
-79
-75
-76
-70
-66
-65
-65
-61
-58
-55
-58
-56
-52
-49
-47
-55
-42
-47
-37
-42
-36
-39
-31
-31
-28
-28
-25
-23
-18
-12
-16
-17
-12
-7
-6
-2
0
-6
23
8
13
18
10
20
20
15
24
24
24
26
27
25
22
24
24
29
27
28
29
29
31
28
29
25
30
29
25
25
23
20
23
18
18
18
19
20
19
21
18
16
16
18
19
24
18
18
22
18
18
26
33
22
30
26
30
30
31
44
37
41
43
38
42
43
50
47
53
48
50
54
55
62
56
56
61
59
66
59
61
65
64
66
64
65
65
65
55
57
60
65
56
52
56
56
45
48
50
45
44
37
46
46
31
39
29
40
32
31
30
33
28
35
21
28
22
24
23
20
24
25
20
26
23
24
25
18
38
22
21
30
22
24
23
26
24
25
23
26
21
28
29
28
27
28
34
23
27
28
30
29
28
22
24
23
23
25
18
27
25
21
14
27
18
19
17
19
19
17
14
14
14
13
9
13
10
9
8
8
7
5
7
5
5
5
2
7
5
2
-1
2
7
-3
-3
-1
-1
0
-11
-6
-9
-8
-9
-16
-11
-15
-12
-14
-21
-14
-17
-20
-26
-22
-21
-30
-29
-26
-31
-34
-33
-35
-39
-37
-37
-42
-45
-43
-43
-47
-48
-52
-50
-48
-54
-55
-56
-54
-57
-57
-57
-59
-57
-54
-56
-60
-56
-55
-59
-59
-55
-55
-61
-61
-57
-58
-61
-63
-62
-58
-62
-62
-60
-61
-59
-58
-57
-56
-55
-55
-50
-48
-51
-48
-46
-41
-41
-41
-37
-38
-34
-30
-32
-28
-25
-23
-20
-18
-12
-14
-8
-8
-5
-7
0
0
6
10
12
19
21
24
21
31
26
32
29
42
35
44
41
51
48
55
49
54
56
57
58
64
71
69
71
76
76
69
68
78
76
77
82
89
82
82
84
82
82
83
87
85
90
89
87
90
93
89
86
88
87
81
82
83
87
80
85
83
82
76
78
79
74
74
74
73
66
66
65
65
64
65
64
59
54
54
48
46
45
48
45
43
44
36
35
29
29
20
25
19
17
16
16
12
7
11
6
3
1
4
-3
-7
-7
-13
-10
-16
-18
-13
-22
-19
-23
-24
-29
-26
-32
-32
-31
-36
-36
-37
-34
-40
-44
-40
-44
-46
-44
-43
-53
-46
-50
-49
-50
-52
-56
-51
-51
-59
-57
-58
-54
-60
-57
-61
-62
-60
-61
-60
-62
-55
-48
-67
-59
-58
-63
-56
-58
-62
-58
-62
-60
-60
-64
-61
-55
-59
-60
-61
-60
-60
-61
-66
-60
-60
-55
-59
-56
-59
-60
-60
-57
-60
-60
-60
-61
-61
-58
-58
-60
-60
-57
-53
-53
-59
-63
-61
-57
-57
-58
-56
-56
-54
-47
-57
-56
-58
-56
-58
-54
-51
-50
-49
-52
-54
-35
-51
-51
-45
-45
-48
-48
-39
-44
-44
-44
-43
-46
-40
-44
-42
-38
-43
-38
-40
-43
-35
-33
-37
-38
-37
-33
-27
-30
-32
-32
-33
-28
-29
-26
-26
-23
-25
-32
-28
-19
-23
-25
-17
-20
-24
-19
-19
-19
-19
-18
-18
-18
-23
-13
-14
-16
-18
-17
-14
-18
-16
-17
-17
-10
-28
-21
-18
-20
-19
-20
-19
-24
-19
-21
-17
-15
-12
-19
-22
-20
-20
-19
-19
-20
-26
-32
-24
-23
-21
-25
-18
-24
-24
-30
-22
-24
-29
-28
-30
-29
-30
-32
-29
-30
-27
-28
-31
-32
-34
-35
-34
-33
-32
-33
-33
-33
-33
-32
-31
-32
-32
-32
-32
-32
-31
-32
-31
-34
-35
-36
-36
-36
-36
-35
-37
-35
-37
-37
-35
-37
-36
-38
-33
-38
-35
-36
-31
-32
-26
-33
-33
-34
-33
-31
-31
-27
-26
-30
-27
-21
-30
-32
-22
-22
-23
-22
-23
-26
-27
-19
-15
-17
-17
-22
-24
-19
-22
-19
-13
-15
-15
-17
-18
-17
-17
-13
-12
-16
-14
-18
-18
-6
-11
-14
-12
-10
-13
-13
-14
-11
-14
-14
-11
-11
-14
-14
-10
-10
-12
-15
-11
-11
-20
-13
-13
-12
-14
-13
-7
-14
-14
-12
-13
-12
-12
-12
-12
-13
-14
-15
-15
-14
-17
-16
-16
-17
-15
-17
-18
-16
-15
-18
-15
-18
-18
-10
-17
-15
-16
-22
-15
-13
-23
-15
-16
-3
-17
-14
-9
-13
-11
-12
-11
-15
-12
-14
-12
-14
-11
-13
-11
-13
-12
-12
-12
-14
-12
-12
-12
-12
-12
-12
-12
-12
-11
-11
-10
-12
-11
-12
-12
-11
-11
-11
-11
-12
-13
-13
-16
-17
-16
-17
-17
-16
-16
-16
-16
-17
-16
-17
-16
-17
-14
-16
-16
-16
-16
-15
-17
-13
-15
-11
-12
-9
-11
-11
-13
-12
-13
-11
-11
-12
-11
-11
-12
-11
-12
-12
-13
-12
-12
-12
-12
-13
-12
-11
-12
-12
-12
-12
-12
-13
-12
-12
-12
-12
-12
-12
-12
-11
-12
-12
-12
-13
-12
-13
-13
-13
-13
-13
-12
-11
-12
-13
-10
-11
-13
-11
-12
-13
-11
-13
-13
-4
-9
-8
-8
-9
-7
-8
-9
-11
-9
-8
-9
-7
-10
-8
-8
-8
-8
-7
-8
-9
-8
-7
-7
-8
-9
-8
-8
-8
-8
-8
-8
-8
-8
-9
-8
-8
-8
-8
-7
-9
-8
-8
-9
-8
-8
-8
-9
-8
-8
-8
-9
-9
-8
-11
-7
-7
-9
-7
-7
-10
-6
-7
-8
2
-4
-2
-4
-5
-5
-3
-6
-4
-4
-3
-4
-3
-4
-3
-5
-5
-5
-4
-4
-4
-4
-4
-4
-4
-4
-3
-4
-4
-4
-4
-4
-4
-4
-4
-3
-4
-4
-4
-4
-4
-4
-5
-4
-4
-4
-4
-4
-5
-5
-4
-4
-4
-3
-4
-3
-3
-5
-3
-4
-6
-2
-5
-5
4
0
0
0
-1
-1
2
-1
0
0
-1
-1
-1
0
-1
0
0
0
1
0
0
0
1
0
0
0
0
0
0
0
0
0
0
1
0
1
0
-1
0
0
-1
0
0
0
-1
0
0
0
-1
0
-1
1
-1
1
0
0
0
0
0
1
0
1
0
0
0
0
0
0
0
0
0
0
0
1
0
0
-1
0
0
0
0
0
0
0
0
0
0
-1
0
0
1
0
0
-1
0
0
0
0
0
0
0
0
-1
0
1
0
0
0
0
1
