2.21332 1.69466 1.83795 1.80373 1.47353 1.32532 0.708888 1.08374 0.522712 0.25519 0.120968 0.0424353 
2.57114 2.22672 2.10696 1.90254 1.61164 1.58985 1.06777 1.01025 0.752022 0.611088 0.23991 0.0687108 
2.59526 2.05929 1.78844 1.62157 1.46427 1.23717 0.999709 0.819387 0.595527 0.3976 0.230958 0.0395666 
4.10518 3.54314 2.59458 4.84953 1.54493 1.64179 2.05186 0.766118 1.04804 0.544147 0.281936 0.0294194 
2.6927 2.16844 1.98065 1.62335 1.42915 1.19031 0.970258 0.70462 0.517071 0.365747 0.161707 0.0331305 
2.40191 3.33889 3.92915 1.39734 2.44209 2.92491 1.32818 1.17667 1.10779 0.518449 -0.0463095 0.135233 
2.73032 2.41228 5.90364 1.56832 2.0871 2.17305 2.36974 1.66784 0.991438 1.1775 -0.378833 0.115709 
2.58937 2.35079 3.48708 1.9728 1.1607 2.30924 1.64525 0.172521 0.983766 0.807282 -0.190582 0.075621 
2.29752 1.5681 3.87224 1.41192 1.0042 2.17233 1.63996 0.197335 0.867325 0.709056 -0.298043 0.062306 
1.82421 1.75705 6.76009 1.03036 0.644328 1.62594 3.03202 0.812301 0.70582 0.989361 -0.288158 0.116443 
2.17881 1.04939 5.7574 0.628596 1.03451 1.72165 2.02624 0.287339 0.997798 0.815749 -0.325747 0.119912 
0.839704 2.01024 4.90252 0.457423 0.454026 1.85191 1.70979 0.00174697 0.933304 0.741333 -0.0206187 0.0243179 
-0.00302286 2.46633 5.85822 0.135187 -0.331203 1.76787 1.98529 0.566817 1.22846 0.940623 0.120391 0.0349205 
-0.088413 1.72309 5.74055 0.251705 -0.229764 1.57667 1.89495 0.670141 1.21774 0.802884 0.119736 0.0344263 
0.0113021 1.68501 4.82645 0.38735 0.355499 1.20265 1.54384 0.0915531 0.899404 0.523948 0.0549641 -0.00749668 
-0.84442 1.75143 5.49921 0.610195 -0.195792 1.31721 1.98551 0.807734 1.49907 0.698978 0.00745231 0.101432 
-1.13263 0.954493 5.32973 0.795589 0.338425 1.18518 2.34095 0.852513 1.24474 0.65161 -0.091368 0.0777004 
-0.713985 0.838649 4.58614 0.556055 0.924424 1.6248 1.8312 0.158908 0.73054 0.663756 -0.284658 0.0792332 
-1.13703 0.240461 4.94128 0.406525 0.972783 1.08208 2.39644 1.1076 0.896342 0.45802 -0.176227 0.0919832 
-1.54152 -0.414028 4.61097 0.0461681 2.17446 0.808794 2.09627 0.70677 0.563048 0.373581 -0.112675 0.104301 
-1.00356 -0.666674 4.62004 -0.472783 2.72106 0.340461 1.89513 0.738416 0.738913 0.462774 -0.235389 0.116631 
-1.11479 -0.637992 4.39394 -0.601353 2.76608 0.386366 1.811 0.400618 0.863026 0.461294 -0.332359 0.12604 
-1.11326 -0.940909 4.56155 -1.22873 2.93833 0.975863 1.71385 0.39072 1.08788 0.489265 -0.397747 0.131684 
-0.794468 -0.678051 3.74921 -1.47248 2.75709 1.53343 1.57446 0.400822 1.55098 0.385639 -0.399599 0.0529707 
-0.761031 -0.971502 3.26278 -1.94817 2.89799 1.65096 1.18347 0.362148 1.71059 0.451617 -0.467179 0.0262269 
-0.394675 -0.912178 3.46392 -2.24283 2.86789 1.7026 1.06846 0.2762 1.7601 0.591671 -0.434791 0.00127565 
-0.297305 -0.803323 2.84114 -2.21204 2.97595 1.92364 1.22564 -0.350909 1.49333 0.70586 -0.334674 0.0524512 
-0.55257 -0.664573 2.16111 -1.86721 2.78765 2.19617 1.77682 -0.683856 0.974276 0.595845 -0.234489 0.100916 
-0.244342 -0.131043 2.79914 -1.39014 3.03967 2.54377 2.18132 -0.549468 0.701829 0.578036 -0.169231 0.112661 
0.491043 0.233092 2.95913 -1.61728 1.76769 2.30793 1.93711 -0.757342 0.448106 0.36946 -0.264239 0.0809376 
0.743102 0.131902 2.91033 -1.73158 1.53772 2.58629 2.22313 -0.601778 0.394477 0.395118 -0.166583 0.0590769 
1.41315 -0.232231 2.8534 -1.88298 1.9118 3.28686 2.75815 -0.226891 0.405573 0.284068 -0.19812 0.045461 
1.96646 -0.655169 2.66003 -1.77861 2.20923 3.82623 2.71895 0.215669 0.284579 0.201018 -0.109049 0.074244 
2.07033 -0.452292 1.96274 -1.40631 2.44576 3.90342 2.87457 0.490513 0.0377503 0.147166 0.0362152 0.0466257 
3.29625 -1.89209 1.81093 -1.67101 4.28592 3.0216 2.495 1.4836 -0.0997802 -0.00363498 -0.102126 0.140555 
3.37002 -1.49105 0.466015 -0.358153 4.17895 3.2011 2.0019 1.20047 0.383484 -0.363598 0.094373 0.123103 
3.34295 -0.958472 -0.614669 0.615936 3.95419 3.06882 1.6261 1.02331 -0.0312153 -0.128066 0.152665 0.053851 
3.66637 -0.86804 -2.00566 0.494458 5.64494 2.54382 1.34844 2.18767 -0.0151139 -0.183073 0.0902571 0.0795967 
4.30567 -2.21504 -1.3656 0.0686899 6.78696 2.39515 1.16631 2.16277 -0.0378836 0.0180397 0.0399669 0.080216 
3.7544 -1.29694 -2.15111 1.79266 6.00812 1.9426 1.18154 1.76647 0.146668 0.144247 0.0321802 0.117756 
3.58212 -1.03303 -1.09896 2.52594 4.07472 2.02637 1.01682 1.09067 0.571144 -0.0518384 0.152666 0.0887108 
4.31148 -1.97539 -2.25463 2.54705 6.06401 1.83014 0.924395 1.64799 0.483868 0.0989725 -0.0468366 0.102899 
3.71809 -1.92583 -1.89547 2.34087 6.46721 1.69281 0.509538 1.97092 0.427695 0.253905 -0.0785214 0.0568488 
3.12478 -1.50166 -1.18944 2.67067 5.14575 2.08072 0.0412099 1.52336 0.861265 0.0722871 0.0196654 0.0213341 
3.63302 -1.96434 -0.841774 2.27884 5.61722 1.6597 -0.0407049 2.2831 0.503631 0.208662 0.0343289 -0.0106526 
4.27519 -3.20185 -0.609815 1.46343 7.30748 1.57213 -0.0649287 2.58963 0.332715 0.30722 -0.00437636 -0.0380513 
3.45101 -1.87097 -1.09356 2.26741 6.04089 1.96007 -0.303671 2.44448 0.469471 0.300672 0.053487 -0.0251386 
2.81981 -0.779881 -0.267578 2.36706 4.68008 1.98668 -0.190409 1.58969 0.765883 0.204293 0.0831332 -0.0116906 
3.96298 -1.83292 -1.16834 2.19165 6.25008 1.73066 -0.328295 2.49397 0.406178 0.361643 -0.0464143 -0.038917 
3.50465 -1.25958 -1.56257 2.29751 6.09025 1.45145 0.0974568 2.15372 0.641536 0.475583 -0.121635 -0.00954514 
3.16497 -1.22069 -0.821931 2.83956 4.42864 2.14487 0.475008 1.14029 1.04465 0.00681614 0.0458818 0.0400784 
3.1444 -1.2508 -1.05407 2.64854 5.09964 1.75939 0.457906 1.72471 0.828842 0.12795 -0.00384455 0.0262858 
4.35564 -2.49885 -0.958413 0.731853 7.09206 1.97663 -0.0211131 2.59642 0.357808 0.258057 0.00137506 -0.0672269 
3.03112 -0.732912 -0.758824 1.68522 5.05374 2.40505 0.404921 1.79778 0.55815 0.001525 0.0780268 0.0149872 
3.13859 -0.44359 -0.209274 1.52684 4.75919 2.22508 0.54254 1.84413 0.388882 -0.0186418 0.0486045 0.025644 
3.4322 -0.877788 -0.929529 0.939476 5.64117 2.33821 0.499781 1.9401 0.449964 -0.0785501 0.0652819 0.00613376 
3.64346 -0.237739 -0.344717 0.975499 4.7639 2.05098 0.897765 1.75155 0.278048 0.0164153 -0.00269588 0.0182088 
3.15156 0.0162455 -0.0401282 1.0414 3.68227 2.58475 1.3726 1.19424 0.494375 -0.0606666 -0.0161476 0.0122813 
3.4549 -0.222916 0.266491 1.16424 3.77892 2.37962 1.59635 1.27533 0.0678458 0.0959553 -0.0915301 0.00944563 
4.03431 -0.824383 0.844686 0.356294 3.64959 1.92747 2.0458 1.54276 0.539125 0.0496874 -0.201996 0.01216 
3.87089 -0.0321517 0.356068 1.15914 2.59021 1.98611 1.88035 1.14348 0.783077 -0.0526487 -0.205942 -0.0191274 
3.31152 0.462678 0.46641 0.709121 2.48979 2.44095 0.572524 2.05082 1.10311 -0.319422 -0.148116 -0.0547863 
3.62209 0.546645 -0.297402 1.15721 2.17182 1.335 1.43143 1.61683 1.00921 -0.100709 -0.17592 -0.0485926 
4.27419 1.07908 -0.275632 1.14545 1.67603 0.759966 0.337671 0.926388 1.40559 0.681886 -0.041883 -0.118166 
4.91991 1.18271 -0.38592 0.932037 1.05568 0.160457 0.361362 1.25619 1.43836 0.77725 0.0641459 -0.0866885 
3.6084 2.1387 0.321292 -0.0370071 1.34254 0.38936 0.000493393 0.26881 0.831862 0.502122 0.00651723 -0.0608335 
4.0411 1.6078 0.532128 0.755211 0.723769 -0.327847 -0.419638 0.478658 0.654537 0.597185 -0.198055 -0.0910851 
5.81194 1.28758 0.636617 0.714906 1.89469 -0.546441 0.417252 -0.208877 0.668836 0.423135 -0.023062 0.00549243 
4.64537 1.8732 0.616903 0.829618 1.64446 0.403583 0.0387092 0.229871 0.327355 0.168107 0.0159961 -0.0241843 
4.41758 1.46678 1.05168 1.23247 1.88782 0.477013 0.282529 0.486059 -0.0750658 0.206383 0.0280338 -0.0251611 
3.83743 1.94334 1.11216 1.62676 1.75773 0.464539 0.575107 0.467738 -0.123207 0.0157498 0.0059771 -0.0174115 
3.95792 1.42984 1.41886 1.85252 1.4505 0.490239 0.467921 0.415662 -0.0931097 0.0388813 0.0203507 -0.0428459 
3.60436 1.62826 1.83899 1.63648 1.25588 0.0540574 0.452933 0.349541 0.129633 0.102827 0.0459388 -0.041895 
3.97428 1.90972 1.98691 1.14847 0.220029 0.438652 0.622193 0.220183 0.0986458 0.162028 0.119786 -0.0304682 
3.9744 1.9634 1.98228 0.987442 0.644519 0.337831 0.64475 -0.342122 -0.0974267 0.359076 0.153165 -0.0240548 
3.95079 2.17163 1.65478 0.940881 0.564267 0.156569 0.552367 0.163131 0.0175321 -0.114851 0.182534 -0.00810077 
3.82607 2.1621 1.57705 1.03556 0.478024 0.441587 0.354666 0.25736 0.094413 0.10331 0.165196 -0.0207554 
4.0083 2.20839 1.4513 1.11717 0.41046 0.452577 0.137252 0.216163 0.0993761 -0.115587 0.195654 -0.0059121 
4.31868 2.14483 1.26368 1.27489 0.452608 0.260426 0.316961 0.157693 0.148673 -0.0398848 0.17644 0.0027478 
3.98597 2.43569 1.60921 1.20249 0.50795 0.286853 0.368266 -0.000608657 0.158261 -0.00378359 0.0897633 -0.0275449 
3.89559 2.63152 1.63791 0.74766 0.220955 0.831184 0.306604 0.0901681 0.000380732 0.0419125 0.146202 -0.014513 
4.06668 2.5022 1.33759 0.923894 0.690062 0.432962 0.368412 0.38044 -0.075096 -0.118723 0.175352 -0.00229492 
4.07662 2.47262 1.32332 0.858672 0.578292 0.494383 0.464909 0.385475 0.0674646 -0.173065 0.175892 -0.00224315 
4.40003 2.52813 1.4957 0.70988 0.420269 0.590475 0.308565 0.479123 0.168743 -0.186365 0.0700781 -0.0154292 
4.19319 2.4366 1.37249 0.457502 0.628482 0.194251 0.606106 0.213314 -0.0144821 -0.412111 0.206324 0.01909 
4.09335 2.49762 1.46639 0.375365 0.63304 0.302765 0.377079 0.290202 0.0346234 -0.147789 0.131463 -0.00710497 
4.38951 2.83789 1.68524 0.3975 0.603276 0.00313369 -0.0358585 0.578769 0.0412682 -0.390674 0.0423033 -0.0229436 
4.45817 2.68077 1.71286 0.566801 0.555679 0.0130341 0.209211 0.0890418 0.137375 -0.431198 0.0455643 -0.00560096 
4.16614 2.78519 2.03782 0.962406 0.58217 0.0803447 0.138197 0.0911779 -0.385087 -0.275097 0.133762 0.00604603 
4.10805 2.91733 2.29873 1.34964 0.639194 -0.211865 0.0274942 -0.103901 -0.375903 -0.0892494 -0.00268053 -0.0233143 
4.7096 3.03476 2.38878 1.03224 0.599553 -0.514941 0.461593 0.50446 -0.170439 -0.69081 0.026828 0.000221779 
3.8592 3.03426 2.0392 1.46065 0.78034 -0.0958399 -0.0343799 0.0978849 -0.272862 -0.249211 0.0419302 -0.0162028 
3.95844 3.08996 2.36794 1.76966 0.763452 -0.260507 0.195848 0.0332015 -0.375628 -0.145444 -0.0277498 -0.0304261 
4.30631 3.0447 2.52368 1.80053 0.692921 -0.200904 0.0820092 -0.0167115 -0.279676 -0.0856693 -0.0161024 -0.0235835 
5.01291 3.08936 2.72064 1.95482 1.06686 0.10356 0.0674063 -0.286103 -0.191813 0.102666 -0.0854207 -0.0469436 
3.75615 3.08534 2.46862 1.81291 0.99555 0.676879 0.718902 -0.36677 -0.635468 -0.230336 -0.0289416 -0.0495089 
3.6345 3.04237 2.38231 1.73975 1.06791 0.534973 0.169917 -0.0560357 -0.0516386 -0.0537845 -0.0765619 -0.0423595 
4.28585 3.57937 2.87482 1.97881 1.37143 0.907545 0.256171 -0.0453385 -0.117094 -0.295225 -0.115761 -0.0622704 
4.26773 3.64725 3.11128 2.17262 1.4523 0.815509 0.259199 -0.0599632 -0.0654152 -0.212926 -0.122329 -0.0595927 
3.82909 3.45639 3.07882 2.34956 1.74161 1.26468 0.567189 -0.000625352 -0.282723 -0.281888 -0.0597233 -0.0620487 
3.05726 2.61566 2.43817 2.08629 1.77724 1.36748 0.408713 -0.106138 -0.192217 -0.210589 -0.0883682 -0.0586945 
4.05931 4.04555 3.90538 3.3742 2.49783 1.46826 0.50549 -0.166002 -0.460533 -0.357062 -0.0499353 -0.0926853 
3.56374 3.41974 3.32381 2.94166 2.27562 1.50066 0.706966 0.167238 -0.101523 -0.190874 -0.0429543 -0.0653068 
3.22585 2.91829 2.71654 2.38099 1.93249 1.38145 0.842718 0.40371 0.0893238 -0.0707608 -0.104142 -0.0385825 
3.23565 2.85492 2.57267 2.17789 1.66771 1.13053 0.653073 0.287377 0.0447142 -0.068889 -0.085887 -0.0373325 
3.58638 3.41762 3.25727 2.86635 2.27038 1.57726 0.934856 0.422847 0.094022 -0.061859 -0.0736344 -0.0457325 
3.40865 3.11864 2.89907 2.46726 1.88122 1.27535 0.68631 0.25673 0.00653939 -0.111418 -0.0889691 -0.0321153 
3.01233 2.58865 2.31629 1.94233 1.45535 0.932016 0.432765 0.0615061 -0.185154 -0.269796 -0.227506 -0.0509741 
3.01384 2.61358 2.39821 2.14992 1.79846 1.40428 1.00605 0.639703 0.348692 0.138372 0.0274249 0.0264883 
2.97191 2.60902 2.4288 2.21007 1.86923 1.50604 1.15231 0.73516 0.466936 0.230496 0.0943901 0.0424884 
2.99153 2.59298 2.43888 2.16611 1.88324 1.53152 1.15368 0.838822 0.543843 0.371868 0.178596 0.0553887 
3.06777 2.7662 2.72422 2.35325 2.06259 1.57595 1.07127 0.638756 0.378052 0.303768 0.154495 0.0464811 
2.90298 2.58821 2.52859 2.1932 2.03569 1.65116 1.21174 0.937406 0.569489 0.377151 0.149844 0.0551878 