-0.216111 4.26551 0.496807 -1.68874 3.17392 3.71017 1.44615 1.38775 1.37401 0.35539 0.683426 0.0157113 
0.120984 4.11525 1.8281 -0.710319 2.22436 3.173 1.07754 1.27781 1.29738 0.471993 0.563934 0.0179311 
0.0816095 4.60089 2.60101 -0.748713 2.68931 3.14369 1.55607 0.636006 0.960667 0.444678 0.445297 0.0809113 
0.36242 3.92502 2.29133 0.528683 2.27525 1.20695 1.57362 0.784128 0.819219 0.265219 0.568035 -0.0761652 
-0.0360442 4.19795 2.37618 0.729456 2.34831 1.41453 1.54084 1.07483 0.959778 0.508306 0.488943 -0.043949 
-0.0643522 4.588 2.16146 0.833302 1.77717 0.267273 2.23799 1.88728 1.13385 0.429567 0.520951 -0.0628752 
0.391267 4.00654 1.60782 1.37492 1.41661 0.774557 1.95528 0.624325 1.02481 0.174606 0.502429 -0.084333 
0.248936 4.02184 2.05445 1.28002 0.439239 1.29213 2.2709 0.511619 1.54962 0.337932 0.394964 -0.0619503 
0.0370445 3.97632 2.29619 0.723797 0.60164 1.37951 1.93033 0.851873 1.7022 0.413743 0.430853 -0.0759059 
0.345127 3.61275 2.28893 0.527308 0.952667 1.67306 1.4298 0.705955 1.51984 0.252918 0.542231 -0.0972363 
0.90446 3.08119 2.68235 0.250311 1.69058 1.11401 1.31402 1.18442 0.984703 0.418788 0.295 -0.0160131 
0.691113 3.62014 2.00486 0.341461 1.81958 0.737245 1.61641 1.84917 1.37968 0.153068 0.512404 -0.0887151 
0.511723 3.58182 1.85555 -0.0374126 1.81178 0.74327 1.52357 1.85452 1.69832 0.190369 0.624648 -0.139533 
0.804457 3.21547 2.03904 -0.195162 1.5048 1.25205 1.73026 1.1667 1.44043 0.143495 0.548011 -0.124477 
0.512613 3.89393 2.02269 -0.762181 1.66069 1.64219 1.51993 1.21162 1.37625 0.37955 0.487617 -0.0863009 
0.33056 3.68317 1.5791 -0.488032 1.67388 2.28957 1.597 1.03102 1.23171 0.252646 0.536614 -0.112046 
0.116658 3.91449 1.64927 -0.304072 2.23683 2.36309 1.7503 0.944413 0.909723 0.395409 0.384853 -0.0375335 
0.340887 3.69282 1.12744 -0.127635 2.26904 1.94511 1.35428 1.41056 0.633631 0.16734 0.332003 -0.061171 
-0.191273 3.56403 1.14663 -0.552655 2.36479 2.32631 1.22641 1.99653 1.04922 0.0727279 0.298413 -0.0762947 
-0.140535 3.56799 1.10753 -0.962273 2.20447 2.58859 1.31028 2.42545 1.26018 0.214192 0.165028 -0.0869787 
0.17762 3.02891 1.14697 -1.28714 1.73609 2.94385 1.50981 1.62022 1.13943 0.506581 0.12189 -0.0701876 
0.381212 2.92804 1.17802 -1.08979 1.66422 2.74632 1.77974 1.37971 0.908434 0.59131 -0.053096 -0.020597 
0.689426 2.67316 1.02085 -1.21846 1.94543 2.80089 2.71466 1.06816 0.616369 1.06307 -0.236715 0.0206313 
1.0599 2.4118 1.56016 -1.92956 2.11899 2.82701 2.60798 0.817366 0.150992 0.852065 -0.183711 0.059687 
1.00551 2.08785 1.30295 -1.74107 2.81171 3.38947 2.75443 0.813978 -0.0301371 0.714926 -0.140283 0.0876011 
1.11902 1.8011 1.27775 -1.77596 3.25949 3.66429 2.52488 0.989021 -0.152383 0.339562 0.0936942 0.0662631 
1.70121 1.44027 1.56804 -1.73184 3.23032 3.11044 1.89608 1.23881 -0.227638 0.157418 0.0833684 0.0388422 
1.5845 1.5502 1.1113 -1.38851 3.3524 3.48401 2.0483 1.52459 -0.136123 0.141043 0.139914 0.0267403 
1.62794 0.997568 1.25417 -1.19587 3.00363 3.72502 2.43713 1.50523 -0.133067 0.156688 0.0355272 0.0169756 
2.09824 0.983454 1.2208 -0.769213 2.92439 3.25149 2.13852 1.4747 0.00692204 0.180569 -0.0594278 0.0235946 
2.34111 0.739555 0.588068 -0.337852 3.04101 3.54071 2.10381 0.678802 0.187282 0.326133 0.0212173 0.0423222 
2.34417 0.174047 -0.146673 -0.284811 3.52002 3.80975 2.9508 0.874178 -0.173081 0.0997606 0.250595 0.0478381 
2.9576 0.55182 -0.683305 -0.155576 4.15526 3.20624 2.27134 1.39251 -0.0949107 0.0730292 0.228063 0.0495994 
2.87346 0.960764 -0.22762 0.569584 3.92778 2.70546 1.7778 0.699761 0.101312 -0.00482111 0.0889049 0.0666929 
2.75602 0.61759 -0.774593 0.528635 4.63885 2.57906 1.46227 1.60505 0.28282 -0.0106911 0.238514 0.0168075 
2.44575 0.254524 -1.37776 0.842248 5.59629 2.01772 1.44246 2.02509 0.513188 -0.163493 0.213618 -0.00604589 
2.76479 0.743389 -0.914121 1.06805 5.47845 1.31894 0.84547 1.95863 0.649885 0.0210642 0.171515 0.00472056 
2.73928 0.816199 -0.0829378 1.65696 4.7634 1.34901 0.678203 1.16571 0.683704 -0.121532 0.0296138 0.0322584 
2.84601 0.576876 -0.584349 1.47568 5.04773 1.20699 0.950428 1.56764 0.892594 0.0237652 0.0180564 0.0244847 
3.65477 -1.6896 -0.417302 0.150828 7.13833 1.0534 1.28042 2.0949 0.501839 0.512919 -0.278306 0.0784907 
2.92795 0.0062898 -1.24981 1.61331 5.51991 1.57374 0.774531 1.47634 1.17822 0.16739 0.0738581 -0.0122471 
2.70419 0.540937 -0.366098 1.6402 4.47356 1.73347 0.112604 1.09732 1.15256 -0.00825453 0.15246 -0.0429352 
2.56175 0.390665 -0.822964 1.51476 5.0189 1.73309 0.226003 1.74739 1.18333 0.00916871 0.161008 -0.063769 
1.94886 -0.335243 -1.7299 1.75437 6.24789 2.03336 0.35908 2.07554 1.07355 -0.105966 0.272692 -0.119647 
2.24316 -0.138953 -1.45159 1.80339 6.03744 1.71178 0.168875 1.93286 0.994222 0.127374 0.201482 -0.076856 
2.60094 0.118858 -0.37232 1.74774 5.04723 1.53104 -0.0627445 1.34049 0.722293 0.315563 0.0778476 -0.0438108 
2.67814 -0.0541565 -0.927326 1.63858 5.7826 1.66759 0.0195461 1.54584 0.888312 0.284536 0.149912 -0.0428602 
2.11827 -0.115608 -2.43989 1.99416 6.26743 2.14922 0.465034 1.80918 1.01272 -0.0305131 0.195911 -0.096257 
2.39206 0.206938 -1.88997 1.50993 5.94106 2.16973 0.63669 1.45222 0.809809 0.0652534 0.164916 -0.0552461 
2.50406 0.529096 -1.48478 1.60977 5.61708 1.81832 1.00315 0.889706 0.69472 0.210256 0.069389 0.00394474 
2.62742 0.01561 -1.18469 1.21459 5.43011 1.9314 0.991502 1.12578 0.737307 0.0603758 0.141919 -0.0121163 
2.91877 0.107271 -1.38086 0.691734 6.09572 1.69259 1.48046 1.00375 0.365493 0.26895 -6.1283e-005 0.0304862 
3.1213 -0.0476786 -1.19564 0.0902088 6.0176 1.89513 1.69287 1.16559 0.17597 0.194457 0.000559561 0.0299017 
3.06709 0.63247 -1.20505 0.854099 4.23168 2.80377 1.32351 1.2985 -0.0790259 0.170241 -0.00380688 0.00701572 
3.23505 0.487502 -0.711502 1.0166 3.37828 2.85519 1.52254 1.33292 0.068093 0.126376 -0.0350977 -0.00118088 
3.50519 0.611195 -0.657062 0.999895 3.65974 2.55417 1.39465 1.40441 0.0534085 0.11056 -0.0949655 -0.00330501 
3.64028 0.55933 -0.530892 1.34597 2.97562 2.43273 1.62857 1.26201 0.00582744 0.192636 -0.0954428 -0.0148321 
3.7692 0.46974 -0.0577386 0.986657 3.13242 1.85261 1.793 0.942834 0.351315 0.130296 -0.0345789 -0.0113169 
3.9399 0.440069 0.138286 0.627574 3.26394 1.77337 1.5045 1.20823 0.279969 0.0956785 -0.0146112 -0.0108449 
4.46991 -0.399266 -0.151426 0.962073 3.33663 1.54734 2.05403 1.09009 0.489164 0.069441 -0.0283945 0.025241 
4.34389 0.503939 -0.712712 0.478929 3.4813 1.93119 1.42498 1.08829 0.793608 -0.00362463 0.0190289 0.00511736 
4.28068 0.660143 -0.721123 0.316468 3.51307 1.76781 1.27217 1.49145 0.587046 0.0107685 0.0121224 0.00377515 
4.24285 1.24205 -0.71768 0.639544 2.8803 1.38358 1.52172 0.683112 0.141655 -0.0349048 0.0947835 0.0550339 
5.10111 1.13111 -0.968687 0.357522 3.54163 0.977331 2.06259 0.584015 0.277709 0.0486973 0.119009 0.13576 
5.16548 0.773323 0.0283036 -0.00797712 3.62175 1.5965 1.41058 0.0154033 0.502126 0.012206 0.0609533 0.106873 
4.12245 1.31028 0.139284 0.962056 2.41857 2.17041 0.856969 0.317614 0.49019 -0.144759 0.192149 0.0376242 
3.99179 1.12763 0.964174 1.39002 1.98897 1.4518 0.798019 0.360716 0.286411 0.0526949 0.125957 0.00983066 
4.37237 1.14414 0.780603 1.20714 3.0221 0.884925 0.941295 0.48434 0.416553 0.228554 0.00238144 -0.0128121 
4.13025 1.49375 1.15829 1.90074 2.62182 0.619593 0.563109 0.500259 0.397773 0.147053 -0.00829849 -0.0154152 
3.57578 1.96428 1.47918 1.76331 2.2342 0.470639 0.353216 0.524925 0.364401 0.0686255 -0.0306927 -0.0289159 
4.01167 1.74009 2.26471 1.77143 2.17532 -0.0548599 0.0370899 0.288541 0.303777 0.0815596 0.0615965 -0.00333951 
4.33694 2.09483 2.29849 2.20344 2.17066 -0.51859 -0.307033 -0.0271111 0.00274979 0.125885 0.0832445 0.00567455 
3.92673 2.57279 2.54625 1.89 1.68709 -0.314685 -0.0197254 -0.0228733 -0.244627 0.221245 0.0865563 -0.00313554 
3.82514 2.73191 2.2478 1.21562 1.01475 0.324103 0.302269 -0.0905339 -0.399836 0.240111 0.189354 0.00247355 
4.54298 2.56894 2.80336 1.39734 1.09421 -0.422081 0.341803 0.392437 -0.0482498 0.16221 0.130741 0.0119897 
4.69192 2.69457 2.60529 1.05644 1.58535 -0.339322 0.528282 0.423883 0.0191644 0.129315 0.0724153 0.0121615 
4.19883 2.79053 1.98944 1.43941 1.53342 0.0211204 0.44025 0.701661 0.430428 0.0581123 -0.0133717 -0.0293923 
3.96412 2.5164 1.79364 1.60548 1.72103 0.254073 -0.035006 0.769708 0.571432 0.0482654 -0.0379553 -0.043809 
3.70497 2.47617 2.10156 2.11721 1.35756 0.335567 0.0189798 0.357948 0.314777 -0.0445612 -0.037902 -0.0317328 
6.10781 1.26858 3.1327 1.27963 3.69289 -1.43307 0.463331 0.0692209 0.478142 0.0805973 -0.830592 0.0787832 
4.26033 2.42922 2.1347 2.4791 2.366 -0.353329 -0.347553 0.608894 0.723372 -0.165889 -0.245254 -0.0433265 
4.1493 2.79523 2.23652 2.8025 2.33904 -0.398053 -0.697954 0.0433649 0.715186 -0.109172 -0.271459 -0.0649567 
3.34665 2.68901 2.25755 2.21287 1.992 -0.0725212 -0.81371 0.150767 0.526811 -0.00773854 -0.235051 -0.0562341 
5.80479 2.35661 2.98564 2.10029 4.43072 0.393642 -1.0383 -0.300993 0.682238 -0.921365 -0.490189 -0.0164029 
5.00949 3.13551 2.51883 3.47563 3.31836 -0.10201 -0.884182 -0.126223 0.280124 -0.838397 -0.237893 -0.0467123 
5.06257 3.23094 2.39232 3.43677 3.38075 0.323839 -1.10592 0.104398 0.311017 -0.977 -0.249179 -0.0605262 
3.68731 3.03458 2.80157 2.77195 1.9793 0.519483 -0.103547 -0.107915 -0.172912 -0.34547 -0.0186574 -0.0490847 
4.99641 3.67725 2.75392 3.70822 3.44987 0.374892 -1.1658 -0.0757633 0.328868 -0.72496 -0.242671 -0.0970373 
3.50471 3.06762 2.72423 2.40851 1.81199 0.861361 0.150536 -0.0616061 -0.115961 -0.164847 -0.0438178 -0.0445885 
4.90868 3.72374 3.09405 3.38936 2.4824 0.643803 -0.236304 0.223244 0.114741 -0.733593 -0.0798733 -0.0331943 
4.24088 3.93157 3.84621 3.77496 2.72533 0.943574 -0.0216615 -0.0603024 -0.214454 -0.442467 -0.0637813 -0.0764975 
3.92318 3.53713 3.27007 2.9991 2.25984 1.0997 0.296644 0.0985111 -0.0275695 -0.17295 0.00328762 -0.0395488 
2.9441 2.42581 2.0647 1.74 1.41384 1.00452 0.601539 0.347389 0.220854 0.111022 0.0206358 -0.0222637 
6.07736 4.1639 2.99445 4.33188 4.06433 1.15452 -0.406089 0.590629 0.810388 -0.587361 -0.364343 -0.099964 
3.65099 3.3859 3.33586 3.11948 2.30687 1.19262 0.558427 0.424678 0.216073 -0.0600174 -0.0376846 -0.0313718 
3.24938 2.87775 2.71078 2.48755 2.00039 1.33353 0.830815 0.556645 0.302731 0.0442028 -0.0413827 -0.00970796 
3.29633 2.96835 2.74873 2.37374 1.81202 1.17557 0.613654 0.214139 0.00180248 -0.0421318 -0.00499803 -0.0114854 
4.30894 3.96783 3.86343 3.76254 3.01929 1.31383 0.160021 0.393179 0.263053 -0.0933297 -0.0168741 -0.0295995 
3.76527 3.77186 3.97538 3.77546 2.81093 1.42958 0.568 0.335833 0.0884599 -0.0279076 0.129956 -0.0133437 
2.88967 2.37012 2.12742 1.87019 1.46627 1.01111 0.722056 0.559968 0.380264 0.21337 0.138901 0.0511577 
3.24176 2.99167 2.84386 2.65324 2.33579 1.91647 1.21443 0.826893 0.552885 0.381856 0.217966 0.0663068 
2.92926 2.49697 2.34777 2.08103 1.78531 1.6199 1.18187 0.906317 0.703389 0.437836 0.294407 0.0783605 
3.20448 2.96026 2.91759 2.71756 2.32955 2.09109 1.54592 1.05664 0.853816 0.404053 0.287572 0.0919034 
3.71235 3.92801 3.83316 3.49921 3.26718 2.47076 1.48342 0.819374 0.547841 0.348965 0.383566 0.0689041 
3.09107 2.75154 2.63312 2.3065 2.00783 1.72889 1.36949 0.987373 0.723041 0.471929 0.317335 0.0861655 