3.70001 2.33262 2.46571 0.166387 0.585523 0.47476 1.1973 0.131981 -0.0149696 -0.348016 0.198192 0.0425867 
3.4652 2.38851 1.99462 0.345089 0.912779 1.14151 0.878266 0.370773 -0.087819 -0.128931 0.15595 0.0147012 
3.19702 2.4331 2.01336 1.15976 1.41785 1.1024 0.812948 0.590226 -0.178505 -0.122011 0.0860172 0.00882037 
3.69787 2.92074 2.77268 1.59016 2.31781 1.91347 1.97029 0.765829 0.091445 0.0273537 0.134333 0.0417335 
3.05397 2.679 2.30045 1.79015 1.50878 1.17031 0.957739 0.740641 0.313945 0.0960834 0.0224549 0.00666228 
3.82714 3.33605 3.01803 2.46267 2.66654 2.3 1.66445 0.828921 0.41106 0.0198739 -0.0204422 -0.00779157 
3.04717 2.54229 2.28627 2.05382 1.90298 1.48638 0.900295 0.367125 0.0793436 -0.033332 -0.0717862 -0.0355731 
3.33106 2.98026 2.67615 2.25408 2.13186 1.92815 1.36902 0.762764 0.293604 -0.120391 -0.147836 -0.0308484 
3.70154 3.28467 2.71702 2.55591 2.45273 2.02378 1.27542 0.42761 -0.0597403 -0.194366 0.00789227 -0.0311428 
3.94437 3.21661 2.88408 2.83979 2.74654 2.27767 1.26254 0.274913 -0.315216 -0.209212 0.116583 -0.0187216 
3.24119 2.77863 2.56181 2.43072 2.20433 1.72646 1.08816 0.372681 -0.0586431 -0.111167 -0.055564 -0.0339112 
3.45843 3.0332 2.65213 2.31734 2.0381 1.57796 0.954358 0.257328 -0.0889908 -0.116296 -0.0553158 -0.0398209 
4.70017 3.92695 2.94279 2.67552 2.8189 2.58857 1.48141 -0.093241 -0.936021 -0.743307 0.0722859 -0.0114364 
3.41345 2.94944 2.57649 2.28635 1.97551 1.48476 0.898399 0.22507 -0.15917 -0.204633 -0.0564071 -0.0426978 
3.6711 3.27253 2.91719 2.70925 2.49916 1.85333 0.866078 -0.127142 -0.498588 -0.33926 0.0933187 -0.0514729 
3.3368 2.90366 2.47297 2.17543 1.88452 1.43286 0.840452 0.189616 -0.173466 -0.205827 -0.0641991 -0.0448378 
3.2354 2.88901 2.55022 2.18382 1.80691 1.38607 0.905576 0.37899 0.0302883 -0.147808 -0.128145 -0.044361 
3.30877 2.95588 2.67699 2.30156 1.779 1.27638 0.802988 0.338072 0.0500074 -0.106725 -0.125497 -0.0467386 
3.23877 2.86594 2.66035 2.34058 2.03441 1.5995 1.09692 0.55166 0.069849 -0.146421 -0.126668 -0.0407068 
3.20217 2.7986 2.48067 2.28182 1.93878 1.46234 0.921671 0.406826 0.108333 -0.0511108 -0.10498 -0.039494 
3.25132 2.80591 2.5775 2.3422 1.99301 1.51956 0.961819 0.440289 0.0408953 -0.129232 -0.15437 -0.050296 
3.46956 2.97755 2.59451 2.32096 2.15097 1.71238 1.09456 0.410356 -0.0984223 -0.231222 -0.120647 -0.0549919 
3.45498 2.97183 2.61326 2.42177 2.17229 1.46345 0.800242 0.22756 -0.125413 -0.227564 -0.137666 -0.0691139 
3.55976 2.97711 2.50401 2.35062 2.40615 2.00791 1.01555 -0.021183 -0.463119 -0.310991 -0.0559734 -0.0634049 
3.79506 3.0782 2.40954 2.49068 2.75175 2.12988 1.09434 0.00895002 -0.565063 -0.381033 0.000277661 -0.0510441 
3.50884 2.88629 2.41993 2.13249 1.94067 1.5393 0.816628 0.208935 -0.317546 -0.369527 -0.0931964 -0.0681914 
5.68475 3.30594 2.08583 2.99062 3.94512 1.56399 0.7458 -0.499761 -0.204876 -0.966008 -0.170433 -0.0290003 
3.62641 2.99525 2.4944 2.3088 1.94765 1.33811 0.62692 0.121886 -0.128383 -0.321922 -0.0401071 -0.0621184 
4.69549 3.43442 2.47848 3.01083 3.29155 1.85688 0.318849 -0.168683 -0.676356 -0.812711 0.0647929 -0.0394202 
3.40095 2.77896 2.27202 2.14782 1.98483 1.41494 0.477091 -0.138193 -0.322678 -0.214839 -0.0257531 -0.0632554 
3.57953 3.01456 2.59661 2.43454 2.38717 1.68458 0.62965 -0.159324 -0.421693 -0.242721 -0.0286583 -0.0678515 
3.87085 3.15216 2.3383 2.01711 1.94678 1.47853 0.634574 -0.173005 -0.420561 -0.316108 -0.036768 -0.0537491 
3.49718 2.9019 2.502 2.30561 2.03085 1.47037 0.636808 -0.105954 -0.365247 -0.360721 -0.0750625 -0.0766881 
3.44475 2.89862 2.51804 2.32022 2.04954 1.28268 0.411933 -0.19434 -0.338817 -0.254723 -0.0935644 -0.0841427 
3.74936 3.07739 2.54555 2.51382 2.49908 1.77737 0.579761 -0.268842 -0.455784 -0.377852 -0.0280006 -0.0767747 
4.67216 3.63134 2.58629 2.41134 2.67629 2.01882 0.79167 -0.129443 -0.281927 -0.446724 -0.0775793 -0.0615211 
3.13048 2.70523 2.48 2.22624 1.8233 1.18619 0.616893 0.217658 -0.0578314 -0.198091 -0.196608 -0.0700733 
3.26413 2.82689 2.56326 2.27406 1.87404 1.34355 0.804747 0.303729 0.0021702 -0.139156 -0.161457 -0.0589059 
4.47163 3.65285 3.00129 2.94449 2.85531 1.91472 0.993836 0.139889 -0.404973 -0.502984 0.0334612 -0.0455299 
3.76866 3.284 2.95131 2.78316 2.74642 2.09573 1.09892 0.0318375 -0.355523 -0.250324 0.0826519 -0.0443448 
3.20976 2.68711 2.40995 2.30405 2.08605 1.58274 0.856345 0.232189 -0.061745 -0.132989 -0.0683606 -0.0460059 
3.38205 2.88352 2.47547 2.14118 1.89554 1.49842 0.862097 0.156368 -0.20438 -0.181419 -0.0241392 -0.0463021 
4.1518 3.40703 2.70359 2.49016 2.39988 1.97774 1.17095 0.128876 -0.465287 -0.469119 0.0978725 -0.0208101 
3.90798 3.26676 2.6591 2.47113 2.53997 2.09474 1.09289 0.0273192 -0.520122 -0.346723 0.142566 -0.0172805 
4.05824 3.40751 2.59963 2.38456 2.52005 2.08629 1.08046 -0.05488 -0.636976 -0.470356 0.156243 -0.010281 
3.72948 3.19513 2.66165 2.33634 2.34706 1.89571 0.893855 -0.0344216 -0.409571 -0.226765 0.0813094 -0.0301283 
3.64624 3.0642 2.49642 2.18193 2.17619 1.91143 1.03728 0.0258404 -0.493298 -0.344722 0.0748468 -0.0323591 
3.91248 3.19482 2.57153 2.33074 2.27028 1.90982 0.935728 -0.0645662 -0.49607 -0.338215 0.051448 -0.0366249 
4.14336 3.25046 2.48009 2.12107 1.99045 1.71464 1.01183 0.0562283 -0.535565 -0.381201 0.00176482 -0.0367371 
3.96369 3.0636 2.3424 2.08115 1.95018 1.4954 0.87834 0.0904658 -0.410544 -0.352338 -0.0114043 -0.0436945 
3.92649 3.09086 2.48571 2.03497 1.74523 1.24646 0.741434 0.256326 -0.186048 -0.241311 -0.0832588 -0.0571541 
4.19278 3.25496 2.39811 1.83206 1.66218 1.28404 0.911076 0.29499 -0.362244 -0.39158 -0.0453139 -0.0478479 
4.19636 3.28717 2.45265 1.93674 1.66421 1.19748 0.78566 0.306031 -0.134657 -0.190599 -0.0735524 -0.0506042 
4.88484 3.55318 2.48874 2.05637 1.7556 1.62993 1.10948 0.085093 -0.366565 -0.430061 -0.0514781 -0.0292603 
5.94578 3.28434 2.68449 1.8823 1.75378 1.36918 1.34242 0.235709 -0.569699 -0.0750088 -0.0331111 -0.0306486 
4.29825 3.37173 2.67762 2.32005 1.2995 0.86614 0.634512 -0.0514653 -0.100446 0.0571301 0.0164191 -0.0249627 
3.63188 2.89062 2.37781 1.89452 1.3877 0.914023 0.512881 0.138743 0.0331529 0.0541769 0.0898062 -0.0250624 
3.6057 2.93153 2.36028 1.87471 1.33431 0.835602 0.453869 0.146226 0.0616975 0.0900198 0.0875823 -0.0259128 
3.59949 3.05486 2.61197 1.94542 1.39476 0.822027 0.345145 0.0716017 0.0834213 0.0700911 0.0647908 -0.0277901 
3.5793 3.10417 2.51155 1.97445 1.54084 1.01314 0.487253 0.185171 0.0955148 0.14151 -0.0280113 -0.0359572 
3.42873 2.81643 2.35407 2.02782 1.60828 1.10104 0.634778 0.368333 0.254276 -0.0514276 -0.069894 -0.0465078 
3.27079 2.78781 2.37897 1.95416 1.54753 1.13115 0.789254 0.456378 0.00158454 -0.0978116 -0.0507782 -0.0489178 
3.26963 2.80004 2.39582 1.96383 1.57221 1.18803 0.733608 0.131442 -0.0655221 -0.0971312 -0.00110801 -0.0484282 
3.24205 2.77867 2.45747 2.10002 1.7054 1.13365 0.281192 -0.00878944 -0.11169 -0.035261 0.0379729 -0.0507604 
3.24873 2.80153 2.48778 2.07498 1.38251 0.843977 0.320333 -0.0135233 -0.0957164 -0.0195551 0.0693249 -0.0454748 
3.2188 2.7993 2.38842 1.75701 1.35541 0.881231 0.378993 0.0242772 -0.11618 -0.032767 0.0810755 -0.0440897 
3.26188 2.67953 2.22084 1.70207 1.25725 0.866992 0.493109 0.0862477 -0.0825629 -0.110632 0.141509 -0.0392288 
3.21075 2.64921 2.19161 1.72207 1.30548 0.94124 0.515474 0.211716 -0.0238787 0.0449005 0.119776 -0.0368741 
3.30521 2.73233 2.13365 1.70063 1.29929 1.02043 0.622979 0.275481 0.045614 0.0452602 0.10512 -0.0323257 
3.21169 2.71813 2.25264 1.73699 1.43173 1.00398 0.651108 0.3165 0.11265 0.0514677 0.0604463 -0.0374905 
3.18171 2.68797 2.35209 2.02106 1.74116 1.2556 0.618298 0.249283 0.0604188 0.0494396 0.0291371 -0.0404371 
3.53207 3.00283 2.50037 2.17236 1.77527 1.32212 0.694139 0.106409 -0.099274 -0.0146686 0.0618261 -0.0346068 
3.92321 3.3247 2.63823 2.30016 2.0546 1.51369 0.714922 -0.0481433 -0.33098 -0.208657 0.101225 -0.030485 
3.83065 3.28242 2.66328 2.29901 2.00621 1.55603 0.668242 -0.18683 -0.373224 -0.182081 0.118283 -0.032277 
4.02532 3.41637 2.71406 2.37956 2.24999 1.53499 0.55625 -0.332085 -0.413202 -0.21573 0.0981573 -0.0348271 
4.58712 3.52277 2.72664 2.62184 2.654 1.65066 0.208525 -0.538456 -0.521963 -0.257428 0.0500717 -0.0404303 
4.74923 3.463 2.53158 2.6878 2.61656 1.43673 -0.0239613 -0.619594 -0.380458 -0.374217 0.0371212 -0.042571 
4.25271 3.39862 2.51481 2.37083 2.18289 1.14684 0.0591236 -0.527082 -0.350079 -0.246147 0.0768098 -0.0365616 
3.86226 3.14066 2.5243 2.15079 1.72154 0.914178 0.0429679 -0.468515 -0.376114 -0.174865 0.159963 -0.0269916 
3.4547 2.81786 2.2947 1.94252 1.56241 0.829811 0.115668 -0.279611 -0.307938 -0.0441371 0.205243 -0.0320566 
3.22554 2.60637 2.17745 1.84453 1.39242 0.780896 0.234183 -0.037245 -0.0464987 0.0209393 0.129702 -0.0410561 
3.33264 2.7053 2.27116 2.01896 1.6074 0.929541 0.169142 -0.137331 -0.0929222 0.0237406 0.11939 -0.0395239 
3.89901 3.23295 2.51747 2.15644 1.88587 1.21009 0.386916 -0.18298 -0.372141 -0.212629 0.103353 -0.0312067 
3.57541 3.06182 2.37708 1.98305 1.66889 1.07511 0.595767 -0.00688061 -0.168815 -0.0769375 0.0276725 -0.0423361 
3.26355 2.80328 2.4786 1.9139 1.27034 0.778124 0.292568 -0.0127567 -0.090529 -0.00507703 0.0728271 -0.0449863 
3.57424 2.91928 2.32521 1.9231 1.47975 0.828849 0.101272 -0.142298 -0.0778779 0.0474705 0.0831066 -0.0341992 
5.1466 3.30929 2.66481 1.28506 1.53243 0.850203 0.267034 -0.174447 -0.0398876 0.257722 0.0120879 -0.0237086 
4.22703 3.243 2.42174 1.84047 1.26179 0.281199 0.722803 0.126358 0.0530307 0.168076 -0.00875572 -0.0254681 
3.42189 2.80471 2.32656 1.91078 1.46028 0.910655 0.326711 -0.0034974 -0.245962 -0.0385041 0.135475 -0.0306031 
3.45239 2.91654 2.50062 2.2303 1.85652 1.32479 0.766276 0.29815 -0.059174 -0.141603 -0.076646 -0.0459082 
3.59539 3.05228 2.56924 2.31804 2.07979 1.58365 0.825481 0.152305 -0.197095 -0.176376 -0.0259181 -0.0423696 
3.32879 2.85513 2.42753 2.01941 1.62941 1.24797 0.776973 0.254231 -0.0667631 -0.126952 -0.0698612 -0.0441801 
3.6733 3.09428 2.6203 2.24489 1.92157 1.46741 0.663836 0.133748 -0.186961 -0.0549389 0.0154661 -0.0351756 
3.82421 3.27707 2.47894 1.93867 1.57017 1.38059 0.978484 0.3547 -0.0638451 -0.233401 -0.0249042 -0.0446535 
3.50696 3.00042 2.60342 2.39676 2.07861 1.46001 0.66639 0.130623 -0.0192747 -0.0993407 -0.0910594 -0.0579251 
3.14561 2.60402 2.25807 1.96362 1.69559 1.27886 0.731557 0.220328 -0.0949997 -0.19177 -0.151624 -0.0618415 
3.31734 2.70612 2.09902 1.89578 1.63128 1.20125 0.726416 0.273972 -0.330746 -0.332228 -0.185399 -0.0717295 
3.65829 3.08372 2.39413 2.03094 1.7809 1.33209 0.588575 -0.179527 -0.482656 -0.348092 -0.076601 -0.0719922 
3.7991 3.07916 2.46917 2.2749 2.145 1.56386 0.396608 -0.56544 -0.909806 -0.541375 0.0716922 -0.0685818 
4.72765 3.57162 2.23402 2.00976 2.30803 1.88651 0.775613 -0.693267 -1.41897 -1.0829 0.0320359 -0.00511256 
3.51152 2.80736 2.08843 1.54972 1.40536 1.25641 0.404401 -0.550042 -0.93202 -0.552219 0.104556 -0.0460029 
3.57339 2.8975 2.10269 1.43509 1.03 0.644983 -0.094951 -0.768355 -0.992503 -0.530314 0.119463 -0.0399665 
4.29375 3.5732 2.52801 1.79028 1.49542 1.18051 0.21357 -0.979996 -1.38067 -0.915465 0.165725 -0.0122443 
5.50727 3.99973 2.84286 2.0562 1.77734 0.962965 -0.32401 -0.945512 -0.798257 -0.67599 -0.111752 -0.0282069 
3.98559 3.64444 3.16438 2.61128 1.75068 0.690957 -0.347022 -0.866362 -0.756887 -0.324124 0.0634678 -0.0402954 
3.46409 3.06571 2.69181 2.08252 1.33553 0.576688 -0.00139039 -0.303678 -0.230544 -0.0337788 0.0931611 -0.0132426 
4.55038 3.9497 3.28964 2.5326 1.76368 0.686763 -0.351231 -0.686715 -0.604052 -0.347597 0.0461792 -0.00028199 
4.94055 4.20853 3.04548 2.21568 1.80188 0.81003 -0.134611 -0.953535 -0.691714 -0.443524 0.0191223 0.00758819 
4.69239 4.06204 2.97905 2.19791 2.09197 0.758013 -0.339273 -1.16069 -1.24241 -0.564268 -0.0353805 -0.0343195 
3.90648 3.44378 2.79282 2.1354 1.40327 0.405477 -0.414512 -0.994788 -0.921395 -0.495119 0.0208173 -0.0548824 
4.60702 3.85076 2.91285 1.70339 0.995055 0.481705 -0.25834 -0.575494 -0.574885 -0.374417 -0.0380023 -0.0233313 
4.87049 4.18176 2.86155 1.73963 1.4288 0.430437 -0.0532272 -0.674507 -0.448416 -0.136347 -0.0818252 -0.0259532 
4.85759 4.21508 2.63214 1.72296 1.03252 0.423623 -0.212123 -0.559697 -0.17112 -0.0189411 -0.00925904 -0.00879291 
3.90322 3.26927 2.58927 1.76213 0.76861 0.196939 -0.0383099 -0.0695904 0.0309629 0.022847 0.0319787 -0.0177414 
5.23011 4.21132 2.63259 1.935 1.64186 0.510394 -0.348171 -0.852563 -0.47943 -0.34641 -0.0491756 -0.0201445 
4.46794 3.71362 2.62128 1.84751 1.43084 0.485126 -0.292421 -1.00463 -0.838611 -0.308477 -0.0161008 -0.0223759 
3.60941 3.01161 2.36515 1.64048 1.05235 0.364274 -0.25155 -0.631616 -0.520447 -0.200137 -0.0372394 -0.0552222 
3.6463 3.15587 2.71961 1.98831 1.26278 0.396022 -0.281081 -0.524149 -0.402577 -0.276904 -0.0229496 -0.0565526 
4.46535 3.84931 3.00712 2.31555 1.66878 0.919619 -0.106644 -0.724608 -0.557755 -0.297057 -0.123563 -0.0660879 
3.61878 3.20384 2.7983 2.25436 1.75629 0.973667 0.221018 -0.258762 -0.341487 -0.141429 -0.0141282 -0.0526586 
3.38708 2.96874 2.62309 1.99966 1.357 0.826208 0.287009 -0.022052 -0.0485139 -0.0474352 -0.0142533 -0.0367278 
3.6515 3.15992 2.68657 2.15965 1.48654 0.704038 0.128668 -0.10256 -0.0829477 -0.124362 -0.00702047 -0.0368835 
3.87281 3.54141 3.17038 2.60744 1.83919 0.892477 0.00307652 -0.444653 -0.357369 -0.183216 0.0190842 -0.0482199 
3.32245 2.94915 2.69621 2.11346 1.60407 0.815868 0.196926 -0.149591 -0.141535 -0.0933459 -0.00795553 -0.0550645 
3.49809 3.1693 2.76278 2.16128 1.39297 0.737219 0.275027 -0.126995 -0.182291 -0.053646 0.0114427 -0.0370918 
3.81014 3.32774 2.92387 2.42236 1.78231 1.03851 0.330764 0.0172673 0.187013 0.0571567 0.0234567 -0.0143451 
3.52002 3.13542 2.8654 2.56737 2.03309 1.19902 0.535705 0.000770847 -0.0776067 -0.0442816 0.0582483 -0.0238353 
3.86697 3.4794 3.05696 2.31665 1.74566 1.07787 0.259845 -0.276298 -0.261495 -0.0599869 0.0795725 -0.0135037 
3.8898 3.5784 2.98067 2.28344 1.85315 1.29453 0.413778 -0.220702 -0.308022 -0.351286 0.107322 -0.028119 
3.68562 3.44712 2.98185 2.38817 1.60458 0.892977 0.159851 -0.350142 -0.47203 -0.269215 0.078873 -0.0413797 
3.27779 2.76819 2.3887 1.74829 1.07364 0.516656 0.053993 -0.181585 -0.32292 -0.129959 0.00578922 -0.0222347 
3.55677 3.14293 2.82889 2.17915 1.38857 0.878491 -0.0122011 -0.338504 -0.177401 -0.0689617 0.0872232 -0.0112853 
3.52362 3.33619 3.04367 2.23852 1.42531 0.580792 0.0681199 -0.238279 -0.237894 -0.057043 0.0384131 -0.0200022 
3.99969 3.80884 3.23151 2.28395 1.79855 0.886111 -0.159175 -0.66073 -0.210078 -0.182092 0.0685002 -0.0122314 
3.32433 2.81635 2.35198 1.74204 1.24871 0.556866 0.344295 -0.017254 -0.0451684 0.0234011 0.116694 -0.0180509 
3.46504 3.13598 2.55075 1.9383 1.33511 0.280385 -0.037639 -0.367641 -0.354772 -0.0856267 0.144 -0.0180346 
3.47797 3.15892 2.83218 2.23604 1.36473 0.628333 -0.113141 -0.66683 -0.494134 -0.2078 0.0918861 -0.043453 
4.43603 3.87864 3.55809 2.50999 1.75019 0.0661369 -0.0975439 -1.22219 -0.0329882 -0.558693 -0.0718242 -0.0354642 
4.95392 4.36618 3.34977 2.28555 1.6589 0.488765 0.290914 -1.40934 -0.22919 -0.537577 -0.0958516 -0.0376192 
4.24326 3.9323 2.78311 2.40783 1.57566 0.403216 0.0432196 -0.588158 -0.567342 -0.424862 0.037518 -0.031942 
4.14665 3.85544 2.90371 2.08865 1.68151 0.630356 -0.084639 -0.794027 -0.69649 -0.702448 0.118232 -0.0375782 
3.65981 3.12268 2.66116 1.87657 1.42044 0.475614 0.0557997 -0.400274 -0.53641 -0.321673 0.090275 -0.0398448 
3.95422 3.49756 3.11013 1.72111 1.56101 -0.0213717 -0.189124 -0.696215 -0.522169 -0.511754 0.0584423 -0.0333048 
4.40909 3.56534 3.29943 1.29853 1.22941 0.120936 0.672641 -1.37343 -0.625923 -0.604868 -0.0458113 -0.016892 
3.79158 3.4408 2.9771 1.74429 1.21956 0.335488 -0.135253 -0.625061 -0.312765 -0.412494 0.00655649 -0.0491816 
3.41783 2.95024 2.4379 1.7031 1.03942 0.1814 0.0525532 -0.414005 -0.457771 -0.177065 0.0079925 -0.0453769 
3.42557 2.65594 2.3872 1.66744 1.02311 0.354371 0.503046 0.0783621 -0.0237848 -0.0359004 -0.0503246 -0.0427462 
3.93939 3.28074 2.97086 1.62581 1.40651 0.97346 0.593503 -0.287797 0.198855 0.00792481 -0.0173842 -0.0123515 
3.14817 2.83466 2.38582 1.79564 1.25928 0.661684 0.457805 0.00569266 0.0132695 0.0502598 -0.00836449 -0.0306915 
3.62258 3.16789 2.47255 2.02851 1.16852 0.868188 0.693597 0.00277208 -0.0823431 -0.116382 0.0282665 -0.028878 
3.56466 2.97276 2.70877 1.96034 1.44744 0.549145 0.922143 -0.0316014 -0.00991654 -0.0215897 -0.0263671 -0.0292722 
3.63727 3.01581 2.89382 2.10234 1.30418 1.12711 0.676782 -0.108174 0.0035702 0.0152109 -0.0151406 -0.0230269 
3.49364 3.16867 2.71293 2.16179 1.24571 0.632485 0.631795 -0.0167342 -0.07919 0.0256538 0.0324787 -0.016042 
3.53224 3.13175 2.82851 1.93585 0.999255 1.10693 0.78806 0.266115 0.284776 0.156425 -0.0355809 -0.0104542 
3.90123 3.63005 3.43563 2.01116 1.31433 0.523546 0.363947 0.510248 0.464245 -0.0863804 0.00829107 -0.00608327 
3.14248 2.67391 2.17891 1.64722 1.17741 0.66927 0.489828 0.277252 0.348861 0.0202877 -0.0531955 -0.024197 
3.96112 3.40045 3.192 1.67487 1.34926 0.549527 0.940104 0.168463 0.346439 0.150875 -0.0893014 -0.0143175 
3.68325 3.25788 2.86844 1.60953 1.54841 0.877716 0.240701 0.156626 0.0450272 0.00401933 -0.0531239 -0.0321672 
3.49186 3.45608 2.88208 1.36599 1.32494 0.709096 0.706807 -0.00976966 0.108994 -0.0677794 -0.0256812 -0.0255473 
3.25601 2.74772 2.31571 1.21976 1.4973 0.616619 0.395047 -0.0696043 0.122302 0.0337213 -0.0335805 -0.0321279 
3.81594 3.17592 3.07919 1.46922 0.685594 0.412955 0.56623 -0.320422 0.482585 0.0195055 0.00650119 -0.00759896 
3.60817 3.03782 2.93604 0.944379 0.997904 0.180033 0.448785 0.414214 0.243063 -0.144741 0.0252836 -0.0373444 
3.47626 2.62284 2.31693 1.03862 1.12491 0.0415387 -0.23704 0.123865 0.12086 -0.12196 -0.00935424 -0.0401901 
3.4537 2.64196 2.47882 0.967611 0.934332 0.148231 0.312785 -0.0235631 0.0323329 0.0392767 0.0073855 -0.0173804 
3.79265 2.99267 3.19391 0.701425 1.2281 -0.322823 0.147795 -0.0709187 0.346447 -0.158852 -0.0519678 -0.00172849 