3.72937 2.21813 1.44407 -0.364097 -0.0226207 0.175243 1.11411 -0.624073 -0.522923 -0.495444 0.298634 0.0274506 
3.90375 2.46059 1.46157 -0.447431 -0.0195009 0.187016 1.65111 -0.292954 -0.279847 -0.309929 0.266848 0.0268776 
3.56486 2.27042 1.73359 0.277881 0.830562 0.610543 1.02339 0.0595669 0.269368 -0.0802128 0.155028 0.00996122 
2.65124 1.95421 1.55312 1.28116 0.916327 0.531713 0.405889 0.294416 0.0560226 0.00825179 0.0140693 -0.0161516 
4.59317 3.35864 3.15309 2.36098 1.85339 1.38742 1.21888 0.79694 0.733416 0.1149 -0.0163997 -0.00680625 
3.73775 3.1921 2.87696 2.6767 2.84122 2.40739 2.02778 0.410971 0.0880932 -0.114929 0.0499191 -0.00117755 
4.79976 3.68401 2.73966 2.63851 3.44142 2.78064 1.79554 0.0840829 -0.297875 -0.368799 0.0922113 0.0131114 
3.29365 2.82828 2.5639 2.4791 2.27089 1.8942 1.07831 0.400103 0.010055 -0.146463 -0.0802409 -0.0369818 
3.03019 2.57423 2.32401 2.03479 1.6647 1.24544 0.778042 0.365046 -0.0138583 -0.100968 -0.107639 -0.0432285 
3.44867 3.01875 2.65199 2.43993 2.32457 2.03998 1.45409 0.509361 0.0478267 -0.159875 -0.106313 -0.0343019 
3.55937 3.1565 2.81974 2.73063 2.59067 2.24028 1.31158 0.409676 -0.0379899 -0.139458 -0.0300129 -0.0338271 
3.83481 3.32835 2.84897 2.74894 2.6265 2.32771 1.47981 0.46985 -0.128915 -0.202967 0.0033613 -0.0291563 
3.23295 2.83399 2.56214 2.29417 1.94043 1.48821 0.952824 0.411473 0.0253954 -0.130329 -0.127417 -0.0444347 
3.10507 2.6438 2.36919 2.13844 1.81843 1.3794 0.873713 0.369663 -0.000902719 -0.158006 -0.12664 -0.04556 
3.28044 2.91078 2.57682 2.36191 2.07458 1.73222 1.28486 0.623101 0.156382 -0.15178 -0.200923 -0.0435732 
4.17222 3.51184 2.78672 2.68091 3.02125 2.6144 1.67092 0.408501 -0.323094 -0.360516 0.0560958 -0.0174722 
4.44068 3.49569 2.65129 2.58619 2.73429 2.51856 1.42927 0.457839 -0.38932 -0.457596 0.00334197 -0.0242829 
3.24807 2.73548 2.40577 2.23701 1.96536 1.47842 0.855919 0.189656 -0.189429 -0.222595 -0.132859 -0.0652879 
3.63652 3.04531 2.50108 2.19526 2.16135 1.8879 1.05782 0.0638536 -0.465713 -0.352857 -0.063392 -0.061213 
4.25845 3.38622 2.50141 2.22815 2.51258 2.4352 1.40043 0.122114 -0.861831 -0.70976 0.029937 -0.0277924 
5.61011 3.65589 2.15128 2.4196 3.34211 2.59724 0.92581 -0.151605 -1.06006 -1.15616 -0.135867 -0.00807261 
3.74821 2.96977 2.36358 2.24708 2.26766 1.8889 0.934036 -0.123448 -0.654054 -0.449613 0.00317882 -0.0547492 
4.17602 3.32164 2.48315 2.33554 2.7011 2.2346 1.06992 -0.424027 -0.987741 -0.607789 0.0815908 -0.033034 
4.02567 3.3178 2.46884 2.02918 2.04855 1.57528 0.908508 -0.204964 -0.703616 -0.566914 -0.0129008 -0.0555506 
3.62552 3.02925 2.48946 2.04607 1.57011 0.986129 0.479099 -0.12936 -0.49801 -0.470464 -0.0352305 -0.0691894 
3.25326 2.80558 2.41782 2.04298 1.54497 0.790617 0.173724 -0.272938 -0.269676 -0.222059 -0.111505 -0.07152 
4.45916 3.36978 2.61014 2.98175 2.97366 1.26967 -0.100314 -0.614463 -0.761454 -0.767769 0.0199126 -0.0747376 
4.01173 3.26137 2.50843 2.16213 1.85605 1.11488 0.310274 -0.440427 -0.75527 -0.57834 0.0120121 -0.0598048 
3.80595 3.14638 2.4224 1.99054 1.5511 1.07157 0.344564 -0.339793 -0.701654 -0.585929 -0.00922726 -0.067379 
3.75241 3.1204 2.44568 1.98522 1.69765 0.969232 0.0947306 -0.631545 -0.814044 -0.546449 -0.0323133 -0.0807813 
4.02737 3.42837 2.76151 2.25891 1.91411 1.18058 0.163778 -0.80154 -1.06468 -0.713229 -0.00779071 -0.0883799 
3.95949 3.41381 2.71822 2.20936 1.76416 0.982639 0.25705 -0.528895 -0.980276 -0.739935 -0.0204202 -0.0909677 
4.27878 3.53696 2.71373 2.25377 2.0115 1.20976 0.146886 -0.608143 -0.807429 -0.650949 -0.0797244 -0.0856995 
3.56503 3.0845 2.69113 2.39908 2.05062 1.33331 0.491075 -0.178403 -0.352204 -0.323276 -0.114009 -0.0841229 
3.66631 3.10835 2.59806 2.19149 1.90523 1.37879 0.677306 0.0883476 -0.240609 -0.277664 -0.116934 -0.0683097 
3.3115 2.87676 2.60741 2.42348 2.08109 1.48593 0.795279 0.186689 -0.167509 -0.243332 -0.12498 -0.0635508 
4.38481 3.67652 2.91227 2.64928 2.36888 1.62039 0.655289 -0.0925368 -0.270295 -0.369524 -0.0547952 -0.0623004 
3.97544 3.34189 2.93349 2.84883 2.49325 1.67636 0.589024 -0.019377 -0.265332 -0.267995 -0.0265885 -0.0650565 
3.74793 3.32732 2.88746 2.56446 2.1403 1.40695 0.621778 0.126656 -0.0559378 -0.172337 -0.101231 -0.0651186 
3.16495 2.76291 2.57151 2.35717 1.93916 1.29792 0.612947 0.115914 -0.119319 -0.189427 -0.163849 -0.0713522 
3.26593 2.79367 2.54385 2.29309 1.81842 1.19353 0.594602 0.201692 -0.00733484 -0.166543 -0.175816 -0.0662 
4.55855 3.45315 2.73871 3.10384 3.20403 2.55448 1.20358 0.0633034 -0.649206 -0.737704 0.141871 -0.00957579 
4.09329 3.31376 2.6106 2.46721 2.78494 2.41233 1.39536 0.147848 -0.55374 -0.543531 0.099262 -0.0157883 
3.48094 2.87278 2.37816 2.13327 2.07196 1.70936 0.910608 0.0631162 -0.331757 -0.25746 0.00685186 -0.0322384 
3.33864 2.77113 2.25801 1.8795 1.69387 1.37514 0.831639 0.213675 -0.21189 -0.196547 0.0391121 -0.0234955 
4.97309 3.45617 2.54936 2.74484 2.97692 2.3397 0.931439 -0.272738 -0.954262 -0.897087 0.124731 0.0285293 
3.82968 3.17336 2.50052 2.05827 1.85203 1.54768 0.957949 0.113993 -0.500365 -0.420013 0.0566458 -0.0297761 
3.93713 3.22262 2.58404 2.29735 2.20306 1.63328 0.73819 -0.0425571 -0.455192 -0.334288 0.0120384 -0.0407529 
4.06605 3.21136 2.36797 2.02145 1.98044 1.661 0.892534 0.0923575 -0.36324 -0.37634 -0.0420301 -0.0410365 
3.79929 3.01685 2.47527 2.23661 2.04834 1.41519 0.665828 0.0462962 -0.221491 -0.192038 -0.0917583 -0.0563583 
3.5952 3.00843 2.41295 1.96399 1.67746 1.39794 0.852063 0.142683 -0.364274 -0.338603 -0.0623263 -0.0586833 
4.08395 3.22546 2.46945 2.06577 1.92405 1.57096 0.794805 0.0705535 -0.287281 -0.300913 -0.117115 -0.0632747 
4.7936 3.40671 2.35081 1.69728 1.85198 1.16111 0.547932 0.559163 -0.0393094 -0.315785 -0.179767 -0.0789585 
3.88124 3.09878 2.36621 1.86926 1.63351 1.11919 0.535485 0.172791 -0.107498 -0.209487 -0.170399 -0.0724896 
3.89717 3.19073 2.6464 2.09587 1.58621 0.851015 0.383332 0.331677 0.115295 -0.197458 -0.238185 -0.0816824 
4.25646 3.39002 2.57152 1.99418 1.7069 1.00827 0.603352 0.453154 -0.0365697 -0.263067 -0.19443 -0.0806679 
5.11876 3.71493 2.85883 2.20496 1.66376 0.97456 0.543937 0.130591 -0.0118723 -0.214072 -0.153234 -0.0702392 
4.63494 3.63964 2.73079 1.95695 1.54139 0.898355 0.520738 0.0257622 -0.381652 -0.113407 -0.0837176 -0.0450937 
4.83621 3.49867 2.58306 1.8433 1.38787 0.867553 0.558621 0.207798 -0.0906976 -0.278446 -0.0154247 -0.0238689 
4.2225 3.30652 2.65446 2.12304 1.15953 0.668357 0.424053 0.243216 -0.0266621 -0.127168 0.0568866 -0.0169053 
3.81921 3.02688 2.4312 1.94496 1.3894 0.803461 0.416796 0.272161 -9.41557e-005 -0.0577396 0.096142 -0.0173178 
3.56421 2.96253 2.51626 1.97403 1.41754 0.805444 0.41323 0.263756 0.183749 0.1376 0.0132919 -0.0254674 
3.58416 3.0149 2.5562 2.05188 1.50172 0.946261 0.565316 0.173234 0.155377 0.0327764 0.000461453 -0.0303001 
3.47647 2.96678 2.56238 2.17043 1.75901 0.915679 0.350361 0.16141 0.0626733 -0.0629304 0.0281406 -0.0338554 
3.4368 2.98032 2.4223 1.95898 1.47453 0.761544 0.331997 0.208382 0.206048 0.0283584 -0.038796 -0.0325544 
3.50368 2.95054 2.50901 2.0085 1.46914 0.871098 0.275227 -0.0218065 0.215123 0.0796173 -0.0195934 -0.027867 
3.7797 3.10377 2.60118 2.06843 1.50072 0.850924 0.308414 0.019893 0.0238494 -0.00728764 -0.00899913 -0.0271645 
3.67591 3.09601 2.37079 1.96688 1.42987 0.81804 0.383594 0.183393 0.142067 -0.0985052 -0.0370796 -0.0320728 
3.38196 2.90365 2.54372 2.18185 1.59137 0.848113 0.291941 0.049325 -0.0739353 -0.0877365 -0.000542766 -0.0311307 
3.56772 2.8846 2.44844 2.03098 1.56538 0.942536 0.472341 0.133367 0.0161744 -0.107312 -0.0222417 -0.0263159 
4.67822 3.67413 2.70485 2.12208 1.85873 1.11927 0.530887 -0.0948907 -0.217195 0.00180549 -0.0166152 -0.0155159 
4.00947 3.50665 2.93207 2.29722 1.66613 0.953311 0.381901 -0.288758 -0.160283 0.217298 -0.0510824 -0.0181167 
3.64274 3.14613 2.66074 2.03498 1.49515 1.01336 0.645867 0.221702 0.0196996 -0.0870979 -0.075173 -0.0353275 
3.52213 2.95525 2.41012 1.97465 1.56711 1.10608 0.645625 0.163649 0.0404953 -0.0530152 -0.125994 -0.0427228 
3.54835 3.08936 2.62891 2.18954 1.58489 0.811239 0.493384 0.22135 0.0660483 -0.134774 -0.189425 -0.0586916 
3.72409 3.19038 2.39237 1.92081 1.42724 0.961744 0.515549 0.30946 0.0968517 -0.176283 -0.272568 -0.0799431 
3.98586 3.26899 2.54934 1.96042 1.42789 0.973616 0.358267 0.052742 0.0164161 -0.141234 -0.270974 -0.087667 
4.1099 3.29369 2.56497 1.81806 1.36948 0.868307 0.243722 -0.115417 0.0183827 -0.0864954 -0.269801 -0.0883604 
3.98172 3.42953 2.37934 1.66838 1.24269 0.817293 0.25672 -0.110896 0.0788452 -0.0899839 -0.275479 -0.0859105 
3.79165 3.16525 2.57076 1.95922 1.59105 1.31456 0.215484 -0.217562 -0.0753475 -0.163997 -0.246687 -0.0808474 
4.03607 3.2595 2.60214 2.08445 1.56383 1.07013 0.372507 -0.0117272 0.097897 0.0348276 -0.297556 -0.0861797 
4.33409 3.54443 2.92689 2.45809 1.95513 1.0584 0.421314 -0.0829718 -0.0080529 -0.203625 -0.182015 -0.0771417 
4.0029 3.45841 3.01241 2.61206 2.16331 1.30119 0.520957 0.0888623 -0.163204 -0.260051 -0.139063 -0.0731418 
3.63023 3.21768 3.02126 2.75491 2.19445 1.32779 0.546733 0.0914597 -0.143738 -0.193508 -0.142434 -0.0699999 
3.90622 3.65553 3.42107 3.0559 2.35066 1.42881 0.543077 -0.135437 -0.382931 -0.292012 -0.0438584 -0.0756628 
4.32614 3.98699 3.53477 2.98562 2.33692 1.37624 0.466811 -0.247557 -0.450166 -0.349595 -0.0495379 -0.0655213 
3.76847 3.47973 3.07992 2.4339 1.89878 1.23234 0.42734 -0.246427 -0.487103 -0.2822 0.0584076 -0.0411193 
3.71105 3.42114 3.05342 2.49694 1.78752 1.01735 0.217142 -0.388949 -0.527968 -0.301545 0.0802584 -0.0392566 
3.59967 3.28637 2.88258 2.29037 1.6283 0.793899 0.0645707 -0.42751 -0.507021 -0.262974 0.0276085 -0.0402836 
3.93385 3.43696 2.71425 1.96113 1.35678 0.373119 0.381455 -0.0445896 -0.609617 -0.517963 0.0383113 -0.0318419 
3.97709 3.1922 2.61916 2.26414 1.87171 0.901999 -0.213335 -0.706952 -0.886978 -0.500183 0.0668091 -0.0442296 
3.74792 3.30179 2.63208 1.96352 1.27001 0.577989 -0.0882258 -0.673224 -0.828778 -0.547163 -0.000717503 -0.0631858 
3.81662 3.24127 2.49267 1.84699 1.37601 0.759918 -0.0549481 -0.808679 -1.02672 -0.598152 0.0241265 -0.0621417 
3.86619 3.19949 2.48134 1.65928 1.1379 0.662122 -0.000910383 -0.693947 -0.928455 -0.565451 0.0316992 -0.0506197 
3.63402 3.0566 2.44866 1.74537 1.18409 0.60995 -0.0657804 -0.641914 -0.722995 -0.396026 0.0612291 -0.0499788 
3.2041 2.63539 2.09728 1.5204 1.04101 0.614434 0.125088 -0.193609 -0.404426 -0.319179 -0.0884828 -0.0757057 
3.82596 3.46052 2.81441 2.04888 1.45237 0.785752 0.238633 -0.407668 -0.543871 -0.366532 -0.131913 -0.0903838 
4.64701 4.07729 2.96959 1.86504 1.13199 0.489213 0.104585 -0.474582 -0.574112 -0.42295 -0.194087 -0.0861935 
4.81382 4.12183 2.97717 1.86272 1.1007 0.17606 -0.450809 -0.848627 -0.507505 -0.247641 -0.192723 -0.0674093 
3.51168 3.04728 2.45074 1.65246 0.868553 0.166001 -0.316416 -0.454688 -0.405327 -0.232262 -0.0542849 -0.0546793 
3.59142 3.19752 2.55466 1.7378 0.969027 0.153466 -0.480895 -0.795995 -0.64013 -0.219106 0.116393 -0.0127069 
4.05363 3.66372 2.89116 1.98053 1.09045 0.13428 -0.647685 -0.8499 -0.550446 -0.187324 0.030227 -0.00358436 
5.42141 4.42862 3.26025 1.95759 1.34689 0.290205 -0.582332 -0.667531 -0.415974 0.0292145 0.00221118 0.0253124 
3.87282 3.64752 3.0419 2.15234 1.25743 0.350097 -0.227081 -0.50262 -0.45922 -0.173927 0.119474 0.020339 
3.88853 3.65823 3.12733 2.21481 1.25095 0.490451 -0.130025 -0.585382 -0.567547 -0.248189 0.149348 0.0175848 
4.16512 3.81602 3.09506 2.17741 1.29109 0.462408 -0.259452 -0.700415 -0.65776 -0.19721 0.0794645 0.0211364 
5.08643 4.36602 3.05675 2.02158 1.25046 0.474134 -0.25671 -0.694328 -0.780191 -0.299492 -0.0054274 0.028656 
3.75975 3.48531 2.91476 2.10134 1.15318 0.104001 -0.63749 -0.944942 -0.770329 -0.304554 0.106989 0.00214667 
4.23871 3.72974 2.94867 2.07916 1.15359 0.276987 -0.392662 -0.943966 -0.715335 -0.323972 0.083535 0.0187482 
5.90134 4.56933 3.00941 1.31328 1.1703 0.687873 -0.347489 -0.646613 -0.763604 -0.220687 0.0120283 0.0520263 
3.92248 3.50309 2.78942 1.78125 0.895492 0.218159 -0.369019 -0.643426 -0.57517 -0.191228 0.111908 0.0264381 
3.42804 3.00263 2.4799 1.73486 1.03521 0.234974 -0.314405 -0.514713 -0.502293 -0.236967 -0.00295509 -0.0203122 
4.07457 3.61592 3.06899 2.28448 1.40122 0.488362 -0.398146 -0.698458 -0.76515 -0.452201 -0.0379146 -0.0494543 
4.44252 4.19135 3.57938 2.45201 1.47496 0.617984 -0.136496 -0.831362 -0.82218 -0.429275 -0.143001 -0.0640544 
3.79934 3.28199 2.72252 1.92606 1.3214 0.56957 0.0251109 -0.26891 -0.278882 -0.181179 0.00828193 -0.0235787 
3.50954 3.10866 2.63242 1.95252 1.30572 0.642059 0.150143 -0.0943025 -0.151721 -0.135561 -0.0113182 -0.0295129 
4.545 4.14073 3.18598 2.17463 1.26027 0.468177 0.12192 -0.577292 -0.343709 -0.212565 -0.0306298 -0.0143899 
3.98096 3.77137 3.24981 2.39896 1.29268 0.318942 -0.213472 -0.645955 -0.414579 -0.151477 0.0371794 -0.00570691 
3.94303 3.75925 3.23103 2.34658 1.43611 0.285074 -0.201135 -0.576532 -0.476649 -0.228845 0.0662232 -0.00646163 
3.59727 3.22318 2.79953 2.0258 1.20418 0.341797 -0.175729 -0.459482 -0.458869 -0.146715 0.106783 0.00302925 
4.34067 4.10722 3.47709 2.36714 1.30825 0.339123 -0.267735 -0.482854 -0.406041 -0.201671 -0.0225999 -0.00434109 
4.13703 3.88772 3.3496 2.62122 1.63338 0.68784 -0.0827705 -0.505623 -0.499063 -0.366812 -0.0425976 -0.0434526 
3.69278 3.50803 3.33032 2.73484 1.76999 0.766478 -0.100554 -0.520579 -0.622181 -0.355605 -0.0532599 -0.0732821 
3.6987 3.45411 2.95117 2.33868 1.49223 0.574602 0.0199043 -0.395445 -0.313383 -0.257188 -0.0532223 -0.042662 
4.23096 3.96935 3.54789 2.64568 1.70732 0.49192 -0.243276 -0.31877 -0.223898 -0.26063 0.00310402 -0.0107056 
3.8216 3.5399 3.08259 2.33503 1.58535 0.575227 -0.0149787 -0.285262 -0.253553 -0.116496 0.250586 0.0392049 
4.08906 3.82695 3.46807 2.62282 1.53717 0.26896 0.0560641 -0.46886 -0.138338 -0.0915075 0.187879 0.0503459 
4.08824 3.52916 2.99561 2.16053 1.34427 0.674975 0.053287 -0.201766 -0.322947 -0.098505 0.216295 0.048873 
3.81902 3.40784 2.96014 2.17268 1.29084 0.679969 -0.080065 -0.469814 -0.437938 -0.205127 0.202688 0.0260922 
3.45467 2.9916 2.47496 1.73639 1.06422 0.361613 -0.202111 -0.34131 -0.360423 -0.101878 0.0890295 0.0152604 
4.51851 3.84157 3.27335 2.32172 1.75218 0.841577 -0.347656 -0.46421 -0.590817 -0.304412 0.111691 0.0234135 
4.85554 4.30667 3.54422 2.18384 1.84828 0.528909 0.182568 -0.596151 -0.563162 -0.29161 -0.0338724 0.000988073 
4.04071 3.66988 3.22204 2.22958 1.69641 0.655123 -0.267643 -0.464047 -0.60195 -0.429871 0.0695452 -0.0173815 
3.89479 3.65467 3.02202 2.28714 1.42841 0.688687 -0.112295 -0.712869 -0.699641 -0.416196 0.0359872 -0.029193 
4.01512 3.89887 3.12845 2.04099 1.58842 0.336793 -0.555375 -0.929726 -0.479189 -0.300404 -0.0971999 -0.035472 
4.30013 4.03468 3.01303 1.06641 1.78283 0.0520099 0.141068 -0.885341 -0.557855 -0.300001 -0.0902477 -0.00818151 
3.9814 3.55897 2.89597 1.73758 1.02589 0.152058 0.577139 -0.346538 -0.4496 -0.196455 -0.0119149 -0.0224405 
4.19856 3.61791 3.24153 1.43872 1.25638 0.461801 0.494551 -0.466447 -0.0497567 -0.326302 -0.0422123 -0.0227081 
3.67787 3.12985 2.84939 1.48316 1.0074 0.503864 -0.239988 -0.270446 -0.516728 -0.15475 -0.0137437 -0.0311867 
4.25474 3.88485 3.20495 1.86901 0.84617 0.0366599 0.0727569 -0.961297 -0.567035 -0.575528 -0.0627188 -0.0493814 
4.0676 3.54225 3.23559 1.89986 1.3844 0.0320109 -0.570081 -0.829163 -0.566206 -0.382093 -0.098439 -0.0450175 
4.24799 3.72395 3.38938 1.95434 0.515578 -0.172759 0.212585 -1.02224 -0.562358 -0.396444 -0.0955553 -0.0420249 
3.70421 3.18794 2.73799 1.62986 0.811738 0.235818 -0.579578 -0.580669 -0.446937 -0.501287 0.017481 -0.0245185 
3.65855 3.12528 2.56734 1.65786 0.639407 -0.020544 -0.0306518 -0.473802 -0.542919 -0.164995 -0.0876449 -0.0314924 
3.78798 3.33864 2.67055 1.87522 0.75482 -0.168009 -0.211288 -0.538143 -0.342327 -0.328778 -0.0525724 -0.0296287 
4.67869 4.14718 3.71936 1.70489 -0.0486388 0.108879 0.0906852 -0.750066 0.0842694 -0.466848 -0.0612502 -0.026238 
4.28172 3.7443 3.36121 1.63513 0.765954 0.24269 0.275763 -0.202279 0.109411 -0.283907 -0.0818762 -0.0333915 
3.36141 3.0333 2.67057 1.70014 1.08355 0.39272 0.251731 -0.0205671 0.00936576 -0.165406 -0.103046 -0.0339423 
3.38211 2.89362 2.5959 1.4623 1.60275 0.667844 0.509088 0.26424 0.202314 -0.208752 -0.148699 -0.0348349 
3.80552 3.08847 3.29361 1.44023 1.48776 0.581984 1.05331 0.178999 0.0233749 -0.313521 -0.0397234 -0.0244394 
3.69564 3.06319 2.80156 1.32445 1.44796 0.766203 0.253516 0.140817 -0.161079 0.0974186 0.0571441 0.00524486 
3.72012 3.23939 3.17772 1.59174 1.34025 0.248851 0.441522 0.153986 -0.286781 -0.0262354 0.148658 0.0190317 
3.78935 3.33887 3.47231 1.09013 1.29272 0.0625315 0.574024 -0.260407 0.0168381 0.14373 0.104969 0.0519368 
3.5252 3.06209 2.4468 1.42472 1.18785 -0.00555012 0.0852343 0.261376 0.0521599 0.042852 0.0977579 0.031374 
3.42575 3.09372 3.25254 1.59466 0.930995 0.182634 -0.192024 0.0946843 -0.269189 0.100899 -0.040529 -0.00610131 
3.69279 3.25432 2.94998 1.60516 1.24615 0.229741 -0.0539024 -0.177095 -0.260409 -0.0469644 -0.0708428 -0.021231 
3.74309 3.19986 3.03978 1.55466 1.18678 -0.00321985 -0.0294931 -0.57933 -0.168371 -0.283943 -0.0393061 -0.0225315 