3.63488 2.19307 1.21949 -0.152863 0.328704 0.237788 0.616701 -0.299415 0.522504 -0.490608 0.378923 0.0644736 
3.65543 2.36183 0.979841 -0.433718 0.751049 -0.0577051 0.325823 -0.22746 0.39606 -0.253152 0.266503 0.0278401 
4.00371 2.56045 1.54016 -0.109252 0.628726 0.175623 1.10743 -0.175179 0.783498 -0.000458883 0.311709 0.0919523 
3.71279 3.22077 2.63091 1.75485 1.17966 0.985114 0.795597 0.683615 0.60061 0.2677 0.0126472 0.00887532 
2.85918 2.36518 2.14808 1.73373 1.40315 1.08823 0.808654 0.530366 0.247389 0.129128 0.0651247 -0.00885074 
4.7448 3.78924 3.52583 2.48926 2.63146 2.08808 1.82055 0.750492 0.327639 -0.103385 0.0363345 -0.0051534 
3.03763 2.59168 2.26656 1.92762 1.68327 1.26531 0.827194 0.422112 0.221581 0.0290898 -0.000427421 -0.0248619 
3.16129 2.72 2.55739 2.20602 1.90639 1.4098 0.92532 0.527931 0.184058 0.0342924 -0.0280777 -0.0239217 
3.30807 2.95189 2.65399 2.37648 1.93477 1.46734 0.975097 0.390457 0.0538166 -0.00550561 -0.0771741 -0.0361013 
3.21002 2.85232 2.6943 2.27333 1.86082 1.34665 0.832427 0.355981 0.1143 -0.0184858 -0.0328507 -0.0316653 
3.22351 2.87185 2.70245 2.3114 1.83836 1.35366 0.88115 0.524117 0.217711 -0.0255674 -0.0799089 -0.030683 
3.28112 2.93418 2.84743 2.51082 2.01476 1.56526 0.948275 0.516887 0.127166 -0.0358201 -0.124853 -0.0396837 
3.65972 3.30463 2.96358 2.67648 2.47548 1.91925 1.15283 0.434268 0.112582 -0.0563657 -0.0567301 -0.0377174 
3.34806 2.95547 2.72664 2.39838 1.99345 1.50101 0.896735 0.285278 0.0312847 -0.116345 -0.11112 -0.0501921 
3.97231 3.48591 2.98449 2.69341 2.47427 2.11323 1.16263 0.254289 -0.194252 -0.21941 -0.0140523 -0.0468206 
3.59324 3.05961 2.71248 2.73567 2.66345 1.87253 0.93285 0.26818 0.0710308 -0.123898 -0.0952085 -0.0535818 
3.89743 3.18147 2.78023 2.94322 2.63131 1.98232 0.907397 0.172312 -0.0984308 -0.0843882 -0.0669983 -0.0555818 
3.36691 2.86538 2.58907 2.47477 2.21345 1.59196 0.893732 0.396066 0.0628201 -0.170915 -0.14433 -0.0546825 
6.29588 3.03834 1.95364 2.93026 4.31581 1.89054 0.512011 -0.320901 0.236228 -0.665868 -0.291673 -0.059245 
3.30417 2.83866 2.53147 2.36003 2.07356 1.49369 0.69635 0.0693403 -0.108034 -0.119559 -0.112694 -0.0629425 
3.33208 2.68342 2.26145 2.16602 1.98121 1.37878 0.83116 0.255287 -0.0982811 -0.183852 -0.0739969 -0.0535925 
3.43753 2.86363 2.48771 2.29285 2.08644 1.44959 0.899694 0.279843 -0.0778389 -0.190343 -0.0555771 -0.0520656 
3.44138 2.8899 2.64304 2.47919 2.1394 1.37423 0.629641 0.108179 -0.0724144 -0.171239 -0.0753677 -0.0622973 
3.32908 2.6647 2.28929 2.13056 2.08462 1.6008 0.809423 0.203543 -0.123089 -0.22799 -0.0753387 -0.0559936 
3.49525 2.86116 2.49966 2.35817 2.22145 1.38118 0.683742 0.250783 -0.0796841 -0.244899 -0.0879842 -0.0648274 
3.66981 2.91264 2.4945 2.57385 2.42905 1.64859 0.619953 0.131146 -0.0663696 -0.267661 -0.0815904 -0.0684498 
3.71483 2.85907 2.41384 2.52386 2.54293 1.77578 0.926911 0.216646 -0.194844 -0.360748 -0.0387611 -0.0561547 
3.29927 2.61408 2.30733 2.30024 2.15295 1.41531 0.618338 0.047565 -0.136459 -0.131415 -0.14464 -0.0739675 
4.05417 3.14759 2.431 2.42181 2.6909 2.43869 1.23745 -0.116826 -0.706862 -0.525286 0.0352047 -0.0364772 
3.37686 2.74626 2.26921 2.14898 2.172 1.92127 1.10705 0.0333189 -0.543232 -0.47866 -0.0749436 -0.0619706 
4.89287 3.57664 2.31482 2.52521 3.19613 2.75288 0.969147 -0.307344 -0.853078 -0.687984 0.0306317 -0.0141425 
3.21098 2.66084 2.32788 2.17108 1.96133 1.45948 0.722349 0.0920947 -0.246294 -0.261204 -0.155623 -0.0695174 
3.90833 3.14064 2.6729 2.8692 2.9075 1.99681 0.751729 -0.0326373 -0.242274 -0.23915 -0.0132349 -0.0619651 
3.66692 3.14956 2.96581 2.9634 2.49811 1.48159 0.700245 0.438042 0.138288 -0.122427 -0.156254 -0.0651612 
4.85307 3.59065 2.72439 3.70254 3.675 1.82364 -0.194027 0.0370952 0.418966 -0.284112 -0.0992673 -0.103009 
3.1933 2.76941 2.55714 2.43174 2.00282 1.27601 0.67981 0.345445 0.120521 -0.138995 -0.189878 -0.0613547 
3.29271 2.84637 2.65373 2.50692 2.1917 1.37416 0.683039 0.271248 0.0686692 -0.11225 -0.167461 -0.0620793 
3.33962 2.90365 2.64438 2.52835 2.16159 1.43083 0.764049 0.317917 0.0705411 -0.131825 -0.138711 -0.055506 
4.2347 3.43334 2.84213 2.96309 3.04341 2.15842 0.999346 -0.00300656 -0.459213 -0.39655 0.103253 -0.0348834 
3.69125 3.20845 2.78571 2.4964 2.27893 1.73164 0.828665 0.0388057 -0.288796 -0.200039 -0.0038109 -0.048482 
3.14007 2.73503 2.34715 2.07651 1.75739 1.23159 0.610509 0.130029 -0.0616652 -0.0977092 -0.0664399 -0.04655 
3.27613 2.76027 2.32466 1.96373 1.68528 1.29531 0.67811 0.120739 -0.144933 -0.140279 -0.0365235 -0.0452857 
4.14261 3.40923 2.92058 2.77917 2.49121 1.43021 0.479304 0.00857571 -0.149127 -0.226847 -0.0346197 -0.0570092 
4.2434 3.41315 2.58902 2.25695 2.18449 1.59958 0.628507 0.033914 -0.183288 -0.184222 -0.0662899 -0.0501768 
3.46685 2.87902 2.41395 2.04234 1.57677 1.07984 0.555165 0.126631 -0.0862978 -0.159129 -0.110663 -0.0589905 
3.64076 2.961 2.50788 2.10914 1.37443 0.676944 0.287153 0.0802907 0.0940732 -0.073168 -0.184156 -0.065473 
4.35335 3.24965 2.47345 1.68226 1.2812 0.781253 0.386047 0.031038 0.0685526 -0.0887655 -0.154875 -0.0668426 
4.53954 3.25113 2.3404 1.89633 1.48008 0.53197 -0.23359 0.245183 0.243112 -0.0155833 -0.1462 -0.0677629 
4.40806 3.20063 2.53459 2.12575 1.53275 0.583841 -0.0092374 0.094984 0.190227 -0.167446 -0.11557 -0.0576977 
4.40062 3.19284 2.2973 1.96266 1.9607 1.29854 0.330803 -0.0212036 0.0330883 -0.127648 -0.0641747 -0.0508868 
3.92126 3.05964 2.44034 2.18694 1.73397 0.969464 0.341785 0.23193 0.218525 -0.0100161 -0.0488426 -0.0428083 
4.48293 3.25473 2.54139 2.09655 1.6666 0.893175 0.211231 -0.137168 -0.0085003 0.015891 0.0447403 -0.0165872 
4.63062 3.2463 2.55447 2.16687 1.28399 0.606023 0.428117 -0.104592 0.0619898 0.155219 0.0418498 -0.0142288 
3.89829 3.093 2.23838 1.85905 1.38681 0.890501 0.670838 -0.109187 -0.057074 0.167023 0.085194 -0.0144164 
3.62151 2.91898 2.49865 2.12132 1.46092 0.651576 0.16912 0.203034 0.335951 0.150017 0.0188845 -0.0260712 
3.68836 2.99557 2.56651 2.11471 1.51149 0.881848 0.523553 0.339475 0.234962 0.0173154 0.0063561 -0.0309111 
3.8614 3.11368 2.53996 2.1998 1.90917 1.08117 0.399909 0.241207 0.233444 0.0811871 -0.0441016 -0.0383311 
3.73059 3.01102 2.42429 2.19332 1.8525 1.01987 0.361741 0.312706 0.272792 0.0357345 -0.0484902 -0.040081 
3.61725 3.08756 2.58019 2.05328 1.54555 1.05897 0.69557 0.365722 0.0967185 -0.0886275 -0.0134309 -0.038909 
3.661 3.01264 2.54129 2.18553 1.67009 0.916726 0.481322 0.29268 0.125077 -0.036844 -0.0308275 -0.0396332 
3.96136 3.21735 2.51424 2.12789 1.78127 1.05229 0.309083 -0.000172496 -0.0237471 0.0397971 -0.0100985 -0.0362414 
4.25654 3.38398 2.57332 2.03762 1.63669 0.906134 0.442476 -0.123465 -0.376583 -0.0714209 0.0325119 -0.0245081 
4.39169 3.34832 2.57629 2.02957 1.52911 0.742703 0.0868147 -0.350143 -0.271985 -0.029575 0.035635 -0.0211174 
4.59556 3.42427 2.59049 1.90333 1.45442 0.694492 -0.109178 -0.587497 -0.286334 0.215539 0.028274 -0.0136951 
4.86627 3.40154 2.55661 1.92323 1.41769 0.558157 -0.0294523 -0.730226 -0.156262 0.245506 0.0611215 -0.00386448 
5.28664 3.27092 2.67474 2.08504 1.60679 0.516464 -0.128166 -0.824184 -0.128467 0.12128 0.0613816 -0.00168649 
4.7775 3.44043 2.74708 2.22643 1.76955 0.8352 0.110262 -0.647209 -0.612918 0.178437 0.0543731 -0.00998728 
4.61163 3.55986 2.73475 2.38162 2.07455 1.14497 0.365847 -0.441909 -0.654022 -0.312113 0.0822509 -0.0120551 
4.22236 3.4685 2.75525 2.40405 1.91109 1.09527 0.184626 -0.367407 -0.472272 -0.217647 0.125652 -0.0170815 
4.02687 3.36901 2.76293 2.19082 1.809 1.19546 0.391243 -0.369335 -0.525259 -0.235949 0.174308 -0.0154247 
4.01996 3.23661 2.59683 2.42049 2.1644 1.26058 0.194761 -0.490868 -0.49166 -0.193527 0.164155 -0.0262562 
4.26987 3.31479 2.72256 2.52722 2.28618 1.23833 0.133205 -0.607311 -0.619359 -0.375375 0.12418 -0.0335588 
4.22932 3.38163 2.61635 2.35803 2.1848 1.24265 0.139543 -0.557875 -0.733725 -0.438877 0.111203 -0.0365967 
3.92459 3.17353 2.61346 2.40861 1.97255 0.911706 0.0245565 -0.534486 -0.491469 -0.331006 0.0647203 -0.0577882 
3.83764 3.28377 2.6987 2.37015 1.90285 0.984925 -0.0626981 -0.738567 -0.6721 -0.290841 0.0393778 -0.071125 
4.13911 3.30293 2.68784 2.56784 2.27277 0.993927 -0.162151 -0.812914 -0.870052 -0.455655 0.0368075 -0.0765887 
4.34764 3.46447 2.77058 2.51543 2.26825 1.1696 -0.181558 -0.771432 -0.812014 -0.577872 -0.0149869 -0.0805979 
4.13639 3.51454 2.8921 2.60694 2.17298 1.04702 -0.0354069 -0.584029 -0.684508 -0.453792 -0.0358746 -0.0864262 
4.5286 3.7486 2.86275 2.77651 2.61713 1.4343 0.149188 -0.606396 -0.916976 -0.57877 -0.0435305 -0.0825812 
4.33057 3.75649 3.04284 2.66485 2.48457 1.62481 0.389282 -0.594363 -0.967136 -0.54124 0.000191822 -0.0774399 
4.17159 3.6414 2.98938 2.60632 2.32553 1.58895 0.400755 -0.592924 -0.766894 -0.434785 0.0335178 -0.0669903 
4.01842 3.53377 2.99558 2.51856 2.04434 1.512 0.568824 -0.293557 -0.609355 -0.41905 0.0635813 -0.0580073 
4.23762 3.63029 2.88835 2.37117 2.15686 1.61706 0.681226 -0.230835 -0.687487 -0.431309 0.0533129 -0.0444489 
4.18769 3.52137 2.82981 2.27453 2.07397 1.53433 0.720637 -0.108831 -0.500717 -0.452757 0.0625261 -0.0414738 
4.08188 3.45414 2.73739 2.19075 1.99674 1.5117 0.781036 -0.0637513 -0.490061 -0.374483 0.0650833 -0.0390105 
4.21295 3.58882 2.84074 2.16497 1.98571 1.55159 0.79942 -0.144053 -0.719163 -0.476015 0.0714955 -0.0378129 
4.38375 3.74638 2.89398 2.21464 1.99586 1.56289 0.54162 -0.359568 -0.731948 -0.471939 0.0232379 -0.0423129 
4.32619 3.62434 2.91207 2.53669 2.36366 1.51959 0.311385 -0.598842 -0.83687 -0.4642 0.0476425 -0.0525838 
4.40238 3.74695 2.98324 2.60602 2.36837 1.5747 0.345617 -0.727709 -0.970306 -0.506679 -0.00156044 -0.0621838 
4.48249 3.79913 2.91235 2.68466 2.46914 1.69055 0.50906 -0.760714 -1.20313 -0.861329 0.0288014 -0.0604715 
4.76903 3.84906 2.59119 2.19933 2.30699 1.65926 0.311051 -0.741266 -1.14889 -0.836429 -0.0514318 -0.0400503 
4.19851 3.59883 2.83842 2.15803 1.6234 0.943507 0.103672 -0.597709 -0.871143 -0.540172 -0.0331 -0.0543545 
3.53314 3.14099 2.78371 2.26066 1.24354 0.598268 0.016147 -0.505434 -0.610816 -0.356062 0.00791598 -0.0622737 
3.68042 3.08681 2.49851 1.79005 1.22971 0.653183 0.147879 -0.276966 -0.421416 -0.32972 -0.0466302 -0.053435 
4.56328 3.74029 2.82923 1.87614 1.19637 0.76189 0.200905 -0.344088 -0.61213 -0.55914 -0.0622207 -0.0442232 
3.88797 3.25084 2.55237 1.71105 0.99763 0.762029 0.374224 -0.163643 -0.387495 -0.399712 -0.0270454 -0.0411981 
3.5495 2.78388 2.16813 1.61777 0.882908 0.34936 -0.320743 -0.0703341 0.0202112 -0.181339 -0.123193 -0.0353428 
3.1282 2.77418 2.35878 1.60107 1.01573 0.461245 0.0307903 -0.259476 -0.316551 -0.223733 -0.0764208 -0.0392581 
3.27131 2.8392 2.43794 1.85236 1.18952 0.567878 0.0325816 -0.254518 -0.318063 -0.183398 -0.0480831 -0.048763 
3.24324 2.80476 2.38996 1.83264 1.2103 0.42973 -0.141687 -0.463533 -0.462215 -0.286146 -0.128484 -0.0613408 
3.26762 2.83616 2.417 1.86958 1.15089 0.429967 -0.107703 -0.441947 -0.419059 -0.290905 -0.12259 -0.0586498 
3.39919 2.97901 2.50725 1.85903 1.14574 0.427588 -0.125645 -0.408213 -0.413932 -0.261209 -0.0732347 -0.0490598 
3.22455 2.70881 2.26571 1.74296 1.13783 0.404502 -0.172501 -0.428833 -0.415768 -0.246479 -0.11 -0.0428124 
3.2846 2.81463 2.41668 1.89143 1.30203 0.507033 -0.0977446 -0.434627 -0.488752 -0.288959 -0.0986531 -0.0564213 
3.23792 2.74588 2.32182 1.80794 1.20685 0.501845 -0.0740769 -0.383179 -0.415197 -0.290584 -0.117793 -0.0610438 
4.00165 3.56588 2.92088 2.29496 1.5461 0.72068 -0.116493 -0.697545 -0.645466 -0.331074 -0.0678238 -0.0574238 
4.01147 3.63112 3.03833 2.27722 1.53183 0.550234 -0.252073 -0.748426 -0.58226 -0.309205 0.0107401 -0.0355941 
3.72208 3.46929 3.03701 2.31422 1.50054 0.386633 -0.258455 -0.572603 -0.56439 -0.205862 0.0386508 -0.0320957 
4.33286 3.92744 3.03812 2.2555 1.605 0.778749 -0.183122 -0.721092 -0.7792 -0.270322 0.0454066 -0.0100023 
4.70588 4.40827 3.30386 2.35407 1.66529 0.556774 -0.523565 -0.804888 -0.715431 -0.334973 -0.0707604 -0.0233464 
4.93259 4.2748 3.11944 2.15907 1.71957 0.672189 -0.308793 -1.01239 -0.628383 -0.250157 -0.0463994 -0.00900691 
3.87026 3.58721 2.94877 2.20509 1.52209 0.754851 0.0146355 -0.388825 -0.377538 -0.202289 0.0548155 -0.0202715 
4.91674 4.39184 3.563 2.24928 2.11185 1.0483 -0.0152894 -1.0372 -0.841714 -0.159913 -0.090102 -0.0157447 
4.44604 4.2585 3.5163 2.46731 1.84848 0.582436 -0.152786 -0.913155 -0.717365 -0.477516 -0.116625 -0.062466 
4.03988 3.8058 3.41416 2.62533 1.63472 0.391218 -0.488045 -0.766439 -0.715294 -0.436454 -0.108381 -0.0760142 
3.98019 3.6776 3.04876 2.18118 1.44044 0.289239 -0.357599 -0.647315 -0.63899 -0.368419 -0.103166 -0.0652588 
4.34779 4.04905 3.327 2.61085 1.59804 0.551702 -0.315172 -0.909316 -0.908495 -0.470697 -0.186942 -0.0901082 
4.24732 4.06008 3.46941 2.62303 1.81991 0.47902 -0.567795 -0.813024 -0.487703 -0.408612 -0.168485 -0.0764198 
3.78009 3.43807 2.93457 2.29887 1.67169 0.44425 -0.408039 -0.753398 -0.656609 -0.354563 -0.0159347 -0.061945 
3.92615 3.53612 2.90561 2.13354 1.26926 0.488179 -0.356474 -0.838502 -0.639901 -0.393197 0.0290632 -0.0416053 
3.90226 3.481 3.01112 2.31185 1.31277 0.373517 -0.39945 -0.759916 -0.744952 -0.345234 0.0172556 -0.0418858 
3.85417 3.56585 3.02979 2.17541 1.38357 0.144979 -0.253975 -0.650899 -0.752432 -0.368684 -0.00530403 -0.0385857 
5.11591 4.64991 3.55067 2.09459 1.79642 0.318362 -0.181741 -1.29996 -0.692829 -0.268038 -0.156814 -0.0165633 
4.23282 3.82973 3.19808 2.14464 1.02359 0.306567 -0.34458 -0.894376 -0.745361 -0.438571 -0.00852681 -0.015791 
4.03992 3.57902 2.92407 2.067 1.40283 0.148348 -0.593647 -0.668997 -0.8288 -0.441901 -0.00584216 -0.0307692 
3.39036 2.9854 2.50311 1.79939 0.911678 0.27973 -0.296413 -0.609896 -0.46682 -0.348099 0.00187016 -0.0415292 
4.44718 4.23289 3.49876 2.29595 1.39077 0.441804 -0.104823 -0.133028 -0.320937 -0.127596 -0.14708 -0.0456835 
4.05633 3.67973 3.29497 2.00686 1.45199 0.595836 0.149251 0.100351 -0.0457696 0.0624264 -0.102438 -0.0242842 
4.64627 4.08976 3.94667 1.87244 1.72903 0.953346 0.0796863 -0.184514 -0.0737737 -0.311668 -0.0486034 -0.0213986 
3.16805 2.76933 2.34527 1.87038 1.33316 0.506391 0.150585 -0.25759 -0.218162 -0.0691955 0.00869078 -0.00651284 
3.92338 3.68407 3.39968 2.3224 1.68149 0.441488 0.0121835 -0.559701 -0.236005 -0.272199 0.0279921 -0.0134552 
3.78354 3.49922 2.97532 2.16971 1.41944 0.477622 0.30129 -0.733053 -0.24042 -0.0538414 -0.0448916 -0.0200503 
4.04103 4.06307 3.76499 2.4266 1.9082 0.288182 0.21906 -0.239534 -0.378874 -0.161973 -0.0937665 -0.0363457 
3.86085 3.61627 3.14377 2.09447 1.67368 0.808898 0.122582 -0.579931 -0.365842 -0.182905 -0.00246454 -0.0228331 
4.63745 4.07676 3.96685 2.38853 2.14682 0.360215 0.0804916 -0.350159 -0.477693 -0.495929 -0.0866445 -0.0451958 
3.93242 3.55461 2.95228 2.40658 1.40283 0.475197 0.095899 -0.41718 -0.490473 -0.325267 -0.0816384 -0.0555001 
4.07156 3.95872 3.14139 2.63224 2.18772 0.222915 -0.154787 -0.56419 -0.702158 -0.425414 -0.142571 -0.0799877 
3.8342 3.466 2.96234 2.2942 1.79283 0.636607 0.0531088 -0.207271 -0.306058 -0.173935 -0.138357 -0.0604543 
4.37413 3.96771 3.55409 2.36944 1.86753 0.625917 -0.0503979 -0.605416 -0.0881072 -0.169386 -0.184994 -0.0566498 
4.34038 3.8588 3.31812 2.64705 1.37 0.739503 0.265272 -0.398115 0.319985 -0.119113 -0.188904 -0.0582862 
4.52 4.19145 4.09455 2.08164 1.26552 0.86652 0.222893 -0.561869 0.0596046 -0.395815 -0.175992 -0.055377 
4.28552 3.73493 3.7278 1.89359 1.10051 0.337466 -0.0965908 -0.309346 -0.0755417 -0.453608 -0.166532 -0.064519 
3.80397 3.35364 3.26353 2.06219 1.20293 0.579341 -0.311446 -0.481324 -0.263003 -0.383737 -0.18603 -0.0771576 
4.12052 3.65616 3.25841 2.02601 1.23654 0.0712861 0.19208 -0.80755 -0.465916 -0.312381 -0.210384 -0.0786278 
4.43572 3.45726 3.57644 1.62982 1.35487 -0.127634 0.42955 -0.678169 -0.378997 -0.192446 -0.197415 -0.0556199 
3.96683 3.70583 3.50173 1.49082 0.996376 0.0345701 0.350664 -0.644195 -0.109875 -0.361265 -0.183273 -0.0683905 
3.73774 3.31728 3.15595 1.34064 0.661968 -0.0235619 0.00471218 -0.369018 -0.192608 -0.346306 -0.117107 -0.0676036 
3.7966 3.26567 3.04143 1.1768 0.856141 0.234044 -0.0420881 -0.325267 -0.110469 -0.457134 -0.0842521 -0.0647452 
4.08689 3.54258 3.22878 0.720242 1.20395 -0.138566 -0.21188 -0.158406 0.0477769 -0.558001 -0.0279034 -0.0502725 