3.14063 1.70843 2.64492 1.11296 0.697475 -0.998354 1.28985 0.153653 0.264995 0.112493 0.234075 0.0950763 
3.14949 1.81629 2.36275 1.08957 0.733204 -0.946656 1.51479 0.300985 0.355075 0.135921 0.275472 0.0876557 
3.28851 1.55799 2.65306 0.818112 0.620435 -0.450347 1.71631 0.343542 0.760168 0.174252 0.361769 0.114718 
3.23907 1.72825 2.57756 0.995132 0.860743 -0.18086 1.84771 0.690966 0.703324 0.168018 0.400503 0.0976066 
3.2109 1.55913 2.57938 1.23782 0.411198 -0.348158 1.39104 0.758468 0.94297 0.0791891 0.344632 0.0991231 
3.21127 1.43145 3.03492 1.70124 -0.139453 0.215352 1.83701 0.816321 0.591168 0.283622 0.49928 0.0686049 
2.98222 1.61151 2.48441 1.74121 0.25439 0.397812 2.03491 0.566554 0.487367 0.212348 0.414486 0.0406233 
2.91459 1.60741 2.83629 1.48569 0.132865 0.186427 2.05519 0.64962 0.499189 0.378021 0.560253 0.0483295 
3.00396 1.58394 2.53351 1.98255 0.350834 0.410863 2.57003 0.480536 0.719347 0.319538 0.5478 0.048965 
2.8844 1.55758 2.77082 1.73999 0.61256 0.387011 2.35286 0.330299 0.937177 0.35481 0.515295 0.068113 
2.85473 1.32835 2.46241 1.81439 0.120856 0.947368 2.41664 0.331878 1.10761 0.452395 0.596445 0.0415401 
2.79358 1.57456 2.13411 1.70172 0.127596 1.43686 2.08503 0.67978 0.953765 0.324413 0.233716 0.0171232 
3.31967 1.01147 3.15305 1.53134 -1.02916 1.22583 3.05926 0.341919 1.4518 0.442882 0.431551 0.0627124 
3.42881 1.12049 3.11667 1.47455 -0.429733 1.30109 2.84738 0.645766 1.14234 0.375755 0.19856 0.0293979 
2.96297 1.92293 1.91282 1.12514 0.463154 1.46757 1.46838 0.324178 0.146005 0.287756 0.197151 0.00518736 
3.35143 1.65075 2.02855 1.2063 0.623146 2.18315 2.55276 0.601408 0.0734226 0.296294 0.165287 0.00611471 
4.90979 1.91417 1.98802 0.178973 0.807878 2.06628 3.07111 0.666383 -0.169093 0.360454 0.0608182 0.0157554 
2.85356 2.03075 1.48138 1.15583 1.23491 1.51231 1.47731 0.922317 0.411561 0.132462 -0.0266809 -0.0118486 
3.74238 2.57233 1.39248 0.295286 0.791062 1.90507 1.95289 1.34499 0.751502 0.176328 -0.106972 -0.0449693 
5.68914 3.10711 0.890354 -1.28284 0.649381 3.42502 3.54217 1.07498 0.231149 0.382581 -0.272919 -0.026546 
5.72335 3.36285 0.607556 -1.05977 0.863912 3.42102 3.71317 1.16006 0.0423812 0.336472 -0.267538 -0.00839048 
3.44745 2.1576 0.790071 0.445209 1.16881 2.30081 2.22987 1.18142 0.279406 -0.10818 -0.0756779 -0.0151251 
4.54173 2.90922 0.759912 -0.276233 1.25741 3.23309 2.60638 1.04119 0.0788491 -0.00315771 -0.154911 0.0301747 
4.01252 2.90933 1.26168 0.545003 1.46354 2.71206 2.4756 0.966379 0.130985 -0.209068 -0.0484924 0.0342875 
3.58505 2.46957 1.29946 1.3492 2.14943 2.78731 2.23621 0.753032 0.153817 -0.186834 0.0426973 0.0601805 
4.70223 3.43701 1.20911 -0.333 2.70249 4.05724 3.20085 0.587704 -0.0167279 0.035048 -0.0611368 0.150915 
3.41916 2.22748 1.23284 1.09105 2.3227 3.13964 2.78524 0.922733 -0.228325 -0.10503 0.199089 0.132727 
3.60106 2.32655 1.15935 1.00467 1.99465 3.37977 2.50935 0.813272 -0.147029 -0.206258 0.354311 0.160441 
3.32356 1.96515 1.05301 1.05869 2.30801 3.14669 2.78297 0.761494 -0.160936 -0.0971294 0.359623 0.15764 
4.09502 2.49335 0.994052 0.534715 2.05 3.87608 3.15839 0.605028 0.0381651 -0.000911757 0.241907 0.193332 
3.18088 2.19141 1.37781 1.33346 2.06829 2.86237 2.34632 0.986044 0.00273862 -0.105765 0.320598 0.113649 
3.12283 2.15998 1.31455 1.45164 2.17891 2.4701 2.10218 1.0689 0.339736 0.0848508 0.208218 0.0890652 
3.54875 2.26541 1.438 1.07185 2.31459 3.06107 2.9125 1.3685 0.521793 0.0349469 0.10916 0.107376 
3.73186 2.72686 1.58472 0.827815 1.82714 2.81634 2.72301 1.50826 0.686011 0.251022 0.00507582 0.0589557 
3.04166 2.29325 1.6618 1.4316 1.92715 2.11468 1.93177 1.19214 0.632364 0.163343 0.0778261 0.0542835 
2.95312 2.10317 1.59555 1.3845 1.89942 2.20474 1.96492 1.05093 0.438385 0.250432 0.124079 0.0613896 
4.36747 2.57994 1.73925 1.40523 2.27017 3.71261 2.77614 1.37627 0.0615075 0.0308194 0.0709611 0.109043 
3.92351 2.71826 1.81461 1.53782 2.56025 3.32334 2.64102 1.01563 -0.0245897 -0.120063 0.208603 0.123895 
3.13655 2.29975 1.82743 1.99104 2.61133 2.62948 2.00262 0.74354 -0.0249484 -0.00145736 0.249921 0.0901275 
3.2512 2.50735 1.97898 1.79719 2.28706 2.53475 2.01539 0.901382 0.325111 -0.00329104 0.139729 0.0597405 
4.34223 2.84071 1.72163 1.59082 2.64852 3.28606 2.96454 1.01742 -0.0791285 -0.0668249 0.0371019 0.090685 
3.33763 2.38685 1.77041 1.56305 2.06446 2.22304 2.02459 0.991264 0.133299 0.0150788 0.10927 0.04452 
3.62245 2.61747 1.46286 0.953407 1.59203 2.57504 2.82464 1.04377 0.120174 -0.205156 -0.0197299 0.0348345 
4.18832 2.77028 1.22977 0.665278 1.90326 2.78923 3.15126 0.828682 0.061812 -0.221679 -0.0561833 0.0591747 
4.43082 3.12571 0.837826 0.0619509 1.58402 3.1427 3.04625 0.794436 0.186414 -0.271087 -0.0956757 0.0597077 
3.55453 2.34879 0.934767 0.427982 1.5341 2.45486 2.59923 1.27613 0.162782 -0.275105 -0.0530877 0.0162038 
3.83299 2.73166 1.15918 0.139959 0.871597 2.12684 2.86215 1.367 0.173769 -0.247231 -0.145451 -0.0322912 
4.62808 2.91166 0.826723 -0.666833 0.731554 2.6833 2.90452 1.38572 0.0197423 -0.037809 -0.197925 0.000465063 
3.47671 2.45132 1.16938 0.50787 1.03909 1.74422 2.09036 1.26857 0.269627 -0.160558 -0.147923 -0.0471559 
4.04734 2.84602 1.21807 0.310848 1.15185 2.09917 2.4555 1.0164 0.047621 -0.138116 -0.191228 -0.0343085 
3.91513 2.76206 1.3957 0.813044 1.11278 1.73281 1.79488 1.11003 0.338116 -0.0605271 -0.0407339 -0.0324504 
3.3665 2.62988 1.62254 1.14697 1.19053 1.51286 1.48813 1.0863 0.617325 0.106833 0.0049172 -0.0272084 
3.19003 2.44262 1.75461 1.32348 1.29468 1.40609 1.23 0.927186 0.589159 0.25169 0.0196467 -0.0193839 
3.47977 2.66938 1.71851 1.128 1.0613 1.26442 1.28056 0.835107 0.435986 0.228727 0.156212 -0.00348727 
3.32671 2.7389 1.98199 1.30753 1.22492 1.07516 0.96198 0.585324 0.362535 0.274114 0.114605 -0.00352215 
3.57773 2.93026 1.8896 1.12462 0.807509 0.908619 0.809445 0.599695 0.45523 0.203651 0.0928435 -0.0217284 
3.41532 2.71526 1.88377 1.15633 0.829385 0.704577 0.624433 0.396054 0.227212 0.204633 0.171995 -0.0233339 
3.91698 3.17367 2.09854 1.14077 0.823992 0.764741 0.686404 0.324328 0.0368322 -0.00854117 0.148147 -0.00960686 
3.8654 3.33881 2.31073 1.16282 0.573362 0.446861 0.304009 0.0384908 -0.107444 -0.0532647 0.217958 -0.00292514 
4.10488 3.5022 2.34198 1.27013 0.733254 0.484575 0.409654 0.0304928 -0.30596 -0.0277246 0.174402 0.00493442 
3.1486 2.59947 2.06717 1.59607 1.1953 0.827783 0.543146 0.204713 0.0409523 0.0487528 0.108436 -0.0472834 
3.47883 2.9966 2.3377 1.67612 1.13078 0.780577 0.520468 0.210821 -0.0149757 -0.0050208 0.0938655 -0.0382202 
3.33686 2.83008 2.30515 1.8521 1.47761 1.01035 0.603268 0.178438 -0.103948 -0.0131072 0.104916 -0.042451 
3.28631 2.84223 2.26337 1.71695 1.29902 1.03812 0.693402 0.296025 0.0241216 -0.0510492 0.0605429 -0.0461833 
3.35416 2.87177 2.40293 1.95829 1.54074 1.06096 0.506343 0.0542512 -0.149551 -0.0846604 0.0686042 -0.0486947 
3.75866 3.34758 2.61557 1.96253 1.49895 1.27899 0.738182 -0.110582 -0.571009 -0.35286 0.146261 -0.0383504 
3.62651 3.0911 2.44404 1.90051 1.42184 1.03335 0.427359 -0.152129 -0.371467 -0.189016 0.159024 -0.0319064 
3.22099 2.81587 2.29524 1.70745 1.20679 0.834673 0.502953 0.0742763 -0.111027 -0.0734967 0.0429123 -0.0523728 
4.2045 3.77115 2.90682 1.8999 1.61361 1.24119 0.599885 -0.355741 -1.00719 -0.587644 0.105727 -0.0354156 
3.36773 2.92361 2.43836 1.85323 1.41537 1.03308 0.457319 0.0225543 -0.144017 -0.0787719 0.117794 -0.0429951 
3.10732 2.56895 2.13588 1.69171 1.27879 0.988362 0.550263 0.251019 0.0353753 0.00322234 0.0765999 -0.0500418 
3.27457 2.77844 2.36354 1.90234 1.47599 1.1962 0.756255 0.286982 -0.0271727 -0.0538986 0.0373317 -0.0481344 
3.04703 2.6029 2.22133 1.849 1.41451 1.05891 0.804475 0.460481 0.234301 0.0703962 0.00593505 -0.0458615 
2.86068 2.2906 1.91894 1.62598 1.29384 1.07279 0.726315 0.467811 0.235874 0.0765666 0.0309255 -0.0541572 
2.88476 2.36108 2.01723 1.73099 1.41278 1.12365 0.764771 0.448628 0.190873 0.0835838 0.0325056 -0.0502172 
3.11355 2.64876 2.30147 1.93795 1.53924 1.1633 0.850744 0.454075 0.166167 0.0753106 0.0205515 -0.0398297 
2.87012 2.36587 2.03826 1.70548 1.28245 0.958516 0.675424 0.426864 0.213491 0.10325 0.0351904 -0.0511294 
3.02578 2.60439 2.36308 2.00955 1.50113 1.01907 0.571345 0.257567 0.0856337 0.0177168 0.0379926 -0.0486955 
3.44106 3.15789 2.80796 2.32155 1.74827 1.10147 0.43424 0.0329916 -0.0763502 0.0119747 0.0803626 -0.0377049 
3.03502 2.57601 2.24293 1.82282 1.43109 1.00736 0.632988 0.329621 0.156287 0.0438407 0.0401329 -0.0427412 
3.02556 2.56345 2.1968 1.81179 1.47384 1.03095 0.600876 0.313869 0.0634501 0.0273745 0.0460441 -0.0419205 
3.68816 3.28324 2.873 2.35206 2.05646 1.35327 1.02063 0.360401 -0.0312167 -0.0541533 0.0996805 -0.0208833 
3.18743 2.75757 2.41712 1.95565 1.69462 1.24791 0.887509 0.414143 0.133241 -0.0296745 0.0623642 -0.0244022 
3.03984 2.57614 2.32742 1.96612 1.57876 1.13158 0.61744 0.250226 0.0675762 -0.00895015 0.0564236 -0.0366081 
3.19206 2.71422 2.37033 1.91059 1.4779 1.06631 0.675745 0.29699 0.07696 0.0107008 0.0331787 -0.0375496 
3.31368 2.91282 2.60777 2.19145 1.59015 0.867225 0.352346 0.0671274 -0.016793 0.0503471 0.112099 -0.0364133 
3.91267 3.65059 3.09846 2.51962 1.82726 1.03561 0.394306 -0.2736 -0.279081 -0.189089 0.0671831 -0.0412329 
3.22006 2.78182 2.54995 2.20853 1.68752 1.18296 0.567377 0.18641 0.00480005 -0.0226585 0.0604083 -0.045346 
3.16284 2.73928 2.48366 1.97246 1.53168 1.07442 0.653246 0.239733 0.0342705 -0.00800958 0.0172427 -0.0462172 
3.37474 2.95488 2.64998 2.15902 1.54658 1.06945 0.521168 0.169828 0.0457726 -0.0475855 0.0696581 -0.0353682 
3.73317 3.27511 2.80547 2.16343 1.45581 0.894132 0.383055 0.106026 -0.0841438 -0.0859233 0.164562 -0.00630836 
3.37752 2.94995 2.60585 2.17133 1.5489 0.940761 0.404307 0.0335395 -0.113532 0.0559378 0.137046 -0.00980424 
3.4761 3.10145 2.86301 2.20384 1.55433 1.01134 0.445966 -0.101827 -0.134653 0.00214237 0.0997064 -0.0202697 
4.03179 3.80754 3.73745 2.55766 1.72011 0.854706 0.0453963 -0.652862 -0.689192 -0.383038 0.0253605 -0.0584064 
3.6898 3.34442 2.95916 2.07386 1.39838 0.590268 -0.0121799 -0.353781 -0.465005 -0.171275 0.0747811 -0.0385406 
3.85666 3.67526 3.38303 2.57316 1.49986 0.714015 -0.176655 -0.635448 -0.658276 -0.417993 0.0302573 -0.0635799 
3.39567 3.03318 2.69952 2.09447 1.34777 0.590618 0.047227 -0.382043 -0.492651 -0.276843 0.017826 -0.0649641 
3.96258 3.70834 3.22654 2.16386 1.32553 0.57025 0.177435 -0.695528 -0.684663 -0.424898 -0.00502536 -0.0608483 
3.47666 3.01855 2.6765 2.09765 1.29684 0.618283 -0.00464895 -0.348519 -0.280856 -0.218482 0.0686895 -0.049942 
3.43279 3.18131 2.66132 1.85845 1.28634 0.552228 0.420905 -0.196057 -0.275251 -0.170035 0.0487713 -0.0468202 
3.75284 3.35187 3.1425 2.44015 1.46342 0.68521 0.12979 -0.328268 -0.478218 -0.214403 -0.017351 -0.0624675 
4.04747 3.93189 3.78304 2.35082 1.28796 0.605974 0.188347 -0.555374 -0.310967 -0.0461396 -0.122823 -0.0476734 
3.23099 2.71383 2.43074 1.8919 1.27335 0.881406 0.361614 0.150409 -0.0208568 -0.177233 -0.0232923 -0.0537216 
3.42714 3.01806 2.62312 1.9807 1.29137 0.560406 0.185909 -0.116277 -0.0466601 -0.107645 0.0181495 -0.0392264 
3.835 3.805 3.19794 1.65721 1.58119 0.877006 0.563438 0.285095 0.242206 -0.348075 0.0119815 -0.0460041 
4.10897 3.88198 3.52559 1.79404 1.61212 0.400817 0.588604 0.135769 0.271186 -0.318891 -0.0109207 -0.0284736 
3.07949 2.64449 2.26995 1.82454 1.2471 0.81585 0.526015 0.135317 0.0806063 -0.0978221 -0.0399771 -0.0198955 
3.82849 3.57911 3.39366 1.96075 1.9062 0.584455 0.576111 0.163572 0.320642 -0.131392 0.0153697 -0.0132835 
3.85138 3.72381 3.25896 2.14412 1.64761 0.623587 0.88121 -0.0136009 0.182682 -0.114565 -0.0112451 -0.0270683 
3.61175 3.46117 2.96804 2.16329 1.52516 0.833111 0.707738 -0.0814161 -0.0508218 -0.0747229 0.0572962 -0.0242687 
3.02167 2.72345 2.32346 1.83787 1.51175 0.898226 0.50202 0.19855 0.150689 0.0957171 0.0598188 -0.026099 
3.99376 3.6865 3.83776 2.10627 1.67486 0.807792 0.877541 -0.594317 -0.15191 -0.259677 0.0724867 -0.0179117 
4.02306 3.83634 3.84836 1.69448 1.68892 0.454846 0.879996 0.165639 -0.00855578 -0.25165 0.0835989 -0.0194304 
3.20324 2.61953 2.46013 1.77366 1.35881 0.830138 0.60957 0.518305 0.212991 0.0313609 0.0915407 -0.0316082 
3.51603 3.06073 2.83454 1.78554 1.02893 0.450428 0.817488 0.342215 0.547879 -0.365653 0.1627 -0.0263554 
3.71354 3.00985 3.04636 1.26065 1.05479 0.17511 0.8706 -0.133117 0.525832 -0.397648 0.134014 -0.00857506 
3.66201 3.32754 2.89469 1.331 1.13982 0.357614 1.04489 0.0494293 0.900342 -0.287925 -0.000911652 -0.0310033 
3.57598 3.10496 2.47584 1.74103 0.725936 0.151608 0.566219 -0.191695 0.27212 -0.0994608 -0.00369082 -0.0296413 
3.57321 3.24629 3.04511 1.1749 0.749885 0.131598 0.45091 -0.725228 0.471851 -0.178467 -0.0686567 -0.0150715 
3.63598 3.05286 3.20557 0.860335 1.16207 0.0731659 0.54435 -0.492303 0.45047 -0.00374315 -0.0405889 0.00351016 
3.70335 2.82881 3.12358 1.43983 1.04852 0.00862403 0.66714 -0.278345 0.555558 -0.0814746 -0.00562727 0.00308305 
3.6607 3.13344 3.26279 1.28763 0.662129 0.576889 1.24606 0.0487747 0.224448 0.204243 -0.00274668 -0.0148933 
3.6367 3.28198 3.30827 1.60767 1.04985 0.206607 0.887216 0.125694 0.079442 0.00484879 0.0691254 -0.00366755 
3.87972 3.3799 3.45083 1.43117 0.665639 0.0653165 1.07683 0.309971 0.388303 -0.120014 0.0737137 -0.00659938 
3.87681 3.0494 3.08281 1.772 0.142667 0.479623 0.939964 0.0725041 0.559207 -0.199385 0.052158 -0.00599306 
3.64052 3.08978 2.86867 1.63436 0.399398 0.0315565 0.704748 -0.154413 0.581725 -0.3509 0.0564544 -0.0171129 
3.46231 2.90494 2.60862 1.38981 0.626657 -0.143156 0.364562 0.196512 0.588754 -0.188702 0.0515569 -0.0125678 
3.32069 2.47719 2.48031 0.93276 0.616512 -0.351943 0.538242 -0.00754898 0.537184 0.000374497 0.0472932 -0.0122964 
3.28678 2.96466 2.39849 1.20538 0.629311 -0.429915 0.588648 0.0876185 0.446793 -0.29824 0.0794452 -0.0283456 
3.45038 2.78437 2.46987 0.978431 0.786506 0.0342369 1.00213 0.195887 0.665858 0.0226064 -0.0478477 -0.0206156 
3.54833 2.65852 2.36947 0.939796 0.994987 0.429015 0.850232 -0.131868 0.683033 -0.0184195 0.0447414 0.0053074 
3.43756 2.67986 2.39822 1.12413 1.13133 0.280801 0.962801 -0.376674 0.367928 -0.0396882 -0.0485935 -0.011409 
3.31485 2.50305 2.53275 1.30096 1.04729 0.327886 0.593103 -0.346762 0.482963 0.108187 -0.00190723 -0.00337592 
3.25296 2.7321 2.22675 1.24395 0.905404 0.397721 0.499163 -0.059493 0.414495 -0.296788 0.0555386 -0.0279725 
3.38013 2.69358 2.56465 1.51105 0.483322 0.309948 0.930962 -0.256441 0.264163 -0.185949 -0.00103328 -0.0427291 
3.55994 2.94111 2.70667 1.27305 0.443567 0.419836 0.528938 -0.210653 0.448218 -0.0179805 0.0742306 -0.00621366 
3.41118 2.70748 2.18255 1.15937 0.770143 0.152282 0.579757 -0.169894 0.658105 0.0419263 -0.026675 -0.0258249 
3.40369 2.83096 2.63819 0.804861 0.866422 0.300306 0.625386 0.146857 0.331941 0.194681 0.0609709 -0.00102869 
3.28061 2.69425 1.80941 0.904164 1.09768 0.390398 0.632768 -0.0932981 0.685925 0.200532 0.0817747 -0.00556542 
3.71953 3.02383 2.7161 0.758079 1.25547 -0.187865 0.764076 -0.0918475 0.532588 0.199797 0.0146486 0.0179715 
3.5766 2.96582 2.70733 0.692094 1.2362 -0.29191 0.952578 0.149485 0.348324 0.104822 0.139187 0.0264296 
3.39669 2.92099 2.49242 1.01997 0.666101 -0.214391 0.813237 0.299232 0.575108 -0.0856867 0.0259377 -0.0124112 
2.99674 2.52825 2.02228 1.16556 0.89428 -0.0395897 0.824585 0.0992088 -0.0558795 -0.147884 0.0594924 -0.031103 
3.06338 2.87137 2.42019 0.451148 0.812222 0.0692334 1.16786 0.0925806 0.375228 -0.155703 0.206977 -0.0157397 
3.01349 3.01974 2.74165 0.588785 0.846703 0.0180942 0.93068 -0.197535 0.401755 -0.0324707 0.124038 -0.00816285 