3.26661 2.17643 2.0061 0.668432 0.326898 -0.233383 0.845158 -0.421183 0.406262 0.249854 0.170067 0.0898384 
3.16419 2.39793 2.03378 0.96299 0.357938 -0.53494 0.632165 -0.13323 0.936107 0.403619 -0.0214871 0.0719637 
3.11944 2.51622 2.28071 1.58259 1.01521 0.465443 0.886341 0.286958 1.00343 0.23827 0.271697 0.0619123 
3.76472 2.81672 2.98845 1.89753 1.47011 0.363358 1.84116 0.0744055 0.981119 0.5164 0.229897 0.0872493 
3.45518 2.34251 2.28943 1.88661 1.64039 1.09808 1.18917 0.531793 0.880282 0.612532 0.227739 0.0619859 
3.89295 2.31105 2.53679 2.29483 1.32318 0.228476 1.58139 0.677617 0.929865 0.529556 0.353412 0.0885853 
3.79897 1.79048 2.10194 2.89129 1.93189 -0.116998 0.80103 1.6763 1.1527 0.353629 0.0625628 0.0733045 
3.7559 1.41231 2.55583 2.93313 1.32625 -0.116657 1.06421 1.14623 1.29726 0.423892 0.0436718 0.0587347 
3.56778 1.59623 2.28599 2.75792 1.71253 -0.110889 0.805264 1.22853 0.890239 0.288927 0.0626024 0.0507316 
3.50004 1.56991 2.41417 2.9317 1.41087 -0.5606 1.14616 1.15251 1.0505 0.438071 0.0209017 0.0610199 
3.3232 1.60838 3.04372 2.55225 1.01524 0.210822 1.31734 0.957376 0.83856 0.711802 -0.0715795 0.0276703 
3.41079 1.80489 2.74099 2.82771 1.17136 -0.110647 1.32343 0.773999 0.699902 0.774941 0.0208426 0.0306057 
3.46051 1.05802 2.67872 2.72231 0.956328 -0.139007 1.52903 0.790648 0.956832 0.759924 0.0228139 0.0236276 
2.99943 1.64924 2.43434 2.1386 0.518604 0.032843 1.45828 0.853355 0.518056 0.531129 0.103299 0.0270632 
3.00395 1.6696 3.06379 1.84849 0.879007 -0.466284 1.32727 1.00996 0.435913 0.739079 0.137027 0.0443356 
3.041 1.61818 2.69164 2.23266 0.755199 -0.380703 1.21645 1.28505 1.23471 0.726771 0.137852 0.0749457 
3.54045 1.58321 3.08065 2.2066 0.467013 -0.474097 1.91076 0.969164 0.974805 0.958243 0.262395 0.0610547 
3.14667 1.56714 2.46227 1.71218 0.80057 0.447319 1.6568 0.964377 0.682964 0.808896 0.294838 0.0306434 
3.47638 1.11481 2.52806 2.13303 0.321767 0.632093 1.75797 0.820139 0.86413 0.657008 0.351307 0.0415668 
3.15238 1.49625 2.61032 1.44294 0.4698 0.789284 2.12812 0.438098 0.247245 0.509752 0.482206 0.0310705 
3.24713 1.09443 2.41795 2.10227 0.580996 0.238047 1.89902 1.04468 0.826085 0.3199 0.292196 0.0581227 
3.16054 0.78722 2.58017 1.96421 1.31621 0.529348 1.79413 1.13997 0.316769 0.299031 0.195546 0.0449798 
3.26837 0.371372 2.83817 2.21008 1.43733 0.361789 1.48466 1.4912 0.82478 0.284628 0.0370372 0.0644531 
3.0344 0.473984 2.61709 2.58783 1.43617 -0.0891045 1.67582 1.64048 0.962568 0.429047 0.0217066 0.0643999 
3.20836 0.447949 2.7087 2.7104 0.832804 0.321602 1.06988 1.73572 0.608067 0.45284 -0.11804 0.0109585 
3.27023 0.633452 2.49789 3.11382 0.979294 -0.293153 1.15263 1.34823 0.956052 0.588861 -0.0689688 0.0209191 
3.04899 0.775091 2.34118 2.41863 0.463201 -0.454735 1.50091 1.54747 1.22381 0.748794 -0.101535 0.0118334 
3.49753 0.350599 2.6006 2.0069 0.388013 -0.235055 1.38749 1.33212 1.14185 0.592112 -0.0170323 0.0140996 
3.67155 0.259408 1.76084 1.47014 0.655012 0.874223 1.67941 0.857347 0.608402 0.0196795 -0.0447102 0.0223797 
3.50231 0.275512 1.63035 1.26243 0.353892 0.937886 1.89381 0.743754 0.53068 0.00854576 -0.0214158 0.00081058 
3.44227 0.734243 1.47452 1.71941 0.709206 1.30187 1.94137 0.918964 0.596734 -0.010347 0.0964434 0.0195777 
3.85 0.804494 1.23318 0.960563 0.950377 1.4217 2.20653 1.0726 0.411447 -0.214632 0.159855 0.0623446 
4.07867 0.689227 0.783002 1.17327 1.39099 1.49303 2.53235 1.44328 0.589939 0.0365817 0.175942 0.0559833 
4.37189 0.64804 0.41575 1.01789 1.80417 1.74513 2.86693 1.42849 0.407768 -0.231414 0.171211 0.106808 
3.76799 1.37036 0.470502 0.855287 1.54994 1.97157 2.48467 1.26529 0.144886 -0.383096 0.25588 0.10079 
4.34941 1.2931 0.396646 1.31882 1.9191 2.11844 2.33033 1.00483 0.264134 -0.452648 0.189701 0.130628 
4.89657 0.870091 0.447654 0.702269 1.96401 2.18847 2.67178 0.866475 0.39885 -0.269983 0.18954 0.15473 
3.59912 1.94041 0.841363 0.79073 1.5944 1.99543 2.02774 0.870527 -0.101654 -0.176103 0.297964 0.0794397 
4.06167 1.94012 0.679609 0.68667 1.6122 2.07783 2.30875 1.0175 0.244161 -0.214399 0.206198 0.0769475 
4.60834 1.53866 0.336751 0.707593 1.99815 2.16731 2.16297 1.0989 0.276873 -0.0837728 0.233274 0.102783 
3.30707 1.96873 0.976736 1.17805 1.94157 2.28088 1.77918 0.823551 0.281092 0.0120426 0.150175 0.0434839 
3.69903 2.28582 0.971816 0.921016 1.57691 2.21196 2.14193 0.880249 0.152292 0.063765 0.224562 0.0672312 
4.91974 1.80794 0.829579 1.29449 2.39092 3.04649 2.69465 0.623013 -0.0633038 0.253893 0.227777 0.103966 
4.0561 2.30862 1.33908 0.911244 1.84366 2.55291 2.03805 1.25554 0.218537 0.22022 0.182783 0.073713 
2.94757 1.96052 1.39672 1.52312 1.97321 2.19695 1.64694 0.796001 0.327052 0.252799 0.277892 0.0588052 
4.80185 2.37661 1.0165 0.734235 2.50405 2.67222 2.45999 1.44398 0.237891 0.33842 0.12264 0.0746472 
3.38561 2.28227 1.46677 1.25948 1.7648 2.28792 2.17229 1.3436 0.390501 0.262636 0.200844 0.0673038 
3.8378 2.50786 1.60539 1.34024 2.20398 2.59059 2.1039 0.989757 0.216761 -0.053179 0.347268 0.119741 
3.11887 2.19429 1.7921 1.84787 2.30102 2.41606 1.77915 0.933227 0.233712 0.273936 0.325833 0.0883511 
5.04334 2.33824 1.37856 0.874303 1.89825 2.57613 3.03125 1.04149 0.306904 0.463049 0.183847 0.0870549 
3.20115 2.35689 1.6787 1.30976 1.57154 1.84455 1.64929 1.00958 0.646887 0.376134 0.182212 0.0504956 
3.16118 2.41554 1.75682 1.35365 1.5964 1.78047 1.73281 1.35943 0.58821 0.295144 0.148401 0.0495636 
4.44835 2.28962 1.15729 0.948789 2.17143 2.80198 2.67748 1.3265 0.412486 0.548169 0.077231 0.0572367 
3.75545 2.45439 1.5341 1.22977 1.91115 2.66802 2.33777 1.17764 0.647824 0.304138 0.0659658 0.0606732 
3.37691 2.46035 1.64672 1.21036 2.08919 2.33746 2.05216 1.34204 0.718971 0.219154 -0.0322372 0.0422904 
3.18201 2.27506 1.43933 1.2649 1.8927 2.12007 1.91434 1.22273 0.619372 0.160412 0.0436098 0.0437901 
4.68815 2.74405 1.39219 0.504347 2.14588 3.19959 3.12709 1.20906 0.722338 0.452903 -0.130026 0.018458 
3.51475 2.48785 1.51299 1.08973 1.59061 2.15754 2.20561 1.33487 0.800961 0.260189 -0.00127851 0.0236547 
3.27316 2.5027 1.77959 1.20518 1.33079 1.78333 1.79306 1.21384 0.477646 0.18322 0.113419 0.0298278 
5.06082 2.66173 1.01093 1.01293 2.46766 3.06774 3.36738 0.883583 0.175236 0.341256 0.0196761 0.0600816 
4.63176 2.90531 1.19071 0.579644 1.9591 3.32822 2.91047 1.00236 -0.0156646 0.177199 0.049751 0.100751 
3.37075 2.36999 1.54648 1.46906 2.27827 2.60914 2.1847 1.04172 0.266578 0.0143701 0.173132 0.0730551 
3.20225 2.36831 1.61475 1.34472 1.80631 2.18587 1.94863 1.16263 0.294715 0.0620991 0.167799 0.048001 
4.10509 2.58131 1.36747 1.30707 2.45003 3.13939 2.52363 1.19237 0.0980196 -0.0572223 0.132772 0.103788 
3.55923 2.51318 1.39578 1.04284 1.8557 2.5474 2.31275 1.22323 0.170917 0.027558 0.231201 0.0821103 
3.76813 2.57934 1.20759 0.742022 1.414 2.37008 2.25312 1.14574 0.293194 0.140627 0.317915 0.0945715 
3.09503 2.18595 1.37295 1.04489 1.38096 1.78754 1.74354 1.11552 0.494218 0.279384 0.230355 0.0452519 
4.26265 2.68861 0.852403 0.293586 1.33302 2.33708 2.2007 1.23136 0.534422 0.178742 0.366087 0.118744 
3.61977 2.66701 1.55634 0.988878 1.15716 1.59452 1.59206 1.14317 0.632987 0.30713 0.271969 0.0468936 
3.98359 2.91371 1.36912 0.695889 1.00365 1.74771 1.55553 0.767275 0.504539 0.349466 0.368433 0.0828932 
3.28897 2.47964 1.70165 1.20549 1.30714 1.23757 1.13964 0.614511 0.30932 0.267439 0.266809 0.0139015 
3.44798 2.63115 1.70162 1.00908 0.860157 0.93748 0.950015 0.664593 0.369979 0.261743 0.221708 -0.00656059 
3.49559 2.93399 1.98824 1.08258 0.783549 0.696852 0.800742 0.554091 0.312046 0.209817 0.0981831 -0.022555 
4.18336 3.2483 1.99392 0.948765 0.634215 0.503694 0.539965 0.366499 0.25314 0.271329 0.220701 0.0231316 
4.17776 3.32012 2.20464 1.19888 0.60269 0.501052 0.541195 0.48273 0.362654 0.276071 0.146502 0.0074469 
3.82838 3.20434 2.27911 1.42592 0.995328 0.806533 0.556102 0.299101 0.260055 0.194924 0.164642 0.0105582 
3.71876 3.19799 2.41976 1.67945 1.09732 0.67871 0.399081 0.213059 0.0946468 0.164874 0.0980434 -0.00791396 
3.44642 2.95483 2.41193 1.76445 1.26755 0.974395 0.685617 0.455941 0.209583 0.0932056 0.0101756 -0.0310214 
3.36148 2.90727 2.45332 1.95466 1.55715 1.07099 0.709428 0.356967 0.120263 0.083592 0.000926016 -0.0310479 
5.75225 4.30758 2.73096 1.60463 1.37091 1.57612 0.775166 0.0152529 -0.0741548 0.0271036 -0.0420789 -0.020357 
3.83086 3.46854 3.0586 2.39265 1.95078 1.43442 1.00347 0.383498 -0.00777587 -0.135516 0.0124975 -0.0401989 
3.47355 3.09088 2.6175 2.07434 1.63748 1.21227 0.742321 0.282057 -0.00116769 -0.0641798 0.0241066 -0.0373817 
3.26879 2.7986 2.32057 1.86437 1.40827 1.04757 0.727452 0.269277 -0.0495574 -0.077509 0.0463106 -0.0454114 
4.22639 3.82163 3.01705 2.22299 1.83523 1.21546 0.494029 -0.318771 -0.864325 -0.513288 0.0810472 -0.0426094 
3.49239 3.06009 2.61934 1.94138 1.40401 0.793249 0.284581 -0.0767335 -0.257308 -0.126569 0.107118 -0.0433261 
3.28446 2.74449 2.25267 1.80193 1.38086 1.06473 0.565607 0.134536 -0.183232 -0.0924953 0.113448 -0.0454215 
3.88005 3.46379 2.879 2.13205 1.72066 1.07307 0.360987 -0.343133 -0.633556 -0.312306 0.148091 -0.036705 
3.6441 3.1902 2.63991 2.13907 1.76227 1.33827 0.769424 0.0972089 -0.347755 -0.216116 0.124272 -0.0374545 
3.18059 2.73274 2.3541 1.82694 1.46384 1.11693 0.732699 0.369883 0.111814 0.00402575 0.0230665 -0.0407644 
3.15581 2.75753 2.47411 1.96905 1.43238 0.901248 0.482342 0.223645 0.0891287 0.0511038 0.0256514 -0.0401942 
4.45837 4.02348 3.1881 2.28929 2.23 1.60711 0.359394 -0.384004 -0.651333 -0.3718 0.0470246 -0.0311933 
3.53422 3.1113 2.66817 1.94027 1.40053 1.00654 0.509895 0.116755 -0.0664852 -0.0545961 0.100139 -0.0276328 
3.49145 3.14036 2.71396 2.15667 1.6054 1.01595 0.5372 -0.0268874 -0.241397 -0.159776 0.0802728 -0.0426684 
4.00393 3.62341 3.07258 2.38438 1.84067 0.817428 0.382495 -0.349596 -0.458623 -0.336032 0.0708893 -0.0401413 
4.14568 3.71499 2.9536 2.19924 1.79268 1.20056 0.486014 -0.37284 -0.369996 -0.441587 0.0390406 -0.0427099 
4.19395 3.77265 3.1663 2.47153 1.63301 0.950046 0.560499 -0.237148 -0.377718 -0.233654 0.0341809 -0.0334012 
3.70805 3.44169 2.90228 2.30101 1.81026 0.988479 0.707432 0.0457221 -0.105212 -0.107257 0.0427927 -0.0364235 
3.55391 3.23058 2.79113 2.12519 1.82882 1.18934 0.400825 -0.06769 -0.137542 -0.0504601 0.113695 -0.0305586 
3.56826 3.26008 2.94952 2.21658 1.61832 0.866537 0.371847 -0.0472425 -0.116785 -0.0466476 0.0936606 -0.0300978 
3.93928 3.4415 3.17232 2.19098 1.62035 1.00947 0.241417 -0.161975 -0.287643 -0.18627 0.0996331 -0.0195992 
3.38738 3.04891 2.73531 2.10935 1.538 0.834174 0.165136 -0.114117 -0.0605839 -0.0766611 0.0703276 -0.0268786 
3.63833 3.402 2.88735 2.43208 1.65733 0.676193 -0.0577711 -0.367617 -0.357633 -0.18132 0.0803818 -0.0336669 
3.90688 3.65537 3.26116 2.4759 1.73318 0.749913 -0.174416 -0.416729 -0.577349 -0.333352 0.048566 -0.047307 
4.15801 3.98456 3.422 2.56037 1.30948 0.704867 -0.00993978 -0.561683 -0.69274 -0.527241 0.00454779 -0.0564146 
4.02155 3.7808 3.33933 2.32135 1.5711 0.804095 0.0656664 -0.873033 -0.799719 -0.401334 -0.0414485 -0.0641505 
3.52994 3.21444 2.74442 1.95102 1.2183 0.609065 0.112672 -0.37467 -0.500746 -0.267779 -0.0419453 -0.0601854 
3.8013 3.39664 2.9253 2.27951 1.30784 0.470011 -0.0373317 -0.421902 -0.676453 -0.31413 -0.0245842 -0.0564187 
3.82414 3.64346 3.14929 2.41542 1.64448 0.534577 -0.219943 -0.611697 -0.575458 -0.295802 0.019729 -0.0513072 
3.92161 3.47572 3.17495 2.2083 1.35582 0.923696 -0.06733 -0.571446 -0.672813 -0.524848 0.0662503 -0.0499095 
3.57275 3.1575 2.78309 2.03838 1.22052 0.269973 0.0378701 -0.391016 -0.416065 -0.17125 -0.00566581 -0.0419892 
3.5396 3.13457 2.747 2.01182 1.28237 0.567338 0.0474086 -0.309233 -0.294516 -0.198063 -0.00989683 -0.0470635 
4.36702 3.80898 3.45898 1.83449 1.60763 0.359519 -0.0905972 -0.439255 -0.680395 -0.196247 -0.110222 -0.0514564 
3.81193 3.48932 3.20138 2.14885 1.56856 0.338831 0.121537 -0.519492 -0.640967 -0.280679 0.0163303 -0.0457682 
4.14382 3.77561 3.30916 2.31053 1.31956 0.150552 -0.170584 -0.505518 -0.509141 -0.50069 -0.00282717 -0.0409492 
3.54732 3.22823 2.6712 1.91064 1.03995 0.166248 -0.13309 -0.632761 -0.432249 -0.211114 -0.037938 -0.0326377 
4.0129 3.49723 3.07878 1.85391 1.03512 0.311686 -0.0724875 -0.581012 -0.549834 -0.417832 0.00637718 -0.0261358 
4.37792 4.03485 3.67378 1.21818 1.07749 0.295034 0.588383 -0.245629 0.121638 -0.507645 -0.041251 -0.037752 
3.63701 3.54937 2.81395 2.16715 1.35153 0.876114 0.562113 0.170003 0.240322 -0.227026 -0.0646338 -0.049249 
3.85218 3.51734 3.10472 1.70389 1.32593 1.18966 0.633494 -0.0990829 0.154669 -0.16349 -0.0195071 -0.0324384 
4.14936 3.6093 3.20585 1.90012 1.39092 0.326393 0.820819 0.0190083 0.0964931 -0.0604506 0.0111846 -0.0168395 
4.33337 4.0171 3.44718 1.33249 1.6244 0.632649 0.671947 -0.251408 0.272447 -0.0465025 0.0202818 0.00533278 
3.62353 3.33033 2.81504 1.91466 0.950836 0.647692 0.403446 0.287348 0.0976861 -0.00690081 0.078391 -0.01634 
3.62187 3.29222 2.65737 1.9318 1.34141 0.741596 0.594422 -0.034053 0.218395 0.0375702 0.0435783 -0.0229588 
3.72063 3.2483 3.00144 1.66549 1.4961 0.56619 0.785029 0.0463727 0.0359501 0.0279338 0.00945476 -0.0284756 
4.1147 3.97408 3.61648 1.38157 1.03138 0.365587 0.814726 -0.469339 -0.131582 -0.27131 -0.01729 -0.0320802 
4.22982 3.70988 3.682 1.19161 1.17423 0.00947128 0.825439 -0.227044 0.0358648 -0.530797 0.0139899 -0.0248307 
3.79869 3.01571 2.56345 1.34734 0.859065 -0.102866 0.368927 0.00129794 -0.235695 -0.0812881 -0.0521365 -0.0206986 
3.97338 3.15336 2.9484 1.25814 0.51904 -0.357414 0.239048 0.00833776 0.0554298 -0.256899 0.0425292 0.00328121 
4.09741 3.49213 2.92092 1.25721 0.577302 -0.601825 0.719342 -0.120464 0.350286 -0.241687 0.116066 0.0238795 
3.95108 3.51083 2.88101 1.49288 1.19385 -0.308291 0.67621 0.0575232 0.285489 -0.273271 0.036701 -0.00677165 
3.93289 3.57738 2.86884 1.50126 1.09632 0.227534 1.04095 -0.0891449 -0.0358709 -0.305636 0.0533361 -0.0247522 
3.90472 3.90428 3.04784 1.57308 1.19087 0.363301 1.11504 -0.331431 -0.0557609 -0.403727 0.0739424 -0.0318921 
3.96494 3.45864 3.18906 1.70822 1.29122 0.389993 1.13346 -0.595675 0.12857 -0.766227 0.186646 -0.013158 
3.44362 3.2335 2.67488 2.07393 1.30879 0.73468 0.278559 -0.420584 0.252152 -0.233733 0.0818845 -0.0240929 
3.46577 3.24908 2.54938 1.31994 1.21205 -0.212282 0.481034 -0.0498728 0.344638 -0.322559 0.11311 -0.00651092 
3.23647 2.93838 2.19435 1.02911 0.662328 -0.02024 0.197597 0.0216453 0.194745 -0.384632 0.0736092 -0.0113837 
3.41286 2.7466 2.70725 0.930073 0.359971 -0.0436356 0.619624 -0.436586 0.391754 -0.0699823 -0.0793241 0.00272019 