2.90137 2.16416 1.39412 0.992829 0.974716 0.426185 0.854177 0.561794 0.431541 0.322465 0.241415 0.0285458 
3.18313 2.49545 2.20907 1.14698 1.41126 0.96015 1.43929 0.732301 0.733114 0.575299 0.40881 0.0777973 
3.18829 2.65558 2.15265 1.69281 1.39557 1.02164 0.841241 0.969256 0.96123 0.4023 0.440556 0.07779 
3.78136 3.15031 2.6943 1.59343 1.27519 1.03821 1.13705 0.722673 1.30499 0.638324 0.358891 0.105068 
2.97282 2.38991 2.11524 1.82498 1.63199 1.2963 1.10258 0.788821 0.671527 0.4147 0.261462 0.0489598 
3.4133 2.99909 2.37523 1.90957 1.47663 0.82936 1.16313 0.814947 1.1298 0.534603 0.401801 0.0936671 
3.20349 2.77332 2.41924 1.77207 1.21712 1.2007 1.41384 0.917041 0.694956 0.561061 0.368124 0.0699302 
3.43867 2.97801 2.58189 2.23141 1.77787 1.16127 1.23195 0.748802 0.56526 0.34835 0.264679 0.0591241 
3.08263 2.58531 2.25341 1.88106 1.44255 0.87943 1.04751 0.8912 0.66879 0.415152 0.25673 0.0465055 
3.70279 2.88934 2.66149 2.03253 1.27246 0.5551 1.09358 0.775226 0.489353 0.397627 0.355199 0.072323 
3.13049 2.55302 2.50279 1.67999 0.843174 0.749948 1.28939 0.842976 0.492732 0.238387 0.324765 0.02705 
3.20874 2.49398 2.23588 1.83691 1.37038 0.574385 1.0916 0.326227 0.300674 0.494907 0.376011 0.0595988 
3.79629 2.78642 2.63315 1.19708 1.14473 -0.0517772 2.16968 0.57106 0.201599 0.506907 0.474482 0.114302 
3.30157 2.62989 2.25548 1.5313 0.584543 0.13623 1.8168 0.663272 0.240463 0.508791 0.666661 0.0936489 
3.29477 2.5435 1.97624 1.39877 0.731475 0.349307 1.50303 0.776832 0.369061 0.410726 0.633958 0.0896637 
3.20669 2.29903 2.64498 1.72476 0.841343 -0.241146 1.14541 0.9529 0.279968 0.63988 0.487952 0.0781915 
3.01013 2.01127 2.64957 1.81415 1.03011 0.57874 1.22692 0.876177 0.608032 0.558656 0.545835 0.072023 
3.28403 1.14376 2.48695 1.82041 0.864911 1.12883 2.01378 0.563099 0.728669 0.642808 0.463105 0.0544697 
3.09498 1.19517 2.26018 1.46976 0.759296 1.61846 2.17464 0.879924 0.694911 0.504106 0.566145 0.0566099 
2.86484 1.1325 2.36171 0.938841 0.378391 2.01548 2.78392 0.699174 0.180417 0.52806 0.608116 0.0112362 
2.70353 0.41022 1.83161 1.81893 0.601952 1.29726 2.69494 0.777385 0.583012 0.543763 0.369306 -0.00486551 
2.85662 0.489664 1.84986 2.05041 0.504255 1.25693 2.7253 0.58388 0.482501 0.482981 0.405644 0.00319608 
2.9906 0.389589 2.46375 2.14348 0.501011 1.00584 2.59493 0.732228 0.200855 0.389233 0.27822 0.0130746 
2.71406 0.932601 2.72966 2.13012 0.84908 0.737512 1.44468 0.806027 0.293559 0.264871 0.165504 0.0254849 
2.89999 0.684336 2.65621 1.92606 0.882428 1.11269 1.69369 1.12376 0.452395 0.114397 0.124617 0.0397184 
3.37345 0.541717 2.39616 1.9199 1.4029 1.2232 1.30891 1.50198 1.08705 0.00151537 0.0703417 0.0779985 
3.35121 0.270929 1.67403 1.72503 1.46637 2.18775 1.87681 1.45016 0.884724 -0.08231 0.116724 0.0911437 
3.63637 0.461164 1.35437 1.56202 1.51349 2.00926 2.29859 0.662609 0.909955 -0.101839 0.0910146 0.0930121 
4.06911 0.290645 0.546022 0.66015 0.600692 2.66991 3.52845 1.03465 0.412615 -0.0870425 0.39401 0.122257 
3.69352 0.826519 0.307922 -0.118986 0.397578 2.44623 2.97195 1.27561 0.300925 -0.0126436 0.361405 0.0494294 
4.23748 0.613002 0.192426 -0.000964961 0.183362 2.99765 3.28016 1.392 0.471859 0.0139674 0.347096 0.0895625 
4.15319 0.994249 0.225194 -0.950798 0.52027 2.98725 3.37294 1.64141 0.546553 -0.142292 0.231272 0.0532222 
3.83515 1.86942 0.211882 -0.363977 0.617799 2.04448 2.67965 1.26241 0.23363 0.0564036 0.212708 0.0344111 
4.2492 1.64397 -0.0451749 -0.748101 1.01511 2.75076 3.28428 1.33635 0.633269 0.126736 0.156813 0.0469532 
4.97421 1.18943 0.29912 -1.06194 1.24779 3.02385 2.89915 1.56546 0.474752 0.165383 0.133191 0.0475641 
3.4329 1.96793 0.686904 0.441646 1.28611 2.15966 2.04375 1.32923 0.394355 0.117142 0.0616391 0.00757342 
3.84114 2.27382 0.952904 0.288502 1.07925 2.19223 2.23735 1.12428 0.51996 -0.0141319 0.107794 0.0261494 
4.91447 1.37771 1.2452 0.852169 1.96676 3.35837 2.19895 0.651732 0.351239 -0.0658727 0.0722791 0.095189 
5.0109 1.92654 1.42842 0.863506 2.24001 2.97954 2.69843 0.494718 0.284606 0.122245 0.0121645 0.058221 
3.22818 2.14292 1.34866 1.18869 1.64271 2.31973 2.06817 1.00736 0.0409882 0.0512705 0.157508 0.0492548 
4.68418 2.24141 1.16781 1.14382 1.8217 3.60456 2.95265 0.611727 0.23281 0.305497 -0.0410256 0.0422052 
3.57887 2.25415 1.36468 1.2306 1.90918 2.86174 2.4143 0.880263 0.241646 0.0180541 0.0276557 0.061847 
3.77168 2.3381 1.20863 1.12478 2.06711 2.69281 2.32619 0.901341 0.644687 -0.0425428 -0.033851 0.0401874 
4.49348 2.31476 1.01204 0.764991 2.23851 3.30636 2.55269 0.897757 0.517808 0.0528431 -0.0031148 0.0583358 
3.96353 2.36454 1.07181 0.73203 1.58049 2.84064 2.38076 1.25821 0.434717 -0.0945839 -0.0103208 0.0360888 
3.07992 2.1944 1.38737 1.12254 1.37319 1.72374 1.85744 1.04696 0.351348 0.0958454 0.0355062 0.0076135 
3.62021 2.28153 1.13394 0.789354 1.96935 2.61496 2.14877 1.10845 0.430304 0.0439493 0.0545498 0.0416642 
4.1285 2.32063 1.10053 0.731156 1.94601 2.4589 2.79967 0.960774 0.438396 -0.116177 -0.020685 0.0386888 
3.36714 2.40735 1.65037 1.01727 1.47758 1.84983 1.81794 1.11279 0.376429 -0.13246 0.116782 0.00873761 
3.13172 2.20937 1.51564 1.16362 1.43476 1.86781 1.56221 1.07237 0.570091 0.163729 0.0483142 3.848e-005 
4.79003 2.59749 1.12429 1.19347 2.29428 2.52071 2.40845 1.19449 0.328433 0.0979711 -0.0326882 0.0197252 
4.62605 2.52198 1.38389 0.896109 2.73796 2.91417 2.25131 0.50562 0.321806 -0.00647141 0.0632348 0.0641987 
3.42441 2.4197 1.67845 1.19259 1.84148 2.06686 1.49604 0.620142 0.222492 0.180503 0.243308 0.0429409 
3.89253 2.6474 1.40183 1.04325 2.68628 2.95135 2.2187 0.873601 0.0986094 0.0017233 0.0577918 0.0678006 
3.45293 2.5431 1.54408 1.33916 2.1602 2.43469 2.25113 1.16414 0.239016 -0.178214 0.0313422 0.0397283 
3.14228 2.32231 1.71419 1.29365 1.5349 1.95759 1.91138 1.14258 0.481373 0.139773 0.0273409 0.0181765 
4.15183 2.8221 1.68119 1.22278 1.98046 2.68293 2.71648 1.36965 0.527524 -0.240664 -0.0567211 0.0278621 
4.47863 2.80359 0.974206 1.08461 2.08201 2.79189 3.16486 1.21507 0.451583 0.255896 -0.173224 0.0037 
3.81112 2.68083 1.40161 0.699013 1.37183 2.04083 2.29515 1.37742 0.71377 0.127222 -0.0690949 -0.00477772 
3.34242 2.38972 1.49281 0.974986 1.40727 1.80216 1.89141 1.41113 0.651254 0.147343 -0.0936477 -0.014854 
4.11449 2.94512 1.31434 0.282091 1.08787 2.12825 2.17714 1.40755 0.803057 0.170339 -0.122979 -0.0372075 
3.79517 2.71775 1.42252 0.424809 0.951012 1.98694 2.09874 1.3188 0.453316 -0.0476559 -0.0919597 -0.0314188 
3.9557 2.64199 1.27673 0.59663 1.18983 1.9305 2.20812 1.23352 0.267408 -0.183666 -0.0623791 -0.0161729 
4.02074 2.61753 0.958417 0.300253 1.02404 2.19748 2.10303 1.11114 0.195294 -0.164911 -0.0117867 -0.00507802 
3.6601 2.63865 1.45543 0.629792 0.963909 1.59093 1.85498 0.97427 -0.00570272 -0.179813 0.0405568 -0.0208424 
3.14789 2.48099 1.72513 1.05891 1.04127 1.24525 1.30801 0.952636 0.325532 0.0211583 -0.00509372 -0.036887 
3.55726 2.80573 1.79988 1.0003 1.31952 1.27694 1.46763 0.811723 0.401314 0.188559 0.0543794 -0.0128076 
4.98293 3.64403 1.92634 0.567447 0.892928 1.40909 1.79444 0.552692 0.569309 0.228823 0.108373 0.0333639 
3.48349 2.81018 2.00735 1.3457 1.11463 1.30347 1.38394 0.962874 0.586431 0.316909 0.142234 0.0193793 
3.32564 2.77465 2.04573 1.31632 0.902692 0.790163 0.669461 0.587124 0.545743 0.269035 0.147688 0.00488565 
3.72318 3.11719 2.18621 1.37191 0.824273 0.622879 0.692189 0.650729 0.458229 0.225731 0.137007 0.00994661 
5.58865 4.24108 2.08932 -0.0744394 0.755776 0.740477 0.880186 0.60468 0.227556 0.0848158 0.0643433 0.0167914 
3.93442 3.39447 2.31486 1.18921 0.656177 0.761566 0.717954 0.498043 0.147062 0.0775805 0.126064 -0.0095131 
4.36518 3.68551 2.49784 1.2861 1.07611 0.836753 0.95638 0.452026 0.17156 0.0183502 0.0180119 -0.0235069 
3.16671 2.64441 2.0763 1.55155 1.2431 0.841062 0.66964 0.29619 0.127084 0.023685 0.0761877 -0.0442973 
4.04731 3.41133 2.46345 1.85586 1.38887 0.953343 0.790938 0.331389 0.0786446 -0.0203124 0.00220249 -0.0351816 
3.20963 2.84792 2.41296 1.94888 1.42255 0.84735 0.504298 0.198548 0.024781 0.00578664 0.023202 -0.0511098 
3.03285 2.50821 2.10036 1.67308 1.23905 0.820733 0.446722 0.174974 0.0825752 0.0312491 0.0640203 -0.0552341 
3.29179 2.89223 2.48244 1.90094 1.35508 0.770373 0.409459 0.175786 0.0638324 0.031124 0.0542735 -0.044289 
3.2687 2.87318 2.5365 2.03217 1.51971 0.839453 0.378992 -0.0133753 -0.110513 0.0176077 0.0845991 -0.0473849 
3.05971 2.64555 2.32028 1.81926 1.39278 0.954191 0.552224 0.227317 0.00940219 0.00193422 0.0471921 -0.0500743 
2.94363 2.3816 2.00356 1.62713 1.30523 0.980848 0.654621 0.4085 0.17051 0.0716776 0.0573928 -0.0528368 
3.43043 3.07084 2.67723 2.16968 1.68167 1.13394 0.582789 0.0761448 -0.0703929 -0.0569675 0.0808883 -0.0405068 
3.01978 2.57386 2.27121 1.83571 1.31263 0.839641 0.449498 0.261275 0.0985706 0.0392498 0.0734717 -0.0450699 
3.01267 2.57507 2.23477 1.80182 1.35181 0.880065 0.454946 0.232324 0.103287 0.10149 0.0764236 -0.0448434 
3.5973 3.22543 2.98692 2.17435 1.62538 0.911435 0.333077 0.0387715 -0.0589801 0.00734744 0.0683931 -0.0309515 
3.18853 2.77083 2.43996 1.91893 1.40138 0.872043 0.525823 0.23491 0.0383272 -0.00894977 0.0516035 -0.0411086 
3.05198 2.52261 2.0956 1.71468 1.29046 0.923327 0.550469 0.291987 0.0926098 0.0313788 0.0789118 -0.0412845 
5.01913 4.40226 3.10847 1.81178 1.74807 0.782087 0.27027 -0.103453 -0.426042 -0.718969 -0.0366495 -0.0396663 
3.48274 3.03664 2.61589 1.99708 1.33369 0.820062 0.451813 -0.0927628 -0.200646 -0.214749 0.0307844 -0.0425932 
3.27098 2.88384 2.53793 1.96459 1.46768 1.01822 0.418676 -0.121698 -0.235163 -0.153836 -0.0229107 -0.0514603 
3.61432 3.3882 2.87685 2.10189 1.37877 0.605785 0.152994 -0.412207 -0.421405 -0.266021 0.029433 -0.0486742 
3.56608 3.32463 2.78611 1.9908 1.35853 0.624561 0.370939 -0.238823 -0.335865 -0.118168 0.0191599 -0.0455306 
4.41042 4.14434 3.22493 1.59216 1.54749 0.71427 0.950894 -0.631372 -0.700589 -0.669898 -0.0341601 -0.0509083 
3.42965 3.16966 2.68166 2.06427 1.27479 0.788744 0.246031 -0.265278 -0.375462 -0.304533 0.0881891 -0.0551644 
3.37449 2.88973 2.37303 1.67641 1.05466 0.589073 0.381764 -0.12319 -0.22907 -0.0598085 0.0467073 -0.0376871 
3.58256 3.17878 2.75702 1.92058 1.23583 0.587603 0.0262785 -0.338159 -0.387453 -0.22121 0.0636938 -0.0353149 
4.69878 4.55068 3.25383 1.63851 1.20569 -0.00426562 0.919753 -0.848138 -0.466573 -0.745304 -0.0166969 -0.0273414 
3.94241 3.61188 2.78565 1.99022 1.2212 0.00308065 0.0219748 -0.317961 -0.254835 -0.243256 0.0756811 -0.0050126 
3.73025 3.45755 2.76008 1.87993 1.14795 0.438854 0.00664378 -0.390338 -0.292612 -0.212741 0.0340579 -0.0260634 
4.16613 3.99241 3.4378 1.96915 1.75334 0.628011 0.290326 -0.513081 -0.611906 -0.5927 0.0341637 -0.0504415 
4.0273 4.03353 3.28088 2.10997 1.62473 0.626549 0.143341 -0.307677 -0.533931 -0.667284 0.0514092 -0.0666429 
4.24214 3.86952 3.18314 2.09049 1.4139 0.617454 0.133457 -0.298141 -0.459397 -0.634014 0.060885 -0.0434693 
3.83797 3.44704 3.17757 2.08837 1.35081 0.699727 -0.0485478 -0.350372 -0.229799 -0.392851 0.0517076 -0.0440021 
4.01705 3.97834 3.34272 1.75787 2.08743 0.305046 0.0639595 -0.494227 -0.600117 -0.539517 0.00871457 -0.0628883 
3.77221 3.40672 3.01936 1.87759 1.50159 0.681051 0.0209113 -0.235006 -0.399956 -0.146702 0.0250218 -0.0444395 
3.99024 3.64507 2.8612 1.63288 1.39577 0.644322 0.161032 -0.412091 -0.35556 -0.280859 0.085107 -0.0222727 
3.89226 3.43957 3.16028 1.87399 1.48415 0.453741 0.109 -0.37637 -0.334149 -0.368767 0.0983484 -0.0283183 
4.32277 4.02508 3.44041 1.71967 1.36396 0.132157 0.421511 -0.542685 -0.391954 -0.417395 0.0248983 -0.022564 
3.8604 3.54823 3.3502 1.83916 1.1081 0.307006 0.0581875 -0.427595 -0.0701617 -0.227308 0.00614711 -0.0257727 
3.92546 3.60717 3.18832 1.44627 1.43973 0.544407 0.39546 -0.560454 0.0662922 -0.120792 0.0704132 0.00490405 
3.68389 3.33576 2.77003 1.56687 1.38859 0.471546 0.546572 0.0934039 0.00984426 -0.162487 0.0240828 -0.0322157 
3.62188 3.13293 2.50266 1.84956 1.54931 0.51633 0.591452 0.0220396 -0.140953 -0.00513413 -0.0155561 -0.0259497 
3.49165 3.12216 2.43592 1.95574 1.60972 0.736077 0.444609 -0.0099539 -0.0960225 -0.122165 -0.0982665 -0.0550524 
4.28036 3.45318 3.02055 1.70548 2.28423 0.158738 0.96097 -0.353574 -0.0233808 -0.299517 -0.0594408 -0.0189205 
3.6938 3.22368 2.85153 1.70748 1.94966 1.01802 0.553932 -0.124959 -0.0411048 -0.157432 0.0373025 -0.0317548 
3.23447 2.58416 2.09444 1.62306 1.55167 0.571631 0.607699 0.187833 0.0398412 0.043974 0.0530492 -0.0303394 
3.37107 3.05388 2.48889 1.89535 1.63528 1.22256 0.447668 0.348247 0.339175 -0.155597 0.0420193 -0.0341093 
3.97538 3.04628 3.07115 1.49985 1.4948 0.594851 0.240302 0.317801 0.265134 -0.082132 0.134966 0.000821571 
3.57306 2.83957 2.24387 1.57745 1.24164 0.382631 0.452592 0.145447 0.321743 -0.0370659 0.148212 -0.0131418 
3.07653 2.40051 2.09173 1.62044 1.11271 0.961754 0.383555 0.337203 0.00620186 -0.0444496 0.0849065 -0.0436946 
3.88202 3.34854 2.6474 1.52701 0.939655 0.347101 0.775824 0.101348 -0.300031 -0.322318 0.0884199 -0.0362723 
3.75542 3.29379 2.89193 1.15287 1.11617 0.420687 0.3533 -0.0893069 -0.539969 -0.180562 -0.00685368 -0.0473734 
3.46005 2.88086 2.86614 1.5865 1.22386 0.0603895 0.209872 -0.441346 -0.0137778 -0.115576 0.0198427 -0.0285302 
3.41125 2.995 2.3419 1.20392 0.822176 0.129302 -0.0320125 -0.0470321 0.049644 -0.136246 0.0162544 -0.0309974 
3.59919 3.25789 2.92554 1.33778 0.891099 -0.260073 0.365367 -0.114954 0.109811 -0.171017 0.00237843 -0.0149479 
3.71507 3.50914 2.75628 1.23632 0.9241 0.0236346 0.788691 -0.15392 0.295729 -0.291693 0.0612934 -0.019075 
3.63793 3.0493 2.5402 1.32033 0.978147 0.143577 0.580547 0.216996 0.352347 -0.447021 0.0519933 -0.0266605 
3.08692 2.55098 2.04027 1.4055 1.19688 0.734318 0.604417 0.165487 0.388119 -0.0112178 -0.0731543 -0.0212192 