2.75075 2.25481 1.98685 0.36469 0.36773 -0.22953 0.31235 -0.268195 0.450398 -0.140237 -0.0633158 0.027762 
4.34972 2.91668 1.71439 0.0262753 0.964345 0.666926 1.00804 -0.359208 0.0674753 0.142568 0.3378 0.107173 
3.17004 2.3773 1.63479 0.778019 0.791757 0.419378 0.62678 0.151251 0.238267 0.278879 0.287782 0.021482 
5.05149 3.6697 2.19445 -0.156468 1.46607 1.42881 1.35247 0.0744575 0.190887 0.382586 0.262441 0.14013 
4.44195 3.64599 2.31743 1.82166 1.65448 1.22873 1.57302 0.261402 0.285424 0.287528 0.149702 0.0429822 
4.4443 3.66078 3.10875 2.05602 1.96473 1.35498 1.28469 1.11099 0.648658 0.35219 0.0790137 0.0157901 
2.85286 2.38191 2.14582 1.85719 1.5149 1.17051 0.849666 0.577764 0.477215 0.342572 0.179775 0.0013867 
5.19228 4.2657 3.41563 1.96754 2.23131 1.46643 1.05373 0.603635 0.200217 0.222174 0.0699293 0.0127357 
3.26491 3.03247 2.75061 2.33712 1.87268 1.24679 0.834358 0.473079 0.264822 0.149829 0.15511 -0.000498652 
4.54406 3.92611 3.27022 2.25976 1.72641 1.31581 0.939779 0.127329 -0.282998 -0.181775 0.122428 0.00709608 
2.96327 2.49497 2.16346 1.85056 1.50173 1.12153 0.789571 0.429955 0.325766 0.200823 0.169784 -0.0169194 
4.10382 3.64492 3.18391 2.24841 1.85014 1.25021 0.726281 0.276469 -0.226407 -0.189229 0.175508 -0.00206918 
3.10239 2.75107 2.57814 2.21115 1.67839 1.25395 0.857879 0.504923 0.255998 0.104641 0.0329365 -0.020944 
3.41196 3.00945 2.69289 2.32326 1.78514 1.15711 0.59005 0.336327 0.103185 0.0872073 0.161425 -0.00790647 
3.16408 2.78178 2.54112 2.15202 1.67329 1.16558 0.725976 0.381642 0.120139 0.0997775 0.135759 -0.0171041 
3.82245 3.51916 3.19028 2.56807 1.8341 1.10916 0.590404 0.264613 0.0712105 -0.014675 0.134243 -0.00523261 
3.2757 3.00136 2.73263 2.44452 2.01636 1.53838 0.902514 0.403912 0.205873 0.0983322 0.0957076 -0.0105054 
3.33042 3.01068 2.67217 2.21342 1.76209 1.18506 0.838374 0.401784 0.198976 0.1116 0.134373 3.28019e-005 
3.22559 2.89122 2.61924 2.29258 1.8279 1.25546 0.913839 0.518447 0.223611 0.128615 0.0684284 -0.00258051 
4.73152 4.21156 3.44376 2.88044 2.58144 1.42168 1.15672 0.310399 -0.227768 -0.235442 0.0797724 -0.0031413 
3.36032 3.11414 2.9478 2.6147 2.08034 1.48582 0.984521 0.533989 0.246205 0.107998 0.0811044 -0.000661635 
3.34003 3.04124 2.85163 2.59876 2.21517 1.73309 1.33321 0.722443 0.32789 0.127012 0.0445003 0.00562017 
4.53428 4.29969 3.96006 3.24993 2.76254 2.09555 1.2819 0.628032 0.0957855 -0.10854 0.104289 -0.0128952 
3.25585 2.92624 2.75358 2.50238 2.08313 1.70333 1.14917 0.65573 0.319538 0.0885584 0.0329255 0.000386788 
2.99151 2.55028 2.30523 2.0329 1.74134 1.30233 0.868513 0.559847 0.29801 0.150349 0.0626674 0.00051051 
3.38735 3.11223 2.9442 2.59558 2.12336 1.62423 1.07174 0.653193 0.375785 0.123558 0.0393347 0.00296926 
4.61457 4.5168 3.99666 3.26866 3.01974 2.36047 1.5133 0.489223 -0.151477 -0.286272 0.114191 -0.0243822 
3.2096 2.93808 2.78795 2.58546 2.19646 1.69817 1.20975 0.740431 0.367407 0.146514 0.0515399 0.0137015 
3.02649 2.63277 2.40053 2.09335 1.80256 1.39414 0.985751 0.644426 0.382339 0.23813 0.119818 0.0224531 
3.52658 3.30503 3.14845 2.91007 2.51532 1.98935 1.24889 0.728598 0.29299 0.197804 0.167735 0.0248575 
3.51185 3.32356 3.1524 2.87829 2.52513 2.06838 1.34713 0.685503 0.318302 0.16483 0.240641 0.034492 
3.35098 3.10828 2.89648 2.70558 2.48522 2.01889 1.43448 0.946365 0.549414 0.248226 0.191262 0.0477267 
3.27588 2.97365 2.86266 2.57199 2.33123 1.94882 1.52508 0.977578 0.556687 0.32593 0.155867 0.0497225 
3.30986 3.00592 2.82192 2.68075 2.44803 2.07543 1.60629 0.981808 0.578719 0.320166 0.150861 0.0513725 
3.39618 3.15745 2.98248 2.80763 2.61116 2.24972 1.62651 1.10253 0.680092 0.334792 0.146686 0.0557595 
3.17644 2.89365 2.79092 2.65881 2.3473 1.98422 1.49723 1.05727 0.650454 0.316995 0.143509 0.05331 
3.09354 2.7769 2.69051 2.54186 2.27228 1.90234 1.43182 0.936784 0.572442 0.321274 0.128166 0.0476264 
3.01755 2.63343 2.43989 2.26504 1.95757 1.61327 1.20662 0.847922 0.555336 0.336363 0.1835 0.0456089 
3.02924 2.60426 2.39676 2.17095 1.9072 1.64165 1.24454 0.855242 0.553381 0.341294 0.175734 0.0465586 
3.09945 2.67938 2.52612 2.34334 2.12036 1.70657 1.29539 0.846872 0.440473 0.283903 0.12565 0.0406047 
3.23099 2.9311 2.82406 2.60676 2.27706 1.89262 1.31766 0.791158 0.439445 0.277524 0.113097 0.0344975 
3.06418 2.70443 2.4826 2.22336 1.88953 1.49966 1.09365 0.73431 0.443506 0.252323 0.122765 0.0262437 
2.9752 2.56499 2.34914 2.06398 1.70851 1.34599 1.02008 0.682368 0.420381 0.214689 0.0979734 0.0157093 
3.1282 2.79429 2.65255 2.37251 2.04373 1.59328 1.17172 0.804715 0.462753 0.180258 0.0418336 0.0156219 
3.96203 3.86523 3.56012 3.30637 2.88296 2.12962 1.35113 0.53085 0.125095 0.118423 0.144866 0.000150962 
3.45359 3.18213 3.01591 2.71976 2.2561 1.76243 1.19716 0.69213 0.376098 0.117372 0.0581881 0.00571478 
3.1733 2.80202 2.58269 2.23889 1.88292 1.47218 1.10739 0.67088 0.334641 0.137776 0.0486523 0.0061068 
3.33807 3.09781 2.93368 2.61013 2.1973 1.74802 1.22687 0.653432 0.262478 0.117191 0.0575919 0.00214555 
3.45519 3.22624 3.14635 2.89248 2.43107 1.83403 1.25275 0.764059 0.262027 0.115088 0.0850264 0.00387867 
3.44821 3.24691 3.07627 2.77682 2.29896 1.70955 1.1486 0.623989 0.328353 0.193192 0.0837291 0.0102095 
3.62777 3.38087 3.1572 2.75652 2.30679 1.84833 1.34484 0.709726 0.309214 0.141769 0.127865 0.0165536 
3.65327 3.38525 3.17661 2.83973 2.52109 2.17402 1.4913 0.718229 0.128353 0.092844 0.188787 0.0201764 
3.16193 2.75887 2.54387 2.38133 2.12748 1.85525 1.39291 0.826492 0.38946 0.142097 0.0739609 0.0246425 
2.97658 2.54044 2.28293 2.04747 1.82122 1.56821 1.14762 0.743047 0.386602 0.193365 0.10338 0.0185477 
3.13099 2.66369 2.43099 2.22851 2.02592 1.76171 1.31479 0.806262 0.36406 0.177122 0.103218 0.0221037 
4.4059 3.71789 3.34658 2.93624 2.93989 2.96837 1.95889 0.86612 -0.152113 -0.0831024 0.240274 0.042656 
3.20203 2.9029 2.71456 2.45254 2.17583 1.83539 1.30806 0.883382 0.543761 0.176562 0.0243611 0.0172516 
2.93828 2.58677 2.38582 2.15209 1.83245 1.4509 1.13503 0.747946 0.459879 0.201432 0.0621072 0.0102278 
3.14575 2.82246 2.6778 2.39936 2.00437 1.54693 1.11472 0.746366 0.440871 0.198959 0.0475248 0.0112216 
4.54092 4.26023 4.14003 3.76451 2.73247 2.06696 1.33946 0.594261 0.0735395 -0.184916 0.12496 -0.0185589 
4.04891 3.97534 3.95111 3.51306 2.76855 2.055 1.33692 0.407869 -0.0345058 0.0229466 0.13699 -0.0197889 
3.54285 3.31743 3.35414 2.94188 2.41066 1.85341 1.15937 0.665597 0.26461 0.101107 0.0923329 -0.00123495 
3.65294 3.39957 3.33663 3.00824 2.63965 1.99281 1.11788 0.61493 0.268003 0.0793965 0.111563 -0.00150627 
4.64754 4.27912 4.26497 3.84267 3.24284 2.27209 1.47995 0.433918 -0.159501 -0.160708 0.113901 -0.0304055 
3.3048 3.00296 2.97398 2.72127 2.35436 1.93227 1.36199 0.93205 0.420641 0.162607 0.0185529 0.0148249 
2.97305 2.57857 2.36761 2.05978 1.7842 1.45892 1.0583 0.702729 0.438823 0.244551 0.0812931 0.0189632 
3.35944 3.02298 2.96075 2.72041 2.34586 1.88116 1.40333 0.925021 0.496199 0.249864 0.0793137 0.0305669 
4.27482 3.96092 4.11481 3.73277 2.86784 2.27899 1.26954 0.61219 0.0798268 0.00052803 0.214569 0.00734631 
3.36273 3.13334 2.9596 2.69568 2.20076 1.62493 1.16463 0.747942 0.399588 0.116211 0.145334 0.0247202 
3.12702 2.79219 2.58897 2.29594 1.83634 1.37688 0.960347 0.583365 0.328527 0.149421 0.0820018 0.017772 
3.66269 3.55001 3.52991 3.32522 2.60444 1.6369 0.919219 0.37016 0.0442785 -0.0192094 0.146183 -0.0142826 
3.31418 3.05066 2.9084 2.58362 2.03455 1.5176 0.933232 0.416701 0.159982 0.0265602 0.0635308 -0.00410714 
3.63888 3.47479 3.27252 2.98982 2.31068 1.64191 0.917419 0.427514 0.183226 -0.00585784 0.0710994 -0.0135807 
3.89175 3.77428 3.72216 3.29602 2.67655 1.82471 1.07359 0.116171 0.0463626 -0.0947297 0.111024 -0.0303989 
3.15119 2.88177 2.69106 2.35471 2.04817 1.58968 1.11358 0.593737 0.257394 0.051071 0.00198328 -0.0114768 
3.01285 2.64801 2.44277 2.12292 1.72831 1.35751 0.92049 0.573419 0.334193 0.124309 0.0547643 -0.0122484 
3.16107 2.83109 2.61054 2.36192 1.91534 1.52864 1.06665 0.621239 0.322262 0.0703661 0.00850007 -0.0147204 
3.39322 3.06026 2.97447 2.5884 2.19216 1.44252 1.05079 0.67175 0.276547 0.0639802 0.0138896 -0.0171327 
2.87192 2.41547 2.13916 1.93886 1.61974 1.20094 0.868459 0.548006 0.269239 0.092196 0.00291692 -0.0250707 
4.21462 3.83033 3.49921 2.7875 2.26805 1.74768 1.02781 0.621504 0.271759 -0.189478 0.052554 -0.0230473 
2.969 2.54907 2.27447 1.88553 1.71091 1.21545 0.815522 0.471075 0.229094 0.06177 0.0351466 -0.0199177 
3.17947 2.84967 2.55144 2.40546 2.02658 1.37439 1.06104 0.587604 0.299939 0.151672 0.0641817 -0.00737163 
3.44258 3.18419 3.09246 2.86293 2.35154 1.80664 1.12255 0.758025 0.362117 0.0723073 0.0384484 -0.00803309 
3.24199 2.9215 2.7567 2.4678 2.13942 1.67949 1.17015 0.81051 0.496489 0.1711 0.0416076 0.0120803 
3.07062 2.66575 2.47346 2.21696 1.89974 1.48431 1.15238 0.834001 0.529977 0.298844 0.153939 0.0350018 
2.99498 2.62191 2.37352 2.2891 1.99438 1.60199 1.31196 0.929969 0.565763 0.30497 0.146086 0.0468965 
4.03187 3.82682 3.89939 3.44864 2.99932 2.18566 1.55926 0.924843 0.532879 0.210325 0.298197 0.0551836 
3.31178 3.00423 2.84225 2.76097 2.31088 1.98226 1.44256 1.03899 0.664869 0.354923 0.233211 0.0658773 
3.08865 2.75523 2.62811 2.34279 1.98325 1.66228 1.24416 0.935615 0.629321 0.383464 0.239956 0.059327 
2.94487 2.5029 2.34148 2.08255 1.86748 1.49531 1.1621 0.905076 0.558072 0.326268 0.126946 0.040792 
3.48705 3.24205 3.25772 2.77725 2.55926 1.95737 1.3321 1.01279 0.522736 0.317091 0.15187 0.0410327 
3.0065 2.59307 2.44085 2.12092 1.80654 1.45111 1.13177 0.839509 0.585793 0.270395 0.115814 0.0366606 
3.30429 2.9758 2.86493 2.78924 2.40541 1.96683 1.32843 0.92292 0.680772 0.306399 0.172379 0.053371 
3.7487 3.46483 3.33305 2.71393 2.29037 1.70305 1.35617 1.0577 0.445884 0.357067 0.174235 0.0483151 
3.29935 3.05623 2.91506 2.57108 2.17337 1.64276 1.23797 0.91633 0.487046 0.282105 0.148161 0.0417794 
2.97889 2.50592 2.3934 2.00358 1.73329 1.49074 1.0795 0.804921 0.506413 0.269156 0.135367 0.0322362 
3.1056 2.84351 2.733 2.45779 2.09463 1.72958 1.19253 0.92659 0.572601 0.251364 0.0905656 0.0348328 
4.73222 3.72391 4.51774 2.61433 2.86035 0.732995 1.20089 0.336081 1.16275 -0.00795374 0.0747329 0.0899612 
3.07046 2.73943 2.52896 2.37799 2.00392 1.55084 1.2673 0.814627 0.545108 0.36698 0.173658 0.0461802 
3.96802 3.73858 3.92451 3.20525 1.99511 1.70266 1.44565 0.349173 1.03127 0.167499 0.185448 0.0532894 
3.16587 2.79336 2.65565 2.3262 1.96809 1.71798 1.23361 0.670819 0.612612 0.295619 0.131951 0.0370062 
4.16928 3.78973 4.07576 2.73977 2.17017 1.21811 1.45019 0.618823 0.762446 -0.0563603 0.190769 0.0412593 
2.98881 2.56256 2.37879 1.90068 1.52907 1.36815 1.04265 0.663034 0.39369 0.241348 0.0923333 0.0208083 
3.35524 2.80751 2.69609 2.27626 1.69514 1.30049 1.0174 0.521066 0.318186 0.266583 0.086356 0.0217124 
3.1626 2.70396 2.50392 2.14794 1.83784 1.52987 1.15593 0.968543 0.541528 0.269544 0.148161 0.0405722 
3.66907 3.24064 3.46253 2.39962 1.79873 1.39465 1.42915 1.07104 0.89305 0.501692 0.112336 0.0600256 
3.28257 2.81568 2.5095 2.21941 1.81965 1.38676 1.29211 0.952657 0.927165 0.428922 0.180485 0.0594535 
3.22139 2.90801 2.72797 2.34311 2.10606 1.63817 1.17593 1.06653 0.739824 0.351942 0.258062 0.064267 
2.98744 2.5315 2.26604 2.03631 1.71901 1.34795 1.20895 0.906519 0.470867 0.396947 0.195224 0.050567 
2.95862 2.59915 2.42707 1.96764 1.58034 1.00534 0.91213 0.519739 0.329224 0.160937 0.0848657 0.0270507 
3.38084 2.8755 2.84685 2.27283 1.65894 1.40625 1.13271 0.733162 0.372251 0.255204 0.0655597 0.0279734 
3.82648 3.48018 3.4285 1.90739 1.74029 1.5724 1.14127 0.359838 0.565526 0.330643 0.0537064 0.037031 
3.61379 3.19512 3.28225 2.59351 2.03338 0.972033 1.36891 0.784163 0.392784 0.323368 0.188552 0.0497457 
3.02664 2.64304 2.64493 2.20451 1.95203 1.65266 1.18072 0.762793 0.559738 0.353752 0.176596 0.0452355 
3.56015 3.15866 2.73696 2.33885 2.16154 1.35516 0.974652 0.745614 0.608798 0.173521 0.259547 0.0502692 
3.22965 2.85867 2.9546 2.1733 1.66557 1.28839 1.42592 0.878663 0.659533 0.176542 0.129002 0.0379292 
3.3539 2.9744 2.72111 2.05536 1.61443 1.13801 1.18539 0.545643 0.755248 0.0232999 0.0716751 0.0159594 
3.62211 3.05825 3.2627 2.30752 1.27983 0.956719 1.30361 0.595237 0.892442 0.188018 0.0233222 0.0247497 
3.4895 3.0714 3.0647 2.20135 1.42501 1.39957 1.39613 0.462341 0.8755 0.144535 0.0256203 0.0210283 
3.25497 2.73052 2.40901 1.75253 1.67187 1.03413 0.734233 0.905884 0.749227 0.209259 0.116821 0.0274837 
3.57395 3.39021 3.00249 2.10386 1.40314 1.01004 0.910017 0.670724 1.15245 0.260712 0.129718 0.0501105 
3.65293 3.00692 2.73148 1.75394 1.43032 0.414112 1.10869 0.333985 0.69023 0.412255 -0.0108509 0.0286737 
3.32671 3.23277 2.52229 1.76003 1.23361 -0.0972115 1.07217 0.937166 0.580442 0.121894 0.0530185 0.0215763 
2.93184 2.26343 2.06863 1.57851 1.56594 0.384502 0.633299 0.359782 0.144656 0.0527238 0.0195841 0.020433 
3.61536 3.172 3.11719 0.91502 1.79945 -0.278197 1.22455 0.256667 0.642331 0.11829 0.0831085 0.0653587 
3.22654 2.93045 2.67876 1.57537 1.4644 0.277457 1.17249 0.389741 0.42607 0.187392 0.101491 0.0321894 
3.16892 3.05717 2.68541 1.65719 1.30669 0.329863 1.21002 0.411449 0.425827 0.304008 0.156157 0.0387444 
3.07089 2.61718 2.45978 1.47057 1.42792 0.494828 0.521512 0.42176 0.534528 -0.0928682 0.179768 0.0152261 
3.163 3.1512 2.74492 1.12295 1.3724 0.492784 0.845323 0.413817 0.190652 0.0567035 0.141383 0.0140837 
3.13389 2.87104 2.38299 1.12104 0.834796 0.602127 1.01677 0.551684 0.347232 0.0832228 0.13607 0.0201976 
3.29064 2.70798 2.78094 1.1473 0.857801 0.742445 0.969581 0.509488 0.186145 0.362866 0.159987 0.0264034 
3.07647 2.7767 2.28637 1.23137 1.251 0.883776 1.03367 0.417515 0.472891 0.28193 0.256612 0.0384128 
3.08967 2.81754 2.70083 1.20826 0.608863 0.619276 0.891085 0.646549 0.801036 0.422464 0.274093 0.0515508 