3.132 2.36195 1.99551 0.60364 -0.10965 0.106288 -0.101499 0.0872214 0.32081 -0.155428 0.181669 0.0240688 
3.2077 2.30129 1.95636 0.353025 0.32122 0.154733 -0.258017 -0.214871 0.509643 0.0681198 0.0983198 0.0301974 
4.58082 2.71289 0.835051 -0.356103 0.121341 0.547264 0.153957 -0.369357 0.261597 0.325347 0.356977 0.113368 
5.50497 2.88418 0.472088 -0.971742 0.499735 0.64064 1.08312 -0.299151 0.172015 0.256417 0.476895 0.218568 
4.66449 3.04457 1.22863 0.112616 0.4532 1.06625 0.960687 0.301357 0.0940041 0.32542 0.604231 0.202672 
3.15074 2.45835 1.64848 0.98927 0.815567 0.787933 0.547071 0.420302 0.368921 0.461377 0.445524 0.0407319 
4.00663 3.24585 2.19352 1.34121 1.33052 1.13426 0.549852 0.116114 0.134118 0.383379 0.391697 0.0841801 
4.22276 3.4663 2.52245 1.90344 1.22451 0.850123 0.583338 0.115264 0.362105 0.325917 0.259682 0.0585886 
4.60904 3.77997 3.00208 1.8295 1.68137 0.812343 0.391786 -0.0373681 0.435286 0.400801 0.190558 0.0596078 
3.2551 2.84289 2.43803 1.95417 1.59677 1.18211 0.806551 0.565022 0.368869 0.348285 0.233691 0.0246625 
4.1525 3.8029 3.17829 2.27988 1.69347 1.11481 0.650201 0.630079 0.563315 0.428082 0.141997 0.0445946 
3.01051 2.51206 2.28076 2.04698 1.74047 1.34862 1.08237 0.833733 0.525059 0.332715 0.160281 0.020678 
3.27297 2.85812 2.63116 2.25672 1.78465 1.39675 1.19059 0.845916 0.567768 0.27364 0.185695 0.0315959 
3.49195 3.12904 2.81211 2.52382 2.00675 1.42468 1.01943 0.759576 0.535601 0.284618 0.169038 0.0325141 
3.06384 2.67997 2.4596 2.14499 1.75445 1.28831 0.946534 0.714412 0.452534 0.319241 0.192021 0.0234227 
3.1585 2.76127 2.5318 2.20689 1.81248 1.33113 0.944239 0.622436 0.424944 0.282658 0.20062 0.0236848 
3.27796 2.88688 2.66583 2.29779 1.8343 1.30023 0.856887 0.605847 0.341755 0.277891 0.22392 0.0258759 
3.402 3.06294 2.81007 2.29566 1.77336 1.35088 0.964143 0.468373 0.337956 0.254236 0.236493 0.0280068 
3.06453 2.66111 2.38676 2.08127 1.70046 1.36545 1.01293 0.702715 0.420043 0.276183 0.191341 0.0166556 
3.09583 2.74153 2.6016 2.38359 2.01833 1.64434 1.17191 0.787238 0.449444 0.249836 0.0755691 0.0141398 
3.33356 3.0026 2.75322 2.37323 1.96472 1.55019 1.15805 0.765988 0.469463 0.275881 0.135335 0.021301 
3.21158 2.9331 2.66255 2.26753 1.85926 1.30255 1.0262 0.638523 0.500127 0.270554 0.149266 0.0162228 
3.30464 2.92264 2.59744 2.03153 1.54607 1.11095 0.741983 0.44875 0.296903 0.244418 0.240682 0.0175859 
2.91122 2.45565 2.14457 1.7431 1.42243 1.11844 0.667773 0.355912 0.187012 0.116096 0.110331 -0.0182905 
4.39751 4.00678 3.20578 2.07167 1.31531 1.49572 0.607439 -0.0315896 -0.210971 -0.224162 0.164081 0.0213598 
3.80311 3.44619 3.07511 2.41095 1.86928 1.48597 0.886151 0.26491 8.92412e-005 0.0276924 0.215575 0.0115747 
2.93975 2.49869 2.25942 1.89483 1.58916 1.22678 0.921756 0.622257 0.398993 0.219077 0.127734 -0.00830818 
3.15907 2.78586 2.66193 2.28073 1.85114 1.50081 1.04395 0.675447 0.461255 0.230063 0.115442 0.00762122 
3.51274 3.30864 3.05112 2.57769 1.98685 1.35503 0.843263 0.446585 0.279406 0.216221 0.170166 0.0137632 
4.31997 4.03579 3.84471 3.03486 2.19945 1.27212 0.899791 0.0161438 0.219685 0.11519 0.0704676 0.00639131 
2.87157 2.4088 2.1818 1.85778 1.58515 1.1652 0.830183 0.599921 0.383503 0.268612 0.126532 0.00934105 
3.27523 2.93713 2.6682 2.2392 1.88957 1.2739 0.857892 0.59717 0.246022 0.177963 0.121994 0.013837 
3.48944 3.21637 3.16044 2.66557 1.99652 1.4685 0.757038 0.60305 0.313432 0.181886 0.159778 0.0151342 
3.52325 3.2163 2.8671 2.47286 1.9149 1.32693 0.912557 0.544141 0.224974 0.209925 0.161025 0.0129143 
3.00973 2.56588 2.32402 1.99988 1.68231 1.23665 0.872511 0.621104 0.350119 0.244198 0.180386 -0.00351339 
3.65249 3.45226 3.17025 2.48624 1.94086 1.25802 0.533927 0.275358 0.0254286 0.0818077 0.189093 0.000897582 
3.74425 3.66246 3.10598 2.54478 1.83106 1.22794 0.628954 0.0153227 0.0671708 -0.0685487 0.181172 -0.00701443 
3.34676 2.92959 2.52238 2.1441 1.69187 1.27439 0.86006 0.466607 0.215484 0.164058 0.134669 -0.00415855 
3.05631 2.65901 2.46614 2.11638 1.77926 1.27045 0.89141 0.556503 0.297474 0.180872 0.0505403 -0.00952685 
3.80321 3.42796 3.02576 2.4776 2.03064 1.63199 1.32352 0.583209 0.388754 0.104737 0.102531 0.00908135 
3.92406 3.87745 3.42143 2.90746 2.40951 1.76846 1.51342 0.680756 0.449851 0.0378273 0.135219 0.00822455 
3.01055 2.64838 2.49847 2.20217 1.92665 1.58034 1.12414 0.679821 0.411362 0.175059 0.0509619 0.0117104 
2.99783 2.54492 2.2946 2.03242 1.68747 1.35689 1.02498 0.649044 0.382528 0.162295 0.0799978 0.00796738 
3.81314 3.49001 3.36654 2.91333 2.35265 1.75071 1.40571 0.536912 0.206957 0.0627589 0.160979 0.00870616 
3.63091 3.28814 3.06977 2.71375 2.54357 1.87789 1.46492 0.881741 0.434916 0.137709 0.101917 0.017017 
3.09688 2.73051 2.52861 2.3685 2.05422 1.59565 1.13919 0.728294 0.443709 0.207897 0.0924709 0.0167846 
3.10898 2.75414 2.53914 2.26874 1.94644 1.57456 1.17429 0.875095 0.541027 0.28126 0.0728768 0.022635 
3.52341 3.35525 3.10127 2.96504 2.75582 2.3139 1.73129 1.00575 0.651336 0.210547 0.0800683 0.0296621 
3.17373 2.87253 2.71989 2.60021 2.2032 1.76394 1.27255 0.848504 0.484464 0.179156 0.0543035 0.0164367 
4.07864 3.65272 3.76962 2.96042 2.81965 2.35289 1.81782 1.04484 0.543478 0.0593536 0.168061 0.0237782 
3.22103 2.85987 2.71383 2.47804 2.23527 1.85343 1.36803 0.86274 0.413798 0.174552 0.0165596 0.012741 
2.99239 2.56073 2.42391 2.14558 1.94052 1.65344 1.19106 0.777426 0.405808 0.149012 0.0217305 0.0079246 
3.1984 2.81801 2.56901 2.49256 2.20267 1.78748 1.42574 0.834014 0.402177 0.192304 0.0672137 0.0191992 
4.23413 3.83341 3.13457 2.9582 2.84928 2.18961 1.68877 0.941878 0.620758 0.0562779 0.154107 0.0235655 
3.14041 2.80828 2.64072 2.43809 2.07292 1.72518 1.29381 0.875925 0.48987 0.271864 0.0685075 0.0245164 
3.00772 2.58879 2.39083 2.1432 1.92111 1.49588 1.15032 0.883647 0.594795 0.272158 0.0757284 0.0217413 
3.20634 2.83486 2.62158 2.37287 2.05539 1.7428 1.38013 0.79941 0.565654 0.249815 0.0837587 0.0260651 
3.70777 3.28625 3.1752 2.82311 2.37113 2.12929 1.4289 0.908361 0.542752 0.199525 0.0832079 0.0200827 
3.09615 2.72554 2.41362 2.03867 1.83041 1.39636 0.948989 0.825072 0.52156 0.209186 0.0996864 0.0083211 
3.91184 3.47146 2.94906 2.57104 2.50768 1.66668 1.11702 0.381146 0.330351 0.194528 0.0861867 0.00301385 
2.90439 2.46115 2.2398 1.98497 1.61403 1.15875 0.729741 0.49188 0.339721 0.196681 0.147873 -0.0175593 
3.22415 2.87357 2.47846 2.37051 1.87278 1.37875 0.716035 0.652744 0.433293 0.0998511 0.0941951 -0.00968652 
2.95531 2.46527 2.08778 1.74795 1.40568 1.05452 0.76467 0.49308 0.367107 0.248777 0.143323 -0.0213031 
3.92934 3.38839 3.13884 2.60165 2.68134 1.23013 0.584674 0.350548 0.328783 -0.0662138 0.117458 -0.0112716 
3.23642 2.8223 2.50275 2.19073 2.00176 1.28717 0.75425 0.574901 0.395286 0.16222 0.117218 -0.00305502 
3.54979 3.2836 2.99892 2.5658 2.02567 1.49976 0.924334 0.517073 0.410253 0.111215 0.133059 0.0107353 
2.90792 2.47757 2.2462 2.02196 1.70625 1.25939 0.889463 0.641011 0.428614 0.244016 0.159659 0.0129353 
4.19022 3.87216 3.73362 3.49367 2.56295 1.25486 1.10041 0.426807 0.085806 0.10579 0.1578 0.0168405 
3.94859 3.58341 3.53093 3.19599 2.6505 1.62353 1.34413 0.914111 0.353204 0.440618 0.120079 0.0326851 
4.43046 3.94308 3.54993 3.25573 2.81249 1.441 1.25431 0.909667 0.29237 0.0211786 0.16759 0.0267634 
3.06683 2.70033 2.47276 2.2237 1.88166 1.49168 1.04139 0.683072 0.458059 0.26477 0.132372 0.021427 
3.50315 3.28379 3.08261 2.70992 2.21293 1.65336 1.17823 0.70037 0.288615 0.215634 0.18398 0.0271291 
4.01365 3.8135 3.54963 3.15702 2.61641 1.53407 1.09791 0.442576 -0.0724076 -0.0157882 0.215537 0.0113362 
3.40673 3.17878 3.02434 2.58404 2.213 1.6588 1.23316 0.738704 0.375027 0.270397 0.149571 0.0283623 
2.93297 2.53554 2.38902 2.1716 1.83077 1.48133 1.06764 0.757128 0.500247 0.273965 0.158199 0.0233678 
3.35839 3.22868 3.13469 2.90404 2.46955 1.98753 1.42081 0.877866 0.480638 0.265488 0.132332 0.0300401 
3.72429 3.37851 3.55789 3.16015 2.57856 2.07623 1.31849 0.816154 0.444245 0.240589 0.192183 0.0319414 
3.43119 3.16622 2.90979 2.57581 2.20134 1.66849 1.29814 0.837186 0.503702 0.334356 0.143076 0.0408168 
2.97068 2.58251 2.38265 2.09846 1.82034 1.40876 1.10021 0.787336 0.462679 0.294148 0.148097 0.0360206 
3.77484 3.81632 3.60981 3.29039 2.43725 1.67388 1.03954 0.548834 0.423768 0.137292 0.135911 0.0172302 
3.56196 3.37714 3.16025 2.80476 2.0876 1.55813 0.917076 0.532497 0.17377 0.0888545 0.0882909 0.00431555 
3.60809 3.36572 3.18772 2.802 2.28626 1.43341 1.00128 0.463088 -0.0188641 -0.164245 0.071475 -0.0216029 
3.73732 3.69194 3.20474 2.74579 2.31089 1.44093 1.08802 0.414205 -0.00441725 -0.134119 0.0943213 -0.0203895 
3.97885 3.93329 3.56626 2.55718 1.94781 1.70278 1.1453 0.500852 -0.139225 -0.299696 0.122062 -0.0322535 
3.33064 2.99474 2.69858 2.38545 1.88834 1.55095 1.16477 0.683531 0.212131 -0.069746 0.0138469 -0.018453 
3.75093 3.59544 3.84911 2.96945 2.64575 1.44252 1.23456 0.408913 0.317468 0.0601605 0.0623077 -0.01288 
3.46925 3.23089 3.12578 2.61403 2.03395 1.31234 1.08856 0.597111 0.214759 0.212272 0.0473818 -0.0021236 
4.11988 4.05397 4.03993 2.98505 1.94899 1.3087 1.23473 0.495191 0.20086 0.214873 0.0656241 0.00386446 
4.02812 3.63008 3.58496 2.75738 2.10011 1.62215 0.874671 0.691896 0.325759 0.199471 0.109561 0.0184074 
3.55388 3.33289 3.06403 2.5906 2.02945 1.64998 0.925746 0.543186 0.251662 0.145475 0.0841019 0.0108317 
3.5467 3.29864 3.14958 2.62123 2.2133 1.58231 0.97508 0.487859 0.231739 0.182684 0.11025 0.0111154 
3.64868 3.38546 3.13272 2.82271 1.86585 1.42536 1.08423 0.648823 0.326017 0.0782522 0.0799038 0.00409726 
3.45317 3.21761 2.82717 2.51871 1.91116 1.36296 0.956574 0.467731 0.18904 0.109713 0.124789 0.0101757 
3.41991 3.13996 2.92527 2.61731 2.034 1.40529 0.666563 0.476807 0.224002 0.236991 0.112209 0.0166041 
3.18594 2.95273 2.57873 2.29856 1.87479 1.24592 1.1044 0.508189 0.430552 0.125264 0.0976969 0.0197524 
3.39919 3.11779 2.97087 2.49427 2.14137 1.80671 1.25095 0.562409 0.386151 0.153241 0.0876121 0.0173903 
3.48462 3.29856 3.12302 2.53562 2.08113 1.7447 0.843825 0.537102 0.450081 0.259892 0.11329 0.0245286 
3.72314 3.55915 3.50021 3.18469 2.52437 1.8042 1.22144 0.408496 0.54606 0.318893 0.0789109 0.0169133 
3.37319 3.09759 3.00802 2.56595 2.34631 1.8376 1.2321 0.690003 0.567551 0.21198 0.0390227 0.0172567 
3.44923 3.15754 3.08391 2.6402 2.3481 1.57803 1.46989 1.02161 0.740272 0.213017 0.0605227 0.0286979 
3.64543 3.43847 3.33921 1.93575 2.27684 1.66951 1.1277 1.34048 0.758937 0.0537764 0.116888 0.0133949 
3.25004 2.80299 2.71228 2.08968 1.85895 1.45105 1.31415 0.79338 0.542959 0.220938 0.0473397 0.017802 
3.37985 3.39352 3.00405 1.98972 2.11311 1.47757 1.20696 0.69671 0.633322 0.160388 0.133481 0.0238962 
3.91595 3.44611 3.56217 1.65848 1.74088 0.832256 1.4174 0.771624 0.8875 -0.347091 0.231245 0.027816 
3.43086 3.0641 2.91441 2.09639 1.30102 1.10916 1.16834 0.874753 0.604132 0.0432108 0.0898283 0.00269147 
3.20801 2.8443 2.75405 2.10134 1.61731 1.32776 1.05576 0.449844 0.381779 0.181104 0.113081 0.00410789 
3.21088 2.65396 2.49916 2.11093 1.60359 1.56735 0.999152 0.867398 0.349427 0.10349 0.103655 0.0103445 
3.3458 2.91277 2.99737 1.87877 1.78721 1.08945 1.12172 0.90493 0.623018 0.272593 0.0995484 0.0292203 
3.41547 3.0926 3.00475 1.78297 1.9327 1.15257 1.11345 0.459936 0.603883 0.241745 0.140943 0.0387874 
3.46037 3.05876 3.20605 2.12938 1.59112 1.01625 1.22282 0.487109 0.475692 0.0714135 0.245645 0.0406744 
3.19518 2.78747 2.68998 2.00032 1.66228 1.22895 1.05065 0.514133 0.4971 -0.0248527 0.088301 0.0186592 
3.24751 3.09424 2.22918 1.52779 1.81952 0.296412 1.28659 0.533554 0.391432 0.0380132 0.171143 0.0316671 
3.65804 3.14371 2.73075 1.5719 1.34947 0.265931 1.47752 0.440981 0.381339 -0.0479769 0.110163 0.0163091 
3.78071 3.15073 2.78741 1.36597 1.5925 -0.0730444 1.13599 0.638957 0.680885 -0.200375 0.0251118 0.00443888 
3.60407 2.98324 3.06295 0.879678 1.59478 -0.0942679 1.32321 0.450316 0.30022 -0.151036 -0.027704 -0.00381636 
3.70854 2.96436 3.01989 1.49533 1.69484 0.313527 1.14175 0.37025 0.417609 -0.13082 0.0253012 0.0148824 
3.25715 2.82983 2.60557 1.77549 1.47153 0.674556 0.924304 0.407822 0.502367 -0.000611507 -0.0027129 0.00559949 
3.64947 3.32568 3.40793 1.60164 1.80165 0.257009 0.82075 0.42872 0.316418 0.13281 0.0727818 0.0276939 
3.55383 2.92972 3.00291 1.13397 1.6243 0.933683 1.45257 0.253086 0.39997 0.228975 0.134306 0.0413748 
3.58047 3.12819 2.89786 1.2429 1.83675 1.09565 0.50557 0.381896 0.725029 0.350874 0.0209748 0.0245087 
3.18534 2.62579 2.27452 1.35171 1.61852 0.907685 0.746218 0.325075 0.351756 0.264276 0.049067 0.0113253 