3.21639 1.97881 1.76227 -0.107711 -0.295795 -0.67587 0.432734 -0.28202 0.666458 0.215956 -0.145237 -0.00794106 
3.12955 1.96062 1.64547 0.218564 -0.251592 -0.747559 0.425268 -0.304521 0.969002 0.410311 -0.000725767 0.0178597 
3.11769 1.92925 1.58085 0.801388 -0.274987 -0.764996 0.33061 -0.371808 0.682876 0.113973 -0.0730631 -0.0332577 
2.91251 1.6701 0.730666 0.68349 0.19995 -0.201027 -0.0395851 0.017923 0.580111 -0.155148 0.172415 -0.024676 
4.81174 3.26791 1.05112 0.127379 0.270654 -0.402432 1.08809 0.953177 0.523289 -0.0624988 0.399401 0.12332 
5.37969 3.54802 1.2865 -0.240135 0.57467 -0.208635 1.99668 0.93276 0.315303 0.296082 0.293809 0.15689 
3.21495 2.55731 1.88171 1.29217 0.938218 0.805668 0.691197 0.54207 0.342914 0.20699 0.234395 0.0151649 
5.5913 3.8233 2.10798 0.383152 1.17494 0.159693 1.24985 0.66115 0.265984 0.115943 0.155522 0.0781968 
4.21383 3.68427 2.74059 1.74625 1.26224 0.803065 0.791481 0.273642 0.162427 0.098733 0.24921 0.0488207 
3.58386 3.23623 2.73703 2.08888 1.60898 1.11042 0.617766 0.308423 0.172177 0.222792 0.235731 0.025871 
3.13849 2.71236 2.29103 1.85127 1.48393 1.12323 0.740093 0.382311 0.237831 0.221707 0.220824 0.00279513 
4.87529 4.15679 3.00239 1.89803 1.60778 1.20935 0.884912 -0.0498787 -0.445965 -0.514636 0.126304 0.0288271 
3.4166 3.0922 2.76625 2.19162 1.70735 1.13052 0.570337 0.114631 -0.0544305 0.0373295 0.239863 -0.00298843 
3.77168 3.39638 2.9301 2.43444 1.73446 0.933388 0.224098 -0.27329 -0.343015 -0.0325771 0.273041 0.00810681 
3.22751 2.79959 2.41306 1.97135 1.41155 0.914527 0.414852 0.207394 0.195472 0.199386 0.223382 -0.00431743 
4.80137 3.84977 2.67514 2.20917 1.91031 1.03735 0.638262 -0.118637 -0.269117 -0.465761 0.147467 0.0264192 
3.01119 2.60353 2.32861 2.03214 1.70324 1.13247 0.743868 0.406873 0.191075 0.171408 0.0959428 -0.0179194 
4.94188 4.08116 2.70741 2.12661 2.05625 1.63865 1.07486 -0.0396538 -0.426129 -0.564419 0.105081 0.0248521 
3.44642 3.00702 2.54752 2.06226 1.68034 1.30654 0.754233 0.30325 0.116552 0.165674 0.236231 0.0134635 
3.62563 3.22852 2.71977 2.08154 1.51883 1.16134 0.930986 0.277911 0.167631 0.0988947 0.261626 0.0220123 
3.04927 2.57674 2.27536 1.99448 1.60252 1.19335 0.885163 0.400261 0.289907 0.149191 0.179661 -0.00610937 
3.54536 3.14654 2.73224 2.16894 1.71192 1.24302 0.560538 0.27599 0.0159736 0.0602856 0.223379 0.00602198 
3.08412 2.63723 2.21423 1.86973 1.5011 1.07984 0.816618 0.522749 0.347388 0.221007 0.169709 -0.00757389 
3.36532 2.83723 2.42577 1.98111 1.40477 1.17376 0.795241 0.579012 0.361151 0.271051 0.164259 0.00674413 
3.10074 2.72208 2.50094 2.09279 1.64908 1.22324 0.841678 0.530345 0.264084 0.196193 0.195916 -0.00309446 
3.23551 2.83411 2.56368 2.086 1.54672 1.10499 0.825736 0.609039 0.358019 0.255897 0.111243 -0.0018183 
3.61811 3.27948 2.61143 2.14048 1.77443 0.987791 0.676581 0.202069 0.100252 0.0943454 0.215281 0.00804892 
3.3112 2.84143 2.37019 2.14673 1.77986 1.26096 0.850082 0.368538 0.113733 0.0465672 0.201469 -0.00979682 
3.03709 2.50111 2.22556 1.86473 1.57755 1.33879 0.924597 0.58628 0.284983 0.092493 0.1371 -0.018522 
3.57831 3.0916 2.63148 2.26912 2.18628 1.61079 1.21424 0.595995 0.0117866 -0.0332974 0.173709 -0.000240389 
3.23355 2.89476 2.58158 2.30848 2.04622 1.42499 1.04646 0.679047 0.345532 0.156185 0.0573233 -0.00681657 
3.34529 2.90999 2.61229 2.24004 1.72766 1.54019 1.07999 0.753311 0.434147 0.0700001 0.0640381 -0.00538415 
3.88876 3.4814 3.1599 2.37299 2.22458 1.54313 0.858351 0.345564 0.306418 -0.0360619 0.11893 -0.00281312 
3.1654 2.82037 2.539 2.23607 1.89125 1.26167 0.851138 0.528996 0.184183 0.0594806 0.0950191 -0.00972326 
3.12071 2.78716 2.52488 2.14103 1.69896 1.23601 0.777111 0.412722 0.19778 0.110604 0.128877 0.00221136 
3.75845 3.36184 3.30682 2.64325 1.76138 1.3569 0.966521 0.383929 0.232367 0.0664359 0.1812 0.0197947 
3.5819 3.4615 3.18903 2.76217 2.44764 1.73385 1.15745 0.71766 0.402022 0.189949 0.155791 0.0240328 
3.1664 2.82774 2.67744 2.38319 2.17469 1.84182 1.38992 0.886515 0.497327 0.229829 0.106854 0.0331993 
3.10245 2.84119 2.62093 2.40022 2.13209 1.84208 1.33103 0.898222 0.563105 0.330847 0.0944645 0.0381492 
3.43457 3.13549 3.0618 2.75805 2.45092 2.11933 1.52904 1.02683 0.537753 0.270404 0.120854 0.0390732 
3.31131 3.03261 2.81709 2.59862 2.2593 1.99495 1.5171 0.989658 0.480999 0.188847 0.0942779 0.0316499 
4.39425 4.15284 3.76962 2.66045 2.73102 2.01161 1.75228 0.624538 0.0133056 0.0694815 0.161772 0.0230816 
3.04185 2.7039 2.45979 2.16996 1.82815 1.44815 1.02661 0.7127 0.463301 0.230923 0.0779384 0.0175419 
3.00992 2.54864 2.32181 2.05613 1.77836 1.41403 1.13095 0.729019 0.396294 0.231044 0.101379 0.0164031 
3.51171 3.25882 3.06566 2.72683 2.24331 1.67732 1.27956 0.825051 0.421613 0.216617 0.0731919 0.0159413 
3.5183 3.21139 3.11502 2.7815 2.36839 1.80469 1.28147 0.777656 0.45418 0.159056 0.113361 0.0174496 
3.08671 2.76176 2.5523 2.35126 2.05611 1.74885 1.31322 0.819671 0.495579 0.199218 0.0605331 0.019341 
3.07845 2.71274 2.54083 2.21481 1.95572 1.56238 1.15387 0.834776 0.509246 0.230733 0.0907405 0.0184251 
3.30962 2.98346 2.86613 2.70592 2.33224 1.91611 1.4473 0.90265 0.470675 0.173348 0.0814514 0.0211623 
3.14626 2.85074 2.65085 2.35389 2.0416 1.66983 1.3443 0.865125 0.506569 0.202887 0.0262685 0.0153582 
3.85116 3.56408 3.32266 2.9183 2.69028 2.13305 1.55634 0.728915 0.506103 0.178791 0.120962 0.0186772 
3.11349 2.72583 2.48589 2.19244 1.95033 1.53478 1.2759 0.879221 0.470872 0.203402 0.0521485 0.0140887 
3.06918 2.71045 2.61028 2.41835 2.18143 1.77125 1.36401 0.960237 0.576611 0.229498 0.0251497 0.023859 
3.11554 2.77214 2.51179 2.16059 1.99298 1.61032 1.316 0.906337 0.557494 0.244666 0.104354 0.0256536 
3.403 3.04955 2.92273 2.70826 2.40393 1.9098 1.38832 0.950463 0.495216 0.248399 0.0904637 0.0274801 
2.98992 2.57334 2.34762 2.10313 1.90706 1.53514 1.2694 0.811353 0.398626 0.239759 0.109635 0.0190673 
3.26447 2.80034 2.53732 2.30351 2.12546 1.94591 1.48113 0.954937 0.406608 0.16573 0.0979058 0.0254217 
3.35616 3.03761 2.55886 2.2471 2.17633 1.77665 1.55032 0.857377 0.28044 0.0678483 0.12153 0.0151939 
3.49684 3.02205 2.51576 2.35092 2.29666 1.83347 1.27071 0.316823 0.0099072 0.0484684 0.210763 0.0121545 
4.08817 3.43932 2.67647 2.32805 2.46987 2.0377 1.24779 0.0889075 -0.353968 -0.398336 0.289466 0.0248442 
3.06355 2.53441 2.12657 1.84857 1.55526 1.34398 0.946677 0.472742 0.233787 0.0666849 0.111036 -0.0176133 
3.42194 3.08957 2.61038 2.02017 1.82386 1.61847 1.18717 0.494587 0.0735832 0.0143068 0.154153 -0.00437915 
3.29138 2.89729 2.62761 2.22477 1.94351 1.39238 0.973534 0.32063 0.105012 0.132977 0.15058 -0.00597102 
4.37948 3.81182 3.81667 2.77581 2.22161 1.47675 0.962571 -0.293895 -0.0940596 -0.213214 0.116942 -0.00585818 
3.02943 2.68301 2.61979 2.32653 1.86371 1.33932 0.994631 0.693743 0.371732 0.219446 0.0870752 0.00705932 
3.79793 3.34325 3.11536 2.60734 2.29244 1.52883 0.931949 0.346859 0.158163 0.122662 0.202528 0.0231906 
2.87124 2.43742 2.25758 2.01897 1.69073 1.29601 0.986183 0.705033 0.496345 0.291623 0.136267 0.0162087 
4.0332 3.71339 3.44263 2.68243 2.69397 2.01773 1.06109 0.418786 0.132636 0.0436067 0.218136 0.0210986 
3.23862 2.86961 2.54041 2.12901 2.0735 1.71862 1.28377 0.772397 0.409394 0.205844 0.162306 0.0250535 
3.72052 3.28578 3.0049 2.61872 2.54712 2.24558 1.56985 0.627759 0.376997 0.194257 0.158074 0.0293086 
3.02744 2.58551 2.32629 2.14833 1.87982 1.57637 1.14795 0.717957 0.352225 0.169392 0.0988671 0.0117998 
3.38359 3.11032 2.79126 2.54017 2.30861 1.86152 1.32065 0.690266 0.258881 0.220932 0.159659 0.0265605 
3.47271 3.18968 2.93395 2.57583 2.10271 1.47751 1.10689 0.575514 0.292989 0.204654 0.160138 0.0253639 
5.22755 4.1912 3.74041 2.36422 3.82028 1.96692 1.57909 0.157734 -0.110548 -0.440636 0.0882388 0.0365163 
3.2512 3.02733 2.9208 2.65413 2.36072 1.93759 1.46455 0.95087 0.619468 0.313067 0.11089 0.0412141 
3.25845 3.03009 2.9383 2.79075 2.50453 2.03509 1.57405 0.90543 0.535377 0.267693 0.104758 0.0362313 
3.19676 2.90926 2.82184 2.44552 2.21197 1.84093 1.26945 0.912715 0.485647 0.309544 0.146922 0.0378004 
5.33907 4.26922 4.41698 2.79812 3.40737 1.76427 2.35043 0.112802 0.18939 -0.333239 0.0198473 0.0372132 
3.43073 3.21874 3.13187 2.79899 2.4291 1.83246 1.25362 0.713545 0.436809 0.275608 0.153963 0.0332718 
3.74204 3.49986 3.48583 2.99887 2.74076 1.73356 1.17007 0.602658 0.283929 0.177837 0.197953 0.0262172 
3.1402 2.83568 2.60961 2.34643 1.92998 1.52623 1.09251 0.764754 0.479827 0.210137 0.103771 0.0250437 
5.43473 4.19202 4.18013 2.66386 2.66816 1.71482 1.55043 0.0163901 0.0786177 -0.0595349 -0.0124802 0.00173196 
3.51599 3.17224 3.05184 2.75625 2.18115 1.68939 1.15017 0.457849 0.221174 0.0815341 0.0377252 -0.00830803 
3.62912 3.43123 3.38776 3.11182 2.20961 1.56728 0.750314 0.302551 0.118085 -0.000359709 0.0526219 -0.025232 
3.40943 3.10888 2.88448 2.67273 2.30583 1.45255 0.738687 0.271917 0.0346751 -0.0639254 0.0160502 -0.036973 
3.39878 3.0375 2.80111 2.35418 2.00582 1.38178 0.894464 0.436605 0.276231 -0.03183 0.0786977 -0.0131638 
3.46764 3.06883 2.82992 2.68216 2.1282 1.46093 1.02491 0.549459 0.207781 0.0176536 0.0739805 -0.00898532 
3.36289 3.10187 2.93965 2.65461 2.18755 1.58631 0.983426 0.379399 0.12549 0.0780133 0.0984129 -0.00548017 
3.51806 3.21882 3.06669 2.63014 2.22785 1.50284 0.895416 0.495848 0.207143 0.153919 0.0910336 0.0060853 
3.29622 2.92033 2.82085 2.4218 1.88345 1.33895 0.861296 0.460848 0.212374 0.0663292 0.0673661 0.000809117 
3.58616 3.26684 3.28432 2.69153 1.96618 1.4352 0.888747 0.253371 0.18911 0.0105706 0.0682136 -0.010081 
3.33768 3.04601 2.77543 2.41754 1.94391 1.37663 1.04294 0.539983 0.301638 -5.92026e-005 0.060222 -0.00226487 
3.41988 3.11408 2.94223 2.47181 1.89045 1.36925 0.890279 0.411624 0.21462 0.177021 0.0846285 0.00539432 
3.78773 3.5064 3.48188 2.53435 2.13348 1.42952 0.704133 0.448032 0.302541 0.127407 0.0725427 0.00444648 
3.62958 3.45879 3.31665 2.79531 1.89073 1.27134 0.88555 0.429445 0.212727 0.250721 0.133334 0.0208195 
3.11169 2.78904 2.76163 2.27789 1.86643 1.4382 0.911809 0.647049 0.232096 0.191174 0.129722 0.0163041 
3.14652 2.71813 2.55714 2.32212 1.86552 1.46752 1.04954 0.554256 0.372746 0.241589 0.0904623 0.0240072 
3.82692 3.68704 3.96899 2.25972 2.02351 1.78562 1.42877 0.722494 0.515878 0.32578 0.141829 0.0404052 
3.28494 2.94413 2.68721 2.20672 1.83786 1.58155 1.1471 0.876282 0.585056 0.426387 0.124052 0.0435122 
3.08806 2.75381 2.46551 2.19493 1.89855 1.49876 1.23147 0.808782 0.55332 0.386161 0.105019 0.0346413 
3.29307 3.0641 2.55138 2.27358 2.17304 1.48002 1.34618 0.926185 0.793153 0.307212 0.0780886 0.039595 
3.75807 3.2892 2.7602 2.3119 2.28833 1.35369 1.23994 0.663924 0.667095 0.165616 0.1015 0.0315551 
3.25879 3.10955 2.78001 2.4047 2.16521 1.1168 1.09878 0.838038 0.886454 0.15755 0.0597406 0.0360074 
3.80029 3.53566 3.23642 1.29911 2.19698 0.667517 1.16375 0.0861988 0.582881 -0.081984 0.0696192 0.0290337 
3.25924 2.88568 2.28721 1.68017 1.42728 0.716809 0.738077 0.371041 0.334629 0.130069 0.12312 0.00548202 
3.65149 3.66272 2.98424 1.37238 1.72754 1.07249 1.44233 0.54298 0.147901 0.0369718 0.1119 0.00523683 
3.413 3.11187 2.95498 1.4075 1.35704 1.14697 1.17862 0.731503 0.526098 0.123611 0.0932943 0.0131347 
4.08564 3.50108 3.66914 1.81571 1.25194 0.859414 1.64089 0.740015 0.897928 0.0350615 0.168759 0.036579 
3.09146 2.74696 2.32164 2.13567 1.44017 1.02159 1.1925 0.482524 0.33232 0.336147 0.245837 0.0459578 
3.17648 2.87233 2.64062 1.94284 1.37513 1.03232 1.06762 0.620136 0.624245 0.317264 0.16692 0.0474082 
3.22841 2.84489 2.43163 1.99079 1.76614 1.21122 1.07786 0.715462 0.683223 0.201294 0.142554 0.040608 
3.83366 3.50654 2.97656 1.35927 2.15561 1.1786 1.581 0.214255 0.454255 -0.0209664 0.186324 0.053065 
3.52626 3.52 2.57897 1.45067 1.78741 1.01179 1.59595 0.273885 0.647691 0.0372984 0.157083 0.032971 
2.99049 2.45453 1.84875 1.33397 1.27642 0.941985 1.11409 0.614141 0.57647 0.238417 0.233186 0.0223075 
3.17656 2.7743 2.59848 0.996694 1.24869 0.924078 1.10336 0.418039 0.580304 0.516917 0.120874 0.0244882 
3.33091 3.12728 3.00607 1.49942 1.17979 0.456314 0.74042 0.625344 0.45847 0.28515 0.025521 0.0114251 
3.561 3.33375 3.1609 1.28757 1.28945 0.245431 1.27122 0.609638 0.355293 0.103514 0.149852 0.0133171 
3.85383 3.1381 3.64012 1.30403 1.84125 -0.177171 0.755483 0.475964 0.383237 -0.0290118 0.0287926 0.0224382 
3.41129 2.83381 2.9676 1.78572 1.38596 0.187424 0.890888 0.384996 0.32706 -0.0045991 0.000919935 -0.00143843 
3.44335 3.05626 2.36258 1.61515 0.733606 0.431855 1.25131 0.483738 0.400732 0.198025 0.0213623 -0.00512691 
3.69215 3.16794 2.59818 1.04467 0.863636 0.247542 1.54258 0.391835 0.555797 0.126338 -0.0297162 -0.00739561 
3.55819 3.01793 2.46435 1.00764 0.641486 0.227733 1.42565 0.523344 0.710584 0.11539 0.0115297 0.00112358 
3.37665 2.67176 2.16153 1.17282 1.03538 0.410505 1.50274 0.722803 0.391476 0.278258 0.107689 0.015288 
3.59309 3.01131 2.45577 1.04823 0.708864 0.77711 1.43694 0.349801 0.381577 0.376818 0.0717142 0.0147572 
3.49422 2.65343 2.81824 1.0757 1.29021 0.638088 1.04882 0.476628 0.0704216 0.48526 0.0748986 0.0111863 
3.21478 2.40789 2.33865 1.20418 1.1389 0.638542 0.766895 0.693361 0.414756 0.18987 0.141073 0.00273651 
3.28505 2.62966 2.6989 0.52362 1.43663 0.284863 0.617283 -0.124457 0.49436 0.125647 0.0785525 0.0236751 
3.28294 2.47629 2.60789 1.07229 1.29632 0.172132 0.271348 -0.353026 0.889455 -0.117342 0.146124 0.0244948 
3.50186 2.37544 2.45517 1.12883 1.34973 -0.0290093 0.881043 -0.131498 1.03401 -0.188045 0.080779 0.0271129 
3.18954 2.51908 2.21648 1.03491 1.09854 -0.176487 0.333208 0.0916944 0.29544 0.0683958 0.0319629 -0.00762114 
3.36534 2.58698 2.71931 0.96349 1.34823 -0.395137 0.455071 0.187296 0.506721 0.101932 -0.0777879 0.00413229 
3.26039 2.525 2.79301 1.02802 1.1483 -0.643 0.609702 0.675713 0.532094 0.0224277 -0.0542948 0.000986139 
3.32166 2.5913 2.38672 1.00364 1.22002 0.0835964 0.510721 0.363857 0.390648 0.163148 -0.0465243 -0.00324875 
3.64186 2.48159 2.7204 0.993344 1.09597 0.595037 0.369231 0.178985 0.312485 0.0907838 0.145338 0.0234816 
3.57082 2.3592 2.76533 1.03959 0.758425 0.98346 0.777586 0.254588 0.118237 0.255198 0.136947 0.0181192 
3.19721 2.49173 2.28703 1.01979 1.00571 0.526933 0.806319 0.355059 0.299056 -0.0125319 0.260782 0.0276182 
3.07816 2.40761 2.07847 0.959084 0.305966 0.687641 0.797568 0.323069 0.509796 -0.119839 0.367406 0.0262913 