-7
-6
2
-5
-2
-2
-6
-5
-4
-2
-8
2
1
-2
2
1
2
1
-3
4
4
1
-2
0
1
2
-1
1
0
-3
-2
-4
-7
-3
-3
-6
-5
-9
5
-6
-7
-5
-3
-6
-4
-5
-2
1
0
0
3
1
1
-1
0
2
1
2
-1
-1
-1
0
1
1
-2
-4
-4
-6
-2
-6
-4
-3
-1
-12
3
-4
-4
-6
-1
-5
-5
-3
-5
1
1
-1
2
-1
0
3
-1
3
0
0
0
0
0
1
0
0
0
0
0
0
0
0
0
0
0
0
0
0
0
0
1
0
0
0
0
1
0
0
0
0
0
0
0
0
1
0
0
1
1
-1
0
2
-1
0
0
1
-1
1
3
1
0
0
2
-10
-2
-4
-2
-5
-2
-4
-6
1
-3
-7
2
-2
0
1
2
4
2
5
3
1
7
4
-2
5
5
1
6
4
0
-1
0
1
-3
-3
-3
-7
-5
-2
-3
-2
-4
-8
-4
-3
-4
-4
-4
-6
-2
-4
-5
-4
-2
1
3
1
1
4
7
4
4
3
4
5
4
0
-1
1
4
5
3
-1
0
2
1
0
1
2
-4
-9
-7
-3
0
-4
-14
-9
-4
-8
-8
-11
-12
-6
-4
-7
-9
-8
-5
-1
0
-1
0
5
5
3
6
11
7
3
3
5
6
5
1
2
6
4
-2
-1
-6
-9
-6
-9
-11
-8
-8
-5
-7
-18
-17
-11
-11
-13
-15
-13
-10
-9
-5
2
7
8
3
3
10
13
11
16
13
12
18
8
2
8
3
0
7
4
-6
-11
-12
-14
-24
-16
-15
-18
-14
-17
-21
-20
-23
-23
-12
-16
-8
-5
-2
-2
0
3
5
8
13
15
16
19
13
14
13
7
11
11
11
2
-2
-14
-12
-22
-10
-13
-15
-22
-19
-23
-26
-23
-21
-20
-21
-14
-14
-12
-13
-8
-10
-7
-2
3
4
15
12
10
18
13
8
16
10
6
10
14
6
5
-3
-2
-17
-10
-13
-9
-11
-11
-18
-15
-30
-33
-22
-17
-15
-8
-4
-9
-17
-12
-13
-6
5
15
17
33
11
13
10
7
8
21
21
24
18
6
3
-5
-10
-3
-1
5
2
-3
-16
-26
-28
-32
-13
-10
3
-4
-7
-19
-25
-23
-14
0
19
25
22
11
-4
-7
-6
9
27
33
45
26
18
-8
-9
-11
7
20
31
25
11
-12
-27
-32
-23
-4
13
20
12
-4
-27
-38
-41
-19
6
26
40
20
-1
-30
-39
-27
-2
33
52
47
27
-12
-33
-42
-20
12
46
58
48
12
-25
-48
-45
-11
26
58
57
35
-9
-49
-62
-46
-8
36
56
49
9
-38
-66
-69
-32
12
55
64
42
-3
-48
-67
-57
-8
36
74
64
30
-28
-65
-73
-43
7
48
65
48
1
-41
-71
-56
-29
31
61
71
38
-13
-63
-80
-56
-6
39
72
44
-5
-47
-85
-83
-34
25
56
63
51
-11
-64
-66
-43
-8
57
90
57
10
-31
-61
-70
-21
44
61
67
50
-9
-67
-69
-39
-14
34
74
45
-15
-51
-81
-99
-59
4
20
11
6
-34
-102
-106
-58
-24
12
58
46
-12
-30
-31
-41
3
79
93
73
71
34
-26
-20
29
46
65
98
71
-1
-27
-25
-48
-27
40
43
1
-10
-40
-112
-117
-58
-46
-45
4
3
-76
-82
-59
-89
-68
14
43
16
39
44
-19
-27
28
44
35
92
101
41
11
35
5
-28
47
67
33
31
26
-18
-81
-44
-25
-51
4
21
10
-76
-23
-86
-106
-58
1
-5
-11
48
-17
-83
-38
-18
-22
15
108
78
2
38
7
-59
-27
84
53
48
111
16
-49
-91
-16
-62
-9
88
60
-11
-21
-45
-136
-90
14
0
37
59
33
-98
-92
-31
-73
0
82
88
6
-33
16
-102
-73
35
88
12
89
97
-62
-73
-30
-7
-47
87
97
11
13
-61
-52
-108
-11
23
12
85
6
-29
-92
-56
-61
-43
72
73
23
-38
33
-101
-121
57
15
-6
76
104
-48
-102
35
-66
-38
78
109
24
7
25
-77
-48
-27
52
45
27
99
-69
-38
-82
-14
-37
16
95
-48
45
-35
-23
-134
35
61
-71
41
41
-27
-133
6
12
-128
79
65
22
-113
64
7
-160
40
74
-11
-70
135
-16
-145
29
27
-16
-18
171
-13
-50
61
-36
-37
-1
66
7
59
-11
-12
-20
-24
-10
29
29
4
51
-66
-84
-11
-10
-35
67
108
-120
16
-22
-54
-129
92
37
-67
170
-64
-54
-104
78
-102
-2
97
-25
34
-51
-20
-118
18
15
54
33
-9
-1
-53
-59
-152
124
-30
64
59
27
-79
-173
84
-147
81
-27
184
-7
-68
-24
-178
77
-137
242
6
96
-15
-75
-3
-219
101
-32
194
-11
71
24
-194
83
-179
166
-83
189
-8
-56
71
-292
132
-135
242
-149
230
45
-185
7
-87
3
-161
275
21
-2
6
-81
-46
-174
101
-17
176
-54
37
-15
-140
-75
-68
160
-117
182
25
-43
-88
-70
-30
-94
193
-89
71
27
12
-143
-39
-12
-72
41
159
-18
-91
-7
2
-40
-68
64
43
20
59
-55
2
-252
135
-79
148
-103
7
121
-157
20
-70
120
-212
167
237
-202
35
-19
34
-208
225
-9
-127
163
-11
29
-246
171
-108
-68
87
35
60
-237
242
-39
-55
-42
115
120
-235
127
122
-205
-79
96
120
-378
170
133
-276
55
75
56
-247
58
261
-289
188
-41
143
-208
116
99
-367
75
-64
143
-217
131
96
-346
158
-49
75
-295
325
293
-346
99
103
-12
-334
175
315
-293
-78
342
-138
-352
-82
366
-357
-88
542
-49
-183
-167
354
-271
-154
480
-112
120
-196
293
-301
-252
-10
107
167
-304
282
-93
-161
-57
-56
236
-274
527
-214
200
-141
-194
58
-108
283
-208
174
-28
-260
-25
-119
3
-19
135
166
96
-84
-198
48
114
-210
333
132
6
-83
-209
156
-365
88
-9
234
73
-260
81
-350
76
-177
269
163
58
103
-161
54
-334
69
-240
553
34
-157
64
-256
-109
-388
396
-50
41
180
39
-39
-433
-54
241
-36
104
394
-22
-185
-288
318
-571
215
368
47
-86
17
36
-782
524
-141
145
237
-74
250
-379
-296
83
57
69
5
440
-246
-331
-64
-164
48
-134
643
-310
-63
316
-632
225
-298
701
-354
380
68
-358
-140
-194
547
-564
391
226
-320
143
-670
585
-451
331
-30
337
127
-679
573
-515
118
187
71
343
-543
265
-278
-50
-94
67
172
-142
-114
222
-543
45
267
-145
184
12
338
-640
371
-35
-198
121
222
3
-101
-28
15
-63
-395
504
158
-435
294
118
39
-754
689
-143
-265
240
231
-21
-479
92
474
-790
270
229
-10
-199
49
482
-997
334
469
-580
334
174
35
-660
433
6
-607
269
636
-450
-101
307
-117
-410
-11
724
-374
36
407
104
-431
-162
500
-529
-17
254
99
-503
158
-92
-156
-22
14
118
-44
206
-281
115
142
87
-172
304
82
-314
-43
195
51
-546
339
20
-231
-198
280
-124
-350
832
-597
301
-318
398
-101
145
379
-166
-3
8
33
-561
-53
442
-295
-55
324
-337
-481
383
-265
203
-51
237
95
57
-269
-77
316
-341
462
215
24
-577
75
183
-930
609
44
375
-434
217
299
-808
-240
793
171
-524
690
339
-938
-123
506
-289
-464
1092
-334
-237
-38
-368
160
-392
520
26
330
-617
436
-200
-752
562
263
9
-49
-59
558
-1181
150
955
-958
364
627
76
-1086
-77
1174
-1885
1151
581
-425
327
-438
437
-945
75
37
393
621
-1160
1317
-537
-770
132
661
-470
-250
1434
-708
-797
966
-700
-83
48
491
-152
-518
480
-279
98
-975
1675
-866
110
521
-500
340
-787
982
-423
80
373
-465
537
-1090
494
-204
-399
782
-711
789
-335
-362
787
-842
537
-193
408
-64
-515
1080
-1417
730
-88
-520
731
-920
1095
-1120
412
-10
-364
735
-729
434
357
-616
521
-552
791
-561
36
563
-434
25
-518
932
-337
-1249
1699
-444
-1202
748
662
-958
-266
1942
-1334
137
10
822
-1329
9
1334
-687
-509
403
1075
-2111
378
1207
-1130
45
317
1055
-1539
364
741
-848
162
-140
779
-458
-289
511
-115
-351
-44
589
-186
-307
480
-13
-403
-26
349
-21
-176
142
314
-231
-334
700
-751
77
-193
342
-599
326
-263
370
24
-485
642
-152
-484
447
547
-1053
535
690
-1328
704
225
-264
-275
718
-244
-925
690
-666
-3
-56
221
314
-193
475
-264
14
-98
484
-416
462
356
-273
-69
-271
563
-1333
1013
-491
482
-91
-447
761
-1128
225
-109
255
61
-183
688
-657
25
366
-993
803
372
-673
872
-473
375
-1117
721
-151
-432
1335
-1384
1612
-1473
280
-1
-334
657
-812
1539
-624
-239
82
-35
-572
-150
1057
-466
64
74
587
-1709
727
186
-338
137
448
541
-1366
768
74
-932
577
-178
1010
-1265
988
-215
-461
-272
43
354
-472
275
632
-173
-737
816
-287
-315
105
350
149
-849
1286
-937
-9
345
-427
268
-56
426
-424
325
-379
97
-199
-402
895
-219
-648
1372
-786
-641
889
-592
-370
594
295
-499
465
-23
-763
433
-181
-36
218
509
-512
815
-851
166
-82
57
-404
886
-506
392
-413
-126
-2
-381
340
-263
923
-1027
1053
-476
-25
-264
338
131
-320
635
-450
145
-310
-212
313
-703
536
123
-69
-4
-152
84
-126
-222
139
536
-294
-181
661
-862
297
-31
-127
462
-388
368
-615
717
-1213
344
502
-436
226
48
408
-987
280
342
-922
627
136
-274
428
-872
819
-409
-395
499
-52
247
-388
468
-47
-767
825
-465
529
-833
849
-150
-505
447
-821
1241
-1498
1005
371
-1250
1553
-1268
955
-754
644
-377
524
453
-1046
1887
-1896
730
-100
-133
95
-456
1350
-1801
1035
-162
-577
127
-30
612
-713
628
-408
321
-283
-639
1764
-1624
1343
-921
837
-740
-394
862
-861
367
104
42
-386
201
-595
349
-173
-249
520
-686
1138
-908
213
136
658
-1290
1229
-43
-700
406
-413
906
-1643
1061
81
-456
504
-870
1270
-1504
803
-677
575
-164
-866
2251
-2590
1549
-48
-960
965
-623
888
-1182
994
-389
-981
948
-217
-286
-56
750
-733
256
90
-220
84
143
303
-271
201
-194
336
-778
1047
-849
502
-84
-199
59
-225
338
-735
1192
-839
500
24
-542
560
-1238
1856
-2085
1931
-1023
309
529
-743
764
-811
1357
-1486
1352
-598
-50
-343
588
-158
-843
1777
-1716
1031
-327
-293
487
-1219
1450
-1437
883
-689
208
-160
-890
1868
-2133
1579
-402
-405
772
-829
602
-1042
920
-515
-76
416
-178
-534
1032
-675
-200
734
-203
-416
757
-3
-832
695
-412
642
-454
10
625
-564
158
-117
569
-564
-154
1314
-1503
1112
-831
512
-619
45
342
-245
-219
199
30
-237
-113
-17
412
-763
1081
-1056
1140
-1149
128
1020
-1510
1021
-444
1072
-713
-158
1217
-1857
1090
-122
-287
-145
769
-485
-440
820
-1016
734
-245
536
-343
155
-122
207
-139
-562
654
-194
70
-590
1185
-963
-603
1804
-1212
196
-17
818
-967
55
923
-1443
1206
-488
238
-149
14
13
-8
14
-107
-98
-45
201
-438
725
-864
675
-436
-195
588
-1248
1447
-1447
1624
-1604
431
526
-1128
945
-677
667
-719
721
-533
145
-186
207
247
-86
470
-327
321
-219
270
-119
-358
623
-462
183
-445
347
-198
-263
513
-365
9
-36
298
-488
-197
529
-310
-507
1144
-697
89
-381
570
-492
-36
170
-254
576
-840
795
-295
-295
-54
564
-313
-496
1260
-496
-290
463
24
-276
-440
1077
-543
256
-760
1456
-771
-946
1022
-286
-280
-132
985
-1028
-188
943
-695
80
3
32
674
-666
-94
417
-42
-1177
1338
455
-1571
1060
404
-813
-120
85
149
62
-108
727
-715
359
-719
533
226
-1181
1277
-280
353
-1328
1414
-687
-911
1359
-723
737
-832
835
-313
-596
364
-165
354
-152
-32
612
-619
-280
936
-764
235
238
202
87
-827
1495
-1654
467
257
-228
479
-553
1244
-1647
1225
-939
-136
515
-709
1164
-607
-36
-536
272
-137
-782
907
-326
-94
539
172
-1080
76
744
-991
898
-10
373
-1064
932
173
-1379
1290
-149
425
-277
289
-271
-346
276
-48
427
47
-409
614
-485
-636
566
599
-1518
1525
-1
-1411
751
-255
-43
-666
1111
-664
535
-822
-40
1075
-1935
1464
-356
556
-398
-428
1131
-1302
684
-304
736
-170
-188
228
-36
-241
-419
1071
-611
476
-412
389
-401
-133
21
-127
737
-821
756
-763
144
12
-906
1236
-497
148
-467
646
-487
-511
840
-447
158
517
-554
329
-98
-496
227
880
-1122
1079
-393
-269
248
-254
85
48
467
-899
1014
-643
-253
98
-121
329
-652
649
205
-1292
611
105
-458
-60
749
-460
-447
1097
-958
-2
32
468
-155
295
-9
-379
-94
699
-804
825
-136
-495
1196
-876
8
257
-105
-452
1450
-463
-1020
909
-79
-401
72
558
-409
275
-557
186
-3
-1141
1122
-363
523
-249
-116
91
-266
582
-951
1120
-132
-529
451
-413
-87
-75
-159
591
6
125
-364
316
-107
-273
64
394
76
-416
342
83
-445
-94
265
332
-350
156
-218
35
173
-789
772
-651
721
-416
441
-327
-638
1042
-342
-95
421
-367
562
-659
65
-59
-656
993
-1006
1116
-990
122
612
-788
574
-910
1083
-341
-450
341
148
-490
-14
494
-250
-553
460
-4
-332
236
-391
380
316
-568
20
24
237
172
-311
459
-240
-85
190
-295
289
-476
886
-491
251
-620
-128
409
-358
63
170
196
219
-544
51
105
273
-343
259
128
-122
510
-600
-217
-128
-47
1127
-1224
867
-401
314
593
-655
-206
-209
1135
-590
334
89
-235
101
210
95
-1193
622
268
431
-647
160
-388
292
-647
-180
924
-663
588
76
419
-1073
92
40
-235
236
81
250
91
-245
-520
223
-478
506
50
206
593
-385
-306
59
-61
-234
-182
1085
-393
368
-1051
599
-228
-1260
1239
-340
-226
218
620
-577
-222
159
-894
1087
-330
366
-473
598
-510
168
-96
-582
995
-833
1155
-110
128
-898
182
813
-1314
973
-244
359
123
510
-793
-294
57
224
-259
192
65
127
-190
-483
472
-1169
261
662
-492
843
-651
652
-670
-13
-318
447
298
-429
880
-387
102
24
-284
-422
721
169
-469
993
-786
442
-29
-318
-33
39
50
-140
854
-1148
-23
503
-468
59
-69
213
6
-102
246
-342
-206
-196
504
-531
279
31
179
-258
665
-92
-531
237
99
33
93
-92
467
-401
243
-25
39
-507
216
324
39
-584
776
-731
43
156
-305
-4
-239
829
-953
401
-50
-207
-312
-236
1048
-790
300
72
156
-566
382
86
-748
571
-110
551
-191
-151
214
-139
264
-309
175
-2
-191
831
-918
50
208
-380
428
-375
360
-346
-57
329
-504
-132
233
-148
275
-609
636
-170
-547
649
-452
380
-264
266
-67
-182
507
-387
39
223
7
-54
108
-92
214
-334
286
543
-992
586
-117
17
-173
-252
652
-796
819
-378
-336
373
-541
659
-624
187
358
-526
418
-147
-351
207
-12
182
-98
56
524
-627
403
-159
-64
460
-738
898
-326
-131
426
-412
407
-562
408
39
-312
428
-369
41
225
-177
-275
252
-330
278
-270
431
-591
247
375
-984
895
-646
215
50
11
17
-229
101
42
-292
457
-166
-70
540
-710
835
-941
469
-168
-131
612
-882
1033
-798
120
338
-640
470
-321
302
12
-273
117
-267
161
-216
93
93
-6
-78
75
-172
43
-38
5
192
-312
602
-577
349
-110
-147
109
95
201
-517
701
-323
66
-8
1
-9
-118
142
-131
309
-410
265
175
-304
74
-89
-34
58
-38
121
-172
128
-136
-192
247
-517
515
-220
253
-8
-193
80
-241
194
-226
131
277
-375
441
-311
-121
143
-258
306
-15
153
-157
29
74
-459
255
11
-193
378
-218
306
-467
43
176
-494
538
-278
226
-8
-252
279
-578
535
-534
469
16
-214
425
-489
294
-235
56
-3
54
243
-334
262
-18
-299
199
-181
239
-78
2
116
-97
26
-232
231
-66
-144
158
-55
148
-337
228
-82
-128
116
-78
158
-226
-12
294
-417
178
81
-245
415
-515
623
-564
223
100
-364
473
-662
757
-669
314
214
-520
466
-377
328
-363
200
10
-169
283
-286
312
-333
111
-44
-15
-40
133
58
-58
220
-459
382
-443
247
-55
190
23
-9
140
-286
135
-228
273
-157
315
-85
62
-82
-165
170
-334
422
-129
236
-57
-25
51
-349
235
-74
131
-112
288
-172
-53
-97
-4
32
-200
405
-143
22
-111
47
-144
-111
228
-297
233
-133
-15
74
-311
147
-226
47
-164
201
-242
111
-77
-139
23
-230
122
-183
181
-246
170
-56
-346
336
-417
268
-271
252
-27
-206
290
-214
41
-84
135
-90
6
80
53
-36
97
7
80
14
-115
259
-205
118
149
-144
430
-470
505
-206
-142
453
-332
417
-235
492
-305
-9
342
-557
494
-50
98
261
-142
129
-196
26
50
-32
391
-70
112
156
-424
173
-342
367
-140
200
422
-431
231
-361
-90
-11
-143
463
-146
308
-340
2
-259
-332
183
-43
170
9
152
-344
-191
-202
-166
30
5
379
-303
139
-293
-289
-63
-321
294
-85
117
87
-42
-293
-106
-80
-230
262
89
87
-53
43
-437
24
-77
-152
422
-167
435
-274
69
23
-517
394
-295
535
-183
170
352
-721
554
-574
465
-130
110
363
-143
278
-204
225
-174
71
-28
358
-171
327
-38
22
-33
-210
566
-799
1031
-609
582
-313
12
223
-624
501
-304
151
110
-50
348
-495
349
-485
207
-117
-289
757
-507
339
-274
38
-316
-269
337
-414
603
-436
538
-282
-18
-223
-117
140
-304
389
-204
150
-416
134
-301
63
-40
84
232
-399
401
-669
418
-455
282
-76
55
131
-369
304
-275
31
67
79
182
-288
251
-293
97
-175
37
214
-120
-14
190
-241
34
8
-74
313
-127
108
-114
208
-626
195
-16
76
244
238
-97
-107
-157
-196
-112
177
6
340
-11
145
-232
-247
-53
-77
109
152
345
23
121
-339
-45
-208
-52
91
396
107
-164
49
-153
-479
31
129
74
-7
570
-343
177
-324
-365
25
85
27
373
449
-486
174
-233
-407
-60
11
145
361
163
-37
-135
-299
-455
137
171
90
419
262
16
-233
-210
-238
-163
401
110
503
48
-412
97
-623
-139
-192
313
420
26
375
-578
166
-867
98
558
-308
727
-3
502
-633
10
-207
-63
260
129
628
-82
-285
-389
29
-497
-217
249
98
135
-84
110
-600
-28
-304
138
342
-142
265
-145
301
-358
14
18
-91
255
-195
342
-278
-135
-83
41
-148
-327
60
124
4
-127
318
-52
104
-309
352
-262
-131
74
170
101
-511
83
-404
-173
-375
294
83
-8
176
66
-116
-489
67
151
424
201
682
173
-149
-25
-331
114
-20
665
291
458
-155
-150
-294
-616
-157
80
248
102
72
-14
-666
-553
-258
-114
-72
172
446
77
-442
-229
-251
-282
-74
411
775
168
206
136
-23
-247
-1
583
525
434
677
442
17
-393
-62
113
-58
244
539
462
-300
-574
-355
-691
-529
-107
291
75
-279
-143
-491
-684
-672
-73
307
120
266
280
-68
-521
-242
-69
74
236
671
580
132
-147
-122
-126
-196
354
484
476
46
-68
31
-526
-258
127
351
152
-5
65
-309
-561
-297
-109
115
34
144
94
-128
-149
-189
49
13
154
503
301
261
124
232
314
155
326
348
430
293
267
367
15
15
133
179
91
-20
228
79
-139
-137
-120
-95
-259
-113
-46
-190
-195
-177
-180
-399
-387
-238
-285
-320
-225
-128
-220
-264
-201
-190
-223
-185
-111
-89
-66
-54
-32
-11
-11
-25
-34
-54
-106
-165
-216
-271
-332
-387
-440
-498
-558
-615
-667
-712
-748
-780
-815
-853
-883
-890
-862
-808
-743
-654
-565
-513
-435
-251
12
319
671
1018
1304
1525
1695
1946
2402
2879
3252
3696
4051
3888
3492
3410
3344
2945
2699
2775
2514
1820
1314
926
146
-694
-929
-865
-1028
-1169
-1125
-1403
-2081
-2399
-2183
-1997
-1984
-1649
-1333
-1514
-1577
-1300
-1201
-1570
-1719
-1521
-1425
-1711
-1734
-1371
-1334
-1220
-1557
-1778
-2471
-3459
-2898
-2453
-2105
-2309
-2773
-3316
-5230
-5840
-5379
-4571
-3179
-2301
-1596
-2842
-4679
-5405
-5427
-2257
3616
9791
11927
9223
6399
4451
3518
4303
8116
13668
16316
14796
10637
4754
-1748
-4677
-1582
3348
4853
3089
112
-4657
-10196
-12934
-11745
-8586
-4553
-404
885
-2285
-6885
-9105
-8064
-4211
1332
6047
7989
7366
5336
3215
2195
2594
4633
8390
11592
11146
7536
3711
923
-656
-356
1179
1956
1488
609
-813
-3131
-5142
-5652
-4986
-3673
-1730
-146
-445
-2198
-3486
-3784
-3804
-3639
-3207
-2842
-2325
-1823
-2363
-3908
-5083
-5763
-6568
-6448
-5112
-4579
-5721
-6065
-5667
-6455
-7825
-7585
-5237
-3577
-2835
-2285
-3043
-5932
-5197
2903
12965
17030
13054
11562
11332
9253
8060
9225
16258
18917
18076
15189
5234
-4676
-10973
-6689
238
24
-1077
-4662
-7858
-12658
-16989
-14883
-12342
-5897
591
4278
4823
-641
-3482
-3785
-77
5964
9353
12447
12010
9859
6157
1758
128
-179
3821
8081
9049
6926
1864
-2281
-6301
-6099
-2576
-629
602
1300
2401
-276
-4852
-5884
-4272
-575
3023
5523
4422
247
-2245
-3513
-3562
-3489
-2880
-1320
-746
-1721
-5338
-8623
-10832
-10513
-6871
-4050
-4078
-6261
-6827
-6926
-6614
-4691
-4531
-5269
-4566
-1406
-508
-3361
-3575
-2051
-747
-898
-935
-1125
-3134
2533
14878
22311
17139
8185
8311
9140
6630
6218
11616
16420
13066
9079
3315
-7208
-15189
-12768
-2336
400
-3026
-4993
-6927
-9112
-12162
-10090
-5729
-2046
4162
9296
11313
6430
880
1268
2534
4236
6573
9646
9119
4320
1471
-2609
-7731
-9303
-4537
2911
5067
4354
1984
-1665
-3876
-2293
3675
6680
6955
8524
8492
4572
-889
-1729
-545
-617
1710
3497
950
-5013
-8644
-8065
-8477
-8380
-6783
-5337
-5051
-6242
-5701
-5992
-7360
-5844
-2411
319
-600
-1646
-1197
-1930
-2041
-2565
-2970
-2285
-1292
5
-971
-2917
-5223
-6751
-5665
-5921
-6007
-4331
-3253
-3626
-5647
-6384
-4247
5429
19939
23607
15586
8697
9535
10533
7789
10376
17087
19597
15231
8011
-786
-12249
-16530
-9358
-1237
-2246
-7920
-8613
-9212
-13732
-15944
-11964
-5116
257
7657
14814
13566
6525
2403
4243
6650
8364
12007
14053
10584
4409
-587
-5991
-11321
-11069
-4110
2161
2519
-482
-3569
-6458
-7290
-2807
4199
8666
8732
8364
7949
3154
-2288
-3555
-187
3121
4309
4574
258
-7210
-11710
-10837
-8453
-7998
-6524
-2715
-301
-1936
-4932
-6456
-6390
-4227
402
4354
4006
1106
-1054
-2395
-3599
-4041
-3637
-2864
-1321
232
-901
-5380
-9815
-10839
-8701
-6185
-5448
-6096
-6539
-6600
-6823
-6854
-7158
-7416
-1356
15441
31007
28623
14125
8091
11920
10775
6196
11859
22790
23093
14336
5655
-6641
-22293
-24934
-10455
556
-3445
-8985
-7283
-8362
-15762
-17119
-7691
2753
10211
19104
24934
18356
5097
-82
4048
7748
9170
12014
11971
3546
-7685
-14657
-19217
-21774
-16339
-4670
1867
-983
-6197
-7971
-6666
-3211
3100
11256
17454
19371
18334
14547
6725
-800
-1062
4137
7117
5909
2766
-2516
-9817
-15637
-16921
-13869
-8697
-3536
92
185
-3870
-7714
-6466
-1643
2837
6703
9544
8446
3422
-1902
-5190
-6470
-5592
-2954
-674
-852
-4076
-8960
-12749
-12747
-10228
-7611
-5588
-4083
-4039
-6675
-9263
-9810
-6983
-2698
711
1792
1059
-202
2922
19207
32406
28112
14871
12865
17734
6894
-69
9524
21407
15850
1422
-2460
-12811
-25799
-25061
-9807
-1326
-7386
-4311
1627
-3390
-15438
-15310
2659
15018
19996
23563
23356
15475
2118
137
1860
-1263
691
6731
6224
-8951
-22777
-24305
-23244
-21448
-13315
-1433
2471
-790
-1036
1528
1044
3211
14097
23811
24541
22500
22190
17077
6636
216
-379
-1205
-2804
-2976
-5480
-12492
-18690
-20235
-19552
-17685
-12306
-4784
274
1643
1518
1404
2076
4423
8116
11375
12621
11193
7638
2864
-2284
-6331
-7896
-7654
-7645
-8243
-9180
-10719
-13542
-15385
-13483
-9207
-5794
-5038
-4381
-2865
-2146
-2513
-984
1156
1802
3277
3883
3167
-1913
-455
16664
31913
28713
9661
2952
7341
-365
-5611
5745
19717
13474
109
-1416
-12128
-30374
-29513
-6472
10517
4350
597
4732
-1434
-13013
-11410
6840
16326
16746
25237
26965
12123
-7682
-10783
-5098
-6165
-1549
4765
3848
-10336
-22340
-21948
-22470
-18726
-9369
5225
10827
5590
4925
4681
3582
3382
11319
21800
23642
20574
16324
9928
-770
-9302
-10303
-6782
-4868
-5399
-6688
-11050
-17743
-21484
-18281
-10881
-2838
5323
11126
10798
6206
4037
6174
8629
10009
12337
13902
10281
2310
-4796
-9159
-12134
-13209
-10658
-8144
-9902
-13527
-14770
-14336
-15011
-13290
-7025
-614
1052
94
-1375
-2803
-2126
-542
4409
7257
5634
2068
-2836
-4365
-7831
-3057
16977
32767
28557
6364
414
5459
-2579
-6001
8397
23661
17426
3678
1081
-9192
-27484
-27980
-3583
13378
4920
2296
6474
-3844
-18527
-15253
5057
14095
14564
21991
23520
10329
-8587
-12791
-7412
-6471
-539
7388
6401
-7598
-21018
-21517
-20941
-17885
-8493
3098
10629
7091
2911
951
72
4430
12402
22451
22121
15566
14347
9748
2128
-5115
-3352
-200
-5961
-6860
-7427
-10699
-15597
-15195
-10013
-8795
-3743
133
4028
4759
4106
8624
9116
8719
8202
8887
8112
3413
984
167
-2769
-8297
-10648
-10475
-12889
-16403
-15780
-12467
-11497
-10808
-8095
-4774
-2620
-1774
-549
1045
1643
1796
3130
4697
5038
4846
2395
-1392
-3720
-5181
-8681
-6253
13153
31734
26112
5058
425
6403
-2161
-5858
8530
22893
18050
5261
583
-12508
-27825
-23483
-1516
13764
6985
2932
5140
-5261
-18090
-15158
2572
12589
16219
25452
23338
5218
-12064
-12328
-5908
-5680
1773
9992
4803
-10312
-21420
-20414
-20517
-18107
-5020
8104
12186
4414
-645
181
-993
2055
9349
20170
23124
18096
14862
6826
-1588
-6203
-761
3150
112
1564
-3993
-12172
-17669
-17699
-13002
-7007
2438
5174
3728
1012
-1212
919
5290
10449
13817
14285
10452
4948
-1467
-7715
-9533
-7633
-4845
-3855
-7100
-12418
-14823
-15093
-14672
-10885
-5892
-3033
-62
3096
2244
-2436
-4720
-3087
1268
5648
7467
5789
149
-5389
-9388
-8289
-7334
-5958
9022
28185
30996
9933
-5263
161
-788
-3905
7432
24151
23898
9165
2099
-8332
-24498
-25258
-7579
10220
8907
4145
5124
-4439
-18074
-17543
-392
11702
14423
22490
23125
8401
-9945
-14161
-6463
-4765
1057
10842
9202
-6027
-21269
-21977
-19992
-18450
-7752
7231
13260
7232
1630
391
-1019
-76
8407
19419
23157
17756
9921
3711
-3075
-5436
-271
3337
1513
-782
-3783
-9372
-14274
-15294
-10831
-3178
1967
3131
1951
-255
-260
3374
7979
11739
13854
13737
11237
6044
-667
-5950
-7498
-5767
-3794
-4563
-8452
-13157
-15906
-15397
-12575
-8822
-5846
-3688
-2080
-1686
-2621
-3971
-3417
-1667
269
1848
4253
3735
-1306
-4582
-5876
-6304
-7997
-6868
-5923
-2072
13939
27814
24273
4551
-285
6888
2351
2872
14270
25878
18521
3281
-704
-11663
-23760
-19854
-2749
9968
5768
818
-814
-9539
-17284
-12310
2161
11342
15281
20752
17708
2326
-10303
-8258
-2534
-19
6182
10440
3851
-11974
-20490
-19042
-19592
-13567
-941
8212
8114
-941
-3204
-2558
-3680
2964
12568
20240
18786
12043
9099
3214
-1228
1900
8118
9204
3153
-1681
-5651
-13113
-17536
-11936
-3078
656
841
806
-970
-4976
-5060
1455
9278
13582
14681
13456
8129
61
-4814
-4280
-2574
-1914
-998
-1600
-6863
-14093
-17495
-16129
-13149
-9534
-4873
-1963
-3803
-7111
-6904
-5279
-5079
-2717
3252
6001
3694
1164
-1075
-3739
-5573
-5131
-3619
-3033
-4046
1769
18287
27909
15710
-2207
636
7791
3461
3957
14609
20996
9397
117
-1750
-12415
-20642
-12197
6367
10571
2246
-351
-2656
-11950
-15773
-4113
8928
13094
14982
17433
11212
-2124
-9281
-7269
-3346
1158
7803
6958
-3039
-15931
-20586
-17676
-16158
-8469
1465
6825
3950
-2456
-2204
-3385
-1616
6770
15559
21417
17650
12439
7543
1969
990
2277
8330
8908
2449
-1444
-6175
-11578
-15150
-10645
-2962
-827
-107
412
-1784
-5582
-4580
2436
9556
12249
12299
11706
7717
1167
-2925
-2352
-825
-610
-456
-2138
-8389
-15781
-18083
-15440
-12499
-10260
-7074
-4941
-6709
-9395
-8595
-6350
-5677
-3588
2208
5625
3341
219
-966
-1697
-2730
-1577
6
-1844
-3347
7048
24338
25876
9100
-2612
4152
6083
283
6924
17893
17955
6353
943
-3432
-16372
-18905
-6488
7671
8298
1926
217
-4556
-13299
-12953
-137
9817
11944
14779
15580
5785
-6393
-8585
-5524
-2812
2216
7283
4172
-6927
-16192
-18278
-16426
-12941
-5450
3932
6505
1951
-1849
-3040
-3337
873
10018
16153
16657
14160
9935
3809
380
1799
4640
7729
7229
3563
-3804
-9851
-13392
-14777
-6156
-673
-119
965
-1111
-4702
-7188
-1777
4227
8245
13591
13617
9417
4520
-595
-3502
-2229
-285
854
-188
-4785
-10858
-16187
-18630
-17832
-13119
-7870
-5782
-6109
-7230
-9507
-9519
-5785
-2018
2232
4569
7168
5210
-1128
-700
177
-79
-862
-307
-360
-5839
-928
14999
24756
14929
-1206
3032
8187
1021
1949
14647
21100
9186
1045
1152
-8948
-19374
-12479
6111
10049
786
-1615
-2535
-11254
-16628
-6778
6237
10554
12144
14602
9358
-2357
-7731
-5006
-1096
2128
7150
8019
-944
-13090
-17699
-16166
-13608
-8572
-725
5581
2378
-2475
-4056
-4512
-875
3911
12443
17130
14806
10312
3463
3604
6945
9906
11290
7293
4889
-1270
-7836
-9641
-11397
-7837
-4328
-2613
-2526
-5530
-7679
-8832
-3328
4534
9524
12598
11389
7937
5234
3317
1271
1928
3650
3593
1628
-3709
-11213
-16369
-17291
-15258
-10631
-8470
-9348
-9475
-9064
-11202
-11861
-7040
-2375
2264
4763
5327
1511
-1929
507
265
1583
1011
905
-549
-4037
5757
18518
21744
9240
762
8807
6925
259
5546
16559
17025
6175
3043
-549
-13961
-18469
-7666
4939
5201
-495
-226
-3394
-12879
-14691
-3038
7224
9746
13891
15088
7941
-3488
-6489
-3325
-2871
2881
7149
4752
-4572
-15183
-17153
-16755
-13095
-6074
1236
4077
-157
-2583
-3066
-4392
-948
8259
15467
17542
15978
12401
7000
1080
1847
7619
9522
7707
5127
-494
-8651
-13490
-12659
-9137
-4858
-400
1244
-1153
-4692
-6105
-3482
2507
8710
12656
13572
11448
7291
3128
387
-580
31
973
171
-3413
-8825
-13742
-16289
-16142
-13868
-10296
-7584
-7450
-8535
-9069
-9273
-8619
-5194
-230
3471
4531
3674
1499
-1034
-1752
-1505
-565
546
-307
-2251
3492
16855
22506
13339
1916
4981
8419
3292
4112
13574
19260
8411
675
714
-9601
-19783
-13140
4580
7562
-1313
-1894
-1752
-10687
-16287
-6392
6277
9811
11021
14614
11164
-156
-6658
-4926
-1262
1446
5613
6612
-1016
-12162
-17223
-16875
-15038
-10254
-2588
3771
1114
-2959
-4359
-5332
-1958
3012
11811
17084
16178
13566
7228
5603
6189
7635
10547
9136
7566
1788
-5086
-9055
-12124
-8810
-5509
-2326
-773
-4008
-6084
-7711
-4708
1331
6472
10257
10653
9463
6925
3732
1088
459
1442
2497
1738
-2006
-7587
-13422
-16369
-15463
-12558
-10404
-9904
-10732
-11333
-10859
-10228
-8590
-5954
-2409
1133
3455
2693
874
289
370
940
331
868
-1324
2199
17001
24623
18044
5247
4451
7693
1678
2329
12446
18751
11387
3032
1597
-7005
-19405
-16857
-1305
5137
260
-1175
-666
-8893
-17031
-10503
2002
7757
11235
17092
15941
4403
-4695
-4604
-2632
-1363
4327
9855
4898
-7121
-14274
-15731
-17215
-15758
-7374
1046
1889
-1694
-3964
-5081
-5599
-2192
6187
14301
17161
16095
13735
9447
4894
4851
8244
9530
8544
7178
2750
-4975
-10389
-11170
-9781
-6854
-2932
-1415
-3957
-7306
-7718
-4465
532
4789
7834
9875
9906
7393
3889
1153
-34
485
1829
1988
-638
-6275
-11201
-14620
-14751
-13917
-12616
-10465
-8896
-8767
-9356
-10165
-10140
-8386
-6580
-81
1162
3443
1560
3526
342
-819
-248
2445
1851
8245
24933
27326
15716
2250
6926
5529
242
5466
18237
19568
6523
2844
-988
-13558
-24435
-12700
3079
3308
-1757
464
-566
-14738
-17750
-7688
3982
5421
12768
18783
14958
1289
-4433
-1679
-1133
1310
5625
11747
3836
-8017
-14401
-14524
-17494
-16072
-7927
1210
-486
-3197
-3985
-6148
-8454
-5116
5073
11478
13796
17712
18534
14092
6522
4969
6304
5123
6098
7911
7189
1210
-5823
-8829
-11718
-11814
-9192
-5541
-2037
-1538
-1670
-2609
-3061
-1751
858
5116
8667
10066
9032
6006
1842
-2078
-4391
-4843
-3912
-3383
-4058
-5986
-9281
-12963
-15581
-15172
-12213
-8284
-5494
-4881
-6097
-7871
-7276
-7204
-6069
-1722
3231
4609
1604
1147
-1362
-1602
9730
23873
26188
15902
13332
14624
6468
835
7345
17106
14258
8090
9523
2536
-14538
-21396
-11554
-2966
-5967
-5082
1874
-2101
-14790
-17595
-8353
-3192
-2271
6334
16669
14594
4727
2360
2239
-1553
-1142
5529
10646
5368
-1294
-3605
-7868
-13852
-16329
-10354
-4313
-4109
-3185
-228
-1326
-5698
-5048
-183
3646
7618
13691
16677
14353
11374
9373
5900
2618
3931
6804
7937
5317
2110
-955
-6792
-9640
-9304
-6832
-4581
-3203
-353
-522
-2274
-3442
-3433
-1562
938
3837
5774
5629
2837
-969
-3711
-5090
-5655
-4816
-3359
-3407
-4142
-5771
-9166
-12163
-11930
-9890
-8414
-7109
-5024
-4203
-5557
-5859
-5453
-4396
-4196
-3613
329
663
1054
9979
20638
20925
11453
10420
15344
9643
4290
11470
20711
17629
10337
11621
7204
-8551
-15963
-8090
-1768
-5463
-6567
-1966
-4263
-14129
-17383
-11490
-7549
-7331
-1114
9462
10579
3381
656
2288
-63
-1957
3584
9795
8289
4182
3710
915
-5244
-9648
-7639
-3659
-3922
-2410
179
807
-1772
-4491
-2869
-1805
-517
2957
7249
9949
9302
7630
5599
3035
914
1234
3653
5678
5722
4302
2142
-1245
-4439
-5534
-4630
-3051
-1431
487
2059
1541
-1308
-3761
-4160
-3915
-3658
-1932
-6
-401
-1988
-3029
-4685
-7268
-8099
-6455
-4678
-4017
-3939
-4394
-5913
-8018
-9299
-8857
-6953
-6104
-3880
-1654
-639
-1985
-3468
-4396
-5634
-3715
5763
17433
19409
15249
10882
14248
7005
1703
4514
15180
14786
12072
16145
14173
-414
-10605
-6353
-4831
-7390
-7541
2561
1860
-4671
-9960
-8452
-8511
-15009
-9043
-273
5681
1975
3112
6145
423
-4716
-4016
2348
1913
1751
4525
8997
4683
-599
-3244
-2104
-4254
-5812
-880
3671
4424
1839
2869
3404
-973
-3172
-1680
2949
2897
2960
6009
6824
3987
-951
-1066
-867
-2562
-1473
1617
4432
2104
-279
279
-1233
-3523
-4581
-1084
2024
345
401
1984
1187
-2766
-5088
-4814
-5677
-5584
-3285
-1878
-2870
-4210
-5827
-7169
-7423
-7535
-7960
-7651
-6954
-6356
-4867
-4796
-5416
-5997
-5166
-4101
-4754
-3236
-2717
-654
7013
15370
17895
13325
12367
13562
8732
4349
7621
14007
13578
11021
13682
12552
3143
-4872
-4861
-3893
-7577
-8082
-3036
-144
-3349
-6624
-4825
-5709
-10622
-10668
-5055
-749
-1022
610
4545
3667
82
-1019
95
-374
-1051
1725
4825
6411
5892
5107
4608
870
-2572
-2722
-290
1042
819
2854
4306
3811
1971
716
143
-1771
-1616
-453
465
2077
1993
1513
1480
945
-447
-2819
-3309
-2042
-1415
-522
1057
1642
1136
943
442
-886
-2378
-3039
-2166
-974
-304
-64
-573
-1622
-3154
-4505
-4380
-4233
-5124
-4858
-3496
-3264
-4494
-6070
-6507
-6519
-6903
-6791
-6026
-5592
-5937
-6097
-5754
-4652
-4937
-4651
1406
8770
11204
9584
11065
14692
11504
6620
8576
13145
12549
10259
13662
15506
10038
3773
2515
2570
-2324
-5575
-3294
-1440
-3159
-5259
-3576
-3066
-6273
-8648
-7454
-5571
-6432
-6420
-3859
-1637
-1832
-2259
-656
-468
-1877
-1787
-325
1175
1845
2948
4802
5464
4843
4099
4065
3513
2194
1930
2512
3350
3498
3156
2888
1826
885
-243
-1477
-1886
-2255
-2154
-1301
-566
-844
-1354
-1061
-1179
-2508
-3211
-2156
-1515
-1486
-506
550
804
246
-873
-1459
-1577
-2057
-2154
-1756
-1180
-636
-514
-555
-719
-1189
-1429
-938
-1178
-1632
-1616
-2364
-3015
-3494
-3936
-4800
-5724
-5540
-6242
-7709
-7744
-7434
-8331
-7670
-3346
1551
3575
3527
5396
7958
6499
3971
5755
8965
8870
8228
10993
13517
11299
8141
8213
7982
4408
1100
1123
1812
722
105
1547
2353
741
-1270
-2129
-3067
-5213
-6918
-6300
-5075
-5041
-4872
-4112
-3898
-4346
-4938
-5020
-4609
-4246
-3651
-2773
-1831
-611
607
1606
2395
2568
2534
2857
3017
3021
3504
4221
4614
4490
4044
3555
2580
1131
299
151
-11
-164
-65
319
432
-112
-424
-182
-238
-594
-526
4
203
-422
-1146
-1278
-1357
-1799
-2172
-2177
-2077
-2250
-2434
-2145
-1847
-1800
-1387
-701
-197
80
29
-208
-631
-1349
-1807
-1885
-2117
-2652
-3243
-3549
-4069
-5545
-6847
-6991
-7160
-7354
-5638
-2384
-237
340
1565
3749
4116
2490
2410
4210
4706
4105
5408
7990
8489
7314
7443
8157
6982
4705
3582
3811
3708
2829
2929
4193
4408
3075
1951
1425
5
-2272
-3581
-3724
-3917
-4114
-3834
-3594
-3839
-4304
-4700
-4955
-5018
-4940
-4905
-4804
-4215
-3278
-2581
-2107
-1409
-383
577
972
1031
1326
1742
1992
2287
2824
3368
3459
3149
2986
2949
2540
1953
1855
2249
2477
2325
2227
2239
1947
1463
1297
1364
1159
665
447
445
-89
-1015
-1533
-1709
-2032
-2444
-2479
-2220
-2361
-2715
-2430
-1869
-1854
-2130
-2054
-1747
-1891
-2445
-2704
-2559
-2535
-2948
-3324
-3248
-3548
-4700
-5628
-5808
-6005
-6432
-5978
-3768
-1077
176
688
2311
3919
3217
1687
2334
4019
3980
3518
5230
7575
7627
6485
6815
7570
6203
3905
3494
4220
3685
2653
3166
4331
4131
3003
2424
2099
902
-998
-2476
-3031
-3211
-3661
-4160
-4055
-3556
-3598
-4219
-4441
-4075
-4073
-4657
-4826
-4149
-3449
-3148
-2596
-1398
-180
505
935
1459
1789
1607
1213
1116
1356
1648
1951
2459
3088
3485
3422
3020
2631
2452
2324
2195
2317
2541
2398
2024
1869
1733
1303
825
504
96
-461
-990
-1450
-1852
-2151
-2344
-2373
-2267
-2213
-2201
-2057
-2007
-2394
-2861
-2876
-2852
-3360
-3804
-3470
-2982
-3177
-3571
-3486
-3524
-4506
-5820
-6278
-6078
-6276
-6289
-4372
-1078
875
1119
2095
3974
4019
2249
2025
3781
4417
3782
4977
7779
8637
7306
6962
7926
7357
4924
3494
3928
3901
2582
2084
3180
3771
2780
1814
1828
1458
-301
-2341
-3309
-3465
-3770
-4199
-3969
-3140
-2772
-3216
-3534
-3273
-3394
-4359
-4987
-4474
-3671
-3308
-2803
-1683
-492
242
703
1180
1536
1498
1305
1485
1984
2400
2708
3047
3452
3727
3543
2996
2526
2198
1735
1373
1703
2211
1966
1589
1808
1868
1370
900
588
200
-211
-554
-937
-1393
-1776
-2033
-2184
-2172
-2102
-2200
-2505
-2816
-3062
-3420
-3849
-4136
-4341
-4469
-4186
-3674
-3736
-4326
-4586
-4771
-5810
-7029
-7121
-6777
-7004
-6200
-2875
601
1544
1900
4266
6218
4814
2951
4307
6371
5825
5491
8391
11136
10177
8393
9211
9923
7211
3882
3530
4067
2377
384
1214
2985
2262
499
523
814
-1095
-3903
-5122
-5139
-5642
-6231
-5678
-4369
-3539
-3629
-3919
-3706
-3559
-4199
-4993
-4696
-3280
-2157
-1722
-471
1694
2673
2330
2898
4556
5114
4202
3973
5049
5172
3583
2632
3225
3277
2011
1355
1953
1798
229
-674
-53
347
-388
-809
165
1247
826
-200
-125
265
-660
-1963
-1947
-1548
-2465
-3746
-3569
-2651
-2772
-3661
-3849
-3273
-3296
-4402
-5139
-4553
-4007
-4509
-4762
-3960
-3569
-4845
-6726
-7420
-7253
-8017
-9012
-6902
-1425
2616
2783
3458
7169
8542
4698
2336
5695
8623
7103
7271
12636
16032
12886
9846
11510
11624
5811
552
1350
3020
288
-2106
625
3428
1083
-2414
-2434
-2155
-5436
-9224
-9315
-7391
-6876
-7108
-5867
-3573
-2484
-3399
-4230
-3222
-2293
-3406
-4172
-1861
1494
2638
2806
5022
7839
7757
6073
6495
8035
7068
4567
4588
6429
5595
2533
1679
2638
1407
-1653
-2819
-2162
-3008
-5063
-4903
-2799
-2132
-3290
-3490
-1856
-940
-2275
-3432
-2530
-1791
-2864
-3528
-2270
-1201
-2062
-3262
-2861
-2100
-3181
-5024
-5092
-4138
-4402
-4861
-3683
-2802
-4204
-5577
-5211
-5766
-8338
-9517
-8259
-7596
-6556
-724
6905
8637
6698
9303
13092
9098
2698
5141
11493
10772
8320
13946
20180
15972
8405
8534
9899
2469
-6338
-5496
-1138
-3345
-6589
-2634
1890
-1512
-7180
-7312
-6003
-9125
-12805
-11529
-7436
-4901
-3669
-1679
644
1394
73
-1325
-503
1515
1922
1748
4645
9466
11329
10250
10519
11963
10560
7011
5832
6640
5249
2396
2239
3604
1897
-2144
-4240
-4507
-6051
-8528
-9207
-8049
-7328
-7390
-6332
-4024
-3117
-4278
-4688
-3453
-3091
-4040
-3824
-2158
-1273
-1791
-2175
-1754
-2107
-4375
-6298
-5655
-4679
-6069
-7363
-5483
-3138
-3866
-5473
-4779
-3945
-6449
-9570
-8424
-5874
-6681
-5513
4730
16963
18416
13663
17096
22783
15102
3483
6887
17007
14880
8325
15165
24055
14738
-426
-699
2777
-7595
-19917
-16712
-7722
-9474
-14415
-8616
-692
-4738
-12839
-11099
-4922
-5613
-8631
-4105
4655
8624
8321
9156
10638
9229
5099
1851
2486
5221
5644
4438
6141
9713
9213
4704
2686
3353
925
-2869
-2094
1113
1104
-1116
-585
2179
1454
-3216
-5518
-3405
-2609
-5450
-5498
-561
1192
-2797
-4338
-1703
-2499
-7542
-9508
-6715
-4821
-6405
-7480
-5275
-3832
-6944
-10292
-9397
-8621
-11553
-12396
-7787
-4411
-5926
-6635
-3932
-3084
-5451
-5713
-3796
-4286
-5244
-3285
-1231
994
9567
22461
26831
20857
19551
25225
20769
6374
4309
15814
17460
8233
10536
20009
11116
-8993
-12322
-4964
-11928
-25189
-20719
-6636
-5890
-12327
-7243
1880
-1948
-10425
-6694
2696
3247
331
5592
14209
15824
12189
9967
8639
4564
-892
-2995
-779
1369
611
-2
2220
3908
1223
-3165
-4109
-2036
-1274
-1366
1993
6945
7314
4677
4951
5834
2221
-2367
-2631
-614
-19
-492
-374
106
-1557
-6041
-9124
-8809
-9661
-12538
-11553
-6674
-4778
-6706
-7326
-6082
-6708
-9628
-11145
-9269
-7005
-7256
-7550
-5343
-3840
-5614
-7149
-5962
-4992
-5646
-5577
-4566
-4080
-3524
-3004
-2218
4515
18136
25519
19862
15928
22034
21699
8180
2903
14321
19845
11132
9601
18815
14267
-5443
-12582
-3899
-4941
-17592
-17505
-3718
183
-7748
-7273
1931
1203
-8139
-7242
3516
7031
2749
4545
12242
13726
8272
4597
3415
-103
-4362
-4825
-2220
185
936
181
-354
207
-722
-3571
-3664
275
3547
4632
6470
8715
8095
4699
1705
564
-558
-2846
-3574
-974
898
-1213
-3677
-3671
-4801
-8767
-10917
-9099
-7617
-8568
-8191
-4965
-3250
-5452
-7908
-7829
-7663
-9347
-10498
-9061
-7231
-7686
-9046
-8383
-6571
-6957
-8818
-7672
-3868
-3519
-7111
-7332
-3410
-2914
-3209
7703
24680
27649
17822
17139
25071
18675
1651
2297
18109
19574
8665
11268
19551
7249
-13293
-13209
-3269
-9345
-20141
-12157
2730
1408
-7052
-3306
3815
-1715
-9169
-2231
9622
10702
7446
11818
17570
14403
6893
2794
-39
-3758
-4497
-1901
170
1298
1853
92
-2527
-3258
-3592
-3614
423
6905
9589
8404
7760
7151
3604
-1033
-2511
-1093
-645
-1660
-878
921
-1042
-6332
-9251
-8915
-9480
-11176
-10222
-6863
-5314
-6279
-6329
-5217
-6887
-10680
-11175
-8053
-7066
-8458
-7824
-6135
-6619
-8819
-9736
-9358
-8912
-9086
-7593
-3830
-2748
-5070
-5828
-2062
-2907
-3040
10845
27814
29513
18436
19819
26548
16620
695
2549
17876
16643
7503
11541
17294
1992
-19067
-15287
-5655
-12407
-21859
-11126
3889
-988
-8435
-3096
2945
-4277
-9692
864
12210
11319
7994
13005
16839
11036
3023
1264
800
-2730
-3011
1962
4387
2411
2007
800
-2378
-4389
-2387
378
2124
8444
12964
12820
10474
6580
3012
-1318
-3106
-2617
-1646
-506
-590
-939
-2697
-7230
-12400
-14120
-12414
-10241
-8841
-7242
-4857
-3691
-5032
-7816
-9761
-10168
-9891
-9006
-7394
-6315
-7076
-8611
-9137
-9388
-11286
-13221
-12037
-9206
-7656
-5843
-3003
-2678
-4792
-5605
-4919
-179
14209
29604
29830
21616
23463
27376
15002
-26
6002
20601
19007
10811
14873
16502
-2109
-20609
-16417
-7074
-13360
-18735
-5998
6002
-565
-8939
-3936
-1013
-10343
-13297
446
12898
12742
11437
14800
13746
6093
-129
-2454
-4379
-5291
-1863
4147
6869
4664
1889
1025
-575
-3415
-3357
1149
6910
11617
14986
15343
10949
4156
-493
-1943
-2370
-2291
44
3376
3524
-721
-6407
-10880
-13950
-14848
-12733
-8659
-5902
-4714
-3437
-3600
-6723
-11747
-14009
-12593
-9260
-7036
-5447
-3874
-4483
-6239
-10404
-12141
-14239
-14061
-10468
-8888
-4010
-1954
-1375
-6090
-9215
-7683
-9134
2518
21234
32767
29303
21105
22903
18740
5677
-1671
11178
21726
17568
15979
19358
12211
-10768
-21754
-14347
-10884
-15953
-11375
3545
6700
-3083
-7198
-3790
-7322
-11592
-4393
9403
13849
10941
13269
13340
7173
-1577
-3778
-2977
-4228
-657
4667
7695
4391
1680
-538
-5253
-6845
-4857
1536
8005
16766
21194
15604
8679
3385
-348
-4237
-3433
1438
4513
5399
3649
-1310
-9330
-16309
-18117
-14480
-9454
-5803
-2152
896
199
-5445
-12094
-15168
-14037
-10157
-5680
-1974
-471
-2838
-6983
-10689
-14534
-17549
-17167
-11957
-7207
-3718
-2835
-2137
-6424
-10309
-11245
-9236
-4130
8487
30339
32350
29644
20234
23176
13358
-2315
-1666
18123
26543
17127
20389
19685
3933
-22396
-20669
-12297
-13076
-14463
-1398
9326
194
-7617
-4643
-5688
-15608
-15141
2983
15583
14392
12778
16080
10062
-2894
-7543
-1419
-687
-3105
4613
13055
9986
-383
-937
-113
-8042
-10991
-1234
11323
12968
15210
19666
15762
3592
-5205
-3041
-1666
-1633
462
6699
9493
994
-8095
-13083
-16374
-19413
-15869
-6640
-2193
-2480
-2969
-4759
-10891
-16922
-17293
-11808
-5417
-1873
-6
438
-3479
-10304
-13715
-14500
-14878
-13111
-6003
-183
-480
-3015
-4701
-7612
-11615
-12641
-9051
-4093
8194
27633
32767
29484
15995
15967
11645
1488
2265
19032
30412
23204
21534
17114
794
-21177
-21833
-8674
-5554
-5508
1774
11871
955
-13739
-15881
-9602
-13679
-12407
4927
20939
17796
7720
6635
2261
-7957
-12650
-3948
6095
6071
7738
11443
9867
-2327
-10754
-7173
-3382
-724
6454
18337
22688
16952
10792
5892
-502
-5850
-2893
5895
11241
9833
6245
2167
-5751
-15636
-19489
-14414
-8380
-5733
-1890
1797
-2525
-11784
-15984
-16207
-16842
-14100
-6154
-137
341
-3107
-8802
-14001
-17462
-17917
-14599
-8566
-5194
-4226
-3423
-4950
-9455
-13266
-10836
-9355
-7341
-3995
2918
18111
28765
29663
18544
13222
15242
10209
7657
14022
29057
30416
21144
18263
11774
-4904
-19921
-11525
2267
45
-1827
7488
8022
-9926
-20110
-13302
-9035
-12743
-5924
11480
18016
8834
750
260
-3376
-9535
-7272
5743
9902
4982
5955
7101
2678
-7012
-6635
924
2204
4430
10199
16842
14400
5586
2639
3084
1097
-1131
2996
9044
8707
3715
931
-1221
-7111
-11739
-9713
-4276
-2341
-3321
-3361
-4499
-9167
-13332
-13087
-11312
-10609
-8475
-4149
-2310
-5392
-9594
-11642
-12718
-13685
-12270
-8309
-6014
-7084
-7928
-7553
-9557
-12959
-12130
-7932
-6194
-6245
-4534
-3292
-1838
7283
20447
22404
14255
13297
18598
13749
4953
12000
25789
23721
14501
16715
16659
-508
-12512
-2037
7350
-939
-5252
5080
6488
-8698
-15662
-6753
-3778
-11024
-7508
7718
11415
975
-2880
2050
-428
-7769
-4270
5207
5315
784
3961
8302
2658
-4745
-1687
4577
3079
1701
9405
15215
9804
4368
6239
5074
-1404
-1365
5013
6053
2139
1251
1255
-3006
-8011
-9143
-7830
-6203
-4412
-3291
-3546
-4860
-7474
-10447
-10948
-9284
-8481
-7707
-4819
-2903
-4809
-7359
-8082
-8968
-9950
-8360
-5471
-4849
-5691
-5210
-4579
-6165
-8220
-7779
-5762
-4892
-5102
-5016
-5178
-5113
-557
9099
15173
11927
7248
8266
8512
4138
5041
14434
19444
15315
13167
14559
7957
-3574
-3375
6984
9805
4403
4701
8654
3999
-4001
-2883
1200
-2621
-6497
-354
6817
4120
-1857
-1910
-186
-2433
-4636
-3016
-1443
-2054
-801
2783
3111
-623
-2345
25
2023
1765
2340
5025
7389
7848
6872
4628
1508
-356
584
2668
3150
1821
873
1287
1121
-964
-2804
-2696
-2203
-1847
-428
143
-2190
-4434
-4163
-3982
-5177
-5541
-4649
-3834
-3321
-3584
-5153
-6659
-6909
-6564
-6176
-5881
-6192
-6743
-6550
-6170
-6782
-7908
-8363
-8098
-7754
-7705
-7968
-8187
-8066
-8160
-8650
-7713
-4231
-1076
-1202
-2326
-1176
591
945
2202
5188
6635
6656
8826
11332
9613
6450
7726
11868
13637
12932
12223
11615
11362
12557
13241
10511
6483
5725
7962
9074
7434
4840
3196
3082
3652
2944
222
-2312
-2180
-250
489
-915
-2693
-3356
-3222
-3093
-3300
-3978
-4527
-3482
-970
191
-1510
-3468
-3081
-1780
-1792
-2354
-1964
-814
633
2097
2301
676
-735
-175
824
296
-706
-307
912
1394
815
-784
-3213
-4907
-4650
-3861
-4225
-4913
-4740
-4394
-4882
-6350
-8565
-10644
-11170
-9931
-8531
-8538
-9378
-9233
-8150
-8091
-9355
-10273
-10271
-9283
-5942
-1025
1122
-645
-1623
473
2067
1637
2280
4660
6600
8805
12005
12507
9049
7308
10430
13648
13384
12301
12508
12810
13181
14051
12885
8448
4995
6063
8546
8118
5503
3498
2823
3017
2997
990
-2493
-4090
-2623
-859
-1073
-2673
-4113
-4384
-3638
-3338
-4329
-5309
-4579
-2268
-181
-139
-1903
-3108
-2370
-1200
-1241
-1668
-1132
147
1566
2720
2577
959
-82
658
1262
381
-230
621
1334
857
56
-967
-2776
-4194
-4061
-3741
-4593
-5416
-5081
-4833
-6029
-8030
-9527
-10069
-9896
-9487
-9311
-9371
-9180
-8578
-8208
-8586
-9236
-9294
-8517
-7458
-6880
-6694
-5511
-2525
447
929
-451
-812
800
3051
5192
7182
8478
9341
10893
12105
10597
7665
7574
10907
13855
14250
13206
11742
10426
10178
10005
7582
4037
3208
5472
7271
6409
3798
1242
145
470
209
-1840
-3669
-3027
-954
54
-861
-2990
-4899
-5282
-4572
-4242
-4189
-3167
-1186
652
1175
-414
-2969
-3701
-2068
-423
52
519
1546
2479
2931
2491
772
-800
-222
1655
2282
1444
736
383
-270
-1126
-2181
-3668
-4602
-3909
-2768
-3125
-4669
-5750
-5993
-6258
-7142
-8399
-9088
-8435
-6934
-5983
-6392
-7623
-8214
-7354
-6223
-6281
-6743
-6082
-4772
-4092
-4203
-4903
-5583
-4366
-690
2459
2498
1345
1988
3922
5235
5894
6393
6736
7893
10264
11237
8915
6422
7445
10405
11650
10802
9336
8020
7775
8902
9142
6676
3777
3732
5799
6565
4833
2500
1560
2076
2693
2045
63
-1644
-1417
160
674
-952
-2997
-3440
-2648
-2306
-2784
-3078
-2486
-1147
189
217
-1592
-3494
-3272
-1463
-506
-892
-802
431
1411
1270
460
-599
-1293
-638
769
925
-212
-676
-251
-655
-2223
-3630
-4173
-3970
-3130
-2296
-2493
-3519
-4105
-3977
-4316
-5634
-6704
-6351
-4998
-3888
-3780
-4379
-4922
-5143
-5238
-5427
-5661
-5502
-4826
-3996
-3481
-3814
-4768
-5342
-5315
-5033
-4086
-2032
410
1889
1982
1432
1088
1492
2792
4275
5065
5637
6982
8183
7525
5938
5888
7504
9136
10112
10248
9239
8224
8745
9590
8331
5687
4670
5940
7343
7232
5710
3743
2582
2624
2495
817
-1404
-2074
-1101
-451
-1398
-3196
-4568
-5177
-5035
-4402
-4280
-4742
-4170
-2208
-1101
-2284
-4091
-4582
-3955
-2872
-1679
-1059
-820
20
1090
1088
33
-796
-726
-124
572
971
759
301
37
-359
-1245
-2318
-2930
-2634
-1704
-1164
-1589
-2371
-2800
-3079
-3587
-4219
-4641
-4518
-3804
-3141
-3299
-4128
-4690
-4555
-4310
-4568
-5046
-5041
-4451
-3931
-4010
-4578
-5252
-5676
-5527
-4929
-4569
-4377
-3074
-387
1577
1153
-290
-525
640
2315
3998
5130
5571
6437
8076
8622
7095
5716
6771
9482
11701
12242
10982
9056
8516
9481
9348
6929
4768
5247
7170
7872
6459
3941
1874
1152
1160
303
-1823
-3473
-3078
-1698
-1599
-3220
-5173
-6198
-5936
-4947
-4415
-4565
-4069
-2267
-665
-888
-2486
-3729
-3500
-1979
-401
143
69
560
1495
1677
807
-216
-556
76
1226
1681
885
-133
-382
-329
-787
-1639
-2223
-2041
-1102
-213
-358
-1462
-2368
-2442
-2256
-2499
-3040
-3284
-2853
-2017
-1584
-2150
-3337
-4095
-3848
-3154
-2992
-3549
-4069
-3956
-3592
-3832
-4885
-5914
-5921
-4893
-3876
-3758
-4223
-4181
-2969
-959
598
536
-547
-511
1340
3292
4081
4273
4626
5521
6933
7576
6358
5004
6018
8711
10435
10172
8613
6870
6198
6857
7143
5582
3671
3770
5306
5855
4381
1797
-167
-542
61
131
-1157
-2641
-2622
-1582
-1466
-2918
-4655
-5090
-4082
-2884
-2524
-2851
-2993
-2424
-1681
-1896
-3339
-4557
-3977
-2164
-985
-1039
-1417
-1374
-984
-567
-459
-782
-934
-133
1132
1420
491
-291
-148
209
222
106
36
160
730
1217
716
-396
-868
-577
-412
-748
-1181
-1274
-1082
-1056
-1503
-2306
-2947
-3029
-2733
-2466
-2580
-3084
-3421
-3526
-3978
-4647
-4902
-4651
-4257
-3997
-3856
-3823
-3940
-4007
-4012
-4069
-3658
-2030
367
1808
1401
503
695
1725
2781
3807
4637
5178
6151
7373
7102
5364
4738
6273
8139
8760
8174
6926
6035
6529
7538
6900
4590
3178
4030
5401
5160
3351
1421
529
793
1059
-60
-2153
-3284
-2781
-2190
-2889
-4380
-5366
-5279
-4495
-3910
-4117
-4535
-4003
-2586
-1824
-2593
-3722
-3589
-2172
-696
-52
-134
-193
382
1298
1600
1037
553
1029
2124
2764
2397
1526
1066
1239
1337
851
298
337
765
1008
760
-64
-1069
-1482
-1276
-1269
-1722
-2188
-2372
-2190
-1801
-1910
-2795
-3461
-3106
-2478
-2519
-2908
-2978
-2807
-2715
-2755
-3073
-3700
-4026
-3502
-2679
-2550
-3148
-3593
-3433
-3121
-3106
-3279
-3398
-2992
-1338
955
1740
506
-435
447
1989
3060
3924
4593
4916
5558
6387
5817
3961
3532
5666
8043
8531
7493
6000
4805
4736
5402
4850
2747
1603
2812
4275
3684
1478
-586
-1450
-1057
-376
-821
-2339
-3108
-2151
-1067
-1880
-4011
-5083
-4273
-2964
-2333
-2250
-2180
-1640
-633
-231
-1278
-2682
-2624
-989
700
1210
706
236
484
1050
1116
602
328
1077
2469
3075
2138
706
249
690
836
308
-146
107
859
1387
951
-473
-1736
-1646
-687
-395
-1054
-1523
-1231
-791
-862
-1577
-2516
-2777
-2023
-1172
-1169
-1752
-2121
-2049
-2035
-2648
-3627
-3976
-3311
-2424
-2214
-2707
-3204
-3117
-2757
-2925
-3623
-4017
-3616
-2805
-2379
-2783
-3328
-2655
-773
411
-232
-1327
-1119
300
1892
2917
2946
2496
2964
4268
4452
3136
2670
4469
6949
8031
7297
5580
4305
4673
5949
5883
4063
2865
3826
5292
5008
3038
1020
185
693
1588
1288
-525
-1982
-1591
-731
-1520
-3416
-4299
-3723
-2801
-2219
-2127
-2518
-2645
-1807
-1017
-1717
-3046
-2853
-1052
539
906
446
-106
-74
739
1516
1458
1193
1833
3037
3326
2245
988
657
1012
1375
1535
1465
1266
1310
1517
1111
-80
-1037
-932
-204
182
-135
-790
-1248
-1284
-1163
-1375
-2008
-2403
-1945
-1121
-1049
-1923
-2848
-3177
-3202
-3469
-4031
-4459
-4360
-3781
-3246
-3430
-4387
-5179
-4963
-4276
-4113
-4356
-4369
-4138
-3817
-3521
-3741
-4344
-3899
-1707
688
1451
778
230
697
1814
2896
3567
3830
4286
5488
6544
5973
4458
4295
5902
7490
7821
6998
5633
4803
5235
5789
4729
2600
1679
2562
3457
2907
1357
-2
-463
-106
92
-923
-2624
-3220
-2293
-1578
-2366
-3692
-4065
-3454
-2730
-2389
-2409
-2336
-1516
-224
143
-939
-2032
-1624
-21
1304
1503
1066
963
1503
2198
2433
2095
1875
2606
3852
4098
2966
1844
1735
2064
1991
1538
1151
1124
1465
1706
1084
-392
-1492
-1300
-667
-894
-1772
-2322
-2422
-2452
-2549
-2913
-3611
-3955
-3425
-2743
-2790
-3294
-3528
-3427
-3391
-3624
-4036
-4354
-4203
-3540
-2892
-2752
-2946
-3019
-2899
-2786
-2751
-2730
-2599
-2242
-1818
-1665
-1858
-2218
-2507
-2259
-1057
622
1659
1672
1304
1170
1404
1978
2678
3138
3475
4164
4903
4742
3727
3168
3852
5110
5840
5597
4670
3815
3726
4122
3815
2420
1248
1496
2429
2528
1529
292
-420
-347
90
-114
-1282
-2260
-1988
-1175
-1188
-2057
-2703
-2537
-1859
-1228
-1004
-1041
-677
380
1347
1224
259
-228
456
1617
2261
2246
2086
2174
2486
2670
2393
1926
1999
2734
3318
3024
2088
1260
887
725
422
-40
-369
-337
-140
-317
-1135
-2144
-2626
-2490
-2297
-2462
-2805
-2966
-2896
-2838
-3003
-3328
-3509
-3247
-2631
-2175
-2214
-2419
-2323
-2055
-2065
-2388
-2634
-2534
-2121
-1645
-1428
-1546
-1681
-1592
-1509
-1718
-2012
-1992
-1638
-1273
-1189
-1488
-1999
-2375
-2464
-2435
-2285
-1657
-475
612
884
408
-138
-197
378
1354
2186
2567
2867
3360
3523
2965
2360
2590
3632
4754
5249
4846
3965
3407
3437
3416
2778
1983
1927
2583
2993
2535
1510
585
226
401
467
-115
-893
-993
-523
-448
-1146
-1980
-2252
-1886
-1230
-695
-450
-211
377
1020
979
169
-492
-166
930
1884
2158
1966
1759
1735
1754
1590
1305
1329
1921
2604
2568
1658
591
52
-2
-49
-297
-529
-497
-233
-135
-644
-1656
-2434
-2430
-1956
-1711
-1886
-2127
-2136
-1992
-1976
-2278
-2716
-2788
-2226
-1432
-1046
-1191
-1445
-1497
-1471
-1614
-1899
-2040
-1821
-1353
-1007
-1076
-1490
-1865
-1888
-1677
-1608
-1797
-1938
-1786
-1518
-1500
-1858
-2379
-2683
-2536
-2145
-1949
-1995
-1807
-1112
-313
8
-186
-460
-394
140
933
1572
1857
2025
2323
2544
2371
1990
1957
2524
3394
4014
3975
3347
2666
2413
2480
2393
2055
1866
2096
2465
2484
1988
1261
760
718
916
926
663
430
454
531
292
-275
-733
-669
-145
463
850
975
1023
1155
1230
984
553
450
887
1513
1874
1842
1542
1175
912
798
768
815
1029
1320
1349
901
190
-393
-691
-791
-780
-704
-621
-582
-641
-907
-1408
-1884
-1986
-1727
-1431
-1307
-1313
-1357
-1428
-1532
-1656
-1756
-1704
-1419
-1019
-783
-826
-969
-1079
-1236
-1451
-1609
-1591
-1412
-1206
-1102
-1237
-1629
-1935
-1980
-1953
-1930
-1877
-1833
-1821
-1919
-2175
-2514
-2799
-2858
-2686
-2495
-2418
-2392
-2320
-2228
-2166
-2067
-1788
-1276
-661
-182
34
91
223
576
1071
1472
1706
1929
2216
2458
2575
2654
2818
3113
3491
3767
3762
3566
3470
3575
3665
3545
3304
3157
3156
3168
3025
2676
2266
2035
2009
1922
1579
1124
855
834
819
658
418
232
235
360
365
223
116
162
288
282
59
-190
-251
-78
134
152
-5
-112
-30
137
168
28
-94
-51
78
83
-142
-449
-629
-611
-527
-545
-683
-798
-793
-765
-847
-1074
-1248
-1236
-1113
-1048
-1185
-1377
-1453
-1375
-1239
-1233
-1324
-1434
-1475
-1449
-1456
-1517
-1593
-1599
-1545
-1543
-1651
-1837
-1968
-1967
-1936
-1975
-2072
-2206
-2298
-2346
-2435
-2503
-2521
-2483
-2392
-2358
-2379
-2419
-2384
-2247
-2060
-1854
-1687
-1533
-1369
-1153
-840
-431
30
444
754
990
1248
1598
2019
2439
2793
3086
3322
3484
3565
3615
3728
3948
4198
4350
4317
4131
3895
3682
3503
3323
3135
2961
2803
2588
2250
1808
1386
1116
994
900
707
397
115
-69
-185
-289
-456
-608
-630
-569
-475
-429
-501
-499
-420
-384
-382
-436
-444
-331
-129
17
32
1
0
67
130
134
114
140
213
229
113
-118
-355
-482
-488
-452
-462
-527
-616
-699
-800
-945
-1103
-1205
-1202
-1140
-1121
-1199
-1339
-1463
-1544
-1604
-1670
-1706
-1680
-1609
-1578
-1668
-1818
-1961
-2016
-1980
-1921
-1866
-1819
-1720
-1613
-1545
-1556
-1638
-1657
-1622
-1463
-1258
-1186
-1095
-954
-862
-832
-888
-925
-843
-625
-365
-202
-159
-193
-203
-174
-127
-37
151
476
845
1100
1159
1099
1094
1233
1481
1748
1970
2153
2333
2475
2495
2406
2348
2446
2677
2887
2932
2809
2628
2475
2331
2133
1886
1685
1600
1590
1508
1265
932
639
459
319
122
-100
-258
-310
-309
-392
-587
-794
-903
-836
-684
-606
-540
-400
-232
-116
-123
-206
-202
-28
259
512
632
656
672
709
713
631
530
526
628
697
588
325
36
-162
-257
-357
-489
-591
-651
-679
-771
-1012
-1298
-1483
-1539
-1506
-1497
-1558
-1618
-1629
-1613
-1628
-1699
-1757
-1703
-1524
-1329
-1239
-1246
-1251
-1189
-1102
-1066
-1056
-996
-845
-645
-526
-533
-601
-658
-628
-547
-512
-492
-458
-421
-382
-420
-578
-747
-817
-770
-686
-662
-714
-783
-824
-860
-920
-964
-927
-758
-496
-283
-187
-164
-130
-8
176
359
546
760
993
1204
1321
1333
1329
1418
1635
1878
2033
2085
2098
2114
2090
1979
1830
1731
1728
1769
1754
1626
1407
1187
1021
888
760
641
576
587
582
498
338
142
37
52
89
123
164
200
241
241
158
50
2
77
233
359
409
403
383
353
284
197
155
209
321
389
352
220
59
-61
-134
-182
-216
-219
-173
-132
-184
-313
-469
-593
-631
-616
-601
-587
-581
-606
-674
-787
-923
-1027
-1037
-978
-909
-875
-913
-991
-1073
-1176
-1266
-1305
-1279
-1182
-1084
-1058
-1105
-1211
-1309
-1348
-1373
-1342
-1257
-1149
-1049
-1040
-1092
-1182
-1243
-1249
-1216
-1129
-1038
-948
-891
-895
-936
-986
-981
-900
-748
-559
-364
-189
-55
32
85
153
280
482
737
997
1225
1395
1503
1560
1604
1672
1791
1955
2131
2263
2307
2256
2139
2000
1865
1763
1710
1699
1666
1585
1436
1217
989
774
613
502
435
401
360
277
173
102
-53
-149
-127
-105
-14
79
159
201
194
185
185
246
346
483
611
706
761
759
719
655
609
599
627
665
669
624
529
402
255
113
3
-57
-90
-128
-201
-319
-464
-618
-752
-862
-938
-982
-1001
-1017
-1058
-1133
-1228
-1316
-1379
-1411
-1415
-1400
-1375
-1352
-1344
-1363
-1398
-1437
-1433
-1395
-1355
-1297
-1253
-1207
-1177
-1154
-1131
-1118
-1070
-996
-907
-817
-739
-678
-646
-631
-620
-599
-558
-509
-460
-407
-377
-372
-378
-400
-412
-398
-375
-326
-263
-210
-165
-136
-111
-79
-43
13
95
200
310
403
495
572
619
684
754
821
910
1001
1079
1148
1191
1205
1204
1197
1204
1227
1247
1271
1271
1261
1227
1160
1109
1045
1032
1073
1043
1025
1016
973
940
901
875
860
863
877
891
907
895
870
837
809
807
803
811
816
811
802
756
703
643
583
539
484
444
394
332
261
164
68
-31
-123
-197
-270
-334
-412
-503
-596
-708
-811
-902
-988
-1054
-1112
-1160
-1214
-1282
-1341
-1404
-1455
-1479
-1489
-1477
-1466
-1447
-1430
-1415
-1393
-1371
-1328
-1280
-1212
-1140
-1063
-980
-910
-835
-771
-710
-642
-587
-519
-471
-423
-394
-376
-373
-375
-387
-399
-422
-445
-479
-521
-562
-610
-650
-690
-723
-743
-760
-764
-756
-740
-705
-666
-603
-536
-446
-351
-235
-117
18
154
298
450
602
758
914
1063
1212
1349
1483
1604
1724
1822
1921
1990
2060
2100
2135
2151
2157
2146
2128
2085
2037
1968
1887
1795
1692
1581
1469
1345
1225
1096
963
836
700
577
453
342
237
144
54
-23
-103
-167
-223
-268
-296
-316
-326
-331
-337
-337
-336
-337
-326
-316
-306
-299
-286
-284
-289
-299
-317
-350
-365
-406
-440
-468
-519
-584
-639
-706
-779
-835
-903
-964
-1027
-1090
-1135
-1199
-1241
-1286
-1311
-1271
-1314
-1347
-1321
-1326
-1303
-1286
-1253
-1213
-1183
-1137
-1090
-1033
-985
-928
-874
-825
-764
-712
-659
-610
-557
-514
-472
-429
-395
-365
-334
-304
-286
-263
-235
-220
-204
-181
-159
-142
-118
-89
-63
-31
9
46
88
144
191
243
310
368
434
501
574
639
704
788
849
915
978
1037
1103
1150
1193
1233
1274
1304
1317
1337
1348
1346
1335
1324
1304
1273
1239
1197
1150
1097
1041
978
914
851
783
710
647
584
514
448
393
339
280
232
193
155
114
83
62
42
20
5
1
-9
-22
-26
-27
-36
-49
-54
-63
-81
-102
-122
-151
-189
-220
-264
-313
-363
-421
-476
-526
-588
-653
-715
-768
-822
-871
-937
-966
-951
-1025
-1052
-1071
-1093
-1112
-1108
-1115
-1101
-1083
-1060
-1024
-978
-939
-892
-831
-772
-711
-645
-577
-513
-448
-376
-315
-254
-194
-137
-88
-41
-1
33
69
88
107
120
125
124
120
117
93
92
66
47
37
7
1
-26
-35
-55
-52
-71
-69
-81
-72
-64
-41
-28
0
32
77
115
152
211
265
297
350
409
456
507
560
601
651
696
725
759
793
811
829
846
852
853
851
841
827
809
785
757
726
691
653
612
570
526
480
437
390
348
307
265
222
188
149
119
85
61
34
6
-15
-32
-61
-78
-94
-107
-129
-143
-155
-173
-193
-207
-226
-242
-261
-279
-292
-316
-333
-355
-371
-391
-411
-424
-439
-447
-465
-467
-479
-481
-490
-491
-488
-491
-482
-482
-470
-467
-454
-446
-432
-424
-408
-398
-385
-374
-365
-351
-341
-335
-317
-313
-299
-298
-286
-284
-276
-276
-261
-267
-254
-248
-246
-233
-234
-218
-207
-202
-179
-167
-151
-131
-115
-89
-72
-49
-18
6
32
65
92
123
144
175
198
220
244
266
290
311
334
351
369
383
395
404
413
423
424
432
432
434
427
427
418
414
399
396
379
368
354
337
324
306
290
274
252
237
217
201
183
164
151
131
116
102
81
72
57
44
37
27
16
12
6
-8
-8
-14
-21
-18
-22
-21
-21
-20
-20
-27
-21
-31
-36
-32
-47
-49
-52
-65
-68
-80
-92
-100
-116
-130
-143
-160
-175
-191
-209
-223
-241
-256
-267
-286
-292
-305
-318
-319
-332
-334
-335
-339
-330
-328
-317
-309
-298
-280
-269
-245
-228
-207
-180
-160
-136
-110
-87
-63
-40
-14
8
33
58
72
94
112
121
139
150
156
165
171
173
172
179
175
171
182
166
168
166
147
147
134
131
125
116
115
107
102
94
88
72
76
76
60
54
61
57
44
46
36
39
39
30
33
26
28
19
19
22
13
14
9
12
6
9
10
5
7
2
5
11
8
5
6
8
6
6
7
1
18
-1
9
2
-2
0
-10
-13
-22
-24
12
-24
-27
-26
-36
-45
-52
-54
-60
-60
-71
-69
-76
-76
-83
-80
-84
-84
-78
-73
-71
-64
-64
-59
-48
-45
-36
-36
-16
-17
-11
0
12
13
16
23
27
32
36
37
35
36
41
41
41
39
36
38
36
32
28
31
32
25
24
31
30
19
26
22
20
16
22
16
26
10
16
15
7
7
6
1
-6
-4
-9
-3
-12
-14
-17
-16
-19
-20
-26
-18
-19
-16
-20
-20
-16
-13
-13
-13
-8
-5
-3
-1
2
7
9
6
12
4
10
3
5
1
-2
-3
-15
-14
-21
-27
-24
-32
-33
-46
-39
-57
-48
-49
-48
-54
-51
-48
-55
-37
-38
-39
6
-13
0
10
6
22
29
27
35
41
44
48
52
54
54
57
55
53
58
52
56
58
49
55
44
52
46
47
51
42
50
39
42
41
36
41
37
37
34
31
30
24
29
20
20
18
12
11
5
4
-1
-4
-8
-7
-19
-14
-22
-22
-24
-20
-22
-24
-27
-25
-12
-27
-19
-14
-14
-19
-10
-11
-9
-14
-8
-7
-11
-11
-11
-16
-13
-23
-20
-24
-31
-33
-34
-45
-43
-48
-56
-55
-56
-63
-66
-63
-66
-68
-68
-62
-68
-65
-58
-59
-60
-50
-50
-48
-42
-42
-33
-33
-30
-20
-17
-19
-7
-4
-7
3
5
5
9
13
11
15
15
15
20
18
19
24
24
24
31
31
30
35
36
36
39
40
38
42
43
39
44
41
40
39
40
32
37
28
30
26
20
20
15
11
6
8
-3
-3
-7
-10
-15
-17
-14
-24
-19
-22
-20
-22
-19
-18
-17
-16
-15
-12
-11
-9
-7
-7
-1
-3
-5
-2
1
-3
-3
-4
5
-10
0
-7
-6
-16
-17
-14
-22
-24
-27
-27
-30
-35
-37
-41
-36
-45
-43
-45
-45
-40
-49
-44
-46
-47
-44
-50
-43
-44
-47
-43
-42
-38
-40
-39
-32
-34
-33
-32
-31
-26
-23
-18
-22
-17
-8
-6
-8
-4
3
10
12
14
18
26
24
37
35
45
37
45
50
51
35
32
36
42
35
33
42
43
42
39
40
38
35
36
37
35
36
29
32
29
34
29
29
29
32
34
28
27
32
23
33
24
31
28
32
34
25
28
30
23
24
24
24
19
16
22
11
12
8
6
1
-4
-7
-10
-21
-21
-21
-37
-31
-40
-47
-44
-53
-61
-51
-68
-67
-67
-74
-78
-78
-79
-86
-85
-86
-92
-88
-91
-92
-92
-87
-91
-91
-84
-87
-85
-84
-78
-77
-77
-68
-67
-65
-58
-54
-52
-49
-43
-41
-37
-32
-29
-23
-20
-17
-11
-5
-4
1
11
12
18
22
32
27
36
41
41
44
48
56
55
59
65
69
72
70
76
90
73
88
87
89
85
89
90
92
84
86
93
80
85
77
84
72
73
74
65
69
60
63
53
56
49
44
45
36
34
29
26
18
18
10
8
-1
-1
-6
-12
-15
-21
-23
-31
-32
-36
-42
-43
-48
-51
-54
-60
-59
-67
-64
-73
-71
-76
-76
-77
-81
-79
-80
-85
-80
-89
-81
-85
-87
-83
-91
-80
-89
-85
-80
-83
-81
-74
-76
-70
-73
-59
-68
-58
-58
-49
-57
-43
-44
-41
-35
-31
-28
-27
-17
-17
-12
-7
-2
-1
5
10
10
13
22
20
24
28
35
34
35
44
43
42
46
51
48
51
50
54
50
58
54
56
58
57
58
55
64
52
62
58
59
56
57
58
56
55
53
53
51
52
45
50
43
46
42
41
40
39
39
35
36
36
27
33
27
26
22
24
19
12
13
15
11
11
9
1
-1
-1
-6
-9
-10
-18
-21
-20
-20
-28
-26
-30
-31
-38
-33
-48
-45
-54
-48
-54
-45
-63
-60
-61
-48
-63
-62
-65
-62
-70
-62
-62
-64
-70
-68
-66
-67
-65
-68
-67
-67
-59
-59
-51
-53
-53
-54
-42
-45
-44
-37
-26
-33
-27
-21
-15
-13
-7
-8
-4
2
4
10
20
22
18
24
28
32
34
39
38
41
47
50
53
56
54
50
54
56
51
59
65
63
51
57
55
56
47
53
50
52
50
51
47
43
47
47
48
39
38
34
36
30
31
31
33
28
22
22
22
20
16
10
13
13
9
5
0
2
2
-3
-4
-7
-9
-12
-16
-15
-16
-19
-23
-23
-23
-25
-26
-31
-29
-35
-34
-32
-38
-36
-42
-40
-40
-44
-38
-42
-41
-41
-43
-37
-43
-40
-39
-37
-36
-42
-36
-35
-35
-33
-32
-24
-25
-29
-24
-19
-13
-15
-15
-11
-8
-6
-7
-1
0
4
1
2
10
10
16
13
15
17
14
19
17
21
19
17
19
17
20
17
17
19
22
19
15
13
14
18
18
14
10
8
12
11
11
10
7
6
4
5
5
3
5
2
3
0
-4
-4
-4
-4
-2
-2
-10
-12
-6
-2
-7
-8
-7
-10
-10
-7
-8
-7
-9
-8
-7
-10
-10
-6
-5
-6
-5
-8
-14
-9
-7
-11
-11
-11
-14
-13
-12
-14
-13
-14
-12
-11
-17
-18
-12
-11
-11
-16
-16
-16
-15
-10
-13
-13
-10
-19
-18
-2
-9
-14
-11
-14
-12
-11
-9
-8
-14
-11
-4
-7
-8
-5
-1
3
0
0
3
1
3
6
5
4
4
7
9
5
2
9
10
5
5
5
3
3
1
1
0
-4
-2
-4
-7
-6
-8
-9
-7
-11
-14
-11
-10
-13
-14
-15
-13
-13
-14
-12
-11
-12
-7
-16
-11
2
-4
-9
-7
-13
-8
-7
-10
-7
-7
-7
-5
-7
-7
-7
-8
-2
-2
-8
-4
-4
-3
0
-1
-1
2
-3
-2
5
4
6
8
9
10
8
2
6
4
0
2
4
5
7
2
-2
-1
-4
-4
-3
-11
-10
-7
-7
-8
-17
-14
-7
-9
-6
-6
-9
-8
-17
-17
-2
0
-6
-3
-4
-4
-3
-7
-5
-1
-3
-4
-1
-1
-3
-3
-1
2
-2
-3
-2
-3
-1
-1
-3
0
-1
-3
0
1
3
4
4
4
2
2
2
4
5
5
5
3
4
2
0
3
3
2
1
-4
-4
-2
-2
-4
-9
-10
-10
-10
-7
-6
-7
-7
-13
-10
7
-3
-5
0
-4
-7
-6
-5
-3
-4
1
2
1
0
-1
-2
-1
-1
4
1
1
-2
1
0
-2
0
0
1
-3
-6
-4
-3
-3
-1
-3
-4
0
-9
2
-5
-4
-5
-4
-3
-6
-4
0
0
0
-1
0
-1
1
0
3
3
1
-1
0
0
0
-1
0
3
1
0
0
-1
1
0
1
0
1
-1
0
0
0
-1
0
0
0
0
0
0
0
0
0
0
0
0
0
0
0
0
0
1
0
0
0
0
1
0
0
0
0
0
0
0
0
0
0
0
0
0
0
0
0
0
0
0
0
1
0
0
0
0
-1
0
0
1
0
0
0
0
0
-1
0
0
0
0
0
0
-1
0
0
-1
0
0
0
-1
0
0
0
0
-1
0
0
0
0
0
0
0
0
0
0
0
0
0
0
0
-1
0
0
0
-1
0
-1
0
-1
0
0
0
0
1
0
0
0
0
-1
1
0
0
0
0
0
1
0
0
0
0
0
0
1
0
0
0
0
-1
0
-1
0
0
0
0
0
0
0
0
0
0
0
0
0
0
0
0
0
1
0
1
1
0
1
0
0
0
0
0
1
0
1
0
0
0
1
0
0
-1
0
0
1
0
-1
0
0
0
0
-1
-1
1
0
0
1
0
0
1
0
0
0
-1
1
0
0
0
0
0
0
-1
0
0
0
0
0
0
0
0
0
0
0
0
0
0
0
0
0
0
0
0
-1
0
-1
0
-1
0
1
1
-1
0
2
-1
-1
1
2
-2
1
3
1
-1
1
1
-9
-5
-4
-2
-5
-1
-6
-3
-6
-2
-1
-3
-3
-3
-4
-4
-4
-2
-4
-4
-4
-4
-4
-4
-5
-4
-4
-4
-4
-4
-4
-4
-4
-3
-4
-3
-3
-4
-4
-4
-4
-4
-4
-4
-4
-4
-3
-2
-3
-2
-3
-4
-4
-4
-3
-6
-5
-3
-3
-3
-4
-3
-4
-1
-12
-9
-8
-5
-10
-8
-10
-7
-6
-6
-7
-8
-7
-7
-8
-8
-8
-8
-9
-8
-8
-8
-9
-8
-8
-8
-8
-8
-8
-8
-8
-8
-9
-8
-7
-8
-8
-8
-8
-8
-8
-8
-9
-7
-8
-8
-8
-7
-8
-7
-8
-8
-8
-8
-8
-8
-8
-9
-8
-7
-8
-8
-8
-7
-8
-8
-8
-8
-9
-7
-7
-8
-8
-7
-8
-8
-8
-8
-8
-8
-8
-8
-9
-8
-8
-8
-8
-7
-8
-8
-8
-8
-8
-8
-9
-9
-7
-8
-8
-7
-8
-8
-9
-8
-9
-7
-8
-7
-8
-8
-8
-7
-6
-8
-7
-8
-8
-8
-6
-10
-9
-8
-7
-8
-8
-8
-7
-7
-18
-14
-14
-9
-11
-9
-13
-10
-12
-12
-12
-12
-12
-12
-13
-12
-12
-11
-13
-12
-13
-11
-12
-13
-12
-12
-12
-12
-11
-11
-11
-12
-12
-13
-12
-12
-13
-12
-12
-12
-12
-13
-12
-12
-12
-12
-12
-12
-11
-12
-12
-12
-12
-12
-11
-12
-12
-12
-12
-12
-12
-12
-13
-11
-13
-12
-13
-12
-12
-12
-12
-13
-12
-12
-12
-12
-12
-12
-12
-12
-12
-11
-12
-12
-12
-12
-12
-12
-12
-12
-12
-12
-12
-12
-12
-12
-13
-12
-12
-12
-11
-12
-12
-12
-12
-13
-12
-13
-12
-11
-12
-12
-11
-12
-12
-12
-12
-12
-12
-12
-12
-12
-12
-11
-13
-12
-13
-12
-12
-13
-12
-12
-12
-12
-13
-12
-12
-12
-12
-12
-11
-12
-12
-12
-12
-12
-12
-12
-13
-12
-12
-12
-12
-12
-12
-13
-12
-12
-12
-12
-12
-12
-13
-12
-13
-12
-11
-12
-12
-11
-12
-12
-13
-12
-12
-12
-12
-13
-12
-13
-13
-12
-11
-14
-13
-13
-10
-12
-12
-14
-12
-8
-23
-14
-17
-13
-17
-17
-16
-17
-16
-13
-17
-15
-16
-14
-17
-17
-15
-18
-16
-16
-16
-17
-16
-16
-15
-16
-16
-16
-16
-16
-16
-15
-16
-16
-16
-16
-15
-16
-16
-16
-15
-15
-16
-16
-16
-16
-16
-16
-15
-16
-15
-16
-16
-16
-15
-16
-16
-16
-17
-15
-15
-16
-17
-16
-16
-16
-16
-16
-16
-16
-16
-16
-16
-16
-15
-16
-15
-16
-16
-16
-16
-16
-17
-16
-15
-16
-16
-17
-16
-17
-16
-16
-17
-16
-16
-16
-16
-16
-16
-16
-16
-16
-16
-16
-16
-16
-16
-16
-16
-16
-16
-16
-16
-16
-16
-16
-16
-16
-16
-16
-16
-16
-16
-16
-16
-16
-17
-16
-16
-16
-16
-16
-16
-16
-17
-16
-16
-16
-16
-16
-16
-16
-16
-16
-16
-16
-16
-16
-16
