3.14616 -0.333582 0.682346 -0.260371 -0.377669 1.26351 1.12771 -0.125077 0.156182 -0.993996 0.464235 0.19678 
3.05975 0.898148 0.477656 0.437792 0.559914 1.05451 1.06548 0.306136 -0.314733 -0.905333 0.510848 0.100075 
2.84556 1.67146 1.14157 1.43363 1.78201 1.88565 1.47326 0.622415 0.14257 -0.0271512 0.306769 0.0414982 
4.33676 2.69713 1.13333 0.720013 1.24668 1.62405 1.74111 0.55777 -0.0167545 0.162256 0.276277 0.0828486 
3.83333 2.72929 1.34412 0.548651 0.88323 1.50548 1.5708 0.953873 0.153949 0.0336168 0.0259723 -0.0261666 
4.01098 2.73161 1.29464 0.392056 0.737889 1.5263 1.4306 0.823283 0.348694 0.188107 -0.0374569 -0.048411 
4.06425 2.79574 1.20585 0.331382 0.792968 1.29722 1.29137 0.856394 0.447377 0.301583 -0.0598282 -0.063014 
4.21742 2.85797 1.08786 0.117971 0.510354 1.34075 1.41491 0.912145 0.437831 0.198559 -0.0459818 -0.0633282 
3.99727 2.73393 1.0635 0.116068 0.487912 1.49876 1.63706 0.903747 0.216823 0.0217824 -0.0368982 -0.0551188 
3.99525 2.67517 1.0177 0.150638 0.639737 1.5792 1.72253 1.00558 0.146714 -0.126045 -0.0531117 -0.0545506 
4.20127 2.79628 0.773079 -0.209147 0.681478 1.90262 1.94686 0.817719 -0.10316 -0.239195 -0.0522339 -0.0207678 
4.18367 2.7627 0.772947 -0.0677026 0.831921 2.09067 1.9448 0.695443 -0.342532 -0.362463 -0.0430095 -0.000630287 
4.10287 2.72928 0.795435 -0.0108913 0.988022 2.1339 1.94169 0.409702 -0.561072 -0.40535 0.0171862 0.026201 
4.16478 2.72905 0.799737 0.0281114 1.11778 2.24929 1.87283 0.275384 -0.754614 -0.503217 0.0446362 0.0483479 
4.34158 2.89208 0.718935 -0.0559078 1.1331 2.31816 1.84279 0.0709336 -0.870864 -0.45987 0.0537907 0.0742041 
4.44387 2.92101 0.578113 -0.26475 1.14201 2.49841 1.8575 0.0658178 -0.853864 -0.407469 0.0396175 0.0858726 
4.38537 2.74313 0.452556 -0.338066 1.13659 2.44934 1.89723 0.197408 -0.735599 -0.407567 0.0717244 0.0825087 
4.25834 2.47394 0.299119 -0.240243 1.10767 2.44102 2.06801 0.298029 -0.644996 -0.370269 0.0674156 0.0669051 
4.3939 2.44318 0.0763353 -0.322689 1.24516 2.56128 2.04149 0.439741 -0.537553 -0.396468 0.0352713 0.0596614 
4.33174 2.27563 -0.0104289 -0.224373 1.43281 2.60277 2.1264 0.522585 -0.553907 -0.402484 0.00555876 0.049951 
4.26684 2.26467 0.0467979 -0.144851 1.46809 2.72251 2.15345 0.464606 -0.604772 -0.443467 -0.0274776 0.0467591 
4.16024 2.17967 0.128077 -0.077227 1.49546 2.57779 2.11512 0.529559 -0.599806 -0.508037 -0.0357616 0.0363147 
4.13152 2.32627 0.200989 -0.112456 1.32805 2.58202 2.06492 0.515073 -0.529371 -0.563971 -0.0548907 0.0253529 
3.47178 1.94317 0.603918 0.50698 1.59675 2.49898 1.94426 0.544999 -0.56399 -0.58702 -0.0564031 0.00128251 
3.58882 2.07854 0.65869 0.512828 1.61941 2.44384 1.9731 0.613222 -0.523143 -0.674058 -0.078336 -0.00261823 
4.0676 2.77069 0.48205 0.0719986 1.77747 2.07448 1.91573 0.707961 -0.500149 -0.712639 -0.0901597 -0.00374705 
4.1045 2.21711 0.628434 0.691878 1.81929 1.99367 2.10793 0.754501 -0.74412 -0.573486 -0.0984334 0.0103286 
3.73613 1.85148 0.693143 0.994469 2.01887 2.39655 1.76223 0.497833 -0.307296 -0.462498 -0.154662 -0.0188782 
3.66732 1.93447 1.01131 1.20196 1.84766 2.04739 1.52709 0.541682 -0.172835 -0.43454 -0.110004 -0.0312566 
3.97752 2.04007 0.911723 0.969097 1.60203 1.83567 1.33014 0.378222 -0.206115 -0.239527 -0.04578 -0.0336338 
3.69982 1.99695 1.00491 1.11436 1.7958 1.87026 1.23715 0.409303 -0.0463168 -0.271427 -0.101913 -0.0482292 
4.03017 2.05494 0.914423 0.988108 1.9041 2.27985 1.54425 0.433603 -0.206075 -0.503901 -0.124346 -0.02358 
4.00604 2.06772 0.767007 0.999017 2.23971 2.50512 1.64085 0.571496 -0.210213 -0.697277 -0.157837 -0.012044 
3.92931 2.6178 0.745125 0.119283 2.28245 2.51546 1.55706 0.680809 -0.336283 -0.595908 -0.148574 -0.0298006 
3.41989 2.20028 0.905882 0.651634 1.51265 2.27834 1.82071 0.508435 -0.481949 -0.546108 -0.0929002 -0.0256621 
3.34991 2.17715 0.921067 0.501188 1.12178 1.95847 1.74346 0.646868 -0.285534 -0.469477 -0.12636 -0.0594685 
3.47292 2.17417 0.923628 0.646865 1.4374 2.15026 1.81289 0.613038 -0.452079 -0.572723 -0.150164 -0.0396337 
4.08702 2.33653 0.779505 0.329147 1.68616 2.60846 1.97205 0.650971 -0.386185 -0.522015 -0.289282 -0.0422926 
4.52879 2.20947 0.507256 0.154303 2.02981 2.90786 1.83303 0.522977 -0.199679 -0.449885 -0.297129 -0.0540803 
3.5933 2.01081 0.778048 0.627958 1.57691 2.26538 1.77472 0.744647 -0.012756 -0.454103 -0.334097 -0.0748061 
3.34243 1.95765 0.601917 0.587211 1.50955 1.9496 1.46273 0.708259 0.0730347 -0.309201 -0.26887 -0.0878727 
3.43277 1.64278 0.691279 0.815915 1.7312 2.08912 1.53241 0.442222 0.123807 -0.313117 -0.274224 -0.0753684 
4.84957 1.95795 0.0593743 0.513744 1.64757 2.37546 1.8802 0.520635 0.30458 -0.614043 -0.316911 -0.0790037 
4.39928 1.58429 0.504175 0.481001 1.73009 2.62629 1.99736 0.58313 -0.107847 -0.453944 -0.354701 -0.0709002 
3.42004 2.25157 0.495093 -0.0731905 1.32677 2.53369 1.56097 0.680677 -0.241996 -0.497739 -0.262212 -0.0667455 
3.38095 1.933 0.410081 0.505394 1.49404 2.31053 1.80908 0.50449 -0.484053 -0.605913 -0.227383 -0.0445437 
4.8264 2.80752 -0.182514 -0.84575 1.21011 3.00624 2.40089 0.540826 -0.486695 -0.440659 -0.344503 -0.0357645 
5.00781 2.37264 -0.312063 -0.426487 1.67413 2.97845 2.30417 0.531953 -0.521806 -0.534229 -0.296931 -0.033266 
3.74614 2.21161 0.508828 -0.0990196 1.01688 2.36854 2.14822 0.67789 -0.517356 -0.666619 -0.202347 -0.0421731 
3.58969 1.79934 0.368104 0.0212435 1.31765 2.52334 2.25603 0.722354 -0.471474 -0.70418 -0.27692 -0.0471387 
4.47812 1.46317 0.311009 -0.17616 1.92792 3.15322 2.53895 0.322017 -0.733586 -0.584664 -0.340456 -0.0177815 
4.57091 1.54119 0.138196 -0.284111 1.78132 3.10084 2.53632 0.269825 -0.803696 -0.647933 -0.311895 -0.00653282 
4.08742 1.58835 -0.246914 -0.327703 1.68309 3.08794 2.43358 0.20725 -0.859302 -0.66489 -0.285128 0.000898452 
4.36497 1.58142 -0.957035 -0.611435 2.0332 3.70823 2.49366 0.0127744 -1.04332 -0.60661 -0.274768 0.0233647 
4.88511 1.54344 -1.2016 -0.816741 2.03904 4.00607 2.83766 0.184075 -1.21964 -0.560176 -0.226368 0.0491158 
5.55923 2.23289 -1.45781 -1.27789 2.13827 4.55238 3.54757 0.407583 -1.12904 -0.709689 -0.251895 0.0828392 
5.70041 1.859 -1.63086 -0.822915 2.30021 4.15514 3.60727 0.651807 -1.18072 -0.547011 -0.155489 0.0917275 
4.60134 1.58074 -0.9577 -0.572062 2.09676 3.80624 2.80181 0.38084 -0.850654 -0.328185 -0.0804783 0.077318 
3.98433 1.57309 -0.524589 -0.31367 1.77558 3.27655 2.54478 0.483262 -0.647138 -0.374813 -0.0778349 0.0447549 
4.58166 2.1896 -0.527217 -0.5738 1.61764 3.30657 2.62384 0.46122 -0.662618 -0.361439 -0.167836 0.0315473 
5.27798 2.72893 -0.827282 -0.712099 2.21127 3.80976 2.85281 0.488873 -0.67152 -0.479326 -0.237464 0.0194376 
4.32517 2.60429 0.351247 -0.0966724 1.5036 2.82091 2.06991 0.447101 -0.363244 -0.275129 -0.186884 -0.00770891 
3.39059 1.94538 0.85061 1.15643 2.18796 2.6394 1.79886 0.394067 -0.406058 -0.451683 -0.138771 0.00667644 
3.54068 2.03293 0.818124 0.98708 2.20663 2.81389 1.84742 0.389983 -0.43499 -0.452878 -0.118234 0.0182109 
4.54313 2.50735 0.448373 0.539666 2.82489 3.68392 2.39335 0.232784 -0.594397 -0.279171 -0.215015 0.0295575 
4.1705 2.32132 0.676724 1.04851 2.4832 3.04123 2.1288 0.453046 -0.543353 -0.467663 -0.20541 0.0171965 
3.48112 2.22855 1.00108 0.75519 1.62961 2.23339 1.81211 0.618305 -0.242844 -0.473101 -0.251941 -0.0418609 
3.14616 1.94483 1.18803 1.18226 1.77983 2.05104 1.47616 0.476992 -0.223799 -0.388222 -0.233849 -0.0455836 
4.25534 2.56695 0.401516 0.0862331 1.34732 2.44114 2.02162 0.485914 -0.421099 -0.465804 -0.284373 -0.0479984 
4.03916 2.19281 0.421493 0.0577644 1.31474 2.27885 1.96489 0.607252 -0.325394 -0.452987 -0.291875 -0.0680295 
3.69233 2.11475 0.547149 0.266148 1.34626 2.09872 1.69198 0.431965 -0.428289 -0.385504 -0.146656 -0.0488291 
3.63343 1.87982 0.467599 0.384252 1.50762 2.32569 1.75381 0.553095 -0.360926 -0.445973 -0.273559 -0.0625308 
4.47378 2.73771 0.625394 0.179376 1.4282 2.47669 2.17049 0.511203 -0.332531 -0.50421 -0.386821 -0.0714744 
3.74588 2.20953 0.912378 0.75438 1.78915 2.39666 1.85316 0.63563 -0.352781 -0.516904 -0.404842 -0.0606012 
5.23248 3.03323 0.232212 -0.176726 2.20126 3.60121 2.87321 0.241841 -0.354902 -0.388817 -0.342589 -0.025877 
4.20495 2.29515 0.899865 0.790835 2.54336 3.04127 2.27214 0.340029 -0.369735 -0.279322 -0.302937 -0.0109086 
4.43967 2.80142 1.06752 0.230697 2.0897 3.15183 2.40371 0.446704 -0.508232 -0.303296 -0.298983 0.000979347 
4.60343 2.66629 1.01901 0.42324 2.09176 3.11393 1.93176 0.681594 -0.488839 -0.40361 -0.264063 -0.0145049 
5.35603 2.90871 0.746747 -0.219247 2.01308 3.15494 2.46874 0.757485 -0.477377 -0.404964 -0.395872 -0.0561077 
5.72977 2.58939 0.447138 -0.653576 2.39529 3.03792 2.45073 0.388255 -0.360319 -0.500226 -0.376388 -0.0536198 
5.41594 2.35412 0.344476 -0.434293 2.16198 2.98579 2.92648 0.437428 -0.608612 -0.153246 -0.354648 -0.0420471 
4.95004 2.89552 0.391586 -0.154171 1.52454 2.88893 2.63896 0.635496 -0.251564 -0.0874499 -0.347236 -0.0320758 
4.3536 2.91568 0.88985 0.146068 1.60109 2.28091 2.25528 0.719665 -0.310328 -0.171024 -0.265531 -0.00586974 
5.40105 3.329 1.20452 -0.0993543 0.303179 1.13483 1.92951 0.737731 -0.822973 -0.159353 -0.0520515 0.0547027 
4.70509 2.80081 0.91217 0.450474 0.596402 1.45199 1.58539 0.472629 -0.529773 -0.550911 0.160628 0.102324 
5.1182 2.58901 1.19476 0.113957 0.593038 0.82867 2.02218 0.0171785 -0.45786 -0.564163 0.155756 0.133076 
4.49282 2.41473 1.51462 -0.249631 0.425334 1.32966 1.91267 -0.409364 -0.313129 -0.639246 0.142383 0.112281 
4.35445 2.09947 1.56686 -0.283431 0.700221 1.60871 2.39384 -0.751254 0.113031 -0.805208 -0.0249753 0.101831 
3.78066 2.06023 1.65368 -0.523444 0.200407 1.71523 2.06763 -0.770122 0.156949 -0.818008 -0.032358 0.0509521 
3.89171 1.46008 2.34858 -0.767512 0.424804 1.39618 2.03305 -0.990137 0.259837 -0.983557 -0.101691 0.131803 
3.46968 1.40968 2.57751 -0.961758 0.170951 1.36194 2.32135 -0.681504 0.876686 -1.07717 -0.225537 0.103634 
3.33232 1.51245 2.29002 -1.09483 -0.0719323 1.62876 2.39993 -0.46745 1.28482 -1.12665 -0.260038 0.0554448 
3.05534 1.83615 2.51269 -0.971228 0.124561 1.72828 2.25349 -0.10483 1.27209 -0.992318 -0.216149 0.0143097 
3.26012 1.91438 2.44264 -1.19861 0.58934 1.76564 2.30541 -0.434308 1.07265 -0.933904 -0.19685 0.0603234 
3.30525 2.03911 2.02403 -0.56469 0.940307 2.09135 1.84379 -0.351911 0.533476 -0.729242 0.0292896 0.0487546 
3.27724 2.19451 2.06985 -0.287006 0.669163 2.54442 2.01577 -0.615783 0.0964125 -0.670093 0.154774 0.0685489 
3.39905 1.83086 2.12327 -0.456071 0.512567 2.55801 1.84971 -0.629186 0.295742 -0.831306 0.0957588 0.0998945 
3.22346 1.49473 1.88067 -0.783561 0.653897 2.82902 1.48549 -0.650498 0.380486 -0.607365 -0.0312214 0.122472 
3.17682 0.960541 1.2113 -0.500626 0.0827723 2.64273 1.37437 -0.372227 0.867908 -0.765926 0.102326 0.119938 
2.99268 1.1801 1.67527 -0.386555 0.114391 2.39942 0.799369 -0.404633 0.859553 -0.660208 -0.000467178 0.0756388 
3.16261 1.08029 2.22831 0.480041 0.338724 2.52391 1.19642 0.0826318 0.75199 -0.612247 -0.142478 0.0542748 
3.40455 1.23929 2.57574 0.437429 0.393316 2.20987 1.85399 0.244617 0.251982 -0.675328 -0.0498733 0.0453566 
3.43302 1.36083 2.96434 -0.0755012 0.543437 2.05908 2.12072 0.229207 0.320072 -0.563823 -0.00358352 0.0595193 
3.18082 1.6276 2.1548 0.494724 0.0871525 2.05635 2.22692 0.061691 0.147312 -0.461181 0.0800905 0.0268614 
3.26464 1.4116 2.12278 0.104669 -0.130455 2.47344 2.10733 -0.425769 0.127215 -0.535239 0.113768 0.0806183 
3.41864 1.42168 2.10269 -0.599946 -0.422666 2.50669 1.95953 -0.418399 0.539308 -0.423088 0.0953837 0.0994402 
3.16875 1.53682 2.20517 -0.724023 -0.0785704 2.41198 1.70262 -0.562463 0.173618 -0.477568 0.019217 0.0564023 
3.14769 1.54098 2.13799 -0.734311 0.0207598 2.04236 1.82743 -0.338402 0.12737 -0.523942 -0.0216848 0.00753868 
3.31116 1.88385 2.25389 -0.804867 0.256314 1.76767 1.96912 -0.270533 0.433394 -0.397351 -0.190271 -0.00338051 