-46.9194
-33.1301
-15.7041
-22.0684
-22.2199
-41.1612
-42.525
-62.224
-71.3158
-61.9209
-63.8908
-41.0097
-34.7969
-13.5827
-3.73316
-7.21837
-8.8852
-22.826
-33.4332
-53.8898
-68.5883
-61.7694
-48.2832
-39.7974
-42.2219
-24.9474
-10.8551
-5.85459
-2.21786
-0.55102
-3.88469
-18.8862
-29.4934
-35.4031
-33.4332
-42.3735
-41.6158
-66.9214
-81.6199
-83.8928
-70.7097
-64.8
-56.9204
-39.7974
-29.4934
-17.5224
-23.5837
-26.3112
-43.1311
-57.9811
-78.5893
-94.8031
-95.8638
-88.8934
-90.4087
-81.4684
-57.0719
-46.1617
-37.5245
-29.0388
-19.3408
-32.3724
-41.4643
-49.4954
-56.4658
-55.5566
-45.2525
-52.223
-47.677
-45.4041
-66.7699
-70.5582
-81.0138
-87.9842
-93.1362
-92.5301
-82.0745
-69.0429
-57.8296
-57.2235
-63.8908
-61.0117
-55.4051
-50.1015
-55.5566
-42.9796
-21.1592
-22.2199
-27.675
-39.3429
-40.1005
-52.526
-58.5872
-44.3434
-33.5847
-42.0704
-46.3133
-55.8597
-65.7092
-73.8918
-79.3469
-68.8913
-62.9816
-60.4056
-54.6474
-53.2837
-45.8587
-51.3138
-70.4066
-79.1954
-79.1954
-84.0444
-72.3765
-68.1337
-58.8903
-49.4954
-48.4347
-46.4648
-57.2235
-51.3138
-48.4347
-34.7969
-42.0704
-52.0714
-54.799
-72.0735
-83.8928
-102.531
-94.3485
-93.7423
-77.377
-55.7082
-36.9184
-18.2801
-29.1903
-30.7056
-60.8602
-66.6184
-66.0122
-59.0418
-57.2235
-64.6485
-55.2536
-48.1316
-61.9209
-86.3173
-86.6204
-83.5898
-63.2847
-50.4046
-39.4944
-36.6153
-44.798
-55.7082
-70.5582
-66.6184
-71.6189
-75.5587
-54.4959
-55.102
-45.2525
-58.2842
-52.0714
-39.4944
-50.7076
-29.3418
-32.0694
-21.4622
-26.0082
-35.1
-27.675
-25.2505
-20.8561
-4.79388
8.38928
8.54082
9.90459
10.5107
15.0566
9.75306
1.87347
17.1781
26.2699
36.1194
32.0281
31.1189
28.6944
17.0265
13.2383
11.1168
12.4806
15.0566
8.38928
-0.247959
1.87347
0.661224
-22.2199
-33.8878
-41.9189
-29.6449
-29.1903
-24.6444
-16.7648
-22.6745
10.5107
12.9352
21.1179
29.7551
36.877
34.6041
-1.61173
-14.4918
-16.0071
-32.3724
-42.8281
-54.1929
-80.8622
-82.8321
-86.0143
-111.623
-122.382
-136.171
-150.566
-143.141
-134.959
-125.261
-93.4393
-94.5
-89.9541
-101.016
-107.835
-102.986
-101.47
-88.4388
-64.6485
-43.1311
-42.0704
-37.0699
-48.7378
-56.4658
-68.7398
-76.7709
-79.0439
-80.8622
-74.6495
-76.7709
-95.2576
-98.5913
-100.864
-111.774
-105.107
-101.47
-87.075
-76.6194
-77.377
-77.6801
-92.9847
-96.7729
-99.9551
-85.7112
-60.2541
-49.0408
-52.3745
-57.0719
-49.0408
-50.5561
-46.3133
-42.2219
-36.3122
-27.8265
-34.0393
-40.7066
-44.798
-48.8893
-50.4046
-68.4367
-80.7107
-87.9842
-77.6801
-65.4061
-39.949
-9.49133
-6.46071
-8.58214
-13.1281
-25.5536
-35.7061
-22.9775
-15.5525
-17.674
-25.2505
-32.9786
-42.8281
-51.0107
-64.4969
-72.3765
-62.0724
-52.9806
-43.7372
-17.3709
7.63163
19.451
39.6046
28.6944
18.3903
15.3597
15.2082
13.5413
-7.06684
-0.247959
-0.55102
-1.4602
-11.6128
-14.3403
-22.3714
-28.2811
-40.252
-45.2525
-44.9495
-52.3745
-44.4949
-43.4342
-37.373
-18.8862
-6.46071
3.08571
0.358163
-0.247959
-6.30918
-24.9474
-37.373
-41.6158
-43.1311
-50.5561
-27.675
-32.524
-34.4939
-23.8867
-28.8872
-24.3413
-38.7367
-34.0393
-38.8883
-34.4939
-34.6454
-31.6148
-50.2531
-52.6775
-66.3153
-93.7423
-88.8934
-86.1658
-79.65
-87.2265
-68.5883
-65.2546
-42.9796
-50.7076
-58.8903
-48.4347
-58.2842
-58.1326
-53.5867
-55.2536
-54.799
-43.7372
-24.0383
-28.7357
-52.9806
-67.073
-87.5296
-105.865
-114.502
-114.654
-113.29
-76.4678
-66.3153
-59.4964
-51.6168
-55.5566
-47.0709
-47.5255
-39.4944
-33.7362
-34.4939
-39.949
-52.0714
-58.1326
-67.2245
-67.376
-66.7699
-73.5888
-67.9821
-55.4051
-58.8903
-57.8296
-62.0724
-57.2235
-63.2847
-78.8923
-72.9826
-70.4066
-43.4342
-44.1918
-44.9495
-44.1918
-52.9806
-49.6469
-42.525
-26.4628
-6.76377
-11.7643
-10.552
-5.24847
-7.21837
-9.79439
-9.64286
-12.3704
-17.8255
-26.0082
-30.0995
-40.1005
-55.2536
-84.1959
-95.4092
-107.835
-87.9842
-79.8015
-48.4347
-11.0066
-11.0066
-1.76327
-15.098
-22.3714
-40.5551
-44.798
-41.1612
-49.6469
-45.4041
-57.375
-57.6781
-48.5862
-57.6781
-61.9209
-85.4082
-90.2571
-86.7719
-83.5898
-63.1332
-68.4367
-51.3138
-49.4954
-58.2842
-55.4051
-65.7092
-66.6184
-72.9826
-78.7408
-75.8617
-74.6495
-66.0122
-60.2541
-62.3755
-71.0127
-78.4377
-76.7709
-85.4082
-93.5908
-75.8617
-73.7403
-83.4383
-75.5587
-73.4372
-71.4673
-68.2852
-64.1939
-51.3138
-62.224
-61.9209
-67.6791
-63.4362
-68.5883
-78.7408
-87.9842
-79.1954
-80.1046
-72.8311
-78.7408
-59.0418
-47.5255
-59.648
-41.4643
-62.8301
-71.3158
-79.8015
-78.8923
-66.4668
-57.0719
-47.374
-48.7378
-48.4347
-35.7061
-23.7352
-28.2811
-18.8862
-15.2495
-14.9464
-24.4929
-20.25
-33.4332
-32.0694
-25.7051
-19.7954
-18.8862
-12.5219
-7.67296
-21.3107
-9.03673
-12.6735
-15.098
-12.5219
-7.21837
0.509694
2.17653
2.47959
1.87347
-4.94541
-15.8556
-9.79439
-8.8852
-1.4602
13.2383
20.3602
10.9653
7.17704
-1.30867
-18.4316
-19.0378
-5.85459
-10.8551
-54.1929
-85.1051
-136.171
-202.693
-276.791
-299.521
-294.066
-320.129
-385.136
-430.14
-411.654
-351.193
-305.582
-273.912
-296.49
-411.199
-551.062
-660.921
-628.342
-494.541
-330.433
-180.872
-82.6806
-4.94541
28.2398
-16.6133
-113.593
-133.898
-77.9832
13.5413
144.918
277.053
352.515
371.457
355.394
380.548
497.379
626.18
652.849
617.088
561.779
505.107
485.862
472.073
494.348
486.468
466.466
459.647
478.437
492.226
438.585
324.937
180.225
68.0923
32.3311
62.7888
105.823
115.521
36.4224
-59.4964
-97.3791
-90.4087
-69.952
-82.9837
-118.29
-207.845
-302.248
-373.771
-409.684
-376.65
-344.071
-308.007
-276.185
-263.002
-278.761
-355.739
-452.718
-498.784
-459.386
-390.136
-335.434
-305.734
-316.492
-350.132
-358.921
-306.643
-216.331
-174.205
-204.814
-270.73
-318.311
-313.613
-259.971
-174.508
-105.562
-110.411
-160.416
-201.481
-228.15
-195.419
-154.355
-122.685
-77.2255
-33.2816
-15.7041
-22.0684
-28.1296
-13.8857
-19.4923
-19.7954
-4.79388
8.99541
28.0883
80.9724
159.92
250.838
327.513
398.732
446.01
461.617
522.533
581.933
647.091
704.521
707.855
719.371
720.886
750.738
802.864
809.986
821.957
804.834
759.375
733.463
713.916
687.852
671.79
624.664
577.69
522.836
450.859
360.698
237.049
113.855
5.05561
-90.4087
-201.784
-293.763
-379.681
-451.658
-522.422
-595.915
-693.046
-804.572
-972.771
-1137.49
-1243.56
-1296.59
-1273.1
-1231.89
-1180.52
-1155.21
-1134.45
-1094.3
-1014.59
-931.1
-838.97
-765.326
-725.322
-646.071
-511.058
-315.583
-144.96
13.6929
152.04
241.292
275.538
283.114
290.388
293.721
250.687
203.712
158.556
107.036
93.5495
61.8796
34.6041
-6.30918
-66.3153
-171.023
-315.583
-473.175
-617.735
-750.931
-801.39
-801.996
-767.599
-693.197
-593.187
-478.933
-368.013
-227.847
-101.925
8.38928
91.4281
170.83
264.173
404.642
571.477
754.829
948.788
1125.32
1282.91
1419.14
1531.12
1620.83
1675.07
1662.35
1619.77
1601.43
1592.64
1579
1584.16
1596.13
1570.97
1459.45
1263.52
1030.46
816.653
591.024
354.031
123.856
-114.35
-345.889
-576.367
-780.176
-951.86
-1121.57
-1312.2
-1494.95
-1695.42
-1878.17
-2026.36
-2144.41
-2203.5
-2227.14
-2181.08
-2108.95
-1998.03
-1849.53
-1656.33
-1451.46
-1250.53
-1038.38
-824.574
-599.703
-374.225
-166.932
46.1204
286.903
519.199
724.068
894.389
1025.01
1136.69
1193.51
1213.36
1209.57
1125.32
967.881
775.892
562.234
344.181
159.314
-27.675
-232.544
-409.229
-606.976
-817.452
-988.834
-1149
-1289.62
-1398.88
-1463.58
-1487.52
-1437.97
-1349.17
-1209.01
-1045.05
-847.91
-631.827
-387.106
-113.138
127.341
385.094
640.575
889.237
1150.63
1402.17
1644.31
1869.79
2061.02
2228.62
2356.2
2453.34
2516.98
2515.16
2472.13
2385
2251.8
2094.36
1938.13
1767.36
1536.12
1263.06
966.972
647.545
316.299
-45.101
-369.528
-679.863
-984.439
-1240.37
-1495.4
-1737.85
-1994.24
-2266.08
-2483.23
-2655.52
-2782.8
-2865.69
-2918.27
-2880.39
-2769.92
-2593.69
-2352.31
-2068.03
-1810.58
-1572.68
-1350.23
-1114.91
-834.424
-510.148
-181.024
145.828
443.282
701.187
972.275
1200.63
1435.5
1616.43
1715.08
1744.32
1679.62
1542.79
1351.71
1159.72
949.091
753.92
538.292
306.147
75.9719
-176.023
-413.926
-657.436
-900.188
-1131.58
-1349.93
-1551.77
-1670.87
-1718
-1681.33
-1583.14
-1425.54
-1214.16
-1012.32
-766.993
-511.664
-258.608
33.2403
351.303
664.214
981.822
1286.7
1575.97
1839.03
2094.51
2348.93
2552.74
2711.85
2820.65
2883.08
2911.41
2875.05
2823.52
2748.82
2611.99
2413.03
2143.3
1817.82
1471.72
1113.2
758.617
386.458
2.17653
-401.804
-794.42
-1157.64
-1487.98
-1789.37
-2061.37
-2351.85
-2615.36
-2822.66
-3001.92
-3119.2
-3188.15
-3212.39
-3178.75
-3087.99
-2916.45
-2681.43
-2426.25
-2154.56
-1853.32
-1540.86
-1184.16
-788.662
-406.35
-32.0694
289.024
609.208
907.269
1182.9
1424.14
1629.46
1771.45
1875.55
1899.04
1882.07
1819.03
1670.68
1472.48
1227.45
943.182
649.061
354.182
60.0612
-230.726
-530.908
-798.36
-1027.17
-1219.31
-1364.02
-1476
-1559.19
-1585.71
-1535.1
-1439.64
-1297.65
-1110.06
-903.067
-666.831
-394.834
-69.8005
272.81
610.875
938.939
1226.24
1488.24
1768.27
2044.81
2307.11
2541.98
2722.45
2842.16
2937.32
2995.51
3016.42
2992.18
2883.53
2704.72
2436.67
2149.97
1830.24
1475.21
1110.17
706.491
281.447
-136.322
-540
-937.01
-1307.96
-1685.12
-2074.1
-2458.98
-2817.05
-3124.96
-3366.5
-3554.7
-3679.41
-3729.11
-3685.02
-3567.13
-3398.32
-3201.33
-2976.01
-2722.34
-2431.1
-2085.76
-1696.33
-1279.17
-892.157
-535.151
-179.963
182.346
561.931
900.298
1203.21
1463.54
1627.04
1729.93
1805.85
1852.52
1834.48
1769.02
1650.98
1498.09
1304.58
1094.41
871.659
621.027
365.092
104.611
-140.111
-351.95
-519.543
-647.284
-736.687
-820.18
-858.82
-851.244
-789.722
-705.774
-596.672
-469.538
-315.886
-109.35
129.614
398.429
694.368
978.185
1264.58
1569.15
1861
2140.42
2411.66
2627.44
2784.28
2921.26
3011.88
3042.94
3005.51
2903.23
2748.97
2571.07
2337.72
2055.57
1716.29
1319.43
881.963
410.703
-37.9791
-474.387
-896.703
-1290.99
-1698.15
-2122.13
-2505.81
-2868.27
-3142.84
-3388.32
-3574.25
-3668.8
-3748.96
-3737.75
-3678.96
-3579.86
-3408.17
-3207.54
-2954.64
-2681.13
-2373.52
-2043.79
-1718.6
-1367.21
-1000.05
-608.946
-247.243
95.2163
419.946
712.552
970.306
1173.96
1333.68
1441.11
1476.27
1447.02
1360.8
1254.73
1121.23
970.76
814.532
640.423
457.678
266.749
90.5189
-62.6786
-165.265
-226.786
-294.823
-344.222
-365.134
-368.164
-340.434
-284.671
-205.269
-100.864
21.5724
163.405
343.12
556.324
800.137
1033.04
1278.82
1529.45
1765.08
2027.38
2268.62
2508.49
2713.97
2885.05
2997.18
3045.97
3020.97
2930.96
2803.67
2610.93
2369.39
2085.27
1764.17
1405.05
1026.22
623.452
188.408
-250.273
-691.227
-1151.43
-1594.8
-1971.66
-2336.09
-2684.92
-2967.67
-3196.48
-3382.41
-3513.18
-3585.01
-3610.01
-3570.31
-3466.36
-3319.68
-3120.41
-2899.63
-2660.67
-2428.98
-2158.65
-1859.38
-1528.43
-1199.46
-888.369
-598.339
-317.856
-36.9184
267.81
563.294
806.804
1025.92
1171.69
1227
1242.15
1245.18
1186.09
1046.98
858.627
653.758
421.613
205.985
12.026
-139.656
-254.213
-326.645
-361.042
-353.92
-324.372
-270.275
-185.115
-97.8337
30.3612
145.373
271.598
391.762
504.197
622.846
766.497
966.669
1200.63
1465.96
1722.81
1966.01
2188.31
2415.6
2622.75
2803.98
2961.72
3053.7
3088.4
3079.61
3022.64
2914.14
2766.25
2572.89
2304.38
1987.38
1652.5
1305.04
895.298
452.98
-23.7352
-501.36
-984.894
-1446
-1862.71
-2246.54
-2583.84
-2868.27
-3084.05
-3219.52
-3288.61
-3328.16
-3318.92
-3318.16
-3269.82
-3185.12
-3033.59
-2860.54
-2673.7
-2471.71
-2281.39
-2039.09
-1744.97
-1417.82
-1092.18
-794.723
-518.18
-236.03
-12.2189
176.588
343.726
483.741
581.63
646.636
709.218
742.403
730.13
634.817
496.772
351.151
199.621
55.8184
-110.865
-285.429
-456.961
-611.674
-715.775
-756.84
-715.169
-598.339
-486.813
-374.377
-215.573
-53.2837
142.191
328.725
509.652
683.761
849.536
1051.07
1287
1509.15
1737.2
1963.44
2184.37
2416.21
2615.17
2803.83
2964.3
3070.67
3140.83
3169.62
3135.83
3073.4
2924.75
2718.21
2441.97
2112.24
1763.87
1410.65
1049.71
628.149
178.407
-284.368
-716.836
-1141.42
-1539.5
-1875.89
-2203.05
-2498.23
-2747.65
-2930.85
-3055.41
-3112.69
-3134.36
-3110.56
-3062.23
-2969.64
-2850.54
-2691.73
-2496.26
-2310.48
-2114.71
-1926.35
-1715.42
-1468.58
-1235.68
-989.894
-762.75
-515.907
-272.094
-59.4964
113.097
271.295
398.429
465.254
514.35
538.595
546.02
481.771
356.91
192.802
14.602
-136.019
-289.823
-419.988
-544.697
-618.644
-676.832
-708.957
-712.29
-698.198
-637.737
-564.093
-441.808
-265.578
-52.526
175.679
417.522
656.486
898.935
1164.57
1392.77
1628.4
1849.03
2018.9
2213.16
2381.66
2546.38
2694.12
2843.83
2999.75
3112.65
3178.41
3195.38
3141.59
3022.33
2841.56
2620.78
2357.11
2032.23
1654.01
1226.24
773.013
314.33
-137.838
-580.459
-1012.78
-1428.12
-1814.37
-2169.26
-2454.29
-2700.22
-2888.57
-3007.07
-3079.65
-3101.17
-3067.23
-2999.8
-2936.46
-2841.6
-2747.5
-2622.48
-2465.04
-2301.39
-2123.49
-1912.26
-1670.57
-1427.82
-1164.76
-879.883
-607.734
-338.919
-121.018
52.4847
206.591
312.208
364.638
411.006
437.827
454.344
462.83
428.735
348.879
208.864
47.0296
-143.747
-327.251
-504.239
-654.406
-782.449
-893.672
-944.284
-947.011
-872.003
-746.233
-592.126
-383.166
-137.686
101.581
352.515
579.963
796.045
1018.19
1220.33
1435.2
1635.98
1851.3
2046.02
2244.68
2455.46
2643.05
2841.56
2998.24
3128.56
3252.81
3331.76
3361.76
3360.4
3304.33
3178.86
2963.08
2670.33
2323.47
1909.19
1480.81
1025.46
527.988
42.0291
-431.201
-906.704
-1386.6
-1796.79
-2146.22
-2446.25
-2719.01
-2920.7
-3082.68
-3190.88
-3239.97
-3237.4
-3188.91
-3119.2
-3006.46
-2876.6
-2702.49
-2505.35
-2320.03
-2136.07
-1942.72
-1732.85
-1517.83
-1304.62
-1113.85
-903.825
-689.712
-459.84
-215.421
7.17704
226.442
382.367
471.618
509.804
523.896
516.926
477.831
386.61
272.962
137.493
-28.5842
-173.599
-330.585
-454.082
-569.094
-660.77
-681.378
-702.895
-667.74
-596.066
-478.933
-317.25
-112.684
107.187
321.603
528.291
740.434
956.819
1165.02
1375.8
1567.03
1737.81
1883.58
2016.78
2185.43
2349.69
2529.86
2673.51
2803.22
2957.17
3057.64
3157.5
3212.81
3216.14
3175.98
3029
2807.77
2506.98
2136.94
1750.08
1315.19
863.173
384.337
-107.683
-640.313
-1152.79
-1609.65
-2020.61
-2358.97
-2647.18
-2880.84
-3048.29
-3172.84
-3261.94
-3276.64
-3236.79
-3160.12
-3053.59
-2924.79
-2763.56
-2609.15
-2444.44
-2275.18
-2079.85
-1885.59
-1701.48
-1498.58
-1301.74
-1123.24
-946.557
-748.506
-541.97
-337.404
-145.111
31.1189
159.162
280.387
373.123
455.405
508.137
486.771
402.975
297.055
182.801
42.7867
-115.108
-276.488
-396.197
-493.48
-550.001
-540
-478.933
-400.743
-300.127
-169.205
-17.8255
163.708
344.484
526.624
719.825
906.663
1077.44
1224.27
1386.86
1535.51
1693.41
1857.82
2031.78
2201.64
2345.6
2486.52
2600.17
2725.33
2849.28
2923.53
2966.42
2956.72
2894.14
2775.19
2609.87
2389.24
2134.97
1835.7
1474.45
1080.62
670.426
222.805
-254.819
-749.264
-1230.37
-1677.39
-2077.13
-2427.16
-2751.44
-3008.43
-3218
-3323.01
-3363.77
-3327.25
-3256.19
-3168
-3054.04
-2916.15
-2726.28
-2545.66
-2341.7
-2164.1
-1976.36
-1809.07
-1655.57
-1464.64
-1291.44
-1132.33
-957.164
-764.568
-562.426
-353.011
-192.995
-67.5275
31.4219
105.217
203.258
276.144
307.965
305.086
276.144
221.441
141.433
73.699
-2.36939
-86.6204
-147.839
-211.027
-241.636
-241.485
-220.725
-165.113
-84.499
47.3326
219.32
406.157
608.602
800.288
1013.79
1234.42
1439.9
1626.43
1785.69
1913.74
2022.23
2111.48
2199.52
2281.35
2369.39
2460
2533.5
2628.96
2708.97
2769.13
2792.61
2763.06
2685.48
2531.68
2322.87
2067.08
1754.78
1425.81
1052.89
675.579
273.719
-154.203
-593.187
-1033.23
-1455.7
-1850.59
-2184.41
-2498.84
-2770.98
-2988.43
-3155.87
-3252.25
-3283.76
-3275.73
-3197.39
-3080.41
-2925.7
-2721.89
-2489.59
-2235.17
-2015.45
-1822.71
-1655.27
-1489.19
-1357.96
-1250.68
-1175.06
-1095.66
-1008.68
-881.247
-723.2
-565.457
-404.38
-264.82
-118.896
16.7235
115.37
200.985
234.17
236.291
190.984
127.947
89.3066
44.1505
-12.0673
-74.6495
-100.41
-100.107
-61.4663
30.5128
134.463
236.291
350.091
492.984
650.424
824.23
990.459
1159.11
1350.19
1529.3
1720.23
1909.64
2079.05
2235.13
2337.72
2447.73
2552.44
2623.66
2682
2692.75
2676.39
2657.75
2617.9
2564.71
2493.04
2411.06
2303.32
2172.4
2003.59
1765.84
1495.97
1158.66
777.407
387.519
-34.6454
-470.75
-933.828
-1401
-1820.59
-2166.68
-2472.92
-2751.74
-2962.97
-3110.87
-3190.88
-3243
-3232.09
-3178.75
-3120.87
-3029.34
-2894.48
-2718.1
-2524.6
-2303.97
-2110.46
-1931.2
-1746.64
-1562.98
-1372.51
-1209.77
-1048.99
-917.917
-793.814
-659.709
-561.82
-464.083
-381.65
-316.189
-254.213
-171.629
-71.3158
1.72194
19.7541
8.69235
1.26735
-15.7041
-21.1592
-39.3429
-82.8321
-123.897
-171.326
-172.235
-136.777
-31.7663
81.8816
210.683
377.972
565.416
812.865
1048.95
1282.61
1487.78
1669.01
1843.58
2018.44
2161.94
2278.17
2365.6
2453.34
2537.43
2612.75
2678.51
2718.21
2730.18
2708.51
2695.63
2675.48
2622.14
2535.77
2406.66
2252.41
2069.81
1835.39
1572.64
1266.09
917.724
549.202
141.282
-253.759
-654.709
-1066.57
-1493.13
-1910.75
-2277.3
-2592.33
-2881.6
-3126.63
-3309.07
-3416.05
-3454.08
-3438.02
-3367.11
-3281.19
-3135.26
-2969.34
-2771.44
-2517.17
-2271.99
-2068.03
-1891.5
-1709.82
-1548.89
-1381.75
-1254.77
-1129.91
-1016.26
-885.49
-746.688
-597.733
-447.263
-318.159
-211.785
-126.624
-23.7352
46.4235
59.3036
43.3929
22.1786
-28.5842
-49.95
-51.0107
-52.8291
-74.0434
-76.4678
-59.0418
-19.6439
56.1214
133.705
249.323
377.821
529.2
728.463
955.456
1210.78
1453.39
1653.56
1873.58
2076.93
2267.71
2433.18
2549.41
2640.32
2724.27
2775.49
2802.46
2813.22
2795.79
2774.43
2733.52
2712.91
2693.81
2657.3
2573.2
2439.55
2288.32
2084.81
1865.7
1595.98
1288.22
945.909
573.447
190.681
-212.391
-640.616
-1083.69
-1545.25
-1975.45
-2375.34
-2701.28
-3014.04
-3290.58
-3483.63
-3582.43
-3601.22
-3583.34
-3484.54
-3353.17
-3183.75
-2991.46
-2784.47
-2570.06
-2356.09
-2168.65
-2004.24
-1855.29
-1677.09
-1502.83
-1347.81
-1219.31
-1121.88
-1011.11
-892.157
-783.358
-665.164
-557.881
-429.08
-296.49
-163.598
-24.3413
82.3362
144.615
169.466
156.738
167.042
164.769
135.523
100.368
54.6061
23.5423
28.9974
56.7275
118.552
229.472
365.395
559.051
789.075
1071.07
1335.04
1603.85
1852.52
2063.3
2266.5
2440.3
2594.11
2710.48
2803.83
2843.68
2878.08
2890.8
2871.11
2846.71
2794.73
2710.79
2637.6
2560.01
2465.15
2331.66
2161.64
1984.2
1804.78
1627.8
1427.02
1164.72
868.628
544.959
175.528
-199.359
-588.49
-1009.74
-1440.55
-1886.8
-2302.6
-2657.19
-2941.15
-3212.85
-3451.51
-3584.4
-3624.41
-3586.07
-3479.54
-3326.5
-3132.54
-2934.64
-2714.01
-2482.32
-2242.6
-2042.12
-1858.77
-1705.57
-1565.41
-1408.72
-1290.68
-1202.95
-1147.79
-1076.42
-1005.35
-909.28
-811.694
-683.802
-567.882
-460.749
-325.584
-175.266
-35.4031
74.6082
168.254
220.078
239.019
255.99
260.839
235.079
224.775
208.713
213.865
258.718
305.086
400.854
515.411
677.548
899.086
1150.93
1417.62
1675.98
1933.89
2163.46
2377.42
2558.8
2741.55
2840.34
2900.81
2933.54
2921.87
2892.02
2825.49
2741.24
2643.05
2525.46
2426.36
2329.84
2237.1
2127.09
1988.44
1813.42
1622.64
1447.78
1252.61
1033.34
753.617
469.8
160.829
-186.176
-548.637
-943.526
-1359.63
-1784.22
-2180.92
-2529.45
-2869.78
-3180.42
-3453.02
-3661.08
-3765.93
-3788.36
-3730.02
-3593.04
-3407.87
-3193.91
-2961.46
-2716.43
-2449.74
-2213.66
-1990.15
-1817.1
-1675.42
-1542.83
-1421.15
-1326.9
-1272.35
-1225.68
-1181.73
-1117.63
-1022.32
-920.948
-814.876
-673.347
-510.148
-324.826
-137.686
32.1796
161.587
288.569
388.276
468.588
530.564
548.899
525.866
480.71
467.375
478.892
512.077
604.814
708.006
834.231
1008.64
1213.06
1430.2
1656.74
1875.85
2095.42
2305.74
2497.43
2655.78
2774.43
2846.56
2887.93
2887.77
2869.44
2818.37
2732.15
2618.2
2480.91
2350.9
2221.04
2121.79
2012.38
1873.88
1718.11
1570.06
1421.56
1254.12
1080.32
843.474
577.841
280.538
-43.1311
-399.683
-780.327
-1208.1
-1634.2
-2040.15
-2426.71
-2757.5
-3078.74
-3374.99
-3648.65
-3827.46
-3909.74
-3909.28
-3829.12
-3693.2
-3527.27
-3312.1
-3057.23
-2799.78
-2527.02
-2282
-2069.85
-1882.26
-1721.48
-1549.95
-1413.57
-1338.57
-1271.59
-1203.55
-1108.54
-993.986
-841.091
-686.682
-526.817
-349.071
-158.294
35.5133
233.412
387.67
506.167
621.027
724.523
822.866
876.357
895.752
889.388
887.418
890.6
910.754
936.514
987.428
1051.37
1156.69
1308.37
1502.78
1719.62
1914.8
2111.79
2327.87
2522.13
2691.39
2815.65
2875.35
2906.41
2891.71
2844.13
2785.49
2716.39
2623.66
2515.01
2386.66
2268.01
2149.82
2045.72
1949.95
1824.48
1717.5
1597.34
1479.45
1326.25
1093.95
836.049
516.471
191.893
-180.872
-573.185
-1002.02
-1470.25
-1939.39
-2398.07
-2813.87
-3189.36
-3555.16
-3883.37
-4097.48
-4250.68
-4317.05
-4307.96
-4200.52
-4037.63
-3824.12
-3559.85
-3271.34
-2962.97
-2668.4
-2412.31
-2203.65
-1993.94
-1786.79
-1628.29
-1500.7
-1392.51
-1273.26
-1129.91
-975.953
-815.18
-633.191
-458.022
-267.396
-58.1326
158.102
384.488
580.72
718.916
829.382
938.636
1003.64
1063.19
1084.56
1078.2
1051.37
1055.01
1056.68
1057.13
1104.41
1144.72
1200.94
1293.97
1410.2
1540.82
1687.2
1847.97
2031.17
2212.7
2359.99
2483.34
2571.07
2626.23
2658.96
2664.11
2649.87
2638.66
2580.47
2508.49
2440.76
2368.48
2301.5
2242.56
2162.25
2046.02
1933.74
1854.94
1752.81
1605.22
1432.02
1203.21
924.998
603.753
254.02
-148.293
-607.128
-1107.18
-1627.08
-2150.47
-2635.97
-3074.65
-3522.58
-3920.8
-4210.53
-4406
-4505.86
-4519.04
-4466.61
-4336.14
-4159.16
-3926.1
-3631.98
-3361.2
-3070.71
-2811.29
-2555.81
-2279.57
-2016.82
-1759.52
-1566.32
-1406.91
-1259.62
-1125.51
-955.648
-785.631
-589.247
-388.166
-204.966
13.5413
269.477
518.29
764.072
948.031
1128.81
1294.58
1393.23
1476.11
1501.57
1474.45
1423.53
1363.98
1309.13
1271.09
1232.3
1206.84
1188.51
1237.15
1292
1362.16
1478.99
1606.58
1753.87
1918.74
2070.27
2212.7
2326.96
2392.57
2444.09
2467.88
2464.4
2446.06
2412.12
2365.6
2312.87
2260.89
2222.71
2207.4
2167.09
2080.72
2017.23
1960.1
1897.37
1791.45
1644.31
1449.6
1187.45
915.754
583.448
179.467
-263.002
-756.689
-1297.96
-1848.16
-2373.07
-2882.66
-3402.56
-3875.34
-4256.14
-4544.5
-4740.43
-4840.44
-4829.83
-4740.13
-4571.62
-4333.27
-4005.5
-3679.41
-3363.92
-3067.83
-2794.32
-2497.62
-2206.99
-1940.29
-1720.57
-1544.5
-1370.08
-1194.31
-997.471
-789.571
-595.612
-383.62
-173.902
46.575
308.42
564.052
793.318
1003.64
1183.05
1337.46
1474.45
1559.15
1606.28
1612.95
1576.88
1540.52
1507.03
1455.35
1396.86
1336.71
1285.94
1260.49
1259.43
1284.73
1336.86
1430.5
1545.52
1666.13
1823.42
1975.41
2088.3
2173.31
2239.37
2287.26
2323.47
2320.29
2291.96
2244.68
2200.58
2162.55
2149.06
2141.18
2101.33
2055.11
2032.84
2007.23
1962.07
1866.15
1726.75
1538.55
1290.19
1010.01
678.458
282.357
-172.69
-678.196
-1223.1
-1749.97
-2250.48
-2766.29
-3297.1
-3763.36
-4150.82
-4443.88
-4653.75
-4791.34
-4834.53
-4788.46
-4655.42
-4456.31
-4171.89
-3837.46
-3485
-3154.51
-2835.08
-2493.23
-2168.65
-1911.5
-1690.27
-1486.31
-1285.83
-1074.45
-869.579
-662.891
-483.479
-311.189
-136.929
88.852
333.574
597.995
856.809
1097.59
1335.95
1569.76
1744.48
1864.18
1929.49
1960.86
1934.49
1910.1
1879.79
1827.82
1738.11
1638.25
1563.24
1503.84
1482.02
1450.81
1458.39
1482.93
1539.76
1632.49
1734.02
1840.85
1951.16
2051.93
2126.33
2227.25
2318.62
2359.08
2352.87
2355.6
2344.08
2335.44
2298.47
2252.1
2179.82
2076.93
1994.96
1905.25
1805.09
1671.59
1495.06
1290.04
1060.77
811.047
525.866
154.768
-275.579
-753.052
-1256.29
-1740.88
-2243.81
-2763.26
-3273.61
-3723.96
-4058.69
-4322.51
-4527.22
-4665.57
-4716.49
-4703.15
-4598.44
-4392.82
-4114
-3802.3
-3486.82
-3178.45
-2867.66
-2516.11
-2185.02
-1901.05
-1662.39
-1443.43
-1232.65
-1032.47
-823.817
-627.433
-454.991
-292.247
-130.564
78.3964
296.146
506.47
708.158
895.298
1113.8
1298.98
1446.57
1571.12
1669.62
1719.17
1756.75
1792.97
1825.24
1808.42
1762.81
1728.41
1700.53
1689.62
1685.98
1675.53
1687.8
1693.56
1740.08
1833.27
1918.28
1992.68
2059.2
2137.39
2213.92
2276.5
2331.2
2372.12
2392.42
2407.57
2421.97
2412.42
2366.51
2274.68
2137.09
1980.71
1845.24
1694.02
1527.64
1314.43
1087.29
841.05
578.599
318.269
27.3306
-324.22
-718.655
-1173.4
-1622.08
-2064.85
-2526.11
-2979.04
-3404.08
-3764.87
-4061.87
-4283.41
-4452.67
-4557.99
-4607.23
-4567.53
-4428.73
-4204.62
-3935.04
-3621.22
-3291.49
-2954.03
-2581.87
-2236.54
-1942.42
-1703
-1497.52
-1303.56
-1104.6
-895.188
-682.742
-523.635
-387.712
-245.424
-87.075
97.6408
275.689
438.585
573.901
734.069
903.026
1062.28
1204.87
1328.07
1418.23
1490.36
1562.79
1649.62
1722.81
1735.08
1755.69
1790.24
1841.45
1876.16
1880.85
1872.97
1858.58
1858.27
1882.67
1937.83
2024.81
2097.54
2167.7
2251.5
2355.75
2464.7
2523.34
2548.8
2570.17
2597.29
2612.75
2585.77
2514.71
2401.66
2237.25
2059.36
1867.22
1661.89
1406.56
1111.23
795.136
479.801
171.891
-161.325
-545.152
-936.404
-1360.54
-1800.13
-2210.78
-2586.27
-2960.7
-3340.74
-3680.77
-3957.92
-4146.88
-4275.68
-4366.15
-4430.55
-4428.58
-4359.48
-4197.49
-3958.08
-3693.35
-3400.75
-3090.71
-2742.95
-2388.82
-2052.58
-1750.12
-1513.58
-1306.9
-1110.51
-922.918
-748.355
-564.699
-430.14
-310.431
-175.872
-11.1582
178.71
315.087
449.343
580.72
725.129
847.869
974.851
1090.62
1186.09
1258.52
1318.52
1396.86
1483.09
1564.15
1611.73
1640.68
1704.77
1765.24
1814.63
1866.61
1918.28
1961.16
2022.23
2103.91
2199.22
2289.38
2366.21
2426.97
2499.1
2610.32
2709.42
2771.55
2806.55
2828.83
2832.16
2808.22
2730.18
2609.56
2456.37
2286.05
2093.45
1864.18
1584.76
1273.97
912.875
544.201
187.347
-188.752
-579.852
-977.317
-1403.12
-1832.56
-2218.2
-2595.06
-2997.22
-3382.11
-3717.29
-3992.93
-4177.04
-4286.9
-4361.3
-4397.82
-4387.06
-4299.78
-4144
-3895.65
-3615.62
-3325.44
-3025.1
-2702.19
-2329.88
-1993.94
-1714.06
-1460.4
-1209.16
-992.622
-783.358
-561.517
-361.8
-227.695
-143.293
-46.6163
81.427
209.47
320.845
393.277
465.86
556.627
646.636
735.888
817.563
880.296
918.179
943.636
1012.13
1103.5
1198.06
1262.15
1310.04
1397.32
1487.78
1582.03
1667.35
1775.24
1878.43
1962.68
2064.05
2196.64
2311.05
2423.48
2530.77
2621.69
2738.67
2851.86
2916.72
2939.45
2966.27
2968.69
2950.66
2909.14
2793.37
2639.11
2488.34
2309.23
2116.94
1880.25
1594.76
1272.61
917.573
531.473
127.038
-304.976
-781.54
-1244.47
-1731.49
-2198.05
-2622.94
-3049.2
-3461.06
-3835.79
-4134.15
-4365.69
-4504.34
-4587.99
-4598.14
-4556.92
-4446.91
-4276.44
-4040.05
-3757.15
-3477.12
-3166.63
-2835.08
-2450.35
-2082.88
-1754.52
-1492.82
-1269.01
-1074.15
-883.065
-665.77
-491.662
-344.525
-224.665
-108.895
14.4505
144.009
264.931
357.667
432.372
521.32
644.363
753.465
830.14
902.117
948.031
976.821
1005.76
1059.86
1118.5
1154.42
1199.87
1265.64
1366.25
1489.45
1610.22
1706.9
1814.48
1907.83
2007.53
2123.15
2228.01
2340.45
2420.6
2519.4
2625.32
2764.73
2872.92
2945.05
3019
3071.28
3074
3028.55
2918.23
2776.85
2599.26
2412.57
2216.95
1958.13
1646.13
1281.55
930.301
547.687
161.89
-258.911
-738.505
-1214.16
-1686.03
-2156.68
-2612.03
-3034.35
-3452.87
-3832.61
-4155.67
-4389.18
-4536.16
-4609.35
-4636.78
-4615.26
-4505.4
-4355.84
-4118.24
-3824.43
-3512.12
-3189.82
-2853.57
-2514.6
-2159.56
-1835.13
-1576.77
-1334.63
-1133.24
-941.253
-743.657
-553.486
-401.046
-269.669
-145.111
-1.30867
126.583
226.593
329.634
393.58
467.83
564.658
666.184
752.405
833.322
896.965
945.454
1008.19
1085.01
1151.99
1208.36
1252.61
1306.7
1389.59
1482.63
1588.85
1681.14
1804.33
1929.34
2063.45
2192.1
2343.93
2468.79
2577.74
2685.48
2790.64
2917.17
3001.27
3057.94
3092.49
3112.49
3107.8
3076.58
2985.66
2846.86
2656.99
2448.03
2209.98
1951.47
1650.22
1296.4
927.271
539.504
133.554
-305.431
-779.57
-1252.8
-1714.21
-2159.71
-2560.36
-2962.82
-3347.1
-3727.6
-4054.6
-4307.81
-4493.74
-4588.29
-4648.3
-4648.9
-4586.47
-4436.15
-4223.41
-3947.17
-3650.17
-3352.71
-3032.83
-2676.73
-2311.09
-1950.14
-1647.69
-1395.39
-1171.73
-984.591
-770.478
-568.639
-405.592
-285.429
-181.782
-61.9209
64.001
178.861
258.112
318.875
401.005
484.953
582.539
663.001
741.191
804.076
831.655
899.844
982.579
1082.44
1198.21
1290.94
1412.77
1531.88
1646.28
1752.35
1852.52
1945.86
2057.08
2160.73
2286.5
2418.63
2512.89
2596.68
2701.69
2814.58
2932.78
3023.85
3089.46
3153.56
3198.41
3242.36
3213.72
3128.71
2988.54
2780.94
2568.8
2320.44
2031.17
1709.47
1337.16
922.422
484.044
85.0638
-332.555
-777.6
-1262.5
-1733.45
-2181.08
-2601.27
-2992.22
-3397.72
-3761.24
-4081.72
-4321.45
-4495.71
-4582.38
-4604.96
-4577.68
-4502.53
-4364.03
-4136.43
-3874.13
-3573.04
-3287.7
-2992.67
-2637.03
-2278.36
-1932.11
-1636.02
-1364.33
-1099.75
-898.521
-676.832
-473.478
-294.369
-195.874
-121.321
-32.524
71.2745
175.376
236.443
290.539
360.546
453.435
539.959
637.241
705.885
779.225
815.441
853.627
948.031
1056.98
1151.54
1245.64
1362.62
1491.57
1624.01
1740.84
1866.31
1986.92
2104.36
2226.19
2353.33
2496.37
2623.81
2754.88
2861.1
2988.69
3123.71
3229.48
3292.81
3339.79
3380.1
3402.37
3392.98
3302.97
3162.2
2956.72
2714.88
2454.24
2148.61
1824.94
1440.96
1006.82
591.934
169.163
-264.214
-728.807
-1209.46
-1688.75
-2172.59
-2611.57
-3016.31
-3416.35
-3808.97
-4145.97
-4421.46
-4607.69
-4708.76
-4751.79
-4739.22
-4664.21
-4537.53
-4318.87
-4033.08
-3733.05
-3425.75
-3123.6
-2768.41
-2383.52
-2015.6
-1691.63
-1408.12
-1156.43
-938.525
-734.262
-521.816
-320.129
-175.417
-61.9209
30.0582
138.251
251.444
309.026
342.211
383.428
442.828
521.472
589.812
644.969
697.854
754.981
799.531
875.599
997.429
1084.1
1169.42
1240.48
1344.43
1490.96
1630.83
1764.33
1882.07
1995.41
2111.18
2254.68
2393.78
2559.86
2704.42
2839.44
2973.39
3098.55
3244.02
3306
3340.7
3368.13
3382.82
3371.31
3311.91
3200.38
3035.52
2823.68
2592.44
2361.81
2047.99
1693.41
1288.52
860.9
440.706
13.9959
-445.596
-937.768
-1428.27
-1942.11
-2413.68
-2838.72
-3247.09
-3659.86
-4039.3
-4360.39
-4612.84
-4804.07
-4923.33
-4966.36
-4963.33
-4875.9
-4707.24
-4464.79
-4156.73
-3833.97
-3509.39
-3162.99
-2768.41
-2332.91
-1959.69
-1642.08
-1340.99
-1083.54
-840.334
-606.976
-390.742
-200.42
-57.9811
32.4826
125.977
243.716
344.787
400.702
434.493
464.496
515.714
587.236
666.941
746.495
847.717
926.362
1002.73
1108.65
1242.76
1338.22
1422.02
1515.36
1651.44
1748.57
1831.15
1929.04
2021.17
2129.97
2240.74
2383.93
2518.19
2640.93
2740.18
2844.28
2961.27
3084.61
3172.35
3218.87
3267.05
3309.94
3317.67
3301
3248.42
3117.19
2949.3
2732.76
2493.64
2219.37
1899.04
1519.15
1088.35
670.578
259.324
-171.629
-626.979
-1085.21
-1562.07
-2051.21
-2482.62
-2885.39
-3299.07
-3711.99
-4107.03
-4402.51
-4625.11
-4787.1
-4885.9
-4907.11
-4884.99
-4795.74
-4623.75
-4387.21
-4085.82
-3779.27
-3454.84
-3103.9
-2687.79
-2281.84
-1915.9
-1578.44
-1282.95
-998.077
-735.626
-513.179
-310.583
-154.355
-19.6439
96.8832
192.347
319.027
409.642
446.919
488.135
549.96
610.723
681.943
758.011
826.351
892.267
960.911
1032.13
1133.66
1247.91
1326.25
1404.74
1499.45
1632.34
1746.6
1851.15
1955.86
2057.39
2166.79
2273.01
2392.12
2520.77
2641.23
2740.94
2820.8
2927.02
3034.91
3089.92
3149.47
3203.41
3251.45
3261.9
3240.84
3188.71
3054
2882.02
2647.29
2411.36
2154.97
1828.88
1442.32
1011.07
590.418
180.225
-233.757
-681.681
-1121.42
-1563.44
-2011.82
-2453.53
-2847.2
-3236.03
-3657.14
-4066.72
-4415.39
-4651.18
-4833.62
-4954.54
-5000
-4988.64
-4903.02
-4749.37
-4499.49
-4199.16
-3894.58
-3565.76
-3227.85
-2833.26
-2417.77
-2043.18
-1694.36
-1391.6
-1098.09
-854.577
-611.068
-376.953
-182.691
-16.9163
88.549
206.137
319.633
416.31
482.68
527.685
596.783
668.002
771.8
828.776
903.329
985.913
1057.89
1128.65
1241.7
1363.98
1466.11
1551.12
1635.52
1760.69
1880.4
1980.26
2070.72
2170.12
2263.77
2362.72
2454.7
2547.74
2626.99
2697.15
2760.03
2844.59
2929.14
2989.3
3055.21
3100.37
3112.34
3129.46
3094.31
3047.18
2955.81
2803.83
2591.08
2362.11
2133
1839.94
1489.9
1110.93
729.675
311.147
-114.805
-544.849
-983.682
-1437.21
-1857.86
-2309.27
-2745.38
-3130.87
-3544.4
-3938.07
-4285.23
-4541.77
-4734.67
-4875.14
-4937.87
-4926.66
-4863.02
-4737.55
-4544.04
-4276.59
-3952.77
-3618.34
-3275.13
-2909.64
-2516.41
-2141.98
-1800.13
-1502.07
-1209.01
-937.01
-697.289
-468.174
-285.277
-134.049
-6.46071
118.097
255.536
411.158
539.656
640.272
729.523
827.564
959.85
1079.71
1160.93
1239.88
1333.98
1424.14
1522.48
1618.86
1712.96
1777.21
1820.85
1907.83
2016.47
2101.03
2181.64
2255.13
2339.69
2400.91
2460.76
2529.1
2612.44
2671.54
2719.42
2758.67
2811.1
2862.47
2882.92
2915.2
2906.56
2900.96
2869.89
2801.55
2723.21
2604.87
2422.88
2201.95
1991.47
1757.05
1450.66
1092.14
729.22
329.331
-67.9821
-465.447
-854.426
-1259.01
-1692.69
-2111.83
-2538.23
-2946.91
-3360.44
-3775.48
-4151.43
-4449.03
-4674.82
-4838.01
-4941.96
-4970.75
-4904.38
-4791.65
-4615.11
-4371
-4069.91
-3765.18
-3450.15
-3105.41
-2733.71
-2361.7
-2027.73
-1717.39
-1430.39
-1161.43
-901.249
-669.256
-455.446
-241.182
-70.4066
77.3357
216.138
377.821
531.473
665.577
794.075
926.968
1066.53
1178.81
1299.88
1387.32
1468.24
1547.03
1621.58
1705.38
1776.45
1839.64
1894.04
1937.83
2001.02
2070.27
2146.03
2204.22
2276.65
2346.35
2413.79
2483.34
2516.07
2565.62
2567.74
2595.62
2637.75
2668.05
2678.96
2665.93
2648.05
2567.59
2523.65
2452.58
2378.18
2294.23
2166.79
2014.2
1832.36
1642.34
1422.02
1143.81
831.049
507.986
179.164
-169.356
-519.392
-894.582
-1320.38
-1742.7
-2185.47
-2613.7
-3027.37
-3411.35
-3778.66
-4108.85
-4391.45
-4592.08
-4712.55
-4801.04
-4796.65
-4732.55
-4603.75
-4399.79
-4128.09
-3816.24
-3510.3
-3191.18
-2847.05
-2537.32
-2220.32
-1915.14
-1643.6
-1387.81
-1152.94
-904.886
-666.376
-471.205
-269.215
-85.7112
91.5796
274.932
457.223
650.879
813.168
976.973
1137.75
1303.37
1466.42
1609.76
1752.35
1882.07
2002.08
2104.97
2184.82
2251.8
2303.32
2341.51
2368.02
2398.78
2442.27
2467.28
2488.19
2505.01
2522.13
2527.59
2528.04
2502.73
2462.88
2442.12
2390
2376.96
2355.14
2329.38
2305.59
2268.77
2239.07
2173.76
2104.36
2009.05
1909.64
1789.93
1615.98
1440.66
1236.7
1016.98
759.83
465.406
159.617
-152.082
-467.265
-814.725
-1188.85
-1582.38
-1984.24
-2401.55
-2794.62
-3167.09
-3497.88
-3829.12
-4145.97
-4374.78
-4532.98
-4642.39
-4688
-4674.97
-4583.29
-4418.58
-4217.34
-3966.71
-3647.74
-3339.07
-3051.92
-2738.71
-2413.52
-2088.49
-1790.13
-1536.47
-1310.53
-1093.24
-897.309
-706.229
-512.27
-315.583
-135.565
35.9679
232.2
475.558
731.039
938.029
1135.02
1329.58
1508.85
1690.68
1852.97
2006.77
2143
2246.8
2297.87
2375.75
2430.3
2481.82
2509.7
2490.01
2516.37
2525.77
2548.35
2562.59
2575.47
2566.98
2539.1
2482.73
2449.7
2421.97
2343.78
2292.71
2249.07
2210.43
2155.12
2095.27
2019.65
1962.83
1869.94
1786.75
1711.74
1606.43
1464.75
1281.85
1086.98
898.48
700.126
436.463
157.798
-139.656
-432.716
-754.719
-1073.08
-1415.39
-1796.04
-2176.53
-2579.3
-2941.46
-3272.7
-3604.86
-3932.92
-4202.65
-4391.76
-4505.4
-4567.83
-4565.56
-4498.28
-4386.15
-4212.34
-3980.65
-3677.59
-3361.2
-3078.59
-2801.29
-2492.02
-2163.5
-1864.98
-1592.23
-1360.69
-1149.61
-962.922
-794.874
-607.128
-442.566
-286.792
-129.049
68.3954
295.994
553.748
786.499
1006.37
1220.94
1443.69
1643.86
1815.69
1977.98
2093.15
2200.89
2301.8
2376.21
2443.49
2476.07
2479.7
2471.22
2491.52
2523.8
2540.31
2555.62
2539.86
2521.68
2464.7
2406.21
2372.57
2336.66
2252.25
2168.15
2081.33
2016.78
1967.83
1888.28
1833.42
1796.15
1755.23
1687.65
1629.77
1535.06
1451.57
1313.52
1128.35
966.214
810.592
612.39
337.211
84.3061
-180.418
-468.478
-811.846
-1149.61
-1516.31
-1918.63
-2286.69
-2658.55
-2981.16
-3310.59
-3629.1
-3949.74
-4220.53
-4386.76
-4484.95
-4524.5
-4494.65
-4377.36
-4212.8
-4007.17
-3748.66
-3485.91
-3221.79
-2935.85
-2658.4
-2359.43
-2058.18
-1776.64
-1528.43
-1310.99
-1114
-909.735
-694.864
-489.995
-299.824
-92.8332
127.189
360.698
601.177
847.414
1090.32
1297.61
1495.51
1694.17
1903.28
2081.78
2211.8
2321.05
2411.66
2477.43
2506.83
2515.16
2528.8
2514.55
2491.22
2477.13
2461.67
2446.67
2406.51
2373.78
2329.23
2300.44
2268.01
2212.55
2135.42
2049.81
1967.98
1888.73
1835.24
1744.78
1653.86
1582.64
1510.82
1460.96
1419.75
1384.59
1340.19
1289.13
1210.03
1070.16
935.605
794.985
634.362
392.974
146.434
-124.352
-444.536
-782.146
-1126.42
-1456.91
-1843.47
-2204.11
-2576.27
-2922.97
-3236.18
-3529.7
-3808.36
-4063.24
-4232.65
-4323.57
-4352.06
-4339.48
-4209.16
-4074.15
-3899.28
-3675.02
-3416.66
-3130.42
-2878.42
-2608.85
-2350.94
-2062.88
-1776.79
-1533.43
-1282.5
-1054.14
-846.395
-633.343
-422.715
-164.356
105.369
372.063
593.449
854.536
1142.29
1413.38
1617.34
1834.18
2044.96
2206.04
2358.48
2460.76
2536.37
2553.8
2565.92
2521.37
2491.22
2457.43
2405.45
2337.57
2273.01
2244.37
2199.98
2138
2072.84
2033.6
2000.11
1942.68
1870.85
1817.21
1743.11
1657.5
1576.43
1481.12
1399.89
1308.67
1249.88
1175.78
1115.02
1058.34
1011.67
977.427
948.334
928.786
876.205
815.138
721.947
608.754
435.554
224.169
-32.3724
-316.644
-620.766
-953.678
-1292.5
-1651.63
-2034.24
-2442.62
-2804.47
-3161.78
-3483.63
-3759.42
-3986.56
-4151.43
-4229.47
-4219.62
-4173.86
-4078.39
-3948.53
-3791.09
-3592.28
-3357.56
-3121.93
-2861.75
-2609.15
-2359.73
-2119.71
-1883.47
-1610.41
-1360.69
-1137.03
-890.793
-640.313
-388.318
-105.562
164.163
433.736
726.796
1007.43
1279.73
1560.67
1805.39
2018.9
2215.28
2390
2526.83
2629.41
2669.12
2678.51
2658.2
2589.41
2525.31
2412.73
2337.72
2258.62
2168.91
2089.81
1998.59
1951.31
1880.25
1817.51
1764.48
1701.59
1627.19
1557.79
1471.87
1387.17
1309.28
1189.27
1096.23
1013.95
960.304
887.57
818.169
760.89
717.856
713.764
688.913
685.276
679.973
654.213
582.842
460.708
332.513
188.862
0.661224
-235.727
-490.146
-771.69
-1059.14
-1365.08
-1676.93
-1977.72
-2292.3
-2607.18
-2906.3
-3145.42
-3357.56
-3519.39
-3636.38
-3725.32
-3747.6
-3734.26
-3696.23
-3623.34
-3474.84
-3329.98
-3169.81
-2974.04
-2760.98
-2523.54
-2317.76
-2109.1
-1860.29
-1611.47
-1337.66
-1060.81
-770.933
-461.507
-170.114
118.4
425.856
738.009
1039.1
1301.4
1540.36
1792.66
2035.57
2228.92
2376.51
2513.49
2597.14
2650.33
2681.54
2690.18
2672.6
2600.77
2496.22
2368.78
2259.83
2178.16
2077.54
1962.22
1869.94
1837.67
1779.33
1703.41
1614.01
1534.3
1404.59
1259.12
1150.63
1036.83
934.696
816.957
700.126
592.691
509.956
443.282
382.67
334.938
319.482
310.844
302.965
302.965
318.724
312.966
241.14
133.402
38.9985
-49.4954
-189.055
-384.53
-594.399
-797.299
-1051.26
-1301.29
-1522.83
-1764.37
-2024.7
-2274.87
-2485.35
-2666.58
-2825.99
-2971.31
-3109.35
-3217.55
-3266.49
-3287.7
-3280.58
-3248
-3181.63
-3088.14
-2980.25
-2820.54
-2633.7
-2438.68
-2213.35
-1998.94
-1744.97
-1447.37
-1158.7
-857.608
-567.427
-273.155
22.027
334.483
631.483
940.454
1227.76
1468.24
1675.53
1892.98
2108.6
2263.47
2401.21
2487.13
2541.07
2589.71
2607.14
2623.81
2581.98
2521.83
2453.18
2376.21
2287.41
2191.64
2096.94
1976.17
1855.7
1739.78
1623.25
1485.96
1350.5
1214.72
1041.83
893.783
770.437
627.846
496.469
380.094
266.294
172.648
103.854
49.3025
13.8444
-24.1898
-26.1597
5.81326
30.3612
25.8153
14.1474
-22.6745
-68.1337
-131.777
-224.968
-307.855
-400.895
-509.997
-654.406
-803.663
-965.649
-1116.88
-1283.41
-1449.03
-1619.2
-1783.01
-1925.75
-2076.97
-2213.81
-2356.09
-2478.08
-2604.3
-2718.4
-2779.62
-2831.14
-2843.27
-2829.32
-2788.87
-2702.19
-2570.81
-2438.68
-2248.2
-2002.12
-1784.67
-1550.41
-1294.62
-998.986
-700.016
-404.38
-97.076
230.836
558.748
857.112
1147.75
1410.65
1645.53
1813.57
1969.04
2125.12
2251.8
2339.54
2394.69
2425.15
2440
2433.64
2418.18
2374.99
2310.9
2243.92
2157.85
2079.81
1982.68
1907.22
1795.84
1650.83
1507.94
1379.59
1235.03
1089.41
942.121
776.952
628.756
464.193
299.783
159.465
28.6944
-104.501
-205.269
-256.032
-308.007
-333.767
-335.737
-338.464
-329.221
-307.4
-281.337
-269.215
-244.061
-228.756
-237.848
-284.822
-334.373
-371.498
-427.564
-480.751
-558.335
-641.525
-724.413
-810.027
-913.22
-1039.75
-1189.16
-1350.84
-1496.46
-1629.2
-1788.31
-1930.29
-2102.43
-2277.9
-2403.07
-2494.44
-2562.33
-2599.6
-2617.94
-2572.93
-2497.47
-2374.88
-2192.44
-1981.51
-1747.4
-1509.95
-1244.16
-957.012
-650.011
-342.101
-46.4648
213.865
489.196
754.071
985.459
1216.69
1408.23
1582.94
1704.62
1821.91
1947.22
2058.75
2142.85
2203.01
2234.98
2237.1
2240.74
2230.43
2207.86
2141.94
2095.57
2048.45
1962.98
1866.46
1733.11
1572.34
1381.71
1181.69
1010.31
813.926
599.207
396.459
191.59
-9.18826
-196.783
-343.313
-464.235
-578.034
-645.92
-705.017
-723.2
-722.746
-712.29
-681.833
-642.283
-599.097
-548.334
-495.753
-427.413
-387.712
-346.647
-314.219
-313.613
-316.947
-310.583
-310.28
-330.888
-346.495
-369.983
-398.016
-425.594
-465.598
-533.939
-611.674
-712.745
-845.789
-1008.84
-1160.52
-1320.99
-1489.19
-1675.57
-1859.68
-2008.48
-2116.22
-2182.44
-2208.35
-2191.99
-2131.22
-2034.7
-1932.72
-1772.1
-1556.92
-1338.72
-1084.6
-820.786
-516.21
-196.783
103.096
377.366
615.875
842.868
1041.98
1239.12
1397.02
1541.58
1649.47
1730.38
1799.33
1890.25
1964.65
2013.14
2036.93
2045.42
2060.72
2048.75
2022.23
1987.38
1925.71
1845.85
1758.11
1635.98
1517.48
1372.77
1162.9
925.907
710.279
458.738
193.408
-77.2255
-310.886
-544.849
-719.715
-868.064
-988.985
-1059.75
-1114.3
-1132.94
-1115.06
-1041.41
-948.829
-863.366
-785.783
-678.499
-574.094
-484.237
-418.624
-320.281
-209.815
-110.411
-32.0694
25.0577
102.944
154.768
172.497
151.586
147.797
131.584
101.278
53.2423
-5.4
-90.8633
-217.24
-356.042
-527.726
-702.289
-885.793
-1084.6
-1298.56
-1486.76
-1661.33
-1821.65
-1950.45
-2023.94
-2045.91
-2019.24
-1957.87
-1831.04
-1645.42
-1430.39
-1206.13
-945.344
-669.862
-382.257
-105.259
148.252
387.822
611.026
815.441
991.368
1157.45
1300.34
1428.08
1515.66
1580.22
1645.07
1701.29
1745.23
1780.99
1814.94
1817.06
1807.21
1769.02
1733.57
1675.38
1617.8
1538.85
1417.47
1276.4
1071.98
858.021
584.66
293.267
5.5102
-251.637
-513.331
-756.537
-977.62
-1173.09
-1321.75
-1456.91
-1522.37
-1534.04
-1500.7
-1416.15
-1307.65
-1164
-1005.5
-859.578
-689.561
-547.273
-393.167
-249.213
-128.14
-7.82449
108.854
218.562
309.935
389.792
427.371
466.466
499.651
521.623
516.017
528.442
528.139
486.771
441.767
357.667
237.352
99.0046
-67.9821
-256.941
-465.901
-694.41
-920.645
-1162.94
-1398.27
-1584.5
-1740.58
-1846.35
-1909.23
-1925.14
-1895.74
-1821.19
-1676.02
-1494.04
-1266.13
-1033.69
-802.148
-568.488
-321.19
-58.7388
197.348
418.734
624.21
812.411
978.337
1124.72
1235.79
1325.64
1382.17
1402.77
1430.5
1476.11
1518.09
1537.48
1541.27
1527.64
1502.63
1455.35
1381.41
1287.76
1168.36
1010.31
796.045
576.326
334.029
82.3362
-187.994
-448.021
-682.287
-901.855
-1123.7
-1315.53
-1436.91
-1529.34
-1578.44
-1576.01
-1521.16
-1450.09
-1339.17
-1211.74
-1062.17
-877.307
-696.076
-510.906
-319.371
-121.018
48.5449
215.683
364.941
492.378
604.208
697.55
776.801
854.233
893.783
946.212
971.215
1000.46
1017.73
1010.76
978.64
898.328
826.958
712.855
565.719
400.399
217.805
-7.97602
-260.578
-522.725
-769.114
-999.441
-1244.16
-1444.49
-1599.05
-1695.88
-1766.34
-1772.85
-1733
-1638.45
-1511.77
-1337.2
-1136.12
-912.008
-675.923
-474.387
-245.576
-42.2219
161.132
320.997
464.951
592.237
700.126
779.68
839.535
916.209
968.79
996.975
1015.16
1073.95
1117.74
1140.17
1125.32
1086.83
1038.19
950
848.172
712.249
562.991
394.944
168.103
-64.4969
-287.55
-523.786
-772.448
-1003.99
-1172.03
-1333.11
-1469.79
-1545.41
-1552.98
-1540.86
-1513.43
-1436.76
-1320.38
-1159.31
-986.106
-792.753
-595.157
-362.709
-163.749
22.3301
189.014
319.027
445.555
550.717
646.788
742.858
836.201
923.179
1001.07
1087.59
1153.66
1186.54
1239.58
1265.03
1287.76
1281.55
1247.15
1212.15
1134.56
1024.55
903.632
712.249
514.047
276.75
-0.702551
-265.123
-513.331
-754.719
-1016.11
-1223.25
-1382.06
-1504.34
-1578.14
-1591.62
-1552.53
-1489.79
-1394.48
-1242.04
-1070.05
-883.368
-689.258
-497.723
-311.946
-122.988
47.9388
201.288
321.3
410.4
467.375
501.621
545.111
572.841
586.782
580.266
568.749
566.325
552.687
517.381
449.04
369.79
295.994
192.802
67.9408
-54.799
-192.086
-363.012
-537.272
-701.835
-838.061
-973.377
-1104.75
-1219.01
-1296.9
-1342.96
-1350.08
-1340.69
-1285.23
-1192.64
-1065.2
-923.524
-745.324
-551.062
-394.682
-199.208
-9.33979
178.861
336.301
471.921
610.117
720.886
822.563
914.845
996.369
1080.92
1165.48
1235.94
1315.34
1400.35
1495.51
1548.24
1602.49
1636.28
1662.65
1642.65
1598.25
1544.3
1441.87
1319.43
1149.26
979.397
770.891
523.593
249.778
-13.1281
-261.335
-506.36
-762.144
-989.44
-1165.97
-1332.96
-1458.28
-1551.32
-1577.68
-1575.56
-1527.07
-1451.91
-1318.56
-1146.88
-1007.02
-866.851
-734.868
-591.672
-456.052
-319.523
-198.45
-107.835
-52.9806
-7.21837
7.63163
15.0566
2.93418
-17.674
-61.0117
-97.5306
-107.683
-144.657
-191.48
-239.363
-310.583
-372.71
-419.988
-486.207
-539.394
-632.888
-705.32
-766.538
-821.544
-864.124
-892.915
-923.069
-928.979
-909.583
-854.123
-799.269
-725.625
-629.403
-541.212
-422.412
-292.702
-139.05
-3.27857
122.946
252.05
385.094
514.501
639.211
758.163
860.9
961.517
1059.1
1161.54
1239.27
1318.22
1382.77
1434.75
1519.45
1608.1
1687.95
1733.57
1757.36
1781.6
1786.3
1781.9
1755.23
1690.23
1597.04
1466.72
1285.94
1113.5
917.421
661.183
409.642
139.312
-164.356
-427.564
-702.744
-986.258
-1250.68
-1455.55
-1618.59
-1735.42
-1777.1
-1790.28
-1776.04
-1721.79
-1636.02
-1512.07
-1357.2
-1222.04
-1085.51
-974.287
-855.335
-732.595
-655.921
-613.341
-594.854
-603.188
-632.131
-630.161
-619.402
-629.555
-661.376
-687.591
-687.136
-690.47
-691.834
-664.71
-658.497
-637.131
-589.55
-535.302
-471.811
-432.716
-399.986
-390.136
-371.498
-336.797
-289.823
-260.729
-250.728
-223.453
-189.661
-135.716
-86.7719
-25.2505
33.998
121.431
201.894
297.055
393.125
497.53
601.48
708.158
832.413
957.425
1070.77
1146.69
1229.42
1300.95
1376.56
1439.14
1506.12
1577.94
1639.77
1712.5
1782.36
1839.64
1895.4
1904.49
1875.25
1849.18
1826.91
1795.84
1732.81
1651.89
1522.48
1366.41
1210.48
1001.98
749.374
460.86
143.252
-192.54
-491.662
-777.751
-1072.93
-1361.6
-1610.72
-1800.58
-1942.26
-2046.37
-2120.01
-2152.74
-2144.25
-2121.22
-2055
-1946.51
-1863.77
-1784.82
-1711.79
-1625.41
-1520.55
-1427.67
-1374.93
-1356.6
-1344.17
-1342.81
-1320.99
-1294.93
-1257.65
-1221.74
-1193.7
-1144.46
-1045.51
-904.886
-791.389
-682.893
-566.366
-412.108
-264.366
-137.08
-17.674
70.3653
150.828
201.894
243.262
287.206
313.723
308.268
311.299
314.633
335.695
375.396
366.911
389.034
441.767
475.104
557.082
670.578
791.196
902.42
1011.52
1120.32
1220.63
1303.67
1361.86
1399.14
1435.66
1502.18
1541.58
1592.04
1644.16
1663.71
1669.77
1668.86
1664.16
1712.65
1749.17
1767.66
1778.57
1781.3
1777.36
1744.63
1664.77
1553.09
1416.41
1224.73
1042.28
836.656
584.812
281.144
-41.1612
-330.282
-644.101
-949.284
-1238.4
-1531.46
-1820.74
-2061.67
-2237.45
-2391.25
-2480.65
-2550.51
-2583.24
-2580.21
-2549.6
-2477.02
-2373.07
-2289.88
-2199.56
-2128.5
-2046.97
-1968.78
-1919.38
-1879.68
-1851.95
-1804.83
-1748.61
-1653.3
-1532.07
-1387.06
-1251.74
-1107.63
-884.732
-629.706
-387.712
-161.78
63.3949
284.933
483.892
674.063
850.293
971.518
1058.8
1114.11
1140.47
1140.63
1122.29
1060.62
975.609
908.026
856.809
844.99
822.109
820.29
838.474
889.085
942.121
997.429
1086.98
1173.2
1258.21
1348.98
1395.65
1451.42
1476.11
1479.6
1464.45
1451.57
1424.29
1388.83
1347.16
1308.67
1261.85
1225.63
1224.27
1226.39
1236.09
1249.88
1273.67
1287.31
1313.67
1304.73
1296.55
1239.88
1148.66
1030.01
874.841
678.306
436.16
188.862
-130.413
-455.294
-810.482
-1160.67
-1515.4
-1856.95
-2162.74
-2443.83
-2696.13
-2880.69
-3020.71
-3127.08
-3159.21
-3148.14
-3088.44
-3013.89
-2906
-2779.17
-2657.03
-2540.05
-2436.86
-2337.3
-2261.39
-2160.77
-2058.03
-1951.51
-1825.28
-1681.78
-1499.49
-1297.5
-1066.57
-800.481
-516.21
-241.333
51.2724
387.216
684.67
970.457
1219.42
1447.48
1612.19
1732.35
1828.42
1873.58
1858.43
1829.94
1771.6
1691.89
1621.58
1530.21
1435.66
1334.28
1266.85
1233.51
1222.6
1191.99
1192.3
1201.39
1202.75
1214.88
1214.12
1229.42
1228.97
1200.33
1176.84
1131.99
1054.4
961.214
859.385
767.255
694.065
652.394
607.996
591.782
607.39
638.757
690.277
747.252
852.869
939.999
1023.95
1099.71
1138.81
1152.75
1104.41
1005.16
866.052
662.547
422.825
135.675
-160.416
-486.207
-831.999
-1209.61
-1563.74
-1911.05
-2215.78
-2466.56
-2683.4
-2813.57
-2911.3
-2974.64
-2994.34
-2984.79
-2964.19
-2924.33
-2875.39
-2833.26
-2772.8
-2699.46
-2598.39
-2472.62
-2350.94
-2220.63
-2079.55
-1902.26
-1700.27
-1467.67
-1217.04
-938.222
-629.403
-311.037
34.7556
383.731
715.128
1018.64
1285.03
1539.91
1775.08
1973.59
2130.73
2224.52
2297.71
2315.9
2302.26
2281.5
2235.74
2175.43
2068.6
1954.95
1847.21
1729.78
1611.58
1488.84
1370.95
1275.49
1199.87
1127.9
1056.37
1000.76
936.06
855.9
793.469
720.28
630.877
515.108
404.642
327.058
220.078
106.127
22.7847
-40.5551
-52.0714
-31.6148
18.0872
101.278
221.441
339.787
447.222
547.535
645.575
704.975
728.917
718.31
677.7
592.237
438.585
232.048
-17.0679
-277.094
-556.365
-854.274
-1131.27
-1358.87
-1563.59
-1741.49
-1863.32
-1970.6
-2056.97
-2144.41
-2223.05
-2281.39
-2329.42
-2347.46
-2389.13
-2411.55
-2412.62
-2426.86
-2438.83
-2409.58
-2380.19
-2319.42
-2245.48
-2108.04
-1928.93
-1726.79
-1463.28
-1189.01
-854.577
-536.666
-195.268
152.646
475.104
791.196
1091.53
1360.04
1594.31
1815.54
1994.96
2134.67
2248.01
2336.96
2391.36
2377.72
2327.26
2263.01
2169.06
2068.45
1954.04
1850.24
1717.65
1585.52
1451.11
1335.8
1212
1087.29
981.973
859.385
766.194
667.85
570.265
440.858
309.329
158.253
4.90408
-137.535
-271.185
-365.74
-447.566
-500.754
-519.089
-505.299
-489.237
-445.142
-392.258
-318.917
-250.273
-171.478
-82.226
-51.0107
-12.6735
-5.70306
-51.9199
-118.745
-214.209
-318.917
-437.717
-569.851
-695.925
-800.936
-894.885
-992.319
-1047.48
-1104.6
-1132.18
-1145.21
-1143.24
-1149.91
-1144.46
-1142.33
-1152.03
-1147.79
-1153.09
-1175.97
-1224.92
-1253.41
-1305.38
-1328.41
-1344.02
-1387.66
-1394.33
-1382.51
-1351.9
-1268.56
-1141.88
-1002.32
-814.422
-620.614
-393.167
-142.99
125.977
403.733
649.061
885.448
1096.53
1289.13
1442.02
1566.12
1660.07
1698.26
1705.84
1724.47
1717.2
1701.59
1664.47
1629.46
1595.07
1576.43
1550.97
1509.75
1467.33
1440.35
1412.77
1339.59
1310.79
1225.03
1103.35
952.728
772.71
597.086
421.31
248.565
56.1214
-126.473
-294.975
-429.383
-563.639
-659.709
-728.959
-775.782
-799.269
-806.088
-789.722
-765.629
-763.053
-772.902
-769.417
-790.177
-824.423
-868.973
-931.1
-1004.59
-1065.81
-1132.79
-1190.52
-1212.95
-1233.86
-1233.4
-1241.59
-1213.25
-1145.67
-1076.27
-1021.41
-947.92
-865.033
-763.962
-680.166
-590.914
-498.784
-422.715
-330.433
-289.52
-225.574
-181.175
-152.233
-119.654
-101.47
-43.8888
8.84388
25.5122
50.0602
74.9112
121.431
188.711
246.292
300.692
371.002
447.373
502.834
574.053
634.362
674.518
706.945
714.825
733.615
766.042
789.833
785.135
776.043
756.193
741.646
716.34
694.52
677.548
657.243
640.272
658.759
704.066
756.344
792.56
819.987
835.746
811.956
795.894
759.526
709.067
626.18
560.718
474.346
387.973
289.175
163.405
23.2393
-105.713
-212.542
-315.28
-385.742
-464.386
-548.637
-633.797
-700.319
-779.721
-860.487
-950.648
-1032.93
-1124.6
-1210.67
-1274.32
-1361.6
-1460.09
-1552.53
-1638.29
-1711.63
-1739.97
-1748.46
-1720.73
-1697.54
-1638.6
-1554.95
-1444.49
-1306.44
-1177.19
-1034.6
-868.973
-719.412
-571.973
-426.807
-278.61
-153.9
-16.0071
107.036
227.806
370.396
504.955
639.817
759.072
887.115
1023.04
1159.42
1284.58
1407.77
1528.09
1631.89
1739.63
1836
1893.13
1918.28
1899.95
1844.64
1755.69
1645.53
1496.42
1318.52
1115.77
936.817
737.403
533.14
343.12
184.619
39.15
-89.0449
-178.296
-224.513
-241.636
-280.731
-301.491
-310.28
-304.37
-302.551
-285.58
-268.003
-277.094
-282.701
-267.396
-280.883
-274.367
-275.579
-303.764
-295.733
-275.124
-246.182
-242.545
-221.028
-217.846
-205.572
-189.358
-183.448
-165.113
-177.084
-210.875
-281.943
-348.465
-426.504
-527.12
-648.496
-799.42
-956.103
-1092.94
-1236.13
-1391.15
-1514.95
-1622.23
-1734.52
-1822.1
-1850.44
-1859.98
-1849.83
-1810.28
-1744.06
-1662.39
-1556.92
-1432.82
-1302.5
-1150.52
-985.651
-823.665
-625.615
-444.081
-253.153
-51.9199
126.129
319.33
525.412
710.885
876.963
1052.44
1210.78
1390.35
1553.4
1733.87
1915.55
2079.96
2209.67
2308.17
2392.42
2491.98
2534.71
2545.01
2530.92
2472.13
2402.42
2289.99
2147.4
1983.29
1777.51
1527.03
1265.03
998.339
746.192
464.193
161.89
-115.563
-372.862
-595.46
-798.814
-975.802
-1115.51
-1249.92
-1349.17
-1417.21
-1440.55
-1456.61
-1452.52
-1446.91
-1430.39
-1382.66
-1325.84
-1272.35
-1221.58
-1159.31
-1078.84
-974.438
-879.428
-765.326
-675.014
-587.732
-504.39
-408.32
-325.887
-238.454
-151.93
-89.8025
-38.8883
-20.0985
-15.5525
-62.527
-139.05
-237.848
-334.221
-426.655
-520.604
-626.827
-757.295
-892.915
-1026.72
-1149.3
-1259.77
-1348.11
-1412.06
-1455.24
-1449.34
-1432.97
-1392.06
-1320.53
-1257.65
-1146.58
-1012.62
-875.943
-709.26
-532.423
-331.494
-132.686
75.3658
272.962
502.227
724.22
943.788
1150.02
1325.04
1524.3
1712.65
1884.79
2016.93
2149.52
2247.25
2315.29
2384.09
2439.09
2463.18
2469.7
2441.52
2388.18
2318.17
2201.79
2049.2
1898.58
1738.72
1550.97
1363.68
1164.11
963.941
788.772
581.175
392.368
198.712
2.63112
-207.845
-422.109
-649.102
-867.003
-1078.39
-1283.11
-1478.58
-1643.29
-1777.1
-1892.71
-1954.69
-1993.18
-2023.18
-2038.79
-1984.24
-1912.56
-1819.83
-1693
-1559.8
-1431.3
-1277.95
-1108.69
-977.469
-857.305
-746.385
-663.194
-594.096
-518.634
-436.201
-382.863
-340.586
-307.249
-271.033
-248.91
-258.002
-237.393
-230.271
-219.361
-207.542
-208.451
-198.298
-211.785
-223.756
-244.364
-270.275
-294.52
-343.313
-390.288
-443.475
-515.604
-558.335
-603.946
-644.253
-648.041
-637.586
-609.249
-565.609
-479.691
-349.526
-192.086
-27.5235
162.647
369.941
569.81
754.829
922.725
1086.23
1220.94
1343.68
1428.23
1501.42
1549.61
1549.3
1555.37
1521.88
1482.63
1429.14
1355.65
1278.22
1189.27
1108.35
1019.55
960.304
921.816
857.415
820.442
784.074
734.675
687.246
627.089
567.84
514.35
478.589
411.915
353.576
259.779
153.101
45.2112
-52.6775
-146.778
-251.334
-354.072
-489.995
-616.371
-720.776
-821.695
-915.19
-1023.08
-1121.57
-1179.91
-1223.1
-1251.74
-1250.98
-1241.44
-1239.16
-1254.16
-1248.86
-1195.07
-1156.58
-1118.54
-1069.45
-1011.56
-951.86
-893.369
-847.456
-799.875
-763.205
-718.2
-654.557
-558.032
-468.781
-401.956
-345.586
-291.793
-198.298
-112.835
-30.8571
30.3612
122.34
207.046
251.141
299.025
328.27
344.939
340.09
309.178
297.813
310.541
300.692
280.538
275.083
245.232
233.715
207.197
201.136
170.679
150.98
116.431
84.0031
50.8179
23.5423
-21.7653
-94.3485
-134.807
-176.327
-196.177
-219.058
-235.878
-232.696
-240.121
-213.603
-181.024
-160.113
-126.928
-87.2265
-21.0077
16.2689
87.4883
161.587
238.11
312.663
395.095
477.225
528.139
597.995
667.396
718.765
787.863
842.565
914.391
992.126
1025.31
1068.8
1084.71
1090.62
1100.32
1093.8
1063.65
1019.7
973.942
913.33
831.655
734.524
633.756
508.592
359.94
199.621
23.9969
-157.537
-325.13
-489.086
-673.65
-854.729
-1005.35
-1133.09
-1249.77
-1362.2
-1464.34
-1546.62
-1599.8
-1616.93
-1594.2
-1560.26
-1542.22
-1502.52
-1438.58
-1335.99
-1195.07
-1053.84
-907.613
-765.174
-602.279
-414.533
-226.029
-56.6173
98.2469
224.017
318.875
427.523
522.381
588.6
620.421
630.119
617.542
587.691
539.959
460.405
388.428
285.539
154.919
29.3005
-86.1658
-193.298
-325.433
-455.446
-580.762
-694.713
-791.692
-886.702
-970.195
-1037.78
-1100.36
-1152.34
-1198.55
-1205.52
-1193.7
-1155.52
-1112.48
-1022.62
-902.613
-780.782
-613.644
-472.266
-303.915
-114.199
86.276
273.416
463.133
655.273
823.472
1005.46
1171.99
1318.22
1435.2
1545.97
1634.77
1711.9
1768.57
1799.03
1805.85
1778.72
1732.96
1677.65
1648.1
1579.61
1550.36
1508.24
1430.05
1355.8
1300.04
1243.97
1142.44
1060.62
986.974
893.328
804.683
718.007
592.237
443.585
287.054
104.46
-88.7418
-274.821
-464.538
-652.739
-829.423
-971.559
-1103.09
-1223.25
-1322.2
-1402.82
-1449.49
-1476.16
-1469.03
-1430.7
-1389.33
-1350.84
-1306.44
-1252.65
-1211.58
-1197.64
-1172.49
-1158.09
-1152.64
-1156.27
-1162.49
-1155.97
-1165.67
-1182.79
-1184.16
-1155.37
-1110.97
-1066.11
-1013.23
-949.133
-865.488
-779.873
-678.954
-545.91
-437.111
-328.766
-222.846
-144.505
-45.8587
34.7556
79.0025
110.672
117.037
135.523
142.797
128.856
100.217
54.3031
33.5434
13.9959
16.2689
24.6031
40.9684
58.3944
92.0342
141.282
199.621
250.99
288.721
332.816
395.095
458.587
510.562
562.234
615.421
680.731
725.735
787.257
845.899
898.783
946.212
996.52
1054.71
1106.68
1189.57
1259.88
1310.95
1361.86
1387.32
1408.23
1401.26
1387.92
1380.65
1338.98
1302.92
1282.46
1232
1155.17
1057.13
932.12
809.835
697.399
591.024
500.864
418.734
334.938
246.747
169.618
67.3347
-23.1291
-115.714
-237.848
-340.586
-427.261
-532.272
-650.466
-789.419
-953.224
-1134.45
-1312.65
-1496.46
-1666.63
-1838.01
-1993.48
-2162.44
-2296.24
-2397.16
-2459.44
-2501.56
-2506.72
-2463.98
-2362.61
-2226.54
-2091.22
-1892.87
-1698.75
-1491.31
-1267.35
-1032.63
-787.298
-538.333
-343.768
-184.661
-24.0383
113.703
250.232
378.275
503.743
632.998
755.738
852.415
953.183
1034.1
1085.92
1129.87
1184.27
1246.09
1282.61
1310.19
1315.95
1285.19
1246.39
1160.32
1064.41
961.668
827.715
677.397
528.745
389.034
236.746
95.8224
-42.0704
-157.537
-256.032
-341.192
-409.229
-425.594
-393.621
-345.738
-274.821
-184.206
-74.9525
54.1515
171.133
288.872
419.037
538.14
652.243
732.706
818.926
885.903
928.18
942.121
952.122
958.941
948.788
919.391
861.658
826.655
778.922
720.128
625.27
517.077
414.946
298.267
157.192
16.5719
-139.353
-292.854
-462.265
-630.009
-766.69
-901.097
-1024.44
-1134.15
-1249.16
-1315.69
-1348.11
-1375.09
-1356.75
-1309.02
-1230.52
-1150.37
-1037.93
-886.853
-719.867
-565.306
-435.444
-296.339
-189.661
-112.078
-49.4954
-14.0372
12.6321
29.3005
28.8459
-4.64235
-50.5561
-80.5592
-131.777
-170.114
-194.359
-195.874
-162.386
-136.929
-112.229
-58.4357
-20.8561
-6.76377
26.7245
50.0602
107.187
151.889
164.769
164.163
167.042
120.37
67.7893
13.5413
-56.6173
-113.138
-163.446
-185.873
-218.149
-219.664
-204.057
-157.84
-120.715
-46.9194
27.9367
92.6403
178.861
265.385
326.452
362.213
389.64
393.125
386.004
370.699
352.667
302.359
234.624
170.375
89.3066
8.23775
-54.4959
-123.139
-175.266
-214.058
-237.999
-257.698
-274.367
-289.065
-309.976
-318.008
-290.429
-291.641
-281.792
-282.853
-287.702
-300.582
-308.613
-323.311
-314.674
-306.794
-296.187
-265.578
-236.333
-197.389
-150.263
-80.2561
-27.675
53.0908
166.284
266.446
374.639
472.831
551.475
634.817
666.032
719.674
741.494
757.253
764.224
776.801
790.287
792.106
802.713
764.678
746.798
729.675
722.401
701.793
707.855
714.37
716.037
733.766
748.616
766.951
765.588
729.22
664.365
586.782
484.044
359.486
186.286
-4.18775
-197.086
-424.534
-639.404
-859.881
-1095.36
-1317.81
-1485.1
-1627.99
-1740.12
-1808.61
-1846.5
-1834.37
-1807.86
-1734.06
-1622.99
-1507.98
-1377.05
-1262.19
-1158.09
-1036.57
-914.735
-830.636
-747.9
-690.015
-614.401
-535.606
-470.75
-411.654
-353.769
-299.975
-246.788
-174.508
-94.9546
-2.06633
59.9097
139.918
213.713
292.964
382.821
455.405
510.107
541.171
570.416
591.024
597.995
589.055
585.872
535.564
468.588
408.43
325.24
255.839
199.924
151.586
111.733
109.006
111.885
115.673
135.22
163.405
212.653
274.78
355.546
456.617
542.989
626.18
696.035
768.012
850.596
913.027
958.638
1020.16
1071.98
1093.8
1131.38
1151.38
1158.81
1146.54
1111.53
1090.62
1060.77
1022.13
942.575
842.717
754.981
624.816
491.62
351
196.59
39.7561
-143.444
-311.795
-457.87
-584.55
-711.23
-819.271
-907.613
-953.375
-1000.2
-1027.63
-1023.38
-1027.93
-1024.29
-1028.23
-1002.47
-977.014
-932.919
-886.096
-839.727
-796.996
-764.265
-726.231
-721.534
-734.111
-760.174
-800.936
-845.637
-926.706
-997.016
-1059.75
-1126.27
-1170.52
-1231.89
-1282.35
-1298.87
-1276.29
-1235.37
-1195.82
-1137.33
-1071.42
-1007.02
-919.736
-801.39
-683.954
-553.638
-440.596
-308.007
-185.267
-34.4939
104.157
226.593
358.728
491.62
642.696
778.619
912.875
1055.77
1186.84
1297.31
1415.5
1516.12
1635.22
1739.63
1812.06
1872.52
1916.77
1947.22
1953.74
1922.22
1877.06
1822.06
1739.47
1638.1
1507.63
1367.47
1193.81
984.398
798.773
595.722
384.791
176.588
-9.79439
-191.177
-356.042
-501.966
-633.191
-746.991
-845.183
-917.311
-966.256
-970.044
-988.379
-993.683
-980.196
-956.558
-938.071
-924.433
-898.218
-890.339
-875.792
-864.882
-826.393
-788.965
-753.658
-698.956
-679.711
-645.011
-627.282
-604.552
-584.853
-568.942
-532.12
-513.027
-481.055
-448.627
-446.96
-459.84
-467.568
-507.269
-536.818
-551.819
-585.914
-614.25
-644.859
-677.893
-694.561
-703.047
-677.135
-637.586
-591.369
-511.512
-400.895
-279.973
-152.688
-38.2821
82.9423
223.563
361.001
492.681
617.845
734.827
844.535
946.667
1021.22
1085.32
1117.44
1130.17
1114.71
1080.77
1042.43
988.641
921.967
844.687
752.859
652.849
572.235
515.259
479.043
440.251
359.031
311.147
258.869
202.348
156.889
125.522
97.9439
76.5781
66.577
44.4536
36.574
5.5102
-32.524
-68.8913
-115.714
-151.627
-164.507
-161.325
-177.387
-177.236
-174.054
-187.843
-191.025
-185.418
-182.539
-213.148
-215.573
-229.059
-247.091
-266.184
-328.463
-396.349
-471.66
-535.151
-593.793
-650.011
-729.868
-808.815
-895.339
-959.588
-1021.11
-1077.78
-1122.33
-1153.24
-1172.94
-1176.13
-1146.27
-1113.85
-1069.9
-1012.17
-933.828
-852.305
-727.14
-620.463
-509.542
-374.529
-231.484
-86.7719
65.3648
201.136
333.271
477.831
599.965
703.763
812.411
893.025
943.636
961.214
973.185
954.849
934.696
896.662
839.686
788.62
718.613
667.093
622.24
563.597
514.501
449.192
408.279
369.335
347.212
330.846
318.724
336.15
322.209
300.692
295.691
291.903
262.506
241.898
220.684
195.833
194.317
186.589
170.679
182.498
185.832
190.681
224.017
279.023
331.756
377.972
400.702
440.251
465.406
469.951
469.194
411.612
350.697
276.447
171.739
49.6056
-102.683
-284.368
-483.631
-684.257
-878.368
-1055.81
-1256.44
-1429.48
-1566.47
-1668.15
-1742.24
-1783.91
-1763.15
-1724.82
-1629.66
-1521.01
-1392.36
-1239.01
-1054.45
-894.43
-729.716
-562.578
-405.138
-263.305
-121.927
-12.0673
88.2459
175.073
261.445
350.848
431.16
528.745
611.784
719.371
833.17
940.909
1033.04
1121.08
1197.6
1243.97
1300.04
1354.44
1377.01
1391.56
1389.59
1344.89
1278.82
1207
1107.74
988.792
881.963
764.375
641.939
511.622
384.943
261.445
140.221
38.6954
-63.4362
-152.082
-220.27
-282.549
-337.252
-376.498
-427.716
-484.691
-530.605
-562.426
-584.55
-606.673
-627.13
-648.344
-672.286
-667.892
-671.68
-679.257
-698.804
-719.412
-736.535
-744.869
-769.266
-786.54
-798.36
-800.784
-798.36
-783.055
-782.146
-781.085
-772.902
-781.388
-754.264
-746.233
-741.839
-731.989
-709.866
-683.196
-642.435
-594.702
-521.665
-458.022
-392.258
-317.098
-242.394
-162.234
-72.5281
20.0571
111.43
221.896
329.18
413.885
491.317
564.961
648.151
693.611
749.677
821.806
872.417
934.696
952.425
959.395
976.67
982.883
961.214
914.542
860.446
808.471
746.646
685.428
636.484
582.236
513.138
431.614
367.517
312.208
252.96
204.47
169.618
130.371
112.642
92.0342
93.701
112.794
141.736
177.346
221.744
242.959
274.477
304.025
317.512
347.515
352.818
341.302
351
340.544
320.542
307.056
281.902
236.897
181.589
130.068
67.6377
15.9658
-44.9495
-103.895
-170.871
-259.971
-359.679
-458.022
-559.699
-658.951
-757.749
-873.973
-987.924
-1112.33
-1242.8
-1369.33
-1483.73
-1582.38
-1681.93
-1746.49
-1768
-1789.67
-1781.34
-1771.34
-1769.67
-1755.12
-1731.49
-1669.81
-1589.35
-1468.12
-1324.02
-1179.16
-1028.38
-862.306
-695.016
-524.998
-341.495
-170.265
25.3607
207.652
383.124
568.749
738.464
887.115
1004.4
1131.08
1234.27
1332.46
1417.47
1477.48
1532.33
1567.94
1562.94
1551.43
1514.75
1452.17
1417.17
1367.92
1311.1
1270.18
1211.24
1130.62
1046.68
957.577
864.992
758.769
676.033
580.872
477.073
398.278
308.874
228.412
155.98
86.7306
21.1179
-33.4332
-77.377
-97.3791
-110.108
-112.835
-98.1367
-76.4678
-72.6796
-46.9194
-20.8561
-8.58214
21.724
51.5755
65.8194
83.0939
105.52
110.975
111.127
95.5194
73.3959
25.8153
-13.4311
-97.2275
-168.598
-249.364
-353.617
-455.143
-588.338
-699.107
-821.544
-953.224
-1072.33
-1190.07
-1319.17
-1419.03
-1507.67
-1586.47
-1652.23
-1680.27
-1702.69
-1692.84
-1660.87
-1597.08
-1522.68
-1442.97
-1357.36
-1255.22
-1137.03
-1005.8
-849.88
-705.32
-557.729
-391.955
-224.21
-62.0724
87.7913
231.745
375.851
525.563
665.881
767.558
895.601
999.096
1103.96
1184.57
1264.73
1327.01
1365.65
1402.02
1408.38
1393.08
1353.83
1308.37
1262
1229.42
1153.35
1102.29
1027.89
919.694
818.32
679.518
550.111
413.431
271.295
142.191
27.9367
-97.076
-221.331
-311.492
-394.682
-447.263
-489.389
-511.664
-494.541
-466.811
-417.26
-351.647
-307.249
-273.761
-238.909
-214.058
-201.935
-190.722
-175.417
-176.781
-198.753
-203.602
-228.605
-272.852
-306.188
-324.372
-337.858
-343.465
-354.981
-345.132
-354.981
-338.767
-332.555
-327.251
-309.522
-310.886
-299.521
-291.187
-293.308
-319.523
-332.555
-352.708
-369.376
-393.621
-410.744
-435.898
-438.778
-442.869
-433.777
-411.047
-388.015
-352.405
-314.977
-255.122
-181.933
-112.229
-41.6158
59.9097
143.555
225.533
301.146
367.365
435.403
498.136
554.96
598.146
621.785
647.545
658.001
646.939
629.513
627.695
610.42
611.633
592.843
566.931
545.565
515.259
468.891
421.916
387.973
369.032
328.422
286.296
264.931
224.32
191.135
142.645
92.3372
30.9673
-5.4
-69.649
-128.746
-175.417
-226.938
-274.973
-326.645
-363.164
-412.411
-441.808
-480.6
-510.3
-538.333
-549.546
-566.063
-569.094
-566.215
-571.064
-561.366
-544.697
-510.906
-478.63
-435.747
-406.501
-348.617
-283.307
-228.302
-190.116
-160.113
-139.202
-123.745
-104.956
-87.9842
-64.8
-49.1923
-38.5852
-47.2224
-41.6158
-44.3434
-56.0112
-58.8903
-64.8
-62.6786
-63.8908
-63.7393
-70.8612
-91.4694
-128.443
-147.081
-162.689
-164.356
-177.387
-193.298
-198.298
-188.904
-176.175
-164.81
-136.322
-94.9546
-52.9806
-15.7041
35.0587
89.3066
158.102
206.743
257.809
300.237
340.999
387.064
435.857
478.286
500.409
495.257
472.982
442.07
406.915
380.7
330.846
275.841
209.47
127.795
72.9413
-9.64286
-63.7393
-104.198
-130.564
-158.143
-175.417
-155.112
-164.204
-144.505
-149.96
-157.688
-174.66
-178.145
-192.843
-217.24
-238.454
-277.246
-308.916
-342.253
-359.83
-377.559
-408.32
-428.928
-436.05
-421.958
-397.561
-354.223
-307.097
-241.182
-184.055
-120.26
-41.4643
19.148
43.5444
38.6954
38.2408
6.87398
-34.4939
-92.6816
-147.081
-201.784
-267.245
-313.462
-337.1
-355.133
-346.95
-330.888
-311.037
-258.456
-179.812
-120.715
-45.5556
35.2102
109.006
178.407
251.747
336.756
398.732
478.134
529.351
579.357
612.845
643.909
622.543
615.572
590.57
547.384
532.685
515.411
500.864
493.893
508.743
518.593
530.867
541.929
547.99
571.78
573.598
559.809
544.05
498.288
445.858
376.306
272.81
152.192
40.5138
-109.502
-232.544
-335.585
-440.293
-547.122
-651.223
-760.932
-863.063
-947.769
-1011.87
-1068.24
-1113.85
-1134.61
-1157.49
-1152.18
-1144.61
-1139.76
-1121.12
-1105.06
-1085.66
-1034.9
-981.863
-922.918
-867.003
-809.724
-729.11
-672.286
-602.431
-527.271
-423.928
-306.037
-192.843
-90.8633
17.7842
102.187
171.436
242.656
299.934
366.456
414.188
445.707
456.162
445.858
428.584
413.582
394.489
383.428
367.062
359.031
356.304
337.514
310.844
268.416
237.352
195.53
179.013
178.861
170.375
176.437
162.95
169.921
174.77
182.649
213.107
233.715
263.112
284.933
314.33
357.97
393.429
431.463
482.832
525.26
561.476
596.328
632.695
679.367
718.159
769.527
783.923
798.167
810.895
802.41
791.651
746.949
706.188
646.485
582.842
535.716
458.89
370.093
262.961
146.131
37.7862
-76.7709
-220.725
-345.738
-457.719
-572.124
-689.561
-819.271
-935.646
-1031.41
-1145.36
-1238.56
-1319.93
-1390.24
-1453.73
-1497.37
-1511.46
-1511.61
-1467.06
-1411.6
-1373.87
-1299.47
-1223.25
-1144.76
-1032.78
-910.644
-786.54
-680.166
-547.425
-412.714
-306.946
-230.878
-142.687
-71.0127
7.78316
81.5786
130.22
207.046
272.356
336.15
390.853
415.704
437.069
456.011
454.344
458.587
442.979
431.614
412.37
407.218
397.368
373.881
358.576
320.542
281.75
242.049
202.803
194.014
166.133
161.738
158.859
154.465
180.225
184.922
185.983
188.105
209.773
250.838
284.023
300.54
356.304
386.004
413.885
446.313
471.467
492.833
531.624
564.507
583.599
602.995
606.177
589.055
562.991
521.017
462.678
410.4
328.422
249.929
170.527
74.002
-18.5832
-98.8944
-167.386
-235.575
-309.522
-367.558
-431.656
-485.6
-525.301
-556.82
-586.368
-607.431
-618.493
-622.584
-620.463
-623.796
-622.281
-647.738
-654.709
-674.256
-689.712
-691.682
-704.411
-714.109
-726.989
-711.684
-712.593
-701.228
-677.287
-646.071
-620.16
-575.155
-528.484
-472.417
-392.712
-331.342
-258.911
-201.632
-127.079
-67.5275
0.509694
84.7607
157.041
221.441
296.449
362.971
414.037
468.436
512.683
559.961
579.811
607.238
635.271
637.847
638.15
621.179
603.601
581.933
566.173
559.203
528.594
503.591
463.133
426.159
360.546
305.844
231.745
180.073
141.736
81.124
54
13.5413
-27.2204
-60.5571
-85.5597
-132.231
-153.142
-163.598
-166.325
-175.266
-174.508
-180.721
-175.266
-162.689
-148.142
-132.989
-103.44
-38.2821
11.4199
78.548
135.22
170.83
187.347
206.743
212.046
204.924
192.499
195.984
171.133
127.492
90.0643
38.3923
-26.6143
-81.4684
-133.292
-189.661
-232.09
-274.821
-304.521
-334.221
-371.953
-386.954
-398.925
-424.685
-436.959
-435.595
-435.141
-439.232
-426.504
-416.957
-423.928
-410.593
-400.895
-397.713
-377.559
-395.743
-373.468
-373.922
-375.589
-351.344
-327.706
-294.975
-275.579
-251.183
-209.057
-175.569
-137.686
-116.017
-91.0148
-86.4689
-78.5893
-65.5576
-62.9816
-53.5867
-24.4929
-16.0071
-12.6735
3.38878
-7.52143
10.2077
14.602
30.5128
37.9378
30.5128
28.0883
28.8459
23.0878
20.0571
25.5122
41.8775
67.7893
87.3367
144.918
174.467
182.043
203.712
203.258
194.469
197.651
214.168
244.929
277.356
313.269
348.575
377.821
399.187
407.975
404.339
404.339
403.43
406.763
396.459
375.396
351.303
307.056
267.052
212.198
159.768
111.127
66.8801
27.6337
-13.4311
-55.7082
-104.349
-145.414
-158.749
-181.782
-182.388
-181.933
-178.751
-163.749
-152.233
-131.473
-120.26
-136.474
-137.989
-150.566
-173.447
-191.48
-208.906
-245.121
-269.366
-271.639
-289.368
-283.156
-282.095
-278.61
-271.033
-248.91
-203.299
-165.265
-125.867
-94.8031
-54.3444
-14.9464
14.7536
37.9378
60.5158
52.6362
38.8469
14.299
-4.94541
-20.8561
-68.2852
-91.0148
-128.594
-164.81
-200.723
-215.876
-242.091
-265.578
-273.609
-280.731
-260.426
-265.427
-234.211
-220.27
-218.3
-210.724
-210.118
-207.39
-218.3
-224.968
-256.941
-278.155
-304.37
-345.586
-341.192
-351.496
-350.284
-352.86
-365.74
-344.374
-318.159
-299.218
-254.819
-212.542
-169.205
-109.35
-47.5255
4.29796
41.5745
74.9112
104.763
116.279
126.583
131.735
122.643
120.37
110.521
98.8531
93.0949
112.188
119.916
137.796
153.556
162.041
173.255
181.892
192.196
207.197
228.866
229.321
239.777
264.324
266.143
267.81
287.963
282.357
271.749
258.566
208.258
194.62
157.798
89.1551
55.8184
23.5423
17.3296
5.81326
3.23724
11.4199
23.5423
33.5434
55.9699
67.1832
78.851
88.549
96.7316
115.673
128.856
148.858
137.645
129.917
103.55
74.1536
30.3612
11.2684
-28.2811
-46.9194
-42.0704
-51.4653
-62.6786
-66.6184
-74.498
-91.1663
-100.864
-104.956
-79.4985
-64.4969
-56.9204
-49.0408
-64.0423
-91.0148
-120.109
-160.719
-207.087
-236.939
-284.519
-309.37
-341.343
-374.832
-414.836
-450.445
-457.719
-480.6
-504.542
-522.119
-532.878
-532.726
-543.94
-543.94
-534.393
-522.574
-499.693
-489.086
-454.991
-427.867
-391.5
-348.162
-304.37
-246.182
-195.571
-119.351
-55.8597
10.6622
79.7602
138.857
187.65
228.26
277.053
327.21
370.699
418.886
461.314
494.348
530.715
569.659
597.237
604.208
605.268
583.296
545.868
502.076
446.01
396.611
313.117
243.413
184.922
89.4582
25.8153
-43.1311
-98.7428
-151.172
-215.724
-244.364
-255.577
-272.548
-281.337
-284.519
-318.462
-344.829
-363.012
-345.132
-322.402
-295.43
-260.578
-252.546
-228.756
-207.542
-198.602
-192.843
-176.781
-161.477
-131.473
-96.3184
-75.8617
-51.1622
-24.3413
-8.12755
20.9663
25.2092
40.0592
37.6347
19.2995
7.32857
-24.3413
-67.5275
-125.564
-164.053
-219.058
-253.456
-284.519
-322.705
-350.132
-371.195
-393.47
-401.198
-406.198
-411.35
-395.894
-383.469
-371.801
-376.195
-364.679
-357.86
-364.982
-327.099
-296.339
-250.425
-203.147
-164.962
-121.169
-100.864
-91.7724
-92.0755
-72.225
-44.3434
-0.39949
50.5148
92.4888
145.524
204.47
237.504
274.629
305.238
333.422
370.699
375.548
396.611
411.006
415.704
417.976
404.187
369.032
342.514
299.783
258.869
218.865
179.467
154.162
115.521
104.308
98.0954
78.548
61.1219
27.7852
9.14694
9.14694
-4.64235
-9.64286
-14.0372
-28.5842
-46.1617
-71.1643
-78.4377
-78.1347
-65.8607
-60.4056
-49.95
-44.1918
-26.1597
-0.0964286
22.027
22.3301
47.7872
66.8801
80.5178
97.1862
104.308
100.974
96.1255
83.5485
65.5163
60.9704
38.3923
7.4801
-31.1602
-53.2837
-79.8015
-102.38
-135.413
-164.204
-182.539
-194.207
-215.876
-218.755
-226.635
-236.333
-267.093
-296.793
-310.431
-325.736
-340.283
-369.68
-398.622
-417.866
-452.415
-506.512
-536.818
-583.489
-613.947
-612.129
-596.672
-581.216
-529.241
-489.843
-451.506
-407.865
-375.438
-324.826
-255.425
-188.752
-136.929
-71.9219
-35.8576
0.964286
22.9362
32.0281
45.3628
55.8184
67.0316
80.5178
80.9724
56.576
36.574
-1.76327
-18.7347
-9.03673
-8.43061
-8.58214
9.45
47.9388
79.3056
89.6097
83.0939
81.2755
70.3653
53.2423
42.0291
19.6025
-3.27857
-21.3107
-46.1617
-54.6474
-70.7097
-75.1041
-64.4969
-56.7689
-56.6173
-33.8878
-45.2525
-17.3709
-0.39949
4.14643
41.726
70.6684
138.251
197.045
250.535
292.812
324.028
364.183
399.793
430.857
437.221
451.919
480.104
474.346
472.982
460.254
416.916
364.486
318.724
264.628
196.287
135.372
76.7296
35.9679
5.35867
-40.5551
-76.3163
-115.866
-180.418
-220.119
-244.061
-292.096
-321.796
-348.768
-382.863
-407.562
-409.987
-405.138
-411.35
-412.411
-396.349
-369.073
-330.13
-299.824
-249.516
-204.36
-153.748
-109.198
-65.4061
-14.6434
30.3612
69.9107
92.6403
101.278
96.1255
84.6092
82.6393
87.3367
73.3959
70.6684
73.5474
80.8209
85.973
66.7286
53.3939
51.424
56.1214
44.302
40.3622
33.6949
-1.9148
-26.4628
-41.1612
-68.5883
-82.0745
-95.2576
-105.259
-93.8939
-101.167
-86.0143
-86.1658
-82.3775
-87.5296
-94.1969
-98.2883
-98.5913
-78.1347
-40.252
-4.03622
21.2694
63.0918
89.3066
99.4592
120.067
132.947
157.344
179.619
200.682
229.775
246.292
264.628
262.506
242.049
197.499
172.648
128.856
91.7311
55.6668
27.7852
4.75255
-41.0097
-66.0122
-141.929
-190.419
-215.876
-259.971
-270.427
-299.218
-320.887
-341.949
-358.012
-364.679
-388.621
-397.107
-399.38
-421.958
-414.23
-387.257
-375.438
-351.496
-337.555
-314.977
-264.517
-220.119
-192.995
-156.931
-139.05
-118.29
-88.4388
-50.4046
-17.3709
13.3898
30.5128
23.6939
39.15
48.6964
52.6362
67.7893
67.0316
44.6051
63.0918
78.548
85.973
108.096
98.7015
90.0643
62.3342
28.9974
15.2082
10.2077
-9.03673
-14.0372
-4.03622
-14.0372
-21.1592
-30.7056
-46.6163
-67.6791
-76.9224
-81.923
-80.1046
-59.3449
-25.402
-3.12704
15.2082
42.9383
48.0903
96.1255
124.31
149.616
189.165
230.988
267.658
298.722
334.18
364.486
368.123
391.307
372.214
369.032
348.121
294.479
259.779
201.288
158.556
109.006
72.9413
48.5449
9.29847
-40.252
-83.2867
-133.292
-166.78
-219.21
-250.577
-261.941
-294.217
-304.673
-329.372
-339.222
-346.192
-354.678
-356.042
-358.466
-353.011
-329.675
-300.733
-267.245
-238.303
-214.058
-204.36
-179.66
-147.081
-124.958
-85.8627
-33.5847
25.3607
79.7602
109.309
113.248
110.824
92.7918
74.6082
51.5755
42.3321
39.4531
18.0872
5.81326
-24.4929
-45.5556
-56.6173
-86.6204
-99.652
-109.956
-119.654
-132.383
-132.686
-128.443
-137.383
-142.384
-145.566
-162.84
-164.659
-160.113
-148.293
-147.081
-143.444
-153.748
-162.992
-162.386
-144.505
-124.806
-93.1362
-73.1342
-49.6469
-35.1
-26.3112
-20.8561
-21.0077
1.87347
8.69235
43.3929
81.5786
118.4
144.161
193.408
213.107
209.925
244.474
244.625
239.473
238.716
233.715
215.835
188.105
154.162
138.099
110.369
101.126
77.1842
47.6357
34.1495
11.723
0.661224
-34.6454
-56.9204
-79.9531
-96.7729
-93.5908
-85.8627
-85.8627
-58.8903
-45.101
-43.2826
-56.3143
-69.8005
-91.924
-113.441
-124.806
-139.505
-130.11
-124.958
-144.05
-150.566
-150.415
-164.962
-162.84
-168.75
-156.173
-118.29
-63.8908
-13.1281
28.2398
29.9066
47.7872
79.6087
99.6107
136.736
161.284
200.075
242.959
257.809
278.871
299.177
313.875
320.694
312.663
309.329
305.238
300.389
290.842
284.023
273.719
259.93
243.11
214.925
188.105
159.768
134.008
118.552
95.8224
69.6076
48.5449
-5.85459
-61.0117
-98.7428
-136.625
-191.48
-232.393
-271.336
-303.764
-342.404
-363.012
-368.77
-385.136
-395.44
-406.047
-426.352
-426.807
-433.474
-430.746
-421.048
-401.501
-369.983
-338.161
-302.703
-261.941
-224.059
-183.297
-150.718
-131.17
-135.11
-143.141
-154.203
-171.629
-184.661
-205.572
-212.239
-217.391
-226.786
-215.27
-211.027
-215.724
-200.874
-205.42
-191.631
-170.871
-159.204
-149.203
-138.595
-126.624
-117.684
-105.865
-105.713
-111.168
-107.077
-116.927
-128.291
-130.11
-133.292
-121.775
-93.2877
-82.0745
-43.1311
-1.00561
23.0878
60.9704
108.096
157.344
209.47
269.477
333.725
381.306
425.25
435.099
454.798
451.465
452.677
470.861
474.043
496.318
483.589
489.044
460.708
437.372
405.551
384.337
373.881
359.031
330.543
306.147
289.933
260.233
247.05
205.985
175.528
140.827
125.674
114.006
98.8531
80.6694
29.9066
-20.0985
-90.5602
-148.596
-192.843
-242.545
-261.941
-295.884
-316.189
-331.039
-330.13
-326.493
-324.22
-318.614
-303.915
-282.095
-259.971
-254.213
-245.728
-235.575
-236.333
-242.091
-250.425
-268.003
-285.277
-283.307
-290.884
-306.037
-316.795
-315.28
-308.158
-293.005
-280.428
-264.82
-248.607
-241.636
-237.242
-211.027
-171.326
-149.203
-145.414
-130.11
-127.079
-123.897
-119.199
-115.866
-124.048
-124.958
-127.382
-123.291
-116.472
-94.6515
-62.0724
-43.2826
-16.9163
23.8454
57.0306
91.7311
105.52
129.917
151.434
160.071
179.316
181.286
201.136
213.562
208.864
217.805
219.017
217.047
215.38
209.47
205.076
224.775
223.866
225.987
227.048
214.774
224.472
196.742
171.285
173.709
147.494
118.097
77.7903
26.1184
-25.7051
-71.6189
-109.956
-146.475
-183.903
-211.027
-222.089
-235.575
-241.182
-253.759
-255.577
-255.729
-237.545
-217.694
-193.753
-165.265
-144.657
-131.473
-128.14
-119.048
-118.29
-116.472
-112.987
-120.109
-126.17
-144.202
-166.629
-195.419
-194.965
-205.875
-227.241
-235.727
-233.15
-206.481
-173.296
-128.14
-102.38
-87.6811
-77.377
-76.9224
-82.6806
-66.9214
-59.3449
-60.4056
-70.5582
-73.4372
-77.8316
-94.8031
-99.9551
-107.38
-120.563
-109.35
-114.047
-107.835
-108.895
-107.077
-94.8031
-71.9219
-42.525
-21.3107
14.4505
54.3031
97.4893
136.736
174.618
215.683
251.141
281.902
313.117
339.787
356.304
356
352.212
347.666
354.637
352.364
330.392
328.725
332.665
328.422
329.18
325.088
330.543
320.542
304.632
303.116
291.448
272.053
247.353
215.835
162.647
105.52
69.4561
8.99541
-49.7985
-94.1969
-138.141
-176.478
-199.056
-250.577
-274.518
-301.642
-331.191
-344.98
-356.193
-334.828
-332.555
-336.494
-337.1
-343.465
-370.892
-398.016
-432.716
-441.657
-440.899
-430.595
-419.079
-393.167
-367.255
-352.254
-318.008
-294.52
-266.487
-240.727
-222.846
-191.025
-165.719
-149.203
-129.504
-128.14
-119.654
-107.532
-105.107
-110.411
-108.289
-83.4383
-71.3158
-51.7684
-39.3429
-39.3429
-36.6153
-54.4959
-59.1934
-66.7699
-57.5265
-40.5551
-36.1607
-17.5224
-7.67296
11.1168
39.6046
62.0311
79.9117
92.7918
118.552
140.221
174.012
200.682
205.985
210.531
209.773
190.226
190.074
208.41
228.715
233.261
236.746
226.139
211.289
204.773
175.679
152.343
135.372
117.34
98.7015
73.2444
41.8775
-6.15765
-31.7663
-64.3454
-92.9847
-104.804
-132.989
-151.021
-171.326
-190.57
-223.604
-226.029
-216.785
-212.088
-180.569
-152.688
-131.625
-124.958
-107.077
-87.5296
-67.6791
-63.5877
-39.6459
-36.6153
-33.4332
-29.3418
-12.0673
-30.7056
-17.5224
-3.58163
12.026
56.1214
70.3653
106.884
99.1561
119.461
108.248
95.8224
101.581
101.278
99.1561
94.6102
107.187
103.702
98.3985
74.6082
57.9398
27.1791
9.90459
-13.7342
-50.2531
-68.1337
-100.107
-114.957
-128.14
-144.202
-165.568
-159.052
-176.478
-175.266
-172.235
-176.327
-155.415
-145.869
-130.867
-112.532
-83.7413
-74.1949
-49.4954
-46.3133
-54.0413
-49.7985
-65.8607
-77.074
-75.8617
-59.0418
-55.5566
-42.2219
-38.4337
-17.674
8.84388
16.2689
33.0888
22.3301
21.4209
7.32857
-17.5224
-41.0097
-58.8903
-73.1342
-117.533
-137.989
-159.507
-175.569
-204.208
-215.876
-224.816
-241.636
-268.609
-277.397
-281.034
-295.43
-286.186
-279.519
-254.062
-237.545
-207.996
-189.207
-174.811
-149.354
-130.867
-141.626
-159.052
-174.205
-168.295
-162.992
-148.445
-131.019
-125.564
-106.925
-109.805
-97.6821
-81.6199
-80.7107
-77.6801
-77.2255
-63.5877
-39.3429
-19.1893
5.66173
25.2092
33.6949
56.1214
77.0326
88.0944
94.7617
111.885
123.098
113.703
116.431
98.3985
88.852
108.248
92.7918
91.7311
87.4883
98.2469
91.8826
74.6082
40.0592
15.8143
14.9051
22.027
22.027
27.4821
30.9673
26.1184
35.0587
8.23775
-2.36939
-13.2796
-5.24847
3.08571
-8.43061
11.1168
16.1173
4.90408
12.3291
17.3296
12.4806
10.6622
6.26786
6.87398
-11.3097
-33.7362
-53.1321
-93.4393
-119.957
-147.99
-176.327
-189.51
-191.783
-187.843
-188.6
-188.297
-204.36
-204.814
-207.845
-212.694
-175.72
-160.719
-154.052
-148.596
-145.869
-145.111
-142.838
-148.445
-146.93
-134.504
-125.109
-100.41
-90.7117
-89.1964
-79.4985
-71.9219
-50.8592
-33.4332
9.60153
41.8775
77.0326
132.341
170.83
197.651
212.804
235.837
233.109
252.354
265.537
285.69
280.841
264.021
275.841
256.445
269.022
258.718
239.928
226.896
194.772
178.71
146.737
123.098
100.217
80.9724
64.9102
59.3036
43.999
33.0888
6.11633
7.32857
-15.7041
-17.5224
-13.4311
-16.4617
-13.7342
-31.4633
-42.9796
-74.6495
-112.684
-158.294
-180.418
-219.058
-233.15
-241.333
-245.879
-236.787
-232.393
-211.936
-197.541
-177.993
-165.568
-174.811
-182.842
-174.811
-176.327
-185.115
-184.509
-197.692
-216.482
-236.03
-274.215
-295.127
-323.16
-343.01
-364.073
-351.496
-336.949
-325.887
-306.491
-290.884
-297.703
-289.217
-261.487
-250.728
-227.998
-194.813
-185.57
-179.206
-172.841
-162.537
-147.536
-141.02
-137.838
-122.988
-99.1974
-77.377
-56.7689
-32.3724
-35.7061
-24.1898
-15.401
-15.098
17.3296
43.2413
71.5775
102.035
127.189
133.705
149.01
140.675
156.132
178.104
174.164
187.802
201.136
177.346
147.797
137.039
132.796
103.854
101.884
97.3377
101.581
110.824
105.066
99.4592
102.187
89.6097
94.9133
106.43
128.25
152.192
169.769
184.771
184.013
177.649
165.223
150.373
132.19
112.491
98.0954
67.4862
47.7872
9.14694
-33.1301
-70.4066
-116.472
-139.202
-163.143
-179.812
-184.964
-192.389
-184.358
-202.087
-220.877
-228.453
-247.849
-239.363
-254.213
-249.516
-238.151
-242.697
-221.331
-210.421
-224.665
-233.757
-225.271
-224.362
-243
-244.364
-225.119
-213.3
-207.996
-198.45
-182.994
-185.115
-157.688
-156.173
-135.413
-103.137
-92.8332
-84.6505
-57.9811
-22.3714
-6.46071
12.7837
18.2388
24.4515
3.38878
15.0566
16.2689
20.9663
37.1801
49.4541
76.275
87.0337
89.7612
89.7612
88.3974
99.4592
90.8219
105.823
98.0954
95.3678
104.611
99.4592
101.278
105.52
122.189
106.581
98.8531
89.4582
84.1546
78.0934
96.5801
115.218
100.217
96.5801
90.8219
64.1525
65.0617
57.6367
67.6377
61.7281
60.9704
56.1214
43.8474
29.7551
1.87347
-42.0704
-53.2837
-72.0735
-121.169
-119.199
-131.17
-138.141
-152.688
-178.599
-192.086
-210.572
-221.028
-207.996
-200.268
-193.601
-183.145
-181.327
-188.6
-177.842
-186.631
-185.267
-172.387
-165.568
-147.536
-136.929
-134.959
-143.596
-143.444
-140.111
-140.262
-115.108
-93.7423
-71.0127
-39.7974
-23.2806
-27.9781
-21.7653
-3.4301
24.1485
49.9087
62.4857
69.9107
77.3357
77.9418
61.2735
47.6357
36.4224
43.3929
53.6969
78.0934
97.6408
111.885
115.37
115.37
95.8224
80.0633
87.6398
96.7316
92.3372
93.701
115.673
89.1551
72.9413
54.4546
17.6327
-7.06684
-35.2515
-46.1617
-52.526
-59.648
-46.9194
-53.1321
-64.4969
-66.0122
-65.5576
-68.1337
-67.6791
-49.0408
-50.7076
-48.2832
-48.1316
-62.3755
-94.3485
-109.956
-142.384
-175.872
-184.812
-208.451
-210.118
-231.787
-229.362
-226.483
-236.787
-222.24
-227.695
-224.059
-229.968
-208.754
-201.784
-200.42
-187.085
-186.782
-188.146
-186.328
-181.933
-177.842
-176.478
-170.871
-151.779
-142.99
-124.2
-116.017
-102.683
-91.7724
-62.9816
-54.1929
-52.3745
-43.4342
-31.1602
-17.977
-18.2801
6.57092
20.3602
40.2107
67.7893
73.5474
79.7602
84.6092
77.9418
62.9403
52.9393
32.6342
13.0867
-3.12704
-3.4301
18.2388
20.2087
33.5434
49.4541
76.1235
98.55
121.431
136.281
161.587
180.528
201.288
214.168
205.985
191.135
168.557
150.98
133.402
127.038
124.462
123.098
115.521
103.399
86.276
78.851
63.8495
39.6046
18.9964
5.05561
-8.27908
-15.401
-40.252
-64.9515
-73.5888
-102.834
-105.865
-113.441
-128.746
-146.778
-174.508
-201.026
-213.603
-226.786
-226.332
-231.332
-220.725
-202.238
-182.388
-155.415
-157.991
-153.294
-133.595
-114.35
-110.865
-127.079
-106.622
-106.471
-109.047
-111.623
-109.35
-110.865
-109.35
-77.9832
-63.4362
-34.4939
-20.25
2.93418
10.8138
-7.21837
-14.9464
-23.8867
-21.4622
-12.5219
0.358163
-1.15714
-6.30918
-12.6735
-12.3704
-21.1592
-25.5536
-22.0684
-23.4321
-22.9775
-3.12704
26.573
21.5724
39.4531
38.9985
54.6061
47.4842
55.9699
64.9102
66.274
83.0939
98.3985
115.824
115.824
118.855
115.37
117.946
108.096
109.157
102.641
82.9423
64.1525
51.727
41.5745
32.7857
29.7551
38.3923
30.9673
27.4821
35.8163
35.3617
22.4816
11.8745
-20.7046
-51.1622
-75.4071
-95.7122
-122.988
-157.84
-184.206
-208.148
-223.604
-248.758
-250.122
-251.789
-242.242
-268.306
-265.578
-279.064
-293.763
-296.187
-305.128
-302.855
-284.822
-256.183
-246.334
-197.086
-182.388
-183.903
-178.145
-185.418
-175.872
-160.113
-142.535
-134.049
-116.017
-101.773
-87.075
-90.5602
-92.227
-83.1352
-77.5286
-61.3148
-55.4051
-31.6148
1.11582
15.5112
19.148
33.6949
30.8158
27.1791
36.7255
40.5138
34.1495
31.2704
44.9082
45.6658
48.3934
52.0301
57.1821
51.727
59.0005
81.5786
98.8531
117.794
112.642
114.612
91.4281
89.9127
73.2444
55.6668
49.9087
41.423
60.0612
59.6066
84.6092
94.4587
92.7918
102.035
101.581
92.3372
101.126
105.672
108.703
140.372
145.828
149.919
162.496
169.315
182.801
179.619
159.617
139.615
79.9117
28.5429
-4.49082
-21.4622
-37.5245
-36.3122
-36.9184
-34.4939
-47.0709
-76.7709
-81.6199
-121.927
-145.566
-179.054
-197.086
-193.146
-207.845
-217.543
-243.152
-271.488
-307.704
-323.463
-336.494
-352.254
-366.194
-360.739
-352.254
-330.282
-293.308
-260.123
-237.545
-207.39
-177.842
-162.992
-135.868
-107.683
-89.0449
-61.0117
-46.6163
-40.252
-2.21786
18.8449
53.3939
73.0928
87.1852
82.4877
93.701
103.55
104.611
124.765
140.221
164.314
162.193
160.374
159.314
150.828
129.614
112.491
113.4
93.3979
93.701
88.852
55.2122
43.0898
28.3913
12.1775
-24.3413
-24.1898
-32.9786
-55.102
-51.3138
-58.7388
-50.5561
-55.8597
-59.4964
-59.648
-66.6184
-60.5571
-54.0413
-44.9495
-18.1286
10.3592
38.9985
54
75.0627
79.7602
86.276
99.9138
77.9418
81.427
76.1235
64.4556
60.9704
45.0597
23.8454
6.72245
-17.674
-29.4934
-36.4638
-42.525
-29.6449
-15.098
-11.3097
-3.12704
-29.0388
-51.0107
-66.4668
-87.5296
-93.1362
-97.2275
-106.168
-107.986
-107.38
-114.805
-125.261
-142.384
-163.295
-168.75
-163.143
-163.295
-156.324
-142.081
-130.716
-117.381
-110.865
-111.32
-95.5607
-89.9541
-70.2551
-61.9209
-51.1622
-46.9194
-63.5877
-63.2847
-71.0127
-73.5888
-69.3459
-59.648
-58.7388
-59.951
-60.1025
-66.4668
-78.2862
-84.1959
-73.7403
-73.5888
-61.1633
-70.2551
-78.7408
-70.4066
-76.4678
-77.2255
-79.3469
-66.1638
-50.5561
-30.4025
0.055102
14.4505
14.602
-8.8852
-5.55153
-19.4923
-36.0092
-37.2214
-53.1321
-51.3138
-50.2531
-48.7378
-46.6163
-30.251
-19.6439
-10.249
6.57092
9.45
12.9352
22.3301
19.9056
22.3301
6.87398
-2.36939
0.661224
0.206633
-0.0964286
3.84337
-7.06684
-15.098
-21.6138
-33.8878
-52.6775
-67.073
-81.0138
-84.6505
-99.9551
-109.956
-99.652
-100.258
-100.41
-113.896
-108.592
-104.349
-109.198
-105.865
-92.0755
-85.5597
-87.6811
-64.4969
-56.9204
-66.7699
-71.0127
-80.5592
-87.9842
-100.864
-99.5005
-104.804
-110.865
-102.986
-77.2255
-60.5571
-48.8893
-28.4327
-28.1296
-10.0974
-0.247959
-2.67245
12.026
22.6332
20.0571
32.9372
29.3005
43.2413
47.9388
35.5133
29.9066
11.5714
-1.15714
-14.1888
-22.6745
-29.948
-34.0393
-41.3128
-55.2536
-51.9199
-57.8296
-61.1633
-49.4954
-55.4051
-57.9811
-41.1612
-35.5546
-30.0995
-34.7969
-34.4939
-30.8571
-35.4031
-48.4347
-46.9194
-26.9173
-12.2189
8.54082
8.23775
-6.76377
-20.5531
-29.6449
-22.6745
-23.2806
-7.21837
7.4801
8.38928
3.08571
-12.0673
-14.9464
-23.5837
-22.523
-20.5531
-19.1893
-17.3709
8.38928
18.5418
22.7847
17.0265
15.0566
15.0566
5.20714
17.0265
16.2689
22.7847
5.20714
2.32806
-3.12704
-5.09694
1.11582
1.57041
7.63163
11.4199
7.78316
5.20714
-2.21786
-8.8852
-22.6745
-48.1316
-56.7689
-61.6179
-58.5872
-58.2842
-61.0117
-49.4954
-59.3449
-72.0735
-64.1939
-69.0429
-69.952
-79.9531
-79.8015
-102.228
-121.169
-130.564
-144.05
-161.325
-154.658
-139.505
-133.595
-124.352
-132.686
-97.2275
-79.4985
-78.7408
-57.0719
-75.2556
-89.8025
-77.5286
-60.7087
-48.1316
-37.676
-17.2194
-3.88469
8.23775
3.9949
8.99541
10.3592
1.26735
-1.30867
-5.55153
-13.1281
-3.73316
-15.401
-29.0388
-37.5245
-49.1923
-51.6168
-53.5867
-58.1326
-78.4377
-93.8939
-98.4398
-112.684
-137.383
-155.718
-158.143
-155.718
-132.686
-130.261
-114.047
-102.683
-99.349
-76.6194
-67.6791
-38.4337
-21.9168
-21.4622
-15.5525
-20.7046
-12.5219
-14.4918
-19.3408
-37.2214
-34.6454
-21.6138
-16.7648
27.7852
53.6969
91.4281
95.8224
96.8832
98.2469
81.7301
73.5474
72.4867
63.2434
43.5444
41.423
41.1199
46.2719
34.4525
28.5429
13.8444
-3.88469
-4.18775
0.206633
0.812755
-8.43061
-31.6148
-68.1337
-80.8622
-81.7714
-71.1643
-68.5883
-40.1005
-21.4622
-30.5541
-22.3714
-40.8582
-67.073
-87.075
-97.5306
-104.349
-112.987
-112.229
-112.229
-89.9541
-89.8025
-102.834
-86.1658
-96.3184
-96.7729
-96.0153
-96.3184
-86.7719
-85.4082
-99.8036
-110.108
-120.715
-117.078
-115.411
-110.714
-107.835
-111.471
-110.714
-114.047
-107.229
-98.1367
-105.107
-108.441
-117.533
-116.32
-117.381
-127.837
-150.415
-150.263
-159.052
-151.627
-108.289
-74.3464
-49.4954
-20.0985
-12.5219
-22.2199
-32.0694
-34.4939
-44.3434
-49.6469
-38.7367
-44.6464
-51.7684
-55.7082
-53.2837
-54.6474
-51.3138
-60.4056
-44.6464
-35.4031
-19.0378
-13.5827
-6.15765
-15.2495
-39.3429
-44.4949
-42.6765
-24.9474
-24.9474
-10.7036
9.90459
-3.88469
-22.0684
-27.675
-49.1923
-58.5872
-42.8281
-47.677
-46.3133
