19.6905
27.9698
42.1137
-13.4269
-3.76764
-24.466
-44.4744
-53.0987
-45.5093
-27.9157
-60.6881
-28.9506
-31.0204
-58.2732
-74.8319
-70.0023
-51.3738
-35.5051
38.6639
79.0257
111.798
129.392
132.151
122.837
116.973
82.4754
80.4056
38.319
18.3106
-3.42267
-20.6713
-12.3919
-20.3263
-15.8417
-9.28719
-39.6447
-67.2425
-34.8151
-56.2034
-34.1252
-47.5791
-71.7272
-31.3654
-36.54
-40.3347
-33.0903
-9.63216
7.96142
-12.7369
-15.8417
-13.4269
-43.0945
-93.8054
-113.124
-146.931
-123.128
-43.4394
-31.0204
-18.2565
-42.7495
-86.561
-138.307
-137.962
-117.608
-111.399
-53.7886
-45.5093
5.20164
26.2449
3.47678
24.8651
35.9042
23.4852
4.85667
6.58153
-14.8067
-33.7802
-15.4967
-16.5316
-23.0861
1.06197
0.372029
-14.8067
-43.4394
-81.3864
-73.797
-69.3124
-79.6615
-91.7355
-65.5177
-18.9464
-0.317916
43.4936
76.9559
82.8204
69.3665
47.9782
12.4461
-7.21736
-20.6713
-28.6056
-1.35283
-3.42267
12.4461
38.6639
28.3148
20.0354
-3.76764
-53.0987
-92.0805
-90.3557
-60.6881
-43.7844
-70.3473
-73.797
-67.2425
-47.9241
-76.2118
-71.0372
-42.0596
-28.2607
29.0047
43.1486
70.7464
61.0871
69.7114
36.2491
8.99633
3.82175
-24.121
-8.94222
7.61645
3.82175
-3.42267
-11.702
-26.1908
2.09689
-3.42267
35.5592
66.9517
87.995
105.934
104.554
55.9126
36.2491
51.7729
42.1137
29.3497
46.2533
29.0047
5.89158
30.3846
-4.11261
-2.38775
-23.776
-27.5707
14.5159
11.4111
-1.35283
15.5508
-1.00786
-39.9897
-27.2257
3.47678
46.2533
86.9601
128.012
151.125
162.509
130.772
71.7813
50.738
5.54661
52.4628
97.3092
131.806
131.116
61.0871
23.8301
-30.6755
-62.4129
-102.43
-139.687
-141.757
-87.5959
-107.604
-122.093
-97.6001
-103.81
-100.015
-100.015
-102.43
-90.3557
-48.2691
-27.9157
-24.466
-37.2299
-59.3082
-64.8277
-74.142
-68.9674
-26.1908
-25.5009
-37.9199
-22.0512
-45.1643
-71.0372
-52.4087
-41.0246
-62.4129
-55.8584
-51.7188
-2.38775
-15.1517
21.0704
16.2408
15.5508
-2.73272
-31.0204
-26.5358
-45.8542
-31.7104
-48.614
-1.00786
27.9698
99.724
82.8204
106.623
97.6542
65.9167
69.7114
64.1919
50.393
14.8609
17.2757
18.3106
19.3455
-19.2914
-38.9548
-51.3738
-59.3082
-3.76764
63.8469
85.9251
145.26
168.718
129.392
135.946
139.051
103.519
128.702
111.798
65.2268
35.2142
32.7994
19.0005
-24.121
-67.5875
-13.0819
4.16672
8.99633
67.9866
97.3092
89.3749
63.5019
35.5592
-9.28719
-93.1154
-253.872
-348.395
-344.945
-231.794
-92.0805
41.4237
148.02
130.082
-16.1866
-171.424
-373.233
-552.963
-675.773
-730.279
-708.891
-636.447
-457.406
-362.884
-351.5
-449.472
-654.385
-869.993
-1092.5
-1160.8
-1140.45
-1078.7
-915.529
-706.821
-456.026
-225.24
7.61645
293.253
521.625
697.561
834.86
981.818
1038.74
1052.54
1063.92
1097.04
1227.09
1337.14
1380.26
1363.36
1331.27
1270.56
1215.36
1212.26
1138.78
999.412
804.157
602.349
526.455
491.957
477.469
491.957
495.407
405.369
297.738
214.6
113.178
-80.6964
-293.889
-463.271
-550.204
-489.488
-371.508
-223.17
-98.635
-60.3431
-107.949
-204.196
-279.055
-373.923
-404.97
-401.521
-342.53
-304.238
-235.244
-224.205
-248.353
-210.406
-160.04
-142.101
-128.993
-145.896
-174.874
-231.449
-234.209
-145.206
-36.885
19.6905
49.0131
20.0354
-49.9939
-34.1252
-43.0945
-49.6489
-32.0554
-50.6839
-147.276
-265.257
-333.561
-389.447
-396.001
-407.04
-413.25
-458.441
-523.986
-569.867
-581.941
-556.068
-499.148
-438.088
-381.167
-323.212
-274.916
-233.174
-178.324
-134.167
-108.984
-94.8403
-95.5302
-80.6964
-63.7928
-24.8109
62.467
156.989
225.639
252.547
334.305
418.478
493.337
606.143
668.238
693.076
760.346
823.131
884.191
908.684
934.557
928.347
870.392
876.946
894.195
908.339
882.811
916.273
996.652
1062.54
1127.74
1128.43
1169.14
1223.3
1212.6
1206.74
1100.14
949.046
752.066
564.057
431.242
359.833
366.043
391.915
411.234
403.99
389.156
365.353
224.259
138.016
49.3581
-148.656
-318.037
-548.479
-751.667
-898.97
-1030.4
-1178.74
-1308.8
-1477.14
-1716.21
-1905.6
-2055.32
-2133.63
-2166.74
-2109.13
-2080.5
-2054.28
-1994.26
-1931.82
-1806.59
-1677.57
-1571.32
-1440.58
-1286.72
-1155.63
-1000.39
-875.167
-716.135
-576.077
-393.931
-230.069
-31.7104
190.797
341.895
450.216
499.202
440.902
301.188
135.946
-18.2565
-107.949
-171.769
-182.463
-146.931
-109.674
-75.1769
-51.3738
-86.216
-135.202
-189.018
-292.164
-330.801
-320.452
-248.008
-131.407
24.1751
187.692
374.322
535.079
728.953
916.618
1073.58
1279.18
1358.87
1505.49
1642.78
1694.19
1798.71
1886.34
2002.59
2088.49
2177.15
2303.75
2351.01
2364.12
2335.14
2237.17
2173.7
2114.02
2052.61
1995
1880.47
1851.84
1817.34
1724.89
1593.8
1380.26
1171.55
883.156
587.86
257.376
-143.826
-483.969
-818.247
-1145.28
-1425.4
-1685.16
-1962.52
-2197.1
-2395.8
-2609
-2794.59
-2942.24
-3124.73
-3269.96
-3317.57
-3374.49
-3271.34
-3132.67
-2971.56
-2730.77
-2459.97
-2202.97
-1959.42
-1687.58
-1385.73
-1054.55
-699.922
-359.434
-6.18244
376.737
665.823
960.085
1224.68
1502.73
1672.11
1747.31
1762.83
1706.95
1600.01
1410.96
1188.8
917.998
652.714
390.191
115.248
-109.329
-322.867
-514.671
-747.528
-1001.43
-1271.54
-1511.3
-1684.82
-1815.22
-1845.57
-1795.9
-1670.67
-1501.64
-1315.7
-1135.28
-893.106
-589.53
-279.4
49.3581
417.098
737.578
1029.77
1344.04
1611.05
1885.3
2118.16
2331.69
2553.51
2736
2886.41
2980.59
3054.07
3057.86
3077.52
3055.79
2994.04
2945.74
2849.15
2784.3
2728.76
2656.31
2559.72
2399.65
2230.96
1988.45
1735.24
1421.66
1035.63
739.647
394.33
59.0173
-242.143
-618.163
-943.127
-1273.96
-1563.73
-1878
-2211.24
-2537.93
-2904.64
-3228.91
-3517.65
-3716.01
-3822.95
-3945.08
-3970.95
-3926.79
-3829.51
-3655.3
-3456.59
-3199.25
-2902.91
-2642.8
-2384.08
-2063.6
-1717.93
-1271.54
-866.888
-481.209
-64.8277
282.559
616.492
1007.69
1400.27
1728.34
1979.48
2110.22
2185.77
2195.43
2113.67
1967.06
1717.64
1496.86
1193.29
915.928
646.505
381.911
172.168
-81.7314
-340.116
-545.374
-781.68
-986.938
-1187.02
-1396.42
-1586.85
-1741.05
-1771.75
-1768.65
-1679.3
-1523.37
-1301.21
-1059.38
-787.889
-503.977
-234.209
69.3665
363.628
673.413
1005.62
1378.88
1740.76
2086.42
2429.67
2694.26
2870.2
3005.42
3077.52
3137.2
3188.26
3189.98
3194.47
3194.81
3160.66
3134.1
3080.63
3037.51
2975.76
2866.4
2757.04
2557.31
2271.32
1904.27
1508.59
1093.24
701.356
329.476
-43.7844
-379.097
-656.455
-1015.23
-1407.46
-1874.21
-2420.64
-2897.39
-3326.54
-3685.66
-3937.14
-4162.41
-4317.3
-4436.32
-4432.87
-4321.78
-4148.61
-3888.5
-3655.99
-3418.99
-3148.53
-2781.48
-2354.06
-1871.1
-1404.7
-1017.64
-591.255
-170.389
307.052
831.41
1267.8
1672.11
1967.4
2176.11
2317.55
2474.51
2556.27
2555.58
2444.16
2217.16
1981.89
1723.16
1405.79
1096
751.032
340.17
-64.1378
-446.367
-776.16
-1046.96
-1278.78
-1496.12
-1695.17
-1881.11
-1968.73
-2027.72
-2068.43
-2028.06
-2059.11
-2022.2
-1869.38
-1689.3
-1422.64
-1044.2
-670.254
-259.047
214.6
716.189
1232.27
1690.74
2090.56
2391.72
2636.99
2834.32
3053.03
3277.26
3433.54
3524.95
3570.49
3655.35
3735.39
3828.18
3919.26
3947.89
3942.37
3766.78
3495.29
3189.98
2824.66
2403.1
2033.98
1608.98
1125.33
644.435
178.723
-218.685
-600.915
-963.135
-1349.5
-1787.62
-2267.48
-2669.71
-3076.78
-3459.35
-3763.96
-4065.47
-4342.14
-4563.27
-4623.64
-4562.92
-4343.52
-4110.32
-3824.68
-3505.93
-3198.21
-2764.93
-2283.69
-1788.31
-1399.18
-1062.83
-719.93
-341.84
83.8553
463.67
887.296
1213.64
1479.61
1696.26
1905.31
2096.77
2203.02
2239.93
2230.96
2110.22
2000.52
1863.57
1603.46
1255.73
832.445
428.138
13.136
-300.099
-610.574
-926.223
-1213.24
-1470.59
-1669.64
-1734.15
-1727.25
-1665.15
-1605.13
-1618.24
-1620.31
-1687.58
-1670.67
-1573.74
-1493.7
-1338.81
-1128.03
-859.299
-509.842
-8.94222
506.101
961.12
1447.53
1888.75
2298.23
2683.57
3030.61
3255.53
3387.65
3444.23
3430.78
3383.51
3402.14
3445.26
3494.94
3489.08
3401.8
3243.46
3072.35
2859.5
2649.07
2354.12
1966.02
1521.01
1025.63
537.839
32.4544
-520.536
-1086.29
-1683.09
-2227.46
-2706.62
-3083.68
-3372.08
-3680.48
-3902.3
-4036.84
-4059.26
-4001.65
-3854
-3700.83
-3598.03
-3417.96
-3209.25
-2928.79
-2595.2
-2285.41
-1982.53
-1715.52
-1356.75
-934.848
-460.856
35.9042
500.927
891.09
1201.91
1468.23
1736.96
1985.69
2093.66
2120.57
2068.48
1949.12
1874.26
1784.57
1622.43
1411.65
1127.4
849.694
607.868
435.037
235.643
43.4936
-175.219
-451.542
-681.638
-852.054
-1029.37
-1118.72
-1279.47
-1400.22
-1450.93
-1412.29
-1317.42
-1243.25
-1196.34
-1179.09
-1102.5
-952.786
-723.38
-545.719
-341.84
-151.761
135.601
476.089
912.134
1424.07
1879.78
2287.19
2603.53
2853.98
3128.58
3350.05
3441.81
3483.56
3403.87
3263.12
3040.96
2840.53
2641.48
2395.17
2135.06
1818.38
1513.42
1168.1
857.973
476.434
56.9475
-415.664
-1021.09
-1602.37
-2153.29
-2672.13
-3143.01
-3579.75
-3910.23
-4123.77
-4186.9
-4031.32
-3881.26
-3661.51
-3392.43
-3132.67
-2817.36
-2498.61
-2100.51
-1725.52
-1398.15
-1108.02
-861.024
-577.801
-199.712
147.675
457.46
729.298
990.442
1305.06
1566.89
1785.95
1939.46
2050.54
2047.09
2012.59
2023.98
2005.35
1943.26
1742.48
1451.33
1123.26
787.944
478.503
222.189
-25.1559
-318.382
-618.508
-842.395
-933.123
-948.302
-951.751
-1000.74
-997.633
-967.62
-873.443
-711.996
-586.426
-499.493
-508.462
-525.711
-485.004
-389.447
-291.819
-175.909
-70.3473
51.7729
207.7
409.164
629.601
906.614
1238.82
1532.74
1844.94
2153.69
2453.12
2682.53
2866.75
2859.16
2743.59
2557.65
2323.41
2136.09
1789.74
1488.24
1160.86
802.087
479.883
180.448
-105.189
-420.149
-802.723
-1224.28
-1628.24
-2018.41
-2348.54
-2675.23
-3022.27
-3395.88
-3725.67
-4000.96
-4153.44
-4217.95
-4182.07
-4054.09
-3897.81
-3566.64
-3135.43
-2564.5
-1991.84
-1407.11
-843.43
-324.937
123.872
557.157
935.937
1192.6
1390.95
1488.93
1602.08
1674.18
1820.45
1964.99
2144.37
2327.55
2517.29
2678.05
2809.14
2898.83
2832.25
2715.65
2503.49
2196.81
1827.34
1414.07
989.752
537.149
133.186
-196.607
-399.796
-524.676
-622.303
-670.599
-686.813
-642.311
-568.487
-532.955
-453.956
-421.874
-400.486
-364.954
-316.657
-241.109
-234.899
-279.745
-322.867
-332.871
-256.632
-56.5484
205.975
444.696
699.976
916.963
1150.85
1436.49
1698.67
1930.15
2161.62
2302.03
2386.2
2409.31
2398.27
2274.43
2020.53
1713.16
1324.03
852.798
409.509
-25.1559
-496.733
-950.371
-1337.43
-1705.52
-2011.51
-2248.5
-2432.03
-2612.45
-2805.29
-3014
-3197.52
-3357.24
-3532.83
-3721.88
-3891.6
-3976.81
-4053.74
-4014.41
-3874.01
-3620.11
-3271
-2853.24
-2346.82
-1793.48
-1176.33
-510.187
142.846
678.932
1169.48
1547.23
1856.32
2169.9
2402.76
2528.67
2539.71
2516.25
2472.79
2455.54
2501.08
2572.14
2643.55
2642.51
2604.91
2562.14
2525.91
2472.44
2313.76
2030.53
1655.2
1297.12
892.815
509.896
174.238
-208.336
-505.357
-765.466
-894.486
-934.503
-899.66
-806.863
-742.698
-669.909
-595.05
-555.378
-502.597
-502.252
-550.204
-563.658
-508.807
-402.9
-248.698
-61.723
123.527
328.786
496.097
767.245
994.582
1242.62
1501
1703.15
1862.19
2016.39
2114.71
2109.53
2056.41
1885.99
1646.92
1400.96
1062.54
697.561
333.96
-41.0246
-365.988
-750.632
-1040.75
-1352.95
-1692.06
-1966.66
-2208.48
-2397.53
-2554.49
-2730.08
-2948.8
-3230.64
-3436.93
-3601.14
-3731.19
-3732.23
-3696.35
-3664.61
-3578.71
-3353.1
-3053.32
-2690.76
-2274.72
-1806.94
-1314.66
-810.658
-248.698
271.865
743.787
1170.86
1528.6
1787.33
1934.98
2109.19
2235.79
2332.38
2421.39
2483.14
2559.72
2600.43
2611.81
2604.22
2518.67
2471.75
2412.07
2331
2200.26
2036.05
1800.09
1577.93
1350.94
1083.24
856.938
625.462
330.51
74.1961
-147.621
-344.6
-483.279
-615.058
-679.223
-704.751
-678.533
-665.769
-648.176
-592.98
-541.924
-505.702
-467.755
-500.528
-494.663
-476.38
-473.275
-418.424
-325.972
-157.28
20.0354
197.351
409.854
678.932
966.294
1239.86
1423.04
1518.25
1513.42
1447.19
1390.27
1238.13
1082.55
855.558
546.463
215.635
-69.6573
-353.224
-654.04
-834.116
-1129.76
-1420.22
-1636.18
-1785.55
-1921.47
-2090.16
-2303.01
-2548.28
-2780.45
-2918.78
-3004.34
-3116.45
-3138.87
-3148.88
-3111.62
-2990.54
-2756.99
-2432.37
-2120.52
-1708.97
-1326.39
-953.821
-541.234
-167.974
150.09
393.985
594.414
807.607
1056.68
1272.97
1532.39
1678.32
1743.17
1814.93
1896.68
1942.57
2011.21
2017.08
1973.96
1970.85
1946.36
1953.6
1935.67
1933.25
1838.38
1683.15
1509.28
1364.05
1177.42
1013.56
801.053
525.075
258.066
43.1486
-97.6001
-211.096
-345.29
-455.681
-541.234
-546.754
-489.833
-395.311
-344.255
-389.102
-423.944
-482.934
-463.961
-439.123
-405.315
-355.984
-299.064
-195.572
-105.189
60.3972
194.936
338.1
474.709
693.076
907.649
1109.8
1351.63
1485.48
1554.13
1602.77
1606.91
1525.15
1378.88
1181.21
930.762
668.928
430.207
195.626
-40.6797
-302.514
-592.635
-888.276
-1131.14
-1315.01
-1456.1
-1649.97
-1757.95
-1944.24
-2106.72
-2195.38
-2313.01
-2383.73
-2444.45
-2388.56
-2285.76
-2159.15
-1992.88
-1784.51
-1532.68
-1250.5
-917.599
-580.561
-261.117
30.7296
278.765
471.259
662.029
892.47
1131.88
1310.92
1463.4
1547.23
1625.88
1625.88
1589.66
1528.94
1513.77
1463.74
1415.1
1440.63
1448.22
1437.87
1405.1
1367.15
1304.71
1237.1
1153.27
981.473
794.153
589.24
319.471
-2.73272
-265.257
-542.614
-765.811
-936.227
-1001.43
-1016.26
-1014.19
-931.398
-911.734
-871.718
-858.954
-831.701
-793.064
-771.676
-709.236
-681.293
-633.687
-527.09
-422.219
-278.366
-117.608
127.667
360.868
561.642
796.568
1004.59
1111.53
1213.29
1259.18
1310.23
1386.82
1424.42
1393.71
1318.17
1183.97
1053.23
923.518
726.194
530.249
285.664
-28.9506
-352.88
-649.901
-877.582
-1050.41
-1262.23
-1429.88
-1608.92
-1726.56
-1778.99
-1805.21
-1896.98
-1982.18
-2001.5
-2013.58
-2034.27
-1934.23
-1801.76
-1712.76
-1560.97
-1365.03
-1152.87
-897.246
-596.775
-336.321
-85.871
170.443
474.364
747.582
1022.18
1221.57
1373.36
1457.53
1512.04
1567.24
1561.03
1533.43
1448.57
1349.56
1210.88
1161.55
1134.3
1130.16
1109.11
1045.98
985.613
909.374
781.044
588.895
378.117
122.492
-117.953
-357.709
-592.98
-788.924
-973.14
-1167.36
-1277.4
-1357.09
-1405.73
-1355.37
-1351.23
-1334.67
-1325.36
-1236.7
-1108.02
-935.883
-800.653
-707.166
-580.561
-438.778
-278.71
-98.29
117.663
263.931
417.098
598.554
860.733
1136.37
1414.41
1636.23
1799.4
1947.05
2023.29
2127.13
2215.78
2177.49
2080.9
1902.55
1627.26
1333.69
1028.04
736.888
459.53
142.501
-116.229
-341.84
-541.234
-769.606
-1055.59
-1312.94
-1528.2
-1649.63
-1654.11
-1656.53
-1645.49
-1651.35
-1697.58
-1700.69
-1701.72
-1656.18
-1554.07
-1482.32
-1387.45
-1193.92
-1001.43
-757.877
-522.606
-291.129
-96.2202
146.295
361.213
593.379
813.127
952.495
1084.27
1141.89
1179.83
1179.49
1124.98
1032.53
952.15
890.4
876.256
883.501
910.409
912.823
919.723
915.928
894.885
791.738
672.378
491.612
268.76
42.8036
-188.328
-331.146
-543.994
-764.776
-974.174
-1176.33
-1308.11
-1437.47
-1499.22
-1550.97
-1576.84
-1579.26
-1535.44
-1445.41
-1368.48
-1303.97
-1251.53
-1178.74
-1085.26
-926.223
-749.253
-540.889
-325.627
-71.0372
240.473
589.93
999.756
1337.48
1684.18
1927.04
2075.03
2247.18
2304.79
2334.8
2331.35
2227.86
2077.79
1906
1743.52
1514.11
1214.67
921.793
575.441
291.529
0.372029
-268.361
-496.733
-775.47
-963.135
-1133.55
-1278.44
-1382.62
-1447.48
-1507.16
-1587.88
-1648.25
-1682.75
-1661.36
-1603.4
-1559.25
-1530.61
-1466.79
-1329.5
-1190.47
-1044.2
-828.941
-599.535
-411.18
-210.061
3.82175
193.211
419.168
610.628
780.699
890.745
942.491
1027.7
1052.88
1081.17
1112.91
1165
1267.11
1305.75
1357.49
1391.3
1358.53
1295.05
1222.61
1161.89
1025.63
888.675
701.356
530.249
346.379
114.903
-118.643
-379.787
-605.054
-805.138
-1008.33
-1092.84
-1156.66
-1274.3
-1349.5
-1443.68
-1467.48
-1431.95
-1397.8
-1314.66
-1205.65
-1075.94
-977.279
-841.015
-617.818
-433.948
-246.973
-51.0288
215.98
518.52
814.161
1092.55
1372.33
1568.96
1785.26
1942.57
2038.81
2155.41
2150.93
2130.23
2060.2
1940.5
1812.17
1623.81
1373.36
1106.35
825.546
519.555
197.351
-57.2383
-276.986
-523.986
-780.645
-953.821
-1086.98
-1175.98
-1258.78
-1356.06
-1414.7
-1503.71
-1603.4
-1640.32
-1671.02
-1684.82
-1691.03
-1585.12
-1409.87
-1213.59
-1017.99
-833.771
-611.609
-453.266
-267.671
-80.3515
63.157
186.312
267.381
334.305
429.862
529.904
651.335
711.705
751.032
844.864
939.386
1055.64
1137.06
1210.53
1246.41
1274.01
1207.77
1141.54
1097.38
976.298
838.999
646.505
468.154
257.376
60.7422
-167.974
-375.648
-579.526
-801.343
-995.218
-1124.24
-1181.16
-1267.75
-1344.67
-1379.86
-1424.02
-1410.22
-1339.5
-1301.9
-1257.05
-1182.88
-1096.29
-971.415
-782.715
-558.138
-344.255
-108.639
99.724
386.741
709.635
1011.83
1256.42
1426.83
1582.41
1667.28
1779.74
1830.1
1871.5
1841.14
1806.99
1768.35
1696.95
1618.29
1488.24
1277.46
1094.28
827.96
515.071
253.237
-1.00786
-235.244
-475
-723.38
-933.468
-1130.45
-1301.21
-1474.04
-1636.52
-1729.32
-1851.78
-1906.29
-1904.22
-1841.78
-1658.94
-1487.84
-1316.04
-1105.95
-924.843
-792.374
-636.102
-481.554
-349.775
-205.576
-77.2467
30.3846
139.741
233.228
355.003
479.538
543.703
614.078
734.473
870.047
996.652
1144.3
1247.79
1348.18
1416.14
1422.69
1416.14
1379.57
1314.37
1213.29
1090.48
942.146
751.377
545.083
348.449
142.501
-59.9981
-249.043
-470.17
-648.521
-795.824
-917.944
-1066.28
-1167.01
-1193.58
-1227.73
-1177.71
-1078.36
-1068.35
-994.873
-952.096
-871.373
-786.855
-729.934
-600.57
-414.974
-179.014
70.0564
365.008
661.339
983.543
1215.71
1443.39
1599.66
1758.7
1878.06
1956.71
2006.04
1969.13
1833.55
1669.35
1532.39
1373.02
1256.42
1065.99
797.258
526.11
217.705
-58.2732
-274.571
-476.38
-665.769
-877.237
-1138.04
-1340.88
-1481.28
-1622.03
-1734.15
-1811.08
-1957.69
-2047.38
-2066.36
-2077.74
-1987.36
-1903.53
-1769.34
-1608.92
-1389.87
-1147.01
-889.656
-667.839
-471.205
-277.331
-162.8
26.9349
201.836
412.959
568.196
693.421
801.053
871.772
1005.97
1116.01
1247.45
1360.25
1450.98
1430.97
1391.99
1316.1
1196.39
1051.85
896.61
717.914
589.585
452.976
271.175
84.8902
-146.241
-352.535
-561.243
-747.183
-943.127
-1107.68
-1200.82
-1239.8
-1286.72
-1349.16
-1352.26
-1347.09
-1322.94
-1257.4
-1151.84
-1056.28
-920.704
-804.448
-670.254
-491.558
-297.339
-18.9464
278.075
623.047
980.093
1274.35
1631.06
1904.27
2164.38
2350.67
2453.47
2552.48
2589.73
2611.47
2514.87
2362.4
2132.3
1918.42
1686.94
1506.52
1325.41
1096.69
845.209
536.804
213.91
-59.9981
-370.473
-701.646
-1053.86
-1347.43
-1636.18
-1873.86
-2036.69
-2184.68
-2337.16
-2429.61
-2513.44
-2518.61
-2428.58
-2293
-2111.89
-1957
-1740.36
-1520.61
-1270.51
-1037.3
-816.522
-635.757
-431.533
-274.226
-136.582
23.1402
215.635
408.474
575.441
733.783
887.296
1066.68
1209.5
1380.95
1530.67
1648.99
1731.44
1748.35
1742.14
1660.38
1474.78
1221.23
938.006
609.248
254.962
-47.5791
-370.818
-628.512
-856.539
-1026.61
-1159.42
-1269.82
-1374.69
-1456.1
-1527.85
-1627.9
-1667.22
-1675.16
-1624.1
-1544.07
-1440.23
-1319.15
-1172.19
-1048.34
-905.525
-740.973
-548.479
-267.671
28.3148
339.48
673.068
1057.71
1469.26
1923.59
2282.71
2577.31
2837.42
3033.37
3152.73
3244.49
3216.89
3125.82
2950.92
2677.36
2360.33
2057.44
1795.26
1452.02
1189.15
879.706
571.301
199.421
-174.874
-520.881
-894.141
-1210.83
-1602.37
-1880.76
-2140.18
-2344.75
-2474.46
-2563.46
-2624.18
-2634.18
-2619
-2555.87
-2430.99
-2288.86
-2138.46
-1943.89
-1744.15
-1556.83
-1323.29
-1131.48
-942.092
-728.209
-523.296
-334.596
-136.237
85.5802
253.582
367.077
520.245
681.692
824.856
997.687
1169.48
1334.38
1427.52
1500.66
1491
1446.84
1395.78
1272.28
1115.67
937.661
706.185
437.107
153.195
-165.56
-487.074
-755.117
-997.633
-1196.34
-1324.32
-1437.47
-1504.4
-1570.98
-1638.94
-1598.23
-1628.24
-1615.48
-1572.36
-1523.03
-1410.56
-1314.32
-1098.02
-903.455
-727.864
-514.326
-224.895
91.7897
458.15
826.235
1263.32
1680.39
2105.74
2577.66
2982.66
3308.31
3523.92
3668.12
3660.18
3614.65
3461.82
3264.84
3026.47
2776.02
2540.4
2264.77
2032.95
1761.11
1489.96
1209.15
817.956
482.643
104.899
-360.124
-764.776
-1150.46
-1589.95
-1986.32
-2291.28
-2585.19
-2795.28
-2914.64
-2967.42
-2990.54
-2982.95
-2835.3
-2655.91
-2420.99
-2150.18
-1924.23
-1707.59
-1501.64
-1286.72
-1151.15
-1037.99
-936.572
-844.81
-726.139
-634.722
-514.671
-416.009
-246.283
-35.1601
198.386
512.656
823.476
1084.27
1327.83
1469.26
1526.87
1531.01
1448.57
1309.2
1097.04
844.519
590.964
373.632
99.724
-173.839
-395.656
-642.311
-846.88
-966.585
-1068.7
-1153.9
-1211.17
-1237.73
-1265.68
-1287.41
-1334.67
-1375.03
-1347.78
-1328.12
-1305.35
-1241.87
-1153.56
-1100.09
-975.554
-786.165
-531.92
-210.061
153.54
586.48
1026.66
1493.07
1946.02
2363.78
2728.07
3081.66
3370.06
3578.77
3693.64
3702.27
3638.79
3456.3
3235.87
2967.82
2678.39
2426.91
2160.24
1908.41
1673.14
1389.23
1040.46
606.488
191.487
-237.314
-671.289
-1081.12
-1473.69
-1841.09
-2143.29
-2384.77
-2593.13
-2746.64
-2879.8
-2899.46
-2915.68
-2838.75
-2660.74
-2526.55
-2389.6
-2254.71
-2084.29
-1934.92
-1786.58
-1626.86
-1443.34
-1249.46
-1083.53
-882.757
-662.665
-436.363
-234.554
-11.357
266.001
544.393
823.476
1102.56
1292.64
1455.12
1558.61
1625.88
1620.36
1542.74
1436.49
1230.54
996.997
744.132
520.245
253.927
3.47678
-220.41
-430.843
-578.146
-642.656
-691.987
-757.532
-834.806
-925.533
-1002.81
-1071.11
-1199.1
-1297.41
-1354.33
-1432.64
-1495.08
-1484.39
-1414.01
-1264.64
-1088.71
-888.276
-561.243
-228
208.045
703.77
1157.75
1616.22
2019.15
2393.44
2751.53
2971.27
3147.21
3227.59
3299.69
3345.91
3331.08
3294.86
3158.25
2953.33
2750.84
2509.35
2256.84
2025.01
1715.92
1426.49
1031.15
666.858
264.966
-138.997
-542.614
-979.004
-1409.18
-1842.47
-2198.14
-2450.66
-2649.7
-2769.06
-2907.05
-3008.82
-2972.94
-2914.64
-2812.88
-2700.07
-2575.19
-2481.01
-2363.03
-2135.01
-1933.54
-1745.19
-1567.18
-1381.24
-1173.22
-972.45
-770.986
-531.23
-325.627
-108.639
128.357
377.772
652.025
909.374
1123.6
1336.79
1517.21
1670.38
1787.33
1793.54
1700.74
1550.33
1333.34
1025.28
718.604
388.466
43.8385
-277.331
-519.846
-701.991
-757.532
-753.737
-784.44
-856.884
-922.429
-963.825
-1039.37
-1072.49
-1099.74
-1110.78
-1142.18
-1151.49
-1150.11
-1106.3
-1087.33
-1029.71
-834.461
-578.836
-204.886
189.072
635.466
1061.51
1477.2
1850.8
2203.36
2523.5
2753.94
2973.69
3087.18
3163.77
3210.68
3223.1
3107.88
2894
2640.1
2347.91
2130.23
1893.23
1606.22
1254.35
874.187
432.277
18.3106
-365.643
-766.156
-1128.72
-1503.02
-1842.12
-2145.36
-2369.59
-2538.62
-2662.47
-2831.85
-2901.19
-2923.27
-2881.53
-2825.64
-2734.91
-2581.4
-2444.45
-2270.23
-2087.4
-1878
-1659.63
-1487.49
-1339.16
-1138.73
-981.419
-799.619
-570.212
-341.495
-55.5135
231.158
529.904
856.938
1207.08
1525.15
1775.94
1971.2
2118.5
2165.76
2107.46
1996.04
1770.08
1494.1
1220.88
970.779
728.953
465.05
222.879
-4.80255
-225.93
-321.487
-409.11
-488.454
-537.44
-669.564
-810.658
-940.712
-1074.91
-1183.57
-1315.01
-1426.43
-1490.6
-1435.06
-1349.85
-1230.83
-1066.63
-852.744
-544.339
-236.969
154.92
558.192
1000.1
1420.97
1751.45
2076.07
2385.85
2629.06
2784.3
2909.52
2977.14
2952.99
2835.01
2621.82
2381.72
2120.57
1840.45
1567.58
1315.06
1061.51
790.013
442.971
86.6151
-298.029
-651.28
-1015.57
-1376.41
-1731.04
-2058.77
-2331.64
-2553.8
-2721.46
-2880.84
-2987.09
-2972.94
-2916.37
-2730.43
-2533.79
-2333.36
-2091.88
-1851.44
-1603.06
-1419.88
-1181.5
-1053.17
-931.053
-820.662
-637.482
-441.537
-232.484
-26.5358
183.207
430.207
682.727
980.438
1234.34
1515.14
1718.68
1864.6
1966.71
2081.24
2128.16
2084.69
2027.43
1862.88
1638.3
1481.34
1256.07
1012.52
709.635
419.513
190.797
-35.5051
-206.266
-346.67
-496.043
-660.94
-789.614
-904.49
-950.371
-1046.27
-1124.58
-1211.52
-1283.96
-1334.67
-1327.43
-1215.65
-1084.91
-906.56
-729.244
-448.437
-137.962
241.853
628.911
966.639
1307.13
1617.95
1865.29
2049.51
2279.95
2368.26
2400.69
2403.79
2320.66
2184.39
1952.91
1701.77
1392.33
1070.13
728.953
409.854
109.728
-269.741
-572.972
-889.311
-1192.54
-1484.73
-1752.09
-2077.74
-2388.22
-2569.67
-2761.13
-2868.42
-2943.62
-2977.08
-3035.04
-3033.31
-2872.21
-2714.9
-2506.2
-2288.86
-2024.96
-1712.41
-1371.24
-1030.75
-763.396
-503.632
-318.382
-122.783
84.2003
356.728
558.882
786.219
995.962
1147.75
1371.98
1515.14
1727.3
1897.03
2039.5
2134.03
2220.27
2296.51
2325.48
2308.58
2183.01
2073.65
1909.1
1702.81
1526.18
1282.98
1054.61
866.597
648.23
460.91
236.333
60.7422
-116.574
-285.955
-424.979
-588.496
-729.244
-907.595
-1017.64
-1023.16
-1032.82
-982.109
-918.289
-799.963
-669.219
-519.846
-305.273
-28.9506
297.048
569.576
839.689
1090.14
1379.23
1616.91
1763.18
1891.85
1943.95
1924.28
1867.36
1759.04
1621.74
1445.46
1155.68
826.58
519.9
184.932
-199.022
-587.461
-976.244
-1357.78
-1696.89
-2005.3
-2245.05
-2477.56
-2692.83
-2833.23
-2961.9
-3040.21
-3055.39
-3063.67
-3019.86
-2952.25
-2787.69
-2644.18
-2486.53
-2288.52
-2049.11
-1792.45
-1521.65
-1238.42
-920.359
-632.652
-293.544
-14.1168
270.14
600.624
900.06
1195.01
1439.94
1738.34
1927.04
2131.61
2265.11
2366.19
2425.53
2447.26
2463.82
2421.39
2405.86
2334.8
2268.22
2161.97
2062.96
1971.54
1840.11
1651.41
1437.87
1232.96
1013.56
811.057
586.48
389.846
175.273
-60.6881
-220.755
-423.599
-590.91
-707.166
-772.021
-894.486
-972.105
-946.232
-912.424
-804.793
-606.089
-382.892
-138.997
183.207
486.438
791.393
1047.36
1292.98
1487.89
1611.74
1667.62
1675.56
1636.58
1564.13
1447.19
1285.05
1078.76
798.983
476.089
179.068
-90.3557
-405.315
-695.092
-1003.15
-1340.19
-1687.92
-1987.7
-2250.23
-2563.12
-2814.26
-3007.79
-3217.53
-3343.1
-3429
-3457.28
-3437.28
-3414.16
-3370.01
-3234.43
-3021.58
-2789.07
-2544.83
-2328.19
-2032.89
-1699.65
-1401.25
-1076.29
-716.825
-340.116
14.5159
380.186
736.198
1054.26
1369.91
1587.59
1784.57
1969.47
2195.09
2359.98
2471.41
2546.61
2544.54
2546.27
2534.19
2511.77
2482.79
2473.13
2402.41
2293.06
2213.02
2101.25
1946.36
1818.03
1611.39
1485.13
1307.82
1089.79
914.203
688.592
410.199
169.408
-43.7844
-249.388
-375.993
-505.702
-619.888
-692.677
-748.908
-744.768
-714.755
-648.866
-457.406
-249.733
19.3455
321.196
660.304
987.337
1297.81
1601.04
1814.93
1945.67
1963.61
1943.95
1824.93
1694.88
1463.05
1167.41
867.287
526.8
211.495
-145.206
-522.951
-904.835
-1266.37
-1652.39
-1988.05
-2292.66
-2567.26
-2822.19
-3049.87
-3205.45
-3289.63
-3363.45
-3430.38
-3441.42
-3429.69
-3400.02
-3364.49
-3288.59
-3148.88
-2959.83
-2765.27
-2492.4
-2178.13
-1851.44
-1453.69
-1082.84
-705.441
-300.444
94.5494
495.062
851.418
1201.57
1479.27
1679.7
1813.89
2004.32
2192.33
2315.48
2412.07
2503.15
2588.01
2606.29
2579.73
2513.15
2437.95
2322.38
2194.05
2039.16
1922.21
1836.31
1735.24
1648.3
1471.68
1339.9
1244
1112.56
1020.45
904.544
751.377
586.48
425.723
229.434
3.82175
-216.96
-433.258
-643.346
-808.243
-915.529
-850.329
-733.039
-604.364
-440.502
-238.004
44.5285
397.435
767.59
1120.84
1436.15
1717.3
1928.42
2027.77
2104.7
2060.89
1897.37
1639.68
1321.62
970.089
609.938
197.696
-195.917
-601.259
-1012.12
-1382.97
-1740.01
-2089.81
-2443.41
-2700.42
-2984.33
-3275.48
-3548.7
-3755.69
-3854.69
-3939.56
-3874.36
-3773.62
-3605.28
-3485.23
-3334.13
-3103.69
-2868.76
-2535.86
-2266.44
-1973.21
-1657.22
-1355.37
-1016.26
-693.022
-386.687
-108.639
153.195
450.561
798.983
1154.99
1414.76
1736.96
1962.23
2138.51
2293.4
2442.09
2521.43
2575.24
2621.13
2592.84
2596.98
2534.54
2418.63
2279.6
2150.93
1980.86
1835.28
1720.4
1590
1446.15
1370.95
1287.12
1196.05
1183.28
1105.66
1004.24
884.881
723.089
565.436
475.054
317.401
132.496
-46.1992
-243.178
-351.845
-447.747
-466.72
-416.699
-317.002
-120.368
116.628
407.094
739.647
1072.89
1278.49
1493.41
1695.91
1804.92
1878.06
1901.86
1868.4
1753.18
1507.9
1260.9
953.53
583.72
136.636
-305.963
-780.99
-1271.89
-1730.35
-2171.23
-2555.18
-2910.5
-3126.8
-3321.02
-3501.1
-3615.63
-3714.29
-3785.01
-3799.15
-3781.9
-3762.58
-3691.52
-3535.94
-3335.85
-3099.89
-2854.96
-2607.96
-2329.57
-2050.83
-1732.08
-1359.16
-991.768
-537.785
-111.054
244.957
588.55
875.222
1112.91
1316.79
1506.87
1665.21
1846.66
2012.25
2130.23
2212.68
2304.1
2351.01
2416.9
2497.97
2510.04
2493.83
2431.05
2325.83
2143.68
1948.78
1753.18
1504.11
1288.84
1149.13
1022.87
924.208
842.794
740.682
669.618
625.807
514.381
465.74
426.413
336.03
195.971
67.2966
-83.8012
-248.008
-278.71
-302.859
-300.099
-272.501
-116.919
39.6989
232.193
481.263
709.29
922.138
1101.52
1348.52
1572.76
1751.45
1832.17
1859.08
1786.64
1621.05
1412.69
1155.68
832.1
402.61
-43.4394
-507.772
-985.214
-1442.99
-1869.38
-2293.35
-2688.34
-3005.03
-3274.79
-3451.07
-3565.26
-3658.75
-3663.58
-3643.91
-3572.85
-3498.34
-3403.81
-3276.17
-3174.75
-3041.59
-2862.21
-2649.36
-2428.58
-2166.74
-1900.42
-1574.77
-1219.1
-844.12
-463.616
-107.259
291.529
619.942
1029.77
1362.32
1632.09
1842.52
1984.31
2159.9
2290.99
2361.36
2397.24
2413.45
2350.67
2323.76
2332.38
2293.75
2212.33
2135.06
2027.43
1921.87
1796.3
1645.89
1467.54
1311.61
1148.44
1003.21
879.016
754.481
675.828
573.026
423.308
283.939
191.142
131.116
38.319
-25.8459
-74.4869
-146.586
-167.629
-188.673
-190.398
-184.533
-164.18
-95.8752
12.4461
202.181
427.793
673.413
902.129
1117.05
1326.1
1467.88
1588.62
1632.78
1554.82
1472.71
1304.71
1072.55
801.053
508.861
119.387
-298.374
-678.878
-1094.91
-1471.28
-1928.37
-2279.89
-2618.31
-2930.51
-3212.01
-3437.62
-3582.85
-3736.71
-3825.37
-3800.53
-3688.76
-3594.93
-3465.56
-3311.02
-3164.06
-2971.22
-2705.93
-2446.52
-2133.63
-1803.14
-1491.98
-1127
-744.768
-341.495
62.467
426.068
743.097
995.272
1235.37
1485.13
1626.92
1720.06
1852.18
2006.39
2176.11
2297.89
2433.46
2496.94
2492.45
2437.26
2377.23
2358.95
2300.3
2262.7
2181.63
2113.33
1963.61
1816.65
1664.17
1435.11
1217.43
1020.11
828.995
636.156
476.434
308.087
168.718
98.3441
30.7296
4.85667
-11.702
-42.0596
-18.9464
24.8651
77.9908
169.753
242.198
275.315
306.017
352.589
411.924
486.093
547.153
602.693
676.863
779.664
885.916
1004.24
1100.49
1132.57
1162.58
1172.24
1102.9
1003.9
798.293
513.691
190.797
-168.664
-600.915
-1009.36
-1461.97
-1939.06
-2349.92
-2729.39
-3034.69
-3351.03
-3606.31
-3797.08
-3913.34
-3923
-3878.15
-3769.14
-3610.11
-3455.56
-3306.88
-3098.17
-2805.63
-2508.61
-2242.29
-1918.02
-1574.77
-1205.65
-844.81
-470.86
-147.276
184.932
477.124
773.455
1075.65
1362.32
1624.16
1783.88
1966.71
2080.9
2202.67
2307.89
2412.76
2461.06
2486.24
2487.97
2457.61
2482.45
2428.63
2363.43
2216.47
2046.4
1857.7
1711.09
1601.73
1472.02
1326.79
1157.75
1074.27
959.05
879.361
763.106
619.597
498.512
411.924
349.829
279.455
211.15
137.671
116.283
87.995
92.8246
88.6849
184.242
264.276
362.938
448.491
561.642
710.325
863.837
1011.49
1174.66
1277.46
1294.02
1231.23
1100.83
1009.07
837.965
690.661
505.411
317.746
125.597
-107.949
-392.896
-668.529
-1001.77
-1404.01
-1826.26
-2194.69
-2510.68
-2767.68
-3010.2
-3268.93
-3469.01
-3671.17
-3830.54
-3950.59
-3946.45
-3833.65
-3713.6
-3544.91
-3288.59
-2971.91
-2648.67
-2289.55
-1962.86
-1596.16
-1201.86
-831.356
-493.973
-121.058
208.39
509.206
807.262
1057.02
1323
1555.51
1735.58
1864.26
1975.68
2113.67
2223.72
2240.28
2302.37
2300.65
2259.94
2254.08
2215.09
2198.88
2118.16
2029.15
1934.63
1768.7
1687.63
1585.86
1454.08
1266.76
1120.15
1030.46
895.575
815.196
777.939
707.565
628.566
569.921
495.062
449.526
388.121
304.293
190.452
123.182
134.221
168.718
265.311
348.794
415.029
548.878
660.304
732.403
836.24
977.678
1071.17
1163.62
1258.14
1280.56
1258.83
1195.7
1039.43
854.178
614.768
346.724
59.7072
-166.939
-474.655
-790.649
-1078.36
-1414.36
-1724.49
-2081.19
-2435.13
-2738.36
-3012.96
-3244.09
-3494.54
-3663.58
-3782.25
-3877.46
-3926.45
-3955.08
-3921.96
-3879.53
-3728.43
-3502.48
-3161.99
-2751.47
-2342.68
-1946.31
-1564.77
-1123.55
-702.336
-281.47
126.632
461.945
766.555
1035.29
1256.42
1440.29
1559.99
1674.87
1733.17
1802.51
1943.26
2046.75
2148.51
2181.63
2169.9
2185.77
2124.37
2100.56
2062.27
1968.78
1868.4
1727.65
1582.76
1463.05
1325.07
1182.59
1028.04
889.02
794.843
715.154
647.885
588.895
468.844
360.523
334.995
291.874
298.083
302.568
311.192
353.279
404.334
444.006
510.241
555.432
651.68
770.005
857.628
998.032
1108.08
1197.08
1291.6
1331.27
1367.15
1371.64
1350.25
1272.63
1138.78
1004.59
796.913
581.65
322.576
82.1304
-207.991
-520.536
-830.666
-1147.01
-1475.42
-1826.6
-2170.88
-2549.66
-2881.18
-3157.85
-3366.21
-3602.52
-3751.2
-3884.36
-3944.04
-3917.13
-3835.72
-3662.89
-3482.12
-3268.24
-2988.81
-2623.14
-2234.36
-1854.89
-1492.67
-1119.41
-713.72
-275.261
150.09
544.393
933.522
1267.11
1535.84
1747.66
1957.4
2116.78
2231.31
2270.63
2280.29
2357.91
2387.58
2391.72
2278.91
2141.61
2064
1966.37
1911.86
1822.17
1771.11
1641.75
1490.65
1347.14
1202.26
1110.15
953.185
732.748
550.258
467.119
397.435
353.624
300.843
213.22
154.92
59.3623
-46.8892
-61.723
-82.0763
-69.3124
-13.7718
10.0313
134.911
314.987
416.409
508.516
608.903
717.914
869.357
1062.54
1251.59
1395.78
1459.6
1518.59
1547.57
1525.15
1401.99
1159.48
904.199
645.47
368.112
76.9559
-182.463
-479.829
-803.758
-1136.31
-1441.61
-1684.82
-1947.34
-2265.06
-2606.93
-2885.32
-3168.54
-3402.43
-3592.86
-3790.87
-3893.67
-3904.02
-3866.08
-3754.65
-3601.83
-3390.01
-3206.14
-2915.33
-2577.26
-2200.9
-1798.66
-1389.52
-987.628
-572.282
-151.071
257.376
668.238
1026.32
1343
1657.96
1889.09
2138.16
2351.7
2440.36
2481.07
2458.64
2474.17
2491.07
2433.81
2407.59
2354.81
2286.85
2226.48
2089.52
1950.84
1777.67
1559.3
1347.49
1106.7
954.22
802.432
629.256
458.15
273.935
182.862
125.597
83.5103
22.1053
35.5592
16.2408
12.791
0.717001
-24.8109
11.7561
22.7952
44.8734
46.2533
141.121
280.144
461.6
616.837
766.21
915.583
1015.63
1163.62
1274.35
1392.68
1462.71
1510.32
1511.7
1484.1
1413.03
1264.7
1103.25
903.164
634.431
355.693
17.6206
-326.662
-633.342
-952.096
-1305.69
-1669.29
-1979.42
-2280.58
-2597.96
-2901.19
-3116.45
-3296.18
-3479.71
-3619.77
-3699.8
-3736.71
-3684.62
-3536.28
-3394.15
-3199.94
-2956.04
-2731.46
-2458.59
-2113.62
-1758.3
-1398.49
-1000.05
-576.766
-144.171
267.381
687.902
1044.26
1364.05
1633.47
1819.41
1983.62
2114.36
2253.39
2262.35
2264.42
2322.72
2358.6
2354.81
2335.49
2303.06
2226.82
2154.72
2039.5
1907.72
1793.88
1642.44
1432.01
1160.86
941.801
781.734
588.205
378.117
143.535
-36.54
-199.712
-317.347
-404.97
-381.857
-274.571
-246.628
-227.655
-184.188
-128.648
-103.12
-65.5177
-74.4869
-73.797
-28.2607
46.9433
169.063
285.319
467.119
595.794
767.935
903.164
1049.78
1193.63
1321.96
1418.9
1455.12
1447.19
1326.45
1172.59
990.787
759.311
526.11
257.031
-10.3221
-309.413
-624.373
-1009.02
-1353.3
-1637.9
-1940.1
-2214
-2434.79
-2646.94
-2836.68
-3006.75
-3217.18
-3407.26
-3506.27
-3522.14
-3474.19
-3385.19
-3202
-2962.59
-2726.98
-2442.72
-2100.51
-1671.71
-1269.47
-911.734
-478.794
-16.5316
436.072
839.344
1201.22
1535.15
1764.21
1930.84
2054.68
2154.03
2298.58
2321.69
2316.86
2323.07
2337.56
2394.82
2403.45
2389.3
2341.01
2280.29
2155.41
2053.65
1863.91
1663.48
1414.07
1121.53
861.768
635.121
461.255
233.573
23.1402
-122.438
-200.057
-225.93
-276.641
-297.339
-311.138
-386.687
-467.065
-503.287
-494.318
-460.166
-447.057
-411.525
-315.967
-187.293
-54.4786
62.467
213.22
376.737
547.843
698.596
860.043
1031.84
1161.89
1213.98
1230.54
1283.32
1379.23
1384.06
1278.49
1080.82
917.653
765.865
567.851
354.658
96.9642
-220.41
-560.208
-843.43
-1063.18
-1316.04
-1596.85
-1900.42
-2205.73
-2390.98
-2553.46
-2687.31
-2799.08
-2951.9
-3039.87
-3109.9
-3095.75
-3023.65
-2871.87
-2698.69
-2478.25
-2208.14
-1878.69
-1426.43
-1044.89
-672.669
-296.649
82.4754
451.251
855.558
1199.5
1438.22
1661.07
1796.99
1874.26
2039.85
2154.38
2224.41
2206.47
2189.22
2248.9
2303.06
2301.68
2283.05
2232.34
2082.62
1884.96
1730.75
1493.07
1249.52
993.547
645.815
360.178
125.597
-14.4618
-175.219
-321.832
-416.009
-471.205
-513.292
-542.959
-548.479
-562.278
-631.272
-659.905
-646.106
-592.635
-516.741
-530.885
-517.431
-495.698
-442.572
-338.046
-161.42
10.7212
122.492
302.223
527.145
753.446
983.543
1173.28
1325.76
1404.75
1483.06
1544.47
1553.44
1483.41
1298.16
1080.82
836.24
625.807
426.413
207.355
-21.3612
-298.374
-606.434
-924.843
-1172.88
-1455.76
-1799
-2102.23
-2360.62
-2542.76
-2660.4
-2802.18
-2924.65
-3010.2
-3082.99
-3085.75
-2997.44
-2827.37
-2624.18
-2417.19
-2155.01
-1785.2
-1376.07
-928.293
-540.199
-165.215
181.827
563.022
904.544
1186.73
1440.29
1613.81
1762.49
1882.2
2035.71
2178.87
2277.53
2313.07
2323.76
2348.94
2407.93
2392.06
2315.48
2222.68
2041.23
1805.96
1542.05
1313.68
1103.59
788.289
457.805
132.496
-162.8
-365.299
-620.923
-863.783
-1054.55
-1172.88
-1278.44
-1332.26
-1323.63
-1242.91
-1174.26
-1092.5
-1024.2
-940.712
-800.308
-687.848
-572.627
-479.829
-328.042
-188.673
-64.4827
87.65
224.259
375.357
584.065
814.851
1010.11
1187.42
1323
1460.29
1610.36
1751.8
1861.15
1867.36
1800.09
1697.29
1543.43
1345.42
1082.89
812.092
519.555
168.373
-223.515
-563.658
-844.81
-1157.01
-1486.46
-1799.35
-2059.46
-2267.13
-2439.62
-2602.44
-2794.25
-2970.53
-3040.56
-3020.89
-2978.81
-2792.87
-2539.66
-2321.29
-2015.99
-1634.11
-1251.53
-829.976
-434.983
-70.0023
261.171
609.248
928.347
1169.14
1392.68
1529.98
1656.24
1701.08
1774.56
1899.79
1954.98
2029.15
2077.1
2144.03
2245.11
2266.84
2227.51
2094.7
1916.35
1668.66
1423.38
1222.61
988.372
683.417
367.767
42.4586
-208.681
-364.954
-568.487
-778.575
-999.702
-1142.87
-1228.07
-1273.61
-1233.94
-1183.92
-1174.6
-1123.55
-1090.43
-1001.77
-911.734
-829.631
-764.086
-674.394
-558.483
-423.944
-286.99
-127.613
30.3846
192.177
405.714
628.566
849.349
1004.93
1199.5
1393.71
1586.9
1820.79
2001.21
2097.11
2078.48
1969.82
1847.01
1673.83
1469.61
1202.95
887.296
622.012
313.952
61.7771
-189.708
-449.817
-767.191
-1105.26
-1394.01
-1662.05
-1863.51
-2083.95
-2267.48
-2460.31
-2646.25
-2736.64
-2722.15
-2678.34
-2628.32
-2507.23
-2299.56
-2018.06
-1654.8
-1232.9
-861.369
-542.614
-246.283
30.0396
351.554
672.033
924.553
1107.04
1271.25
1421.66
1550.68
1640.71
1793.88
1853.56
1833.9
1937.39
2026.39
2087.8
2078.14
1958.09
1786.29
1551.02
1291.6
1060.13
828.305
544.393
209.425
-61.378
-340.461
-542.959
-731.314
-976.934
-1163.22
-1263.95
-1302.59
-1306.04
-1250.84
-1191.85
-1185.3
-1161.84
-1086.98
-999.012
-858.609
-764.086
-709.236
-706.476
-655.765
-639.896
-568.832
-416.699
-228.345
-6.87239
278.075
585.445
880.396
1190.53
1439.6
1668.66
1915.31
2208.19
2434.84
2550.75
2558.34
2436.22
2314.79
2136.44
1921.18
1663.14
1361.63
1087.38
761.036
498.512
212.53
-32.0554
-371.853
-742.353
-1054.55
-1339.5
-1558.9
-1778.99
-2044.28
-2278.86
-2467.9
-2630.04
-2696.97
-2726.98
-2659.71
-2563.46
-2410.64
-2197.1
-1925.61
-1548.55
-1210.83
-953.821
-699.577
-481.209
-174.874
127.667
401.92
603.038
703.77
851.418
1030.11
1213.29
1415.45
1539.64
1575.86
1546.88
1594.14
1621.4
1577.24
1490.31
1347.14
1167.76
971.814
785.874
643.4
442.971
148.02
-122.438
-397.036
-605.399
-767.881
-930.018
-1101.81
-1253.95
-1331.57
-1385.73
-1379.17
-1364.34
-1316.73
-1294.65
-1229.11
-1130.79
-963.825
-828.596
-794.444
-741.318
-640.586
-552.618
-483.279
-339.771
-238.694
-85.871
82.4754
331.545
593.379
909.719
1205.36
1506.87
1795.95
2053.65
2263.73
2431.05
2512.11
2497.97
2485.9
2450.02
2355.15
2165.07
1909.1
1623.47
1306.09
965.949
690.316
423.998
130.772
-224.55
-567.107
-917.599
-1204.62
-1396.08
-1626.86
-1836.95
-2033.58
-2145.7
-2196.41
-2203.31
-2173.3
-2146.73
-2047.73
-1910.77
-1715.52
-1520.96
-1282.92
-1036.27
-879.307
-695.782
-445.332
-181.428
31.4195
214.255
365.008
489.543
643.055
818.301
983.888
1082.55
1165.34
1218.12
1248.48
1286.43
1343.35
1316.79
1178.11
995.272
816.231
623.737
489.543
388.121
263.586
87.995
-106.224
-327.352
-612.644
-855.159
-1073.53
-1273.27
-1430.57
-1469.55
-1414.01
-1310.18
-1171.84
-1098.36
-1026.27
-956.236
-896.901
-845.845
-803.758
-745.113
-684.053
-613.334
-570.557
-515.706
-413.595
-274.571
-93.8054
139.741
365.698
672.033
976.988
1277.11
1575.52
1794.92
2011.9
2220.96
2396.2
2535.57
2554.55
2506.6
2416.21
2274.77
2105.39
1871.85
1604.84
1301.95
1033.22
825.201
618.562
445.386
215.635
-20.6713
-284.92
-556.758
-792.029
-1034.54
-1262.57
-1545.79
-1761.75
-1940.1
-2032.55
-2099.13
-2130.18
-2106.03
-2012.2
-1891.46
-1687.23
-1437.82
-1208.07
-980.039
-788.234
-555.033
-310.448
-62.0679
115.938
258.066
362.248
461.945
518.175
569.921
590.964
580.27
546.463
453.665
451.596
493.337
539.564
541.288
487.473
484.023
409.164
365.698
307.397
204.251
99.3791
-100.015
-301.134
-533.645
-667.149
-801.688
-934.503
-1050.07
-1113.89
-1099.4
-1064.56
-982.454
-902.075
-773.056
-622.648
-495.353
-451.542
-367.713
-312.518
-305.963
-259.737
-287.68
-249.388
-205.231
-149.346
-23.0861
157.334
395.71
657.199
903.509
1147.4
1400.27
1655.55
1864.95
2094.01
2299.27
2437.26
2519.01
2425.53
2312.72
2192.33
2007.77
1791.81
1565.86
1397.51
1208.81
1071.17
926.277
746.202
578.545
363.628
193.901
-12.7369
-208.336
-378.407
-591.6
-821.352
-1059.73
-1268.44
-1417.81
-1556.83
-1708.62
-1734.49
-1730.35
-1720.69
-1635.49
-1498.53
-1332.6
-1202.89
-1115.96
-972.105
-785.13
-559.173
-374.268
-210.406
-94.4953
-16.1866
61.4321
142.156
140.776
150.435
141.466
53.8427
-7.56233
-35.8501
-35.5051
-76.2118
-78.6266
-46.5442
-33.4352
26.2449
14.5159
-37.5749
-94.1504
-225.24
-388.412
-547.099
-673.704
-770.296
-830.666
-890.691
-927.948
-872.063
-789.614
-723.725
-684.398
-583.321
-478.104
-415.664
-394.966
-399.451
-450.852
-515.361
-567.107
-529.16
-497.078
-440.502
-363.229
-296.994
-127.613
77.3008
310.502
518.52
767.59
1006.66
1261.94
1493.76
1739.38
1963.61
2137.13
2238.9
2264.77
2241.31
2142.65
2090.9
1987.07
1810.79
1610.7
1479.27
1338.86
1223.99
1111.18
945.596
803.467
607.523
429.862
258.066
143.535
-43.0945
-273.881
-516.051
-804.793
-1000.39
-1177.36
-1360.89
-1515.09
-1595.47
-1630.66
-1670.67
-1655.15
-1565.46
-1431.61
-1363.65
-1221.52
-1077.67
-923.808
-682.328
-516.741
-414.974
-318.037
-230.069
-187.638
-245.248
-324.937
-353.914
-433.948
-479.484
-518.121
-503.632
-424.634
-347.36
-266.981
-202.817
-94.1504
-25.5009
12.4461
27.2799
-36.885
-117.263
-217.995
-377.718
-511.567
-567.797
-571.247
-578.491
-581.251
-500.528
-426.014
-392.896
-353.569
-299.409
-281.125
-286.99
-282.85
-324.592
-371.853
-413.595
-497.423
-530.885
-511.912
-432.568
-343.22
-257.322
-126.923
90.7547
292.908
493.337
727.228
954.91
1174.31
1416.14
1645.2
1859.43
2043.99
2151.27
2252.35
2233.38
2237.17
2216.13
2118.85
2021.91
1915.31
1862.19
1736.62
1667.62
1632.09
1593.11
1544.47
1426.83
1277.8
1078.07
854.178
560.607
225.984
-122.093
-421.874
-723.725
-1003.15
-1238.77
-1391.59
-1521.3
-1621.69
-1665.84
-1686.89
-1647.22
-1558.21
-1459.21
-1403.32
-1285.34
-1219.1
-1183.23
-1147.35
-1081.46
-1058
-1055.24
-1093.88
-1173.22
-1161.84
-1115.61
-1053.86
-1046.27
-984.179
-886.896
-746.838
-593.67
-460.166
-290.095
-152.451
-58.9632
45.9084
131.116
110.763
56.2575
-64.1378
-169.354
-220.755
-273.536
-268.361
-311.828
-322.522
-277.331
-232.484
-246.628
-296.304
-310.793
-397.381
-453.611
-513.292
-541.579
-552.273
-605.399
-624.373
-627.477
-625.408
-579.181
-565.037
-569.177
-477.414
-343.22
-167.974
76.9559
317.057
584.065
853.143
1086.34
1365.43
1593.11
1796.3
1943.95
2047.09
2078.48
2106.43
2180.25
2258.56
2276.15
2256.49
2262.01
2280.64
2279.95
2314.1
2296.85
2214.75
2107.46
1912.21
1721.09
1425.45
1097.38
687.902
256.341
-177.634
-565.727
-884.482
-1166.67
-1394.7
-1577.53
-1680.33
-1777.27
-1842.47
-1866.27
-1851.78
-1771.06
-1628.59
-1544.41
-1520.61
-1486.11
-1491.98
-1521.99
-1628.93
-1745.19
-1768.99
-1867.31
-1894.91
-1861.44
-1780.03
-1659.63
-1553.38
-1402.28
-1130.79
-788.234
-470.515
-158.66
169.408
449.181
625.117
748.272
771.385
684.107
526.11
370.527
201.146
37.2841
-61.378
-128.303
-214.891
-279.4
-276.986
-259.392
-275.261
-255.942
-228.69
-255.252
-346.325
-397.381
-391.171
-411.87
-443.607
-513.292
-575.042
-644.381
-688.537
-744.078
-748.908
-668.529
-546.064
-400.831
-177.634
76.9559
388.811
678.587
969.399
1318.51
1616.57
1951.53
2256.49
2502.8
2618.71
2639.06
2654.24
2690.81
2738.42
2745.32
2768.77
2728.76
2744.28
2731.17
2726
2679.43
2542.47
2365.85
2049.16
1719.71
1354.39
979.058
558.882
96.2743
-410.49
-866.888
-1296.38
-1684.13
-1964.24
-2256.09
-2454.45
-2571.05
-2630.04
-2628.66
-2530
-2466.18
-2402.36
-2353.72
-2324.4
-2289.9
-2302.32
-2285.41
-2349.58
-2423.06
-2436.17
-2397.53
-2296.8
-2184.34
-1978.04
-1717.93
-1379.52
-971.07
-495.008
-31.3654
382.946
723.779
999.412
1192.25
1245.72
1258.83
1140.85
980.093
754.826
538.184
373.287
188.382
18.3106
-121.058
-230.069
-270.431
-308.378
-348.395
-426.014
-479.484
-521.916
-548.134
-602.294
-706.821
-805.483
-948.646
-1061.11
-1146.32
-1212.21
-1204.96
-1220.48
-1258.78
-1153.9
-922.774
-590.91
-215.236
178.033
501.962
875.566
1245.03
1637.96
1964.3
2197.15
2426.56
2558.69
2699.78
2826.04
2995.42
3171.36
3289.34
3330.39
3322.11
3365.92
3411.8
3404.21
3367.3
3209.3
3039.58
2804.31
2485.9
2122.99
1679.7
1129.12
571.301
8.30639
-557.793
-1089.74
-1570.63
-2005.99
-2357.86
-2621.42
-2818.4
-2892.91
-3034
-3097.48
-3103.69
-3087.82
-3085.06
-3099.2
-3094.72
-3075.75
-3040.9
-3053.67
-2973.29
-2917.75
-2827.02
-2643.15
-2401.67
-2034.27
-1559.25
-1056.28
-576.421
-88.2858
426.068
921.448
1321.62
1603.8
1799.75
1910.48
1907.03
1817.34
1652.1
1411.65
1125.67
774.835
478.848
263.241
108.348
20.0354
-96.9101
-182.463
-222.825
-223.515
-229.379
-268.706
-335.976
-437.398
-578.836
-775.47
-972.45
-1154.94
-1309.14
-1479.21
-1663.43
-1777.96
-1776.23
-1603.4
-1327.08
-961.755
-529.505
-74.142
371.907
807.262
1237.79
1651.06
2037.09
2339.97
2646.31
2933.67
3165.84
3352.47
3453.89
3524.95
3529.09
3538.75
3585.32
3609.47
3665.7
3696.4
3708.13
3668.46
3588.77
3423.19
3183.43
2846.39
2462.78
2005.35
1438.56
881.086
312.572
-300.099
-921.739
-1495.43
-2046.69
-2537.24
-2963.97
-3314.47
-3589.06
-3773.62
-3874.01
-3931.28
-3928.86
-3872.29
-3808.12
-3775
-3698.07
-3580.78
-3444.52
-3288.59
-3098.86
-2825.64
-2496.88
-2083.61
-1644.11
-1143.9
-593.67
-163.145
298.428
728.953
1131.54
1508.94
1731.79
1845.97
1873.57
1849.08
1705.22
1497.9
1195.01
898.68
598.209
295.668
40.3888
-116.574
-137.617
-152.106
-179.703
-214.546
-181.428
-200.747
-323.557
-543.649
-766.156
-1072.15
-1352.61
-1656.53
-1995.64
-2224.01
-2418.92
-2432.03
-2358.2
-2146.39
-1824.53
-1454.03
-1061.45
-589.53
-78.9716
389.156
864.527
1326.1
1750.07
2091.59
2375.16
2572.48
2776.02
2947.12
3041.3
3177.91
3317.28
3494.25
3706.41
3832.67
3919.6
4019.99
4113.82
4115.89
4102.44
4009.64
3824.04
3593.26
3263.46
2896.07
2427.94
1885.65
1260.21
616.147
-34.4702
-595.74
-1143.21
-1656.53
-2177.44
-2639.7
-3031.59
-3404.5
-3660.13
-3858.49
-4071.33
-4253.83
-4358.35
-4328.68
-4201.73
-4080.3
-3929.9
-3737.75
-3461.42
-3144.39
-2729.39
-2211.93
-1760.02
-1319.84
-878.962
-464.65
-31.7104
394.33
781.734
1052.54
1212.26
1328.86
1456.84
1475.13
1392.68
1267.8
1101.18
893.85
732.748
677.897
643.745
519.555
350.864
254.962
183.552
114.558
-10.6671
-183.153
-425.324
-675.429
-943.472
-1219.45
-1444.03
-1697.24
-1943.2
-2164.67
-2243.33
-2260.92
-2167.78
-2028.41
-1848.33
-1607.2
-1313.63
-955.201
-570.902
-159.35
231.158
624.082
1005.28
1368.19
1687.98
1912.21
2020.87
2136.44
2285.81
2526.26
2809.48
3132.37
3386.27
3650.52
3873.37
4005.84
4149.7
4200.06
4155.22
4064.14
3966.86
3791.27
3529.09
3187.23
2820.17
2441.4
2018.46
1631.75
1246.76
872.462
498.167
40.0438
-463.961
-943.472
-1386.07
-1899.04
-2365.79
-2773.89
-3143.36
-3442.11
-3658.06
-3816.06
-3896.43
-3913.34
-3868.15
-3743.96
-3487.3
-3158.54
-2873.59
-2501.02
-2114.65
-1724.49
-1341.57
-973.14
-675.084
-464.306
-242.833
-117.608
-11.357
75.231
75.231
99.724
104.209
138.361
197.696
280.489
318.091
360.523
395.71
387.431
463.67
521.28
526.8
424.343
279.455
63.5019
-189.018
-359.434
-597.81
-942.092
-1286.72
-1578.91
-1801.07
-1981.49
-2106.37
-2155.7
-2112.58
-2028.75
-1836.26
-1590.64
-1344.33
-1078.7
-902.765
-681.983
-456.371
-130.027
195.971
473.329
717.569
884.881
1082.89
1287.81
1439.25
1599.66
1769.73
1954.29
2208.19
2537.99
2887.1
3247.94
3503.22
3686.06
3774.02
3834.74
3833.7
3729.18
3529.44
3286.92
3091.67
2905.73
2769.81
2625.27
2460.71
2226.13
2026.05
1827
1621.4
1369.57
1067.72
682.727
283.249
-56.5484
-417.389
-769.951
-1208.07
-1721.04
-2125.69
-2500.68
-2750.44
-2876.35
-2972.25
-3018.48
-2979.15
-2861.52
-2699.38
-2503.78
-2283
-2084.64
-1881.45
-1645.84
-1424.71
-1233.59
-1151.15
-1133.55
-1145.28
-1203.93
-1252.57
-1192.54
-1050.07
-910.01
-824.112
-697.507
-491.558
-268.361
-68.6224
81.0955
213.22
339.135
428.138
440.557
443.661
360.178
187.692
-99.6699
-415.319
-689.572
-928.638
-1144.94
-1347.43
-1544.41
-1634.8
-1641.7
-1615.82
-1531.3
-1427.81
-1350.54
-1186.68
-978.659
-817.557
-602.294
-448.092
-312.518
-236.279
-134.857
2.78683
43.8385
149.055
266.691
384.326
549.568
774.835
1059.44
1335.41
1588.28
1842.52
2091.59
2327.9
2586.97
2760.84
2898.14
2965.41
2973.69
2957.47
2957.13
2961.61
2896.76
2775.33
2637.34
2600.43
2561.1
2569.04
2575.24
2545.23
2576.28
2536.61
2497.97
2400.69
2261.32
1997.42
1613.81
1149.13
672.033
213.22
-301.134
-801.343
-1318.8
-1738.98
-2088.09
-2348.54
-2572.43
-2725.25
-2848.41
-2907.74
-2904.29
-2849.79
-2761.82
-2730.08
-2720.42
-2686.96
-2652.46
-2650.05
-2619
-2625.56
-2593.82
-2522.06
-2421.68
-2362.69
-2216.42
-1998.74
-1756.23
-1481.28
-1148.73
-825.146
-477.759
-126.923
135.601
387.776
537.839
664.099
679.277
600.279
395.02
158.024
-96.5652
-360.469
-578.836
-804.103
-969.345
-1075.6
-1111.13
-1082.5
-979.004
-874.822
-741.663
-614.368
-463.961
-276.986
-132.787
-1.6978
93.1696
108.693
44.8734
-4.11261
-12.7369
-91.3906
-110.709
-151.761
-157.28
-19.6364
139.741
392.605
629.601
918.343
1205.7
1549.3
1963.26
2321.69
2668.04
2890.2
3040.27
3122.03
3156.87
3142.03
3097.53
3039.23
2968.86
2970.24
3001.63
3060.28
3106.5
3149.62
3194.81
3270.02
3340.05
3424.91
3433.88
3342.46
3203.44
2952.3
2657
2264.42
1749.38
1152.92
502.307
-113.469
-696.817
-1305.35
-1842.47
-2344.75
-2801.49
-3170.61
-3436.24
-3571.47
-3689.45
-3743.61
-3793.98
-3788.46
-3770.52
-3722.57
-3638.74
-3582.51
-3529.38
-3410.37
-3311.36
-3142.32
-2926.72
-2709.38
-2428.23
-2196.41
-1897.67
-1539.58
-1164.94
-881.722
-660.595
-429.463
-251.458
-112.434
32.7994
108.348
164.924
185.277
167.339
204.941
239.093
204.596
119.732
65.2268
-72.0721
-170.044
-210.406
-261.117
-320.797
-360.814
-448.092
-472.93
-541.924
-653.35
-700.267
-810.658
-892.416
-928.638
-928.983
-867.233
-761.672
-659.215
-528.47
-414.63
-302.169
-178.324
5.20164
230.124
445.041
703.08
980.093
1275.39
1548.26
1714.19
1953.6
2185.43
2441.05
2737.38
3024.74
3321.76
3597.05
3843.36
3980.32
4054.14
4049.66
4000.32
3934.78
3851.3
3781.27
3680.88
3595.67
3480.11
3329.01
3199.64
3055.1
2849.15
2601.81
2304.79
1991.9
1594.49
1180.87
707.22
153.195
-455.681
-1063.87
-1663.43
-2315.43
-2942.24
-3481.43
-3931.28
-4290.05
-4571.2
-4670.9
-4664
-4620.19
-4472.54
-4282.8
-4043.74
-3809.85
-3563.88
-3361.04
-3152.33
-2967.08
-2838.75
-2734.22
-2629.01
-2535.17
-2442.38
-2287.83
-2138.46
-1894.56
-1651.35
-1363.99
-1050.41
-678.878
-259.392
41.0787
313.952
564.057
768.625
965.604
1141.89
1194.67
1187.08
1076.34
877.981
645.125
359.488
101.449
-172.804
-443.607
-696.817
-853.779
-944.507
-1005.57
-1003.84
-915.529
-788.234
-684.398
-570.212
-450.852
-324.247
-188.328
-132.097
-131.752
-79.6615
-53.4436
-26.1908
72.1262
187.692
388.121
625.117
948.701
1296.09
1682.46
2079.17
2454.5
2842.6
3169.63
3499.08
3776.78
3932.71
4017.57
4113.82
4119.69
4042.76
3904.42
3796.45
3675.71
3587.05
3469.41
3342.12
3233.11
3108.92
3014.74
2927.12
2934.36
2900.21
2733.93
2548.68
2323.07
1992.59
1583.45
1138.44
668.928
90.0648
-482.934
-1078.7
-1656.87
-2181.58
-2667.3
-3174.06
-3689.11
-4083.06
-4362.49
-4566.02
-4673.31
-4710.22
-4697.46
-4656.06
-4560.85
-4434.59
-4299.02
-4156.2
-4048.57
-3871.6
-3687.73
-3459.01
-3205.45
-2963.63
-2707.31
-2469.63
-2210.55
-1930.44
-1568.56
-1232.21
-880.342
-553.308
-269.051
62.812
337.41
590.964
750.342
932.487
1097.38
1208.46
1284.7
1249.17
1192.6
1034.25
815.196
620.632
370.872
157.679
-97.2551
-389.102
-658.87
-881.377
-1033.85
-1138.73
-1147.7
-1111.13
-993.493
-821.697
-604.019
-360.124
-146.931
-4.11261
124.907
284.974
430.207
566.126
687.212
772.42
867.632
953.53
1127.74
1305.4
1507.21
1739.03
2029.15
2397.24
2794.99
3145.48
3476.66
3749.87
3989.29
4180.75
4288.03
4375.65
4321.84
4245.25
4055.87
3791.96
3513.22
3233.8
2999.22
2744.63
2580.76
2424.15
2321.69
2303.41
2326.52
2299.96
2185.43
1989.83
1749.38
1455.12
1059.44
581.65
21.4153
-558.828
-1167.36
-1845.57
-2480.67
-3091.96
-3620.8
-4047.88
-4471.5
-4790.6
-4962.05
-5000
-4908.93
-4801.64
-4605.35
-4381.12
-4189.32
-3961.63
-3771.9
-3583.54
-3462.11
-3366.9
-3272.72
-3151.29
-3004.68
-2869.45
-2701.11
-2467.9
-2219.87
-1816.94
-1394.35
-930.708
-425.324
-9.97714
403.99
796.223
1154.65
1438.56
1685.22
1806.3
1845.28
1769.73
1656.58
1506.87
1305.4
1071.51
820.026
573.371
340.86
148.71
-3.42267
-149.001
-334.251
-413.595
-431.188
-449.472
-460.856
-416.009
-420.494
-431.878
-374.958
-363.919
-300.789
-256.977
-199.367
-162.455
-77.5917
24.1751
172.858
385.361
622.012
958.015
1321.96
1727.65
2171.28
2601.81
2985.76
3380.41
3709.86
3960.65
4196.27
4391.18
4487.77
4571.6
4582.64
4574.7
4467.07
4218.35
3878.89
3489.42
3126.86
2718.75
2247.87
1835.28
1529.98
1238.13
1098.76
999.756
893.16
835.205
694.456
520.935
371.907
159.059
-124.163
-461.891
-790.994
-1147.01
-1483.35
-1753.47
-1990.46
-2296.11
-2623.83
-2940.17
-3243.06
-3491.44
-3697.38
-3876.77
-4035.8
-4094.45
-4079.96
-4015.1
-3879.53
-3787.42
-3672.55
-3523.86
-3424.17
-3263.06
-3084.71
-2898.77
-2776.65
-2669.37
-2551.04
-2405.12
-2186.06
-1953.21
-1710.69
-1408.84
-1085.26
-778.23
-451.887
-134.167
155.954
396.745
590.619
738.613
859.353
940.076
1018.04
1049.09
1018.04
977.333
901.094
800.018
666.168
541.288
419.513
300.498
254.617
267.381
201.836
141.811
61.7771
-27.9157
-67.5875
-64.8277
-64.1378
-88.6308
-54.4786
12.4461
120.077
232.538
382.601
560.607
727.918
1021.14
1369.22
1723.16
2042.26
2348.25
2587.32
2758.42
2995.42
3143.07
3253.11
3270.02
3237.25
3232.07
3109.26
2980.24
2838.8
2657.35
2516.25
2331.69
2147.48
1933.25
1771.8
1570.69
1382.33
1182.59
969.399
763.106
555.432
303.258
22.7952
-203.507
-446.367
-735.109
-967.965
-1143.9
-1281.54
-1324.67
-1301.21
-1253.95
-1189.78
-1092.5
-1046.27
-940.367
-848.95
-786.165
-718.55
-705.096
-731.314
-778.23
-912.424
-1104.57
-1340.53
-1603.75
-1874.21
-2127.42
-2339.23
-2559.32
-2700.76
-2827.02
-2946.04
-3068.5
-3089.89
-3103.34
-3117.14
-3080.92
-3027.1
-2992.26
-2977.43
-2889.12
-2782.52
-2619.69
-2479.29
-2327.85
-2109.48
-1859.03
-1607.89
-1383.66
-1129.07
-865.853
-596.43
-279.4
82.4754
422.618
746.547
1071.51
1404.41
1675.21
1887.71
2091.59
2187.15
2265.46
2307.55
2369.64
2356.53
2367.57
2356.19
2323.41
2279.6
2183.36
2077.79
1948.43
1845.28
1742.14
1639.33
1489.96
1359.22
1231.92
1112.22
997.342
885.571
826.925
771.385
696.871
683.762
704.805
718.949
669.963
649.265
673.068
733.438
760.001
767.935
777.249
738.268
757.241
729.988
719.984
761.036
755.861
754.826
787.944
863.147
914.893
900.404
859.353
810.712
787.944
672.378
520.59
323.611
119.387
-155.9
-451.542
-726.484
-948.302
-1136.66
-1234.63
-1292.58
-1321.91
-1210.48
-1116.99
-968.31
-818.247
-651.97
-510.532
-318.382
-190.398
-106.224
11.4111
72.1262
41.0787
-2.04278
-103.465
-263.532
-435.673
-704.751
-965.205
-1218.41
-1426.43
-1595.47
-1719.31
-1898.35
-2052.9
-2212.28
-2348.2
-2353.72
-2359.24
-2305.77
-2301.28
-2298.18
-2257.82
-2245.4
-2213.31
-2141.22
-2077.4
-2012.54
-1915.6
-1774.51
-1578.91
-1351.57
-1115.27
-836.531
-543.649
-221.1
169.753
561.642
1024.59
1514.8
1898.75
2270.29
2565.59
2824.66
3075.8
3258.29
3309.35
3333.49
3250.36
3106.5
2962.65
2737.73
2533.16
2351.7
2193.71
2067.1
1950.5
1833.55
1729.72
1562.41
1407.17
1226.06
1036.32
745.512
509.206
225.294
-71.7272
-367.023
-727.864
-1066.97
-1403.32
-1646.18
-1828.67
-1865.93
-1854.54
-1751.4
-1584.09
-1362.96
-1081.12
-763.051
-390.826
-26.8808
383.291
748.272
1103.94
1320.93
1444.08
1438.91
1327.14
1137.06
904.544
725.849
508.171
267.036
4.5117
-217.65
-453.956
-591.945
-672.669
-707.856
-728.209
-651.97
-550.894
-536.75
-519.501
-486.729
-470.86
-461.546
-484.659
-548.824
-607.124
-708.546
-783.06
-854.814
-911.389
-892.761
-806.863
-693.367
-522.606
-310.103
-103.81
95.9293
304.293
446.076
632.361
772.42
884.881
949.736
947.321
896.955
776.559
585.79
270.83
-36.885
-342.185
-738.558
-1035.92
-1317.77
-1548.55
-1728.97
-1895.25
-1950.79
-1986.67
-1947.34
-1921.47
-1868.69
-1725.87
-1510.95
-1295
-1049.03
-802.378
-558.828
-343.91
-160.04
19.3455
183.207
352.589
453.665
620.977
811.402
974.229
1177.07
1366.46
1566.89
1771.46
1953.26
2188.53
2362.05
2566.62
2685.29
2727.03
2717.03
2649.76
2560.76
2362.74
2125.75
1802.51
1421.66
1003.9
591.654
135.946
-283.885
-650.935
-969
-1234.63
-1417.46
-1520.61
-1650.32
-1718.62
-1757.95
-1770.37
-1775.54
-1737.6
-1638.59
-1565.8
-1481.63
-1414.01
-1332.95
-1241.18
-1127
-994.873
-862.058
-700.267
-501.218
-317.692
-156.935
-11.702
116.283
243.922
401.575
552.328
705.15
801.742
910.754
961.465
902.129
865.907
687.557
488.163
277.385
87.305
-102.085
-272.846
-415.664
-590.91
-679.568
-775.815
-836.186
-862.058
-860.334
-803.413
-736.144
-657.835
-522.951
-359.089
-231.794
-115.539
55.2226
187.347
356.728
464.015
589.93
711.36
849.349
994.582
1061.16
1142.92
1177.07
1210.19
1223.99
1172.93
1144.64
1065.99
1000.79
911.099
795.188
725.159
546.118
367.767
159.749
-17.2216
-227.655
-430.843
-617.473
-825.836
-983.834
-1126.65
-1187.37
-1283.27
-1302.24
-1281.89
-1229.45
-1130.45
-992.803
-794.444
-525.021
-248.008
58.3274
370.182
597.174
792.773
965.604
1106.35
1215.02
1294.36
1327.14
1345.76
1317.13
1355.08
1326.45
1287.46
1233.65
1165.69
1119.81
1040.81
966.639
914.203
843.139
745.857
658.579
497.822
340.17
147.33
-69.6573
-316.312
-556.413
-803.068
-1024.54
-1183.57
-1350.54
-1452.31
-1540.96
-1619.27
-1657.22
-1652.04
-1564.08
-1409.53
-1230.14
-1029.03
-805.828
-625.408
-481.209
-331.836
-216.271
-140.032
-126.578
-118.988
-181.773
-248.353
-303.548
-428.083
-579.181
-684.743
-766.501
-825.146
-815.832
-848.95
-879.652
-899.315
-887.931
-898.626
-889.311
-846.88
-850.674
-888.621
-942.092
-1015.57
-1101.12
-1177.02
-1231.87
-1273.27
-1247.74
-1149.08
-1004.19
-797.894
-564.002
-293.889
24.1751
316.367
672.723
1029.08
1356.8
1667.97
1884.27
2076.76
2197.84
2236.48
2260.28
2239.93
2183.36
2184.74
2159.55
2166.8
2145.75
2105.39
2092.63
2056.06
2018.8
2065.03
2049.85
1971.54
1927.73
1804.23
1640.02
1431.32
1139.13
787.599
376.392
-48.614
-478.104
-926.913
-1271.2
-1604.09
-1856.96
-2093.26
-2238.5
-2285.76
-2282.65
-2154.32
-2010.47
-1861.1
-1705.17
-1486.8
-1261.54
-1065.59
-883.447
-708.891
-584.356
-443.607
-288.025
-163.49
-25.5009
112.143
263.931
447.801
687.557
913.858
1177.42
1406.48
1667.28
1921.18
2091.25
2243.38
2323.07
2303.06
2177.84
1995.35
1718.68
1390.61
989.407
587.515
120.422
-324.592
-764.776
-1199.1
-1524.41
-1797.28
-2047.73
-2258.51
-2404.77
-2479.98
-2560.7
-2662.47
-2714.9
-2799.42
-2816.67
-2859.79
-2870.83
-2896.01
-2959.14
-3027.1
-3103
-3065.05
-3017.79
-2886.7
-2690.07
-2368.55
-1980.46
-1504.05
-987.283
-449.817
79.0257
592.689
1084.62
1528.6
1949.46
2292.02
2471.75
2606.29
2674.25
2728.07
2755.32
2741.18
2702.54
2635.96
2575.93
2471.75
2363.09
2258.22
2161.28
2018.8
1895.3
1729.72
1581.38
1434.77
1237.1
1040.12
759.311
523.005
289.114
66.6067
-152.796
-401.521
-672.669
-924.153
-1127
-1250.84
-1303.28
-1276.72
-1241.18
-1118.03
-904.835
-691.642
-434.638
-143.481
125.597
377.427
643.055
895.23
1177.07
1405.79
1594.83
1717.3
1733.86
1776.63
1812.86
1803.89
1779.05
1726.61
1670.38
1624.16
1497.55
1370.26
1206.39
974.574
758.276
506.101
181.137
-132.097
-434.638
-779.61
-1109.06
-1407.11
-1655.49
-1945.62
-2157.77
-2389.25
-2624.87
-2764.24
-2895.67
-2968.46
-3013.65
-3022.27
-2995.37
-2937.76
-2850.48
-2705.93
-2530.34
-2347.16
-2105.68
-1863.86
-1625.83
-1392.28
-1151.15
-896.901
-637.827
-422.909
-240.419
-32.0554
169.753
351.554
507.826
640.985
840.379
1039.43
1223.3
1397.51
1553.44
1650.37
1729.03
1822.86
1854.6
1859.43
1764.21
1636.23
1438.56
1199.15
939.731
683.072
459.875
224.604
5.54661
-196.952
-363.574
-486.384
-567.107
-584.356
-596.085
-614.023
-575.732
-502.597
-410.835
-270.776
-145.206
7.27147
163.544
286.699
396.745
503.341
570.611
615.802
603.038
556.122
560.262
531.629
540.598
554.742
586.135
652.025
695.146
739.647
817.266
894.54
1015.97
1084.27
1135.33
1163.62
1163.27
1085.31
941.801
792.773
598.209
448.146
257.721
30.3846
-132.442
-241.109
-364.954
-446.022
-482.589
-484.659
-422.564
-323.212
-215.236
-169.699
-116.919
-84.1462
-65.5177
-58.2732
-94.1504
-127.268
-216.271
-310.448
-394.621
-519.846
-660.25
-787.889
-922.774
-993.148
-1032.13
-1024.54
-996.598
-911.389
-807.553
-687.158
-549.514
-391.516
-203.507
-23.4311
155.265
242.198
289.114
265.311
161.474
-36.54
-241.453
-417.389
-589.53
-735.109
-840.67
-904.145
-902.42
-851.019
-813.417
-738.558
-604.019
-416.009
-217.305
-43.0945
125.942
254.617
346.724
370.527
364.663
376.047
329.82
344.309
323.956
312.917
313.952
298.773
321.196
341.895
400.195
493.682
650.3
822.441
963.189
1128.09
1255.73
1364.39
1448.57
1487.2
1503.07
1473.4
1417.86
1310.92
1163.96
1021.49
882.121
703.77
509.551
310.502
87.305
-45.1643
-184.188
-324.592
-379.787
-478.794
-572.627
-682.673
-782.715
-892.416
-990.043
-1102.16
-1243.25
-1300.52
-1333.29
-1328.46
-1298.1
-1201.86
-1095.95
-989.698
-883.447
-765.121
-637.137
-519.156
-394.966
-247.318
-113.814
-12.3919
112.488
141.121
190.107
228.399
225.639
192.867
150.435
100.759
27.2799
-41.3696
-131.407
-209.371
-342.875
-448.092
-604.709
-786.51
-988.663
-1167.7
-1322.94
-1485.77
-1572.01
-1627.55
-1621
-1557.18
-1457.14
-1369.17
-1217.38
-1066.63
-899.315
-684.743
-485.004
-244.213
0.372029
234.263
418.133
600.279
754.481
916.963
1039.77
1182.25
1343.35
1496.17
1604.84
1669
1755.25
1803.89
1883.58
1941.19
2001.21
2001.9
1967.06
1920.83
1855.63
1763.52
1615.53
1452.02
1282.98
1092.55
904.544
791.048
625.462
487.818
374.322
289.114
232.883
248.752
300.843
358.453
436.762
469.534
469.534
462.635
439.867
387.431
312.572
234.953
139.741
28.3148
-53.4436
-150.726
-211.441
-183.843
-161.42
-144.861
-77.9367
-2.04278
116.283
186.312
225.294
268.07
292.908
291.874
279.8
242.543
212.53
143.88
54.1877
-50.6839
-201.437
-363.919
-503.632
-631.617
-794.099
-932.778
-1045.24
-1158.73
-1238.08
-1330.53
-1386.42
-1453.69
-1554.42
-1632.73
-1722.07
-1804.52
-1836.95
-1853.16
-1866.27
-1847.3
-1853.51
-1794.52
-1745.53
-1675.16
-1573.74
-1452.31
-1317.77
-1200.13
-1075.6
-966.24
-795.479
-604.364
-431.533
-251.113
-118.298
30.0396
165.269
349.139
521.625
676.173
876.601
1061.85
1264.01
1430.28
1586.21
1699.02
1727.3
1701.08
1561.72
1390.27
1201.22
950.77
777.939
605.108
418.133
292.908
185.967
94.5494
-15.4967
-42.7495
-56.2034
-74.8319
-65.1727
-30.6755
-17.5665
-68.9674
-148.311
-268.361
-355.984
-419.459
-488.799
-513.982
-488.454
-419.804
-362.194
-222.135
-29.2956
161.129
433.312
696.181
995.962
1321.27
1632.09
1875.64
2059.17
2173.35
2250.97
2273.05
2216.47
2138.85
1995
1833.9
1642.44
1447.53
1247.79
1053.92
919.033
788.634
687.212
626.842
570.611
500.582
434.347
309.467
124.217
-62.0679
-323.902
-617.818
-940.367
-1243.6
-1542
-1849.37
-2127.76
-2316.81
-2398.91
-2400.29
-2349.23
-2234.7
-2048.42
-1843.85
-1622.72
-1393.32
-1201.86
-1019.71
-815.487
-696.817
-581.251
-487.074
-475.69
-481.209
-533.645
-592.29
-621.613
-646.106
-657.49
-618.853
-557.103
-460.166
-354.604
-252.148
-76.2118
70.4014
192.867
353.279
472.639
529.559
578.2
631.671
619.942
581.995
545.083
442.626
371.562
268.76
199.076
168.373
135.256
149.745
169.408
239.093
322.921
449.871
539.219
679.967
804.157
898.335
972.849
1010.11
1024.94
1032.18
1035.29
1039.77
1021.14
991.822
949.046
844.174
821.406
761.381
712.05
617.872
499.892
392.26
285.319
215.635
129.737
92.4796
3.13181
-16.1866
-4.11261
5.89158
25.555
100.414
123.182
116.628
112.143
67.2966
16.2408
-61.723
-140.722
-275.261
-352.535
-476.035
-601.949
-748.908
-886.896
-1004.19
-1110.09
-1175.64
-1276.72
-1344.33
-1394.35
-1402.28
-1372.96
-1371.93
-1334.33
-1322.94
-1315.7
-1276.03
-1220.48
-1187.02
-1184.95
-1154.94
-1180.81
-1215.65
-1182.19
-1196.68
-1138.04
-1020.75
-871.718
-685.778
-486.039
-274.571
-89.6657
101.794
281.179
472.639
641.33
761.381
861.768
935.592
990.787
974.574
904.889
838.999
755.171
740.337
678.242
597.864
551.293
485.748
438.832
407.784
389.156
419.513
435.727
458.84
499.547
526.11
579.925
534.044
542.323
497.132
454.355
461.6
487.818
587.515
688.937
832.1
955.255
1013.56
1063.58
1180.52
1294.71
1454.43
1620.02
1747.31
1845.97
1933.25
1967.06
1931.87
1895.3
1856.32
1777.32
1683.84
1537.22
1368.53
1188.11
1006.31
806.572
601.314
375.357
164.924
-34.4702
-226.275
-357.364
-508.117
-641.621
-751.667
-872.753
-930.708
-1005.57
-1054.55
-1066.28
-1051.1
-1040.06
-964.17
-914.494
-901.73
-890.001
-921.739
-934.503
-974.864
-1032.82
-1082.15
-1138.04
-1219.45
-1276.03
-1343.29
-1428.85
-1445.41
-1436.09
-1404.01
-1361.23
-1277.4
-1226
-1159.42
-1099.4
-1050.76
-1037.65
-1041.44
-1097.33
-1211.86
-1331.22
-1504.4
-1626.52
-1752.78
-1811.08
-1853.85
-1872.83
-1806.25
-1686.89
-1532.68
-1392.28
-1212.55
-1015.57
-831.011
-609.884
-353.224
-140.722
31.7645
181.827
326.026
491.957
675.138
811.057
1003.55
1185.7
1319.2
1467.54
1564.48
1675.56
1736.62
1786.64
1820.45
1823.55
1816.31
1773.87
1732.13
1713.16
1660.03
1584.83
1465.81
1329.89
1188.8
1054.95
934.212
817.956
714.12
639.261
584.065
491.957
407.439
379.496
356.383
313.952
290.494
223.569
137.326
87.65
33.8343
-33.4352
-98.29
-123.473
-147.966
-137.962
-78.9716
-45.5093
3.47678
74.886
169.753
230.124
274.97
368.802
411.579
467.464
484.368
470.914
442.281
409.164
353.969
287.734
210.805
147.33
61.7771
-49.9939
-106.569
-230.759
-324.937
-459.476
-571.247
-663.699
-739.938
-833.771
-909.32
-963.135
-1056.97
-1146.32
-1205.65
-1290.17
-1376.76
-1416.08
-1423.33
-1399.87
-1376.07
-1303.97
-1218.07
-1071.11
-970.38
-916.564
-780.645
-664.389
-557.103
-454.301
-344.6
-233.864
-124.508
-36.195
55.2226
160.439
254.962
334.995
380.186
460.565
511.621
567.851
643.055
689.971
777.249
858.318
950.08
1017.7
1059.09
1125.67
1101.87
1033.22
984.578
937.661
816.231
728.608
657.544
542.668
490.922
430.897
399.505
369.147
346.724
311.882
283.249
313.262
314.297
318.781
322.921
309.467
283.249
245.302
182.862
52.8078
-54.1336
-167.974
-256.287
-379.442
-507.772
-561.243
-659.905
-675.773
-677.843
-626.787
-549.514
-466.375
-362.884
-309.758
-247.663
-176.944
-177.634
-189.708
-197.987
-210.406
-231.104
-259.737
-271.811
-328.042
-357.709
-413.94
-467.755
-467.41
-455.681
-441.537
-387.032
-335.976
-322.867
-324.247
-325.972
-333.216
-381.167
-443.607
-511.912
-581.251
-693.367
-758.912
-887.241
-1025.23
-1115.96
-1204.62
-1263.26
-1304.31
-1305.35
-1270.51
-1300.17
-1274.99
-1239.8
-1218.41
-1148.04
-1050.07
-963.825
-835.151
-711.651
-592.98
-473.965
-349.775
-202.817
-65.8626
105.244
271.865
440.212
577.855
735.853
833.825
954.91
1090.14
1192.25
1339.21
1482.03
1598.28
1697.29
1806.65
1850.46
1888.4
1892.2
1901.51
1925.32
1913.93
1892.89
1892.89
1824.24
1729.37
1570.34
1409.58
1253.31
1101.18
974.918
849.349
716.189
594.414
530.249
391.571
299.463
205.286
134.221
69.0215
58.6723
108.003
136.636
154.23
131.461
117.663
74.1961
85.9251
129.737
159.059
149.055
139.396
150.09
136.291
139.051
113.523
79.0257
38.319
-31.3654
-48.2691
-96.9101
-134.512
-194.192
-300.444
-366.678
-462.581
-550.894
-655.075
-774.781
-883.102
-1023.85
-1134.93
-1191.51
-1277.75
-1352.26
-1434.71
-1507.85
-1554.07
-1621.69
-1656.87
-1727.59
-1748.64
-1745.88
-1698.96
-1614.44
-1472.66
-1339.84
-1217.72
-1091.12
-937.952
-758.222
-643.691
-551.928
-512.602
-472.24
-469.825
-429.463
-384.617
-316.657
-275.261
-279.055
-236.279
-218.34
-209.371
-171.424
-145.896
-142.791
-59.9981
23.4852
165.959
272.555
369.147
472.639
571.646
679.277
755.516
838.999
921.793
955.255
943.526
941.456
855.558
802.432
760.346
716.879
744.132
727.228
789.668
812.092
830.72
828.995
817.611
842.794
826.925
862.803
860.388
826.235
790.358
728.263
685.142
647.885
576.131
550.948
529.904
518.52
499.547
464.36
417.443
351.899
286.699
308.087
310.157
268.07
262.206
233.228
170.443
79.7156
-32.7453
-101.05
-160.73
-220.065
-284.92
-295.959
-328.386
-324.592
-378.407
-400.141
-416.354
-450.162
-412.215
-396.691
-447.402
-462.581
-483.624
-502.252
-481.554
-488.109
-447.402
-454.991
-446.712
-444.297
-482.934
-480.174
-484.314
-511.567
-515.016
-482.934
-462.581
-406.005
-299.064
-211.786
-81.7314
-12.3919
63.5019
70.0564
77.9908
94.2045
90.4098
79.0257
42.8036
67.6416
19.3455
-10.6671
-42.7495
-52.0637
-65.1727
-92.7705
-25.8459
42.1137
95.9293
186.312
248.062
314.297
358.798
357.763
386.741
390.881
376.392
336.375
315.677
215.98
100.759
55.5676
21.0704
-21.0162
-44.1294
-44.1294
-24.466
22.4502
58.3274
113.523
181.137
230.813
311.192
348.449
380.186
456.77
489.198
481.953
469.879
391.915
277.73
186.312
106.278
51.4279
1.75192
-10.3221
-30.6755
-16.5316
-11.357
-42.0596
-32.0554
-55.1685
-44.1294
-66.5526
-98.635
-96.9101
-100.015
-172.804
-219.72
-281.125
-392.896
-460.166
-501.563
-560.898
-591.945
-595.05
-619.543
-609.539
-594.015
-567.107
-544.684
-527.09
-498.803
-426.359
-358.744
-273.191
-195.227
-111.399
-21.7062
57.9824
124.907
196.661
293.598
332.58
368.457
360.178
274.97
230.468
162.854
85.2352
10.0313
-54.1336
-87.9409
-148.656
-157.97
-184.533
-238.004
-187.293
-80.0065
-25.1559
-22.0512
-36.885
-15.4967
-25.5009
-35.1601
-41.3696
-80.6964
-131.062
-90.3557
-21.0162
-1.6978
34.8692
97.6542
120.767
135.601
184.242
227.364
328.786
403.3
476.434
528.179
596.829
651.68
662.029
696.181
697.216
694.111
714.464
736.543
775.525
795.878
807.952
780.009
721.364
686.522
632.361
573.716
526.455
464.36
352.244
260.136
158.714
39.0089
-107.604
-227.655
-384.272
-526.401
-627.477
-725.105
-776.16
-798.584
-794.099
-775.815
-726.139
-699.922
-595.05
-523.986
-489.833
-440.847
-382.547
-359.434
-324.937
-269.396
-196.952
-92.0805
-31.0204
41.7687
122.147
203.561
225.984
261.861
267.036
285.319
277.04
255.651
215.98
176.308
134.221
118.008
103.864
93.8595
99.3791
76.2659
104.899
129.392
137.326
105.934
105.589
102.139
8.65136
-71.7272
-150.726
-220.755
-300.444
-403.935
-464.306
-521.916
-561.588
-614.713
-630.582
-666.459
-668.874
-653.695
-653.005
-606.434
-563.313
-498.803
-469.825
-437.743
-369.093
-299.409
-185.568
-72.7621
43.1486
121.802
226.674
288.769
302.913
293.598
234.608
197.351
164.579
129.737
125.252
101.794
72.4712
90.7547
79.7156
77.6458
63.8469
44.1835
42.8036
1.06197
-8.59725
-16.1866
-68.6224
-67.2425
-80.0065
-98.29
-68.9674
-97.6001
-120.713
-137.617
-205.576
-202.817
-215.581
-238.004
-244.903
-203.162
-165.905
-130.027
-90.0107
-29.2956
64.8818
104.899
178.723
320.161
440.902
558.537
639.261
742.062
760.691
753.446
770.35
730.333
745.167
705.495
654.094
604.073
557.157
506.446
435.382
336.72
218.739
129.737
64.5369
0.0270566
-23.4311
-29.2956
-62.0679
-67.2425
-66.2076
-56.8934
-65.1727
-54.4786
-41.7146
-47.9241
-25.8459
-63.7928
-75.8668
-109.329
-180.048
-275.951
-350.465
-398.071
-431.878
-484.314
-503.632
-447.402
-412.215
-380.477
-329.421
-302.859
-283.195
-238.694
-230.069
-174.874
-103.465
-88.9758
-77.5917
-102.775
-148.311
-194.882
-271.466
-318.037
-360.124
-381.167
-367.713
-368.403
-356.674
-307.343
-302.169
-298.719
-269.051
-215.581
-125.888
-32.4003
58.6723
133.186
231.848
295.323
367.077
402.955
426.413
430.897
414.684
370.872
357.763
294.978
253.582
233.228
204.251
212.185
179.758
140.086
77.3008
35.9042
-2.38775
-90.3557
-119.678
-134.857
-160.385
-149.691
-138.997
-122.093
-107.949
-115.884
-142.101
-90.3557
-53.7886
-23.4311
-24.466
10.0313
54.1877
87.995
161.474
220.809
312.917
374.322
403.99
454.01
444.006
468.499
499.202
524.385
554.397
596.139
669.618
657.544
668.238
689.626
643.4
578.2
527.49
452.976
370.527
314.297
244.267
163.199
-7.9073
-162.455
-311.828
-426.359
-541.924
-605.744
-638.861
-665.079
-695.092
-709.926
-698.542
-728.899
-753.737
-765.466
-744.423
-741.318
-680.948
-660.94
-662.665
-594.015
-556.413
-569.177
-579.181
-578.146
-539.164
-477.759
-445.332
-383.927
-315.623
-252.838
-211.786
-145.896
-125.888
-74.8319
-22.0512
25.555
74.886
109.383
129.047
125.252
117.663
92.8246
79.3707
104.554
166.304
178.723
198.041
240.473
254.962
255.996
239.438
245.302
236.333
239.093
231.158
252.202
257.031
271.175
287.044
302.913
319.816
370.182
370.182
405.714
416.753
418.823
472.639
478.503
539.564
571.991
588.55
592.344
607.523
578.545
543.358
525.42
532.664
500.927
477.814
466.429
374.322
372.597
330.165
267.381
243.922
173.203
163.544
157.334
158.714
161.474
193.556
220.809
245.302
324.301
354.658
370.872
399.16
348.794
244.957
170.098
103.519
61.0871
-11.0121
-75.1769
-180.393
-296.304
-405.66
-486.729
-564.002
-669.219
-716.825
-712.341
-748.908
-751.667
-758.912
-786.165
-805.828
-858.264
-883.447
-871.373
-846.88
-806.173
-771.676
-756.497
-761.672
-776.16
-755.117
-740.628
-714.41
-684.053
-687.158
-621.268
-556.068
-491.903
-442.572
-377.373
-279.745
-201.092
-114.849
-14.1168
14.1709
47.6332
77.6458
112.143
118.353
161.819
201.146
242.887
255.651
255.996
254.272
201.146
187.347
210.46
261.171
268.415
289.114
247.027
224.259
210.115
210.805
270.83
255.996
301.533
390.881
482.988
590.964
633.051
642.71
599.589
562.677
540.598
486.438
489.198
493.337
475.744
463.67
420.893
430.552
389.846
346.034
321.196
311.537
301.533
282.214
283.249
314.987
292.219
268.07
249.442
208.045
154.92
130.427
142.156
100.759
141.121
125.252
179.068
187.002
219.084
239.093
252.892
301.878
282.559
291.184
263.586
240.818
178.378
132.841
57.2924
-52.0637
-86.216
-124.163
-122.093
-121.403
-122.783
-124.853
-156.935
-155.21
-191.777
-193.502
-214.891
-220.41
-271.121
-330.801
-396.001
-461.546
-592.635
-708.891
-809.968
-917.599
-969.69
-1017.64
-1022.13
-1054.55
-1047.31
-1048.69
-1001.08
-938.297
-859.989
-730.969
-599.535
-472.585
-349.085
-254.907
-171.079
-66.2076
-0.662888
81.4405
180.103
309.812
403.3
467.809
543.358
566.126
605.453
639.95
664.444
689.971
695.146
766.21
867.287
922.483
986.303
1002.17
1002.17
975.953
944.906
935.592
848.314
797.258
735.508
620.287
527.835
426.413
316.022
171.823
26.2449
-58.2732
-115.539
-147.276
-164.525
-229.724
-241.453
-267.671
-303.893
-267.671
-213.511
-160.73
-154.176
-116.919
-57.9283
-36.195
-46.8892
-25.8459
-51.0288
-71.3822
-84.8361
-119.333
-104.5
-101.05
-145.206
-120.023
-90.7006
-76.2118
-31.7104
-26.8808
-46.5442
-64.4827
-108.294
-141.412
-132.787
-187.293
-244.903
-283.195
-302.169
-362.884
-429.463
-482.934
-564.692
-599.19
-663.699
-649.556
-633.342
-610.229
-617.818
-647.831
-649.211
-656.11
-644.381
-660.94
-634.377
-604.019
-542.269
-525.366
-478.104
-434.293
-436.363
-392.206
-355.984
-286.99
-209.026
-81.7314
-21.3612
58.3274
162.854
265.656
392.605
468.844
563.712
586.135
618.217
656.509
655.474
661.684
664.444
649.955
602.004
579.235
559.572
531.629
464.36
442.281
365.353
279.8
259.446
222.534
193.901
203.906
230.813
277.04
329.131
381.911
446.766
530.249
580.615
604.418
580.27
563.022
521.28
437.452
405.714
333.615
297.393
303.258
352.589
372.252
401.92
442.971
460.565
490.578
558.537
614.768
642.02
669.618
648.23
599.589
543.013
498.512
411.234
303.258
190.107
86.6151
-0.317916
-112.089
-217.65
-304.928
-385.307
-405.315
-431.188
-478.794
-480.519
-520.881
-561.933
-593.67
-571.937
-574.007
-603.674
-603.329
-646.796
-715.445
-771.676
-869.993
-964.86
-1026.61
-1056.28
-1090.43
-1056.97
-991.768
-891.036
-802.723
-741.663
-609.194
-531.23
-451.197
-316.312
-213.511
-93.8054
8.99633
81.7855
115.248
116.283
141.121
163.544
186.657
203.216
219.429
235.643
251.857
276.005
300.843
365.353
396.055
407.439
399.16
402.955
381.911
352.244
327.406
293.253
293.598
254.272
259.791
270.485
272.9
235.643
224.949
165.269
72.1262
51.0829
-24.121
-67.5875
-88.2858
-120.023
-146.586
-175.219
-170.389
-183.843
-223.515
-238.004
-221.445
-177.979
-176.944
-115.539
-48.2691
-45.8542
6.23656
25.555
25.21
77.6458
106.623
138.706
207.01
246.337
253.927
280.834
290.839
283.249
283.594
269.795
234.608
230.124
180.448
203.561
176.998
153.54
194.591
180.792
183.897
168.718
146.64
133.531
98.6891
75.576
54.8776
-18.2565
-78.2816
-140.722
-140.722
-153.141
-207.301
-253.528
-286.645
-295.269
-290.095
-275.606
-232.829
-182.463
-165.215
-158.66
-177.289
-137.617
-152.451
-161.765
-153.831
-121.748
-128.993
-88.9758
-25.8459
11.4111
23.8301
55.2226
107.313
127.322
188.727
191.142
235.298
276.35
287.734
280.489
248.407
236.678
188.382
130.082
73.5061
40.3888
17.6206
0.372029
-34.8151
-47.2341
-77.9367
-89.3207
-70.0023
-35.8501
29.0047
114.903
247.372
274.625
288.424
272.9
235.643
220.809
166.994
114.558
98.3441
84.2003
62.1221
77.6458
62.812
80.7506
70.4014
42.4586
57.9824
43.1486
58.6723
53.8427
60.7422
51.0829
40.7338
48.3232
29.3497
-2.38775
-48.614
-88.2858
-144.861
-149.001
-221.445
-300.444
-331.146
-360.124
-380.477
-347.015
-299.064
-268.361
-238.349
-226.275
-211.441
-202.817
-191.088
-164.87
-146.586
-70.3473
-29.6406
28.6597
55.2226
46.9433
54.1877
30.0396
37.974
57.6374
57.2924
54.1877
22.7952
20.3804
-22.7411
-89.3207
-124.163
-192.812
-191.433
-258.702
-274.916
-280.09
-287.335
-258.357
-264.912
-227.31
-224.205
-132.787
-67.5875
-5.83747
52.4628
100.414
113.178
148.365
145.26
139.741
132.496
117.318
56.9475
5.89158
-17.9115
-26.5358
-20.3263
-20.3263
7.27147
45.5634
82.4754
113.178
178.033
200.801
234.608
213.22
219.084
189.417
146.985
121.802
87.65
42.8036
20.3804
-24.8109
-97.6001
-179.358
-233.174
-265.257
-268.016
-283.195
-309.413
-298.029
-305.273
-294.579
-235.589
-180.048
-124.163
-32.0554
30.7296
127.667
182.517
243.577
311.882
342.584
407.439
454.01
469.534
495.752
517.485
539.219
609.938
604.763
625.807
639.606
585.1
585.79
523.695
482.298
460.565
431.242
445.041
402.955
344.309
236.678
155.61
104.209
59.3623
-17.2216
-50.3389
-74.4869
-103.81
-134.512
-182.463
-189.363
-209.716
-232.829
-219.72
-203.162
-214.201
-212.821
-206.956
-230.069
-239.039
-257.667
-258.702
-217.65
-207.646
-193.502
-190.743
-180.048
-197.987
-195.227
-186.258
-190.398
-184.878
-178.669
-159.35
-87.5959
-57.5833
-32.7453
-4.11261
6.9265
3.13181
4.85667
25.21
22.1053
16.5857
16.9307
-14.1168
-49.9939
-118.988
-192.812
-246.973
-261.117
-248.353
-273.881
-331.491
-387.377
-443.607
-482.244
-521.571
-529.505
-532.955
-495.353
-426.359
-387.032
-361.159
-329.076
-298.374
-243.868
-245.938
-214.201
-202.127
-227.31
-183.843
-186.258
-200.402
-241.798
-240.419
-244.558
-224.205
-161.42
-88.2858
-48.614
4.5117
57.9824
112.833
131.116
168.029
219.429
217.36
227.364
272.21
256.686
233.228
206.32
169.753
129.047
110.418
98.3441
75.576
48.3232
93.5145
114.903
130.772
148.365
134.566
182.517
214.255
258.756
263.586
240.128
209.08
170.443
143.88
132.841
123.182
82.8204
47.9782
19.3455
8.99633
-2.38775
-30.3305
-37.9199
-27.9157
15.2058
19.3455
117.318
190.107
239.438
314.987
311.192
352.589
349.139
335.685
335.34
333.615
347.414
344.999
287.734
276.695
257.376
239.438
245.647
189.072
205.975
179.413
165.959
181.827
192.177
161.129
124.907
103.864
20.0354
-66.5526
-127.268
-156.59
-212.131
-289.06
-310.103
-329.421
-381.857
-416.699
-463.616
-459.131
-496.388
-520.191
-542.959
-528.47
-565.727
-572.972
-528.47
-534.335
-504.667
-414.63
-354.259
-253.528
-123.473
-45.5093
3.13181
38.6639
105.589
135.946
197.351
246.682
272.555
293.253
310.502
314.987
302.568
308.432
335.34
386.051
400.885
406.059
401.23
360.523
335.34
294.978
233.228
205.286
188.037
185.277
185.622
156.299
70.4014
-22.7411
-139.342
-226.965
-267.326
-296.994
-279.4
-257.667
-258.012
-246.973
-274.571
-302.859
-343.565
-330.801
-300.789
-235.589
-125.198
-47.5791
33.8343
132.151
166.649
193.556
228.054
255.306
284.974
348.449
349.829
390.191
386.051
385.706
405.714
360.178
377.082
367.767
370.872
339.135
309.122
268.07
220.464
180.103
103.519
54.8776
-59.9981
-148.311
-265.947
-389.447
-448.092
-531.23
-591.255
-638.861
-662.32
-670.599
-627.477
-620.923
-599.535
-568.487
-510.877
-454.301
-397.381
-363.574
-301.479
-233.864
-192.812
-123.473
-110.364
-89.6657
-112.779
-84.4911
-70.0023
-30.6755
25.555
84.2003
175.273
272.555
365.353
447.111
490.578
481.608
537.494
557.502
556.812
553.362
558.192
510.931
429.517
347.414
271.175
199.766
132.496
79.3707
17.9656
-12.3919
-17.2216
-18.9464
-52.4087
-64.4827
-101.05
-95.1853
-110.019
-123.128
-94.4953
-106.224
-88.6308
-42.4045
-19.6364
20.7254
52.8078
103.864
109.383
107.313
133.876
108.003
138.706
115.593
162.854
189.762
195.626
235.988
211.495
204.941
152.16
170.788
165.269
145.95
138.016
129.737
171.133
231.158
211.84
204.251
220.119
169.753
110.073
51.7729
-19.2914
-105.534
-162.8
-177.634
-216.615
-305.273
-343.22
-403.935
-436.018
-470.17
-481.209
-416.699
-371.508
-352.535
-329.076
-363.574
-391.861
-426.014
-440.502
-462.236
-523.296
-541.924
-566.417
-575.042
-571.937
-559.173
-550.894
-457.751
-435.328
-361.849
-289.75
-186.603
-77.5917
-34.4702
15.8958
11.4111
42.8036
100.069
145.26
138.361
180.448
179.068
212.185
177.343
159.059
157.334
97.3092
111.453
86.6151
51.7729
38.6639
37.2841
27.2799
58.3274
110.418
108.693
108.348
158.369
183.897
191.142
190.797
201.491
210.115
187.692
165.959
151.815
138.016
147.33
179.413
185.967
203.906
210.46
215.635
253.237
303.258
369.492
391.226
443.316
469.879
495.062
501.272
533.699
489.888
446.421
435.727
409.509
431.587
409.854
368.112
371.562
342.584
295.323
255.306
213.565
183.207
146.985
90.7547
95.5844
51.7729
-34.8151
-98.98
-185.568
-284.23
-420.839
-475
-570.557
-627.822
-647.831
-682.328
-684.053
-704.751
-722
-729.589
-730.279
-688.882
-609.539
-514.326
-428.773
-367.368
-261.117
-228.345
-199.367
-207.991
-215.926
-215.236
-220.41
-195.572
-151.071
-113.814
-88.9758
-48.959
-3.76764
68.3316
135.256
192.522
249.787
276.695
298.428
330.165
318.781
260.481
241.163
175.273
116.628
74.886
-15.4967
-58.9632
-115.539
-126.233
-136.237
-94.8403
-47.9241
-36.54
-16.5316
-18.2565
-14.1168
-3.42267
8.65136
30.7296
58.3274
91.4447
125.252
114.903
130.772
102.484
84.8902
40.0438
17.2757
67.2966
79.3707
128.012
153.195
147.33
179.758
206.665
210.115
244.267
270.485
287.044
307.397
350.864
395.365
381.911
367.077
339.48
296.358
296.358
270.485
218.739
203.561
154.575
129.737
111.108
70.4014
64.1919
63.8469
59.7072
49.0131
4.16672
-61.378
-82.7663
-127.613
-136.582
-159.35
-147.621
-152.796
-164.525
-166.25
-150.381
-157.97
-193.502
-262.152
-286.3
-356.674
-379.442
-381.167
-368.748
-321.832
-349.43
-315.623
-274.916
-265.257
-225.93
-192.812
-190.053
-191.777
-172.114
-132.097
-106.569
-78.9716
-68.9674
-57.5833
-27.9157
31.0746
95.2394
162.509
209.77
250.132
298.773
360.178
358.108
358.108
380.876
387.086
380.531
430.207
441.936
427.448
408.474
402.265
388.121
389.501
374.667
330.165
320.161
317.401
322.576
302.568
237.713
197.351
187.347
149.055
134.221
141.811
128.012
72.4712
5.89158
3.47678
-26.8808
-34.8151
-51.7188
-81.7314
-66.2076
-88.6308
-79.6615
-81.7314
-76.5568
-36.54
-14.8067
20.7254
75.9209
102.484
122.837
156.644
148.71
95.2394
57.2924
2.44186
-11.357
-56.5484
-41.3696
-8.25228
37.974
68.6765
50.048
49.7031
44.8734
58.3274
63.8469
20.7254
32.7994
28.6597
-26.1908
-58.6182
-80.0065
-78.2816
-108.639
-102.775
-84.8361
-71.7272
-34.8151
-19.6364
-72.4171
-127.268
-150.381
-200.402
-210.406
-205.231
-193.157
-167.974
-158.66
-173.494
-192.122
-176.944
-248.008
-244.213
-211.786
-242.833
-224.55
-230.759
-195.572
-170.044
-161.765
-165.905
-181.083
-157.97
-150.726
-134.857
-107.604
-80.3515
-50.6839
-1.00786
4.85667
4.5117
51.7729
47.9782
0.372029
-7.9073
-23.4311
-52.4087
-106.914
-83.4562
-119.333
-137.272
-158.315
-175.909
-134.857
-139.687
-101.74
-88.9758
-78.6266
-10.6671
13.136
34.1793
71.4363
79.7156
107.658
134.566
164.924
142.846
136.291
121.457
84.2003
68.6765
50.393
38.319
-7.9073
-11.702
19.3455
24.8651
46.2533
50.048
96.6193
95.5844
85.9251
45.9084
15.8958
-1.6978
-68.2774
-108.639
-118.643
-96.5652
-118.643
-107.604
-130.717
-171.424
-201.437
-242.143
-279.055
-259.737
-285.265
-294.234
-245.593
-203.162
-165.56
-114.849
-60.6881
-57.2383
-26.5358
25.21
70.4014
101.104
