3.16636 -0.89421 2.06358 -0.310303 -0.739172 2.42407 0.478354 0.349795 1.00237 0.773668 0.0931367 0.0268726 
2.0099 -0.950823 1.81414 -2.2232 -0.685497 1.06334 2.50676 -0.384558 1.17007 0.830045 -0.142904 -0.0342284 
1.52694 0.0890274 2.75706 -3.51818 0.33704 0.491625 1.70696 -0.104911 0.512531 0.685944 -0.586491 -0.121985 
1.28326 -0.418313 2.88367 -4.26518 0.69595 1.10508 1.4142 0.0081715 0.293518 0.773147 -0.192983 -0.209921 
1.23378 -0.633959 3.65125 -5.09839 0.597499 1.58549 1.30559 0.295069 0.499422 0.615592 -0.18825 -0.170026 
1.35798 -0.863002 2.9106 -5.27547 0.585879 1.78115 1.17133 0.186959 0.405794 0.596965 0.010261 -0.151261 
1.2279 -0.896321 2.47689 -5.75224 0.202652 1.87422 1.50796 0.21563 0.4315 0.522376 0.0492658 -0.122401 
1.38004 -2.22255 2.06677 -6.00298 -0.243978 1.35202 0.848666 1.04279 0.18249 0.477688 0.140127 -0.128839 
1.77688 -2.24849 0.305755 -5.26078 -0.11577 0.199725 0.396551 1.84543 0.855968 0.189222 -0.0522401 -0.074453 
2.28476 -2.63919 -0.311442 -3.81043 -0.4809 -0.685409 1.47158 1.43791 1.22696 0.318779 -0.399644 0.029789 
2.4906 -2.85251 -0.569293 -2.97132 -0.52163 -0.72438 1.60301 1.19787 1.3649 0.0650024 -0.318459 0.0837958 
2.86628 -3.20087 -0.8034 -2.59695 -0.144188 -1.00682 1.93168 1.31314 0.942446 0.308294 -0.325947 0.0550686 
2.16367 -3.06402 -1.34669 -1.63695 0.0570851 -0.114373 1.62716 0.919564 0.587976 -0.0198144 -0.140142 0.0679205 
2.56271 -3.19694 -1.85309 -1.61352 -0.618733 -0.857054 2.02587 1.4052 0.492543 0.312367 0.0310319 0.029455 
3.01811 -4.11963 -1.83505 -1.81997 -0.551141 -0.657678 2.01023 1.44482 0.397597 0.41996 0.0193648 0.00791032 
3.32443 -4.4031 -1.43842 -1.43445 -0.129657 -0.0469767 1.95167 1.8041 0.508387 0.581426 0.151747 -0.000526886 
3.17425 -3.00307 -1.85451 -0.890527 -0.126742 0.257334 2.0506 1.96469 0.89455 0.664405 0.222995 0.0275782 
4.54889 -1.2243 -1.31131 0.842005 -0.165722 1.05549 2.39588 0.942504 1.00905 0.340637 0.276015 -0.0047593 
4.89101 -0.232329 -1.56763 -0.363416 0.617192 2.26553 2.73503 1.50697 0.885945 -0.248635 0.160604 0.089871 
5.88382 -0.0884725 -1.80133 -0.654283 0.551409 2.74149 3.05436 0.99369 0.706843 0.0389555 0.043696 0.021839 
6.29739 -0.185336 -1.85223 -0.578415 0.497714 3.22082 3.88869 1.07297 0.656749 0.114079 0.0491635 0.0165592 
4.59769 1.09195 -1.62285 -1.4351 1.02389 3.31713 3.50251 1.98409 0.41593 -0.222974 0.113892 0.0275194 
4.56948 0.939273 -2.01985 -1.30188 1.67478 3.4537 3.0074 1.66874 0.432761 -0.333347 0.108377 0.0293382 
5.76743 0.233565 -2.4258 -1.07678 2.06784 3.30147 2.23483 1.04054 0.64203 -0.171581 -0.0230585 0.00713448 
4.34006 0.909594 -2.1359 -1.16062 2.12608 3.75925 3.05369 1.64313 0.226648 -0.571305 0.0427604 0.0274493 
5.01164 0.1398 -3.4488 -0.897408 3.83633 4.62283 2.42882 1.17515 0.520399 -0.564463 -0.0291923 0.0127163 
4.28137 -0.071993 -2.69611 -0.310895 3.70039 4.30414 2.37955 1.22863 0.227687 -0.664769 0.045155 0.0584537 
4.60961 0.198086 -2.95894 -0.191466 4.36549 3.49825 2.40827 0.757117 0.283735 -0.331676 -0.00218033 0.0400498 
3.94139 0.0482218 -2.39406 0.320511 4.05469 3.51591 2.29764 0.577404 0.123283 -0.366143 0.0411208 0.0390503 
4.14904 0.126945 -2.47317 -0.27606 5.65882 2.78421 2.61549 0.633665 -0.277539 0.0328578 -0.0910635 0.0924693 
3.74433 -0.223094 -2.29954 0.481786 5.80587 2.48439 2.59704 0.734935 -0.345222 0.0855026 -0.105115 0.118429 
3.36691 0.0131056 -1.93037 1.23919 5.13195 2.48425 2.44408 0.620785 -0.171887 0.0952296 -0.0941252 0.0942587 
3.57026 -0.0456524 -1.36959 1.46205 4.61532 2.15378 1.9593 0.856774 0.208386 0.0593888 -0.165964 0.0378949 
3.329 -0.654422 -1.30365 1.72029 4.68817 2.6663 1.23287 1.08778 0.236088 -0.0537707 -0.0672432 0.0369657 
3.5164 -0.808922 -1.93214 1.48108 5.911 1.93961 1.38244 1.28058 0.25803 0.159633 -0.192516 0.0373833 
3.2895 -1.28704 -1.66414 1.5983 5.96226 1.96989 0.969819 1.34396 0.561497 0.0248015 -0.110157 0.0144219 
3.22819 -1.06432 -1.3352 1.20532 5.86556 2.24371 0.293493 1.52565 0.64897 -0.0127796 -0.0159673 -0.0362473 
2.85202 -0.860711 -1.11143 1.63424 5.57093 2.33126 0.0782963 1.43286 0.638552 0.0331732 0.0222679 -0.0395715 
3.37434 -1.61441 -0.882478 0.942766 6.03445 2.53703 -0.294519 1.53333 1.02913 -0.168416 0.0970422 -0.0429375 
3.40012 -2.835 -0.505527 0.00890273 7.52509 2.50604 -0.301094 1.58722 1.01308 -0.0905827 -0.0604708 -0.0181997 
2.94717 -1.3592 -1.18692 1.55775 6.23503 2.14618 -0.28107 1.35626 1.04739 -0.0272001 0.087073 -0.0623928 
3.01605 -0.957762 -1.27567 1.715 6.20609 1.76061 -0.247801 1.35361 0.758299 0.259911 -0.000681818 -0.0684524 
3.24912 -1.91055 -1.06562 1.30381 6.65073 1.60081 0.510944 1.0192 1.18487 0.0687733 -0.129905 0.0166511 
3.22927 -3.11254 -0.657327 0.0590633 8.32974 1.87263 0.362489 1.00933 1.03877 0.284602 -0.398113 0.10137 
2.6922 -1.91841 -1.38267 1.39622 7.66946 1.0782 0.738446 0.944921 0.958812 0.233478 -0.200146 0.0342725 
2.44542 -1.58916 -0.760086 1.96965 6.50883 0.848194 0.81751 0.883399 0.827853 0.273229 -0.1332 0.0342883 
2.49676 -1.77413 -1.50816 1.80208 7.71068 0.714978 0.984839 1.06891 0.812343 0.394155 -0.232943 0.0623857 
2.84848 -2.60714 -0.886548 0.653752 8.69845 0.854709 0.837008 1.17474 0.737973 0.586107 -0.429892 0.1118 
2.92441 -1.18097 -0.681047 1.6174 7.12622 0.740198 0.869297 0.812191 0.731138 0.623341 -0.19726 0.0599174 
2.26248 -0.921615 -0.0336523 2.75171 5.34115 1.75018 1.05736 0.585418 0.540179 0.419173 -0.0545353 0.0647106 
3.33211 -0.856926 -0.97229 1.94641 7.28898 0.740694 0.763025 0.745303 0.628257 0.775354 -0.194774 0.0758213 
3.32055 0.094332 -0.243494 3.20188 6.13542 1.29688 -0.00667994 0.701498 0.530008 0.721604 -0.00738234 0.0236444 
3.16314 0.473866 0.73577 2.58875 4.53772 1.7193 0.369909 0.854308 0.164113 0.438729 0.0511381 0.0213829 
3.47134 0.527775 -0.237807 3.45845 6.22566 1.54847 0.750285 0.489417 0.398732 0.826878 0.0280996 0.0861455 
3.52229 0.968825 1.28944 2.93456 5.67845 3.20981 0.554418 0.5743 0.1913 0.836908 0.258196 0.0470806 
3.01771 2.09515 1.7137 2.1925 2.40614 1.70627 0.999109 0.689287 0.396986 0.226297 0.296715 0.05186 
3.07825 2.05415 1.64351 1.90388 2.8437 2.48369 1.6745 0.592358 0.685695 0.433187 0.305891 0.0896257 
3.46874 2.30009 1.84973 2.65874 3.79939 3.30051 1.67965 0.545724 0.376282 0.51368 0.392363 0.120316 
5.58922 2.12144 1.73996 2.35148 5.90295 3.59229 2.25254 0.436122 0.395845 0.559863 0.419013 0.171604 
3.72362 2.78032 2.16587 2.70329 4.14237 3.72273 2.09162 0.61805 0.28933 0.580951 0.464563 0.156392 
2.86216 2.35831 2.14138 1.98185 2.02747 1.84835 1.50069 1.17468 0.76095 0.587397 0.337904 0.0862099 
2.8256 2.42128 2.25409 2.11201 1.97738 1.64834 1.43844 1.27734 0.85879 0.566265 0.324332 0.0865116 
3.00722 2.64387 2.5357 2.42407 2.24062 1.97337 1.61652 1.23741 0.939437 0.562291 0.318412 0.103784 
3.32776 3.03971 3.01147 2.9097 2.44658 2.38491 1.93098 1.40866 1.03359 0.577107 0.191191 0.105916 
2.88761 2.48553 2.31315 2.19948 2.03492 1.70708 1.39171 1.0681 0.844923 0.50153 0.259441 0.0773658 
2.76447 2.33083 2.17236 1.93277 1.73313 1.54137 1.2445 0.971013 0.695379 0.461631 0.237466 0.0570421 
2.748 2.33338 2.16293 1.93196 1.79167 1.50084 1.31395 0.978377 0.72344 0.456765 0.253737 0.0530098 
2.82971 2.39959 2.52551 2.09638 2.08324 1.59644 1.40421 1.08671 0.722842 0.42558 0.251167 0.0607992 
2.69025 3.04215 3.12041 2.9199 2.61243 1.73047 2.22781 1.64695 0.576881 0.125573 0.267807 0.0738758 