3.79697 1.24348 1.06608 -0.852173 -0.725806 0.488508 1.89493 -0.64366 -0.983639 0.26649 0.286727 0.0302964 
4.09838 0.504546 -0.298049 -0.558945 -1.29999 0.630004 2.39018 -0.375007 -0.333312 0.353545 0.188177 -0.0886478 
4.62271 0.463305 0.0794823 -0.331927 -1.0824 0.875269 2.71822 -0.535501 -0.2386 0.242779 0.19648 -0.0645176 
4.7212 0.604873 0.102641 -0.180992 -1.00118 0.760573 2.70891 -0.655581 -0.242416 0.192428 0.18008 -0.0716934 
4.62422 0.632023 0.170747 -0.305175 -0.760477 0.84459 2.48739 -0.541299 -0.0824397 0.145679 0.111587 -0.0707486 
4.41582 1.89511 1.00827 -0.565616 1.17742 1.21824 1.00773 -0.713498 0.463291 -0.13851 0.200291 0.0853837 
2.71343 1.7929 1.292 1.0252 0.947418 0.797706 0.720466 0.405439 0.180547 0.148415 0.0230626 -0.00538367 
3.61683 2.47913 1.7101 1.04385 1.30875 1.59947 1.05164 0.779834 0.828106 0.406667 0.133922 0.0238173 
3.65037 2.5767 1.58628 1.02257 1.18999 1.50533 1.04353 0.294676 0.120951 0.2128 0.116478 0.0105683 
3.90966 2.76422 1.48394 0.949065 1.09293 1.56757 1.4101 0.624271 0.22619 0.0969971 0.0849599 0.00699617 
3.8324 2.77191 1.42447 0.679669 1.08936 1.70058 1.33024 0.591716 0.136526 0.104624 0.0784745 0.00361797 
4.35141 2.92794 1.03601 0.265226 0.944185 1.72362 1.38889 0.373667 0.00254166 0.2453 0.126471 0.0309748 
3.61495 2.58612 1.41078 0.856744 0.846106 0.997597 0.917675 0.509317 0.309175 0.394124 0.239629 0.0100061 
3.55225 2.36197 1.34807 0.684246 0.741464 1.05532 0.813911 0.595746 0.347745 0.333523 0.263592 0.0070429 
4.27555 3.02251 1.69397 0.519937 0.497726 0.69604 1.0227 0.762904 1.10081 0.71196 0.173443 0.0137419 
3.86797 3.04932 2.0074 0.788077 0.595071 0.560372 0.589499 1.28986 1.64019 0.74994 0.114811 0.0146011 
4.24527 3.06247 1.73431 0.485651 0.725691 0.665427 1.29646 1.11066 0.895331 0.599818 0.230204 0.0419319 
4.70106 3.08314 1.6047 0.0794842 0.622607 0.970081 1.92983 0.740583 0.991358 0.565836 0.249297 0.0688957 
3.95757 2.74589 1.47985 0.414363 0.423415 1.06064 1.40535 0.977367 0.8759 0.439608 0.319074 0.0551479 
4.42751 2.43982 0.899425 -0.47025 0.243082 2.10554 2.88124 1.10035 0.167023 0.306175 0.288502 0.10965 
4.73146 2.28878 -0.1062 -1.07953 0.403763 2.22428 2.89251 1.15759 0.127149 0.359397 0.103996 0.0417608 
4.8987 2.6809 -0.0974317 -1.1413 0.480008 2.87443 3.05676 0.953988 0.206676 0.337439 0.0492786 0.0689394 
3.87896 2.2368 0.216174 -0.430122 0.777195 2.40281 2.47882 1.15089 0.114948 0.114708 0.187307 0.0527059 
5.77628 3.09046 -0.472741 -1.13324 0.85773 3.30235 3.55685 1.19069 -0.0346536 0.251945 0.0295399 0.0901516 
3.84219 2.23041 0.451177 -0.0745424 1.2552 2.88632 2.54408 0.911628 -0.157731 -0.0618708 0.27125 0.116648 
4.9402 2.63516 -0.111489 -0.593127 1.90705 3.74375 3.15324 0.783996 -0.292368 0.109136 0.101499 0.150409 
3.99034 2.34525 0.491448 0.202893 1.81157 3.19795 2.4437 0.755378 -0.268658 -0.0612327 0.251777 0.141558 
5.30419 3.07951 0.104008 -0.412751 2.51921 4.62091 3.35364 0.705074 -0.474645 0.00563876 0.0189466 0.157743 
3.62165 2.23708 0.816077 0.808547 2.21171 3.31013 2.4122 0.643922 -0.341065 -0.178538 0.139494 0.111686 
4.3047 2.56509 0.629871 0.530317 2.29127 3.5503 2.6693 0.51812 -0.288267 -0.067655 0.01412 0.104116 
3.22174 2.18269 1.11552 0.904341 1.72746 2.39229 1.97656 0.849976 -0.0570482 -0.195817 0.0739013 0.0285702 
3.69755 2.63487 1.3488 0.737351 1.45336 2.67495 2.5953 1.18776 0.117683 -0.306595 -0.0143801 0.0296701 
4.31042 2.72772 0.972507 0.844092 2.79482 3.80784 2.7966 1.18685 0.161022 -0.174139 -0.0661031 0.0865366 
3.54621 2.48541 1.46911 1.33847 2.37099 3.07068 2.70093 1.36572 0.100568 -0.257763 0.0147574 0.0847948 
3.24812 2.29857 1.41799 1.2379 1.95262 2.67415 2.47349 1.29678 0.175267 -0.207279 0.0159098 0.0600326 
3.66366 2.59871 1.55215 1.16668 2.28317 3.27505 2.94077 1.44162 0.0614426 -0.313369 -0.039441 0.0808606 
3.56008 2.19438 1.34395 1.66684 2.87172 3.59351 2.9723 1.45256 0.150682 -0.184224 -0.130759 0.112027 
3.12072 1.98675 1.25141 1.52823 2.52576 3.06876 2.49643 1.20932 0.146187 -0.185845 -0.0199765 0.098911 
3.27656 2.15612 1.36796 1.54012 2.58611 3.26809 2.83843 1.46671 0.182876 -0.233737 -0.0609505 0.108148 
4.36555 2.25602 0.980879 1.67664 3.63424 4.25134 3.14547 1.40089 0.325589 0.0318661 -0.091058 0.11585 
3.35313 2.07139 1.20282 1.57334 2.90834 3.50026 2.79035 1.36339 0.225872 -0.177855 0.0272227 0.137719 
3.05519 2.11504 1.36364 1.27505 2.07423 2.55068 2.13981 1.02937 0.0990645 -0.0716716 0.122178 0.076088 
3.16946 2.16938 1.21618 1.16473 1.98824 2.60588 2.30101 1.13416 0.0790438 -0.129746 0.157052 0.0812254 
3.35965 2.09769 1.034 1.28816 2.5072 3.27335 2.67855 1.3373 0.0221016 -0.213801 0.108926 0.125357 
3.61863 2.18002 0.939607 1.4275 3.14599 3.71321 2.87427 1.20206 0.0809324 -0.18035 0.033816 0.150265 
3.42262 2.25187 1.15078 1.01957 2.05595 3.00137 2.75833 1.38399 0.01633 -0.306318 0.193175 0.113913 
3.31835 2.26894 1.20139 1.11473 2.14023 3.17265 2.8791 1.30767 -0.0402577 -0.273332 0.179093 0.122743 
3.04978 2.0114 1.31909 1.38757 2.49157 3.33509 2.93962 1.35169 -0.0214466 -0.29245 0.157143 0.144555 
3.20823 2.13026 1.21126 1.24577 2.41346 3.3116 2.98297 1.50219 0.030411 -0.31296 0.178901 0.140018 
3.5878 2.47346 1.15189 0.738629 1.83525 3.21685 3.07674 1.49924 -0.0140036 -0.294503 0.241145 0.129456 
3.19642 2.07305 1.1409 1.27377 2.54349 3.41862 2.89091 1.39875 0.0402109 -0.27423 0.155635 0.144791 
3.08867 2.01849 1.37567 1.52201 2.79071 3.54104 2.8893 1.23596 0.0706528 -0.273317 0.125605 0.156958 
3.4991 2.27191 1.24604 1.19528 2.37665 3.32476 2.95605 1.32507 -0.110595 -0.281459 0.171075 0.135752 
3.57015 2.29904 1.24146 1.44449 2.74704 3.58743 2.83686 1.32434 -0.016508 -0.373586 0.0914363 0.138456 
3.49077 2.05049 1.42707 2.03904 3.17354 3.65512 2.98739 1.31935 -0.00644829 -0.360841 0.0514524 0.162498 
4.46309 2.23232 1.332 2.05089 3.43554 3.689 3.07479 1.52047 -0.133347 -0.390621 0.0834863 0.165048 
3.83791 2.02015 1.28291 2.18811 3.65278 3.93762 2.79009 1.40781 -0.00849108 -0.333991 0.0633873 0.176413 
3.67701 2.20497 1.27462 1.73817 3.17058 3.7513 2.94786 1.16114 -0.17186 -0.317207 0.121435 0.168544 
3.33628 1.98754 1.40272 2.0493 3.19207 3.75119 3.07747 1.20919 -0.243837 -0.217529 0.121134 0.18853 
3.53497 2.05211 1.12789 1.58059 2.56431 3.23012 2.87127 1.23685 -0.129106 -0.42125 0.224725 0.156196 
3.11974 1.86112 1.11391 1.62498 2.68491 3.2328 2.56249 1.1428 -0.12875 -0.288026 0.193776 0.147792 
3.14978 2.13599 1.24192 1.16918 2.15247 2.9096 2.53561 1.17249 -0.121649 -0.237499 0.227663 0.109283 
3.0067 1.96684 1.24431 1.45494 2.40809 2.95008 2.42729 1.1174 -0.0269069 -0.257607 0.208531 0.117951 
3.17132 2.16056 1.28497 1.24332 2.16194 2.86019 2.56697 1.29911 -0.0373437 -0.286939 0.26231 0.110817 
3.11525 2.02837 1.13973 1.41204 2.49731 3.07254 2.54882 1.21311 -0.0416324 -0.220183 0.253199 0.133044 
3.23016 2.12885 1.23198 1.34086 2.33796 3.08337 2.67884 1.22724 -0.0771722 -0.279903 0.255404 0.131673 
3.17174 2.07242 1.35394 1.4709 2.46747 3.18869 2.67076 1.21979 -0.104897 -0.302478 0.249641 0.138699 
3.20691 2.18933 1.37022 1.36578 2.37972 3.20719 2.85007 1.28567 -0.193243 -0.332643 0.274718 0.140832 
3.34594 2.32056 1.24024 1.22767 2.27417 3.17944 2.87591 1.31774 -0.14084 -0.275878 0.283386 0.139559 
3.0946 1.92956 1.3704 1.87078 2.95628 3.52935 2.92631 1.28256 -0.0360535 -0.299171 0.196699 0.180042 
3.58172 2.54801 1.31167 1.04232 2.1851 3.27064 2.97371 1.36945 -0.175949 -0.349229 0.308711 0.14886 
3.05373 1.95968 1.30124 1.60644 2.72888 3.42558 2.83228 1.16045 -0.13673 -0.245875 0.236787 0.164198 
3.34979 2.37384 1.25698 1.12913 2.09356 3.16454 2.89419 1.26683 -0.181452 -0.318654 0.282523 0.132179 
2.95471 1.86721 1.25999 1.62958 2.74185 3.28694 2.68948 1.11234 -0.110963 -0.258829 0.215639 0.155109 
3.3795 2.35656 1.2258 1.04958 2.15882 3.1378 2.80779 1.27474 -0.158537 -0.31574 0.257727 0.128071 
2.90831 1.79845 1.23391 1.68364 2.82694 3.30999 2.51979 1.06756 0.0268714 -0.197902 0.177209 0.149803 
3.29238 2.23132 1.2745 1.10202 2.19898 3.09345 2.80777 1.35143 -0.082206 -0.28033 0.252356 0.12373 
3.11795 2.03431 1.34417 1.56192 2.48268 3.10249 2.59017 1.17507 0.052982 -0.152271 0.265256 0.130618 
3.40691 2.19582 1.30991 1.51343 2.57262 3.19753 2.68037 1.24608 0.0218559 -0.0991783 0.234915 0.13752 
3.08468 1.87626 1.50671 2.17596 3.09015 3.3589 2.36851 1.0237 0.211066 0.0731521 0.22894 0.151479 
3.63412 2.42365 1.56619 1.72247 2.58658 3.17172 2.6555 1.24853 0.178412 0.0120512 0.225332 0.128835 
3.41281 2.26414 1.64513 1.88043 2.6806 2.97126 2.56546 1.14995 0.0144029 0.0297029 0.350384 0.139411 
3.04079 2.11415 1.83823 2.09133 2.55634 2.6981 2.06731 0.896308 0.139806 0.212388 0.441774 0.111607 
3.09483 2.12911 1.53111 1.73715 2.39591 2.60279 2.16184 1.09394 0.240867 0.204371 0.393887 0.109776 
3.29147 2.24236 1.41731 1.55124 2.38237 3.1017 2.59624 1.12435 0.0523025 0.0288286 0.387164 0.141927 
3.15347 2.13511 1.42984 1.55249 2.47003 3.09417 2.51284 1.12572 0.0718982 -0.0255247 0.411684 0.140324 
2.96381 1.96858 1.43878 1.71891 2.52713 2.76539 2.09516 1.0207 0.146866 0.0172961 0.375751 0.112704 
3.04766 2.22707 1.47024 1.34032 2.07282 2.57615 2.13067 1.01293 0.153643 0.0632594 0.291977 0.0860003 
3.2036 2.30257 1.41874 1.44752 2.26237 2.85133 2.33783 1.09995 0.0740646 -0.0265342 0.24507 0.101222 
3.25298 2.10175 1.39469 1.55935 2.346 3.03146 2.40691 0.905999 -0.0266788 -0.0658569 0.330226 0.1226 
3.0212 1.96816 1.47355 1.65456 2.50116 3.09027 2.38846 0.726784 -0.196281 -0.0656142 0.359141 0.125607 
3.19324 2.15765 1.45943 1.49227 2.16663 2.77971 2.19419 0.731265 -0.201308 -0.0426737 0.373764 0.107611 
3.36723 2.00544 1.36766 2.10979 3.32411 3.63943 2.62727 0.918369 -0.214512 -0.159822 0.344712 0.190849 
3.35152 1.84856 1.30299 1.97442 3.15239 3.42533 2.8639 1.01698 -0.164298 -0.13407 0.355716 0.194029 
3.30343 1.83305 1.48539 2.15316 3.34162 3.76445 2.75812 1.15733 -0.189039 -0.103386 0.354057 0.209322 
2.99574 1.87166 1.43467 1.9797 3.06462 3.2464 2.40412 0.895539 -0.0497529 -0.0466481 0.371398 0.160371 
3.91908 2.26882 1.5937 2.36059 3.04392 3.51938 2.94089 1.10493 -0.208774 -0.285241 0.401698 0.198378 
3.12904 2.27009 1.59747 1.55752 2.05148 2.59888 2.21393 1.0096 0.12059 0.0400333 0.344079 0.0910112 
3.00258 2.12804 1.51478 1.50714 2.1509 2.58161 2.17007 0.956688 0.103661 0.0711265 0.385799 0.0961077 
3.01985 2.06954 1.57766 1.87322 2.49284 2.73765 2.14534 1.02898 0.212202 0.120947 0.359456 0.110117 
3.80531 2.5792 1.57019 2.04261 3.14511 3.8446 3.15488 1.18529 -0.175285 -0.151225 0.365254 0.205918 
3.23284 2.46089 1.40621 1.07558 1.93532 2.89758 2.70598 1.15387 -0.052987 -0.0275096 0.425274 0.125645 
3.00192 2.10597 1.36086 1.33985 2.12656 2.81936 2.32591 0.939187 -0.039195 -0.0180238 0.406655 0.110363 
3.16595 2.16179 1.22754 1.09103 2.07105 2.78854 2.20094 0.771777 -0.248199 -0.227579 0.380351 0.118989 
4.28685 2.12645 0.934873 1.75307 3.51045 3.7079 2.78138 0.769937 -0.18585 -0.270911 0.327014 0.211635 
4.28996 2.32531 0.787366 1.34814 3.46024 3.96913 2.4563 0.959035 -0.276682 -0.250107 0.301804 0.201012 
4.7928 2.30379 0.514983 1.80495 3.8167 3.94376 2.70391 0.711575 -0.0930324 -0.259354 0.27965 0.203058 
3.61066 2.40238 1.2193 1.22023 2.42253 3.29551 2.57872 0.750608 -0.394445 -0.390469 0.335125 0.154503 
3.42652 2.30508 1.14238 0.802881 2.1427 3.12376 2.50126 0.855836 -0.36318 -0.26994 0.281667 0.127925 
3.51849 2.21979 1.07171 1.3468 2.78469 3.71567 2.85884 0.856114 -0.25125 -0.169278 0.226626 0.169274 
3.58467 2.34433 1.12553 0.841749 2.25822 3.38966 2.63895 0.998745 -0.152475 -0.227975 0.272304 0.144712 
3.09399 1.83498 1.31335 1.73265 2.78113 3.37712 2.70361 1.02628 -0.161633 -0.21286 0.272862 0.163629 
3.03441 2.08201 1.21646 1.05621 1.95924 2.75906 2.32277 0.927771 -0.072621 -0.0986949 0.311383 0.0944406 
3.12886 1.99663 1.24926 1.52698 2.89038 3.43252 2.66428 1.04938 -0.201154 -0.198699 0.339783 0.171738 
3.43851 2.51162 1.22418 1.0452 2.16043 3.1759 2.88817 0.937698 -0.113744 -0.12572 0.3594 0.148584 
3.22949 1.97354 1.4514 2.12426 3.2469 3.4446 2.6173 1.01293 4.06729e-005 -0.0196083 0.369516 0.180676 
2.90368 2.01424 1.59892 2.039 2.52195 2.47229 1.98854 0.90841 0.317252 0.223147 0.370738 0.0973245 
3.33189 2.42044 1.8887 1.92352 2.61232 2.82062 2.33549 0.889176 0.159168 0.160349 0.36221 0.118025 
3.30395 2.41827 1.96364 1.88896 2.62999 3.12321 2.2553 0.950183 0.283532 0.116605 0.310219 0.118075 
2.82284 2.13251 1.89119 1.83363 2.07089 2.0632 1.46008 0.90139 0.598931 0.38178 0.314268 0.0600882 
3.18462 2.46455 1.80335 1.88194 2.51943 2.63504 2.25618 1.05942 0.268122 0.323107 0.362595 0.112849 
3.0009 2.22818 1.84989 1.76241 2.33574 2.43886 2.00537 0.961021 0.509009 0.446352 0.459496 0.103236 
3.0857 2.26681 1.58755 1.65857 2.35377 2.6417 2.28242 1.17799 0.287435 0.335596 0.442184 0.119406 
2.79059 2.12815 1.76802 1.62678 1.8455 1.63372 1.41609 0.918306 0.64154 0.492846 0.371554 0.0540649 
3.10493 2.24321 1.57954 1.59955 2.08015 2.46018 1.94619 0.873122 0.272612 0.334858 0.447444 0.0973729 
3.10909 2.23628 1.41637 1.4199 1.96103 2.50798 2.16604 0.995132 0.188336 0.230025 0.39847 0.098554 
3.16875 2.33948 1.55279 1.48849 2.48846 2.60242 2.19156 0.809595 0.330286 0.102142 0.415081 0.111617 
3.56377 2.71364 1.66693 0.818713 2.28253 2.62155 2.84364 0.778974 0.0611767 0.0546006 0.463656 0.154836 
3.65766 2.47644 1.82444 1.43632 2.18259 2.77561 2.08088 1.02816 0.0462611 0.0919445 0.457409 0.132055 
3.48602 2.69915 2.08163 1.28516 1.5653 2.33601 1.65522 0.792562 0.449586 0.153392 0.464661 0.100596 
3.06824 2.21956 1.69189 1.36732 1.63335 1.85181 1.25792 0.568279 0.188137 0.200371 0.361351 0.0538441 
3.63481 2.63791 1.51726 0.761893 1.58767 2.04954 2.11392 0.654293 0.2562 -0.106577 0.614474 0.135212 
3.45621 2.51732 1.42735 0.747636 1.45589 2.27111 2.45975 0.67437 -0.133437 -0.0478669 0.578529 0.125594 
3.28308 2.49261 1.31802 0.891944 1.36764 2.35572 2.37613 0.844112 -0.193768 -0.0551738 0.423681 0.0926118 
3.10986 2.19117 1.2909 1.32702 1.66549 2.15196 2.29034 0.637916 0.00393352 -0.102465 0.293126 0.0679786 
3.75956 2.6863 1.54824 1.33575 1.30165 2.60832 2.94633 0.541427 0.00442572 -0.331711 0.293554 0.0944088 
3.7968 2.68539 1.83276 0.827652 0.862502 2.38383 2.53376 0.51406 0.422449 -0.185333 0.481422 0.122963 
3.94778 2.65583 1.8555 1.16007 1.62532 1.83763 2.2989 0.695112 0.318078 0.0838781 0.41586 0.118565 
3.25255 2.25883 1.99935 1.85807 1.51219 2.0178 1.34917 0.901458 0.421834 0.350805 0.438559 0.0779832 
3.34605 2.54192 1.97003 1.73263 1.50479 1.49203 1.62145 0.67498 0.840255 0.501313 0.316381 0.0650608 
3.59153 2.7258 2.00808 1.60926 1.90033 1.55081 2.26255 0.652313 0.535149 0.136632 0.303399 0.0755418 
3.04753 2.48268 1.9062 1.47974 1.65427 1.66687 1.80544 0.37436 0.723401 0.447203 0.213767 0.055982 
3.37185 2.54676 1.99647 1.05094 1.99451 2.01124 1.68898 0.863707 0.535395 0.00301409 0.346881 0.0741258 
3.16261 2.43745 1.77401 1.12161 1.40243 1.8993 1.93019 0.724009 0.36499 0.276099 0.467987 0.0689766 
3.19762 2.52065 2.07901 0.989874 1.41107 1.99274 1.55481 0.875079 0.332659 0.39939 0.283696 0.0599671 
2.95537 2.18616 1.87009 1.45018 1.31231 1.85214 1.33526 0.735337 0.458299 0.410678 0.315878 0.0483638 
3.49257 2.34692 2.25856 1.28713 1.34368 1.77503 1.77832 0.640541 0.442023 0.433763 0.457088 0.0911041 
3.27002 2.3271 2.2086 1.32257 1.65201 2.31066 2.13117 0.513574 0.281674 0.255038 0.38355 0.0886309 
3.21033 2.33912 2.06236 0.985768 1.46297 1.71756 1.92204 0.506268 0.452762 0.462811 0.425805 0.082438 
3.21335 2.61228 2.09828 1.4424 1.61381 1.52691 1.59405 0.221201 0.277212 0.466928 0.392406 0.0774166 
3.69484 2.62995 2.63756 0.631905 1.63142 1.04555 2.00695 0.100539 0.385759 0.116675 0.329427 0.107555 
3.25824 2.56717 2.43477 0.884341 1.68268 0.718307 1.04251 0.624318 0.450281 0.359947 0.357013 0.0694278 
3.44995 2.61174 2.36873 0.830142 1.41925 0.705297 0.939622 0.432961 0.898477 0.281031 0.32728 0.0784833 