53
77
118
-43
-15
-75
-133
-158
-136
-85
-180
-88
-94
-173
-221
-207
-153
-107
108
225
320
371
379
352
335
235
229
107
49
-14
-64
-40
-63
-50
-31
-119
-199
-105
-167
-103
-142
-212
-95
-110
-121
-100
-32
19
-41
-50
-43
-129
-276
-332
-430
-361
-130
-94
-57
-128
-255
-405
-404
-345
-327
-160
-136
11
72
6
68
100
64
10
15
-47
-102
-49
-52
-71
-1
-3
-47
-130
-240
-218
-205
-235
-270
-194
-59
-5
122
219
236
197
135
32
-25
-64
-87
-8
-14
32
108
78
54
-15
-158
-271
-266
-180
-131
-208
-218
-199
-143
-225
-210
-126
-86
80
121
201
173
198
101
22
7
-74
-30
18
7
-14
-38
-80
2
-14
99
190
251
303
299
158
101
146
118
81
130
80
13
84
-16
-11
-73
-84
38
29
-8
41
-7
-120
-83
6
130
248
367
434
467
375
204
143
12
148
278
378
376
173
65
-93
-185
-301
-409
-415
-258
-316
-358
-287
-305
-294
-294
-301
-266
-144
-85
-75
-112
-176
-192
-219
-204
-80
-78
-114
-68
-135
-210
-156
-123
-185
-166
-154
-11
-48
57
43
41
-12
-94
-81
-137
-96
-145
-7
77
285
236
305
279
187
198
182
142
39
46
49
52
-60
-117
-153
-176
-15
181
245
417
485
371
390
399
296
369
320
185
98
91
51
-74
-200
-42
8
22
193
278
255
180
99
-31
-274
-740
-1014
-1004
-676
-271
116
425
373
-51
-501
-1086
-1607
-1963
-2121
-2059
-1849
-1330
-1056
-1023
-1307
-1901
-2526
-3171
-3369
-3310
-3131
-2658
-2053
-1326
-657
18
846
1508
2018
2416
2842
3007
3047
3080
3176
3553
3872
3997
3948
3855
3679
3519
3510
3297
2893
2327
1742
1522
1422
1380
1422
1432
1171
859
618
324
-238
-856
-1347
-1599
-1423
-1081
-651
-290
-179
-317
-596
-813
-1088
-1178
-1168
-997
-886
-686
-654
-724
-614
-468
-416
-378
-427
-511
-675
-683
-425
-111
53
138
54
-149
-103
-129
-148
-97
-151
-431
-773
-971
-1133
-1152
-1184
-1202
-1333
-1523
-1656
-1691
-1616
-1451
-1274
-1109
-941
-801
-680
-521
-393
-320
-279
-281
-238
-189
-76
177
451
650
728
965
1209
1426
1753
1933
2005
2200
2382
2559
2630
2705
2687
2519
2538
2588
2629
2555
2652
2885
3076
3265
3267
3385
3542
3511
3494
3185
2747
2176
1631
1246
1039
1057
1132
1188
1167
1124
1055
646
396
139
-435
-926
-1594
-2183
-2610
-2991
-3421
-3798
-4286
-4979
-5528
-5962
-6189
-6285
-6118
-6035
-5959
-5785
-5604
-5241
-4867
-4559
-4180
-3734
-3354
-2904
-2541
-2080
-1674
-1146
-671
-96
549
987
1301
1443
1274
869
390
-57
-317
-502
-533
-430
-322
-222
-153
-254
-396
-552
-851
-963
-933
-723
-385
66
540
1081
1547
2109
2653
3108
3704
3935
4360
4758
4907
5210
5464
5801
6050
6307
6674
6811
6849
6765
6481
6297
6124
5946
5779
5447
5364
5264
4996
4616
3997
3392
2556
1700
742
-421
-1407
-2376
-3324
-4136
-4889
-5693
-6373
-6949
-7567
-8105
-8533
-9062
-9483
-9621
-9786
-9487
-9085
-8618
-7920
-7135
-6390
-5684
-4896
-4021
-3061
-2033
-1046
-22
1088
1926
2779
3546
4352
4843
5061
5106
4944
4634
4086
3442
2657
1888
1127
330
-321
-940
-1496
-2171
-2907
-3690
-4385
-4888
-5266
-5354
-5210
-4847
-4357
-3818
-3295
-2593
-1713
-814
139
1205
2134
2981
3892
4666
5461
6136
6755
7398
7927
8363
8636
8849
8860
8917
8854
8675
8535
8255
8067
7906
7696
7416
6952
6463
5760
5026
4117
2998
2140
1139
167
-706
-1796
-2738
-3697
-4537
-5448
-6414
-7361
-8424
-9364
-10201
-10776
-11086
-11440
-11515
-11387
-11105
-10600
-10024
-9278
-8419
-7665
-6915
-5986
-4984
-3690
-2517
-1399
-192
815
1783
2917
4055
5006
5734
6113
6332
6360
6123
5698
4975
4335
3455
2651
1870
1103
495
-241
-990
-1585
-2270
-2865
-3445
-4052
-4604
-5051
-5140
-5131
-4872
-4420
-3776
-3075
-2288
-1465
-683
197
1050
1948
2911
3993
5042
6044
7039
7806
8316
8708
8917
9090
9238
9243
9256
9257
9158
9081
8926
8801
8622
8305
7988
7409
6580
5516
4369
3165
2029
951
-131
-1103
-1907
-2947
-4084
-5437
-7021
-8403
-9647
-10688
-11417
-12070
-12519
-12864
-12854
-12532
-12030
-11276
-10602
-9915
-9131
-8067
-6828
-5428
-4076
-2954
-1718
-498
886
2406
3671
4843
5699
6304
6714
7169
7406
7404
7081
6423
5741
4991
4071
3173
2173
982
-190
-1298
-2254
-3039
-3711
-4341
-4918
-5457
-5711
-5882
-6000
-5883
-5973
-5866
-5423
-4901
-4128
-3031
-1947
-755
618
2072
3568
4897
6056
6929
7640
8212
8846
9496
9949
10214
10346
10592
10824
11093
11357
11440
11424
10915
10128
9243
8184
6962
5892
4660
3258
1864
514
-638
-1746
-2796
-3916
-5186
-6577
-7743
-8923
-10032
-10915
-11789
-12591
-13232
-13407
-13231
-12595
-11919
-11091
-10167
-9275
-8019
-6624
-5188
-4060
-3085
-2091
-995
239
1340
2568
3514
4285
4913
5519
6074
6382
6489
6463
6113
5795
5398
4644
3636
2409
1237
34
-874
-1774
-2689
-3521
-4267
-4844
-5031
-5011
-4831
-4657
-4695
-4701
-4896
-4847
-4566
-4334
-3885
-3274
-2495
-1482
-30
1463
2782
4192
5471
6658
7775
8781
9433
9816
9980
9941
9804
9858
9983
10127
10110
9857
9398
8902
8285
7675
6820
5695
4405
2969
1555
90
-1513
-3153
-4883
-6461
-7850
-8943
-9779
-10673
-11316
-11706
-11771
-11604
-11176
-10732
-10434
-9912
-9307
-8494
-7527
-6629
-5751
-4977
-3937
-2714
-1340
100
1448
2579
3480
4252
5031
5752
6065
6143
5992
5646
5429
5169
4699
4088
3264
2459
1758
1257
679
122
-512
-1313
-1980
-2474
-2988
-3247
-3713
-4063
-4210
-4098
-3823
-3608
-3472
-3422
-3200
-2766
-2101
-1586
-995
-444
389
1376
2640
4124
5445
6626
7543
8269
9065
9707
9973
10094
9863
9455
8811
8230
7653
6939
6185
5267
4383
3382
2483
1377
161
-1209
-2964
-4649
-6246
-7750
-9115
-10381
-11339
-11958
-12141
-11690
-11255
-10618
-9838
-9085
-8171
-7247
-6093
-5006
-4057
-3216
-2500
-1679
-583
424
1322
2110
2867
3779
4538
5173
5618
5940
5930
5830
5863
5809
5629
5047
4203
3252
2280
1383
640
-77
-927
-1797
-2446
-2709
-2753
-2763
-2905
-2896
-2809
-2536
-2068
-1704
-1452
-1478
-1528
-1410
-1133
-850
-514
-208
146
598
1182
1821
2624
3587
4439
5344
6239
7107
7772
8306
8284
7949
7410
6731
6188
5184
4310
3361
2321
1387
519
-309
-1222
-2331
-3553
-4724
-5855
-6812
-7759
-8765
-9848
-10804
-11602
-12044
-12231
-12127
-11756
-11303
-10343
-9093
-7438
-5778
-4083
-2449
-946
355
1611
2709
3453
4028
4312
4640
4849
5273
5692
6212
6743
7293
7759
8139
8399
8206
7868
7253
6364
5293
4095
2865
1553
382
-574
-1163
-1525
-1808
-1948
-1995
-1866
-1652
-1549
-1320
-1227
-1165
-1062
-922
-703
-685
-815
-940
-969
-748
-168
593
1285
2025
2654
3332
4160
4920
5591
6262
6669
6913
6980
6948
6589
5853
4962
3834
2468
1183
-77
-1444
-2759
-3881
-4948
-5835
-6522
-7054
-7577
-8136
-8741
-9273
-9736
-10245
-10793
-11285
-11532
-11755
-11641
-11234
-10498
-9486
-8275
-6807
-5203
-3414
-1483
410
1964
3386
4481
5377
6286
6961
7326
7358
7290
7164
7114
7246
7452
7659
7656
7547
7423
7318
7163
6703
5882
4794
3756
2584
1474
501
-608
-1469
-2223
-2597
-2713
-2612
-2343
-2157
-1946
-1729
-1614
-1461
-1460
-1599
-1638
-1479
-1172
-725
-183
354
949
1434
2220
2879
3598
4347
4933
5394
5841
6126
6111
5957
5463
4770
4057
3076
2018
964
-123
-1065
-2180
-3021
-3926
-4909
-5705
-6406
-6954
-7409
-7918
-8552
-9369
-9967
-10443
-10820
-10823
-10719
-10627
-10378
-9724
-8855
-7804
-6598
-5242
-3815
-2354
-725
784
2152
3390
4427
5177
5605
6110
6477
6757
7015
7194
7416
7534
7567
7545
7297
7161
6988
6753
6374
5898
5214
4570
3912
3136
2480
1809
954
211
-432
-1003
-1405
-1787
-1973
-2047
-1971
-1934
-1883
-1723
-1575
-1470
-1360
-1455
-1438
-1385
-1376
-1217
-949
-460
54
568
1184
1964
2797
3590
4121
4397
4383
4191
4026
3585
3134
2476
1580
621
-206
-1028
-1900
-2422
-3279
-4121
-4747
-5180
-5574
-6063
-6680
-7391
-8064
-8465
-8713
-9038
-9103
-9132
-9024
-8673
-7996
-7055
-6151
-4958
-3849
-2769
-1573
-491
431
1138
1719
2337
3059
3686
4438
4861
5049
5257
5494
5627
5826
5843
5718
5709
5638
5659
5607
5600
5325
4875
4371
3950
3409
2934
2318
1518
744
121
-287
-616
-1005
-1325
-1573
-1589
-1424
-1150
-1002
-1132
-1233
-1404
-1349
-1277
-1179
-1036
-871
-571
-309
171
561
976
1372
2005
2627
3213
3914
4302
4501
4642
4654
4417
3993
3420
2694
1935
1243
563
-122
-881
-1722
-2579
-3283
-3816
-4225
-4787
-5100
-5640
-6111
-6368
-6709
-6914
-7090
-6928
-6630
-6263
-5781
-5177
-4447
-3629
-2664
-1687
-761
85
804
1362
1915
2583
3277
3796
4238
4481
4709
4709
4604
4428
4384
4239
4098
4172
4194
4164
4069
3959
3778
3582
3339
2841
2298
1704
922
-12
-773
-1577
-2224
-2718
-2907
-2950
-2944
-2704
-2647
-2531
-2494
-2415
-2303
-2241
-2060
-1979
-1841
-1532
-1228
-811
-345
366
1042
1624
2305
2908
3218
3513
3646
3794
4016
4125
4036
3817
3428
3049
2673
2101
1533
824
-88
-1027
-1888
-2548
-3049
-3663
-4149
-4668
-5009
-5161
-5237
-5503
-5750
-5806
-5841
-5901
-5611
-5227
-4969
-4529
-3961
-3346
-2605
-1734
-979
-253
490
1371
2163
2959
3537
3977
4221
4379
4539
4521
4441
4195
3908
3506
3363
3284
3272
3211
3028
2853
2632
2260
1703
1092
351
-346
-1041
-1723
-2291
-2825
-3388
-3707
-3938
-4079
-3933
-3921
-3873
-3846
-3589
-3216
-2717
-2325
-2054
-1687
-1276
-812
-289
337
761
1205
1731
2491
3290
4096
4739
5212
5640
5861
6162
6419
6308
6028
5511
4713
3862
2976
2132
1328
409
-341
-995
-1573
-2235
-3064
-3810
-4434
-4786
-4799
-4806
-4774
-4791
-4925
-4934
-4937
-4805
-4509
-4301
-4026
-3465
-2907
-2201
-1519
-848
-283
420
1043
1716
2353
2757
3139
3306
3416
3415
3257
2989
2756
2577
2536
2557
2635
2642
2662
2651
2590
2291
1945
1421
775
120
-550
-964
-1581
-2221
-2828
-3414
-3796
-4171
-4350
-4500
-4575
-4582
-4455
-4194
-3971
-3784
-3632
-3421
-3150
-2689
-2176
-1572
-948
-210
693
1706
2894
3873
4878
5582
6011
6510
6677
6764
6754
6454
6019
5521
5050
4385
3517
2668
1664
841
-3
-782
-1444
-2252
-2796
-3290
-3710
-4012
-4200
-4373
-4607
-4782
-4882
-4820
-4652
-4524
-4441
-4256
-3858
-3455
-3031
-2407
-1742
-1196
-613
7
556
1211
1766
2259
2578
2728
2975
3048
3130
3222
3373
3669
3781
3931
4029
3934
3750
3540
3364
2969
2572
2029
1533
1000
329
-348
-1105
-1758
-2338
-2927
-3172
-3357
-3698
-3916
-4189
-4258
-4155
-4056
-3815
-3499
-3123
-2837
-2442
-1795
-1262
-720
-152
622
1499
2356
3163
3974
4544
5171
5627
5906
6244
6231
6171
5968
5621
5249
4703
3977
3203
2389
1502
568
-170
-807
-1523
-2267
-2769
-3155
-3413
-3653
-3935
-4105
-4363
-4652
-4759
-4848
-4888
-4906
-4599
-4091
-3522
-2955
-2421
-1777
-1318
-780
-237
179
536
771
965
1242
1532
1884
2059
2173
2445
2719
3056
3292
3505
3609
3689
3497
3305
3177
2826
2428
1870
1353
742
172
-491
-1093
-1684
-2327
-2889
-3263
-3428
-3679
-3902
-4004
-4132
-4092
-3887
-3778
-3648
-3433
-3182
-2820
-2273
-1622
-1002
-319
285
1117
2053
2929
3638
4132
4583
4829
5155
5301
5421
5333
5234
5122
4915
4687
4310
3699
3168
2396
1489
730
-7
-686
-1381
-2101
-2710
-3281
-3776
-4277
-4748
-5017
-5372
-5530
-5524
-5343
-4813
-4317
-3819
-3210
-2685
-2301
-1848
-1400
-1018
-600
-228
84
401
672
1025
1386
1572
1776
2125
2518
2885
3313
3613
3904
4101
4120
4101
3995
3806
3513
3157
2727
2174
1576
1006
409
-178
-726
-1367
-1884
-2311
-2665
-3095
-3387
-3464
-3563
-3418
-3130
-3101
-2888
-2764
-2530
-2285
-2120
-1745
-1207
-523
199
1054
1913
2847
3520
4180
4633
5094
5440
5668
5811
5704
5311
4835
4438
3976
3638
3086
2307
1521
627
-173
-800
-1385
-1934
-2547
-3303
-3891
-4298
-4706
-5031
-5254
-5679
-5939
-5994
-6027
-5765
-5522
-5133
-4668
-4033
-3329
-2583
-1940
-1370
-808
-476
74
581
1193
1643
2006
2318
2523
2912
3231
3612
3939
4202
4144
4031
3811
3464
3045
2595
2077
1705
1309
782
242
-428
-1026
-1631
-2170
-2738
-3215
-3485
-3598
-3734
-3915
-3924
-3909
-3839
-3649
-3343
-3066
-2673
-2336
-1947
-1429
-866
-59
802
1802
2837
3690
4724
5516
6270
6810
7108
7395
7503
7566
7286
6844
6177
5557
4886
4363
3838
3175
2446
1552
616
-178
-1078
-2038
-3059
-3910
-4747
-5436
-5908
-6337
-6779
-7047
-7290
-7305
-7044
-6651
-6126
-5677
-5049
-4412
-3687
-3011
-2371
-1847
-1255
-799
-400
63
621
1180
1664
2123
2568
3088
3502
3999
4433
4776
5015
5064
5046
4809
4271
3536
2715
1762
735
-142
-1079
-1826
-2487
-2980
-3365
-3685
-3989
-4225
-4433
-4723
-4837
-4860
-4712
-4480
-4179
-3828
-3402
-3043
-2629
-2152
-1594
-780
78
980
1947
3062
4255
5572
6613
7467
8221
8789
9135
9401
9321
9057
8550
7757
6838
5960
5200
4205
3443
2546
1652
574
-511
-1514
-2596
-3514
-4649
-5456
-6208
-6801
-7177
-7435
-7611
-7640
-7596
-7413
-7051
-6639
-6203
-5639
-5060
-4517
-3840
-3284
-2735
-2115
-1521
-974
-399
244
731
1060
1504
1972
2387
2888
3386
3864
4134
4346
4318
4190
4042
3684
3230
2714
2043
1263
440
-484
-1416
-2193
-2896
-3472
-3843
-4171
-4365
-4558
-4755
-4637
-4724
-4687
-4562
-4419
-4093
-3814
-3187
-2623
-2114
-1495
-656
262
1324
2391
3658
4867
6100
7468
8642
9586
10211
10629
10606
10474
10031
9460
8769
8043
7360
6561
5889
5101
4315
3501
2367
1395
300
-1048
-2221
-3339
-4613
-5762
-6646
-7498
-8107
-8453
-8606
-8673
-8651
-8223
-7703
-7022
-6237
-5582
-4954
-4357
-3734
-3341
-3013
-2719
-2453
-2109
-1844
-1496
-1210
-718
-106
571
1482
2383
3139
3845
4255
4422
4434
4195
3791
3176
2444
1709
1079
285
-508
-1151
-1866
-2459
-2806
-3102
-3349
-3515
-3592
-3673
-3736
-3873
-3990
-3911
-3854
-3788
-3604
-3348
-3193
-2832
-2283
-1546
-613
441
1696
2972
4324
5637
6848
7904
8929
9765
10370
10703
10728
10544
10015
9376
8599
7760
7031
6258
5528
4846
4023
3012
1754
551
-692
-1950
-3138
-4276
-5341
-6217
-6917
-7521
-7966
-8352
-8409
-8456
-8233
-7717
-7328
-6931
-6540
-6046
-5613
-5183
-4720
-4188
-3626
-3145
-2563
-1925
-1269
-684
-37
767
1574
2383
3192
3743
4214
4514
4709
4693
4468
4160
3563
2886
2153
1504
732
6
-643
-1253
-1680
-1867
-2010
-2200
-2424
-2687
-2911
-3109
-3480
-3765
-3930
-4157
-4338
-4307
-4103
-3670
-3160
-2579
-1631
-665
599
2036
3352
4681
5849
6934
7972
8609
9119
9352
9561
9695
9652
9547
9151
8557
7970
7270
6538
5866
4970
4131
2985
1929
764
-407
-1577
-2842
-4089
-5345
-6376
-7108
-7685
-8031
-8431
-8726
-8622
-8453
-8158
-7831
-7469
-7196
-6854
-6193
-5609
-5063
-4547
-4008
-3405
-2823
-2239
-1544
-948
-319
368
1091
1886
2632
3253
3871
4394
4838
5177
5195
4926
4490
3861
2968
2079
1122
123
-808
-1511
-2039
-2200
-2189
-2278
-2488
-2678
-2798
-3017
-3113
-3192
-3224
-3315
-3342
-3338
-3211
-3156
-2989
-2423
-1682
-598
544
1838
3073
4278
5361
6383
7311
7979
8616
8945
9167
9303
9339
9005
8385
7649
6802
6171
5484
4652
3632
2530
1249
49
-1064
-2225
-3276
-4361
-5344
-6223
-6873
-7363
-7722
-8213
-8414
-8478
-8357
-8195
-7932
-7487
-7090
-6585
-6055
-5448
-4815
-4316
-3886
-3305
-2849
-2322
-1657
-994
-165
666
1532
2480
3495
4417
5144
5710
6137
6274
6105
5782
5127
4327
3535
2810
2109
1344
642
-18
-659
-936
-1190
-1420
-1562
-1945
-2354
-2731
-3120
-3435
-3816
-4139
-4325
-4164
-3917
-3572
-3096
-2476
-1582
-691
445
1614
2895
4115
5073
6014
6912
7617
8067
8430
8626
8556
8214
7596
6900
6143
5331
4540
3808
3073
2286
1280
247
-868
-1892
-2948
-3994
-5022
-5972
-6763
-7407
-7893
-8355
-8663
-8622
-8458
-7919
-7349
-6768
-6068
-5371
-4651
-4120
-3429
-3057
-2703
-2383
-1852
-1284
-678
-81
527
1243
1975
2838
3574
4388
4978
5401
5697
6029
6165
6039
5873
5396
4745
4290
3637
2931
2053
1212
549
-107
-602
-1009
-1442
-1920
-2293
-2626
-2759
-3037
-3264
-3516
-3726
-3873
-3852
-3528
-3149
-2632
-2118
-1304
-404
697
1819
2798
3785
4686
5403
5937
6605
6861
6955
6964
6723
6328
5657
4929
4032
3098
2109
1184
314
-786
-1665
-2582
-3461
-4308
-5083
-6027
-6927
-7453
-8008
-8319
-8537
-8634
-8802
-8797
-8330
-7874
-7269
-6639
-5874
-4968
-3979
-2992
-2217
-1464
-927
-360
240
1030
1616
2275
2883
3323
3973
4388
5003
5495
5908
6182
6432
6653
6737
6688
6324
6007
5530
4932
4420
3715
3053
2508
1875
1332
681
172
-342
-833
-1236
-1710
-2118
-2635
-2954
-2970
-2998
-2851
-2666
-2323
-1944
-1511
-889
-88
857
1647
2430
3156
3994
4683
5107
5480
5631
5574
5409
5095
4697
4186
3346
2392
1503
532
-581
-1707
-2834
-3940
-4923
-5817
-6512
-7186
-7810
-8217
-8590
-8817
-8861
-8885
-8758
-8562
-8085
-7669
-7212
-6638
-5944
-5200
-4415
-3594
-2672
-1838
-855
-45
779
1737
2605
3460
4170
5035
5582
6175
6562
6855
7027
7090
7138
7015
6970
6764
6571
6263
5976
5711
5330
4783
4164
3570
2934
2347
1696
1126
504
-180
-644
-1232
-1717
-2054
-2242
-2597
-2822
-2747
-2649
-2337
-1761
-1114
-407
527
1406
2290
3032
3744
4309
4668
4830
4853
4740
4530
4191
3721
3123
2312
1376
515
-266
-1179
-2019
-2912
-3889
-4897
-5766
-6527
-7434
-8162
-8723
-9331
-9695
-9944
-10026
-9968
-9901
-9773
-9380
-8763
-8089
-7381
-6753
-5897
-4931
-4066
-3124
-2082
-990
38
1098
2130
3052
3967
4598
5169
5705
6359
6837
7160
7378
7372
7377
7342
7277
7193
7165
6960
6643
6411
6087
5638
5266
4667
4301
3787
3155
2646
1992
1185
487
-131
-727
-1094
-1470
-1801
-2012
-2175
-2163
-2076
-1885
-1330
-728
52
927
1910
2858
3758
4637
5257
5636
5688
5631
5286
4909
4237
3380
2510
1523
609
-425
-1520
-2627
-3675
-4794
-5767
-6650
-7446
-8185
-8845
-9296
-9540
-9754
-9948
-9980
-9946
-9860
-9757
-9537
-9132
-8584
-8020
-7229
-6318
-5371
-4218
-3143
-2049
-875
270
1431
2464
3479
4284
4865
5254
5806
6351
6708
6988
7252
7498
7551
7474
7281
7063
6728
6356
5907
5568
5319
5026
4774
4262
3880
3602
3221
2954
2618
2174
1696
1230
661
7
-633
-1260
-1869
-2347
-2658
-2469
-2129
-1756
-1281
-694
125
1148
2221
3245
4159
4974
5586
5874
6097
5970
5496
4749
3827
2808
1764
569
-572
-1747
-2938
-4013
-5048
-6062
-7087
-7832
-8655
-9499
-10291
-10891
-11178
-11424
-11235
-10943
-10455
-10107
-9669
-9001
-8320
-7355
-6574
-5724
-4808
-3933
-2950
-2013
-1125
-319
440
1302
2312
3344
4097
5031
5684
6195
6644
7075
7305
7461
7594
7512
7524
7343
7007
6604
6231
5738
5316
4983
4605
4188
3970
3727
3463
3426
3201
2907
2561
2092
1635
1373
916
380
-138
-709
-1024
-1302
-1357
-1212
-923
-353
334
1176
2140
3106
3702
4325
4912
5228
5440
5509
5412
5078
4367
3651
2760
1688
392
-891
-2268
-3691
-5020
-6298
-7411
-8441
-9068
-9631
-10153
-10485
-10771
-10976
-11017
-10967
-10911
-10705
-10254
-9674
-8990
-8280
-7564
-6757
-5949
-5025
-3944
-2879
-1563
-326
706
1702
2533
3222
3813
4364
4823
5349
5829
6171
6410
6675
6811
7002
7237
7272
7225
7043
6738
6210
5645
5078
4356
3732
3327
2961
2675
2439
2143
1937
1810
1487
1346
1232
970
564
191
-247
-723
-812
-882
-874
-794
-343
111
669
1391
2052
2669
3189
3905
4555
5073
5307
5385
5175
4695
4091
3346
2408
1163
-130
-1476
-2860
-4187
-5423
-6652
-7797
-8715
-9497
-10008
-10339
-10610
-10624
-10567
-10361
-10145
-9871
-9501
-9207
-8821
-8301
-7684
-7044
-6285
-5513
-4569
-3538
-2451
-1348
-315
841
1793
2981
3945
4727
5337
5748
6257
6637
6841
6945
6992
6810
6732
6757
6645
6409
6185
5873
5567
5203
4767
4250
3798
3325
2904
2544
2183
1955
1657
1223
819
550
376
107
-79
-220
-429
-490
-551
-556
-539
-480
-282
32
582
1236
1948
2611
3234
3840
4251
4601
4729
4503
4265
3778
3105
2318
1471
342
-869
-1972
-3178
-4269
-5594
-6613
-7594
-8499
-9315
-9969
-10390
-10836
-11093
-11021
-10697
-10425
-10050
-9602
-9176
-8617
-7848
-7096
-6189
-5231
-4329
-3271
-2163
-994
177
1231
2150
2881
3577
4301
4712
4982
5365
5812
6304
6657
7050
7234
7221
7061
6887
6834
6664
6555
6320
6122
5688
5262
4820
4156
3525
2953
2399
1840
1377
889
485
281
85
10
-38
-126
-59
68
222
488
698
794
883
1018
1190
1405
1582
1743
1958
2256
2564
2907
3186
3279
3366
3394
3193
2906
2310
1485
549
-493
-1746
-2930
-4242
-5625
-6816
-7916
-8801
-9718
-10458
-11011
-11348
-11376
-11246
-10930
-10469
-10021
-9590
-8985
-8137
-7276
-6504
-5564
-4569
-3499
-2453
-1369
-431
532
1379
2238
3114
3945
4704
5167
5697
6028
6381
6686
6990
7130
7203
7208
7120
7192
7036
6847
6421
5928
5381
4956
4639
4263
3842
3352
3110
2776
2545
2208
1792
1441
1190
1010
806
608
395
333
251
265
253
530
762
1048
1296
1624
2055
2500
2928
3401
3699
3747
3565
3187
2921
2425
1998
1461
917
360
-317
-1143
-1942
-2908
-4074
-5298
-6366
-7282
-8027
-8730
-9480
-10060
-10646
-11108
-11456
-11444
-11117
-10769
-10280
-9537
-8619
-7682
-6641
-5694
-4631
-3488
-2414
-1436
-355
600
1472
2336
3060
3831
4505
5027
5400
5723
6123
6442
6490
6670
6665
6547
6530
6417
6370
6136
5878
5604
5123
4888
4593
4211
3668
3243
2983
2592
2359
2251
2047
1818
1648
1431
1299
1121
878
548
353
385
485
765
1007
1199
1587
1910
2119
2420
2830
3101
3369
3643
3708
3645
3462
3009
2472
1778
1001
169
-488
-1380
-2296
-3130
-4104
-5003
-6037
-7063
-7942
-8738
-9408
-10134
-10624
-10968
-11244
-11386
-11469
-11373
-11250
-10812
-10157
-9170
-7980
-6795
-5646
-4540
-3261
-2040
-820
363
1335
2218
2997
3638
4171
4518
4851
5020
5221
5629
5929
6224
6320
6286
6332
6154
6085
5974
5703
5412
5004
4584
4237
3837
3424
2976
2573
2300
2069
1874
1703
1355
1041
967
842
860
873
898
1020
1168
1283
1475
1606
1885
2228
2482
2889
3208
3466
3740
3855
3959
3972
3910
3685
3297
2908
2306
1682
931
234
-607
-1513
-2412
-3329
-4281
-5299
-6297
-7395
-8356
-9158
-9762
-10447
-10878
-11264
-11437
-11359
-11123
-10622
-10098
-9478
-8668
-7608
-6481
-5381
-4331
-3249
-2073
-802
431
1574
2702
3669
4448
5062
5670
6132
6464
6578
6606
6831
6917
6929
6602
6204
5979
5696
5538
5278
5130
4755
4317
3901
3481
3214
2759
2120
1591
1350
1148
1021
868
614
445
168
-140
-183
-242
-205
-44
25
387
909
1203
1470
1761
2077
2516
3076
3624
4042
4227
4398
4482
4417
4060
3357
2617
1867
1063
219
-533
-1395
-2334
-3298
-4183
-4888
-5649
-6570
-7561
-8368
-9189
-9867
-10419
-10993
-11291
-11321
-11211
-10888
-10445
-9831
-9298
-8455
-7475
-6384
-5218
-4032
-2867
-1663
-442
742
1933
2971
3889
4802
5472
6194
6813
7070
7188
7123
7168
7217
7051
6975
6822
6625
6450
6053
5651
5149
4516
3902
3204
2762
2322
1820
1324
790
526
360
238
60
99
43
33
-2
-76
30
62
126
130
405
808
1334
1784
2217
2650
2940
3369
3690
4033
4236
4374
4378
4298
4092
3662
3194
2614
1835
1027
47
-951
-1840
-2764
-3789
-4843
-5742
-6615
-7535
-8414
-9038
-9559
-10091
-10497
-10729
-10836
-10685
-10255
-9843
-9280
-8573
-7922
-7131
-6131
-5101
-4058
-2903
-1676
-422
771
1990
3023
3950
4731
5270
5746
6125
6528
6554
6560
6729
6833
6822
6766
6672
6451
6242
5908
5526
5196
4757
4147
3361
2726
2262
1701
1092
412
-110
-583
-924
-1178
-1111
-800
-719
-664
-538
-377
-303
-194
-220
-218
-86
132
486
823
1350
1723
2222
2614
3039
3456
3828
4109
4214
4191
3841
3395
2868
2197
1521
741
-34
-901
-1814
-2929
-3927
-4752
-5628
-6422
-7062
-7677
-8227
-8720
-9330
-9881
-10168
-10214
-10075
-9817
-9286
-8592
-7909
-7085
-6093
-4850
-3684
-2647
-1392
-52
1260
2429
3478
4446
5110
5593
5952
6240
6659
6726
6712
6730
6772
6938
6963
6922
6782
6606
6244
5949
5399
4818
4095
3247
2494
1837
1333
673
63
-359
-584
-659
-806
-866
-906
-1125
-1358
-1463
-1437
-1338
-1300
-1197
-920
-547
-162
177
614
1088
1584
2021
2489
2987
3364
3515
3563
3716
3994
4008
3702
3129
2656
2216
1642
1024
277
-643
-1628
-2449
-3086
-3819
-4633
-5513
-6398
-6935
-7406
-7794
-8118
-8561
-8816
-9019
-8978
-8769
-8329
-7827
-7188
-6405
-5450
-4139
-3033
-1954
-864
235
1304
2476
3473
4165
4811
5205
5429
5909
6241
6444
6392
6342
6515
6672
6668
6614
6467
6033
5460
5013
4324
3618
2876
1868
1040
360
-46
-512
-937
-1210
-1370
-1492
-1578
-1594
-1634
-1834
-1917
-1877
-1722
-1502
-1543
-1504
-1441
-1287
-984
-472
27
351
872
1524
2180
2847
3397
3839
4068
4295
4473
4499
4296
3759
3129
2420
1810
1232
597
-66
-869
-1762
-2685
-3404
-4224
-5219
-6098
-6847
-7375
-7716
-8127
-8482
-8730
-8941
-8949
-8693
-8200
-7611
-7011
-6251
-5179
-3993
-2695
-1570
-483
523
1628
2618
3436
4171
4674
5105
5452
5897
6312
6598
6701
6732
6805
6976
6930
6708
6439
5913
5231
4466
3804
3195
2281
1323
380
-476
-1063
-1804
-2508
-3061
-3404
-3710
-3866
-3841
-3607
-3408
-3171
-2973
-2731
-2324
-1998
-1664
-1395
-955
-551
-191
250
646
1084
1689
2358
2924
3438
3831
4229
4664
5074
5391
5409
5214
4916
4470
3896
3135
2350
1502
484
-652
-1638
-2453
-3358
-4313
-5220
-5974
-6576
-7076
-7548
-8104
-8615
-8818
-8761
-8639
-8100
-7366
-6733
-5848
-4741
-3632
-2410
-1265
-207
753
1762
2687
3385
4033
4431
4797
4927
5140
5503
5663
5878
6017
6211
6504
6567
6453
6068
5551
4833
4122
3540
2861
1977
1062
119
-609
-1062
-1652
-2261
-2902
-3317
-3564
-3696
-3581
-3436
-3409
-3261
-3165
-2908
-2647
-2409
-2219
-1959
-1623
-1233
-836
-374
84
553
1172
1818
2458
2909
3473
4036
4596
5274
5797
6075
6021
5706
5350
4848
4256
3483
2568
1799
906
175
-554
-1308
-2228
-3208
-4045
-4822
-5406
-6045
-6577
-7136
-7675
-7937
-7895
-7768
-7623
-7272
-6670
-5854
-4801
-3578
-2501
-1577
-718
83
1015
1944
2676
3205
3681
4117
4491
4752
5196
5369
5312
5612
5870
6048
6020
5672
5174
4492
3740
3069
2397
1574
603
-182
-991
-1578
-2124
-2836
-3376
-3668
-3780
-3790
-3630
-3459
-3440
-3372
-3155
-2900
-2493
-2219
-2060
-2052
-1905
-1859
-1653
-1212
-666
-24
802
1693
2548
3447
4169
4833
5548
6397
7054
7390
7412
7058
6706
6189
5565
4817
3943
3148
2202
1441
612
-97
-1082
-2156
-3061
-3887
-4523
-5161
-5930
-6610
-7158
-7628
-7822
-7909
-7714
-7435
-6992
-6373
-5586
-4493
-3514
-2769
-2032
-1399
-511
366
1161
1744
2036
2464
2982
3513
4099
4459
4564
4480
4617
4696
4568
4316
3901
3381
2813
2274
1861
1280
425
-359
-1155
-1759
-2230
-2700
-3198
-3639
-3864
-4021
-4002
-3959
-3821
-3757
-3567
-3282
-2798
-2406
-2307
-2153
-1861
-1606
-1405
-989
-696
-253
235
957
1716
2633
3490
4364
5202
5949
6558
7043
7278
7237
7202
7098
6823
6272
5530
4702
3782
2796
1997
1225
375
-655
-1648
-2664
-3496
-4051
-4720
-5329
-5899
-6224
-6371
-6391
-6304
-6227
-5940
-5543
-4977
-4413
-3723
-3008
-2553
-2021
-1295
-530
87
617
1054
1415
1860
2368
2848
3134
3374
3527
3615
3725
3890
3813
3411
2881
2362
1804
1415
1121
760
251
-312
-953
-1780
-2483
-3116
-3695
-4151
-4264
-4103
-3802
-3401
-3188
-2979
-2776
-2604
-2456
-2334
-2164
-1987
-1782
-1658
-1499
-1203
-800
-276
401
1056
1944
2828
3698
4563
5199
5828
6434
6942
7346
7401
7262
7000
6590
6099
5422
4648
3770
2991
2388
1789
1287
621
-64
-830
-1618
-2300
-3003
-3664
-4485
-5111
-5628
-5896
-6089
-6179
-6109
-5837
-5487
-4895
-4172
-3506
-2845
-2289
-1613
-904
-184
332
744
1046
1335
1498
1648
1709
1678
1580
1311
1305
1426
1560
1565
1409
1399
1182
1056
887
588
284
-294
-877
-1551
-1938
-2328
-2713
-3048
-3233
-3191
-3090
-2852
-2619
-2245
-1809
-1440
-1313
-1070
-910
-891
-757
-838
-727
-599
-437
-71
452
1143
1901
2615
3322
4055
4795
5402
6066
6661
7061
7298
7027
6700
6351
5816
5190
4535
4047
3500
3101
2681
2159
1673
1050
558
-41
-608
-1101
-1719
-2385
-3076
-3681
-4114
-4517
-4957
-5032
-5020
-4992
-4745
-4348
-3867
-3491
-3239
-2822
-2280
-1625
-1089
-614
-278
-51
174
408
404
432
406
152
-26
-108
-107
-225
-232
-139
-101
72
38
-113
-277
-657
-1130
-1590
-1957
-2237
-2412
-2586
-2694
-2532
-2293
-2102
-1988
-1695
-1390
-1209
-1149
-1162
-1311
-1498
-1648
-1538
-1445
-1281
-1057
-865
-374
220
896
1499
2221
2914
3654
4326
5038
5688
6191
6486
6561
6493
6207
6057
5756
5245
4665
4284
3877
3544
3217
2737
2325
1757
1242
744
412
-129
-798
-1500
-2337
-2904
-3417
-3949
-4396
-4629
-4731
-4847
-4802
-4542
-4154
-3957
-3545
-3128
-2682
-1982
-1502
-1207
-926
-671
-548
-715
-946
-1030
-1262
-1394
-1506
-1464
-1235
-1011
-778
-592
-277
-78
32
75
-111
-344
-636
-1099
-1487
-1650
-1660
-1681
-1689
-1455
-1239
-1143
-1029
-872
-819
-836
-824
-945
-1082
-1203
-1446
-1543
-1488
-1258
-999
-750
-372
259
845
1426
2104
2764
3400
4101
4765
5386
5921
6232
6525
6470
6481
6420
6138
5857
5548
5394
5030
4830
4727
4614
4473
4132
3700
3121
2472
1621
651
-358
-1227
-2102
-2912
-3595
-4038
-4414
-4705
-4833
-4894
-4779
-4521
-4234
-4072
-3730
-3538
-3434
-3330
-3139
-3071
-3063
-3175
-3405
-3372
-3238
-3059
-3037
-2857
-2575
-2169
-1725
-1338
-845
-446
-175
129
376
317
159
-190
-495
-644
-797
-782
-908
-939
-808
-678
-719
-863
-905
-1156
-1319
-1492
-1574
-1605
-1759
-1814
-1823
-1817
-1683
-1642
-1654
-1388
-999
-491
219
915
1689
2469
3145
3954
4614
5203
5631
5930
6021
6102
6316
6543
6594
6537
6553
6607
6605
6704
6654
6416
6105
5539
4985
4128
3177
1990
739
-519
-1644
-2568
-3386
-4047
-4577
-4875
-5156
-5345
-5414
-5372
-5138
-4725
-4481
-4412
-4312
-4329
-4416
-4726
-5063
-5132
-5417
-5497
-5400
-5164
-4815
-4507
-4069
-3282
-2289
-1368
-464
487
1298
1808
2165
2232
1979
1521
1070
579
104
-182
-376
-627
-814
-807
-756
-802
-746
-667
-744
-1008
-1156
-1138
-1198
-1290
-1492
-1671
-1872
-2000
-2161
-2175
-1942
-1587
-1166
-519
219
1123
1963
2806
3818
4682
5653
6537
7251
7587
7646
7690
7796
7934
7954
8022
7906
7951
7913
7898
7763
7366
6854
5936
4981
3922
2834
1616
275
-1194
-2517
-3762
-4886
-5698
-6544
-7119
-7457
-7628
-7624
-7338
-7153
-6968
-6827
-6742
-6642
-6678
-6629
-6815
-7028
-7066
-6954
-6662
-6336
-5738
-4984
-4003
-2819
-1439
-95
1106
2094
2893
3452
3607
3645
3303
2837
2184
1556
1078
542
49
-355
-671
-788
-898
-1014
-1239
-1394
-1517
-1593
-1750
-2053
-2339
-2754
-3080
-3327
-3518
-3497
-3542
-3653
-3349
-2679
-1717
-628
512
1451
2534
3605
4744
5690
6365
7030
7413
7822
8188
8679
9189
9531
9650
9626
9753
9886
9864
9757
9299
8807
8125
7202
6150
4865
3269
1652
20
-1621
-3163
-4557
-5819
-6839
-7603
-8174
-8390
-8799
-8983
-9001
-8955
-8947
-8988
-8975
-8920
-8819
-8856
-8623
-8462
-8199
-7666
-6966
-5901
-4524
-3066
-1675
-260
1231
2667
3827
4645
5213
5534
5524
5264
4785
4088
3259
2242
1384
759
310
54
-285
-533
-650
-652
-669
-783
-978
-1272
-1682
-2252
-2823
-3352
-3799
-4292
-4826
-5158
-5153
-4652
-3851
-2792
-1539
-219
1074
2336
3584
4782
5901
6779
7667
8500
9173
9714
10008
10214
10226
10254
10389
10459
10622
10711
10745
10630
10399
9919
9224
8247
7135
5809
4166
2550
902
-874
-2676
-4339
-5937
-7359
-8596
-9612
-10408
-10943
-11234
-11400
-11393
-11229
-11043
-10947
-10724
-10384
-9989
-9537
-8987
-8195
-7242
-6044
-4770
-3320
-1725
-477
861
2109
3276
4370
5016
5347
5427
5356
4939
4338
3460
2601
1730
853
113
-342
-403
-445
-525
-626
-530
-586
-942
-1580
-2225
-3112
-3925
-4806
-5789
-6451
-7016
-7054
-6840
-6226
-5293
-4219
-3081
-1713
-233
1124
2502
3840
5069
6059
6881
7453
8043
8539
8812
9208
9612
10125
10740
11106
11358
11649
11921
11927
11888
11619
11081
10412
9456
8391
7034
5462
3649
1782
-104
-1731
-3318
-4806
-6316
-7656
-8792
-9873
-10614
-11189
-11806
-12335
-12638
-12552
-12184
-11832
-11396
-10839
-10038
-9119
-7916
-6416
-5106
-3830
-2552
-1351
-96
1139
2262
3047
3510
3848
4219
4272
4033
3671
3188
2587
2120
1961
1862
1502
1013
735
528
328
-35
-535
-1237
-1962
-2739
-3539
-4190
-4924
-5637
-6279
-6507
-6558
-6288
-5884
-5362
-4663
-3812
-2773
-1659
-466
666
1805
2910
3962
4889
5539
5854
6189
6622
7319
8140
9076
9812
10578
11224
11608
12025
12171
12041
11777
11495
10986
10226
9235
8171
7073
5847
4726
3610
2525
1440
112
-1349
-2739
-4022
-5509
-6862
-8045
-9116
-9982
-10608
-11066
-11299
-11348
-11217
-10857
-10113
-9160
-8334
-7254
-6134
-5003
-3893
-2825
-1961
-1350
-708
-345
-37
214
214
285
298
397
569
809
918
1041
1143
1119
1340
1507
1523
1226
806
180
-552
-1046
-1737
-2735
-3734
-4581
-5225
-5748
-6110
-6253
-6128
-5885
-5327
-4615
-3901
-3131
-2621
-1981
-1327
-381
564
1368
2076
2561
3135
3729
4168
4633
5126
5661
6397
7353
8365
9411
10151
10681
10936
11112
11109
10806
10227
9524
8958
8419
8025
7606
7129
6449
5869
5292
4696
3966
3091
1975
817
-168
-1214
-2236
-3506
-4993
-6166
-7253
-7977
-8342
-8620
-8754
-8640
-8299
-7829
-7262
-6622
-6047
-5458
-4775
-4134
-3580
-3341
-3290
-3324
-3494
-3635
-3461
-3048
-2642
-2393
-2026
-1429
-782
-203
231
614
979
1237
1273
1282
1040
540
-293
-1208
-2003
-2696
-3323
-3910
-4481
-4743
-4763
-4688
-4443
-4143
-3919
-3444
-2841
-2374
-1750
-1303
-910
-689
-395
4
123
428
769
1110
1589
2242
3067
3867
4600
5337
6059
6744
7495
7999
8397
8592
8616
8569
8568
8581
8393
8041
7641
7534
7420
7443
7461
7374
7464
7349
7237
6955
6551
5786
4674
3327
1944
614
-877
-2327
-3827
-5045
-6057
-6812
-7461
-7904
-8261
-8433
-8423
-8265
-8010
-7918
-7890
-7793
-7693
-7686
-7596
-7615
-7523
-7315
-7024
-6853
-6429
-5798
-5095
-4298
-3334
-2396
-1389
-372
389
1120
1555
1921
1965
1736
1141
454
-284
-1049
-1682
-2335
-2814
-3122
-3225
-3142
-2842
-2540
-2154
-1785
-1349
-807
-389
-9
266
311
126
-16
-41
-269
-325
-444
-460
-61
401
1134
1821
2658
3491
4487
5687
6726
7730
8374
8809
9046
9147
9104
8975
8806
8602
8606
8697
8867
9001
9126
9257
9475
9678
9924
9950
9685
9282
8554
7698
6560
5067
3338
1452
-333
-2024
-3788
-5345
-6801
-8125
-9195
-9965
-10357
-10699
-10856
-11002
-10986
-10934
-10795
-10552
-10389
-10235
-9890
-9603
-9113
-8488
-7858
-7043
-6371
-5505
-4467
-3381
-2560
-1919
-1249
-733
-330
91
310
474
533
481
590
689
589
343
185
-213
-497
-614
-761
-934
-1050
-1303
-1375
-1575
-1898
-2034
-2354
-2591
-2696
-2697
-2518
-2212
-1915
-1536
-1206
-880
-521
11
663
1286
2034
2837
3693
4484
4965
5659
6331
7072
7931
8764
9625
10423
11137
11534
11748
11735
11592
11402
11160
10957
10666
10419
10084
9646
9271
8852
8255
7538
6677
5770
4618
3419
2046
440
-1325
-3088
-4826
-6716
-8533
-10096
-11400
-12440
-13255
-13544
-13524
-13397
-12969
-12419
-11726
-11048
-10335
-9747
-9142
-8605
-8233
-7930
-7625
-7353
-7084
-6636
-6203
-5496
-4791
-3958
-3049
-1972
-756
115
906
1631
2224
2795
3306
3459
3437
3116
2541
1866
1038
290
-505
-1290
-2024
-2479
-2742
-2919
-2914
-2658
-2289
-1988
-1657
-1311
-944
-550
-387
-386
-235
-159
-80
205
540
1121
1808
2746
3753
4873
6023
7111
8236
9184
10139
10944
11396
11642
11921
11938
11715
11314
11001
10651
10394
10053
9684
9368
9008
8735
8481
8502
8403
7921
7384
6730
5772
4586
3296
1935
257
-1404
-3131
-4807
-6328
-7736
-9205
-10698
-11840
-12650
-13240
-13551
-13658
-13621
-13501
-13225
-12859
-12466
-12052
-11740
-11227
-10694
-10031
-9296
-8595
-7852
-7163
-6412
-5600
-4551
-3576
-2556
-1608
-784
178
974
1709
2171
2699
3177
3499
3720
3617
3453
2994
2359
1795
1071
453
-286
-1132
-1914
-2559
-3001
-3305
-3331
-3225
-2884
-2386
-1755
-1048
-430
-16
358
822
1243
1637
1988
2235
2511
2760
3265
3780
4365
5037
5878
6945
8098
9114
10074
10866
11560
12115
12426
12680
12524
12302
11753
10988
10180
9370
8690
7952
7477
7023
6726
6673
6740
6663
6331
5764
5067
4214
3067
1682
58
-1624
-3388
-5354
-7195
-8967
-10500
-11738
-12966
-13891
-14388
-14498
-14234
-13923
-13354
-12704
-12148
-11488
-10938
-10392
-10040
-9764
-9491
-9139
-8714
-8322
-7834
-7158
-6439
-5271
-4046
-2702
-1237
-33
1167
2304
3343
4166
4881
5232
5345
5126
4798
4364
3780
3102
2373
1658
984
427
-14
-436
-973
-1203
-1254
-1307
-1340
-1210
-1223
-1256
-1091
-1059
-876
-749
-582
-475
-229
66
497
1113
1799
2773
3828
5004
6290
7538
8651
9795
10750
11477
12160
12725
13005
13248
13280
13257
12945
12224
11240
10111
9060
7877
6512
5316
4431
3585
3181
2894
2585
2417
2009
1506
1074
457
-364
-1343
-2297
-3329
-4304
-5087
-5774
-6660
-7610
-8527
-9405
-10125
-10722
-11242
-11703
-11873
-11831
-11643
-11250
-10983
-10650
-10219
-9930
-9463
-8946
-8407
-8053
-7742
-7399
-6976
-6341
-5666
-4963
-4088
-3150
-2260
-1314
-393
448
1146
1708
2137
2487
2721
2947
3037
2947
2829
2608
2315
1927
1565
1212
867
734
771
581
407
175
-85
-200
-192
-190
-261
-162
32
344
670
1105
1621
2106
2956
3965
4991
5916
6803
7496
7992
8679
9107
9426
9475
9380
9365
9009
8635
8225
7699
7290
6755
6221
5600
5132
4549
4003
3424
2806
2208
1606
875
62
-594
-1298
-2135
-2810
-3320
-3719
-3844
-3776
-3639
-3453
-3171
-3037
-2730
-2465
-2283
-2087
-2048
-2124
-2260
-2649
-3206
-3890
-4653
-5437
-6171
-6785
-7423
-7833
-8199
-8544
-8899
-8961
-9000
-9040
-8935
-8779
-8678
-8635
-8379
-8070
-7598
-7191
-6752
-6119
-5393
-4665
-4015
-3277
-2514
-1733
-814
235
1221
2160
3102
4067
4852
5468
6059
6336
6563
6685
6865
6827
6859
6826
6731
6604
6325
6019
5644
5345
5046
4748
4315
3936
3567
3220
2887
2563
2393
2232
2016
1978
2039
2080
1938
1878
1947
2122
2199
2222
2249
2136
2191
2112
2083
2202
2187
2184
2280
2498
2648
2606
2487
2346
2280
1945
1505
934
342
-456
-1313
-2110
-2753
-3299
-3583
-3751
-3836
-3513
-3242
-2811
-2376
-1894
-1484
-927
-556
-312
29
205
115
-10
-304
-768
-1267
-2047
-2802
-3536
-4139
-4629
-4988
-5507
-5955
-6417
-6811
-6827
-6843
-6688
-6675
-6666
-6549
-6513
-6420
-6211
-6026
-5838
-5557
-5148
-4581
-3922
-3237
-2429
-1580
-645
488
1624
2966
4387
5500
6577
7433
8184
8912
9441
9589
9659
9418
9001
8584
7932
7339
6813
6355
5988
5650
5311
5010
4525
4075
3550
3000
2157
1472
649
-212
-1068
-2114
-3097
-4072
-4776
-5305
-5413
-5380
-5081
-4596
-3955
-3138
-2216
-1137
-82
1107
2165
3196
3825
4182
4167
3843
3292
2618
2100
1469
770
9
-635
-1320
-1720
-1954
-2056
-2115
-1894
-1601
-1560
-1510
-1415
-1369
-1342
-1409
-1595
-1764
-2058
-2274
-2482
-2646
-2592
-2343
-2014
-1519
-903
-305
274
878
1289
1829
2235
2561
2749
2742
2596
2247
1694
781
-111
-996
-2145
-3007
-3824
-4493
-5016
-5498
-5659
-5763
-5649
-5574
-5421
-5007
-4384
-3758
-3045
-2330
-1624
-1001
-468
52
527
1018
1311
1796
2348
2820
3408
3957
4538
5131
5658
6340
6843
7436
7780
7901
7872
7677
7419
6845
6158
5221
4117
2906
1711
390
-827
-1891
-2813
-3583
-4113
-4412
-4788
-4986
-5100
-5136
-5151
-5041
-4754
-4543
-4299
-4103
-3868
-3602
-3271
-2888
-2503
-2034
-1457
-925
-459
-38
333
703
1160
1597
2040
2320
2636
2783
2611
2506
1989
1411
800
249
-300
-795
-1209
-1717
-1974
-2253
-2428
-2503
-2498
-2333
-2138
-1911
-1520
-1045
-676
-339
156
539
1030
1341
1706
2058
2458
2879
3072
3309
3408
3504
3544
3396
3314
3086
2897
2637
2301
2098
1579
1062
459
-54
-664
-1253
-1794
-2398
-2856
-3270
-3446
-3724
-3779
-3720
-3568
-3281
-2882
-2307
-1526
-723
165
1069
1727
2294
2795
3203
3518
3748
3843
3897
3814
3924
3841
3728
3572
3375
3242
3013
2798
2646
2440
2158
1905
1439
982
423
-206
-921
-1617
-2332
-2974
-3435
-3919
-4214
-4471
-4698
-4808
-4793
-4538
-4090
-3570
-2987
-2340
-1817
-1399
-966
-631
-410
-371
-349
-531
-724
-884
-1245
-1683
-1989
-2226
-2396
-2369
-2465
-2554
-2611
-2578
-2609
-2582
-2459
-2470
-2580
-2735
-2948
-3196
-3416
-3575
-3695
-3621
-3335
-2915
-2317
-1639
-856
66
913
1946
2979
3929
4831
5458
6016
6367
6479
6548
6489
6325
6329
6256
6277
6216
6099
6062
5956
5848
5982
5938
5711
5584
5226
4750
4145
3298
2279
1087
-145
-1390
-2691
-3689
-4654
-5387
-6072
-6493
-6630
-6621
-6249
-5832
-5399
-4947
-4314
-3661
-3093
-2565
-2059
-1698
-1290
-839
-478
-78
321
761
1294
1989
2645
3409
4073
4829
5565
6058
6499
6730
6672
6309
5780
4978
4027
2864
1699
345
-945
-2221
-3480
-4423
-5214
-5940
-6551
-6975
-7193
-7427
-7722
-7874
-8119
-8169
-8294
-8326
-8399
-8582
-8779
-8999
-8889
-8752
-8372
-7802
-6870
-5745
-4364
-2866
-1308
225
1714
3140
4427
5647
6640
7161
7551
7748
7904
7983
7942
7830
7637
7463
7161
6846
6542
6261
5848
5490
5010
4580
4155
3582
3011
2197
1512
834
189
-447
-1168
-1954
-2683
-3271
-3630
-3782
-3705
-3602
-3245
-2627
-2009
-1264
-420
360
1090
1860
2591
3408
4071
4619
4974
5022
5146
5251
5225
5153
5001
4838
4704
4337
3968
3493
2821
2194
1463
521
-387
-1264
-2264
-3219
-4083
-4803
-5644
-6259
-6930
-7613
-8017
-8398
-8609
-8740
-8765
-8687
-8520
-8267
-7848
-7339
-6808
-6108
-5407
-4717
-4040
-3341
-2604
-1853
-1230
-701
-97
488
1015
1468
1854
2432
3009
3542
4047
4499
4780
5008
5280
5372
5386
5110
4739
4166
3472
2720
1976
1329
647
12
-575
-1058
-1414
-1648
-1698
-1732
-1784
-1673
-1461
-1195
-789
-425
17
470
827
1146
1455
1650
1781
1744
1608
1620
1537
1563
1604
1695
1886
2011
2140
2365
2589
2941
3139
3287
3369
3368
3142
2726
2294
1730
1295
743
84
-388
-703
-1062
-1297
-1403
-1409
-1229
-941
-628
-496
-343
-248
-194
-173
-277
-373
-631
-904
-1148
-1511
-1918
-2288
-2679
-2883
-2996
-2974
-2893
-2646
-2345
-1996
-1597
-1139
-594
-72
446
698
834
765
464
-110
-704
-1214
-1713
-2135
-2441
-2625
-2620
-2471
-2362
-2145
-1755
-1210
-634
-129
361
734
1001
1070
1053
1086
952
994
935
903
906
862
927
987
1156
1427
1881
2380
2788
3266
3636
3951
4195
4307
4353
4267
4106
3796
3370
2957
2553
2036
1473
896
249
-135
-538
-945
-1105
-1392
-1664
-1983
-2273
-2591
-2874
-3199
-3608
-3774
-3869
-3855
-3767
-3488
-3181
-2873
-2565
-2222
-1851
-1509
-1149
-721
-334
-40
322
405
547
658
650
555
432
288
75
-124
-385
-611
-998
-1303
-1757
-2284
-2870
-3389
-3839
-4311
-4561
-4722
-4703
-4518
-4228
-3973
-3533
-3096
-2611
-1989
-1410
-712
-3
675
1208
1736
2183
2654
3010
3423
3890
4333
4648
4834
5084
5225
5456
5623
5797
5799
5698
5564
5375
5108
4679
4205
3715
3163
2618
2289
1809
1410
1081
834
671
717
868
1035
1262
1357
1357
1337
1271
1119
902
677
401
78
-159
-441
-617
-537
-472
-424
-230
-10
333
536
649
773
845
842
807
699
612
413
153
-151
-588
-1059
-1464
-1835
-2306
-2708
-3034
-3363
-3593
-3861
-4023
-4218
-4510
-4737
-4996
-5235
-5329
-5376
-5414
-5359
-5377
-5206
-5064
-4860
-4566
-4214
-3824
-3483
-3122
-2805
-2310
-1756
-1255
-732
-347
83
475
1008
1508
1956
2537
3074
3660
4142
4594
4921
5003
4927
4523
4026
3478
2752
2251
1750
1208
845
535
270
-49
-128
-167
-221
-193
-93
-55
-204
-434
-782
-1036
-1220
-1421
-1494
-1420
-1221
-1054
-648
-89
463
1252
2014
2883
3826
4727
5433
5965
6296
6521
6585
6421
6196
5779
5312
4757
4192
3613
3051
2660
2282
1988
1813
1650
1447
1255
893
356
-184
-943
-1795
-2730
-3609
-4474
-5365
-6172
-6720
-6958
-6962
-6814
-6482
-5942
-5349
-4708
-4043
-3488
-2960
-2368
-2024
-1689
-1416
-1383
-1399
-1551
-1721
-1806
-1877
-1910
-1798
-1619
-1338
-1032
-735
-225
200
555
1020
1366
1531
1672
1827
1793
1683
1576
1279
1073
775
573
484
388
430
487
689
932
1300
1559
1967
2327
2600
2816
2924
2967
2988
2997
3010
2956
2871
2747
2443
2377
2203
2060
1787
1445
1133
823
621
372
264
5
-51
-16
13
70
287
353
334
321
191
43
-183
-412
-802
-1026
-1384
-1749
-2175
-2575
-2915
-3222
-3412
-3705
-3901
-4046
-4069
-3984
-3981
-3872
-3839
-3818
-3703
-3542
-3445
-3439
-3352
-3427
-3528
-3431
-3473
-3303
-2963
-2531
-1992
-1413
-800
-264
291
811
1366
1855
2203
2494
2708
2868
2821
2619
2428
2185
2142
1962
1729
1594
1404
1268
1178
1124
1212
1259
1326
1444
1521
1677
1544
1568
1437
1313
1334
1410
1699
1993
2408
2765
2934
3079
3418
3749
4212
4692
5061
5347
5600
5698
5596
5490
5377
5148
4877
4452
3963
3440
2913
2334
1739
1084
474
-104
-660
-1040
-1477
-1864
-2183
-2534
-2702
-2919
-3061
-3095
-3051
-3019
-2799
-2655
-2618
-2584
-2676
-2713
-2830
-2998
-3141
-3303
-3539
-3703
-3898
-4146
-4194
-4167
-4074
-3950
-3707
-3558
-3365
-3191
-3050
-3012
-3023
-3185
-3517
-3863
-4365
-4719
-5085
-5254
-5378
-5433
-5240
-4894
-4447
-4040
-3519
-2948
-2413
-1772
-1028
-412
88
523
941
1422
1953
2347
2905
3433
3820
4250
4531
4853
5030
5175
5273
5282
5261
5138
5017
4962
4808
4590
4245
3851
3442
3054
2704
2367
2066
1849
1689
1422
1177
1096
1029
906
838
644
394
250
94
-101
-289
-362
-433
-404
-233
-136
6
213
488
663
793
1065
1189
1351
1400
1361
1278
1182
1022
830
607
423
175
-149
-313
-673
-946
-1336
-1660
-1928
-2149
-2421
-2640
-2796
-3068
-3327
-3499
-3744
-3995
-4109
-4130
-4062
-3993
-3784
-3535
-3109
-2817
-2661
-2267
-1930
-1619
-1321
-1003
-682
-365
-109
156
461
735
967
1098
1331
1479
1642
1860
1996
2249
2484
2750
2946
3066
3259
3190
2991
2850
2714
2362
2108
1902
1569
1419
1245
1154
1066
1001
900
817
904
907
920
932
893
817
707
526
149
-161
-491
-747
-1104
-1476
-1631
-1917
-1963
-1969
-1821
-1597
-1356
-1056
-902
-722
-517
-519
-554
-578
-614
-674
-757
-792
-955
-1041
-1204
-1360
-1359
-1325
-1284
-1126
-978
-940
-944
-949
-970
-1109
-1290
-1488
-1689
-2014
-2204
-2576
-2976
-3239
-3496
-3666
-3785
-3788
-3687
-3773
-3700
-3598
-3536
-3332
-3048
-2798
-2425
-2067
-1723
-1378
-1018
-592
-195
301
784
1272
1671
2129
2413
2764
3156
3452
3878
4292
4629
4916
5233
5360
5470
5481
5508
5577
5544
5483
5483
5284
5009
4548
4082
3629
3188
2822
2458
2072
1719
1533
1131
864
591
385
196
166
309
392
443
377
337
211
245
372
457
428
400
431
391
399
325
225
107
-95
-144
-285
-394
-567
-875
-1067
-1345
-1601
-1903
-2250
-2564
-2972
-3294
-3458
-3708
-3924
-4163
-4375
-4509
-4705
-4807
-5012
-5073
-5065
-4929
-4684
-4273
-3888
-3534
-3167
-2723
-2202
-1870
-1604
-1490
-1373
-1366
-1249
-1119
-922
-802
-813
-689
-637
-611
-501
-427
-418
-178
64
477
786
1066
1366
1653
1965
2186
2428
2668
2765
2731
2725
2476
2322
2200
2074
2153
2104
2285
2350
2404
2399
2366
2439
2393
2497
2490
2391
2287
2107
1982
1874
1666
1593
1532
1499
1444
1342
1206
1016
827
889
895
773
756
672
490
227
-99
-297
-470
-642
-830
-862
-956
-945
-1101
-1164
-1211
-1309
-1199
-1154
-1301
-1345
-1406
-1460
-1400
-1419
-1301
-1323
-1299
-1292
-1404
-1396
-1408
-1487
-1497
-1404
-1345
-1181
-871
-618
-241
-40
180
199
222
269
258
225
120
192
52
-35
-128
-155
-193
-273
-79
118
274
536
715
907
1036
1033
1117
1129
1087
971
911
622
288
157
57
-65
-132
-132
-75
61
165
325
521
665
898
1006
1098
1320
1414
1393
1358
1132
801
536
304
145
1
-34
-93
-52
-37
-126
-97
-164
-132
-197
-290
-285
-294
-505
-641
-819
-1143
-1338
-1458
-1630
-1720
-1729
-1800
-1771
-1726
-1648
-1583
-1532
-1450
-1240
-1044
-796
-570
-327
-67
164
358
566
847
960
1064
1040
793
664
468
243
25
-161
-259
-435
-462
-539
-694
-547
-236
-77
-68
-111
-49
-78
-106
-124
-238
-384
-266
-65
-9
97
279
346
389
530
655
949
1165
1377
1527
1726
1885
1915
2014
2017
2008
2067
2131
2244
2303
2338
2257
2087
1986
1829
1659
1522
1342
1017
750
456
109
-316
-664
-1118
-1530
-1823
-2106
-2254
-2319
-2306
-2253
-2109
-2033
-1729
-1523
-1424
-1282
-1113
-1046
-946
-785
-575
-271
-94
117
350
586
651
755
770
823
799
737
622
507
385
338
297
268
284
217
300
371
394
303
302
292
21
-212
-441
-644
-875
-1175
-1350
-1517
-1632
-1786
-1832
-1936
-1943
-1899
-1897
-1762
-1637
-1450
-1366
-1273
-1074
-872
-542
-215
121
349
653
833
874
847
676
568
473
372
359
291
206
259
227
221
181
124
120
-1
-29
-51
-203
-199
-236
-289
-204
-287
-354
-403
-600
-592
-629
-694
-714
-593
-485
-381
-265
-89
184
300
514
924
1274
1615
1849
2147
2201
2180
2229
2113
2156
2041
1892
1747
1611
1464
1258
972
630
372
183
-4
-72
-89
-184
-199
-196
-169
-193
-162
-125
-143
-79
-189
-224
-321
-526
-804
-1020
-1158
-1256
-1408
-1464
-1301
-1199
-1107
-959
-882
-825
-696
-671
-511
-304
-262
-229
-302
-434
-569
-791
-926
-1048
-1109
-1070
-1072
-1038
-895
-880
-870
-784
-629
-369
-98
166
382
668
852
1060
1164
1232
1245
1198
1071
1033
851
731
672
588
611
517
402
220
100
-11
-266
-351
-395
-469
-438
-407
-358
-317
-340
-416
-266
-160
-72
-75
25
153
251
464
636
903
1081
1167
1312
1283
1354
1443
1516
1603
1724
1937
1902
1933
1995
1861
1672
1525
1309
1070
907
704
469
-27
-475
-908
-1240
-1575
-1760
-1856
-1932
-2019
-2062
-2029
-2117
-2189
-2223
-2162
-2153
-1978
-1920
-1925
-1726
-1617
-1654
-1683
-1680
-1567
-1389
-1295
-1117
-919
-737
-618
-427
-369
-221
-68
70
213
313
370
359
337
265
226
299
478
514
570
693
735
738
690
707
681
689
666
727
741
782
828
874
923
1069
1069
1172
1204
1210
1366
1383
1560
1654
1702
1713
1757
1673
1571
1519
1540
1448
1381
1348
1081
1076
953
771
703
498
470
452
456
464
557
636
707
936
1024
1071
1153
1007
706
489
296
173
-36
-222
-527
-863
-1180
-1415
-1639
-1944
-2082
-2069
-2175
-2183
-2204
-2283
-2340
-2492
-2565
-2530
-2459
-2341
-2241
-2197
-2212
-2254
-2193
-2151
-2075
-1987
-1996
-1805
-1616
-1430
-1287
-1098
-815
-587
-337
-45
37
134
221
321
339
465
579
700
737
738
733
579
539
606
753
774
834
712
646
605
607
781
738
870
1129
1396
1709
1831
1859
1734
1627
1563
1406
1414
1426
1375
1340
1216
1244
1126
999
927
899
870
814
817
909
843
773
719
599
445
374
408
288
405
359
515
538
631
689
729
871
815
840
760
694
513
381
162
-155
-254
-364
-358
-356
-360
-366
-459
-454
-560
-565
-627
-643
-790
-963
-1152
-1342
-1722
-2059
-2352
-2664
-2815
-2954
-2967
-3061
-3040
-3044
-2906
-2724
-2497
-2123
-1742
-1374
-1016
-743
-500
-196
-6
232
518
894
1165
1352
1571
1637
1751
1851
1922
1996
2011
2217
2510
2670
2855
2901
2901
2825
2735
2708
2455
2307
2128
1794
1526
1232
912
494
72
-173
-339
-431
-481
-670
-704
-780
-885
-780
-623
-470
-451
-343
-172
-109
-140
-79
-152
-211
-250
-350
-307
-297
-425
-352
-267
-225
-96
-82
-139
-191
-318
-414
-389
-547
-714
-825
-880
-1056
-1249
-1404
-1641
-1741
-1928
-1887
-1840
-1773
-1795
-1882
-1886
-1906
-1872
-1920
-1843
-1755
-1576
-1527
-1390
-1263
-1269
-1141
-1036
-836
-610
-241
-66
165
468
766
1134
1355
1630
1695
1788
1899
1896
1914
1922
1880
1741
1675
1618
1537
1342
1278
1055
807
748
641
558
587
665
799
950
1103
1291
1533
1679
1748
1678
1628
1507
1264
1172
963
858
875
1018
1075
1161
1280
1331
1418
1615
1778
1857
1937
1875
1734
1570
1441
1188
875
547
247
-5
-329
-635
-888
-1121
-1179
-1254
-1392
-1397
-1514
-1633
-1725
-1662
-1668
-1754
-1753
-1879
-2078
-2241
-2526
-2801
-2980
-3066
-3165
-3068
-2879
-2587
-2331
-2154
-1770
-1544
-1312
-921
-623
-276
22
233
330
333
405
470
537
585
632
679
726
796
868
1055
1144
1177
1153
1164
1103
1017
945
846
847
733
749
780
787
679
648
475
205
144
-74
-200
-260
-352
-429
-512
-498
-537
-652
-694
-646
-520
-517
-339
-144
-137
14
70
69
221
305
398
596
710
732
810
839
817
818
778
676
663
519
586
509
441
560
520
529
485
421
383
282
215
155
-57
-231
-412
-412
-448
-605
-739
-835
-860
-845
-803
-679
-533
-483
-464
-518
-403
-446
-473
-450
-357
-378
-262
-79
29
65
156
307
365
543
550
678
797
830
809
716
682
542
373
209
113
47
-3
-105
-141
-230
-263
-207
-108
80
329
713
792
832
787
679
636
480
328
281
240
176
221
178
230
200
119
164
121
166
152
172
144
114
136
81
-11
-145
-260
-424
-436
-646
-875
-964
-1048
-1107
-1010
-871
-782
-695
-660
-617
-592
-558
-482
-429
-208
-90
79
156
132
153
83
106
163
162
153
62
55
-70
-263
-364
-563
-559
-754
-801
-816
-837
-753
-772
-663
-654
-389
-200
-21
148
287
324
426
417
401
380
336
161
13
-56
-81
-63
-63
17
128
235
324
512
578
676
614
631
545
422
349
250
120
55
-76
-287
-524
-680
-773
-781
-825
-901
-868
-889
-858
-687
-526
-364
-97
85
366
525
702
900
989
1177
1312
1357
1433
1496
1559
1764
1749
1810
1850
1692
1694
1514
1394
1331
1246
1286
1164
994
682
447
298
168
-54
-150
-220
-305
-394
-533
-553
-612
-679
-641
-593
-625
-621
-604
-671
-697
-751
-754
-635
-606
-565
-557
-526
-578
-570
-544
-556
-540
-522
-466
-258
-171
-99
-16
16
5
10
69
60
44
45
-45
-149
-349
-563
-720
-761
-724
-798
-965
-1127
-1290
-1402
-1516
-1539
-1549
-1440
-1240
-1126
-1051
-958
-869
-711
-717
-625
-590
-663
-537
-544
-585
-705
-701
-713
-654
-472
-260
-145
9
164
323
376
483
632
626
655
785
740
672
594
488
370
316
281
215
136
267
329
375
426
386
525
617
746
760
692
602
490
413
381
353
236
135
52
22
-11
-92
-114
-85
40
52
336
547
690
909
898
1018
1008
969
968
963
1003
996
830
798
742
690
708
544
593
516
477
523
553
463
358
297
54
-197
-373
-458
-619
-842
-903
-959
-1111
-1212
-1348
-1335
-1443
-1512
-1578
-1536
-1644
-1665
-1536
-1553
-1467
-1206
-1031
-739
-362
-136
5
108
302
390
568
711
786
846
896
909
873
890
968
1115
1158
1173
1159
1041
968
851
672
591
541
533
534
449
200
-70
-408
-662
-779
-865
-814
-751
-752
-720
-800
-882
-1000
-963
-876
-687
-367
-142
94
379
479
557
657
736
822
1006
1010
1127
1115
1114
1172
1040
1089
1062
1071
979
892
773
635
518
296
155
-178
-434
-775
-1133
-1303
-1544
-1718
-1856
-1924
-1948
-1823
-1804
-1742
-1652
-1485
-1321
-1156
-1058
-878
-682
-563
-362
-324
-264
-331
-249
-207
-93
70
240
504
786
1055
1292
1418
1392
1554
1612
1610
1600
1614
1477
1241
1003
782
575
380
226
48
-40
-54
-59
-156
-191
-297
-280
-323
-361
-278
-312
-261
-127
-61
56
149
297
313
307
384
309
398
331
468
546
563
680
609
590
437
491
475
419
396
372
492
666
610
588
634
488
315
146
-60
-310
-476
-519
-632
-889
-999
-1175
-1268
-1367
-1399
-1212
-1081
-1026
-958
-1058
-1140
-1239
-1281
-1344
-1521
-1575
-1646
-1671
-1662
-1625
-1601
-1331
-1266
-1053
-844
-545
-229
-104
42
29
120
286
417
397
519
515
611
510
457
452
278
319
247
146
108
104
75
165
316
311
310
455
529
550
549
580
605
540
477
436
396
423
516
535
587
606
621
730
875
1067
1130
1281
1358
1431
1449
1543
1416
1290
1259
1183
1247
1184
1063
1073
989
852
736
615
527
422
259
273
146
-105
-291
-542
-828
-1224
-1381
-1658
-1824
-1882
-1982
-1987
-2047
-2097
-2119
-2121
-2001
-1771
-1495
-1247
-1069
-761
-666
-582
-607
-630
-628
-643
-571
-442
-334
-262
-146
-15
194
388
554
720
798
861
953
920
751
695
504
334
213
-49
-175
-339
-370
-399
-279
-143
-110
-52
-57
-45
-14
21
85
165
261
359
329
375
293
242
112
46
191
226
367
440
423
517
595
605
704
780
828
887
1013
1142
1103
1060
980
855
855
780
630
586
444
372
318
200
182
181
169
138
8
-182
-244
-374
-400
-466
-432
-447
-481
-486
-440
-462
-565
-764
-834
-1038
-1104
-1109
-1073
-937
-1017
-919
-801
-773
-659
-563
-555
-560
-503
-387
-313
-233
-204
-171
-85
86
272
467
604
721
862
1040
1034
1034
1100
1118
1099
1243
1277
1235
1180
1162
1121
1125
1082
953
924
916
931
873
685
568
539
428
385
407
367
206
13
6
-82
-105
-154
-241
-196
-261
-235
-241
-226
-110
-47
56
216
293
352
450
427
272
162
3
-37
-168
-124
-28
106
195
141
140
126
165
181
56
91
79
-80
-174
-236
-231
-319
-302
-250
-212
-105
-61
-214
-373
-440
-585
-614
-599
-564
-491
-464
-507
-561
-517
-723
-712
-618
-708
-655
-673
-571
-497
-473
-485
-529
-462
-441
-395
-316
-237
-151
-7
10
9
146
135
-3
-27
-72
-156
-314
-246
-350
-402
-463
-514
-395
-409
-299
-262
-232
-35
34
95
203
227
308
386
474
410
391
348
240
195
142
107
-27
-38
52
68
130
141
276
273
245
129
42
-9
-202
-319
-348
-284
-348
-316
-383
-501
-588
-706
-813
-757
-831
-857
-716
-593
-484
-337
-180
-170
-81
69
200
289
445
593
593
476
424
270
230
256
247
239
252
172
14
-105
-171
-129
-64
-7
15
75
71
67
117
98
-27
-49
-52
-84
-109
-81
-132
-151
-138
-21
147
275
428
432
395
319
352
369
345
330
321
418
623
767
752
738
612
502
489
445
475
558
621
585
449
396
360
124
-125
-260
-353
-345
-310
-264
-213
-220
-212
-173
-203
-207
-121
-206
-159
-241
-365
-441
-452
-574
-666
-635
-696
-685
-601
-623
-517
-505
-497
-424
-418
-459
-553
-425
-425
-464
-470
-441
-400
-417
-404
-380
-356
-331
-272
-215
-126
-70
79
82
-4
-41
-49
-87
-61
-101
-108
-14
74
50
49
74
4
-13
-19
49
39
150
85
84
-41
-54
-106
-137
-141
-151
-273
-378
-237
-163
-132
-229
-133
-118
62
218
419
557
606
733
710
