3.02666 1.97679 1.50953 0.0934229 0.533662 -0.519552 0.683372 -0.0422315 0.547246 -0.234832 0.298658 0.0215847 
3.33073 1.8725 1.68969 -0.295802 0.616332 -0.497214 0.929928 -0.586375 0.599865 -0.180139 0.214313 0.0710821 
3.21894 1.94564 1.42893 -0.35796 0.468417 -0.505139 1.00162 -0.15091 0.5533 -0.193834 0.163047 0.040805 
3.03842 2.12398 1.75251 0.799162 0.745304 1.17711 0.735957 0.40011 0.371981 0.0302219 0.0433751 0.00305057 
3.3833 2.35497 1.95755 1.1057 1.5442 1.5466 1.13811 0.435435 0.288824 0.0542573 0.171439 0.0372964 
4.14345 2.97559 2.55714 0.924431 3.00823 1.73998 1.59391 0.294517 -0.134181 0.0126039 -0.0670745 0.00308073 
3.15864 2.50775 1.83033 1.48007 1.87015 1.69401 1.24631 0.398073 -0.0730435 -0.158967 -0.00286004 -0.0195401 
3.05057 2.32209 1.69205 1.26151 1.66316 1.79302 1.44312 0.580148 -0.166345 -0.150635 -0.00623702 -0.0200279 
4.33852 2.84792 1.78881 1.04086 3.31103 2.93431 1.84072 0.669641 -0.594377 -0.386436 -0.0156866 0.0307615 
3.45493 2.30326 1.63981 1.61398 2.4373 2.32437 1.77263 0.613369 -0.475395 -0.389386 0.0285824 0.0135143 
3.39987 2.57771 1.65742 1.22684 1.81462 2.0959 1.67431 0.607865 -0.232295 -0.25448 -0.0714488 -0.0213313 
3.24361 2.39333 1.56198 1.28909 1.88789 2.15824 1.74894 0.513116 -0.48443 -0.433518 -0.00259743 -0.0185848 
4.26679 2.61483 1.44727 1.65724 3.23309 2.86535 2.20208 0.675335 -0.600582 -0.466241 -0.0480312 0.0454992 
3.10794 2.25585 1.68465 1.69441 2.23698 2.09275 1.25972 0.221417 -0.207936 -0.201393 0.00734497 -0.0231087 
3.22926 2.35813 1.45253 1.38099 1.7701 2.24663 1.68866 0.432814 -0.412863 -0.403162 -0.0400032 -0.0229663 
3.14961 2.18527 1.53486 1.5989 2.41753 2.32758 1.54695 0.336733 -0.397775 -0.288848 -0.0442808 -0.0105604 
4.84131 2.56616 0.986204 1.24628 2.96799 3.69776 2.47852 -0.00696545 -0.796452 -0.3114 -0.0410312 0.0677224 
2.98833 1.94068 1.22313 1.3148 2.04002 2.3553 1.52206 0.0603669 -0.576957 -0.340204 0.0401343 -0.00847978 
3.64225 2.16262 0.903319 1.31789 2.63742 3.00749 1.91141 0.317345 -0.602845 -0.528366 -0.119436 0.0283343 
3.51316 1.95348 1.00968 1.33847 2.49557 2.86505 1.72329 0.313665 -0.654487 -0.511291 -0.0833773 0.0252739 
3.52916 2.06651 1.02645 1.51643 2.80376 2.92298 1.75227 0.295849 -0.565774 -0.528612 -0.107879 0.031847 
3.25041 1.88002 0.958951 1.31623 2.34076 2.35909 1.42655 0.241004 -0.431525 -0.382184 -0.116517 -0.009102 
6.08889 1.86583 -0.277239 1.04461 3.95535 3.23254 2.80154 0.230211 -0.777122 -0.361218 -0.101967 0.0421545 
4.21072 2.03946 0.529847 1.24585 2.96023 3.33785 1.89355 0.16546 -0.509064 -0.408792 -0.176662 0.0222268 
3.31956 1.80691 0.809301 1.34691 2.66776 2.91824 1.70523 0.234151 -0.524341 -0.479911 -0.170329 0.0292729 
3.63817 2.0398 0.694906 1.11673 2.67003 2.97553 1.73407 0.365094 -0.51479 -0.565909 -0.172595 0.0212279 
6.18118 1.72631 -0.967697 2.0403 4.48451 3.27527 2.32679 0.537811 -0.735893 -0.420384 -0.118383 0.0693592 
3.78709 2.15412 0.767076 1.19 2.56851 3.13437 2.02171 0.257782 -0.703026 -0.575202 -0.136956 0.0467423 
3.44606 1.92787 0.957208 1.56897 2.99244 3.23397 1.90209 0.204467 -0.572844 -0.513753 -0.152539 0.0604645 
3.85796 2.17639 0.704691 1.0835 2.55208 3.03646 1.89901 0.336006 -0.56239 -0.568921 -0.145759 0.0383877 
5.62768 2.05032 -0.296472 1.94969 4.12689 3.51978 1.95409 0.529886 -0.423502 -0.466143 -0.158433 0.04449 
3.85561 2.03839 0.726713 1.48162 2.98683 3.1785 1.93699 0.532695 -0.481183 -0.622745 -0.134231 0.0619065 
4.51932 2.06815 0.314195 1.45961 3.34644 3.20302 1.82921 0.420338 -0.396814 -0.593271 -0.128013 0.0524973 
4.37588 2.10676 0.414666 1.34578 3.16245 3.17937 1.85875 0.38396 -0.465429 -0.550788 -0.139948 0.0444018 
4.45095 1.89034 0.353794 1.86833 3.8033 3.23237 1.76583 0.461362 -0.289117 -0.524008 -0.177065 0.0408 
5.2353 1.96529 -0.0526504 1.85319 4.04335 3.6971 1.80445 0.326025 -0.500649 -0.305712 -0.0823721 0.0409412 
5.06655 2.07667 0.0803764 1.65973 3.82642 3.354 1.62408 0.254778 -0.486599 -0.487895 -0.108871 0.0379594 
3.94545 2.03291 0.720788 1.61981 3.31198 3.29394 1.64785 0.0812887 -0.602553 -0.499516 -0.0933477 0.0501533 
3.6423 1.87915 0.642072 1.36352 2.88751 3.06277 1.65023 0.0383254 -0.702094 -0.586568 -0.160615 0.0377804 
5.53917 1.61245 -0.699417 1.22511 3.84818 3.55292 1.69703 0.0940244 -0.927169 -0.440047 -0.169537 0.00847754 
5.46623 1.46544 -0.814252 0.792106 3.45659 3.40967 1.48135 0.196912 -0.948457 -0.491735 -0.16691 0.0087689 
3.62472 1.47311 -0.117821 0.401743 2.12033 2.64918 1.59974 0.142235 -0.713912 -0.696956 -0.187409 0.00641903 
3.52578 1.4036 -0.127519 0.40501 2.20194 2.90684 1.74373 0.156742 -0.703888 -0.61593 -0.176821 0.0155048 
4.47509 1.50788 -0.683101 0.299996 2.63844 3.23743 1.939 0.160148 -0.757256 -0.536377 -0.157392 0.0241985 
4.66315 1.63316 -0.717357 0.00235079 2.59465 3.4605 1.98194 0.072744 -0.763534 -0.505541 -0.141451 0.0249363 
3.80121 1.65051 -0.142213 0.253286 2.0598 2.93127 1.9316 0.140765 -0.781847 -0.552362 -0.143535 0.0256583 
5.78461 1.47987 -1.57603 0.139156 3.16487 3.14263 2.11526 0.541499 -0.988132 -0.511642 -0.181555 0.0349703 
4.9843 1.48876 -1.39009 -0.168093 2.37326 3.37073 2.34383 0.329729 -0.717264 -0.495878 -0.136244 0.0335252 
3.65312 1.33759 -0.480872 0.183145 2.19291 3.04639 2.18192 0.352208 -0.625118 -0.462917 -0.145275 0.0311224 
4.31776 1.73941 -0.524376 0.0040903 2.18273 3.27008 1.99628 0.241116 -0.734813 -0.520266 -0.179032 0.0260527 
6.575 1.25513 -1.19503 0.462379 3.54743 3.42075 2.64393 0.640072 -1.32727 -0.642915 -0.130864 0.0519925 
6.57709 1.45504 -1.21101 0.335475 3.14619 3.03269 1.85384 0.384548 -0.949331 -0.609457 -0.183859 0.0164777 
3.51518 1.57967 0.159035 0.6891 2.18915 2.65103 1.55292 0.010796 -0.833341 -0.673254 -0.241423 -0.000746526 
4.93378 2.0524 -0.446827 0.416109 2.54291 3.34022 2.18563 0.0232263 -1.04686 -0.58398 -0.293871 6.67274e-006 
4.22893 1.98336 0.175171 0.629816 2.33386 3.04022 2.03566 0.134326 -0.81464 -0.583744 -0.315135 0.00123834 
6.88927 1.32939 -0.634224 0.657472 3.36436 3.26452 1.99128 0.834119 -0.883026 -0.638772 -0.229386 -0.00793684 
4.54203 2.41596 0.134114 0.222864 2.01625 2.88702 1.9571 0.402281 -0.546546 -0.585056 -0.288261 -0.0114576 
5.34014 2.03032 -0.282185 0.755759 2.92112 3.42705 2.15096 0.500766 -0.57869 -0.445784 -0.245246 -0.00541467 
3.39204 1.68287 0.637956 1.14439 2.31691 2.74161 1.90501 0.533956 -0.432921 -0.532551 -0.265058 0.02395 
3.54906 1.83426 0.564263 0.940971 2.26781 2.86305 2.05124 0.408904 -0.534514 -0.509016 -0.208837 0.0334442 
4.75285 2.32556 0.0414465 0.329076 2.38409 3.33992 2.39086 0.376637 -0.678224 -0.444054 -0.198482 0.0391823 
6.08079 2.14356 -0.574376 0.214749 2.6993 4.11008 3.04005 0.521854 -0.956823 -0.470538 -0.147755 0.048425 
3.60178 1.83579 0.499177 0.917025 2.34517 3.03674 2.13486 0.485603 -0.514841 -0.497724 -0.182757 0.0582021 
3.61026 1.80585 0.413624 0.836938 2.42018 3.08221 2.02107 0.414737 -0.500278 -0.445279 -0.186003 0.0535289 
4.51239 2.26988 0.181126 0.436349 2.36269 3.60617 2.53252 0.241848 -0.757814 -0.334485 -0.200247 0.0582012 
4.35655 2.56017 0.526815 0.38224 2.12505 3.2942 2.29636 0.178473 -0.753879 -0.48375 -0.190832 0.0563168 
4.21429 2.39147 0.617246 0.824162 2.40457 3.22441 2.14737 0.290134 -0.749181 -0.575003 -0.16998 0.0557162 
4.46466 2.49275 0.666596 0.895002 2.61454 3.42163 2.39274 0.267146 -0.774857 -0.540126 -0.171498 0.0625259 
4.11556 2.33879 0.727686 0.958759 2.44091 3.12901 2.23498 0.399339 -0.688433 -0.59575 -0.195101 0.0477482 
3.79454 2.2627 0.786335 0.731599 1.94055 2.81566 2.06174 0.383396 -0.703094 -0.629807 -0.150601 0.0393465 
4.31166 2.55563 0.597681 0.522788 1.98119 2.95911 2.18232 0.35053 -0.717208 -0.576312 -0.209153 0.0324649 
4.42404 2.28277 0.621725 0.949524 2.71151 3.37071 2.14489 0.269652 -0.736096 -0.604539 -0.229593 0.0384324 
3.99361 2.17979 0.859152 1.25306 2.53663 3.04658 2.12513 0.334193 -0.742022 -0.68237 -0.218917 0.0395491 
4.20108 2.48768 0.803527 0.772346 2.07841 2.83985 2.04157 0.331651 -0.794274 -0.740155 -0.180003 0.0332187 
4.25856 2.43404 0.755621 0.723022 2.13717 3.0742 2.11362 0.287526 -0.79446 -0.730807 -0.208584 0.0367972 
4.78875 2.32686 0.377375 0.755822 2.47638 3.48171 2.30297 0.169418 -0.84537 -0.593977 -0.213824 0.0442126 
4.55765 2.31477 0.427122 0.645857 2.25935 3.17082 2.17876 0.250929 -0.846487 -0.633018 -0.181608 0.0524533 
5.50776 2.58177 0.342347 0.124135 2.13461 3.19925 2.29142 0.191346 -0.927974 -0.61362 -0.167395 0.0553294 
3.7582 2.03397 0.919418 1.12263 2.26001 2.85558 2.03304 0.316654 -0.769282 -0.697557 -0.117619 0.0540576 
4.74272 2.66174 0.606327 0.41331 1.89236 3.08081 2.274 0.296183 -0.800975 -0.527318 -0.162495 0.0511416 
4.14492 2.34754 0.923908 1.03107 2.1814 2.84419 2.11162 0.487968 -0.751689 -0.622456 -0.0772789 0.0571591 
4.89877 2.85459 0.669371 0.382589 2.01055 3.19727 2.48006 0.409674 -0.773283 -0.383103 -0.128867 0.0667713 
3.84411 2.21414 0.9541 1.2001 2.52311 3.09109 2.1013 0.452852 -0.539685 -0.490718 -0.0641281 0.0659918 
4.72294 2.97084 0.772858 0.463569 2.07858 3.15496 2.31227 0.43067 -0.666342 -0.434344 -0.0831789 0.0760109 
4.14309 2.2957 0.824444 1.17367 2.52605 3.08946 2.16026 0.453691 -0.542884 -0.482464 -0.0398115 0.0733602 
5.11589 3.02806 0.515819 0.352442 2.31758 3.54086 2.62666 0.462986 -0.736869 -0.384741 -0.124695 0.0807918 
4.47112 2.4863 0.653131 0.826115 2.54906 3.63775 2.45182 0.320625 -0.62032 -0.411333 -0.11114 0.07835 
4.55237 2.60419 0.575039 0.694832 2.8536 3.40632 2.35753 0.485592 -0.745353 -0.44204 -0.10683 0.0793586 
4.26583 2.35081 0.487046 0.712616 2.58177 3.52956 2.17927 0.332289 -0.729397 -0.37607 -0.131941 0.0710843 
3.81375 2.26216 0.741296 1.10735 2.44023 3.14517 2.08205 0.195179 -0.784753 -0.484566 -0.0811404 0.0754768 
4.1196 2.45541 0.623429 0.70565 2.33029 3.32409 2.21815 0.0837255 -0.808166 -0.370705 -0.125348 0.0755194 
4.18209 2.36326 0.710013 1.01335 2.66376 3.44769 2.08503 -0.059213 -0.85064 -0.314283 -0.0552155 0.0857733 
3.97979 2.39964 0.822531 1.06056 2.56244 3.27555 1.96546 -0.102184 -0.881357 -0.312165 -0.0325405 0.0863574 
3.61607 2.24485 0.90163 1.19363 2.38412 2.89837 1.69421 -0.0323398 -0.791121 -0.364067 -0.00199181 0.0744573 
3.94437 2.52424 0.781773 0.970893 2.16172 2.95209 1.90997 0.0106868 -0.750417 -0.332083 -0.0411333 0.0746863 
4.49726 2.40053 0.48517 0.775325 2.63071 3.52439 2.2582 0.11983 -0.706133 -0.188003 -0.153557 0.0567944 
6.84592 2.5121 -0.0353998 0.118535 2.10449 3.75326 3.40205 0.750639 -0.562063 -0.346584 -0.18087 -0.0166159 
5.26075 3.14805 0.903291 0.402128 2.0351 3.10437 2.75117 0.943194 -0.178011 -0.152968 -0.412746 -0.0720427 
4.62231 3.16885 1.35302 0.919572 1.67907 2.50404 2.46438 1.14694 0.0497567 -0.287549 -0.436305 -0.0815466 
6.83054 3.53179 0.486339 -0.107792 2.12913 2.99655 3.0414 0.700539 0.227241 -0.345826 -0.292004 -0.0723555 
5.66033 3.53759 0.932836 0.507605 1.87397 2.66429 2.74598 1.02961 0.110344 -0.218927 -0.388771 -0.0977526 
4.07121 2.99708 1.68014 0.999191 1.51302 2.09885 1.97079 1.06404 0.181853 -0.280094 -0.471181 -0.091944 
3.68558 2.81281 1.83006 1.24229 1.3658 1.81987 1.7843 1.17233 0.276644 -0.352126 -0.458013 -0.0811529 
3.39774 2.50388 1.72958 1.56262 1.90847 1.94811 1.47761 0.708457 0.0911315 -0.193382 -0.287586 -0.0207112 
3.6265 2.76101 1.88823 1.63172 2.01388 2.35359 1.67344 0.681062 -0.0541364 -0.191688 -0.125184 0.00448935 
3.63981 2.84513 1.9103 1.43985 1.78645 2.08955 1.72071 0.810701 0.166721 -0.0529063 -0.0996724 0.00376048 
3.45565 2.67778 1.90518 1.72351 2.07014 2.22743 1.67686 0.756204 0.146723 -0.115085 -0.0852029 0.0142857 
3.1934 2.46374 1.98469 1.88064 2.04979 1.95471 1.51521 0.816753 0.260708 -0.0653073 -0.124513 0.0140367 
3.54416 2.77707 1.8748 1.5821 1.77825 2.05929 1.86037 1.14364 0.331471 -0.091982 -0.1601 -0.00360719 
3.87875 2.93578 1.79553 1.36831 1.70596 2.28408 2.19528 1.35118 0.449689 -0.0683201 -0.205074 -0.0179116 
4.74826 3.38624 1.42314 0.787515 2.00121 2.94114 2.66968 1.43697 0.373417 0.071935 -0.262219 -0.029909 
4.91004 3.4515 1.23661 0.555461 1.92413 3.23479 2.75694 1.28665 0.474467 0.0299452 -0.271572 -0.0323985 
4.01404 2.82039 1.60006 1.172 1.96879 2.66885 2.22335 1.12209 0.397203 -0.0745675 -0.229633 -0.00873253 
3.73072 2.98365 2.00003 1.31662 1.48354 2.09949 2.07737 1.16397 0.191614 -0.128252 -0.137796 -0.0121539 
3.64881 2.93604 2.00991 1.50523 1.92858 2.31314 2.03923 1.05618 0.0900015 -0.210371 -0.139561 0.00124984 
3.81216 2.9316 1.92376 1.57339 1.72736 2.09557 1.69894 0.941389 0.107243 -0.221653 -0.0543388 0.00396483 
3.55458 2.61563 1.66707 1.38501 1.80172 2.04005 1.53941 0.614182 -0.0187702 -0.189873 -0.012175 0.0202357 
3.43668 2.66037 1.76483 1.12125 1.18918 1.53634 1.36716 0.661315 -0.0133232 -0.14766 -0.0125243 0.00375403 
3.44682 2.60022 1.75744 1.24547 1.76682 2.11782 1.68029 0.588683 -0.0933965 -0.248468 -0.0564908 0.0176702 
3.736 2.51365 1.70015 1.72515 2.21494 2.51283 1.70037 0.455525 -0.0971819 -0.163086 0.0393404 0.0422856 
3.88648 3.00524 1.88169 1.15951 1.9517 2.56073 1.95656 0.820153 0.130214 -0.201616 -0.163891 -0.0012875 
3.98319 2.82282 1.69456 1.47387 2.04235 2.42332 2.00334 0.614965 0.00317513 -0.109982 -0.190279 -0.00677324 
4.73292 3.22809 1.54179 0.653338 2.07841 2.57273 1.89477 0.759566 0.350716 0.0277935 -0.220102 -0.042832 
5.20847 2.93392 0.95609 0.737156 2.1539 1.80571 1.94997 0.956703 0.90532 0.519553 -0.227856 -0.124489 
4.46731 2.96607 1.01129 0.830405 1.50476 1.89189 1.8864 1.17809 0.938749 0.560726 -0.215371 -0.0772051 
4.23689 2.58219 1.03569 0.619785 1.39592 2.0274 1.78075 1.21125 0.988744 0.625162 -0.0734252 -0.0342782 
4.22986 2.48168 0.815853 0.353276 1.35557 2.29549 2.09976 1.28069 0.787398 0.466063 -0.00869781 -0.0033198 
3.92494 2.27758 0.985469 0.682241 1.83193 2.67989 2.8047 1.26088 0.181838 0.0978093 0.201267 0.107238 
3.52107 2.3743 1.04361 1.10654 1.8947 2.69053 2.3803 1.15602 0.149471 -0.074047 0.234207 0.0985007 
3.44148 2.01694 0.901815 0.967166 2.0377 2.61316 2.35555 1.15686 0.223857 0.0919381 0.192145 0.089574 
3.77027 2.34554 0.811842 0.364578 1.59401 2.52006 2.56344 1.52471 0.184659 0.105392 0.206272 0.0852474 
3.99604 2.27892 0.528598 -0.0726244 1.76686 2.8278 2.63251 1.41049 0.332143 0.219301 0.271038 0.110356 
3.72761 2.17293 0.509839 0.0314687 1.29663 2.90705 2.87999 1.4546 0.324264 0.190302 0.307652 0.105016 
3.34308 1.96177 0.861555 0.710099 1.89467 2.85767 2.4029 1.06557 0.433164 0.116774 0.336636 0.103708 
3.67132 2.43161 0.762365 0.616527 1.61369 2.39835 2.54287 1.36447 0.245691 0.0628443 0.402312 0.118948 
3.55279 2.03624 1.08149 0.528662 1.76946 2.65532 2.42827 1.11079 0.409841 0.0857425 0.361293 0.109709 
3.95553 2.49298 1.27007 0.198466 1.14983 1.85253 2.84816 1.27906 0.213143 0.24556 0.359551 0.109488 
3.61082 2.29937 1.06739 0.587904 1.60647 2.12238 2.53477 1.24571 0.359827 -0.0863463 0.285526 0.0849797 
3.65269 2.67514 1.32264 0.442862 1.1046 1.8335 2.18743 0.881417 0.217165 -0.109925 0.130923 0.0395859 
3.44082 2.4639 1.41664 0.702387 1.37628 1.77349 1.93112 0.910035 0.123842 -0.232595 0.030906 0.0175691 
3.88282 2.78527 1.36606 0.331389 1.34486 1.80279 2.12972 0.720824 0.459067 -0.224571 -0.118491 -0.00852251 
4.08428 2.79915 1.56366 0.331447 1.73885 1.86651 1.43061 0.658423 0.261971 0.0962603 -0.0821705 -0.00717755 
3.72735 2.7851 1.71454 0.380674 1.42853 1.324 1.78854 0.456868 0.0702117 0.185788 -0.0296602 0.0157448 
3.87881 2.89796 1.9906 0.447683 1.87844 1.36447 1.68568 0.0667642 0.092113 -0.112048 -0.0121797 0.0264589 
4.36142 2.86856 1.94071 0.317468 1.87381 1.29215 1.75009 0.222725 -0.0141995 0.0508784 -0.13434 -0.00162483 
3.69056 2.60293 1.90459 0.841745 1.2328 1.18005 1.26106 0.641813 0.109398 0.132196 -0.0764483 -0.0166416 
3.7077 2.46985 1.74451 0.624957 1.26606 1.27251 1.29936 0.622992 0.446197 -0.0960729 -0.189426 -0.0308456 
3.97842 2.69943 1.7521 0.271482 0.999659 1.16896 1.49924 0.774529 0.362805 -0.245102 -0.139609 -0.0308568 
4.0695 2.77187 1.63794 -0.0401389 0.836266 1.41321 1.8917 0.362129 0.340848 -0.492108 -0.155316 -0.0121309 
3.47815 2.26829 1.4937 0.686699 1.09376 1.04134 1.32628 0.781256 0.0492181 -0.39023 -0.100296 -0.00441256 
3.72609 2.7874 1.99542 0.49742 0.812761 1.42665 1.45408 0.315435 -0.0195439 -0.307808 -0.0591554 -0.00208427 
3.65407 2.77097 1.86048 0.486405 1.09526 1.83462 1.81942 0.113169 0.178916 -0.0172026 -0.224002 -0.00533671 
3.92186 2.83732 2.46529 0.700594 1.00878 1.49308 2.19252 0.554034 0.398316 -0.237994 -0.00410536 0.00866109 