3.33419 1.47035 1.92974 -0.29931 0.966732 0.0440512 0.851381 0.465196 -0.33645 -0.349954 0.146285 0.0562351 
3.19901 2.01123 1.70864 0.138574 0.346769 0.16479 1.24526 0.146496 -0.235311 -0.300317 0.341876 0.0636749 
3.23886 1.93126 1.5333 0.109782 0.654754 0.417761 1.28823 -0.143224 -0.0599301 -0.295567 0.231677 0.0633123 
3.24915 2.12361 1.33097 1.1644 0.936347 1.43661 1.53037 0.413841 0.1588 -0.0546511 0.254391 0.0534044 
4.13712 1.66077 0.693606 1.16715 1.89268 2.22695 2.74325 0.555855 0.111366 -0.538303 0.047786 0.0966474 
2.98753 1.85114 1.16697 1.48522 2.10712 2.22169 1.89153 0.430061 -0.357996 -0.446283 -0.0815755 0.0454974 
4.86741 2.13701 1.11058 1.49335 2.88525 3.03988 3.09321 0.344637 -0.140599 -0.583631 -0.175277 0.0513792 
3.37361 2.44375 1.30916 1.13275 1.85415 2.45181 1.90845 0.838202 -0.259133 -0.61772 -0.0964768 -0.00575086 
3.17514 1.97555 1.42063 1.79186 2.61634 2.66187 1.83291 0.390069 -0.39819 -0.345782 -0.0194567 0.0377278 
3.428 2.15938 1.37215 1.43352 2.63813 3.11683 2.19943 0.309562 -0.573275 -0.437145 -0.075022 0.0484937 
3.44446 2.17246 1.19965 1.50257 2.70475 3.15718 1.95917 0.279131 -0.518629 -0.40889 -0.0674958 0.0444629 
3.03783 2.04533 1.42183 1.44166 2.14524 2.4269 1.68059 0.306983 -0.459508 -0.421519 -0.00079122 0.00347184 
3.58204 1.88312 0.578606 1.07369 2.78996 3.24168 2.18315 0.130218 -0.733607 -0.456192 -0.149751 0.05578 
5.10351 2.06153 -0.493421 0.220225 3.24535 4.42881 3.01803 0.152633 -1.22414 -0.254542 -0.161221 0.0687179 
4.56476 2.05716 -0.261712 0.0936069 2.34328 3.58337 2.47003 0.18917 -0.831152 -0.322257 -0.203168 0.0328849 
3.71707 1.89639 0.137129 0.360338 2.20244 3.28033 2.10581 0.171645 -0.647918 -0.449648 -0.165817 0.0425988 
4.27418 1.96983 -0.212068 0.423307 2.5158 3.51178 2.27454 0.201089 -0.726575 -0.416716 -0.146436 0.05513 
6.15074 1.41658 -0.818238 0.571724 4.17919 3.79233 3.67422 -0.232124 -0.990724 -0.361893 -0.0223933 0.0940487 
3.77651 1.60344 -0.0969649 0.812319 2.68587 3.28847 1.99811 0.167399 -0.491859 -0.376003 -0.163907 0.0440316 
4.47762 1.97024 -0.312147 0.283695 2.64053 3.68271 2.26024 0.345909 -0.658495 -0.333369 -0.198068 0.039443 
4.70893 2.0515 -0.406171 0.528721 2.85533 3.68928 2.48344 0.374009 -0.616306 -0.350545 -0.198152 0.0417022 
5.54106 1.80846 -0.873308 0.836795 3.52052 2.74899 2.33647 0.57555 -0.446306 -0.462622 -0.203158 0.0419116 
3.81907 1.68762 0.303323 1.26223 3.11122 3.49346 2.07786 0.424691 -0.403497 -0.439233 -0.249373 0.0603103 
4.08694 1.63406 0.159189 1.1915 3.33469 3.4809 2.07252 0.263914 -0.521943 -0.487535 -0.215822 0.0564168 
5.5103 1.62578 -0.826874 1.25509 4.14676 2.72252 2.06393 0.611061 -0.65677 -0.489583 -0.209761 0.0684171 
4.31801 1.78067 -0.290521 0.379485 2.35447 3.07741 1.90537 0.312288 -0.625824 -0.676405 -0.128368 0.054589 
5.22439 1.12469 -1.32898 0.471807 3.23854 3.27034 2.08583 0.398689 -0.665127 -0.513903 -0.132797 0.0520671 
4.25508 1.10454 -1.01404 -0.0707732 2.54766 3.34613 2.26469 0.43602 -0.49687 -0.575952 -0.0826309 0.0581789 
3.31117 0.871981 -0.711504 0.238256 2.43862 3.30904 2.45226 0.446835 -0.710917 -0.579416 -0.0943253 0.0482099 
3.94493 1.33056 -0.901393 -0.399799 2.06799 3.50381 2.56417 0.386235 -0.714066 -0.584454 -0.123036 0.0481652 
5.38103 1.01799 -1.58337 -0.113814 2.91621 3.66686 2.76395 0.304253 -1.05107 -0.554133 -0.0864783 0.0712902 
4.92238 1.6303 -1.24471 -0.4909 2.6327 3.59549 2.5305 0.158705 -0.973384 -0.541076 -0.114421 0.0647863 
3.56148 0.942664 -0.783945 0.328132 2.68738 3.51088 2.04354 0.0558453 -0.768341 -0.528432 -0.0878323 0.0568579 
4.3501 1.22478 -0.931638 0.151555 2.70323 3.52028 2.17439 0.123584 -0.855221 -0.544643 -0.0966816 0.0622393 
3.78434 1.17848 -0.736262 -0.0118125 2.2083 3.3256 2.1497 0.147533 -0.814924 -0.575498 -0.125053 0.0416844 
4.40314 1.11492 -1.2825 -0.153375 2.58519 3.64333 2.17748 0.0641503 -0.807049 -0.564385 -0.138786 0.034414 
3.29513 1.07838 -0.617624 0.0355757 2.17891 3.17271 2.05242 0.0913075 -0.83685 -0.599857 -0.204574 0.0227515 
4.51979 1.31284 -1.21732 -0.256581 2.52113 3.62217 2.40617 -0.069719 -1.18423 -0.542783 -0.246665 0.0213342 
3.86157 1.34697 -0.561778 0.0129232 2.27632 3.2355 2.02026 -0.0771636 -0.967297 -0.563256 -0.229952 0.0249217 
4.45305 1.48911 -0.66035 0.132961 2.62045 3.69301 2.22121 -0.12216 -1.09806 -0.432168 -0.211485 0.0362727 
3.53804 1.44777 -0.107384 0.522993 2.40167 3.0696 1.81686 -0.0447898 -0.873268 -0.597196 -0.248953 0.0327788 
5.69862 1.56304 -0.847262 0.442311 3.29343 3.90971 2.62974 0.389454 -1.53747 -0.509845 -0.151148 0.055628 
4.7096 2.02892 -0.461333 0.118451 2.73585 3.80294 2.53311 0.0871352 -1.0945 -0.483538 -0.253355 0.0498 
5.12653 1.81451 -0.725094 0.0394924 2.74075 3.9722 2.61366 0.244939 -1.13164 -0.483422 -0.198547 0.0508258 
4.51438 2.19714 -0.449722 -0.465755 1.96575 3.29904 2.28527 0.36457 -0.721362 -0.542453 -0.206721 0.0403106 
6.66211 1.32688 -1.16669 0.0746476 3.17024 3.47597 2.70885 0.0794891 -0.648924 -0.50754 -0.103508 0.0504034 
4.694 2.4065 -0.559574 -0.235477 1.96015 3.35367 2.31419 0.376135 -0.588145 -0.568501 -0.168799 0.0464919 
5.77179 1.7117 -0.871538 0.261456 2.83541 3.63499 2.2872 0.388806 -0.757522 -0.530961 -0.136819 0.0469311 
4.90283 1.74304 -0.316859 0.254207 2.49743 3.54272 2.33535 0.266712 -0.723042 -0.511512 -0.152317 0.0558332 
5.36253 1.50772 -0.525175 0.0682592 2.67386 3.84278 2.58249 0.338928 -0.91825 -0.442622 -0.108982 0.0656652 
4.97779 1.7214 -0.0879088 -0.602593 2.14426 3.92744 2.58059 0.339203 -0.903729 -0.425634 -0.164353 0.066627 
4.84416 1.92675 -0.778696 -0.345138 2.41368 4.0051 2.73828 0.476391 -0.987307 -0.338306 -0.133632 0.0894647 
4.39719 1.79216 -0.527641 -0.225057 2.26966 3.85983 2.73421 0.29235 -0.770136 -0.341828 -0.125942 0.092963 
4.50724 1.51506 -0.641199 -0.050936 2.64981 4.00294 2.6676 0.277016 -0.702096 -0.320395 -0.0588022 0.101606 
4.71296 1.39269 -0.479277 -0.235603 2.67171 3.82952 2.86906 0.302853 -0.767891 -0.309001 -0.0440718 0.103142 
4.53723 1.83889 -0.347011 -0.51804 2.3316 3.80329 2.84684 0.258281 -0.722023 -0.33176 -0.0960031 0.100792 
4.24871 1.83933 -0.250236 -0.14793 2.40585 3.56954 2.55381 0.238683 -0.697789 -0.325404 -0.0729044 0.0975549 
4.26803 1.56602 -0.324524 0.327484 2.87457 3.63465 2.4335 0.133733 -0.690684 -0.299461 -0.0738702 0.091801 
5.25135 1.57359 -0.37389 0.237396 3.03629 3.69784 2.84009 0.186242 -0.935937 -0.344218 -0.0848953 0.0796298 
3.82015 1.58545 0.0537368 0.671785 2.672 3.36305 2.17814 0.183188 -0.628109 -0.385591 -0.123509 0.0801449 
5.09871 1.65153 -0.131315 0.114415 2.85413 3.58861 2.57723 0.192537 -0.897773 -0.382032 -0.117598 0.0651664 
3.80559 1.67831 0.185961 0.919818 3.087 2.84066 2.14693 0.567828 -0.976991 -0.360415 -0.151313 0.0783383 
4.77846 1.73255 0.572032 -0.138077 2.04578 3.58305 2.07873 0.424019 -1.03311 -0.443474 -0.125728 0.0517499 
3.55113 1.41021 0.390362 0.904165 2.66494 3.24425 1.87452 0.187613 -0.736862 -0.49658 -0.174598 0.0604055 
4.74213 1.5867 0.543541 -0.432745 2.65501 4.37265 1.81502 0.233199 -1.05718 -0.498448 -0.155618 0.0495788 
3.77951 1.58859 0.449141 0.574525 2.53323 3.65417 1.90989 0.0520274 -0.875238 -0.48942 -0.22039 0.0630758 
4.78866 1.90046 0.481379 -0.220087 1.23596 4.06666 1.87752 0.2708 -1.12881 -0.471538 -0.221029 0.0587994 
3.94663 2.17141 0.30917 0.00239772 2.94983 4.07109 1.3474 0.402323 -0.974041 -0.606723 -0.153948 0.0637949 
4.64426 2.0464 0.0797572 0.528824 2.56661 4.56767 2.8311 -0.33772 -1.16468 -0.272686 -0.278316 0.0715852 
4.3735 1.99629 0.129155 0.661029 3.11191 3.97204 2.43717 -0.155859 -0.983426 -0.359861 -0.240933 0.0677043 
4.51952 2.3257 0.142111 0.332979 2.73853 3.99795 2.19916 0.0307155 -0.915101 -0.540754 -0.218331 0.0662305 
3.90848 2.17292 0.488681 0.366517 2.79024 3.28194 2.03507 0.152228 -0.858468 -0.579393 -0.231588 0.0574678 
3.93431 2.02864 0.388068 0.751944 2.36583 3.29979 2.10048 0.119369 -0.902633 -0.541308 -0.226352 0.0578607 
4.41361 2.42904 0.41906 0.224025 2.31615 3.48385 2.30646 0.174935 -0.942035 -0.525989 -0.234005 0.0601701 
4.38881 2.30377 0.488385 0.255692 2.49382 3.67823 2.4373 0.14041 -0.937767 -0.43899 -0.261249 0.0602883 
3.80121 2.07556 0.609717 0.572744 2.2953 3.20819 2.09045 0.26572 -0.695592 -0.584202 -0.240752 0.0493231 
3.47662 1.85377 0.769196 0.876518 2.31345 3.03463 1.94101 0.375976 -0.663784 -0.61129 -0.191263 0.0573406 
4.86602 2.43459 0.508515 -0.118723 1.97669 4.10665 2.69701 0.0994206 -0.723154 -0.411148 -0.26386 0.0622054 
5.36897 1.62319 0.487059 0.163003 3.31969 3.92864 2.87816 0.420768 -1.12339 -0.24223 -0.137659 0.0432413 
4.51759 2.28286 0.331213 0.555458 2.62073 3.68041 2.44802 0.267073 -0.815435 -0.351461 -0.167134 0.0738253 
3.77029 1.88125 0.60885 1.19123 2.75626 3.26479 2.01597 0.293895 -0.630063 -0.478569 -0.129264 0.0769207 
5.54939 2.65928 -0.195841 0.11031 2.86779 4.18312 2.76427 0.178278 -0.903018 -0.479608 -0.136264 0.0735539 
3.92057 1.89805 0.480921 1.30151 3.13535 2.85576 2.27091 0.398956 -0.930262 -0.357602 -0.215064 0.0690224 
4.65954 2.16034 0.953815 -0.0812527 1.89139 3.40734 2.24179 0.273814 -1.01113 -0.405901 -0.222224 0.0395792 
4.12883 1.98935 0.683238 0.621619 2.47836 3.33334 2.05438 0.178792 -0.77702 -0.545372 -0.235821 0.0437181 
4.81106 1.98412 0.683078 -0.0435745 2.50704 4.42185 2.06065 0.0997114 -0.937722 -0.489482 -0.244201 0.0499756 
3.69315 1.7669 0.796063 0.912071 2.46664 3.42479 1.89003 0.110137 -0.800808 -0.583649 -0.229551 0.0598601 
4.37296 2.38239 0.356852 0.301698 1.41494 3.39678 2.1421 -0.00808226 -0.811851 -0.605266 -0.205273 0.0548839 
4.2666 2.07822 0.963985 -0.32881 2.09963 4.07112 2.02481 -0.169267 -0.566667 -0.669335 -0.22058 0.086994 
4.5916 1.79344 0.44746 0.320377 2.51042 3.50929 2.15061 0.626192 -1.29409 -0.363199 -0.161709 0.0545954 
4.83816 2.30413 -0.0710604 -0.229875 2.03634 3.72099 2.80842 0.0851856 -0.94176 -0.408738 -0.206483 0.0739564 
4.94487 2.10502 -0.345803 -0.0598436 2.33732 3.78988 3.2655 0.228568 -1.18786 -0.277231 -0.200355 0.0796179 
4.48389 1.89647 -0.500789 -0.0191955 2.2732 3.52685 2.63269 0.316909 -0.766487 -0.40584 -0.139524 0.0728726 
4.83987 1.98083 -0.673706 -0.204011 2.26681 3.65108 3.11356 0.331534 -0.957338 -0.373468 -0.1757 0.0751598 
3.87918 1.77964 -0.0966779 0.137174 1.98076 3.05583 2.32433 0.463168 -0.677588 -0.526969 -0.114892 0.0579262 
6.4553 1.49636 -1.16375 0.137748 2.61915 2.99897 3.43881 0.720826 -0.984068 -0.606357 -0.116782 0.0665665 
4.04978 1.63739 -0.262258 0.104791 1.78898 3.00857 2.50452 0.658396 -0.690828 -0.46311 -0.0887793 0.0489698 
4.26491 1.71325 -0.225773 0.124548 2.1369 3.22941 2.44564 0.396957 -0.676428 -0.356141 -0.117098 0.0449677 
3.61508 1.65198 0.000655344 0.138847 1.81478 2.80887 2.10579 0.280368 -0.686307 -0.433781 -0.0674863 0.0326785 
6.43713 1.73165 -0.904393 -0.0297847 2.74848 3.59082 3.1016 0.459495 -1.12382 -0.476643 -0.0766542 0.0502659 
5.12299 2.01093 -0.516546 -0.148899 2.44039 3.89049 2.65694 0.174461 -1.05219 -0.224556 -0.159066 0.0431814 
4.06616 1.73713 -0.156327 0.227331 2.28901 3.28262 2.18446 0.214079 -0.591392 -0.206233 -0.0681596 0.0689567 
4.64929 2.35963 -0.0987208 -0.249018 1.89708 3.47413 2.58334 0.61179 -0.342643 0.0358681 -0.144261 0.0410728 
6.41005 2.23509 -0.324985 -0.144226 2.23464 3.53239 3.0915 1.15399 -0.508421 -0.0827365 -0.0258589 0.035162 
4.43772 2.17088 0.426866 0.78849 2.24061 2.95107 2.28045 1.08852 0.286391 0.00629609 -0.0961228 0.0287864 
4.16524 2.81281 0.891179 0.472846 1.61314 2.54019 2.42576 1.26786 0.258485 -0.115873 -0.0204661 0.0451284 
3.96464 2.67259 1.2742 0.913993 1.84292 2.61249 2.21446 1.00056 0.000381006 -0.257166 0.016806 0.0615764 
4.72112 2.97356 1.07115 0.702467 1.94258 2.63704 2.04275 0.88837 -0.104291 -0.351759 0.043276 0.0830274 
4.24685 2.88154 1.20795 0.640234 1.7229 2.66377 2.29033 0.741509 -0.207231 -0.38158 0.0575185 0.0863942 
3.86956 2.77518 1.19741 0.612704 1.17762 2.03648 1.8988 0.767247 -0.110229 -0.302167 0.0428576 0.0434831 
3.81222 2.71946 1.33641 0.436441 1.23705 2.3183 2.0743 0.868193 -0.158969 -0.300005 -0.077834 0.0275048 
3.94381 2.35995 0.701599 0.770533 2.08645 2.99782 2.47543 0.806291 -0.0999675 -0.10421 -0.0644187 0.0696945 
3.83163 2.36008 0.855175 0.629076 1.79116 2.74469 2.23974 0.821454 -0.0897067 -0.0926838 -0.0128885 0.0636181 
4.61843 2.35746 0.467515 0.794142 2.19265 3.20884 2.55139 0.79529 -0.281446 -0.10604 -0.087635 0.0595046 
4.07804 2.27384 0.689692 0.703589 2.14684 3.01825 2.19574 0.62 -0.17229 -0.272773 -0.0406484 0.0603025 
3.72614 2.01155 0.643182 1.00673 2.34498 3.03845 2.15661 0.784969 -0.112219 -0.235538 -0.0601241 0.0549922 
4.58067 2.78324 0.604207 0.57914 2.46095 3.11343 2.45948 0.65293 -0.248569 -0.333862 -0.107508 0.0499253 
6.04683 2.71328 0.17031 0.725575 3.31331 2.62736 2.78988 0.44837 -0.306283 -0.298469 -0.0835631 0.0611628 
3.65824 2.40926 1.19796 1.24791 2.12468 2.64422 2.10689 0.633527 -0.282627 -0.443731 0.0188216 0.0494369 
3.44588 2.38694 1.3225 1.38054 2.16627 2.56731 2.09339 0.549269 -0.377488 -0.388817 0.0639711 0.0535901 
4.11076 2.69515 1.2111 1.08846 2.33334 3.03437 2.5327 0.584455 -0.204376 -0.274641 -0.0225266 0.0711759 
5.78611 3.21075 0.275253 0.309881 2.76066 3.66139 3.35305 0.670292 -0.163501 -0.125704 -0.0180643 0.0882301 
3.91975 2.66672 1.37014 1.18397 2.23461 2.9571 2.38512 0.876827 -0.055388 -0.217976 -0.0504906 0.0608659 
3.63882 2.58778 1.6296 1.28318 1.8762 2.36513 2.08977 1.13261 0.139953 -0.304354 -0.0780163 0.0227708 
3.95041 2.77065 1.55166 1.2733 2.22536 2.80984 2.53947 0.942267 0.0996677 -0.222959 -0.102167 0.0404638 
3.91343 2.77667 1.54905 1.1832 1.79163 2.52128 2.21754 1.05297 0.0058161 -0.282029 -0.0157084 0.0389884 
3.79092 2.0342 0.622332 1.12048 2.61958 2.67562 1.86511 0.705874 0.0555639 -0.0385472 0.182836 0.0947833 
4.21018 2.11034 0.640434 1.15322 2.756 2.72553 1.8893 0.672041 0.0089411 -0.13801 0.254786 0.12751 
4.18036 1.98534 0.511128 1.28127 2.71981 2.80433 2.16425 0.571297 0.0320488 -0.0363384 0.228024 0.124506 
3.77312 1.89529 0.499975 1.1128 2.10994 2.6263 1.9052 0.643389 0.0954068 0.0337528 0.303012 0.11311 
3.31225 2.05666 1.25304 1.22255 1.81638 2.01741 1.84809 1.22594 0.617528 0.158743 0.0217853 0.0345414 
3.90976 2.26906 0.955251 0.743336 1.80891 2.24237 1.88798 1.10152 0.363421 0.0376573 0.201451 0.074709 
3.73869 2.02199 0.558845 0.719684 1.73018 2.37261 2.0854 1.04757 0.248975 0.0332721 0.311945 0.101003 
4.18306 2.27905 0.487001 0.400607 1.31 2.29681 2.21235 1.25266 4.48414e-005 0.122814 0.2924 0.116269 
3.98129 2.14567 0.505648 0.396328 1.50518 2.39853 2.10545 0.942644 0.249641 -0.0119565 0.316408 0.108244 
4.4148 2.19865 0.377204 0.303281 1.62274 2.09078 2.13582 1.17622 0.0458308 0.0588922 0.256291 0.111402 
4.36176 2.04177 0.447729 0.61919 1.63493 2.11113 1.73666 0.667589 0.212456 0.0825941 0.275535 0.098913 
4.18827 2.33167 0.708827 0.444286 1.69865 1.64445 1.30653 0.707367 0.0382052 0.18943 0.0640811 0.0340009 
3.74853 2.05295 1.0989 0.805211 1.44857 1.56019 1.10572 0.406643 0.160816 0.095658 -0.0248583 0.00684656 
4.37219 2.27245 0.514466 0.287635 2.06256 1.811 1.53411 0.50347 0.324324 -0.275148 -0.0890594 -0.00285499 
4.28815 1.93349 0.516132 0.480723 1.38504 1.51382 1.79817 0.61698 0.133355 -0.262109 -0.0606305 -0.00170239 
4.1136 2.11238 0.425651 0.399785 1.78611 1.72371 1.47554 0.218963 0.247438 -0.463845 -0.0800158 -0.00956757 
3.76417 1.79249 0.517705 0.406628 1.57459 2.00589 1.28815 0.33414 0.0140661 -0.394848 -0.036925 -0.00180047 
4.74962 2.08119 0.637255 -0.441029 1.4304 2.01889 1.5222 0.113197 0.0906304 -0.383029 -0.114994 0.00297306 
3.90867 2.03017 0.732837 0.212326 1.52523 2.09554 1.43628 0.30602 -0.0760304 -0.353728 -0.0349081 0.0231442 
4.20198 2.22982 0.989824 -0.0296938 1.65663 1.88614 1.5494 0.516505 -0.408707 -0.308216 -0.0331183 0.0338284 
3.84382 1.99116 0.948821 0.655475 1.53981 1.5092 1.59278 0.0162675 -0.206523 -0.123896 0.028324 0.0250323 
4.54271 2.32493 1.11494 0.422567 2.1333 1.22409 1.91973 0.0222915 0.255828 -0.161 0.00946404 0.0556863 
3.99646 2.53316 1.18223 0.59622 1.70114 1.49996 1.68659 0.260073 -0.0676357 0.0182021 0.0219402 0.0333189 