3.79203 1.78541 1.60255 -0.54435 1.35044 -0.164552 0.966079 -0.983296 -0.57841 -0.642466 0.100799 0.145601 
3.60786 1.94988 1.56144 -0.0287449 1.47871 0.612041 0.559898 -0.93861 -0.39851 -0.695264 0.188017 0.118621 
3.99037 2.33581 2.19407 0.265275 1.55771 0.782374 1.47316 -0.25346 -0.708103 -0.620784 0.335081 0.126209 
4.11577 2.29477 2.22117 0.600859 1.57153 1.3766 1.87048 0.183457 -0.577826 -0.484832 0.275247 0.110047 
4.22174 2.87328 1.8652 0.38915 1.53555 1.73443 2.57591 0.304665 -0.378932 -0.586933 0.253412 0.127189 
4.59073 3.15081 1.39742 1.24991 1.8833 2.06791 2.62032 0.264938 -0.810876 -0.522753 0.0989888 0.097275 
3.50079 2.57132 1.64562 1.19854 1.83497 2.07524 2.08284 0.540371 -0.462756 -0.375902 -0.00589914 0.0137667 
4.67748 3.41351 1.61749 0.644414 2.59106 2.99802 2.13208 0.54072 -0.772374 -0.580422 -0.00926848 0.0769919 
3.83293 2.69466 1.32055 1.52252 2.57841 2.79601 1.93114 0.49686 -0.438688 -0.569147 0.0269223 0.044455 
4.54388 3.00702 0.810612 0.348668 2.08629 3.08792 2.53718 0.396049 -0.661729 -0.462473 -0.151965 0.0573836 
3.65397 2.5098 1.35718 1.01909 1.70266 2.66276 2.09721 0.346141 -0.75316 -0.673343 0.036429 0.0387211 
6.14942 2.78462 0.333277 -0.0275331 3.06034 3.88747 2.55258 0.800579 -0.873627 -0.467078 -0.106214 0.0588138 
4.682 2.4387 0.376136 0.788068 2.80105 3.79352 2.61995 0.325788 -0.85765 -0.361137 -0.168812 0.0685509 
4.21193 2.37046 0.713018 0.740761 2.52235 3.52612 2.46026 0.49879 -0.69038 -0.428976 -0.225591 0.0467353 
3.71397 2.21261 0.999223 0.919788 2.37053 3.10155 2.20848 0.59646 -0.615437 -0.562908 -0.2137 0.0361021 
4.52535 2.33241 0.319239 0.756953 2.86429 3.45861 2.33952 0.494236 -0.615531 -0.507665 -0.198363 0.0460755 
3.7623 2.19741 0.671829 0.909353 2.42663 3.28997 2.32763 0.358057 -0.567831 -0.542792 -0.182901 0.0564075 
4.97214 2.2277 -0.214431 0.489697 3.14921 3.83689 2.55906 0.321724 -0.749795 -0.389084 -0.136624 0.0658243 
3.54386 1.75871 0.352191 0.830444 2.56261 3.19712 2.05001 0.314354 -0.535007 -0.410575 -0.200364 0.0572466 
4.24354 2.07407 -0.112664 0.234654 2.12365 3.18579 2.29262 0.500241 -0.477579 -0.358592 -0.184757 0.0371863 
4.11103 1.7051 -0.0978463 0.694696 2.73415 3.23729 2.05669 0.566115 -0.333651 -0.358387 -0.22461 0.0274132 
4.37989 1.926 -0.170631 0.632413 2.94798 3.64281 2.26699 0.464943 -0.305117 -0.286338 -0.263199 0.0126366 
3.68006 1.76844 0.382791 1.00206 2.65989 3.12602 2.17755 0.72576 -0.16022 -0.369204 -0.35454 0.0154422 
4.00764 1.99887 0.340298 0.909427 2.61372 3.07194 2.13509 0.653079 -0.410448 -0.541012 -0.263379 0.0263626 
3.80416 1.8767 0.442077 1.07576 2.69721 3.06694 2.07233 0.496685 -0.440314 -0.513327 -0.250103 0.0351198 
4.48547 1.80482 -0.142172 1.10463 3.30098 3.26594 1.89164 0.354938 -0.428859 -0.533484 -0.25033 0.0165405 
5.21981 1.69343 -0.691293 0.824211 3.22875 2.81811 1.46011 0.470873 -0.504188 -0.627148 -0.240279 0.00962762 
4.49645 1.62387 -0.247532 1.01424 3.02587 3.16928 1.74873 0.347131 -0.589131 -0.651707 -0.243799 0.0203241 
3.96345 1.66162 -0.186885 0.48264 2.41489 3.01253 1.83049 0.255512 -0.70128 -0.659467 -0.248677 0.0188935 
4.93025 1.79122 -1.00447 -0.0663009 2.55483 3.31536 1.9871 0.374039 -0.725069 -0.603458 -0.228764 0.0114322 
7.10981 1.29701 -2.57643 0.0136851 3.52689 2.70223 2.24622 1.16469 -0.787684 -0.670929 -0.369184 0.0230718 
4.89967 1.24639 -1.46968 -0.249381 2.50586 3.30416 2.26232 0.752596 -0.598348 -0.566067 -0.221477 0.0118032 
6.76113 0.743339 -1.97169 -0.35592 3.42511 2.57981 2.21785 1.30434 -0.606299 -0.611429 -0.309936 0.0159413 
3.63065 0.856179 -0.787827 0.378493 2.48022 3.17907 2.14241 0.609584 -0.361229 -0.564206 -0.205024 0.0137534 
4.54142 1.14844 -1.28981 -0.00874071 2.66678 3.43279 2.02544 0.699556 -0.351091 -0.558436 -0.179283 0.0160642 
5.02672 1.34981 -1.32584 0.089918 2.82047 3.04492 1.94789 0.704369 -0.406955 -0.584182 -0.195918 0.0224482 
6.62259 0.786422 -1.96068 0.439492 3.47176 2.39436 2.04995 0.999869 -0.637021 -0.651454 -0.273384 0.045553 
3.66025 1.12027 -0.530879 0.460004 2.48852 3.19841 2.12213 0.287497 -0.6095 -0.497481 -0.199311 0.0223194 
4.14439 1.31413 -0.687547 0.539682 3.0772 3.45361 1.85893 0.0358836 -0.636421 -0.512981 -0.201705 0.0216825 
6.50452 1.02124 -1.59951 0.638292 3.86231 2.88837 1.51839 0.943546 -0.833974 -0.596698 -0.285019 0.0179804 
4.77176 1.8315 -0.802039 0.238357 2.64908 2.91134 1.63022 0.44329 -0.596637 -0.752419 -0.263622 -0.00177895 
4.98505 1.49121 -0.523305 0.837955 2.93785 3.2902 1.59661 0.363615 -0.671874 -0.630335 -0.273395 0.00415506 
3.41723 1.57777 0.405634 0.942265 2.35416 2.79871 1.94855 0.388271 -0.672505 -0.689649 -0.32069 0.0220842 
6.80991 1.25328 -0.929426 0.96388 4.34905 2.48906 2.15828 0.993515 -0.88736 -0.663755 -0.323333 0.0344961 
4.85363 2.22147 -0.125743 0.694286 3.09646 3.18374 1.61428 0.411831 -0.558755 -0.750091 -0.24996 0.00445038 
5.08185 1.82264 -0.172214 0.981863 3.32507 3.30595 1.91297 0.276831 -0.498775 -0.581814 -0.283208 -0.00952644 
3.29331 1.52561 0.534482 1.33438 2.63782 2.76953 1.74246 0.345915 -0.585926 -0.698973 -0.319988 0.0304432 
5.03054 2.20634 -0.310712 0.654275 3.23729 3.30108 1.96269 0.356168 -0.629249 -0.661966 -0.236443 0.0169349 
4.42458 1.92489 0.0895202 1.02415 2.93409 3.31803 2.15273 0.433256 -0.530088 -0.599389 -0.25367 0.0289034 
5.37844 2.15905 -0.362183 0.578569 3.11973 3.52483 2.19663 0.445164 -0.566945 -0.576669 -0.163558 0.044531 
3.51022 1.8082 0.595946 1.10846 2.50862 2.96136 2.05292 0.522619 -0.500667 -0.609004 -0.196214 0.0523361 
5.11579 2.09522 -0.0664461 0.883493 3.07464 3.56581 2.36107 0.433756 -0.66349 -0.469411 -0.167043 0.0477861 
3.47494 1.74648 0.697078 1.34223 2.67968 3.11482 2.04166 0.428685 -0.527086 -0.583592 -0.205929 0.0656561 
3.67281 1.9752 0.637046 0.981783 2.44143 3.21862 2.21781 0.343217 -0.686836 -0.547543 -0.167656 0.066389 
3.69979 1.86172 0.524621 1.00398 2.4769 3.17626 2.14825 0.365216 -0.631447 -0.567098 -0.147426 0.0707659 
6.27235 1.44856 -0.499005 0.740577 3.30674 3.5712 2.55723 0.55574 -0.827892 -0.48204 -0.0625486 0.0761261 
3.57038 1.69097 0.349521 0.909288 2.57232 3.28916 2.2024 0.421302 -0.566906 -0.472526 -0.080808 0.0944332 
3.48065 1.60899 0.314618 1.03937 2.75438 3.31612 2.12611 0.334735 -0.510555 -0.456785 -0.112782 0.0920704 
3.50168 1.71925 0.382507 0.916043 2.54263 3.32831 2.26742 0.440069 -0.57243 -0.453932 -0.0776159 0.0983173 
4.13143 1.7657 -0.0298222 0.708756 2.73597 3.66254 2.50072 0.415122 -0.62392 -0.316197 -0.10449 0.0953997 
4.85734 1.91408 -0.447386 0.431042 2.88148 3.95074 2.65117 0.551268 -0.711826 -0.307816 -0.0921751 0.0899264 
3.95486 1.80734 0.0243135 0.57101 2.56244 3.6666 2.54006 0.49371 -0.513971 -0.305632 -0.153922 0.0839037 
3.70999 1.75218 0.117048 0.43485 2.3094 3.36259 2.4509 0.631879 -0.442332 -0.349555 -0.107891 0.0820342 
4.01966 1.81838 0.264581 0.748274 2.59124 3.37077 2.3989 0.574503 -0.505706 -0.381673 -0.110864 0.0873327 
4.8392 2.15952 -0.140097 0.651476 3.00761 3.68765 2.38418 0.412338 -0.538814 -0.423588 -0.0923325 0.0828049 
4.38135 2.43247 0.289028 0.452118 2.18584 3.13131 2.30098 0.455342 -0.558088 -0.538905 -0.0861396 0.0835019 
4.54066 2.08508 0.303777 1.0004 2.80542 3.27144 2.27165 0.413847 -0.633526 -0.534287 -0.0880799 0.0871196 
5.27675 1.87208 0.209135 1.19467 2.82078 3.12123 2.52246 0.601871 -0.842404 -0.488714 -0.101612 0.0762971 
4.80039 2.28387 0.147246 0.787437 2.64664 3.68779 2.68083 0.406912 -0.829311 -0.383532 -0.167907 0.0719444 
4.7147 2.7343 0.110714 0.112586 2.10649 3.38371 2.58966 0.427854 -0.722547 -0.478117 -0.17789 0.0722595 
4.354 2.58338 0.334784 0.141625 2.02575 3.32056 2.49323 0.488854 -0.658835 -0.503366 -0.175166 0.0690827 
4.36052 2.36756 0.0747685 0.0363572 2.20923 3.59945 2.60977 0.42042 -0.678007 -0.420775 -0.192067 0.0770713 
6.59542 2.06944 -1.45 0.59746 3.18942 3.39982 3.4097 0.804988 -0.938425 -0.635513 -0.134762 0.0962379 
4.47234 2.08447 -0.202778 0.212244 2.3526 3.81536 2.7265 0.376633 -0.591128 -0.3737 -0.178401 0.0750319 
3.84653 1.79655 -0.023114 0.160071 1.85447 3.07982 2.57387 0.872056 -0.426306 -0.475127 -0.0954788 0.0662061 
4.26161 2.02148 -0.15045 -0.048707 1.97044 3.30321 2.65583 0.790522 -0.456275 -0.391451 -0.161697 0.0598043 
5.45419 1.86802 -0.618175 0.0974762 2.44723 3.69615 2.93568 0.956487 -0.671479 -0.367224 -0.153026 0.0567268 
4.58087 1.96987 -0.192884 0.103218 2.28773 3.61824 2.83853 0.739543 -0.447622 -0.335453 -0.186508 0.0566949 
4.03488 1.90518 0.116793 0.473666 2.30391 3.19245 2.42488 0.848341 -0.275967 -0.480095 -0.181329 0.0480977 
4.55071 1.99022 -0.0299702 0.556711 2.33718 3.1229 2.49551 0.963859 -0.421935 -0.438277 -0.16854 0.0510927 
4.60791 2.29227 -0.0548044 0.168305 1.9374 3.25056 2.71014 0.801853 -0.373419 -0.402119 -0.135922 0.0580251 
5.91243 1.98182 -0.914346 0.261473 2.76738 3.36063 3.02232 0.954998 -0.570327 -0.388377 -0.113136 0.0674889 
4.80482 1.8256 -0.61491 -0.00175049 2.40291 3.87599 3.19723 0.72874 -0.596209 -0.253244 -0.127213 0.0749906 
4.03751 2.05912 -0.158927 -0.32155 1.57181 3.22738 2.83009 0.913108 -0.385355 -0.390112 -0.0909569 0.063364 
4.37953 2.06637 -0.405052 -0.476757 1.74717 3.45046 2.91972 0.837433 -0.501365 -0.338781 -0.109414 0.0757279 
5.65315 2.38703 -0.963838 -0.514804 2.11747 4.06623 3.42883 0.802006 -0.980374 -0.439235 -0.182513 0.0844048 
4.84101 2.40313 -0.344875 -0.534727 2.13336 3.99331 2.87319 0.172909 -0.953873 -0.454889 -0.241626 0.0799645 
3.6103 1.80017 0.12858 0.217103 1.74981 2.70682 1.8247 0.0454754 -0.960406 -0.65155 -0.167845 0.0361541 
4.68572 2.21185 -0.238793 -0.215064 1.98539 3.37664 2.08014 -0.107478 -1.09703 -0.548965 -0.256325 0.0293351 
6.12027 2.02309 -0.581679 0.202297 2.44291 3.20674 2.13113 -0.0946884 -0.944504 -0.544548 -0.152104 0.00725298 
4.73898 2.28484 0.22435 0.412683 1.98889 2.87554 1.89318 0.135655 -0.804163 -0.447929 -0.235081 -0.00153257 
3.98803 2.27724 0.621527 0.443153 1.53752 2.36674 1.56217 0.374156 -0.455374 -0.447038 -0.233232 -0.0245053 
3.90443 2.64992 1.08114 0.541023 1.49296 2.00511 1.60372 0.622015 -0.273641 -0.473664 -0.256531 -0.0423882 
5.18045 3.01706 0.748551 0.34405 1.75764 2.31923 2.00358 0.600256 -0.245144 -0.333422 -0.180863 -0.00512151 
4.22455 2.79528 1.26499 0.796282 1.75067 2.35002 2.07134 0.794076 -0.0824537 -0.377837 -0.131203 0.00836943 
4.10065 2.83197 1.40596 0.964683 1.6499 2.29408 1.78105 0.811478 -0.0999911 -0.231295 -0.0470119 0.0190302 
3.9795 2.84995 1.4636 0.975855 1.62852 2.38864 2.0048 0.997028 0.0372841 -0.265905 -0.103939 0.00440001 
5.34195 3.15627 0.786847 0.504429 1.95722 3.06518 2.36149 1.01362 0.0995786 -0.178465 -0.155745 8.43903e-005 
3.90374 2.63354 1.37107 0.963858 1.76593 2.39438 1.99745 1.06667 0.222821 -0.229056 -0.146647 -0.00376964 
4.60144 2.85134 1.07163 0.649619 2.10906 3.09996 2.41592 0.972336 0.059095 -0.134228 -0.280819 -0.0224219 
4.77566 2.9433 0.999413 0.772004 2.71929 3.27113 2.38718 0.747029 0.0320679 -0.279818 -0.240961 -0.0112033 
5.11295 3.19662 1.07165 0.979304 2.5931 3.12238 2.2402 0.843583 -0.0915414 -0.271938 -0.232327 -0.0245249 
3.81406 2.77854 1.71701 1.47558 2.02561 2.62237 1.99647 0.675851 -0.074922 -0.337486 -0.268077 -0.0235004 
3.98187 2.75534 1.61475 1.45787 2.20169 2.5158 1.91411 0.82108 -0.0419557 -0.478706 -0.279482 -0.0349544 
3.32528 2.40616 1.67418 1.36786 1.82369 1.95174 1.51149 0.508505 -0.29453 -0.470349 -0.158809 -0.0278851 
4.10237 2.76632 1.39686 1.29953 2.09794 2.51378 2.20663 0.641363 -0.218836 -0.543412 -0.261703 -0.0228797 
4.95807 3.54525 1.47755 0.327903 1.80111 3.02312 2.56237 0.748146 -0.103114 -0.537546 -0.293523 -0.0136163 
3.48699 2.54655 1.58225 1.28089 1.89969 2.30622 2.0092 0.922903 -0.153137 -0.331723 -0.134656 0.0107565 
3.17288 2.30409 1.57534 1.49366 2.01292 2.11761 1.81203 0.835283 -0.0296395 -0.338726 -0.0277349 0.0328039 
3.84495 2.54454 1.46244 1.60046 2.62398 2.9819 2.52281 1.2082 0.0560907 -0.346854 -0.171543 0.0464373 
4.26704 2.934 1.56808 1.13053 2.15048 2.51971 2.45219 1.23389 0.27199 -0.384741 -0.193441 -0.00332204 
3.65811 2.48529 1.41893 1.10368 1.5892 1.98775 1.64349 0.897016 0.157251 -0.112788 -0.095269 0.00371065 
4.40299 2.67354 0.950308 0.376944 1.09359 2.0471 2.21702 1.29627 0.449296 0.128927 -0.0696626 -0.00716198 
4.62825 2.58905 0.610647 0.598191 1.05983 2.11105 2.34096 1.30312 0.656613 0.490698 0.000649189 -0.00990177 
4.12281 2.43061 0.903182 0.394893 0.920897 1.85863 2.38884 1.35375 0.946611 0.512425 0.142644 0.0191413 
3.8627 2.45204 1.12167 0.46837 1.14225 1.75557 2.14434 1.69509 1.42609 0.61284 0.109216 -0.000197658 
4.39555 3.01223 1.27329 0.641744 1.62683 2.47406 2.35582 1.26034 0.904311 0.119054 0.0944973 0.046668 
3.85853 2.66542 1.29503 0.807327 1.52812 2.01021 2.08254 1.54856 0.786556 0.0600121 0.211605 0.0556303 
3.47082 2.32888 1.22729 0.889714 1.41776 2.15133 2.18115 1.42735 0.590951 0.0325402 0.17778 0.0501607 
4.00793 2.81009 1.07537 0.0843189 0.854997 2.22447 2.58398 1.50907 0.494012 0.0752709 0.236992 0.0710429 
4.06286 2.5973 0.758648 0.172845 0.910072 1.97729 2.47725 1.90206 0.491432 0.209812 0.319674 0.0816109 
3.86196 2.74402 1.21957 0.296093 0.998378 2.17866 2.31379 1.36073 0.262534 0.149738 0.305759 0.0894592 
3.42335 2.31313 1.31605 0.821312 1.26028 2.19141 2.2803 1.41559 0.430665 0.164279 0.238345 0.0588935 
3.73967 2.41754 1.40778 0.8742 1.60006 1.95356 1.98788 1.40416 0.428159 0.0631772 0.238389 0.0675315 
3.49815 2.33703 1.40996 1.15413 1.5276 1.9236 1.66343 1.34127 0.412979 0.0863783 0.232252 0.0578735 
3.91659 2.55132 1.51061 1.02811 1.71966 1.72342 1.7358 1.31882 0.745908 0.215766 0.19466 0.052029 
3.61258 2.45125 1.95495 1.14887 1.47911 1.76982 1.64808 1.16714 0.592626 0.335787 0.224522 0.0565013 
3.39644 2.53212 1.54308 1.38544 1.50255 1.56435 1.31283 0.682041 0.572361 0.330909 0.340894 0.066808 
3.26564 2.49469 1.79684 1.37132 1.82127 1.44822 1.46028 0.981285 0.215377 0.144438 0.2447 0.0523044 
4.06902 2.61336 1.87328 0.996429 1.4397 1.40858 1.50326 1.27751 0.681794 -0.156442 0.313056 0.0797063 
4.32042 2.726 1.83383 0.189278 1.10072 1.55684 1.89693 1.19573 0.339982 -0.0613199 0.188016 0.063456 
3.93272 2.57175 1.40808 0.295195 1.02082 1.90205 1.88013 0.928685 0.63274 -0.12016 0.104423 0.0380269 
3.49996 2.38662 1.22255 0.543225 1.0365 1.954 2.08481 1.30486 0.0236459 0.172561 0.0773432 0.0349675 
3.77498 2.53025 1.1788 0.395317 1.33896 1.96861 2.03221 0.640308 0.628977 0.100425 -0.131691 -0.00551367 
3.99222 2.4623 1.41619 0.628466 1.63245 1.80343 2.05164 0.633229 0.713531 0.0419822 -0.126815 -0.00794305 
4.23115 2.74753 1.44168 0.133994 1.93455 1.31035 1.80601 0.881105 0.728409 -0.203917 -0.16524 -0.0317345 
3.58447 2.48488 1.55988 0.448827 1.3763 1.3696 1.33832 0.899646 0.320048 -0.00305675 -0.0920869 -0.0178752 
4.15872 2.55262 1.29406 0.0564432 1.89306 1.26293 1.49249 0.745507 0.462954 -0.380738 -0.021864 0.00138045 
4.006 2.42629 1.43937 0.0743034 1.79402 1.6775 1.84168 0.748696 0.128222 -0.338384 -0.0910771 0.00738796 
3.70014 2.52384 1.72155 0.577006 1.47418 1.21746 1.61828 0.752225 0.248093 -0.442709 0.0345065 0.012179 
3.31422 2.20666 1.31934 1.3453 1.7364 1.58508 1.51862 0.719247 0.587994 -0.244796 -0.0633517 0.0122211 
3.41579 2.36021 1.41118 1.39164 1.77439 2.02575 1.64244 0.639387 0.569224 -0.174202 0.0120257 0.031174 
3.6597 2.59692 1.75494 1.20051 1.73671 1.72035 1.82734 0.515287 0.856327 -0.0199252 0.156514 0.0511458 
3.47836 2.22827 1.53589 0.822714 1.43039 1.11729 2.15882 0.892645 0.797527 0.162409 0.313564 0.0655734 
3.39849 2.15563 1.82079 0.683668 1.21242 1.22855 1.73898 1.08788 0.69611 0.264036 0.208025 0.0379128 
3.18822 2.33592 1.71417 0.47669 1.25898 1.36432 2.15854 0.899366 0.397842 0.173833 0.286079 0.0474621 
3.63531 2.43419 1.28823 0.655475 1.49848 0.867219 2.2381 0.744762 0.584971 -0.182796 0.303329 0.0739402 
3.65131 2.5839 1.4773 0.137291 1.43604 0.858129 1.91187 0.8417 0.772976 -0.113852 0.257482 0.057763 
3.94071 2.47417 1.72065 -0.0797967 1.42768 0.448008 1.63398 0.855644 0.639293 -0.507724 0.311079 0.091245 