2.96964 1.7951 1.31137 0.19343 0.673091 -0.0581531 0.682847 0.483343 0.296901 -0.0169874 0.00579391 0.0660005 
3.50798 1.39511 1.9749 0.00787717 0.71121 0.0971549 0.901784 0.356308 0.176164 0.100302 0.144825 0.077195 
3.15087 1.99008 1.51416 1.19971 1.39932 1.18415 0.997223 0.632817 0.452288 0.197529 0.15563 0.0405918 
3.15766 1.66701 1.05907 1.16706 1.9992 1.84214 1.44929 0.528695 -0.217283 -0.0657861 0.116891 0.0615377 
4.1065 1.98125 1.33936 1.17626 2.97862 2.69754 2.13812 0.847602 -0.384256 -0.403446 0.00887478 0.0822863 
3.81548 2.58312 1.54615 1.1442 2.15508 2.78926 2.03681 0.76632 -0.509318 -0.506845 -0.0779846 0.0250834 
4.04545 2.47753 1.28891 1.25794 2.19288 2.6786 1.84447 0.854323 -0.262603 -0.637171 -0.127006 0.00442639 
3.60371 2.46662 1.58692 1.13327 1.90902 2.28402 1.72269 0.687036 -0.312598 -0.42519 -0.0800459 -0.0112176 
3.45606 2.33215 1.64246 1.61935 2.21397 2.34147 1.74863 0.683689 -0.130409 -0.353876 -0.163116 -0.0112223 
3.91405 2.6698 1.33197 1.22868 2.01509 2.83735 2.35136 0.574891 -0.442628 -0.375899 -0.209241 0.00276738 
3.5185 2.23439 1.24028 1.38673 2.40757 2.87801 2.07513 0.434082 -0.462825 -0.44753 -0.154219 0.022292 
3.48168 2.35729 1.3033 1.13376 1.93147 2.50733 2.02034 0.46866 -0.534026 -0.59574 -0.0969309 0.00578795 
4.16674 2.39085 0.810216 1.03922 2.51565 3.10892 2.19573 0.457526 -0.583731 -0.42093 -0.20616 0.0232234 
4.78968 2.61806 0.539358 0.663275 2.53474 3.47799 2.53248 0.356214 -0.715986 -0.322586 -0.227651 0.0231893 
4.10804 2.07293 0.674929 1.22247 2.76467 3.40486 2.2474 0.273095 -0.609421 -0.375651 -0.21502 0.0322307 
3.67336 1.95165 0.846081 1.42879 2.6674 3.11836 2.04379 0.389031 -0.601733 -0.511206 -0.191451 0.0412833 
5.38223 1.87949 0.115892 1.53395 3.21619 3.51357 2.7853 0.454193 -0.922582 -0.354232 -0.136448 0.0388874 
3.72373 2.12474 0.961302 1.29536 2.41518 2.81881 2.1641 0.561147 -0.686186 -0.548476 -0.154701 0.0413854 
4.2821 2.09499 0.592745 1.25115 2.7476 3.27448 2.29164 0.422895 -0.604127 -0.472721 -0.173079 0.0495652 
4.36999 1.87213 0.497661 1.60901 3.311 3.37906 2.32349 0.347985 -0.823429 -0.358522 -0.131607 0.0689329 
5.21102 1.99545 0.0823009 1.61148 3.33024 3.61792 2.6282 0.260805 -0.897658 -0.417834 -0.0923459 0.0684551 
4.0376 1.93957 0.43677 1.2046 2.7605 3.09475 1.99864 0.205541 -0.772679 -0.572268 -0.136241 0.0537767 
4.73099 1.79274 0.0377332 1.32026 3.24669 3.50144 2.28993 -0.00857588 -0.872896 -0.400699 -0.151631 0.0439512 
6.0845 1.01863 -0.33065 1.46342 3.90929 3.32183 2.84836 -0.00229612 -0.996748 -0.434146 -0.0879092 0.0349854 
5.44497 1.72395 -0.545252 1.14431 3.39736 3.54268 2.3515 0.036942 -0.943678 -0.51605 -0.185998 0.0220761 
5.60673 1.59493 -0.808827 0.956885 3.28188 3.02902 2.19343 0.348796 -1.04161 -0.612875 -0.224897 0.0296255 
6.20347 0.926287 -1.25473 0.532799 2.85897 2.80943 2.17521 0.337472 -0.968906 -0.699863 -0.185255 0.0320139 
3.52604 1.07002 -0.501357 0.361366 2.31462 2.86111 1.84296 0.30776 -0.740072 -0.711777 -0.162143 0.0251176 
6.08459 1.03808 -2.1549 0.222351 3.1394 2.78237 1.8404 0.747881 -0.872575 -0.611682 -0.215186 0.0503526 
5.85454 1.02706 -1.9478 0.0676486 2.96522 3.14122 2.06568 0.452304 -0.817868 -0.581237 -0.125379 0.0546477 
3.5531 1.16745 -0.351356 0.230179 2.22106 3.14846 1.98517 0.215728 -0.868162 -0.615032 -0.0952767 0.0506904 
3.58791 1.28207 -0.203894 0.654549 2.46064 2.94973 1.78374 0.0519264 -0.879503 -0.652457 -0.110233 0.0539378 
5.19811 1.43741 -1.35987 0.442059 3.27657 3.09655 1.61684 0.0458031 -0.814339 -0.569579 -0.112059 0.042234 
5.61967 1.18966 -1.49177 0.363923 3.32277 3.00648 1.57407 -0.0139435 -0.785214 -0.55185 -0.129704 0.0253011 
3.69917 1.12311 -0.377356 0.606769 2.53162 2.8924 1.62917 0.0850985 -0.790868 -0.624772 -0.166593 0.0191844 
5.29141 1.1765 -1.40423 0.393661 3.06987 2.87918 1.96379 0.209864 -1.0743 -0.564002 -0.187483 0.0221687 
5.17385 1.7169 -1.05635 -0.00487714 2.79889 3.45901 2.16266 -0.0546907 -1.20694 -0.583611 -0.208394 0.0214357 
4.72959 2.1153 -0.529676 -0.0836619 2.35133 3.32063 1.84467 -0.106086 -0.9644 -0.635498 -0.2249 0.0140586 
6.00401 1.79674 -1.07765 0.763906 3.35777 3.37728 1.92946 -0.20737 -0.850801 -0.579559 -0.15132 0.0127229 
4.37521 2.09828 -0.0579622 0.413495 2.29336 3.00765 1.88579 0.0495599 -0.751756 -0.610257 -0.216514 0.0173151 
4.75318 2.20941 -0.231347 0.537554 2.93178 3.63643 2.02059 0.1675 -0.667132 -0.495811 -0.282282 -0.00553506 
4.40603 2.24483 0.121965 0.313883 2.23389 3.14116 2.04912 0.287206 -0.626192 -0.557389 -0.259947 0.0086591 
5.62478 2.08505 -0.804098 0.062608 2.87437 3.45631 2.32476 0.390195 -0.761965 -0.504658 -0.215045 0.00759234 
4.39332 2.06384 -0.136215 0.333379 2.22729 2.89369 1.9846 0.452048 -0.564834 -0.60876 -0.238734 0.00811365 
3.88169 1.81195 0.0779795 0.619342 2.48482 3.10964 2.05478 0.378935 -0.578504 -0.553604 -0.235579 0.0311901 
4.24958 1.77325 -0.152162 0.658219 2.7266 3.31596 2.037 0.318093 -0.535015 -0.534872 -0.188712 0.04292 
5.54939 1.72108 -0.780299 0.743881 3.24209 3.51231 2.02479 0.433558 -0.681627 -0.491654 -0.133263 0.0510678 
4.85847 2.02927 -0.570575 0.287771 2.96168 3.90384 2.42681 0.276946 -0.729619 -0.416548 -0.0869991 0.0852169 
4.02476 1.69488 -0.276451 0.314479 2.54458 3.58668 2.40691 0.402042 -0.519182 -0.361224 -0.07475 0.0914229 
4.49435 1.87499 -0.539936 0.298818 2.71634 3.82056 2.64318 0.25506 -0.598623 -0.3072 -0.0623838 0.0976278 
4.88753 1.91482 -0.573065 0.247967 2.78836 3.86981 2.96907 0.355418 -0.788347 -0.230827 -0.0776389 0.0947273 
5.237 2.07772 -0.532494 0.199448 2.95304 3.88169 2.66848 0.410502 -0.714425 -0.313013 -0.0983178 0.0692097 
5.03044 2.09437 -0.184224 0.559061 2.79732 3.62979 2.14238 0.399252 -0.515294 -0.405459 -0.102596 0.056875 
4.90589 2.72578 -0.0595934 0.080998 2.2744 3.44382 2.16461 0.378659 -0.50596 -0.489423 -0.116494 0.0568171 
3.57552 1.85321 0.576955 1.11137 2.55043 2.97198 2.00553 0.377183 -0.513304 -0.4759 -0.154095 0.0586872 
4.69207 2.3358 -0.111054 0.139709 2.53517 3.65296 2.38482 0.156187 -0.703702 -0.391596 -0.15243 0.0603167 
5.11854 2.02831 -0.143173 0.484922 2.86206 3.6383 2.54661 0.157422 -0.852885 -0.393108 -0.14486 0.0520793 
4.98474 2.76055 -0.0832334 -0.187003 2.45326 3.56478 2.45836 0.0718544 -0.780335 -0.509225 -0.1688 0.0613132 
3.56936 1.78604 0.656526 1.16271 2.76812 3.22929 1.94215 0.144032 -0.701709 -0.541031 -0.18435 0.0619835 
4.54651 2.02429 0.92145 -0.0536507 2.65186 4.09636 1.78724 0.219272 -0.903007 -0.487683 -0.174641 0.0488884 
4.59617 2.07316 0.93433 0.23948 2.73681 3.79994 1.98062 -0.113181 -0.644211 -0.665178 -0.159726 0.0644563 
4.30004 2.12805 0.722397 0.235573 2.30291 3.53123 1.999 0.0493503 -0.872293 -0.540394 -0.199834 0.050119 
3.79267 2.04151 0.742981 0.620467 2.27422 3.22542 2.05706 0.138576 -0.829573 -0.60024 -0.209759 0.0509849 
4.94897 2.65763 0.366469 -0.513767 2.16548 4.10945 2.57692 0.00294219 -0.85039 -0.517731 -0.267527 0.0681069 
4.58391 2.32988 0.285988 0.160347 2.55606 3.93837 2.51056 0.0267038 -0.81441 -0.445662 -0.250007 0.0611476 
4.21059 2.27743 0.59278 0.396814 2.38907 3.57475 2.34157 0.181077 -0.743606 -0.503683 -0.241203 0.0597058 
3.72281 2.03211 0.709913 0.852116 2.40703 3.16949 2.10326 0.274613 -0.67396 -0.558563 -0.203953 0.0594299 
4.76533 2.77335 0.610869 -0.192713 2.3466 3.82031 2.74283 0.177032 -0.796832 -0.427338 -0.275656 0.0678605 
4.80642 2.22204 0.637171 0.257802 3.00267 4.04163 2.50278 0.231472 -0.775837 -0.380924 -0.194462 0.0628412 
5.29505 2.64199 0.767358 -0.824677 2.81212 4.3684 2.67319 0.370406 -0.730048 -0.456985 -0.211826 0.066365 
4.01485 2.21341 0.881541 0.87739 2.61898 3.34562 2.11412 0.4026 -0.58888 -0.477216 -0.161259 0.0596725 
4.83744 2.74691 0.800331 -0.0530633 2.58019 4.02973 2.38794 0.434033 -0.684313 -0.406167 -0.192062 0.0647436 
4.37138 2.49262 0.813317 0.686657 2.55756 3.72499 2.31447 0.40898 -0.548503 -0.429296 -0.177207 0.061923 
4.09055 2.71493 1.04461 0.669124 2.09273 3.10793 2.37462 0.544349 -0.576072 -0.526986 -0.121783 0.0583988 
3.50198 2.01883 0.967733 1.33073 2.58178 3.06138 2.16012 0.634234 -0.438622 -0.487669 -0.130899 0.0671056 
4.48581 2.54879 0.52277 0.56138 2.2498 3.40111 2.50792 0.579562 -0.588917 -0.339598 -0.134007 0.0687063 
4.4142 2.43586 0.558886 0.838148 2.52864 3.51008 2.48294 0.552429 -0.519533 -0.367425 -0.141405 0.0674774 
4.10868 2.37881 0.733596 0.788804 2.16374 3.07747 2.29343 0.62947 -0.526148 -0.514399 -0.107846 0.06379 
3.66369 1.96504 0.72621 1.10152 2.4581 3.04376 2.11672 0.474122 -0.553134 -0.522954 -0.117377 0.070031 
4.57805 2.55398 0.276702 0.524324 2.50731 3.51714 2.44186 0.380062 -0.676101 -0.440652 -0.190663 0.0594061 
5.03955 2.4353 -0.00348322 0.345551 2.49819 3.76966 2.7703 0.405867 -0.900298 -0.354375 -0.216171 0.0547195 
4.8967 2.70698 0.00767866 -0.100879 1.96746 3.54454 2.59027 0.352184 -0.720427 -0.452901 -0.232454 0.0509425 
5.00462 2.67667 0.105088 -0.0710756 1.96511 3.67438 3.01009 0.498474 -0.866219 -0.334095 -0.30892 0.0392445 
4.90568 2.49487 -0.0210529 -0.0390807 2.10474 3.49046 2.8718 0.521474 -0.722089 -0.366195 -0.251158 0.0430416 
4.40238 2.18217 -0.0310956 0.0851541 2.18149 3.54973 2.63244 0.467924 -0.619171 -0.3486 -0.168354 0.0664869 
3.88418 2.12501 0.264587 0.174599 1.70888 2.90591 2.32922 0.678709 -0.50153 -0.501494 -0.045824 0.0652874 
5.95028 2.24122 -0.812011 -0.221995 2.22314 3.42591 2.84997 0.787361 -0.674392 -0.428079 -0.106581 0.0665027 
4.42845 2.06511 -0.239664 -0.101019 2.0289 3.22415 2.40673 0.570134 -0.567088 -0.468388 -0.0926937 0.0639609 
4.22603 1.80244 -0.112191 0.130262 1.92734 3.26199 2.35689 0.445247 -0.670942 -0.468313 -0.0770762 0.0642582 
3.77782 1.83086 -0.0279012 -0.0435251 1.6203 2.74258 2.152 0.289004 -0.829878 -0.531959 -0.0349481 0.0544661 
5.38986 1.90476 -0.691825 -0.0214092 2.62284 3.77774 2.42831 0.224495 -1.12157 -0.479819 -0.0926307 0.0782779 
4.54532 2.01823 -0.441806 -0.245097 2.09176 3.53966 2.49464 0.0712709 -0.906392 -0.357959 -0.138398 0.0790341 
4.77502 1.94892 -0.492697 -0.24019 1.97457 3.47422 2.62515 0.438945 -0.80629 -0.276229 -0.0882964 0.0846282 
4.49223 2.44606 -0.0861601 -0.478282 1.50794 3.16961 2.78229 0.802609 -0.398213 -0.191226 -0.134262 0.0688718 
5.71262 2.91461 -0.262158 -0.599777 1.51719 3.48574 3.40554 1.11527 -0.270382 -0.0784833 -0.194276 0.0264159 
4.3982 2.61926 0.587158 0.133631 1.67311 2.98217 2.6562 1.42729 0.255763 -0.00638052 -0.138667 0.0265534 
4.20863 2.92727 1.00695 0.324053 1.40089 2.67581 2.67099 1.40862 0.251031 -0.034944 -0.0931478 0.0311225 
3.52492 2.52033 1.29742 0.904242 1.71156 2.55317 2.40243 1.28321 0.192398 -0.186032 -0.0619139 0.0398526 
4.06593 2.79058 1.28824 0.855251 1.71993 2.76134 2.54094 1.2751 0.165538 -0.150905 -0.0872038 0.0391915 
4.1769 2.91466 1.09683 0.619189 1.60625 2.62657 2.6395 1.31695 0.15523 -0.183985 -0.032213 0.049688 
3.96319 3.0043 1.30316 0.373706 0.917068 1.98078 2.08257 1.17563 0.308711 -0.0258005 -0.0372431 0.00851632 
3.3906 2.48596 1.38238 0.820611 1.29422 1.84166 1.82974 1.10397 0.193964 -0.211276 -0.118622 0.00227679 
3.70905 2.53852 1.12406 0.817523 1.62605 2.50765 2.22821 1.09761 0.21489 -0.144687 -0.092841 0.0295161 
4.06027 2.86653 1.14643 0.435843 1.31778 2.34851 2.47342 1.3056 0.152572 -0.196613 -0.0846116 0.0222301 
4.8087 2.87877 0.761771 0.304662 1.7731 3.01897 2.59713 1.1166 0.254959 -0.193569 -0.120623 0.0312307 
4.42227 2.88588 0.725129 0.267606 1.45694 2.70431 2.4305 1.34306 0.33209 -0.078991 -0.117079 0.0122464 
3.76515 2.22323 0.831383 0.629712 1.59084 2.29402 2.29199 1.29109 0.416406 0.0844088 -0.057858 0.00669534 
4.10153 2.69868 0.841333 0.352469 1.51467 2.51318 2.46978 1.4163 0.250677 -0.119585 -0.175125 -0.00942856 
5.69033 3.2426 0.437731 -0.322648 1.88737 2.91275 3.22912 0.893985 0.434784 -0.235335 -0.227477 -0.0193537 
3.93447 2.70415 1.09627 0.549319 1.27644 2.27014 2.4737 1.34316 0.211457 -0.256118 -0.202319 -0.0271333 
3.55091 2.44657 1.29725 0.908149 1.60194 2.34107 2.31786 1.30782 0.163436 -0.347004 -0.214718 -0.0133451 
3.62987 2.42303 1.4055 1.06754 1.94343 2.67223 2.45552 1.39462 0.136182 -0.233448 -0.187071 0.0170155 
4.96566 3.06406 1.01341 0.385041 2.15806 3.14676 3.12098 1.2238 0.461596 -0.142215 -0.183296 0.0167678 
3.95808 2.66697 1.41888 1.11365 2.12404 2.97397 2.66937 1.58486 0.246078 -0.208905 -0.124326 0.042793 
3.73773 2.71738 1.7046 1.06309 1.88577 2.4298 2.42925 1.31174 0.12324 -0.254316 -0.0591797 0.030499 
3.87652 2.75774 1.44839 1.13047 2.08828 2.69323 2.47943 1.00075 0.128519 -0.222388 0.0119741 0.0598421 
3.8761 2.8101 1.46932 1.07957 1.91585 2.48252 1.97797 1.11769 0.101642 -0.206207 0.0581186 0.0498538 
3.44915 2.61901 1.48781 1.06383 1.61213 2.20432 2.02271 1.19978 0.308087 -0.148588 0.119827 0.0432577 
4.13018 1.97599 0.710155 1.07015 1.88534 2.48476 2.55552 1.28261 -0.154164 -0.461255 0.30472 0.162024 
4.17502 1.8535 0.704718 0.902555 2.24876 2.47408 2.59044 1.36353 -0.273181 -0.308423 0.255243 0.158867 
3.76899 1.90664 0.478049 0.900011 1.80908 2.46452 2.5908 1.41756 -0.179084 -0.353891 0.339912 0.150425 
3.50938 1.91425 0.53659 0.582181 1.47023 2.29139 2.45607 1.16933 -0.174969 -0.317097 0.391795 0.118106 
3.72412 2.42289 1.21059 0.785678 1.71998 2.41602 2.43803 0.887822 0.141196 0.000749758 0.15906 0.0823763 
3.8182 2.09432 1.07076 0.654973 1.66448 2.54734 2.06011 1.06794 0.113275 0.0525046 0.24944 0.0957741 
3.81379 2.47296 0.990021 0.640653 1.79263 2.43966 2.30867 0.955048 0.25072 0.0371747 0.105566 0.0702769 
4.16927 2.37615 0.972052 0.713806 1.27066 2.30305 2.20725 1.12842 0.107137 -0.0646687 0.25556 0.101448 
3.76494 2.27088 1.03034 0.927125 1.50009 2.24088 1.99111 0.920527 0.595934 0.105445 0.139512 0.0460809 
4.24927 2.50419 1.17645 0.714391 1.18943 1.8851 2.26003 1.02137 0.243946 -0.00456435 0.109948 0.0488816 
3.6702 2.27531 1.54241 0.83896 0.957058 1.64761 1.92715 1.37463 0.199361 -0.0548995 0.0764557 0.0145832 
3.82452 2.65856 1.37103 0.760472 1.14475 1.20988 1.74282 1.12051 0.383272 -0.199343 0.0856835 0.0138564 
3.98468 2.38628 1.3849 0.851002 1.07405 1.30854 1.52407 0.786221 0.27427 -0.148648 0.00174907 0.00854775 
3.81208 2.61424 1.4707 0.303253 0.801994 1.15928 1.51425 1.16558 0.22152 -0.0664791 0.0398423 -0.00603077 
4.26707 2.77385 1.00625 -0.133162 1.33149 1.00941 1.41485 0.844772 0.384401 -0.353351 -0.0477253 -0.0224527 
3.93053 2.41118 0.841829 0.1448 1.21825 0.990037 1.40876 0.673468 -0.158219 -0.223356 -0.0585636 -0.0222454 
4.36492 2.63976 0.966124 -0.679756 1.24512 1.16695 1.17735 0.59052 0.034764 -0.329273 -0.0199907 -0.0128582 
4.39994 2.53479 1.00733 -0.407965 1.5829 1.02085 1.6198 0.552293 0.0252803 -0.331562 -0.0176705 0.024546 
4.25782 2.32904 0.639999 0.441728 1.45484 1.27789 1.81899 0.591051 0.187759 -0.273634 -0.00848167 0.0238184 
4.01357 2.4619 1.20317 0.320123 1.71551 1.34044 2.26169 0.567969 0.393986 -0.461636 -0.0700463 0.0249321 
4.35288 2.40762 1.70874 0.136029 2.26816 1.31295 2.21722 0.606142 0.646813 -0.661636 -0.128064 0.0500391 
4.05986 2.44869 1.88127 0.794283 2.11668 1.51915 2.05031 1.24301 0.601675 -0.704534 -0.216146 -0.0118485 
4.08554 2.61178 2.12883 0.580838 2.27418 1.17699 2.10244 0.761869 0.331715 -0.548478 -0.202689 -0.00159489 