3.3006 2.01373 1.36487 0.0525596 1.70103 1.12573 2.01565 0.368174 -0.00354983 -0.110366 0.159789 0.0682522 
4.52313 2.25391 0.163665 -1.25565 2.17768 1.92998 2.84612 0.509148 -0.0601164 -0.160225 0.0143247 0.137495 
4.03691 2.04911 0.177222 0.169674 1.8055 2.71987 2.49322 0.540822 -0.695953 -0.533207 -0.154606 0.0596414 
5.19211 1.91981 -0.329092 -0.254509 3.05635 2.88342 3.22353 0.149734 -0.62125 -0.452972 -0.193289 0.0751525 
3.67276 1.82086 0.331259 0.390126 1.9259 2.69761 2.27811 0.594367 -0.515809 -0.691758 -0.0577498 0.050832 
3.91703 2.11155 0.219501 0.268247 2.00618 2.99518 2.31684 0.514885 -0.517819 -0.61355 -0.080445 0.0600111 
4.12922 1.96023 0.183937 0.397453 2.35125 3.03638 2.61264 0.409484 -0.60485 -0.554635 -0.119602 0.0657654 
4.29792 1.67746 -0.209667 0.489384 2.44354 3.17416 2.32378 0.629312 -0.523077 -0.535895 -0.148796 0.0476101 
3.83917 2.03977 0.287786 0.280384 1.77361 3.00677 2.4157 0.599641 -0.550883 -0.633065 -0.114324 0.0468835 
4.17785 2.08546 -0.0712392 -0.00851969 1.99518 3.58746 2.30437 0.4416 -0.521829 -0.63157 -0.189308 0.0446044 
4.77964 1.65328 -0.229394 0.15726 2.95925 3.65488 2.33097 0.582466 -0.742327 -0.494035 -0.192445 0.0392856 
3.85065 1.867 0.210919 0.27397 2.14965 3.01614 2.29341 0.462415 -0.561501 -0.581264 -0.165889 0.0360603 
4.17614 2.1415 0.191993 0.444555 2.79384 3.46139 2.27606 0.350711 -0.657026 -0.490995 -0.19954 0.0494818 
4.66597 2.18242 0.0537383 0.398894 3.08367 3.65991 2.24789 0.260435 -0.638747 -0.555725 -0.134696 0.0581813 
4.50974 2.50094 0.120951 0.0307401 1.89477 3.30194 2.38516 0.295666 -0.656674 -0.552221 -0.181343 0.0443985 
3.5116 1.87306 0.726321 1.2385 2.49915 3.08318 2.09783 0.446029 -0.625964 -0.656428 -0.151631 0.0563782 
3.57995 2.04247 0.893585 0.991259 2.43669 3.1038 2.26125 0.419169 -0.743286 -0.598518 -0.161151 0.0546193 
4.11034 1.95822 0.477617 1.14348 3.06697 3.68935 2.43304 0.177686 -0.823647 -0.387443 -0.188766 0.068403 
3.66449 2.32697 0.773429 0.610098 2.03637 2.97825 2.113 0.196198 -0.792432 -0.595249 -0.0668115 0.0485744 
3.57615 2.0864 0.946418 1.3741 2.53576 3.08287 2.26847 0.252589 -0.78426 -0.56743 -0.0847943 0.064756 
3.69382 2.17893 1.12302 1.498 2.90567 3.3856 2.14392 0.31845 -0.674475 -0.549409 -0.0770492 0.0753578 
4.40154 2.23821 0.734745 1.19235 3.60566 3.88403 2.08 0.371822 -0.440579 -0.280365 -0.152414 0.045322 
3.79273 2.28265 0.939486 1.19413 2.71218 3.45839 2.20736 0.446983 -0.49191 -0.374672 -0.222491 0.049798 
3.6741 2.1621 0.816201 1.06348 2.56188 3.10954 2.10615 0.449607 -0.418727 -0.459584 -0.232539 0.0400193 
3.44378 2.03182 0.874605 1.1269 2.27484 2.76203 2.02773 0.565987 -0.434417 -0.517537 -0.217568 0.034573 
5.57571 2.65675 -0.53239 0.368142 2.95524 3.52636 2.64127 0.487835 -0.60739 -0.379057 -0.196036 0.019221 
5.74176 2.22856 -0.505001 0.614517 2.92231 3.90025 2.70009 0.639678 -0.888593 -0.344792 -0.167479 0.0310538 
4.12739 2.32306 0.489701 0.533162 2.44418 3.4764 2.27139 0.362936 -0.511301 -0.373699 -0.265437 0.0317394 
3.79534 1.9588 0.361987 0.635915 2.06861 2.84735 2.11587 0.521995 -0.489005 -0.513069 -0.25418 0.0124958 
5.40286 2.36791 -0.6953 -0.27602 2.60645 3.65061 2.7531 0.503297 -0.927461 -0.465929 -0.265999 0.0209147 
4.95374 2.20848 -0.74261 -0.572811 2.12049 3.37214 2.58648 0.55909 -0.774819 -0.516531 -0.288599 0.0126304 
4.82929 1.97467 -0.959422 -0.575013 2.15084 3.36902 2.75261 0.329834 -0.780451 -0.604875 -0.319261 0.0037283 
5.87812 1.35362 -1.51008 -0.759312 2.59998 3.35298 2.65312 0.576013 -0.780145 -0.6509 -0.254845 0.00405395 
3.32385 1.1635 -0.37291 -0.063143 1.94911 2.97979 2.37112 0.734943 -0.5127 -0.625535 -0.26775 -0.0115873 
4.90835 1.65052 -1.07115 -0.257291 1.92312 3.00862 2.53165 0.698707 -0.48575 -0.648307 -0.310122 -0.018693 
5.68207 1.7056 -1.24948 -0.102761 2.43563 3.46849 2.89228 0.509352 -0.79142 -0.609004 -0.256821 0.0090537 
4.66639 1.84472 -0.747984 -0.372237 2.01719 3.30407 2.43116 0.351603 -0.681253 -0.64035 -0.287504 0.00249493 
3.66355 1.25186 -0.308185 0.319564 2.28126 3.04932 2.075 0.381797 -0.696104 -0.617584 -0.322211 0.00360764 
4.55029 1.77017 -0.471659 -0.0613934 2.02552 3.44457 2.40289 0.186531 -0.978255 -0.654045 -0.311744 0.0154657 
5.31809 1.63019 -0.773245 -0.176358 2.31458 3.67438 2.8932 0.257336 -1.36546 -0.627342 -0.290622 0.020458 
3.85532 1.73184 -0.100469 -0.0114116 1.72591 2.82179 2.11913 0.249116 -0.913628 -0.795087 -0.29094 0.00930092 
6.76966 1.07498 -0.686326 0.266344 3.02442 3.10447 2.63598 0.157214 -1.10111 -0.752417 -0.211651 0.0324621 
3.511 1.76208 0.420816 0.694544 2.15312 2.8341 2.05213 0.340935 -0.841196 -0.778338 -0.257957 0.0330249 
5.25354 2.07406 -0.148721 0.449065 2.46347 3.718 2.58512 0.33241 -1.04636 -0.577799 -0.262852 0.0301071 
4.21731 2.19679 0.432211 0.462411 2.10758 3.25428 2.36147 0.366347 -0.885902 -0.550471 -0.293795 0.0314682 
6.49189 2.00938 -0.728522 -0.0234648 2.65206 3.78364 2.80192 0.625852 -0.966877 -0.658656 -0.219772 0.0267472 
3.63866 1.75952 0.294024 0.666094 2.22611 3.03642 2.12494 0.369626 -0.66865 -0.623786 -0.291185 0.0275261 
3.75863 1.82414 0.223419 0.671679 2.34617 3.06611 2.15288 0.357763 -0.747961 -0.638811 -0.237482 0.0415705 
5.59947 1.94639 -0.836566 0.254052 2.87484 3.62524 2.57746 0.330775 -1.00092 -0.570316 -0.176768 0.050809 
5.83086 2.37765 -0.964668 -0.133965 2.5328 4.25987 2.78711 0.367502 -1.03593 -0.6352 -0.175757 0.0692961 
4.9186 2.16062 -0.471834 -0.0935496 2.42034 4.10723 2.77864 0.243176 -0.94411 -0.418723 -0.179506 0.0785508 
3.83537 1.52911 -0.157457 0.565052 2.50615 3.36049 2.27841 0.450594 -0.555342 -0.398813 -0.102303 0.0826177 
4.07972 1.38226 -0.437522 0.320468 2.51247 3.65193 2.63272 0.496371 -0.527395 -0.264749 -0.0503244 0.0957217 
5.5386 1.90081 -0.860655 -0.409585 2.6815 3.79709 3.23624 0.321899 -0.707533 -0.402792 -0.0741444 0.094464 
4.66407 2.03322 -0.362881 -0.381474 2.38013 3.62651 2.74991 0.451277 -0.772818 -0.296072 -0.127088 0.0866599 
3.63944 1.66518 -0.0154878 0.363544 2.06335 3.09558 2.33924 0.517811 -0.520913 -0.418533 -0.0566379 0.0777726 
3.94977 1.49903 -0.135855 0.421266 2.36934 3.28925 2.33042 0.463059 -0.566608 -0.313591 -0.0746001 0.0770087 
5.14953 1.94083 -0.292628 0.031763 2.49024 3.66646 2.80159 0.314552 -0.875719 -0.344218 -0.119033 0.0723884 
4.42856 2.17822 0.116245 0.0733172 2.06461 3.2052 2.41801 0.370045 -0.710602 -0.467728 -0.150741 0.0682221 
3.79816 1.8496 0.235307 0.719899 2.34197 3.17249 2.10806 0.340966 -0.678475 -0.541252 -0.191801 0.0598869 
4.24018 2.04385 0.0418294 0.902673 1.92808 3.28033 2.91963 -0.166872 -0.672827 -0.473107 -0.213404 0.041041 
4.27564 2.0151 0.228099 0.53761 2.37049 3.25079 2.22993 0.327557 -0.754785 -0.595863 -0.242285 0.04143 
4.23267 2.13505 0.390918 0.312518 1.99393 2.98371 2.25446 0.415408 -0.812476 -0.633447 -0.246601 0.0320019 
4.60458 1.99469 0.413608 0.335475 2.18698 3.10833 2.37085 0.38246 -0.824241 -0.60606 -0.260048 0.0268132 
4.56339 1.90883 0.586024 0.299636 2.39055 3.28349 2.22597 0.350049 -0.83148 -0.656253 -0.279935 0.023871 
3.99263 1.94465 0.615654 0.53645 2.14356 3.09279 2.12714 0.339214 -0.801174 -0.686516 -0.284223 0.0246958 
4.12449 2.58204 0.740979 0.108886 1.70941 3.05878 2.23312 0.280824 -0.914606 -0.718703 -0.291701 0.0283407 
4.18057 2.14647 0.436395 0.32461 1.94723 3.01252 2.1368 0.28442 -0.911299 -0.663515 -0.267667 0.0327333 
4.76418 2.29034 0.165948 0.343521 2.35014 3.42345 2.49499 0.227188 -0.945117 -0.576546 -0.289271 0.0364184 
4.47313 2.027 0.117059 0.348906 2.44732 3.54553 2.40802 0.196346 -0.888293 -0.483713 -0.290729 0.0386847 
5.03978 2.59058 -0.0698136 -0.427821 1.95174 3.41053 2.65497 0.331068 -0.911944 -0.548075 -0.287581 0.0433971 
3.95737 1.97733 0.3536 0.521272 2.18779 3.12688 2.19024 0.335763 -0.700849 -0.576233 -0.258187 0.0417296 
4.77358 2.41799 0.296944 0.118727 2.07246 3.42402 2.67439 0.235845 -0.811275 -0.524334 -0.281535 0.0404076 
4.43236 2.1405 0.429272 0.589006 2.45584 3.25346 2.24613 0.360833 -0.68754 -0.59525 -0.252338 0.0367544 
4.53316 2.7236 0.679302 0.252483 1.90844 3.09166 2.3625 0.355302 -0.768472 -0.653153 -0.248311 0.0388666 
3.73175 1.97712 0.799299 1.19849 2.45768 2.99631 2.15884 0.452583 -0.694085 -0.654107 -0.248982 0.0460578 
4.96119 2.30405 0.383868 0.432329 2.44436 3.51459 2.65931 0.253228 -0.888818 -0.506208 -0.255369 0.0385779 
4.45028 2.30169 0.641614 0.724121 2.42384 3.41247 2.43635 0.292418 -0.825032 -0.530868 -0.260364 0.0422017 
4.60995 2.90737 0.690586 0.192596 1.84237 3.18934 2.47667 0.294402 -0.867585 -0.551916 -0.252839 0.0494806 
3.88081 2.11358 0.762403 1.16478 2.58152 3.26493 2.24709 0.368265 -0.722992 -0.60784 -0.230439 0.0580202 
4.92253 2.67387 0.506114 0.483309 2.36279 3.61191 2.74706 0.439243 -0.958659 -0.468226 -0.253553 0.0548698 
4.97737 2.68852 0.546496 0.389457 2.17226 3.55168 2.81516 0.471416 -0.966445 -0.473826 -0.249863 0.0570732 
4.48448 2.41946 0.726825 0.743774 2.18396 3.15309 2.51899 0.488364 -0.82883 -0.64546 -0.214814 0.0540905 
3.45109 1.79161 0.971639 1.45937 2.58803 3.00821 2.22853 0.578525 -0.648998 -0.713027 -0.294299 0.0632177 
4.44387 2.41129 0.846462 0.798247 2.14794 3.07984 2.51141 0.477624 -0.830912 -0.720715 -0.228699 0.0477499 
4.57582 2.31262 0.702505 0.894304 2.38626 3.21552 2.59864 0.52663 -0.857602 -0.634532 -0.269347 0.0408644 
4.25209 2.22471 0.538299 0.778295 2.17599 2.92409 2.28354 0.583346 -0.736608 -0.714849 -0.22713 0.0425042 
3.66795 1.85559 0.532965 0.939838 2.41852 3.05843 2.10129 0.435744 -0.494961 -0.58262 -0.267988 0.0418956 
4.9878 2.23855 -0.136219 0.0644237 2.06896 3.25464 2.54072 0.542095 -0.725785 -0.43534 -0.217524 0.0368088 
5.01249 2.05422 -0.279314 -0.0671971 2.11025 3.51523 2.73214 0.489986 -0.73409 -0.351507 -0.188368 0.0472783 
4.17532 1.72652 -0.0716575 0.310108 1.92984 2.97181 2.35207 0.697382 -0.57173 -0.455595 -0.149212 0.0514614 
3.63438 1.64133 0.0615451 0.342242 1.79103 2.7329 2.33134 0.672953 -0.567274 -0.555099 -0.155305 0.0424454 
5.35181 1.90462 -0.549125 -0.0490752 1.774 3.16756 2.79082 0.61644 -0.814177 -0.4973 -0.185935 0.0407405 
4.86064 1.78172 -0.561066 -0.134467 1.80894 3.10389 2.57393 0.631612 -0.69704 -0.498335 -0.159253 0.0439216 
3.76003 1.57301 -0.239207 -0.0971387 1.66665 3.02008 2.46903 0.663382 -0.590996 -0.532102 -0.150711 0.0258673 
3.14206 1.28717 -0.0168101 0.368774 1.998 2.92553 2.12191 0.51537 -0.561657 -0.576793 -0.127003 0.0272004 
4.40227 1.97898 -0.412264 -0.367258 1.71829 3.32026 2.65747 0.542778 -0.60217 -0.462946 -0.16992 0.0438759 
5.15567 2.24185 -0.792544 -0.430317 1.977 3.78054 2.95128 0.437557 -0.808072 -0.41712 -0.18681 0.0537367 
4.2827 2.04055 -0.229019 -0.309863 1.77117 3.35128 2.60235 0.419053 -0.628695 -0.319571 -0.180199 0.0536025 
3.93235 1.9643 -0.0834193 -0.145562 1.63407 3.00272 2.4291 0.587411 -0.485085 -0.298192 -0.12266 0.0568006 
4.19981 2.03582 -0.326155 -0.441669 1.74495 3.24611 2.6082 0.708771 -0.309268 -0.163204 -0.0649328 0.0782018 
4.72015 2.18158 -0.536037 -0.623825 1.62234 3.48327 2.84411 1.0021 -0.242876 -0.0757275 -0.0562045 0.0768977 
4.22767 1.79549 -0.115191 0.0949057 2.11163 3.20353 2.4623 0.781106 -0.110894 0.0187407 0.0402434 0.0834222 
4.33973 2.50014 0.387806 0.256983 1.87104 2.9886 2.2351 0.69539 -0.215816 -0.104191 0.0713017 0.104012 
4.19768 2.79758 1.00532 0.426971 1.44308 2.52415 2.31691 0.950916 -0.143188 -0.359113 0.037188 0.0780236 
4.002 2.61611 1.04611 0.828925 1.55776 2.62755 2.40671 1.06338 -0.0992729 -0.404336 0.126908 0.0947362 
4.73647 3.11086 0.956477 0.484527 1.50058 2.8841 2.62393 0.905661 -0.150746 -0.39706 0.0759845 0.120795 
5.0668 3.09197 0.610757 0.0134438 1.60673 2.98944 2.81965 1.00598 -0.206435 -0.252286 -0.0175132 0.110105 
3.72765 2.30199 0.79188 0.529706 1.46244 2.58541 2.40302 1.03604 -0.113768 -0.31022 0.0474776 0.0738225 
3.67785 2.11271 0.510838 0.194695 1.36912 2.55089 2.36734 1.23513 -0.0015947 -0.253216 0.0340097 0.0600631 
5.32521 2.53645 -0.00401781 -0.259454 1.86431 2.86762 2.20899 1.21368 0.156509 -0.212809 -0.0225042 0.0566138 
4.38457 2.66674 0.441805 0.276495 1.83076 2.71853 2.5069 0.996835 -0.108052 -0.16245 -0.144657 0.0384633 
3.24359 1.83099 0.79753 0.964634 1.98424 2.53268 2.02897 0.828966 0.0425445 -0.234979 -0.130276 0.0328157 
4.10883 2.65264 0.8359 0.714837 1.70744 2.60154 2.35502 0.680946 -0.260259 -0.382021 -0.041139 0.0437651 
4.90212 2.71124 0.771855 0.812482 2.06905 2.82426 2.61108 0.714659 -0.388489 -0.469 -0.13098 0.0438992 
4.44141 2.6724 1.04883 0.665697 1.65286 2.53558 2.23417 0.825952 -0.296182 -0.421372 -0.0793039 0.033544 
3.9167 2.36313 1.16518 0.909411 2.14384 2.62616 2.02386 0.828828 -0.061973 -0.36292 -0.109942 0.0231526 
4.66453 2.9387 0.775523 0.338392 1.48966 2.74768 2.26116 1.13042 -0.119064 -0.322009 -0.187239 0.00659306 
3.99776 2.5301 0.844918 0.54937 1.59162 2.45983 2.33409 1.26905 0.271765 -0.16296 -0.197874 -0.0107204 
3.35425 2.27591 1.19447 0.900936 1.50775 2.12902 2.1299 1.31225 0.41932 -0.0822387 -0.160402 0.00077426 
3.60614 2.2182 1.15849 1.16265 1.86518 2.4775 2.29335 1.34293 0.35004 -0.104482 -0.106281 0.0321616 
4.24368 2.99494 1.37105 0.771077 1.71431 2.77974 2.53378 1.35524 0.213359 0.0317048 -0.156106 0.0166602 
3.63919 2.72774 1.6079 1.37326 1.99065 2.42481 2.09018 0.80599 0.103559 -0.205161 -0.0609745 0.0298112 
3.50714 2.59283 1.62591 1.1361 1.6352 2.16044 2.02646 0.794339 -0.0704639 -0.305788 -0.0785393 0.016555 
3.75361 2.60878 1.57462 1.441 2.17089 2.81672 2.2642 0.89536 -0.0227217 -0.275731 -0.110632 0.0371451 
4.12094 1.94769 1.05813 1.64443 2.29502 2.60205 2.40827 1.29851 0.0528164 -0.18189 -0.0599994 0.0593607 
4.09724 2.13797 0.343965 0.565879 1.74484 2.86323 2.794 1.08722 -0.040571 -0.274825 0.175145 0.126049 
3.9309 1.89567 0.366698 0.541828 2.03176 3.04169 3.00165 1.15197 -0.114949 -0.152416 0.184628 0.139492 
4.80101 1.80179 0.0669271 0.41291 1.89536 2.8795 3.23967 1.12583 -0.178582 -0.101437 0.181142 0.151639 
4.1924 1.69244 -0.114731 0.488344 2.4129 3.34126 2.16606 0.751055 0.164586 -0.212986 0.15387 0.120554 
3.65549 2.43291 1.15718 0.642102 1.25768 2.07651 1.91405 0.929349 -0.116835 -0.214879 0.214996 0.0749259 
3.75829 2.45131 1.01557 0.615643 1.39672 1.86656 1.9203 0.700177 -0.108462 -0.263829 0.165561 0.0719211 
4.54585 2.37096 0.417922 0.677032 1.44834 1.17473 2.21551 1.42186 -0.141385 -0.141371 0.155721 0.105343 
4.79712 2.487 0.898492 0.488902 1.21185 0.778938 2.47283 1.48438 0.0200507 -0.295659 0.0961056 0.0862034 
4.6138 2.45386 0.811107 0.52245 1.05657 0.554617 2.54802 1.43056 0.334488 -0.118669 0.110966 0.0586925 
4.46545 2.39377 0.882594 0.440737 0.824198 0.706601 2.28995 1.2441 0.521369 -0.291049 0.00739254 0.00509558 
4.68479 2.4338 0.419949 0.0797835 1.20721 1.01529 1.78758 1.3843 0.607464 -0.353559 -0.00368045 0.00737405 
5.01263 2.72199 0.520527 -0.784765 1.17197 0.870704 2.2292 0.623502 0.636694 -0.279264 -0.160067 -0.0260564 
4.61175 2.96216 0.833246 -0.415569 0.750915 1.45559 1.84698 0.611745 -0.0468334 -0.199533 -0.189635 -0.0343814 
4.1343 2.95015 1.1548 -0.429324 0.617025 1.37826 1.79396 0.703314 -0.0944882 -0.241751 -0.158838 -0.0343424 
4.85482 2.80844 0.784356 0.163712 0.845547 1.975 1.48805 0.691392 -0.259752 -0.238917 -0.157023 -0.016741 
4.86503 2.97945 0.739821 -0.159679 1.3717 1.45071 1.71704 0.523978 -0.265005 -0.407237 -0.0890827 0.0207684 
4.16348 2.58749 0.885038 0.204852 1.53474 1.93864 1.60135 0.512498 -0.37199 -0.367256 -0.0763552 0.0158474 
3.82652 2.38646 0.816409 0.350037 1.70506 1.5604 1.17021 0.596301 -0.221679 -0.30494 0.0336658 0.0210414 
4.44287 2.51417 0.727004 -0.25379 1.53002 1.27645 1.96352 0.579617 0.00156565 -0.290158 -0.000951658 0.0440292 
4.30216 2.76429 1.0846 0.292517 1.19696 1.45016 2.08453 0.603703 -0.255115 -0.225133 -0.162 -0.0139906 
4.09101 2.60771 1.31081 0.614677 1.16238 1.60888 2.15764 0.40709 -0.110251 -0.291492 -0.191563 -0.028852 
3.9892 2.69415 1.13127 0.981976 0.862277 1.55156 2.09374 0.0573912 0.0376408 -0.4093 -0.0818264 -0.0222795 
4.43872 2.79321 1.28202 0.375699 1.5884 1.6217 2.37463 0.0843952 -0.377339 -0.148133 -0.0801908 0.0380367 
4.30235 2.43242 1.24693 0.151122 1.92324 1.75145 2.51965 0.117584 -0.0794536 -0.237417 0.0832892 0.100626 
4.31393 2.39851 0.95744 -0.341454 1.48984 2.05101 2.55994 0.747232 -0.0128935 0.191935 0.200388 0.114691 
3.82445 2.24836 1.04506 0.0440823 1.443 2.27149 2.45839 0.537939 0.334917 0.0396691 0.217292 0.0991475 
3.92125 2.42408 1.35984 0.375518 1.19232 2.32568 2.34262 0.873137 0.534971 -0.327011 0.0929017 0.0596657 
4.00976 2.86564 1.25611 -0.0335983 1.52506 2.00871 2.30384 1.14033 0.402269 -0.0189819 0.0609781 0.0481181 
4.04225 2.77921 1.33036 -0.064349 1.43715 1.5365 2.50505 1.03278 0.621563 -0.139043 0.145694 0.0614923 
3.79014 2.44457 1.26413 0.342233 1.23814 1.20219 2.11513 1.23189 0.524104 -0.0204659 0.183204 0.0420669 
3.75364 2.46358 1.39232 0.141564 1.47906 1.233 1.61396 1.34849 0.208667 0.0238569 0.204084 0.0361994 