-206
-220
-119
149
121
165
138
59
-25
59
17
-36
-77
-236
-124
-110
-37
0
-38
-44
-42
-16
-74
30
-4
-12
26
-13
-38
62
95
-14
31
-57
-33
-97
-144
-133
-230
-294
-351
-241
-232
-96
-33
131
173
199
235
86
81
59
3
26
-16
43
6
-6
-93
-145
-177
-221
-155
-169
-152
-102
-55
-63
-84
-142
-184
-94
38
43
111
16
92
50
-5
-55
-35
-72
-73
-128
-133
-101
-241
-345
-286
-215
-208
-244
-236
-39
-4
82
177
139
134
152
60
98
112
96
-72
-204
-211
-296
-332
-247
-157
-213
-236
-408
-382
-392
-344
-363
-168
-25
58
104
148
93
-59
-86
-117
-93
-64
55
168
118
33
-10
-9
-71
-90
-99
-35
165
85
119
152
-26
-75
-139
-53
10
-52
61
182
321
227
206
143
23
-14
-4
28
9
-2
-51
35
20
95
91
100
85
178
252
226
304
218
176
112
68
-15
-63
-117
-95
1
-22
36
22
91
75
41
23
-30
40
-25
-98
-41
53
183
263
324
271
319
170
141
161
133
137
168
264
309
230
91
56
8
-49
-135
-175
-67
-83
-75
12
160
227
174
313
337
334
393
364
329
270
251
268
170
40
-34
-41
-82
-106
-29
27
4
11
63
164
193
149
186
138
54
10
-45
-82
-93
-44
-20
54
128
103
179
114
44
-62
-153
-128
-181
-198
-99
-55
-124
-134
-91
-33
-8
167
284
244
176
90
100
48
109
83
53
42
-47
-122
-193
-201
-240
-192
-98
-17
7
-42
-37
-153
-118
-80
-72
93
237
227
211
127
-102
-47
-23
90
136
163
249
323
179
117
63
26
59
190
179
129
182
53
-57
-79
48
21
211
248
279
243
241
250
95
73
28
24
28
6
-92
-137
-171
-129
-146
-72
54
191
331
353
316
205
152
3
106
159
156
238
141
164
133
108
21
-10
-39
-59
14
86
117
75
-80
-208
-249
-266
-251
-108
-86
-17
51
7
-116
-148
-126
-183
-133
-28
-33
-62
-58
-176
-243
-288
-315
-317
-293
-364
-379
-313
-294
-302
-301
-221
-126
-101
-47
-44
-34
-41
-30
-73
-38
106
68
32
66
110
35
80
34
60
28
88
196
248
354
354
321
326
382
301
364
298
336
416
465
534
492
361
301
320
228
317
367
499
561
661
586
473
562
477
522
488
434
323
238
121
-13
-46
-24
23
84
148
262
145
106
108
121
253
284
273
283
281
195
230
203
102
119
128
-12
-136
-177
-343
-437
-430
-391
-195
-79
-111
-194
-111
-198
-233
-265
-295
-318
-471
-442
-413
-460
-547
-733
-901
-1016
-1098
-1311
-1349
-1457
-1500
-1539
-1745
-1917
-2065
-2178
-2164
-2104
-1974
-1758
-1672
-1588
-1579
-1493
-1383
-1300
-1217
-1017
-750
-624
-494
-212
-90
-132
24
61
124
157
239
553
848
1081
1151
1303
1391
1467
1563
1541
1589
1726
1851
1938
2125
2305
2283
2312
2286
2281
2310
2300
2254
2138
2038
1953
1915
1905
1719
1609
1340
1108
1024
954
1006
979
1053
1150
1073
1154
1242
1113
1001
972
1006
1002
986
1017
913
704
619
557
562
435
477
458
465
420
299
255
106
64
-66
-179
-338
-598
-736
-984
-1350
-1662
-1942
-2324
-2553
-2623
-2688
-2782
-3007
-3220
-3314
-3484
-3535
-3357
-3303
-3161
-2924
-2704
-2375
-2097
-1959
-1804
-1722
-1555
-1299
-993
-642
-483
-352
-229
-199
3
2
-95
-117
-262
-189
-23
135
237
233
176
252
356
374
374
233
199
199
252
367
411
405
314
173
146
98
196
346
457
651
723
745
835
676
546
517
442
420
448
584
646
596
653
826
752
808
837
749
728
716
685
712
728
803
909
971
1103
1149
1165
1083
1279
1223
1220
1313
1391
1707
1782
1993
2050
1801
1679
1488
1329
1299
1208
1075
936
836
630
503
329
-86
-545
-1002
-1215
-1374
-1575
-1914
-2352
-2533
-2773
-2878
-3154
-3376
-3664
-3914
-3964
-3792
-3600
-3413
-3267
-3101
-2878
-2568
-2156
-1857
-1597
-1311
-1002
-590
-75
226
496
752
914
1124
1256
1394
1392
1373
1284
1406
1683
1704
1766
1697
1482
1308
1143
1061
1006
891
853
759
818
836
726
541
344
267
196
167
220
246
196
245
202
211
185
207
266
204
210
215
288
316
357
425
651
796
926
925
1039
1003
1036
1022
998
1103
1000
941
983
1007
978
972
918
976
1066
1250
1303
1452
1533
1600
1743
1875
1996
1961
1916
1952
1959
1776
1645
1478
1209
1018
891
751
497
105
-192
-587
-1015
-1469
-1995
-2445
-2723
-2878
-3098
-3310
-3583
-3975
-4440
-4856
-5184
-5322
-5274
-5155
-4799
-4390
-3977
-3379
-2923
-2534
-2149
-1890
-1577
-1287
-966
-524
-156
249
671
1117
1434
1754
2109
2195
2334
2421
2504
2426
2546
2656
2798
2925
2827
2783
2612
2258
1809
1528
1281
1139
1070
1023
995
1065
996
936
766
564
465
289
414
386
340
371
405
338
291
223
-19
-191
-260
-218
-235
-123
-97
-140
1
142
229
245
203
308
332
227
318
453
574
657
880
829
979
1125
1237
1436
1511
1502
1479
1649
1649
1697
1808
1822
1889
2120
2328
2493
2406
1863
1306
812
583
543
255
-81
-461
-809
-1332
-2063
-2951
-3903
-4694
-5051
-4997
-4705
-4515
-4494
-4514
-4776
-5005
-5234
-5377
-5224
-4901
-4154
-3138
-2080
-1133
-460
-210
-72
-64
-29
92
315
701
1183
1718
2194
2519
2589
2517
2222
1935
1814
1827
1918
2006
2268
2656
3087
3301
3123
2882
2276
1588
1147
912
870
993
1080
1017
727
201
-520
-1326
-1978
-2319
-2572
-2568
-2447
-2242
-1940
-1774
-1623
-1700
-1734
-1716
-1635
-1487
-1114
-725
-365
28
419
596
677
720
676
636
671
860
1100
1310
1498
1628
1631
1576
1547
1758
1946
2036
2113
2287
2574
2708
2873
2960
2909
2956
3012
2961
2544
1971
1103
99
-903
-1775
-2130
-2349
-2335
-2481
-2687
-3204
-3831
-4758
-5874
-6584
-6982
-6841
-5871
-4546
-3086
-1705
-768
-82
154
79
-242
-549
-432
-137
298
821
1344
1445
1170
613
-40
-701
-1162
-1437
-1292
-695
156
1261
2229
2877
3160
3222
3017
2763
2539
2303
2089
1855
1586
1442
1101
544
-166
-995
-1659
-2120
-2350
-2354
-2325
-2240
-2215
-2032
-1868
-1831
-1813
-1832
-1807
-1432
-946
-413
-29
186
403
506
540
603
600
437
565
790
1232
1536
1741
1766
1659
1514
1440
1488
1316
1175
1079
1041
1224
1242
1286
1359
1470
1716
2030
2369
2524
2576
2573
2582
2703
2765
2765
2649
2452
2377
2119
1665
971
141
-839
-1951
-2832
-3675
-4316
-4595
-4354
-3875
-3386
-3075
-3082
-3469
-4085
-4638
-4960
-4872
-4282
-3274
-1786
-198
1095
1910
2240
2147
1664
1106
776
541
391
500
477
446
395
152
-77
-609
-934
-1023
-953
-747
-380
298
989
1734
2303
2502
2472
2067
1468
726
22
-679
-1406
-1808
-1991
-2117
-2481
-2950
-3224
-3376
-3217
-2770
-2162
-1501
-816
-332
-44
125
-108
-491
-812
-788
-604
-329
121
504
845
1067
1187
1055
999
1012
964
1182
1556
1934
2347
2537
2490
2254
1820
1219
652
-74
-579
-798
-788
-330
197
938
1805
2565
3213
3760
4044
4034
3743
3435
2989
2509
1997
1587
1191
965
830
538
164
-475
-1248
-2035
-2806
-3523
-4070
-4255
-3876
-3263
-2676
-2237
-2192
-2509
-3200
-4056
-4667
-4916
-4849
-4179
-2801
-988
919
2198
3025
3248
2925
2401
1543
657
-168
-870
-1210
-1253
-1134
-966
-996
-1088
-1090
-913
-864
-636
-169
434
1210
1881
2539
2963
3049
2571
1819
827
-373
-1427
-2514
-3043
-3331
-3536
-3478
-3179
-2654
-2076
-1590
-1099
-864
-692
-414
-274
-151
-244
-390
-713
-994
-1068
-1062
-1017
-892
-565
-100
509
1197
1660
1936
2031
1924
1825
1509
1278
914
551
141
-86
-263
-441
-564
-540
-285
22
450
1156
1982
2858
3987
5023
5853
6151
5918
5286
4390
3506
2563
1767
1169
900
982
907
727
224
-380
-1011
-1834
-2550
-3176
-3425
-3379
-2961
-2696
-2599
-2780
-3477
-4184
-4872
-5503
-5953
-5879
-5328
-3968
-2274
-253
1401
2578
3306
3279
2883
2120
1173
200
-713
-1451
-1664
-1668
-1421
-1190
-828
-412
-179
116
621
1156
1905
2688
3297
3705
3746
3686
3031
1936
607
-788
-1981
-2941
-3468
-3590
-3588
-3266
-2632
-1635
-632
193
848
1219
1265
1163
787
209
-521
-1396
-2022
-2469
-2603
-2509
-2197
-1712
-1123
-532
285
1196
2047
2745
3216
3419
3163
2762
1933
957
77
-540
-799
-893
-724
-350
138
731
1427
2133
2981
3843
4642
5190
5531
5737
5569
5279
4770
4212
3545
2981
2580
2115
1655
1181
712
326
-266
-1193
-2477
-3530
-4105
-4103
-3601
-3042
-2529
-2458
-2696
-3311
-4231
-5348
-6438
-6889
-6452
-5067
-3088
-1124
503
1699
2450
2549
1805
507
-914
-2344
-3323
-3665
-3472
-2800
-1811
-1076
-517
97
412
503
523
809
1372
2092
3080
3866
4318
4294
3818
2878
1401
-365
-2322
-4086
-5371
-5830
-5411
-4415
-2962
-1054
949
2381
3337
3614
3173
2308
1228
112
-802
-1474
-1934
-1932
-1877
-1708
-1577
-1511
-1312
-948
-398
637
1864
3124
4258
5028
5391
4856
3950
2642
1113
-350
-1307
-1802
-1820
-1185
-272
1046
2159
3169
3956
4414
4601
4766
4908
4934
4964
4998
4996
4915
4536
4200
3775
3214
2651
1755
935
55
-778
-1897
-3163
-3979
-4396
-4113
-3543
-3071
-2876
-3028
-3547
-4164
-4962
-5710
-6090
-6012
-5218
-3684
-1650
146
1529
2369
2485
2163
1200
-362
-1921
-3369
-4450
-4906
-4619
-3971
-2941
-1828
-804
184
928
1326
1448
1626
1862
2282
2710
3113
3365
3396
3119
2543
1284
-289
-1975
-3751
-5116
-5761
-5592
-4664
-2957
-597
1911
4074
5556
5878
5350
3953
2036
-24
-2067
-3614
-4414
-4314
-3467
-2031
-557
754
1808
2588
3101
3397
3449
3609
3546
3255
3009
2365
1494
469
-655
-1613
-2165
-2437
-1974
-1085
177
1507
2889
4151
5099
5779
5860
5668
5284
4762
4213
3915
3795
3653
3682
3776
3639
3215
2465
1464
-30
-2058
-4331
-6201
-7051
-6822
-5598
-4389
-3334
-2752
-2741
-3272
-4437
-5847
-7255
-7892
-7314
-5376
-2659
175
2555
4095
4578
4134
2538
-173
-3269
-6020
-8010
-8909
-8444
-6802
-4450
-1917
245
2031
3227
3692
3570
3127
2804
2714
2788
3067
3594
4036
4180
3898
2779
1031
-926
-3199
-5286
-6620
-6749
-5898
-3908
-828
2434
5373
7672
8707
8395
6784
4230
1076
-2243
-4885
-6532
-6962
-6180
-4526
-2380
-175
1886
3449
4315
4750
4947
4835
4619
4503
4092
3334
2272
867
-715
-2211
-3366
-3953
-4074
-3468
-2252
-632
1381
3254
5027
6085
6576
6569
5975
5137
4110
3233
2473
2337
2500
2993
3319
3215
2624
1344
-628
-3364
-6134
-8160
-8703
-7856
-6193
-4518
-3192
-2528
-2785
-3864
-5449
-7155
-8444
-8654
-7556
-5178
-2128
1012
3711
5366
5938
5123
2912
-316
-3940
-7281
-9947
-11105
-10810
-9059
-6267
-3019
59
2831
5049
6214
6723
6513
5792
4783
3895
3319
3065
2987
2915
2474
1655
281
-1666
-3847
-5802
-7013
-7395
-6332
-3830
-320
3627
7342
10178
11413
11021
8729
4825
67
-4442
-8134
-10378
-10821
-9700
-7039
-3642
36
3238
5597
7136
8056
8181
7737
7043
6095
5000
3750
2377
846
-845
-2389
-3664
-4669
-4875
-4528
-3224
-1242
1171
3856
6246
7849
8572
8451
7676
6422
4959
3543
2617
2319
2240
2235
2085
1499
61
-2105
-4638
-6846
-8157
-8250
-7563
-6477
-5188
-4134
-3364
-3196
-3634
-4641
-5676
-6110
-5743
-4437
-2544
-474
1517
3187
4274
4598
3754
1795
-907
-3872
-6801
-9106
-10370
-10431
-9550
-7951
-5702
-2721
513
3422
5901
7520
8345
8495
8335
7613
6561
5307
3694
2146
545
-1153
-3189
-5390
-7181
-7920
-7589
-6029
-3402
-236
3278
6440
8869
10121
10219
8812
6120
2798
-549
-3513
-5635
-6927
-7481
-7249
-6113
-4294
-2024
469
2990
5294
7316
8964
9916
10090
9404
8042
6047
3690
1287
-1106
-3145
-4708
-5587
-5629
-4747
-3142
-725
2151
5036
7350
8819
9350
8937
7918
6449
4808
2979
1282
-353
-1713
-3045
-4387
-5920
-7197
-7739
-7294
-6368
-5370
-4796
-4702
-4952
-5508
-6152
-6901
-7451
-7493
-6476
-4473
-2126
131
1741
2462
2430
1898
859
-553
-2100
-3485
-4333
-4719
-4451
-3673
-2860
-2504
-2596
-2958
-3276
-3197
-2791
-1934
-423
1648
3821
6245
8354
9440
9589
8804
6897
4293
1253
-2286
-5514
-7887
-8909
-8287
-6389
-3407
-174
3006
5775
7610
8435
8122
6845
4870
2952
1241
-63
-852
-1365
-1726
-1801
-1794
-1745
-1568
-1444
-753
449
2199
4235
6547
8559
9979
10773
10592
9528
7655
5380
2746
-109
-2541
-4221
-5120
-5087
-3951
-1951
609
3524
6201
8238
9391
9957
9732
8337
6154
3252
-91
-3448
-6652
-9534
-11454
-11946
-10877
-8835
-6776
-5163
-4486
-4620
-5587
-7090
-8687
-10022
-10218
-8798
-5698
-1799
2023
4913
6375
6477
5113
2360
-1310
-5138
-8345
-10525
-10838
-9363
-6271
-2604
761
3463
4899
5189
4164
2306
82
-1875
-2749
-2343
-643
2119
5186
7947
9710
10061
8577
5306
751
-4016
-8032
-10349
-10552
-8586
-5039
-620
4153
8009
10335
10747
9181
6178
2459
-1212
-3799
-4952
-4720
-3224
-893
1778
4121
5558
5700
4936
3349
1614
211
-531
-171
1075
2989
5259
7517
9265
9927
9744
8344
6163
3755
1292
-896
-2433
-2723
-1846
-111
1979
4065
5789
6987
7630
7150
5940
4071
1422
-1775
-5292
-8218
-9870
-10063
-9430
-8554
-7684
-7248
-7111
-7359
-8011
-8868
-9740
-9992
-9269
-7399
-4683
-1946
615
2767
4554
5446
4920
3184
347
-3124
-6522
-8881
-10037
-9983
-8837
-7029
-4534
-1678
925
2805
3896
4129
3651
2939
2310
2195
2227
2525
3109
3904
4651
4989
4221
2300
-120
-2587
-4521
-5796
-5893
-4800
-2694
295
3735
6703
8473
8982
7857
5394
2717
50
-2286
-3783
-4304
-3540
-1735
1032
3759
5982
7401
7788
7387
5963
4110
2058
92
-967
-996
-170
1591
3634
5714
7440
8293
8328
7572
6281
4772
3545
2923
2867
3454
4498
5748
6867
7369
6927
5115
1987
-2395
-7451
-11848
-14621
-15017
-13164
-10010
-6424
-3288
-1155
-442
-1515
-4010
-7450
-10983
-13201
-13207
-11388
-8186
-4320
-588
2688
4732
5053
3467
183
-3934
-8130
-11138
-12360
-11663
-9368
-6247
-2700
841
3844
5614
5816
4653
2404
-181
-2618
-4363
-4752
-3948
-2028
815
4130
7022
8694
8600
6746
3782
280
-2880
-5083
-5902
-5088
-2845
497
4160
7055
8696
8793
7339
4561
1236
-1932
-4252
-5364
-4996
-3238
-314
3455
6956
9845
11636
12252
11454
9259
6204
2958
75
-1807
-2406
-1593
284
2760
5121
6752
7589
7417
6166
4086
2271
1148
1091
2481
4960
8130
11345
13650
14237
12474
8077
1705
-5308
-11320
-15354
-17385
-17559
-16488
-14430
-11351
-8238
-5879
-4782
-4748
-5577
-5994
-5214
-3898
-2358
-798
656
1661
2412
1879
-316
-3627
-7990
-12466
-15789
-17470
-17313
-15354
-12354
-8434
-3971
464
4144
6632
7608
7361
6463
5003
3383
1651
-44
-1564
-2515
-2680
-2400
-2051
-2082
-2300
-2128
-1454
-255
1446
3161
4557
5882
6775
7000
6653
5316
3148
801
-1363
-2797
-3340
-3062
-2058
-299
1889
4257
6418
7835
8521
8585
8209
7586
7072
6403
5436
4248
3004
1870
1249
1117
1285
1677
2617
3917
5129
6177
6764
6977
6812
6471
6155
6201
6549
6921
7353
7214
5763
2828
-991
-4407
-6740
-7923
-8574
-9238
-9620
-9529
-9229
-9376
-10019
-10865
-11466
-10894
-8589
-5537
-2361
354
2077
3630
4708
4910
3358
385
-3648
-8063
-11846
-14441
-15859
-16099
-15418
-13959
-11510
-8200
-4561
-1133
1639
3563
4996
5725
5832
5254
4166
2765
1457
216
-651
-1544
-2606
-3687
-4431
-4583
-3794
-1901
431
3009
5453
7669
9245
9788
9068
7117
4357
1420
-1018
-2764
-3513
-3285
-2227
-594
1584
3905
5866
7455
8607
9361
9643
9979
9782
9236
8238
6898
5285
3650
2360
1311
721
695
1343
2333
3743
5078
6430
7741
8959
10079
11205
12099
12331
11724
9364
5208
307
-4076
-7402
-9364
-10643
-11396
-11751
-11462
-10584
-9958
-10014
-10572
-10881
-9942
-7013
-2994
752
3619
5375
6099
6082
4839
1914
-2340
-7656
-13238
-17449
-19616
-19790
-18366
-15825
-12615
-8805
-4783
-1602
670
2130
2513
2426
2236
1961
1779
1630
1295
1140
1018
708
-245
-2094
-4236
-6118
-6838
-6137
-3885
-639
2722
5916
8457
9775
9948
8627
6033
2782
-673
-3120
-4191
-3900
-2151
678
3895
7211
9861
11352
11489
10400
8500
6390
4461
3237
2696
2822
3505
4650
6046
7021
7889
8181
7805
6865
5458
4055
2929
2700
3268
4387
6185
8249
10020
11269
11357
9457
5776
1954
-927
-2609
-3357
-3980
-5024
-6207
-7342
-8880
-11205
-14160
-16999
-18660
-17662
-13778
-8051
-1960
3475
7956
11280
13141
12958
10121
4521
-2706
-10114
-16304
-20497
-22515
-22811
-21630
-19133
-15350
-10816
-6502
-2788
-105
1776
3218
4582
5650
6373
6200
5263
4097
2548
593
-1847
-5027
-8199
-10341
-10783
-8947
-5392
-853
3934
8135
11191
12651
12238
10064
6146
1518
-2646
-5435
-6443
-5524
-2886
800
5016
8904
11579
12807
12617
11418
9704
7822
6304
5345
5047
5235
5709
6329
7086
7732
8140
8151
7612
6830
5785
4747
4118
4069
4262
4845
5816
6706
7292
6746
4462
1180
-1523
-2723
-2190
-833
432
780
605
-79
-2001
-5134
-9786
-15090
-19287
-20505
-18539
-14560
-9569
-4344
1024
6516
10877
13049
12266
8580
2573
-4202
-10277
-15106
-18237
-19860
-20159
-19016
-16564
-13694
-10561
-7382
-4683
-2100
381
2402
3755
4644
4995
4714
4004
2800
1071
-1420
-4268
-6802
-8641
-9202
-8135
-5718
-2583
963
4369
6657
7635
7214
5437
2771
-25
-2577
-4148
-4447
-3329
-960
2207
5831
9135
11508
12531
12417
11443
10060
8314
6589
5391
4747
4552
4406
4461
4664
5164
6173
7505
8825
10038
11182
12348
13498
14435
15059
15042
13834
11336
6675
-8
-7119
-12753
-15129
-13866
-10082
-5443
-1038
2535
4844
5173
2622
-2566
-8907
-14136
-15962
-14096
-10059
-5070
-249
3904
7165
8988
8194
4504
-1543
-8677
-14827
-18559
-19745
-18878
-16430
-13349
-9475
-5629
-3186
-2365
-3066
-4653
-5668
-5427
-4192
-2021
428
2332
3580
4161
3532
1420
-2023
-6389
-10570
-13060
-13346
-11050
-6657
-1192
4698
10009
13804
14932
13194
8826
2658
-3802
-9259
-12798
-13381
-11399
-7186
-1472
4865
10837
14970
16739
15991
13534
10329
7219
4911
3734
3762
4857
6642
8532
9635
9740
9083
7872
6357
4786
3540
3081
4174
7046
10984
15484
19365
21203
19514
14057
6460
-1032
-6653
-9952
-11255
-11308
-10015
-7740
-5056
-3161
-3175
-5611
-9710
-12895
-13603
-11515
-7743
-3290
1231
5683
10014
12789
12737
9440
3052
-5006
-12805
-18834
-22648
-24495
-24378
-22697
-19265
-14473
-9538
-4910
-1552
524
1841
2669
3285
3580
3530
3103
2638
2161
1279
-558
-3350
-6771
-10166
-12668
-13604
-12542
-9738
-5828
-1176
3511
7172
9273
9243
7063
3436
-820
-5117
-8047
-8878
-7552
-4064
609
5864
10677
13951
15257
14366
11717
7879
4022
857
-1065
-1152
213
2661
6035
9623
12689
14899
16106
15748
14211
12095
9926
8479
8306
9480
11298
12812
12265
8978
4089
-225
-2846
-3876
-3870
-3400
-2894
-1884
-617
-326
-1560
-4632
-8860
-12218
-13121
-11699
-8692
-4952
-1139
2862
6839
9708
10230
7970
3063
-3376
-9474
-14339
-17955
-20212
-21450
-21365
-19405
-16423
-12921
-9408
-6582
-4329
-2245
-375
1173
2600
3368
3599
3589
3469
3065
1773
-261
-3151
-6126
-8479
-9825
-9721
-8556
-6220
-3051
86
2352
3378
2866
1090
-1265
-4059
-6434
-7833
-7692
-5959
-2491
2177
7063
11580
14504
15654
15066
12848
9556
5781
2167
-616
-2107
-2269
-1132
1229
4102
7195
10084
12752
15142
16731
17263
16935
16336
16136
16520
16226
13721
8763
2852
-1843
-3871
-3907
-3104
-2718
-2420
-1535
-512
-256
-1772
-5008
-8861
-10745
-9514
-6748
-3492
-257
2702
5950
9387
11348
10773
7421
1726
-4876
-10255
-14112
-16692
-17934
-18750
-18931
-18260
-17246
-15864
-13821
-11488
-8971
-5768
-2588
567
3397
5026
5685
5351
4157
2174
-760
-4318
-7624
-9868
-10618
-9490
-6931
-3572
76
3584
6420
8101
7993
5622
1404
-3863
-9338
-13542
-15768
-16113
-14091
-9959
-4176
2334
8820
13870
17131
18557
18336
16636
13514
9748
5904
2377
-146
-1352
-1409
-514
901
2465
4123
5916
7700
9395
11455
14298
17077
18276
16684
13021
8987
6405
5828
5504
4539
2608
562
-608
-1148
-2563
-5483
-9388
-12851
-13162
-10104
-5696
-1430
1807
3933
6619
9492
11020
10396
7203
2003
-3199
-6915
-9790
-11967
-14199
-16551
-17691
-16918
-15132
-12467
-9510
-6905
-3899
-510
2349
4194
4261
2122
-1540
-5390
-8841
-11467
-13027
-13569
-12821
-10831
-7534
-3043
1463
5108
7562
8634
8103
6661
4601
1912
-770
-3517
-6004
-7720
-8541
-8877
-8899
-8459
-7385
-5291
-2163
1474
5503
9462
12882
15381
16437
15663
12966
8689
3706
-889
-4167
-5601
-4718
-1663
2827
8287
13933
18778
22277
23582
21160
14405
5479
-3100
-8901
-10620
-9169
-6079
-2322
2084
6406
9441
9831
6875
1301
-4054
-6626
-6062
-3579
-504
2566
5726
9067
11735
12130
9550
4086
-2865
-8778
-11986
-12532
-11467
-9860
-8630
-7309
-6008
-5557
-6038
-7259
-8762
-9286
-8143
-5534
-1872
1972
5184
7618
8817
8284
5588
372
-6571
-13650
-19420
-22135
-20968
-16522
-10048
-2444
4812
10107
12871
12472
8939
3453
-2758
-8155
-11441
-12255
-10697
-7509
-3668
167
3287
4672
4464
2894
1082
37
19
1135
3174
5759
8004
9429
9684
8805
7067
4977
2683
540
-813
-728
1291
5023
8914
10693
10153
8321
6704
6088
5739
4451
2080
-70
-1056
-1372
-1824
-3481
-6490
-9016
-9088
-6111
-1420
3045
6407
8779
11019
13449
14981
14324
11069
5153
-1650
-7173
-10743
-12556
-13437
-14063
-14088
-13204
-11661
-9465
-6941
-4198
-1199
2150
5610
8587
10468
10179
7840
4468
422
-3562
-7465
-11222
-14290
-15990
-15706
-13038
-8367
-3021
1870
6008
8710
9549
8509
5573
1188
-4044
-8770
-12022
-12816
-10939
-7210
-2325
2888
7506
10582
11328
9898
7011
3556
222
-2723
-4743
-5361
-4557
-2471
164
2914
5245
7172
8693
9664
10203
10195
9816
8703
5267
-518
-6489
-10474
-11003
-8090
-4042
-500
2451
5083
7275
8131
6374
1790
-4003
-7991
-8068
-5223
-1447
1376
2888
4173
6275
8789
10148
9292
6152
1935
-946
-1435
-357
1232
1780
600
-1736
-4867
-8625
-12253
-15299
-16987
-15905
-11810
-5278
2942
10772
16894
20446
20854
18082
12456
4478
-4816
-13652
-20339
-23402
-22265
-17676
-10868
-3277
3541
8639
11482
11342
8678
3759
-2257
-8118
-12454
-14171
-12824
-9102
-3737
2470
7979
11845
13392
12847
10514
7173
3425
31
-2371
-3866
-4164
-3492
-2189
-645
1319
3336
5227
6944
8131
9027
9875
10084
8064
3464
-2331
-7224
-9634
-9571
-8272
-7302
-6628
-5405
-3688
-2397
-2750
-5104
-8259
-9310
-6760
-1683
3339
6435
7243
7166
7310
7203
5935
2966
-1705
-5923
-7780
-6862
-3983
-829
1396
2688
3166
2522
767
-2042
-5301
-7853
-8107
-5997
-2280
1936
5604
8112
9638
10379
9814
7218
2837
-2212
-6918
-9871
-10367
-8929
-6071
-2481
1396
5072
7581
8583
7528
4392
-22
-4783
-9386
-12888
-14699
-14543
-12087
-7618
-1460
5136
10869
14806
16613
16492
14708
11557
7500
3212
-811
-3981
-6056
-6492
-5370
-2886
209
3779
7482
10638
13155
14344
13100
8690
2926
-2181
-4815
-4786
-3418
-2543
-2970
-3977
-5223
-7019
-9525
-12748
-15951
-16365
-12601
-5726
2026
8074
10466
10189
8782
6615
3512
-1171
-7414
-13169
-15860
-14550
-9626
-3070
2395
5429
5995
4115
598
-3874
-8441
-11479
-12030
-9538
-4002
3170
9960
14843
17107
16524
13687
9233
3244
-3579
-9400
-13213
-13742
-10759
-5299
763
5803
9386
11184
11370
9608
5952
561
-5466
-10754
-14023
-14465
-12443
-8567
-3770
1465
6541
10784
13353
13900
12510
10080
7237
4590
2378
426
-1128
-2153
-2857
-2931
-2718
-1919
-338
1981
5232
8838
11521
11314
8086
3285
-592
-1627
-376
1125
1166
-684
-3142
-5243
-7482
-10745
-14929
-18846
-19311
-14300
-5312
4731
12963
17184
17438
15283
10823
4170
-4606
-14799
-23751
-28117
-26564
-20204
-11545
-3577
2527
6885
8831
8216
4866
-1110
-7908
-12717
-13828
-11037
-6003
-727
3962
7905
11110
12890
12482
8908
3182
-3268
-8514
-10528
-8959
-5271
-875
3404
6908
9370
10464
9811
6636
1434
-4861
-10120
-12927
-12571
-9435
-4558
993
6750
12013
15760
17511
17181
14784
11091
7433
4097
1663
-187
-1674
-2210
-1870
-714
903
2737
4590
6709
8503
8795
5887
451
-5166
-8247
-7441
-3852
220
3197
5200
6113
5787
3044
-2681
-10702
-18126
-21204
-18568
-10949
-1295
7970
15274
19736
21079
18486
11418
657
-11973
-23575
-30700
-31765
-27445
-19553
-10251
-949
7294
12900
14910
13223
8807
2755
-3123
-7414
-9570
-9572
-8298
-6451
-4415
-2005
346
1532
1130
-619
-2689
-3617
-2653
109
3412
6179
8047
8844
8104
5836
2353
-1553
-5432
-8220
-9457
-9391
-7849
-5348
-1963
1951
6211
9962
12660
13818
13705
12766
11378
9908
8373
7046
5840
4471
2896
1556
1081
1529
2779
4807
7033
7519
4739
-1002
-7344
-11058
-10260
-5940
-891
3004
5405
7409
8712
7701
3149
-5199
-14629
-21180
-22293
-17989
-10454
-1759
6463
14291
21149
25103
24517
18104
6821
-6508
-18255
-26239
-29885
-30017
-27571
-22527
-14898
-6309
1733
7513
10027
9995
8836
8092
7931
7738
6614
4265
1395
-1239
-3610
-6511
-10394
-15005
-19011
-20474
-18220
-12060
-4067
4010
10837
15713
18679
19170
16712
11066
3361
-4215
-9801
-12845
-13786
-13629
-12394
-9526
-5048
495
5887
10510
13925
16254
17846
18180
17249
15323
12586
9046
5716
2741
283
-1277
-1409
530
3180
3967
946
-4441
-8927
-9691
-6782
-2205
2047
4994
7534
9709
10397
8314
2865
-4972
-12129
-15857
-15642
-12299
-7199
-1535
4755
11784
18101
21632
20736
14602
5227
-4417
-12187
-17285
-20114
-21548
-20836
-17449
-12040
-6105
-1413
1482
2756
3949
5721
8032
10158
11554
11813
11016
9740
7790
4549
-172
-6042
-12159
-17043
-19386
-18861
-16062
-12085
-7267
-1836
3675
7972
10004
9181
5704
1084
-3496
-6662
-7903
-7507
-5967
-3603
-620
2353
4590
5572
5516
5363
5956
7460
9088
10208
10470
9710
8966
8391
7655
6772
6022
5448
4049
803
-4506
-10201
-13965
-14301
-11840
-8560
-5546
-2679
545
4170
6681
6530
3486
-567
-2675
-1694
963
2619
2533
1192
529
1298
2616
2906
1110
-2229
-5196
-6109
-4918
-3201
-2805
-4201
-6007
-6925
-6981
-6483
-6286
-6491
-6039
-3474
1291
7095
12334
15448
16129
15489
14362
12613
9450
4623
-894
-6137
-9596
-10377
-9337
-8022
-6875
-6014
-4730
-2800
-773
612
752
-112
-1456
-2073
-2005
-1448
-1277
-2213
-3607
-4836
-5154
-4617
-3396
-1690
414
3044
5904
8872
11448
13159
13316
11692
8450
4218
621
-1407
-2444
-4484
-8773
-13321
-15997
-14871
-10338
-4878
-121
3324
5982
8014
8618
6668
1987
-4095
-8367
-8588
-5253
-691
2754
4668
5697
7084
8411
8413
5791
612
-5367
-9940
-11532
-10506
-8347
-6356
-4728
-2904
-1353
-280
-50
-1171
-2553
-2540
-680
2514
6252
9387
11621
13713
16162
17712
16774
12828
6745
37
-5217
-7741
-7843
-6549
-4822
-2747
-526
1706
3543
3962
2877
887
-833
-1334
-531
965
1954
2057
1857
1774
1357
-69
-2364
-5019
-6734
-6446
-4337
-1129
2080
4483
6105
6779
6726
5901
4658
3197
689
-4124
-11164
-18234
-22699
-22914
-19774
-15632
-11875
-8357
-3912
948
4577
5619
3690
499
-1376
-538
1910
4358
5318
4704
3927
3350
2914
1894
-466
-4181
-8077
-10379
-10800
-9695
-8354
-7784
-6755
-4578
-1285
2669
5721
7240
7743
8654
10032
11406
11712
10261
7477
4655
3102
2674
2720
2330
1265
260
339
2199
5240
8019
9927
11151
11723
11702
10371
7001
1721
-4387
-9587
-12436
-12418
-9871
-5801
-1184
3807
8551
12342
14005
13022
10086
6018
2279
-249
-1129
-612
1006
2976
4606
5344
5161
4306
2404
-1675
-8660
-16893
-23817
-26749
-24926
-20316
-15354
-11381
-8538
-6126
-4576
-4924
-7291
-10721
-12477
-10034
-3455
4661
11694
15778
16281
14444
10877
5558
-1445
-9689
-17699
-22761
-23380
-19923
-14422
-8981
-4739
-1631
343
1013
883
81
-420
758
4346
9372
14937
19365
21497
21374
19697
16766
12358
6800
675
-4617
-8221
-8938
-6592
-2568
2523
7720
12276
15273
16253
14972
11721
7566
3496
414
-1164
-1594
-1316
-490
577
2212
3983
4902
4496
3331
2226
2176
3652
5626
7209
7994
8179
8548
9228
9699
9485
7180
1910
-6310
-15869
-23917
-28306
-28612
-26088
-22125
-17741
-12869
-7692
-3525
-1931
-3255
-6392
-8855
-8529
-5540
-1421
2462
5247
6966
8105
8337
6312
1271
-6298
-14544
-20213
-21607
-19558
-16116
-13183
-10545
-7659
-4133
-785
1430
2036
1413
1184
2386
4804
7922
10888
12918
14201
15195
15474
14356
11709
7562
2870
-1173
-3260
-3045
-1100
1819
4939
7902
10524
12770
14119
14351
13147
10493
7579
5184
3825
3515
3769
3718
3235
2346
1651
1815
3095
4970
7238
9677
12139
14497
15809
15909
14421
11635
8847
5066
-1132
-9340
-18018
-24571
-26929
-25184
-21201
-16842
-12866
-9340
-6627
-5641
-7014
-10452
-14400
-15864
-12872
-6411
1395
7958
11644
12497
11434
8179
2466
-5519
-15142
-23637
-27814
-26963
-21958
-15435
-10073
-6508
-4442
-3906
-4666
-6449
-8525
-9470
-7816
-3078
4113
12199
18767
22396
23020
21068
17122
11378
4550
-2000
-6949
-8931
-7609
-4103
99
3768
6368
7472
7008
5790
4100
2828
2674
3732
6487
10437
14323
17520
19079
18916
17257
13864
8856
3010
-2217
-5146
-5194
-3013
580
4540
8640
12511
15608
17739
17988
14752
7959
-641
-8267
-12885
-14340
-14173
-14533
-15861
-16905
-16959
-17138
-18530
-21593
-24854
-25118
-19742
-9604
2744
14411
22621
26827
27412
24080
17003
5923
-7986
-22761
-32335
-32643
-32768
-30345
-22181
-13871
-5888
314
4241
4925
2475
-1775
-5359
-6297
-4007
795
6653
11790
15616
18080
18580
16275
11086
3835
-3549
-8762
-10198
-7747
-2798
2913
8327
12946
15865
16271
13574
8194
1306
-4905
-8551
-8563
-5409
10
6641
13460
19555
23655
24497
22039
17184
11237
5280
488
-2518
-3487
-1942
1594
6439
11399
15114
15583
10767
1931
-7793
-15148
-18244
-17688
-15683
-13614
-10878
-7470
-4863
-4592
-7920
-14446
-20451
-22073
-18016
-9673
179
8679
15588
20703
23281
21819
14715
1840
-13400
-27233
-32768
-32495
-32768
-30091
-21933
-11969
-1661
7673
13990
15970
13952
9409
4589
1444
492
821
1812
3339
5712
8947
11531
11686
8901
3797
-1619
-5308
-6344
-5209
-2814
585
4629
8889
12454
14186
13732
11243
7642
4204
1972
1265
1384
1940
2781
4452
6709
8644
9295
8613
7082
5733
5450
6207
7414
8477
9445
10370
11397
11479
8544
1618
-7823
-16985
-23028
-24641
-22450
-18050
-12574
-6127
388
4401
3968
-1580
-10616
-18985
-22899
-21434
-16277
-9126
-1521
6092
13726
19846
21980
18377
8895
-3841
-16060
-24803
-29472
-30658
-29262
-25283
-18505
-10343
-2531
3245
6366
7391
8054
8957
9461
9279
8136
6757
6288
7391
9914
12302
13293
12350
10031
7223
4853
3204
1520
-348
-1852
-1880
-293
2230
4473
5632
5857
6025
6700
7823
9147
10182
11334
12934
15026
16776
16869
15055
11637
7744
3960
153
-3807
-7109
-8248
-6282
-1058
5945
12559
15657
13645
7394
-964
-8808
-15227
-20953
-25872
-28436
-26912
-21171
-13618
-7766
-5603
-6616
-8700
-9392
-8446
-7228
-6466
-5668
-3757
286
5736
9989
10793
7172
249
-7007
-12637
-16458
-19518
-22369
-24133
-23555
-20816
-17073
-13507
-10136
-6281
-963
5792
12881
18783
22288
22943
21787
20308
18683
16547
12996
8113
3214
-39
-1059
-270
669
708
235
-56
415
1243
1760
1703
1411
2273
5426
10915
17399
22933
25941
26093
24135
20508
14963
7519
-329
-6817
-10083
-9692
-6568
-2243
2352
6934
10906
14390
16443
16087
11631
3237
-6496
-14833
-19789
-21609
-21352
-20003
-17486
-13418
-8590
-5344
-5358
-9053
-15084
-19944
-20958
-18058
-12658
-6588
-1502
2594
5955
7926
7308
3033
-4814
-13512
-19604
-21345
-19254
-15538
-11862
-8706
-6138
-4697
-5173
-7593
-11200
-14550
-15327
-12554
-6520
1480
9715
17435
24431
30642
32767
32512
27655
18020
7505
-1980
-7787
-9697
-8284
-4456
1067
7274
13138
16869
17332
14198
8419
2127
-2429
-3488
-1003
3999
10270
17048
23308
27637
28754
26042
19793
11234
2414
-4673
-8899
-9900
-7929
-4103
883
6761
12641
15962
14277
7055
-3680
-14220
-21313
-24174
-23880
-21513
-17603
-12404
-7114
-3721
-3619
-7221
-13119
-17938
-19607
-18090
-14108
-8631
-2964
2637
7710
10042
7988
1563
-7877
-17218
-23565
-26146
-25152
-21792
-16586
-10299
-4052
389
1505
-585
-5056
-9725
-12219
-11431
-7220
-794
6714
14659
22503
29067
32541
31198
24601
14561
3652
-5157
-10212
-11670
-10119
-5803
794
8541
15709
20403
21661
19336
14851
9776
5495
2985
2449
3987
7047
11305
15784
18965
19539
17339
12939
7756
3061
-551
-2166
-1908
261
3600
7539
11627
14312
13277
7172
-2495
-12385
-19215
-21503
-20332
-17395
-13593
-9080
-4336
-1272
-1902
-7165
-15605
-23774
-27771
-26362
-20514
-12390
-4075
3834
10980
16121
17017
12325
2119
-11068
-22854
-30673
-32768
-32094
-27910
-20803
-11944
-2644
4610
8329
7409
3050
-2343
-6531
-8505
-8317
-6456
-2609
3481
11294
19134
24504
25772
22777
17065
10452
4316
-501
-3974
-5878
-5428
-2257
3172
9362
14273
16773
16790
15164
13089
11398
9851
8415
7415
7654
9226
11683
13820
14176
12809
9758
6101
2752
200
-810
-288
2021
5905
10769
15059
16917
13803
5421
-5812
-16128
-22721
-24995
-24134
-21536
-17674
-12443
-6722
-2778
-2549
-6709
-13531
-19228
-20561
-17586
-11615
-4864
1107
6120
10122
11926
9961
3638
-6549
-17544
-26059
-30326
-30278
-26934
-21450
-14362
-6764
224
5093
6932
5842
2923
1
-1752
-2183
-1460
-63
2305
6278
11320
15982
18824
18591
15546
11233
7050
3954
1630
-322
-1962
-2165
-711
2039
4965
7126
8546
9455
10659
12762
15304
17292
17981
17603
16531
15137
13356
10277
6237
2474
-325
-1250
-754
407
2194
4798
8335
12267
15764
17790
16471
10617
975
-10189
-19578
-24948
-25937
-24002
-19939
-14214
-7650
-1951
432
-1957
-8695
-16752
-22375
-23548
-20701
-15064
-7925
-376
7393
13880
16900
14395
6343
-5214
-16752
-25208
-29452
-30013
-27638
-22895
-16236
-8568
-1711
2540
3351
1713
-522
-1568
-861
847
2884
5166
8325
12705
17448
20820
21502
18610
13187
7085
1940
-1107
-2105
-1958
-859
1360
4481
7815
10071
10498
9103
7314
6091
6138
7298
9119
11434
14193
17093
19209
19097
16281
11716
6809
2592
-564
-2499
-3045
-2123
663
4682
9122
12713
14382
12865
6872
-2065
-11599
-19272
-23507
-24052
-21687
-16999
-10681
-3950
829
1275
-3007
-10595
-18273
-22695
-22664
-19439
-14440
-8710
-2546
4530
11200
14680
13409
6855
-3123
-12988
-20362
-24567
-25999
-25130
-22440
-18267
-13147
-8438
-5326
-4118
-4164
-3879
-2020
1372
5130
8202
10368
12841
16255
19788
21832
21004
16885
10862
4906
329
-2432
-3770
-3968
-2431
846
5043
8702
10549
10447
9045
7613
7096
7778
8998
10345
12178
14454
16813
18237
17508
14570
10895
7828
6138
5419
4951
4331
4139
4747
5689
6477
6454
5231
1719
-4234
-11206
-16980
-19865
-19478
-17040
-13828
-9679
-4851
-651
659
-2912
-10753
-20069
-27070
-28982
-26000
-20141
-13183
-6185
877
7946
13290
14670
10752
2219
-8273
-16873
-21730
-22674
-21053
-18317
-15041
-11801
-9152
-8282
-9377
-12003
-14421
-14406
-10563
-3920
3575
10531
16058
20791
24865
27227
26449
21980
14801
7141
994
-2624
-4400
-5129
-4983
-3343
7
4137
7808
10031
10424
9937
9598
9895
10792
11580
12056
12319
12807
13783
14149
13286
11011
8048
5739
4621
5014
5867
6940
8051
9063
10062
10539
10217
8293
4229
-2719
-11236
-18942
-23456
-23094
-19177
-13687
-8080
-3025
669
2128
-325
-7050
-15748
-23775
-27548
-25659
-20349
-13228
-5637
1096
6976
11200
11610
7484
-244
-9389
-16774
-19997
-19022
-15905
-12569
-10253
-9059
-8484
-8792
-10846
-14241
-17612
-18480
-15327
-8609
-193
7884
14527
20033
25092
28857
29944
27286
20754
12539
4953
-390
-3236
-4721
-5653
-5536
-4002
-1373
1771
4194
5379
6077
7384
9765
13074
16655
19275
20549
20703
19747
17870
14867
10796
6588
3339
1857
2215
3859
6272
8694
10309
10956
10486
9117
7231
4048
-1918
-10005
-17428
-21157
-19709
-14291
-7440
-1943
1643
3158
2023
-2926
-11016
-21350
-30367
-32768
-30976
-23033
-12528
-2866
4935
11116
15370
15945
11701
2354
-9163
-18814
-22981
-21809
-17689
-13488
-11135
-9918
-9154
-8894
-9919
-12763
-16189
-17480
-14265
-7096
1913
10137
16002
19967
22940
25105
25323
22199
15601
7593
831
-3215
-4305
-3853
-3085
-1807
603
3654
6462
7856
7528
6184
5121
5451
7047
9168
10807
11984
12573
13520
14737
15172
14250
11892
9442
7694
7109
7416
7976
8477
8935
9276
9087
8168
6466
3720
-1060
-7812
-14803
-19043
-18525
-13841
-7370
-1601
2208
3685
2906
-1147
-9312
-19816
-30296
-32768
-32669
-26712
-14556
-3120
6667
13306
17958
19088
15715
7273
-4237
-15187
-21305
-21823
-18690
-15087
-13593
-14150
-15170
-15718
-15991
-16586
-17289
-16475
-11597
-3115
6941
15626
20931
23210
23741
23731
22604
19355
13640
6557
360
-3271
-4056
-3565
-3197
-2820
-1638
770
3860
6438
7467
7326
7266
8048
9963
12303
14025
14590
14398
14188
14126
13374
11434
8447
5456
3707
3681
4738
5705
6532
7293
8486
9650
9971
9326
7139
3097
-3305
-10295
-15492
-16679
-13986
-9051
-4674
-1997
-1668
-3029
-7530
-14869
-24242
-31812
-32768
-31469
-21031
-7172
4875
13190
17204
18332
16259
10314
642
-10489
-19764
-23477
-21136
-15027
-9364
-6954
-8424
-11570
-14650
-16951
-18588
-19798
-19159
-13925
-4138
7435
17299
22639
23118
21314
20061
19219
17440
13477
8050
3197
896
1266
2170
1694
97
-1238
-1326
152
2265
3718
4498
5376
7075
9659
12261
13748
13600
12644
12020
12489
12947
12167
10320
8195
7349
8040
9515
10482
10198
9345
8403
7352
5944
4435
2431
-841
-6162
-11740
-14979
-14176
-9853
-4423
-420
1024
183
-2215
-7464
-15571
-25832
-32640
-32694
-32569
-24036
-10625
421
8384
12468
14424
14218
10827
3637
-5140
-12929
-16792
-15828
-12230
-9583
-10463
-14890
-20361
-24334
-25539
-24385
-21451
-16707
-8733
2425
14618
24407
29370
28952
25149
20769
17088
13284
8166
2313
-2492
-4495
-3179
-9
3013
4833
6109
7487
8730
9162
8219
5896
2954
1267
1776
4525
8378
11960
14451
16004
16854
16448
14426
10768
6570
3756
3057
4417
7109
9750
11623
12138
11372
9400
6449
3319
-260
-5675
-11664
-15503
-15120
-10905
-5082
-986
-210
-2473
-6282
-11612
-18537
-26433
-32035
-32768
-29881
-19097
-7016
2391
7313
8319
7596
6459
4248
308
-4471
-8819
-10952
-9909
-7318
-6306
-8879
-15480
-23206
-28883
-30931
-29817
-26677
-21873
-14373
-3788
8145
18280
24846
27625
27218
25949
25022
23461
19634
13553
6524
412
-3330
-4587
-4887
-4942
-3786
-1487
1758
5166
7675
8688
8827
9075
10148
12252
14754
16908
18137
18377
17503
15755
12536
8363
4412
1542
568
1670
4109
6984
9631
11028
11364
10239
8433
7088
6155
4239
-371
-6417
-11256
-12259
-10039
-7206
-6595
-8948
-12503
-15585
-18324
-21585
-25259
-28233
-27411
-20426
-9696
163
6001
7014
4798
2239
378
-1321
-3408
-5975
-8375
-9105
-7536
-5816
-6906
-12917
-22301
-30241
-32768
-30927
-25494
-19058
-12399
-4632
4289
13003
18538
20272
19039
16736
16288
18161
19966
18726
14631
9606
5277
3332
2606
1427
-13
-1072
-1299
-634
475
1725
2838
3912
5409
8405
12872
17492
20966
22422
21804
20100
17644
14420
10708
6899
3896
2393
2548
3548
4658
5348
5452
5186
4984
5799
7494
9068
8172
3616
-2147
-6156
-7029
-6350
-6791
-10093
-15393
-20465
-23989
-26811
-29068
-30236
-29295
-23553
-13018
-1198
7518
10753
8846
4651
1212
-724
-1923
-3633
-6109
-8718
-9884
-9669
-10114
-13675
-20699
-28373
-32683
-32108
-27282
-20230
-13028
-5854
1643
9255
15613
19405
19963
18008
15951
15738
17022
17585
15791
11700
6868
3506
2126
1821
1797
1780
1745
1761
2448
3857
5602
6883
7313
7827
9293
11883
14670
16314
16237
15605
15248
15578
15660
15055
13455
11181
8865
7100
5862
4825
3638
2047
920
1108
3344
6596
8569
6749
1338
-4411
-7206
-6480
-4980
-5462
-9249
-14723
-19191
-21783
-23775
-25493
-26518
-25405
-19552
-9943
-861
3550
2528
-1925
-5273
-4702
-1249
2118
3115
1286
-1545
-3761
-5508
-9219
-15986
-25199
-31878
-32768
-30565
-23815
-17034
-11651
-6650
-658
6509
13125
17043
17771
16609
16488
18573
21098
21139
17025
10556
4290
660
-301
-205
21
6
315
1772
4566
8007
10183
10212
9046
8344
9113
10987
12524
12690
11848
11455
12284
13637
14293
13758
12452
10833
9939
9297
8477
7046
5095
3368
2501
3066
4712
6316
6604
4040
-993
-6140
-8588
-8063
-6791
-7232
-10833
-16581
-21668
-24523
-25993
-26226
-25615
-23286
-17622
-8963
-980
2455
1067
-2687
-4520
-2129
2936
6997
7269
3596
-2348
-7716
-11705
-15818
-21134
-27095
-30698
-29370
-23466
-15637
-9133
-5108
-2122
1940
7249
12009
14112
12981
10711
10668
13911
18094
19958
17799
12670
7584
4911
4878
5365
4310
2014
-118
-267
2004
5171
7186
7574
7268
7926
10283
13003
14185
13181
10942
9388
9543
10648
11584
11287
9877
8768
8462
8752
8887
7763
5765
4020
3696
5073
7508
9388
9948
7215
1555
-4760
-8768
-9048
-7762
-8363
-12933
-19807
-25941
-27985
-26986
-24924
-23113
-21640
-18055
-10857
-3116
800
-499
-4709
-6679
-3345
3630
9477
9626
3804
-4883
-12223
-15427
-15896
-16611
-18906
-21696
-22028
-18544
-13302
-9511
-8186
-7936
-5750
-692
5445
9927
11520
11122
11267
13681
17642
20372
19280
14835
9418
6208
6514
8385
9065
7382
4270
1828
1631
2875
3975
3911
3484
4224
6865
10786
14052
15139
14033
12201
11239
11383
11181
9489
6707
4222
4034
5875
8339
9019
7764
5955
5126
5971
7094
8036
7660
5959
1960
-2443
-5721
-6383
-5543
-5983
-10044
-17503
-24984
-29235
-29442
-27842
-26019
-24885
-22696
-17072
-9267
-3052
-943
-2181
-3362
-1109
4595
9836
10405
4606
-4849
-12993
-16209
-14527
-11579
-10813
-12979
-15402
-15491
-12959
-9397
-6917
-5891
-5122
-3340
-363
2931
5564
6979
7843
9707
13613
18107
20221
18445
13711
9193
7722
9149
11308
11565
9327
6069
3741
3489
4732
6144
6456
5652
5296
6360
8540
10183
10200
8821
7303
7006
7128
6710
5670
4459
4340
5968
8420
10672
11783
11569
10636
9829
9498
9804
10299
10271
8247
2886
-4268
-9899
-11961
-12121
-12885
-16886
-23632
-29368
-30467
-27686
-24366
-22413
-22060
-20765
-15989
-8816
-3255
-1799
-2999
-3459
-405
5391
9454
7565
-342
-9742
-15260
-14626
-10188
-6296
-5890
-8510
-10818
-10755
-8309
-5344
-4203
-5504
-7415
-7753
-5525
-1566
2112
4068
5462
8249
12711
17378
19690
18117
14372
11786
12178
14384
15882
14700
10439
5234
1993
2098
4115
6219
6492
5137
3992
4101
5644
7086
7133
5601
3696
2008
1281
1354
1758
2899
4712
7386
10232
12723
14543
15246
14796
13346
11543
10435
10633
11169
10006
4289
-5199
-14499
-19013
-17240
-13542
-13182
-18442
-26000
-30201
-27574
-21368
-16510
-15537
-17589
-18011
-13874
-7593
-3414
-2627
-4211
-4746
-1652
2664
4668
2183
-3627
-8361
-8455
-3761
1568
2859
-1236
-8425
-13568
-13385
-9782
-6390
-5496
-6094
-6027
-3578
328
3381
4193
3490
4074
7031
11540
15685
16958
15205
12997
12603
14630
17167
17457
14529
9938
6491
6091
7694
8927
7986
4372
72
-2312
-1883
-364
688
84
-1434
-2128
-1124
678
2191
3042
4215
6403
9639
13310
15951
17014
16519
15561
14763
14531
13696
11102
6801
1284
-5141
-12060
-17589
-19742
-17364
-13371
-11473
-13656
-18485
-22227
-21811
-17860
-14128
-13069
-15076
-17252
-15749
-10339
-5249
-3828
-6118
-8909
-7688
-2111
3875
6023
3315
-961
-2450
-131
3377
3716
-606
-7400
-12518
-12658
-9102
-5335
-4096
-5079
-5664
-4303
-1226
1910
4090
4988
6635
9962
13876
16089
14340
9615
4941
3749
7110
12033
15265
15789
14245
12551
11639
10965
9024
5721
1718
-1585
-3523
-4372
-4528
-4689
-4611
-4095
-3089
-2198
-1828
-1577
-255
2489
6839
11373
14384
15504
15456
15321
15676
15822
14052
9959
4366
-530
-3382
-4572
-6791
-11004
-15261
-15966
-12160
-7350
-6223
-10796
-17890
-22141
-20193
-14983
-11527
-12603
-16875
-19058
-15674
-9045
-4025
-3219
-5390
-6352
-3006
3064
7785
7506
2316
-3227
-4901
-1865
2456
3429
-36
-5046
-7460
-6171
-3412
-2313
-3592
-5024
-4248
-950
3174
6170
7361
6915
6881
7759
8419
8248
7239
6692
7713
10738
14059
16128
15814
13468
10655
8047
6682
6376
6043
4974
2418
-1388
-5017
-7182
-7401
-6913
-6261
-5535
-4802
-3558
-1497
1731
5725
10035
13044
13698
12333
10148
8358
7015
5342
3076
822
-556
-783
339
2183
4077
3468
-909
-6731
-10225
-9564
-7537
-7646
-11788
-17099
-19576
-16803
-11764
-8620
-8884
-11580
-12716
-10046
-5671
-3925
-6228
-9599
-9827
-5127
1488
5357
3968
-557
-3591
-2280
2374
6068
5448
1051
-4371
-6806
-4991
-1503
861
1089
176
502
2242
3820
3903
2281
481
867
4106
8731
11848
11817
9961
8406
9117
11483
12721
10957
6663
2467
784
2080
4426
5540
4298
1281
-1588
-3078
-2453
-986
-412
-1291
-2754
-3269
-1846
980
3570
4629
4309
3081
1336
-793
-2941
-3937
-3535
-1794
359
2496
4067
5528
7286
8828
9630
7596
1179
-7100
-12712
-12971
-9604
-7640
-9948
-14960
-17495
-13758
-5987
-339
-106
-4921
-10471
-11805
-9245
-6577
-7040
-9782
-11150
-8470
-2569
2816
4294
2066
-522
-376
2739
5532
4746
1161
-2941
-4388
-1109
4171
8298
9016
7029
4535
3144
2830
3408
3609
2330
1549
2065
3649
5700
7102
7158
6456
6662
7272
7427
6520
4882
3048
1696
1841
3072
4337
4609
3874
2839
2256
2945
4366
4572
3048
828
-1417
-3310
-5152
-6965
-8398
-8761
-7700
-5874
-3989
-2746
-1682
-326
1949
4487
6110
5771
4047
2742
3027
4595
5161
2275
-4335
-10134
-11053
-6195
-299
1666
-1981
-7933
-10816
-8192
-3096
-1234
-4610
-11080
-15822
-14614
-8262
-2206
-737
-3395
-6446
-5891
-1299
2936
3430
327
-3670
-4814
-2475
956
2919
2676
1360
1401
3800
7047
8911
8780
7493
6622
6932
7988
8227
6757
3945
1069
-32
769
2279
2871
1988
1176
1633
3349
4716
4790
3580
2217
2213
3725
5876
7276
7717
7294
6566
5812
4485
1619
-2911
-7771
-11150
-12643
-12613
-11836
-10379
-8391
-5720
-2812
-737
230
-18
-539
-481
226
916
742
-633
-2171
-2340
-686
1672
2857
2306
290
-1399
-776
2392
5234
4290
-876
-7414
-10979
-9280
-4170
-605
-1330
-4923
-7697
-6280
-1095
3385
3004
-2550
-8455
-10280
-6992
-1695
1334
900
-1476
-2781
-1325
1786
4139
4889
4349
3259
2947
3929
5385
7204
9256
10759
10740
8975
6129
3392
1699
1318
1872
2011
1451
612
-305
-509
92
1296
2454
3820
5542
7522
8712
8179
6507
4203
2198
390
-1990
-5425
-9240
-11805
-11931
-9930
-6991
-4758
-4138
-4736
-5301
-4272
-2256
-408
-475
-2569
-5233
-6415
-5451
-3619
-2535
-3533
-5348
-5778
-3433
972
5370
7569
7082
5452
4175
2824
815
-927
-682
1146
2478
2440
1314
933
2431
4751
5249
2661
-1506
-5031
-5682
-3673
-1740
-2248
-4628
-6141
-4361
75
3509
3318
-126
-3773
-4327
-1009
3225
5268
4484
1860
195
1536
5224
8534
9283
7893
5642
3794
2965
2900
3107
3205
2915
2542
1638
778
1119
2620
4900
6771
6675
3921
-665
-4640
-6472
-6358
-5642
-5745
-6801
-7697
-7373
-6096
-4288
-2673
-1917
-2364
-3459
-4685
-5422
-5843
-6409
-6601
-6729
-6538
-6308
-6446
-6590
-6363
-5720
-4420
-2937
-1527
-324
557
1127
1409
1536
1877
2508
3046
3895
5356
6943
6640
5069
4125
5293
7905
9332
8090
5295
3547
4259
6058
6042
3723
784
-601
986
3687
4455
1955
-1665
-3300
-1888
696
1411
-1034
-4972
-7633
-6674
-2951
466
1615
1067
26
226
2215
4350
5531
5442
5146
5143
5431
5600
5931
6279
5855
4462
2124
-29
-1458
-2574
-4200
-6603
-9062
-10308
-9368
-7199
-5281
-4779
-5731
-6834
-6953
-5562
-3975
-3513
-4665
-7154
-9052
-9192
-7920
-6350
-5209
-5006
-5177
-5199
-5301
-4901
-3928
-2932
-2459
-2670
-3024
-2674
-1271
706
2129
2678
2867
3579
5010
5812
4959
3069
1401
1810
4762
8632
10347
9085
7700
9396
13687
16844
16320
12853
9688
8853
10741
12040
10447
7311
4520
3905
4840
4530
1140
-4026
-7444
-7205
-4200
-2004
-2638
-5266
-7991
-8664
-6400
-2525
728
1861
1039
-56
532
2952
5144
5857
5059
3318
1340
-278
-1096
-1690
-2659
-4383
-6409
-7936
-8071
-6786
-5163
-4308
-4700
-6291
-8049
-9101
-9376
-9450
-10015
-11198
-12020
-11383
-9582
-7524
-6439
-6474
-6842
-6781
-5977
-4436
-2930
-2078
-1910
-2074
-1815
-752
656
1818
2151
1663
1060
1131
1876
2023
540
-2410
-4228
-2981
941
5424
8256
8652
8316
9127
11921
16009
18964
19348
16852
14349
14582
17347
19428
18130
13778
9409
7478
8141
9248
8130
5298
2801
2215
3461
4384
2341
-2423
-6684
-7901
-6126
-4189
-4257
-6158
-7972
-7993
-6053
-3269
-1560
-1734
-3215
-4547
-4804
-3927
-3384
-3917
-4194
-3484
-2048
-1451
-2491
-4500
-6005
-6370
-6319
-6762
-8408
-9956
-11141
-11644
-10531
-9064
-8817
-9831
-11158
-11838
-11363
-10106
-8713
-7607
-6405
-4945
-3495
-2575
-2004
-1457
-332
1056
2380
3463
3243
2139
882
-41
-439
-418
-848
-1390
-1415
61
2482
4545
5282
4958
4839
5786
8387
11594
14397
16055
16835
16816
16645
16884
17161
16719
14906
11799
9409
9810
12786
15037
14309
11399
9378
9574
10998
11137
7713
2615
-908
-752
2271
4287
2020
-4065
-9481
-10493
-7651
-4987
-5868
-10152
-14745
-16332
-13601
-8668
-5006
-4541
-6543
-8671
-9449
-8308
-7324
-7815
-8830
-9067
-8446
-7782
-7598
-7971
-7832
-7425
-6893
-6296
-6196
-7097
-8775
-9757
-9412
-8096
-6951
-6904
-7309
-7325
-6170
-4145
-2243
-1005
-447
-405
-1078
-1667
-2131
-2376
-1833
-727
785
1996
2193
2022
2071
2673
3913
5135
5536
5245
5074
6062
8037
9857
10767
10506
9877
9524
9658
10090
10614
11241
11779
12184
12754
13386
13566
13254
12298
11072
9749
8545
8351
9375
10713
10599
9161
7432
6772
7036
7003
4805
974
-2082
-2818
-1415
197
-507
-4203
-8327
-10382
-9567
-7925
-8498
-11619
-15554
-17988
-17616
-15191
-12485
-11480
-12719
-14827
-15772
-14079
-10582
-7404
-5824
-5733
-5838
-5074
-3751
-2751
-2717
-3570
-4546
-4985
-4966
-4593
-4636
-5628
-6704
-6784
-5637
-4181
-3553
-3724
-4241
-4581
-4123
-2577
-327
1484
1977
1325
665
1096
3160
5936
7685
7992
6641
4610
3247
2721
3077
4088
4966
5262
5582
6860
9556
12739
14678
14440
12283
9873
8267
7745
7403
6172
4533
3135
2869
3823
5325
6147
6256
6182
6849
7933
8149
8127
8541
10053
11179
11113
10255
8882
7304
5229
2699
-39
-2181
-3883
-5337
-6014
-6607
-7942
-10014
-12123
-13465
-13815
-14077
-15131
-16662
-17090
-15529
-12208
-8579
-6699
-6892
-8332
-9204
-8211
-5899
-3921
-3369
-3973
-5176
-6259
-6587
-6056
-4658
-3233
-2821
-3508
-4211
-3448
-1285
1186
2464
1992
782
-158
144
1470
2787
3043
1710
-674
-2673
-3294
-2858
-1768
-769
196
1663
4006
6925
9570
11433
12276
12413
12254
11776
10568
8528
6081
3941
2495
1864
1285
409
-1015
-2786
-3994
-3539
-1877
59
1371
1877
2972
5693
9413
12407
13134
11161
8164
6441
6916
8264
8130
5918
3421
3235
5398
7117
6559
3410
30
-1553
-725
617
540
-618
-1617
-1200
-195
-58
-1917
-4830
-7217
-8143
-8316
-9158
-10945
-12679
-13460
-12745
-11210
-10210
-10388
-11173
-11018
-9332
-6532
-4177
-3288
-3425
-3326
-2103
-163
1572
2536
3070
2714
1598
223
-1532
-3196
-4946
-6491
-7679
-8279
-7304
-4866
-1770
832
2461
3247
4106
5431
7081
7911
7490
6248
4773
3735
3410
3258
2275
639
-1326
-2709
-3498
-3725
-3659
-3347
-2591
-1624
-746
-116
624
1665
2618
2446
1287
207
104
1301
2762
3461
2977
2175
2050
2830
4086
4637
4400
4243
4828
6301
8318
9946
10264
9772
10171
11956
13778
13510
10777
7549
5958
6450
7407
6275
2637
-1825
-4954
-4920
-2983
-2363
-3672
-5998
-7203
-6289
-4516
-3549
-4332
-6335
-7899
-7577
-5929
-4585
-5064
-7227
-9536
-10856
-10584
-9388
-8398
-7677
-7302
-6898
-5881
-4194
-2162
-478
47
-192
175
1218
2186
2279
1496
565
177
-148
-700
-1434
-2025
-2303
-2635
-3005
-3212
-2768
-1844
-791
-63
138
-183
-533
-1059
-1631
-1866
-1783
-954
-451
-572
-1163
-1945
-2503
-2531
-2326
-2378
-2783
-3059
-2549
-1049
798
2309
3412
4256
5488
6918
8204
9099
9624
10184
10724
10718
9941
8680
7997
8199
8832
9224
8882
8107
7417
7235
8124
9892
11682
12721
12510
11458
10021
8556
7541
6944
6277
5069
2738
-73
-2746
-4801
-6426
-7716
-8662
-9385
-9703
-9517
-8915
-8474
-8813
-9999
-11054
-10985
-9817
-8627
-8385
-9075
-9500
-9465
-9375
-9155
-8606
-7847
-7592
-7507
-7410
-6583
-5151
-4009
-3171
-2699
-2408
-2525
-3053
-3409
-3371
-3226
-3227
-3931
-4775
-4858
-4093
-3000
-2575
-3122
-3891
-4167
-3681
-2386
-1246
-629
-444
-613
-419
371
1511
2571
2907
2971
3242
4026
5429
6473
6726
6505
6285
5724
5032
4585
4473
4844
5651
6217
6701
7752
9504
11744
13643
14486
14317
13575
13129
12980
12563
11771
10492
9047
7958
7364
6945
6660
6567
6577
6605
6494
5920
5105
4080
2875
1893
1015
538
431
50
-370
-1122
-2354
-3872
-5727
-7228
-8321
-9144
-10057
-10799
-11140
-10974
-10397
-10188
-10712
-11608
-12417
-12671
-12698
-13112
-13687
-14433
-14708
-14093
-12768
-11450
-10859
-11428
-12323
-12566
-11327
-9117
-7099
-5590
-4761
-3659
-1974
-246
1198
1780
1827
1913
2254
2776
3433
4088
4889
5191
4679
3548
2038
1265
1408
2014
2219
1748
1091
1510
3467
6207
8587
9437
8997
8314
8229
8871
9502
9549
9102
8250
7419
6897
6861
7427
8134
8587
8474
7913
7775
8560
9843
10648
9760
7801
6082
5462
5742
5961
5152
3626
2273
1215
286
-576
-1364
-1753
-1245
-379
204
147
-413
-508
138
1278
2108
1977
1152
117
-598
-1173
-2568
-4846
-7178
-9109
-10282
-10972
-11645
-13003
-14831
-16393
-16998
-16450
-15103
-13903
-13254
-12897
-12500
-11766
-11107
-9961
-8345
-6974
-6183
-5730
-5101
-3599
-1838
-625
-289
-591
-1083
-1525
-1598
-1232
-576
525
1817
2978
3855
4672
5420
6041
6685
7275
7241
6191
4842
3826
3882
4738
5220
5094
4387
3931
4168
5113
6452
7410
7790
8106
8962
10013
10737
10435
9156
7482
6321
5856
5189
4071
2258
401
-612
-593
-9
332
813
1274
1932
2868
3714
4008
3887
3789
3534
2964
2195
1427
852
287
-221
-891
-1582
-2059
-2140
-1791
-1768
-2185
-2818
-3344
-3362
-2962
-2199
-1412
-1089
-1363
-2008
-2514
-2999
-3461
-3844
-4163
-4145
-4285
-4708
-5333
-5961
-6281
-6786
-7211
-7907
-8519
-8836
-8881
-8437
-7605
-6585
-5716
-5056
-4664
-4569
-4526
-4358
-3776
-3037
-2528
-2246
-2516
-2800
-2518
-1440
63
1189
1336
787
566
1656
3773
5904
6883
6500
5593
5058
5102
5381
5454
5015
3973
3087
2742
2662
2489
1689
875
598
1353
2691
3685
4032
3988
4425
5241
6016
6257
5550
4640
4094
3701
3217
2454
1605
900
298
-354
-976
-1473
-1872
-1891
-1664
-1286
-868
-469
-190
7
485
1191
1740
2205
2275
2017
1838
1808
1651
1368
892
383
69
133
717
1384
1816
2007
2562
3275
3802
4001
3746
3120
2331
1822
1472
1207
243
-1112
-2534
-3611
-4144
-4707
-5780
-7687
-9479
-10283
-9739
-8319
-6925
-6084
-6030
-6255
-6181
-5622
-4994
-4781
-5130
-6056
-7142
-7749
-7519
-6620
-5172
-4121
-4174
-5021
-5445
-4346
-2073
390
1947
2130
1659
1719
2550
3930
4913
5098
4335
3273
2858
3141
3764
4046
3635
2699
1958
1629
1994
2632
3265
3651
3770
3877
4123
4461
4671
4667
4412
4158
3766
3422
2847
2195
1530
839
204
-186
-391
-118
323
907
1512
1785
2196
2857
3630
4189
4651
4919
4855
4832
4854
4740
4448
3987
3396
2416
1158
-241
-1587
-2388
-2979
-3290
-3364
-3067
-2153
-894
410
1270
1536
1299
1087
1126
1574
1909
1786
803
-843
-2331
-3070
-3320
-3680
-4536
-6019
-7468
-8304
-8441
-8036
-7565
-7569
-7755
-8293
-8413
-8326
-8178
-8115
-8099
-7918
-7649
-7217
-7051
-7073
-7322
-7352
-7053
-6291
-5350
-4305
-3119
-1844
-356
1443
3156
4524
5326
5767
6316
7469
8725
9179
8817
7665
6327
5102
4267
3870
3661
3678
3834
4389
5087
5894
6681
7042
7096
6830
6472
6151
5837
5588
5499
5876
6244
6334
5622
4196
2823
1651
575
-829
-2362
-3747
-4521
-4520
-3501
-2010
-989
-637
-757
-791
-614
-326
-141
-195
-640
-1229
-1922
-2383
-2835
-3109
-3045
-2887
-2515
-2174
-1982
-1866
-1224
-716
-177
312
410
358
387
737
951
991
793
607
131
-431
-1200
-2224
-3338
-4292
-4699
-4794
-4849
-4796
-4574
-4102
-3591
-3447
-3528
-3480
-2994
-2622
-2700
-3379
-3864
-3849
-3654
-3951
-4961
-6217
-7205
-7110
-6448
-5426
-4399
-3617
-2681
-1779
-474
891
2402
3819
5302
6702
7466
8112
8692
9503
10543
10997
10544
9349
7764
6615
6318
6343
6288
5986
5479
5113
4980
5348
5485
5119
4323
3270
2577
2009
1211
352
-736
-1953
-3238
-4573
-5650
-6308
-6214
-5707
-4991
-4436
-4218
-3924
-3619
-3222
-2752
-2365
-2272
-2076
-1587
-992
-273
235
271
244
311
17
-557
-1503
-2576
-3274
-3551
-3458
-3164
-2802
-2600
-2521
-2646
-2442
-1948
-1068
62
693
599
-62
-603
-993
-1021
-981
-1300
-2213
-3203
-3287
-2467
-1148
-18
294
2
61
634
1793
3093
3998
4691
5219
5543
5653
5308
4475
3015
1182
-407
-1448
-1972
-2198
-2520
-2981
-3028
-2792
-1945
-1066
-614
-507
-706
-538
268
1295
1961
1674
700
32
-98
187
427
125
-289
-398
65
952
1882
2451
2396
1920
1489
1596
2307
2802
2689
2183
1897
2043
2380
2294
1585
779
191
-72
-524
-949
-1571
-2322
-2583
-2202
-1306
-362
62
156
88
366
936
1626
2314
2599
2345
1296
-268
-1693
-2325
-2206
-2076
-2578
-3674
-4652
-4798
-4513
-4225
-4603
-5354
-5789
-5451
-4355
-2936
-1720
-1232
-1283
-1653
-1679
-1530
-1680
-2078
-2643
-2975
-2721
-1947
-1057
-481
-300
-178
136
818
1677
2353
2762
3380
4316
5403
6165
6408
6385
5981
5197
4682
4326
4127
4134
4024
3700
3112
2950
2898
2794
2625
2111
1494
875
434
11
-392
-890
-1770
-2824
-3780
-4411
-4744
-4727
-4868
-5339
-6028
-6767
-6898
-6292
-5024
-3676
-2510
-1545
-412
1197
3169
5116
6498
6885
6394
5551
4872
4670
4606
4219
3251
2193
1835
2259
3003
2994
2159
765
-254
-158
590
1581
2505
2893
2765
2403
1995
1467
743
-487
-2276
-3726
-4663
-4774
-4609
-4819
-5442
-6349
-7147
-7437
-7296
-7168
-7071
-7113
-7039
-6982
-6655
-6177
-5859
-5722
-5642
-5640
-5787
-5741
-5459
-4747
-3857
-3107
-2894
-2868
-2382
-1367
74
1659
2766
3634
4531
5744
6815
7379
7420
6995
6488
6074
6046
6267
6382
6441
6224
5613
4768
4170
3878
3939
4286
4515
4731
5215
5911
6785
7442
7692
7391
6715
5883
4764
3868
3129
2451
1739
1138
702
234
-347
-1401
-2559
-3522
-3787
-3286
-2336
-1494
-1223
-1412
-1780
-1820
-1868
-1974
-2421
-3115
-3511
-3478
-3004
-2384
-1987
-1874
-1790
-1700
-1550
-1574
-1724
-2013
-2480
-3048
-3307
-3182
-2703
-2531
-2862
-3424
-3871
-3779
-3319
-2755
-2651
-2966
-3641
-4314
-4777
-4973
-5218
-5273
-5107
-4705
-4094
-3533
-2735
-2165
-1768
-1513
-1365
-1478
-1639
-1709
-1313
-726
-611
-936
-1432
-1895
-2220
-2138
-1773
-1363
-785
-117
773
1725
2667
3559
4176
4536
4539
4437
4240
4094
3849
3604
3472
3546
3907
4313
4241
4098
4085
4320
4810
5279
5801
6346
6884
7448
7908
8078
7927
7061
5828
4635
3951
3678
3425
2658
1501
518
1
158
600
1124
1268
927
363
-105
-368
-413
-727
-1489
-2359
-3190
-3628
-3761
-3805
-3677
-3506
-3464
-3683
-3871
-3950
-4185
-4650
-5552
-6275
-6696
-6531
-6154
-6115
-6482
-7021
-7327
-7363
-7132
-6935
-6666
-6610
-6684
-6483
-6049
-5553
-4901
-4440
-3866
-2976
-1937
-568
879
2189
3206
4040
4582
4918
5702
6389
6937
7314
7176
6566
5742
5038
4610
4353
3748
2639
1160
57
-400
-137
498
770
719
643
740
1119
1525
1760
1602
1293
1240
1484
2019
2371
2329
2093
1855
1576
1314
933
627
523
546
883
1364
1889
2095
2198
1979
1550
994
214
-444
-1024
-1255
-1151
-868
-630
-607
-670
-782
-718
-355
-28
104
76
4
-103
153
394
318
-133
-930
-1642
-1894
-1968
-2262
-2967
-3914
-4789
-5506
-5692
-5632
-5252
-4686
-4143
-3539
-2861
-2125
-1718
-1624
-1676
-1474
-1032
-459
82
587
1305
2197
3281
4101
4558
4468
4272
4221
4172
3914
3300
2419
1694
1575
1925
2435
2478
1932
1289
664
11
-461
-791
-600
43
823
1153
891
157
-175
-12
661
1512
1761
1378
812
614
1219
2173
2533
2159
1329
734
748
1388
2241
2667
2312
1709
1249
1049
1092
1186
931
371
141
403
1170
2035
2605
2489
2053
1826
1647
1768
1567
937
-282
-1727
-3067
-4078
-4652
-4941
-4952
-4978
-4949
-4734
-4424
-3798
-3236
-3158
-3442
-3858
-4223
-4538
-4648
-4631
-4555
-4272
-4022
-3814
-3759
-3771
-3695
-3570
-3124
-2646
-1765
-503
662
1518
2071
2444
2715
2908
2791
2516
2007
1548
1181
964
1102
1381
1842
2200
2272
2055
1572
1002
778
938
1360
1780
1922
2118
2364
2558
2589
2360
1916
1608
1161
774
552
509
919
1440
1885
2056
2213
2228
2274
2489
2741
2898
2926
2840
2554
2439
2522
2661
2714
2759
2844
3003
2935
2454
1458
155
-756
-1089
-897
-368
51
432
960
1381
1447
1174
644
-108
-722
-1220
-1580
-1759
-1729
-1722
-1816
-2032
-2226
-2404
-2653
-3109
-3911
-4596
-4855
-4527
-4162
-3823
-3483
-3074
-2611
-2352
-2288
-2424
-2630
-2867
-2959
-3072
-3262
-3226
-3046
-2650
-2215
-1948
-1912
-2108
-2190
-2206
-1991
-1619
-1237
-1143
-1451
-1654
-1924
-1773
-1358
-985
-737
-830
-1062
-1173
-738
-225
84
221
325
697
1336
2301
3187
3781
4255
4654
5173
5717
6036
5810
5304
4721
4169
3926
3698
3376
2754
2027
1564
1624
2262
2887
3279
3445
3542
3611
3431
2962
2360
1639
986
522
250
231
521
768
967
910
620
240
-199
-383
-357
-168
34
176
425
701
928
1038
675
43
-390
-457
-309
-198
-241
-522
-925
-1359
-1673
-2071
-2722
-3297
-4057
-4648
-4865
-4885
-4428
-3871
-3438
-3125
-2968
-2962
-3083
-2785
-2667
-2674
-2920
-3249
-3350
-3512
-3557
-3692
-3674
-3604
-3513
-3498
-3485
-3562
-3460
-2723
-1547
-536
146
494
712
1134
1538
1860
1777
1463
982
815
1124
1573
1986
2032
1972
2407
3328
4699
5875
6513
6747
6545
6290
5821
5448
5234
4906
4427
3931
3435
3055
2811
2512
2094
1619
1058
668
601
752
1016
1060
716
286
-271
-974
-1587
-2103
-2307
-2184
-1864
-1319
-1056
-1200
-1497
-1795
-1939
-1986
-2238
-2734
-3215
-3547
-3521
-3192
-2880
-2727
-2742
-2988
-3279
-3878
-4467
-4659
-4458
-4118
-3978
-4095
-4408
-4450
-4295
-3863
-3591
-3679
-3683
-3754
-3372
-2737
-1972
-1263
-872
-438
62
726
1157
1260
875
236
-106
-144
192
680
1156
1655
2066
2699
3565
4483
5414
5955
6169
6310
6568
6742
6899
6986
6880
6699
6486
6209
5850
5335
4629
3616
2388
1179
276
148
371
1128
1852
2112
2133
1810
1515
1250
964
358
-468
-1091
-1289
-931
-468
-128
-222
-575
-962
-1415
-1454
-1321
-1162
-1049
-1204
-1300
-1201
-851
-439
-343
-329
-498
-863
-1189
-1712
-2416
-3091
-3650
-4134
-4211
-4368
-4533
-4641
-4701
-4457
-3890
-3235
-2902
-2633
-2644
-2215
-1681
-1166
-835
-929
-1233
-1752
-2391
-3100
-3870
-4383
-4519
-4483
-4235
-4090
-3811
-3191
-2254
-1335
-592
-509
-703
-924
-891
-431
159
681
1063
1314
1795
2567
3232
3470
3241
2753
2480
2575
2806
3142
3375
3690
4068
4196
4122
3831
3517
3348
3441
3759
4086
4296
4604
4915
5064
4740
4085
3197
2531
2201
1942
1732
1417
1122
1146
1386
1738
2257
2431
2466
2237
1872
1400
1000
567
194
-302
-1005
-1580
-1920
-2066
-2295
-2587
-2821
-2787
-2543
-2263
-1917
-1619
-1442
-1295
-1133
-794
-572
-657
-1015
-1703
-2167
-2530
-2870
-2948
-2861
-2434
-1754
-1070
-556
-173
158
360
540
486
200
-71
-175
67
361
614
574
541
673
937
1170
856
-74
-1083
-1639
-1524
-1084
-626
-291
-394
-644
-709
-567
-498
-495
-872
-1167
-1046
-546
278
1083
1667
1795
1479
843
355
24
-112
-131
-229
-172
-45
16
65
158
294
619
1086
1365
1468
1449
1349
1046
908
724
377
146
-17
-179
-269
-310
-321
-49
352
607
944
1121
1122
1068
1055
1074
838
568
376
189
-116
-454
-851
-1281
-1620
-1574
-1220
-724
-402
-451
-550
-631
-669
-867
-1111
-1427
-1474
-1369
-1139
-796
-456
-38
268
512
609
548
395
323
418
601
886
863
625
289
-1
-88
-154
-72
-171
-226
-80
240
603
873
1045
687
226
-202
-556
-582
-506
-285
-106
-83
-229
-212
-84
-82
-129
-301
-366
-289
9
421
1012
1396
1705
1848
1907
1934
2020
2244
2439
2459
2374
2310
2519
2815
3238
3559
3339
2806
2063
1576
1320
1150
743
77
-316
-443
-453
-193
-106
79
554
1009
1365
1382
1200
741
-6
-655
-1260
-1590
-1596
-1564
-1485
-1418
-1607
-1753
-1775
-1881
-1923
-1907
-1782
-1610
-1225
-899
-684
-689
-792
-1071
-1529
-2114
-2844
-3536
-3781
-3624
-3242
-2599
-2330
-2295
-2312
-2528
-2747
-2888
-3032
-3017
-2840
-2468
-2068
-1596
-1114
-472
-47
221
196
-15
-242
-299
79
285
340
32
-278
-318
6
462
807
896
663
455
586
1070
1565
2090
2257
2248
2231
2337
2490
2405
2006
1519
944
661
759
897
1025
686
383
281
719
1526
2210
2828
2936
2830
2525
2257
2190
2064
2104
2065
1993
2051
2280
2552
2907
3017
2941
2800
2824
2925
3112
3348
3102
2906
2582
2094
1596
1069
645
477
423
348
399
485
586
715
633
313
-158
-860
-1515
-1831
-1867
-1704
-1625
-1945
-2127
-2075
-1844
-1566
-1526
-1590
-1846
-2308
-2495
-2735
-2829
-3019
-3254
-3299
-3344
-3260
-3285
-3324
-3273
-2973
-2553
-2034
-1420
-773
-140
378
796
908
682
338
202
12
131
152
23
-86
-195
-311
-271
-102
-71
-7
64
89
29
8
-65
-472
-968
-1446
-1746
-1581
-1278
-1043
-976
-1181
-1291
-1115
-826
-385
-63
239
668
1121
1477
1602
1588
1454
1337
1174
1178
1087
1012
1192
1383
1661
1788
1870
1853
1767
1502
1055
630
467
392
377
327
477
853
1360
1719
1798
1486
1109
834
622
522
395
333
-64
-418
-823
-1094
-1156
-1226
-1342
-1743
-2091
-2212
-2021
-1528
-955
-503
-358
-149
-206
-195
-277
-438
-560
-589
-466
-350
-97
163
261
277
307
381
775
1094
1475
1791
1819
1568
1217
917
507
451
500
409
368
245
199
211
394
603
670
678
780
1098
1360
1380
1143
751
384
-84
-459
-616
-634
-324
71
543
817
1033
1210
1350
1411
1124
787
69
-511
-712
-662
-508
-492
-620
-769
-700
-338
15
207
-118
-494
-719
-809
-744
-721
-858
-1119
-1249
-1256
-1228
-1260
-1222
-1177
-1129
-997
-1087
-1033
-885
-863
-732
-890
-1068
-1164
-1146
-1156
-1193
-1306
-1430
-1520
-1551
-1374
-1185
-960
-827
-667
-459
-265
-76
12
-150
-547
-926
-1025
-926
-907
-911
-992
-1014
-1015
-1128
-948
-717
-407
-39
481
773
936
976
959
1098
1176
1154
987
921
815
1106
1410
1645
1562
1323
1204
1267
1539
1639
1531
1082
803
751
895
1160
1514
1609
1530
1529
1601
1795
1832
1645
1246
1030
925
875
908
882
786
872
1148
1446
1666
1740
1835
1856
1985
2070
2100
2067
1997
1983
1829
1529
1080
579
22
-291
-468
-478
-610
-790
-946
-1102
-1100
-990
-760
-761
-932
-1259
-1562
-1618
-1333
-1274
-1424
-1658
-1982
-2031
-1953
-1824
-1944
-2196
-2590
-2845
-2716
-2351
-2054
-1744
-1666
-1664
-1697
-1681
-1680
-1663
-1680
-1685
-1613
-1433
-1169
-969
-767
-677
-689
-979
-1053
-1061
-1035
-992
-997
-803
-438
50
633
1066
1295
1539
1565
1497
1424
1357
1215
1225
1073
1030
1206
1325
1467
1515
1532
1586
1492
1499
1629
1510
1430
1365
1314
1331
1347
1308
1195
748
392
-64
-454
-557
-356
-52
211
442
613
783
859
1106
1371
1296
1108
825
475
198
-2
-131
-160
-110
-53
10
152
202
167
-34
-233
-411
-434
-339
-378
-411
-439
-635
-919
-1221
-1476
-1470
-1385
-1137
-1083
-1049
-947
-837
-774
-738
-771
-1003
-1331
-1755
-2208
-2384
-2529
-2662
-2745
-2511
-2121
-1502
-960
-816
-636
-614
-659
-592
-521
-471
-484
-547
-484
-439
-366
-327
-173
227
738
1296
1598
1786
1929
2134
2538
2807
2956
2889
2712
2641
2376
2116
1645
1127
898
980
1007
1111
1185
1066
1338
1626
1941
2253
2339
2475
2443
2368
2067
1646
1188
734
468
269
169
244
268
266
139
-124
-243
-213
-199
-185
-219
-565
-935
-1420
-1819
-1809
-1859
-1729
-1715
-1863
-1824
-1666
-1327
-972
-795
-930
-1154
-1540
-1899
-2143
-2292
-2344
-2417
-2417
-2323
-2123
-1902
-1617
-1311
-975
-973
-1054
-1105
-1119
-1011
-1007
-1018
-1124
-1185
-1064
-953
-768
-439
-339
-139
3
87
235
405
539
771
995
1224
1451
1548
1588
1504
1462
1305
1256
1267
1217
1284
1302
1507
1725
1909
2121
2262
2306
2301
2258
2100
2003
1811
1661
1566
1380
1167
1183
1137
1096
1003
796
578
496
516
656
869
661
459
152
-37
56
42
-41
-288
-403
-489
-622
-712
-989
-1206
-1335
-1420
-1405
-1382
-1432
-1638
-1815
-2032
-1965
-1765
-1595
-1557
-1766
-1978
-2159
-2086
-1953
-1738
-1618
-1562
-1635
-1652
-1400
-1188
-997
-1041
-1099
-979
-700
-188
158
411
440
283
154
70
73
-125
-51
-80
-98
-32
-71
-63
74
184
384
521
565
414
247
57
-101
-75
51
294
434
556
518
568
523
492
460
510
594
643
724
842
1052
1196
1165
1017
854
757
869
1088
1264
1349
1270
1151
1218
1272
1477
1763
2014
1933
1464
1179
870
742
594
394
195
-231
-472
-626
-657
-775
-924
-1115
-1314
-1468
-1594
-1673
-1694
-1731
-1733
-1760
-1879
-1947
-1855
-1908
-1737
-1666
-1716
-1555
-1530
-1485
-1453
-1254
-1079
-764
-395
-271
-289
-272
-435
-482
-558
-548
-343
-99
30
116
199
367
696
836
1010
966
961
1042
1036
1207
1295
1398
1377
1358
1430
1510
1632
1641
1620
1549
1469
1337
1215
996
708
489
375
367
309
160
-101
-391
-551
-596
-755
-881
-862
-677
-311
56
383
482
314
211
252
245
402
303
70
-86
-22
65
-74
-297
-440
-797
-922
-719
-553
-520
-351
-179
-41
248
526
689
660
435
226
-22
-296
-177
-9
157
311
388
393
347
391
287
68
-125
-396
-747
-1010
-1137
-1053
-862
-796
-736
-589
-398
-370
-430
-667
-984
-1383
-1608
-1539
-1475
-1217
-1155
-936
-691
-574
-555
-521
-415
-411
-340
-359
-464
-689
-896
-1081
-1148
-1073
-899
-856
-674
-542
-507
-568
-575
-537
-406
-168
54
134
122
324
466
584
743
946
1149
1275
1301
1262
1081
924
1030
1047
1105
1109
913
702
558
428
332
396
272
98
136
269
334
335
223
-6
-161
-324
-251
-105
157
517
675
757
739
599
471
297
126
71
-101
-199
-204
-73
364
797
1105
1192
1181
966
888
848
820
814
572
245
-37
51
165
493
663
802
740
665
758
590
480
303
199
94
67
-59
-153
-157
-224
-314
-456
-392
-455
-800
-1172
-1538
-1795
-1901
-1943
-1903
-1917
-1869
-1836
-1715
-1761
-1870
-2023
-2322
-2474
-2535
-2386
-2192
-1893
-1695
-1483
-1351
-1245
-1055
-831
-803
-582
-297
-56
241
312
335
446
485
613
721
889
1089
1070
1191
1172
1287
1542
1722
1876
1845
1639
1362
1166
942
666
472
469
467
477
450
446
552
506
569
579
396
264
195
-24
-134
-156
-130
-4
66
146
224
306
386
301
305
186
-129
-130
-86
174
421
407
412
243
156
137
-4
-290
-539
-823
-923
-830
-840
-756
-611
-437
-319
-225
-301
-495
-455
-550
-757
-900
-975
-1025
-986
-822
-797
-694
-666
-711
-643
-455
-391
-292
-128
-5
106
190
326
277
116
7
-18
-37
75
368
460
513
636
745
936
1105
1262
1267
1220
1096
974
961
1012
999
1034
991
785
660
606
671
807
954
986
881
834
872
951
1200
1306
1269
1204
1060
836
668
496
367
359
412
519
659
669
639
658
623
637
521
494
396
183
16
-135
-188
-370
-572
-608
-595
-360
-440
-608
-803
-1119
-1290
-1353
-1430
-1558
-1622
-1705
-1916
-2027
-2186
-2509
-2634
-2652
-2530
-2408
-2142
-2016
-1950
-1899
-1817
-1742
-1560
-1441
-1384
-1368
-1279
-1097
-881
-624
-407
-182
-28
162
118
117
90
-115
-190
-249
-182
-18
109
201
260
272
142
178
197
240
316
512
840
1096
1218
1252
1287
1308
1331
1347
1315
1221
1086
896
751
580
423
420
537
677
773
870
820
767
651
514
320
178
181
80
121
258
500
723
901
1027
1154
1222
1473
1691
1731
1819
1780
1769
1643
1399
1214
992
678
293
-61
-332
-657
-783
-809
-616
-507
-450
-278
-467
-595
-885
-1038
-1069
-1161
-1109
-1080
-913
-727
-551
-373
-283
-264
-293
-534
-597
-602
-581
-269
-302
-197
-278
-375
-464
-558
-577
-501
-486
-551
-505
-568
-563
-577
-347
-293
-220
-222
-421
-640
-774
-638
-618
-573
-450
-423
-556
-551
-449
-428
-310
-332
-456
-493
-489
-377
-384
-510
-543
-479
-261
-2
156
288
346
357
413
472
453
356
567
818
1010
1175
1183
1217
1105
880
620
374
204
79
82
48
-49
-142
-396
-550
-838
-1172
-1360
-1409
-1303
-1093
-816
-663
-500
-346
-138
35
173
220
219
173
97
-8
-47
-168
-175
-109
-91
-51
-143
-160
-146
-100
-32
42
134
165
211
347
388
361
411
437
339
350
259
-10
-66
9
301
608
968
1126
1168
1229
1098
1013
788
560
420
325
162
17
14
99
111
252
360
380
419
264
193
213
312
447
590
731
916
952
827
581
495
496
320
220
149
219
460
485
550
467
175
29
4
-149
-356
-459
-470
-490
-598
-490
-339
-145
20
197
333
248
183
118
-27
-69
-226
-440
-653
-722
-769
-849
-914
-1016
-1193
-1287
-1281
-1281
-1172
-1043
-823
-604
-443
-352
-360
-392
-680
-927
-1137
-1212
-1240
-1259
-880
-593
-352
-163
3
-128
-190
-180
-248
-346
-349
-367
-178
16
47
-42
-215
-197
-145
-16
199
313
254
138
67
135
310
464
688
873
907
1018
1069
1046
1050
997
923
859
966
1107
1065
1113
1010
941
764
617
456
398
396
351
500
530
681
728
785
888
1004
1151
1018
944
754
725
758
833
814
749
705
601
471
303
253
228
276
260
321
433
632
746
796
729
601
350
169
-9
-143
-261
-320
-316
-320
-315
-454
-591
-721
-820
-920
-998
-1117
-1284
-1452
-1538
-1643
-1632
-1618
-1474
-1386
-1172
-1018
-1071
-1019
-963
-892
-917
-795
-779
-745
-590
-439
-253
-130
-40
121
399
598
725
732
750
678
591
592
667
687
686
538
454
350
119
117
-14
70
315
571
576
584
496
392
278
58
-94
-222
-226
-99
-37
67
29
-66
-98
-184
-154
-188
-243
-169
-248
-231
-143
-44
-82
-104
-111
-217
-202
-239
-200
-373
-427
-404
-262
-156
-91
17
182
223
187
124
-13
-224
-300
-379
-473
-414
-504
-471
-406
-285
-225
-183
-121
-173
-72
-35
73
25
-18
69
-19
-48
-210
-271
-237
-124
82
125
241
336
367
429
388
405
295
226
67
-12
-93
-104
-170
-185
-15
123
333
514
697
760
982
1097
1105
1046
849
732
688
603
563
545
401
312
203
230
283
329
447
506
664
747
823
1032
1144
1253
1072
893
680
399
316
180
215
236
142
26
-126
-135
-141
-220
-255
-272
-400
-446
-543
-549
-594
-727
-894
-1068
-1180
-1318
-1296
-1217
-1112
-1212
-1302
-1238
-1254
-1082
-908
-771
-583
-524
-438
-473
-514
-461
-358
-230
-144
-149
-172
-167
-210
-258
-134
-62
-88
-39
-35
-44
-8
26
-12
-27
131
314
476
499
461
431
317
166
88
105
-2
-123
-230
-192
-97
-117
-132
-439
-825
-980
-971
-792
-615
-546
-577
-562
-498
-384
-330
-414
-574
-580
-558
-464
-139
103
259
367
381
393
371
412
352
431
448
463
656
733
738
851
906
867
893
672
407
160
104
79
151
205
103
66
-60
-170
-277
-389
-483
-558
-503
-451
-429
-401
-403
-411
-462
-535
-563
-395
-368
-321
-375
-416
-473
-558
-507
-421
-178
88
368
594
764
779
758
768
671
589
585
665
529
512
477
239
64
-8
-25
-29
34
53
200
293
407
420
410
484
281
98
-236
-467
-735
-959
-1010
-1084
-988
-794
-692
-682
-637
-771
-896
-1020
-989
-882
-752
-431
-291
-147
-136
111
287
470
374
204
50
28
-22
-33
-50
-120
-258
-337
-156
35
220
296
370
329
389
493
627
703
679
526
378
300
215
116
-95
-293
-430
-627
-751
-765
-707
-663
-511
-312
-271
-69
113
235
437
462
496
472
355
307
369
262
188
73
-100
-314
-478
-517
-519
-440
-327
-111
170
409
628
757
734
629
457
275
58
75
-61
-239
-151
-225
-142
-137
-209
-292
-336
-487
-653
-739
-856
-865
-929
-788
-595
-530
-529
-563
-663
-714
-699
-746
-930
-937
-840
-715
-655
-520
-468
-515
-609
-632
-511
-420
-115
-40
8
4
90
282
385
370
329
313
238
197
245
347
343
320
237
260
452
597
799
838
784
658
575
518
461
461
452
499
388
382
291
298
399
318
205
25
-89
-183
-62
10
41
74
31
139
303
547
540
498
272
92
-18
-33
1
12
116
56
-22
-212
-513
-679
-818
-885
-959
-935
-899
-873
-682
-563
-567
-510
-484
-518
-578
-696
-801
-773
-796
-787
-848
