-9.8892
-6.10672
-5.16111
-4.21549
-4.21549
-4.21549
-4.21549
-6.10672
-6.10672
-5.16111
-4.21549
-5.16111
-6.10672
-5.16111
-5.16111
-5.16111
-5.16111
-5.16111
-6.10672
-5.16111
-5.16111
-6.10672
-4.21549
-5.16111
-5.16111
-5.16111
-6.10672
-4.21549
-6.10672
-6.10672
-4.21549
-6.10672
-4.21549
-5.16111
-7.99796
-4.21549
-6.10672
-7.05234
-0.433011
-3.26987
-5.16111
8.07756
1.45823
2.40385
3.34947
-1.37863
-1.37863
-0.433011
-2.32425
-2.32425
-1.37863
-2.32425
-4.21549
-1.37863
-1.37863
-0.433011
-2.32425
-1.37863
-0.433011
-0.433011
-0.433011
-1.37863
-0.433011
-2.32425
-0.433011
-4.21549
-0.433011
-5.16111
0.512608
-1.37863
0.512608
-1.37863
0.512608
-5.16111
-1.37863
-1.37863
-1.37863
-1.37863
-2.32425
-4.21549
-5.16111
-5.16111
-5.16111
-5.16111
-4.21549
-4.21549
-5.16111
-5.16111
-3.26987
-4.21549
-6.10672
-3.26987
-6.10672
-4.21549
-4.21549
-5.16111
-7.99796
-3.26987
-4.21549
-7.99796
-1.37863
-6.10672
-6.10672
-5.16111
-9.8892
11.86
1.45823
0.512608
8.07756
3.34947
0.512608
1.45823
2.40385
0.512608
1.45823
0.512608
4.29508
0.512608
5.2407
5.2407
1.45823
0.512608
5.2407
0.512608
10.9144
-1.37863
6.18632
8.07756
6.18632
3.34947
0.512608
2.40385
5.2407
3.34947
2.40385
3.34947
2.40385
2.40385
2.40385
1.45823
3.34947
1.45823
2.40385
3.34947
2.40385
0.512608
3.34947
4.29508
1.45823
-1.37863
-1.37863
0.512608
0.512608
-2.32425
-2.32425
0.512608
1.45823
-1.37863
-2.32425
-3.26987
-0.433011
-1.37863
-2.32425
-3.26987
-1.37863
1.45823
0.512608
-0.433011
-4.21549
-6.10672
-9.8892
-4.21549
-4.21549
-2.32425
-3.26987
-5.16111
-7.05234
-6.10672
-4.21549
-4.21549
-0.433011
-5.16111
-4.21549
-5.16111
-6.10672
-5.16111
-5.16111
-5.16111
-5.16111
-4.21549
-5.16111
-2.32425
1.45823
-1.37863
-0.433011
-0.433011
-4.21549
-3.26987
-1.37863
-1.37863
-2.32425
4.29508
4.29508
3.34947
5.2407
2.40385
-0.433011
1.45823
3.34947
3.34947
6.18632
8.07756
5.2407
5.2407
7.13194
4.29508
5.2407
7.13194
5.2407
4.29508
6.18632
6.18632
7.13194
5.2407
9.9688
6.18632
7.13194
9.9688
5.2407
4.29508
6.18632
7.13194
4.29508
19.425
8.07756
15.6425
11.86
9.02318
7.13194
10.9144
8.07756
8.07756
10.9144
5.2407
9.9688
5.2407
6.18632
3.34947
0.512608
-0.433011
-4.21549
-2.32425
-6.10672
-7.05234
-8.94358
-8.94358
-10.8348
-8.94358
-10.8348
-12.7261
-11.7804
-15.5629
-12.7261
-9.8892
-10.8348
-11.7804
-14.6173
-18.3998
-17.4542
-14.6173
-16.5085
-16.5085
-18.3998
-17.4542
-15.5629
-11.7804
-8.94358
-9.8892
-12.7261
-11.7804
-8.94358
-7.99796
-4.21549
-7.05234
-3.26987
-4.21549
-3.26987
-2.32425
0.512608
-1.37863
4.29508
5.2407
2.40385
5.2407
8.07756
11.86
13.7513
12.8057
15.6425
20.3706
23.2075
23.2075
27.9356
31.718
34.5549
36.4461
37.3917
41.1742
43.0655
41.1742
42.1198
45.9023
45.9023
42.1198
41.1742
42.1198
44.0111
39.283
32.6637
27.9356
25.0987
22.2618
16.5881
11.86
7.13194
5.2407
1.45823
-5.16111
-9.8892
-14.6173
-21.2366
-25.0191
-29.7472
-33.5297
-33.5297
-41.0946
-46.7683
-50.5508
-54.3333
-55.2789
-54.3333
-56.2245
-56.2245
-52.4421
-55.2789
-55.2789
-52.4421
-54.3333
-49.6052
-46.7683
-46.7683
-39.2034
-39.2034
-40.149
-29.7472
-28.8016
-28.8016
-21.2366
-19.3454
-12.7261
-19.3454
-41.0946
-41.0946
-25.0191
-15.5629
-8.94358
-15.5629
-21.2366
-11.7804
-2.32425
8.07756
17.5337
18.4794
15.6425
16.5881
24.1531
35.5005
41.1742
42.1198
38.3374
31.718
28.8812
32.6637
41.1742
45.9023
44.9567
41.1742
36.4461
38.3374
46.8479
51.576
55.3585
57.2497
57.2497
62.9235
71.434
72.3796
76.1621
85.6183
92.2376
97.9114
97.9114
94.1289
96.0201
106.422
113.987
116.824
113.987
102.639
98.857
94.1289
103.585
93.1833
73.3253
65.7603
40.2286
24.1531
7.13194
2.40385
-17.4542
-50.5508
-70.4088
-112.016
-112.016
-126.2
-185.774
-199.959
-196.176
-219.817
-238.729
-245.348
-254.805
-251.968
-239.675
-227.382
-236.838
-253.859
-241.566
-200.904
-170.644
-175.373
-174.427
-148.895
-139.439
-146.058
-121.472
-79.865
-74.1913
-97.8318
-106.342
-77.0281
-59.0614
-61.8982
-53.3877
-20.291
-4.21549
-26.9103
-35.4209
1.45823
55.3585
66.7059
78.999
115.878
117.769
128.171
152.757
223.679
288.926
287.981
288.926
307.839
343.772
373.086
384.434
389.162
384.434
360.793
330.534
325.806
316.349
282.307
221.787
190.582
189.636
143.301
96.0201
61.0322
50.6304
27.9356
-30.6928
8.07756
8.07756
-53.3877
-57.1701
-23.1279
55.3585
74.2709
46.8479
40.2286
57.2497
84.6727
100.748
159.377
179.235
117.769
46.8479
52.5217
121.552
127.226
61.9778
-3.26987
-26.9103
-59.0614
-127.146
-164.971
-156.46
-201.85
-323.835
-396.647
-390.974
-401.375
-494.046
-581.989
-568.75
-542.273
-604.684
-675.605
-671.822
-662.366
-710.593
-751.254
-690.735
-617.922
-692.626
-837.306
-822.176
-646.291
-529.98
-544.164
-554.566
-485.536
-410.832
-324.78
-128.092
158.431
351.337
336.207
302.165
533.842
931.947
1166.46
1184.43
1169.3
1219.42
1298.85
1359.37
1470
1569.29
1419.89
1058.66
877.101
1006.65
1055.82
728.639
336.207
223.679
168.833
-101.614
-375.844
-414.614
-457.167
-761.656
-1043.45
-966.856
-831.632
-1066.15
-1386.71
-1258.11
-884.587
-846.762
-1084.11
-1084.11
-811.774
-632.106
-555.511
-290.738
59.141
69.5428
-138.493
78.0534
751.334
1115.4
895.068
757.008
1070.95
1336.67
1256.29
1269.53
1564.57
1633.6
1237.38
935.73
1124.85
1335.73
1079.46
671.902
556.537
506.419
180.18
-160.243
-180.101
-146.058
-466.623
-952.671
-1133.28
-1037.78
-1123.83
-1448.18
-1579.62
-1456.69
-1522.88
-1833.99
-1895.45
-1619.33
-1517.21
-1753.61
-1881.27
-1646.76
-1416.02
-1502.08
-1617.44
-1386.71
-1027.38
-914.847
-886.478
-642.508
-335.182
-181.046
27.9356
525.331
1078.52
1249.68
1087.97
1193.88
1867.16
2520.59
2535.72
2236.9
2226.5
2387.25
2374.96
2353.21
2483.71
2355.1
1676.15
1017.05
1025.56
1308.3
1000.03
185.854
-293.575
-310.596
-533.762
-1019.81
-1146.52
-973.475
-1243.92
-1873.7
-1945.57
-1432.1
-1322.41
-1804.67
-1932.33
-1360.23
-944.161
-1184.35
-1368.74
-891.206
-338.965
-338.965
-354.094
177.343
593.416
326.751
209.494
952.751
1676.15
1449.2
933.839
1145.66
1725.32
1772.6
1483.24
1578.75
1827.45
1509.72
918.709
916.817
1323.43
1198.61
529.114
150.866
198.147
15.6425
-469.46
-653.856
-496.883
-658.584
-1277.96
-1674.18
-1486.95
-1235.41
-1445.34
-1826.42
-1848.17
-1666.61
-1763.07
-1972.05
-1782.92
-1421.7
-1552.19
-1987.18
-1910.58
-1337.54
-1106.81
-1402.79
-1525.72
-1166.38
-793.807
-707.756
-613.194
-264.261
61.9778
109.259
255.83
943.295
1656.29
1595.77
1199.56
1594.83
2600.96
2951.79
2477.09
2269.05
2652.97
2765.5
2403.33
2386.31
2693.64
2277.56
1199.56
848.733
1397.19
1345.18
241.645
-511.067
-282.227
-248.185
-1003.73
-1482.22
-1171.11
-1143.69
-1879.38
-2210.34
-1521.93
-1054.8
-1713.89
-2338
-1694.98
-678.442
-743.69
-1364.02
-1138.01
-375.844
-258.587
-415.56
184.908
903.579
537.624
-136.602
442.117
1709.25
1866.22
1010.43
800.506
1462.44
1704.52
1305.47
1313.98
1776.38
1622.25
816.582
513.984
954.642
1105.94
551.808
52.5217
15.6425
-99.723
-564.968
-864.729
-733.288
-694.517
-1155.98
-1662.83
-1603.26
-1243.92
-1303.5
-1750.77
-1880.32
-1554.08
-1404.68
-1659.99
-1769.69
-1475.6
-1294.99
-1554.08
-1767.79
-1486
-1097.35
-1194.75
-1564.49
-1489.78
-939.433
-629.27
-807.992
-827.85
-369.224
-15.5629
13.7513
453.464
1439.74
1807.59
1137.15
918.709
2149.9
3429.33
3240.2
2457.23
2574.49
3088.9
2869.52
2499.78
2917.75
3204.27
2206.64
973.555
1056.77
1652.51
1086.08
-130.928
-421.233
-115.799
-613.194
-1577.73
-1656.21
-1177.73
-1536.12
-2410.82
-2259.52
-1331.86
-1463.31
-2631.14
-2687.88
-1177.73
-337.073
-1216.5
-1906.8
-1103.02
-207.524
-286.956
-139.439
822.255
1015.16
-31.6384
-171.59
1518.23
2716.33
1845.42
737.15
1175.92
2017.52
1861.49
1538.09
1961.73
2155.58
1298.85
472.376
758.899
1344.24
1010.43
134.79
-224.545
-185.774
-529.98
-1104.92
-1161.65
-871.348
-1092.62
-1842.5
-2172.52
-1742.26
-1415.08
-1771.58
-2133.75
-1872.76
-1541.79
-1724.3
-1926.66
-1607.99
-1219.34
-1344.16
-1722.41
-1708.22
-1215.55
-850.544
-1097.35
-1529.5
-1354.56
-696.409
-420.288
-595.227
-444.874
41.1742
80.8902
-59.0614
774.029
2170.71
2266.22
1069.06
910.198
2561.25
3800.96
3248.71
2505.46
2870.47
3114.44
2381.58
2153.69
3151.31
3388.67
1696.01
180.18
657.718
1501.21
703.107
-655.747
-783.406
-506.339
-1265.67
-2094.03
-1618.39
-1066.15
-1996.63
-3009.39
-2150.77
-807.046
-1455.74
-3025.47
-2548.88
-438.255
143.301
-1259.05
-1810.35
-563.076
290.818
-7.05234
373.086
1499.32
1149.44
-381.517
-57.1701
2273.78
3189.14
1590.1
409.02
1290.34
2187.73
1645.89
1237.38
1966.45
2133.83
825.092
-49.6052
723.911
1458.66
719.183
-376.789
-483.644
-199.959
-571.587
-1196.64
-1131.39
-776.786
-1218.39
-2081.74
-2009.87
-1195.7
-1112.48
-1880.32
-2209.4
-1724.3
-1334.7
-1515.31
-1669.45
-1318.63
-1046.29
-1468.98
-1907.75
-1433.99
-646.291
-694.517
-1359.29
-1644.86
-1334.7
-876.076
-576.315
-402.321
-228.327
-251.022
-706.81
-859.055
370.25
2226.5
2497.89
894.123
-42.9859
1351.8
3333.82
3658.17
2997.18
2911.13
2713.49
1713.97
1750.85
3656.28
4526.24
2400.49
-8.94358
235.972
1713.97
1640.22
350.392
-173.481
-163.079
-1066.15
-2022.17
-1263.78
-148.895
-1187.18
-2981.02
-2372.05
-480.807
-896.88
-3002.77
-2932.8
-512.958
468.594
-1127.61
-2216.96
-1195.7
-171.59
-337.073
21.3162
1265.75
946.132
-1185.29
-1481.27
1356.53
3313.96
1743.29
-308.705
86.5639
1245.89
1261.97
1313.98
2133.83
2065.74
484.67
-512.958
586.796
2141.39
1800.97
132.899
-573.478
-101.614
-3.26987
-370.17
-194.285
76.1621
-665.203
-1770.63
-1676.07
-539.436
-126.2
-1033.05
-1830.21
-1557.87
-1113.43
-1201.37
-1138.96
-758.819
-1029.27
-1922.88
-2086.47
-1244.87
-712.484
-1149.36
-1742.26
-1839.66
-1803.73
-1842.5
-1504.91
-792.862
-518.632
-1022.65
-1588.13
-1504.91
-709.647
554.645
1665.75
1629.81
421.313
-235.892
1085.14
3296.94
4145.16
3319.64
2401.44
2190.57
2275.67
2809
4008.99
4443.98
2822.24
756.062
670.956
1958.89
2187.73
1027.45
162.213
67.6516
-369.224
-1201.37
-1167.33
-490.264
-887.424
-2122.4
-2057.15
-932.813
-1348.89
-3129.49
-3054.78
-733.288
244.482
-1570.16
-3079.37
-2085.52
-566.859
-434.472
-460.949
223.679
-59.0614
-1567.32
-1488.84
1048.26
2650.14
1199.56
-573.478
13.7513
1439.74
1600.5
1440.69
2077.09
2165.98
899.796
188.691
1390.57
2695.53
2033.59
381.597
-59.0614
682.304
951.805
421.313
134.79
160.322
-439.2
-1343.21
-1135.18
-12.7261
106.422
-1274.18
-2353.13
-1936.12
-1015.08
-852.436
-1347.94
-1829.26
-2125.24
-2297.34
-2137.53
-1602.31
-1300.66
-1758.34
-2461.88
-2580.08
-2172.52
-1780.09
-1496.4
-1241.09
-1167.33
-1341.32
-1520.04
-1326.19
-523.36
670.011
1587.26
1601.45
773.083
254.884
1371.66
3600.48
4748.47
3959.82
2790.09
2516.8
2789.14
3352.73
4387.24
4902.6
3553.2
1307.36
648.262
1821.77
2507.35
1586.32
466.703
61.0322
-530.925
-1499.24
-1541.79
-697.354
-808.937
-2083.63
-2519.56
-1816.02
-2058.1
-3346.03
-3100.17
-1068.04
-417.451
-2240.6
-3526.65
-2363.53
-819.339
-736.125
-813.665
-89.3212
-185.774
-1556.92
-1560.7
840.222
2547.06
1428.4
-164.971
223.679
1399.08
1678.99
1821.77
2498.84
2438.32
1206.18
618.002
1665.75
2713.49
2222.72
1027.45
625.567
896.014
843.059
491.289
498.854
442.117
-447.711
-1341.32
-912.01
54.4129
-302.085
-1735.64
-2320.98
-1625.95
-1056.69
-1337.54
-1746.99
-1844.39
-2109.16
-2529.96
-2335.17
-1617.44
-1510.59
-2244.39
-2758.8
-2536.58
-2211.29
-2157.39
-1949.35
-1431.15
-1211.77
-1607.04
-1877.49
-1340.38
-442.037
254.884
1017.05
1687.5
1286.55
261.503
764.573
3167.39
4881.8
4233.1
2832.64
2589.62
3028.38
3265.73
3938.07
5000
4457.21
1921.06
379.706
1567.4
2966.92
2178.27
614.219
134.79
-146.058
-1194.75
-1684.58
-781.514
-312.487
-1623.12
-2912.94
-2438.24
-1767.79
-2654.79
-3377.24
-2010.82
-525.252
-1526.66
-3469.91
-3307.26
-1507.75
-550.783
-603.738
-372.061
-361.659
-1461.41
-1995.69
-112.016
2363.61
2366.45
448.736
-421.233
520.603
1720.59
2356.05
2695.53
2583
1767.87
1017.05
1353.69
2473.31
2947.06
2135.72
984.902
607.6
887.503
1020.84
732.422
348.5
41.1742
-364.496
-836.36
-984.822
-797.59
-867.566
-1450.07
-1948.41
-1887.89
-1649.59
-1773.47
-2161.17
-2354.08
-2268.97
-2233.98
-2342.73
-2310.58
-2167.79
-2326.66
-2670.86
-2565.9
-2023.11
-1692.15
-1721.46
-1704.44
-1530.44
-1363.07
-1071.82
-474.188
203.821
692.706
1052.99
1332.89
1418.94
1584.42
2391.04
3607.1
4187.71
3805.68
3313.02
3287.48
3441.62
3718.69
4335.23
4530.97
3308.29
1584.42
1305.47
2263.38
2378.74
1223.2
346.609
107.368
-632.106
-1619.33
-1406.57
-547.001
-1108.7
-2748.4
-3042.49
-1973.94
-2025.95
-3364.95
-3321.45
-1512.48
-916.738
-2571.57
-3660.92
-2506.32
-1075.6
-894.043
-766.384
-163.079
-577.261
-1824.53
-1310.12
1308.3
2780.63
1433.13
-194.285
305.002
1754.64
2252.98
2255.81
2700.25
2774.96
1788.68
1078.52
1886.08
3015.15
2703.09
1451.09
896.959
1087.97
921.545
396.727
332.425
484.67
-103.505
-1206.1
-1558.81
-928.085
-606.575
-1360.23
-2233.04
-2220.75
-1827.37
-1920.99
-2247.22
-2231.15
-2156.44
-2443.91
-2660.46
-2332.33
-1963.54
-2208.45
-2623.58
-2404.2
-1826.42
-1725.24
-1957.86
-1778.2
-1258.11
-1004.68
-943.215
-618.868
-158.351
126.28
536.679
1399.08
2140.45
2024.14
1574.02
2050.61
3488.9
4520.57
4306.86
3477.55
2962.19
3045.41
3624.12
4303.08
4239.72
3002.85
1504.05
1029.35
1517.29
1788.68
1258.19
317.295
-654.801
-1441.56
-1579.62
-1145.58
-1194.75
-2141.31
-2769.21
-2290.72
-1969.21
-2874.17
-3630.66
-2645.33
-1091.68
-1171.11
-2518.62
-3008.45
-2133.75
-1087.89
-358.823
249.21
134.79
-1021.7
-1633.52
-182.937
2032.65
2538.55
1286.55
353.228
713.509
1560.78
2255.81
2852.5
3015.15
2262.43
1231.71
1195.77
2186.78
2828.86
2268.11
1214.69
652.044
552.754
442.117
322.023
324.86
89.4008
-703.974
-1529.5
-1596.64
-1093.57
-992.387
-1556.92
-2043.92
-2065.66
-2075.12
-2270.86
-2217.91
-1868.03
-1838.72
-2306.8
-2619.8
-2356.92
-1933.28
-1832.1
-1918.15
-1881.27
-1796.16
-1843.44
-1809.4
-1363.07
-742.744
-547.946
-755.037
-719.103
-244.403
268.123
767.41
1539.03
2218.93
2043.05
1293.17
1462.44
3177.79
4828.84
4585.82
3028.38
2157.47
2588.67
3504.98
4242.56
4205.68
2821.29
908.307
316.349
1328.16
2144.23
1446.36
-39.2034
-1069.93
-1378.2
-1277.02
-1078.44
-1166.38
-1767.79
-2289.78
-2119.57
-2077.01
-2852.42
-3185.28
-2092.14
-857.164
-1130.45
-2457.15
-2956.44
-2084.58
-909.173
11.86
586.796
135.736
-1313.9
-1887.89
-138.493
2322.01
2706.87
1060.55
-209.415
87.5096
1171.19
2226.5
2986.78
2915.86
1696.95
424.15
665.283
2198.13
3121.06
2404.28
1035.97
254.884
120.606
273.796
675.685
1003.81
479.941
-979.149
-2064.72
-1596.64
-380.572
-174.427
-1104.92
-1876.54
-2067.56
-2200.89
-2143.21
-1449.12
-813.665
-1313.9
-2577.24
-3124.76
-2361.64
-1291.2
-1103.02
-1679.85
-2176.3
-2266.14
-2090.25
-1734.7
-1207.04
-810.828
-937.541
-1247.7
-1116.26
-619.813
-129.983
308.784
1015.16
1898.37
1845.42
669.065
498.854
2604.75
4829.79
4543.27
2566.92
1667.64
2408.06
3390.56
4064.78
4343.74
3396.23
1299.79
111.15
1141.87
2638.79
2279.45
528.168
-718.158
-1091.68
-1193.8
-894.989
-381.517
-809.883
-2081.74
-2498.76
-1862.36
-1869.92
-2636.82
-2314.36
-881.75
-660.475
-2186.7
-3118.14
-2145.1
-747.472
-181.046
-28.8016
-212.252
-1242.03
-2037.3
-822.176
1574.02
2366.45
912.089
-621.705
-540.381
687.978
1966.45
2735.24
2555.58
1306.41
107.368
483.724
2230.28
3351.79
2610.42
987.739
113.987
334.316
970.718
1499.32
1561.73
692.706
-837.306
-1636.35
-843.925
380.651
299.328
-950.78
-1816.97
-1827.37
-1777.25
-1741.32
-1148.41
-666.149
-1524.77
-3012.23
-3164.47
-1893.56
-1015.08
-1385.76
-2147.93
-2506.32
-2481.74
-2202.78
-1680.8
-1240.14
-1232.57
-1553.14
-1783.87
-1522.88
-660.475
183.017
178.289
-253.859
306.893
1755.58
2171.65
1201.45
1140.93
2982.99
4355.09
3542.8
2361.72
2677.56
3401.9
3309.23
3309.23
3744.22
3106.87
1319.65
639.751
1749.91
2414.68
1300.74
-134.711
-585.771
-625.487
-755.037
-635.889
-675.605
-1585.29
-2433.51
-1921.93
-1104.92
-1756.45
-2923.34
-2433.51
-936.596
-837.306
-2065.66
-2468.5
-1630.68
-921.466
-689.789
-349.366
-250.076
-915.792
-1447.23
-669.931
880.884
1589.15
843.059
-332.345
-504.448
693.651
2168.82
2476.14
1502.16
650.153
904.524
1649.67
2048.72
2165.03
2024.14
1278.99
433.606
547.08
1431.23
1698.84
737.15
-459.058
-640.617
3.34947
217.059
-388.137
-904.445
-899.717
-1009.41
-1460.47
-1600.42
-1218.39
-1001.84
-1480.33
-2208.45
-2294.5
-1777.25
-1580.56
-1937.06
-2188.6
-2053.37
-1973.94
-2135.64
-2024.06
-1599.47
-1548.41
-1880.32
-1914.37
-1324.3
-417.451
-46.7683
-599.955
-1186.24
-673.714
973.555
2392.93
2146.12
791.05
396.727
1811.37
3640.2
4240.67
3585.35
2572.6
1876.62
2139.5
3487.96
4473.29
3481.34
1389.63
583.014
1337.62
1797.19
1297.9
773.083
352.283
-538.49
-1218.39
-807.992
-370.17
-1150.31
-1964.48
-1332.81
-596.173
-1662.83
-3204.19
-2647.22
-651.964
-80.8106
-1399.95
-2439.18
-2152.66
-1477.49
-884.587
-0.433011
510.201
-501.611
-2074.18
-1790.49
508.31
2026.03
1032.18
-658.584
-685.061
541.407
1300.74
1371.66
1471.9
1509.72
1114.45
794.833
1263.86
2103.57
2155.58
1348.02
953.697
1454.87
1642.11
848.733
228.407
637.86
1049.2
440.225
-515.795
-740.853
-403.267
-320.052
-688.844
-1108.7
-1364.02
-1534.23
-1644.86
-1597.58
-1468.03
-1608.93
-2116.73
-2470.39
-2195.21
-1678.91
-1665.67
-2161.17
-2417.44
-2010.82
-1462.36
-1486
-1868.03
-1786.71
-1131.39
-613.194
-591.445
-701.137
-602.792
-309.65
186.8
974.5
1741.4
1780.17
1002.87
642.588
1856.76
3735.71
4140.43
2740.92
1530.52
1891.75
2948.95
3410.41
3243.99
2741.86
1721.54
602.872
542.352
1554.16
2044.94
1054.88
-425.962
-1071.82
-858.109
-470.406
-316.27
-578.206
-1179.62
-1566.38
-1477.49
-1500.18
-1864.25
-1729.02
-809.883
-353.149
-1185.29
-2209.4
-2094.03
-1106.81
-227.382
197.201
66.7059
-826.904
-1861.41
-1609.88
198.147
1773.55
1362.2
-490.264
-1624.06
-835.415
991.521
2172.6
1957
865.754
-71.3544
-52.4421
1085.14
2519.64
2847.77
1608.06
128.171
-7.99796
1018
1760.31
1586.32
934.784
70.4884
-813.665
-929.976
61.9778
867.645
141.41
-1351.72
-1952.19
-1546.52
-1120.05
-1019.81
-975.366
-1227.85
-2108.22
-2786.23
-2355.02
-1394.28
-987.659
-1391.44
-2030.68
-2202.78
-1934.22
-1515.31
-944.161
-520.523
-664.258
-1160.71
-1388.6
-964.019
-126.2
555.591
692.706
264.34
-198.067
72.3796
1125.8
2100.73
2231.23
1749.91
1474.73
1739.51
2229.34
2648.25
2898.83
2738.08
2070.47
1518.23
1674.26
2053.45
1873.78
1351.8
1079.46
855.352
324.86
-53.3877
152.757
390.108
69.5428
-461.895
-771.112
-1026.43
-1135.18
-643.454
-60.007
-594.282
-1908.69
-2094.03
-736.125
160.322
-605.629
-1592.86
-1385.76
-734.233
-600.901
-460.004
-14.6173
-250.076
-1303.5
-1538.96
-164.971
1066.23
426.987
-1081.28
-1276.07
3.34947
1039.75
952.751
502.636
433.606
624.621
854.407
1225.09
1637.38
1639.27
1114.45
657.718
825.092
1292.23
1312.09
781.594
207.603
-62.8439
-47.714
115.878
147.084
-208.469
-761.656
-1035.89
-951.726
-829.741
-836.36
-945.106
-1235.41
-1623.12
-1642.03
-1202.31
-1026.43
-1492.62
-1781.03
-1292.15
-860.946
-1275.13
-1741.32
-1292.15
-529.034
-540.381
-1047.23
-1112.48
-815.557
-743.69
-598.064
103.585
544.244
-233.055
-1163.54
-520.523
1257.24
2182.06
1399.08
116.824
-0.433011
1230.76
2559.36
2791.03
2026.97
1300.74
1061.5
1278.04
2038.32
2645.41
2122.48
898.851
261.503
676.63
1351.8
1364.1
826.038
326.751
30.7724
-31.6384
134.79
141.41
-234.947
-373.007
80.8902
110.204
-974.421
-1779.14
-909.173
472.376
342.827
-1050.07
-1890.73
-1598.53
-897.825
-231.164
112.096
-494.992
-1835.88
-2372.05
-1238.25
293.654
488.452
-596.173
-1551.25
-1469.92
-494.992
669.065
1125.8
501.691
-347.475
-224.545
787.268
1570.24
1534.31
1085.14
801.452
822.255
936.675
988.684
1033.13
1036.91
775.92
229.352
-188.611
-78.9194
362.685
495.071
17.5337
-662.366
-1008.46
-888.369
-425.962
27.9356
-185.774
-1202.31
-1944.63
-1454.79
-471.351
-303.031
-821.23
-1179.62
-1415.08
-1695.93
-1359.29
-333.291
69.5428
-808.937
-1786.71
-1713.89
-963.073
-405.158
-236.838
-285.064
-569.696
-1082.22
-1312.95
-607.52
821.31
1715.87
1101.21
-323.835
-742.744
629.349
2497.89
3054.86
2078.98
868.591
522.494
1110.67
2135.72
2855.34
2534.77
1295.06
338.099
545.189
1373.55
1811.37
1613.74
1053.93
389.162
36.4461
235.026
475.213
301.219
183.963
378.76
7.13194
-1184.35
-1708.22
-668.04
442.117
5.2407
-1319.57
-1963.54
-1704.44
-1209.88
-683.17
-253.859
-612.248
-1834.93
-2574.41
-1740.37
-248.185
228.407
-594.282
-1603.26
-1736.59
-846.762
289.872
735.259
408.074
54.4129
117.769
421.313
867.645
1455.82
1727.21
1258.19
597.198
645.425
1284.66
1596.72
1226.03
658.663
379.706
434.552
627.458
670.011
424.15
98.857
-42.0402
-104.451
-269.934
-304.922
-55.2789
-67.572
-673.714
-1134.23
-842.979
-480.807
-734.233
-1068.98
-940.378
-863.783
-1229.74
-1449.12
-1112.48
-772.058
-947.943
-1345.1
-1530.44
-1496.4
-1292.15
-952.671
-850.544
-1203.26
-1433.99
-1048.18
-554.566
-449.602
-239.675
355.12
590.579
177.343
138.573
1099.32
2070.47
2036.43
1479.46
1365.99
1689.39
1926.74
2040.21
2171.65
2121.54
1776.38
1482.3
1504.99
1628.87
1591.04
1414.21
1215.63
1064.33
1000.03
834.549
330.534
-143.221
66.7059
631.24
413.748
-703.974
-1490.73
-1221.23
-582.934
-436.363
-842.034
-1488.84
-2036.35
-2030.68
-1410.35
-899.717
-1179.62
-1920.04
-2284.1
-1972.05
-1341.32
-900.662
-952.671
-1329.03
-1407.51
-797.59
10.9144
242.591
0.512608
43.0655
571.666
1113.51
1346.13
1357.48
1226.03
1074.74
1244
1745.18
1975.91
1595.77
997.195
706.89
889.394
1312.09
1510.67
1191.99
560.319
102.639
41.1742
233.135
531.005
703.107
320.132
-630.215
-1331.86
-1094.51
-364.496
-114.853
-599.955
-1368.74
-1980.56
-2117.67
-1627.84
-936.596
-869.457
-1619.33
-2387.18
-2389.07
-1795.22
-1335.65
-1347.94
-1551.25
-1586.24
-1432.1
-1272.29
-1122.88
-833.523
-370.17
132.899
487.506
552.754
395.781
447.79
1133.36
2188.67
2729.57
2323.9
1568.35
1400.03
2044.94
2891.27
3167.39
2636.9
1799.08
1385.84
1593.88
2044.94
2283.24
2036.43
1320.6
561.265
348.5
687.032
851.57
477.105
83.7271
-119.581
-623.596
-1312.95
-1354.56
-767.33
-588.608
-1269.45
-2085.52
-2344.62
-2167.79
-1865.19
-1567.32
-1549.36
-1993.8
-2465.66
-2396.63
-1828.31
-1249.6
-1041.56
-1277.02
-1587.18
-1365.91
-558.348
120.606
185.854
35.5005
230.298
719.183
1150.39
1411.38
1546.6
1543.76
1490.81
1618.47
1947.54
2145.18
1929.58
1459.6
1166.46
1341.4
1789.62
1928.63
1418.94
654.881
301.219
513.038
904.524
1024.62
621.784
-199.959
-931.868
-1044.4
-634.943
-312.487
-532.816
-1256.21
-2051.48
-2349.35
-1973.94
-1482.22
-1489.78
-1896.4
-2237.77
-2427.84
-2504.43
-2263.3
-1762.12
-1522.88
-1721.46
-1867.08
-1669.45
-1455.74
-1336.59
-944.161
-296.412
69.5428
97.9114
272.851
618.002
790.104
1035.02
1815.16
2667.16
2689.85
2016.57
1726.27
2310.66
3115.38
3342.33
2958.41
2506.4
2344.7
2300.26
2176.38
2160.31
2346.59
2241.63
1511.61
782.539
746.606
949.914
576.395
-65.6807
-137.548
47.7936
-558.348
-1760.23
-2173.47
-1473.71
-952.671
-1495.46
-2449.59
-2947.93
-2981.97
-2751.24
-2211.29
-1709.17
-1988.12
-2976.3
-3480.31
-2702.07
-1387.66
-831.632
-1252.43
-1770.63
-1662.83
-965.91
-83.6475
635.969
931.947
764.573
548.026
927.219
1926.74
2686.07
2519.64
1948.49
1996.71
2665.27
3015.15
2690.8
2311.61
2270.94
2218.93
2005.22
2002.39
2133.83
1728.16
760.79
204.766
556.537
984.902
546.135
-505.394
-1250.54
-1346.05
-1211.77
-1267.56
-1532.34
-1893.56
-2338
-2778.66
-2912.94
-2581.03
-2170.63
-2254.79
-2781.5
-3057.62
-2733.27
-2249.11
-2081.74
-2060.94
-1846.28
-1580.56
-1525.72
-1429.26
-933.759
-304.922
-42.9859
-37.3121
220.842
790.104
1305.47
1609.01
1774.49
1872.84
2091.28
2647.3
3258.17
3318.69
2836.42
2551.79
2881.81
3403.8
3514.43
3104.98
2497.89
2088.44
2007.12
2047.78
1936.19
1613.74
1116.34
481.833
-60.9526
-219.817
-201.85
-528.088
-1117.21
-1396.17
-1468.98
-2008.93
-2830.67
-2891.19
-2116.73
-1809.4
-2640.6
-3612.7
-3664.71
-3034.92
-2426.89
-2085.52
-2119.57
-2607.5
-3048.16
-2652.89
-1422.64
-313.433
-199.959
-893.097
-1266.62
-470.406
992.467
1862.44
1742.34
1406.65
1557.95
2051.56
2554.63
3036.9
3336.66
3126.73
2637.84
2563.14
2951.79
3085.12
2680.4
2274.73
2164.09
1957
1434.07
998.141
901.687
812.799
382.543
-270.88
-775.841
-945.106
-1016.03
-1360.23
-1888.83
-2126.18
-2085.52
-2310.58
-2823.11
-2995.21
-2720.03
-2599.94
-2795.68
-2804.19
-2554.55
-2555.5
-2776.77
-2529.96
-1730.92
-1199.48
-1353.61
-1637.3
-1453.85
-867.566
-215.089
288.926
528.168
479.941
384.434
585.851
1221.31
2034.54
2526.26
2405.22
1957
1823.67
2343.76
3162.66
3582.52
3265.73
2564.09
2158.42
2373.07
2844.93
2924.37
2421.3
1768.82
1369.77
1156.06
946.132
786.322
657.718
293.654
-338.019
-847.708
-1047.23
-1226.9
-1533.28
-1685.53
-1606.09
-1797.11
-2506.32
-3120.03
-2921.45
-2179.14
-1848.17
-2296.4
-2931.85
-3071.8
-2651
-1974.89
-1397.11
-1269.45
-1641.08
-1962.59
-1593.8
-592.39
294.6
461.029
92.2376
-70.4088
448.736
1362.2
2010.9
2115.86
1939.03
1857.71
2078.04
2594.35
3089.85
3074.72
2541.39
2145.18
2340.92
2700.25
2596.24
2088.44
1593.88
1227.93
983.011
963.153
980.174
568.83
-236.838
-800.427
-851.49
-805.155
-990.496
-1336.59
-1743.21
-2134.69
-2324.76
-2280.32
-2239.66
-2337.06
-2473.23
-2569.68
-2583.86
-2440.13
-2220.75
-2146.99
-2101.6
-1744.15
-1229.74
-1096.41
-1290.26
-1134.23
-469.46
107.368
261.503
248.265
266.232
352.283
722.02
1394.35
1792.46
1503.1
1005.71
1073.79
1743.29
2377.8
2442.1
1946.6
1415.16
1431.23
1996.71
2461.96
2326.74
1764.09
1230.76
1004.76
1169.3
1532.42
1557.95
945.186
172.615
-112.962
21.3162
98.857
29.8268
-107.288
-514.85
-1191.91
-1556.92
-1275.13
-829.741
-803.263
-1215.55
-1807.51
-2269.92
-2179.14
-1469.92
-831.632
-999.952
-1826.42
-2458.1
-2241.55
-1280.8
-355.986
-320.052
-1156.92
-1844.39
-1520.04
-456.221
429.824
606.654
173.561
-375.844
-374.898
480.887
1584.42
1961.73
1490.81
1004.76
1136.2
1691.28
2215.15
2484.65
2371.18
1898.37
1476.62
1532.42
1931.47
2132.88
1788.68
1070.01
513.984
490.343
742.823
675.685
149.92
-400.43
-692.626
-875.131
-1031.16
-1027.38
-1007.52
-1342.27
-1929.5
-2182.92
-1943.68
-1692.15
-1724.3
-1840.61
-1905.86
-2024.06
-2083.63
-1781.98
-1174.89
-771.112
-896.88
-1228.79
-1197.59
-692.626
-88.3756
258.667
295.546
139.519
1.45823
73.3253
399.564
843.059
1130.53
1035.97
704.053
544.244
658.663
874.265
1176.86
1569.29
1662.91
1116.34
432.66
438.334
1216.58
1942.81
1870
1168.35
444.008
196.256
531.95
1171.19
1567.4
1201.45
299.328
-369.224
-305.868
252.047
651.098
527.222
-10.8348
-616.031
-976.312
-934.705
-564.968
-220.762
-305.868
-883.641
-1518.15
-1674.18
-1275.13
-781.514
-668.04
-1005.63
-1542.74
-1874.65
-1620.28
-886.478
-415.56
-738.016
-1381.04
-1471.82
-854.327
-139.439
148.029
3.34947
-246.294
-226.436
289.872
1092.7
1485.13
1153.22
689.869
870.482
1640.22
2184.89
2053.45
1536.2
1181.59
1283.72
1651.56
1913.5
1719.65
1142.82
623.675
420.367
650.153
880.884
599.089
32.6637
-397.593
-534.708
-593.336
-647.236
-600.901
-656.693
-1035.89
-1503.02
-1578.67
-1314.84
-1120.05
-1114.37
-1177.73
-1323.35
-1571.11
-1612.71
-1211.77
-670.877
-533.762
-874.185
-1178.67
-1023.59
-560.239
-212.252
-146.058
-251.022
-354.094
-304.922
-100.669
69.5428
77.1077
70.4884
207.603
380.651
404.292
264.34
134.79
218.005
594.361
1053.93
1167.41
770.246
272.851
322.969
972.609
1642.11
1711.14
1141.87
513.038
390.108
851.57
1391.52
1526.74
1162.68
553.7
159.377
179.235
579.231
896.959
656.772
141.41
-255.75
-457.167
-494.992
-401.375
-211.306
-238.729
-709.647
-1336.59
-1575.83
-1279.86
-875.131
-799.481
-1154.09
-1666.61
-1916.26
-1667.56
-1120.99
-788.134
-958.345
-1364.02
-1468.03
-1041.56
-410.832
-83.6475
-211.306
-411.777
-217.925
349.446
814.691
870.482
751.334
839.277
1159.84
1473.79
1631.71
1610.9
1463.39
1378.28
1533.36
1837.85
1878.51
1521.07
1111.61
1000.03
1186.32
1282.77
1075.68
680.413
346.609
197.201
84.6727
-38.2578
-109.179
-184.829
-436.363
-866.62
-1151.25
-1101.13
-940.378
-968.747
-1169.22
-1373.47
-1545.57
-1652.43
-1551.25
-1257.16
-1066.15
-1172.05
-1388.6
-1411.3
-1191.91
-911.064
-724.777
-631.161
-577.261
-547.946
-484.59
-315.324
-85.5387
77.1077
151.812
233.135
355.12
444.008
444.008
454.41
613.274
875.21
1013.27
928.165
791.05
786.322
906.416
1040.69
1124.85
1134.31
1056.77
917.763
813.745
818.473
882.775
900.742
834.549
689.869
486.561
293.654
183.963
144.247
135.736
123.443
15.6425
-276.554
-637.78
-799.481
-653.856
-396.647
-354.094
-686.952
-1192.86
-1424.54
-1140.85
-635.889
-465.678
-807.046
-1274.18
-1404.68
-1131.39
-708.702
-413.668
-407.995
-666.149
-912.955
-810.828
-323.835
187.745
341.881
150.866
-30.6928
83.7271
436.443
791.05
1006.65
1060.55
985.848
884.666
917.763
1127.69
1349.91
1400.03
1290.34
1158.9
1052.99
943.295
878.047
923.437
969.772
831.712
541.407
303.111
173.561
37.3917
-102.56
-86.4843
33.6093
-87.43
-599.955
-1101.13
-1093.57
-651.019
-341.801
-534.708
-1029.27
-1372.53
-1329.03
-999.007
-664.258
-544.164
-690.735
-959.291
-1091.68
-909.173
-503.502
-196.176
-183.883
-344.638
-439.2
-359.768
-156.46
52.5217
163.159
165.05
127.226
104.531
109.259
149.92
234.08
331.479
375.923
319.186
208.549
163.159
233.135
337.153
374.032
336.207
284.198
265.286
286.09
310.676
315.404
311.621
321.077
324.86
286.09
230.298
226.516
271.905
266.232
161.268
47.7936
60.0866
169.778
193.419
44.0111
-135.657
-156.46
-50.5508
9.9688
-41.0946
-119.581
-181.046
-251.022
-303.031
-251.968
-115.799
-54.3333
-188.611
-428.798
-512.013
-326.672
-74.1913
-42.0402
-244.403
-431.635
-414.614
-220.762
-74.1913
-60.007
-112.016
-129.983
-108.234
-60.007
20.3706
72.3796
149.92
174.506
157.485
201.929
258.667
320.132
314.458
315.404
366.467
424.15
452.518
398.618
335.262
322.023
387.271
456.301
419.422
313.512
237.863
278.525
364.576
351.337
201.929
66.7059
110.204
274.742
335.262
159.377
-106.342
-206.578
-60.9526
151.812
188.691
-12.7261
-298.303
-452.439
-378.681
-165.916
-25.9647
-119.581
-398.539
-626.433
-603.738
-374.898
-197.122
-241.566
-442.983
-585.771
-534.708
-390.028
-293.575
-294.521
-338.019
-346.53
-311.542
-274.663
-223.599
-192.394
-147.95
-129.983
-99.723
-58.1158
-27.856
61.0322
-27.856
-41.0946
62.9235
211.386
248.265
141.41
-0.433011
18.4794
164.105
328.642
352.283
247.319
110.204
69.5428
129.117
236.917
314.458
308.784
216.114
75.2165
-27.856
-3.26987
133.845
247.319
189.636
-15.5629
-188.611
-186.72
-52.4421
48.7392
9.02318
-121.472
-217.925
-214.143
-157.406
-131.874
-146.058
-151.732
-118.635
-93.1037
-129.037
-196.176
-201.85
-110.125
6.18632
51.576
-3.26987
-81.7562
-109.179
-46.7683
61.0322
150.866
153.703
73.3253
9.02318
11.86
113.041
226.516
269.068
211.386
131.008
140.464
229.352
337.153
316.349
285.144
330.534
351.337
341.881
270.014
244.482
297.437
376.869
408.074
322.023
199.093
111.15
121.552
180.18
212.331
173.561
49.6848
-80.8106
-146.058
-126.2
-90.2668
-114.853
-199.013
-278.445
-303.031
-295.466
-306.814
-352.203
-391.919
-373.007
-300.194
-247.24
-279.391
-381.517
-433.526
-342.747
-162.134
-42.9859
-77.0281
-202.795
-274.663
-217.925
-58.1158
103.585
162.213
86.5639
-49.6052
-123.363
-46.7683
130.062
267.177
249.21
95.0745
-49.6052
-78.9194
19.425
162.213
211.386
128.171
-11.7804
-147.95
-174.427
-73.2457
12.8057
23.2075
-92.158
-268.043
-336.128
-281.282
-162.134
-128.092
-208.469
-318.161
-360.714
-299.249
-242.511
-231.164
-249.131
-251.968
-219.817
-189.557
-167.808
-150.786
-120.527
-79.865
-33.5297
9.02318
50.6304
87.5096
92.2376
91.292
125.334
194.364
271.905
306.893
264.34
216.114
241.645
311.621
376.869
392.944
368.358
339.99
320.132
311.621
314.458
332.425
367.413
369.304
301.219
196.256
139.519
177.343
247.319
254.884
170.724
42.1198
-30.6928
-38.2578
-6.10672
37.3917
33.6093
-34.4753
-140.385
-246.294
-226.436
-69.4632
11.86
-36.3665
-184.829
-310.596
-273.717
-141.33
-14.6173
-11.7804
-103.505
-191.448
-215.089
-139.439
-33.5297
60.0866
71.434
-18.3998
-116.744
-112.962
14.6969
163.159
201.929
93.1833
-29.7472
-25.0191
83.7271
200.984
234.08
168.833
79.9446
45.9023
86.5639
163.159
214.222
204.766
123.443
31.718
25.0987
96.9657
166.942
147.084
36.4461
-58.1158
-61.8982
-6.10672
34.5549
-11.7804
-119.581
-181.992
-171.59
-145.113
-155.515
-204.687
-261.424
-297.357
-296.412
-292.629
-296.412
-306.814
-334.237
-364.496
-375.844
-369.224
-311.542
-265.206
-318.161
-347.475
-324.78
-300.194
-260.478
-243.457
-220.762
-194.285
-172.536
-142.276
-102.56
-32.5841
0.512608
16.5881
58.1954
101.694
165.05
201.929
206.658
208.549
224.624
264.34
301.219
316.349
294.6
274.742
258.667
274.742
287.981
272.851
236.917
199.093
180.18
181.126
165.05
126.28
65.7603
21.3162
10.9144
16.5881
3.34947
-49.6052
-113.907
-161.188
-173.481
-156.46
-138.493
-167.808
-231.164
-280.336
-283.173
-244.403
-196.176
-181.992
-219.817
-269.934
-273.717
-219.817
-140.385
-86.4843
-79.865
-114.853
-129.983
-96.8861
-7.05234
92.2376
135.736
109.259
71.434
79.9446
160.322
279.47
329.588
314.458
258.667
235.026
274.742
361.739
417.531
412.802
351.337
287.035
271.905
305.948
343.772
336.207
274.742
194.364
136.682
118.715
125.334
113.987
63.8691
-16.5085
-90.2668
-133.765
-145.113
-148.895
-178.209
-232.11
-282.227
-322.889
-338.965
-327.617
-332.345
-339.91
-357.877
-367.333
-355.986
-317.215
-301.14
-286.956
-287.901
-266.152
-228.327
-173.481
-136.602
-114.853
-105.397
-84.5931
-39.2034
23.2075
79.9446
117.769
145.192
178.289
195.31
210.44
209.494
211.386
218.005
225.57
197.201
154.648
98.857
57.2497
59.141
73.3253
81.8358
69.5428
37.3917
14.6969
-0.433011
26.9899
30.7724
42.1198
13.7513
-23.1279
-59.0614
-77.9738
-73.2457
-76.0825
-79.865
-117.69
-155.515
-185.774
-190.502
-178.209
-167.808
-176.318
-200.904
-235.892
-235.892
-227.382
-191.448
-168.753
-167.808
-175.373
-179.155
-159.297
-115.799
-62.8439
-34.4753
-19.3454
-20.291
-9.8892
25.0987
83.7271
125.334
157.485
159.377
150.866
157.485
187.745
218.951
241.645
244.482
212.331
193.419
181.126
183.963
193.419
183.963
154.648
112.096
78.999
53.4673
46.8479
45.9023
24.1531
-5.16111
-45.8227
-77.9738
-96.8861
-91.2124
-87.43
-105.397
-108.234
-149.841
-153.623
-154.569
-131.874
-124.309
-112.962
-126.2
-132.82
-128.092
-106.342
-85.5387
-62.8439
-53.3877
-53.3877
-53.3877
-44.8771
-27.856
-7.05234
15.6425
31.718
35.5005
34.5549
40.2286
43.0655
68.5972
89.4008
101.694
107.368
103.585
96.0201
106.422
119.661
142.355
151.812
148.975
132.899
120.606
126.28
136.682
153.703
151.812
133.845
99.8026
72.3796
64.8147
73.3253
75.2165
57.2497
25.0987
-22.1822
-59.0614
-70.4088
-64.7351
-76.0825
-94.9949
-132.82
-175.373
-195.231
-196.176
-178.209
-170.644
-186.72
-213.197
-218.871
-224.545
-199.013
-157.406
-129.037
-138.493
-137.548
-129.983
-105.397
-69.4632
-17.4542
15.6425
20.3706
21.3162
37.3917
66.7059
102.639
137.627
149.92
148.975
141.41
142.355
164.105
181.126
187.745
182.071
160.322
136.682
131.954
130.062
128.171
123.443
95.0745
73.3253
45.9023
33.6093
16.5881
14.6969
-10.8348
-26.9103
-51.4964
-60.9526
-81.7562
-89.3212
-105.397
-117.69
-129.037
-135.657
-140.385
-149.841
-154.569
-160.243
-155.515
-155.515
-152.678
-145.113
-142.276
-140.385
-124.309
-114.853
-95.9405
-74.1913
-64.7351
-56.2245
-22.1822
-25.0191
0.512608
38.3374
65.7603
73.3253
92.2376
105.476
122.497
141.41
165.996
192.473
196.256
193.419
198.147
205.712
213.277
217.059
219.896
206.658
187.745
174.506
162.213
156.54
141.41
123.443
86.5639
66.7059
36.4461
16.5881
-1.37863
-19.3454
-47.714
-78.9194
-99.723
-124.309
-136.602
-157.406
-163.079
-179.155
-189.557
-203.741
-199.013
-207.524
-199.013
-195.231
-187.666
-182.937
-161.188
-150.786
-135.657
-119.581
-95.9405
-77.9738
-56.2245
-30.6928
-7.99796
10.9144
34.5549
54.4129
82.7815
100.748
113.041
127.226
157.485
157.485
166.942
174.506
180.18
178.289
181.126
173.561
165.996
161.268
145.192
133.845
120.606
101.694
80.8902
63.8691
41.1742
15.6425
2.40385
-25.0191
-54.3333
-73.2457
-86.4843
-112.962
-130.928
-148.895
-162.134
-171.59
-184.829
-194.285
-197.122
-199.013
-205.632
-197.122
-194.285
-191.448
-182.937
-169.699
-159.297
-146.058
-129.983
-116.744
-94.9949
-77.9738
-58.1158
-39.2034
-21.2366
-1.37863
19.425
36.4461
54.4129
73.3253
85.6183
107.368
117.769
125.334
138.573
153.703
153.703
159.377
167.887
168.833
166.942
169.778
165.996
156.54
156.54
153.703
140.464
131.008
121.552
113.987
96.0201
83.7271
67.6516
56.3041
32.6637
24.1531
4.29508
-13.6717
-31.6384
-41.0946
-63.7895
-77.0281
-90.2668
-99.723
-111.07
-123.363
-129.983
-137.548
-140.385
-144.167
-143.221
-138.493
-137.548
-135.657
-130.928
-120.527
-103.505
-101.614
-85.5387
-68.5176
-64.7351
-44.8771
-27.856
-7.99796
7.13194
18.4794
42.1198
46.8479
61.9778
82.7815
88.4552
103.585
109.259
116.824
121.552
122.497
126.28
123.443
126.28
118.715
115.878
107.368
91.292
96.9657
78.999
77.1077
80.8902
49.6848
44.9567
34.5549
9.02318
5.2407
-12.7261
-26.9103
-37.3121
-54.3333
-64.7351
-77.0281
-88.3756
-94.9949
-107.288
-112.962
-109.179
-129.037
-126.2
-121.472
-130.928
-119.581
-122.418
-117.69
-109.179
-109.179
-95.9405
-87.43
-78.9194
-72.3001
-60.9526
-46.7683
-38.2578
-25.0191
-12.7261
0.512608
9.9688
21.3162
38.3374
45.9023
55.3585
72.3796
78.0534
88.4552
93.1833
97.9114
110.204
103.585
111.15
114.933
109.259
110.204
105.476
104.531
91.292
86.5639
80.8902
68.5972
59.141
48.7392
39.283
23.2075
10.9144
-0.433011
-14.6173
-33.5297
-49.6052
-58.1158
-72.3001
-78.9194
-93.1037
-97.8318
-100.669
-112.962
-112.962
-107.288
-118.635
-120.527
-106.342
-107.288
-100.669
-90.2668
-84.5931
-75.1369
-65.6807
-49.6052
-39.2034
-25.9647
-10.8348
7.13194
18.4794
34.5549
45.9023
56.3041
69.5428
78.0534
88.4552
95.0745
105.476
107.368
111.15
114.933
116.824
112.096
107.368
110.204
100.748
92.2376
83.7271
76.1621
63.8691
53.4673
44.0111
30.7724
15.6425
2.40385
-12.7261
-25.9647
-41.0946
-49.6052
-60.9526
-67.572
-78.9194
-84.5931
-89.3212
-98.7774
-101.614
-107.288
-103.505
-111.07
-105.397
-107.288
-99.723
-100.669
-92.158
-84.5931
-71.3544
-63.7895
-54.3333
-41.0946
-29.7472
-23.1279
-12.7261
3.34947
18.4794
25.0987
41.1742
55.3585
64.8147
66.7059
78.999
84.6727
92.2376
91.292
102.639
99.8026
102.639
99.8026
97.9114
92.2376
88.4552
81.8358
70.4884
66.7059
58.1954
45.9023
33.6093
26.0443
12.8057
-3.26987
-12.7261
-23.1279
-37.3121
-48.6596
-55.2789
-64.7351
-75.1369
-77.0281
-85.5387
-88.3756
-92.158
-90.2668
-93.1037
-90.2668
-86.4843
-83.6475
-77.0281
-71.3544
-61.8982
-55.2789
-42.9859
-36.3665
-24.0735
-18.3998
-4.21549
-0.433011
10.9144
17.5337
32.6637
35.5005
47.7936
53.4673
61.9778
63.8691
69.5428
75.2165
71.434
71.434
67.6516
76.1621
74.2709
69.5428
61.0322
59.141
46.8479
51.576
34.5549
28.8812
22.2618
15.6425
2.40385
-0.433011
-13.6717
-22.1822
-27.856
-28.8016
-45.8227
-40.149
-56.2245
-49.6052
-58.1158
-58.1158
-58.1158
-57.1701
-59.0614
-61.8982
-53.3877
-50.5508
-51.4964
-42.0402
-34.4753
-38.2578
-33.5297
-22.1822
-11.7804
-9.8892
-0.433011
1.45823
2.40385
21.3162
15.6425
27.9356
27.9356
35.5005
34.5549
36.4461
49.6848
32.6637
34.5549
41.1742
34.5549
37.3917
28.8812
26.0443
23.2075
19.425
15.6425
20.3706
5.2407
2.40385
-3.26987
-7.99796
-12.7261
-11.7804
-15.5629
-23.1279
-27.856
-23.1279
-25.0191
-30.6928
-32.5841
-35.4209
-31.6384
-31.6384
-30.6928
-29.7472
-33.5297
-17.4542
-22.1822
-17.4542
-17.4542
-15.5629
-8.94358
2.40385
-4.21549
-2.32425
5.2407
9.02318
14.6969
16.5881
19.425
21.3162
20.3706
20.3706
25.0987
20.3706
21.3162
26.9899
23.2075
12.8057
23.2075
26.0443
16.5881
8.07756
7.13194
13.7513
3.34947
3.34947
2.40385
-7.99796
-6.10672
-19.3454
-18.3998
-11.7804
-19.3454
-19.3454
-18.3998
-29.7472
-24.0735
-28.8016
-23.1279
-21.2366
-17.4542
-20.291
-15.5629
-19.3454
-14.6173
-13.6717
-8.94358
-7.05234
-4.21549
-3.26987
-4.21549
-2.32425
0.512608
6.18632
10.9144
13.7513
16.5881
13.7513
17.5337
13.7513
21.3162
16.5881
22.2618
15.6425
18.4794
13.7513
14.6969
13.7513
11.86
11.86
9.02318
10.9144
5.2407
4.29508
-0.433011
-6.10672
-6.10672
-10.8348
-9.8892
-16.5085
-15.5629
-17.4542
-17.4542
-17.4542
-15.5629
-22.1822
-19.3454
-23.1279
-25.9647
-22.1822
-20.291
-24.0735
-11.7804
-17.4542
-11.7804
-9.8892
-9.8892
-11.7804
-6.10672
-8.94358
-1.37863
-0.433011
7.13194
6.18632
9.9688
10.9144
16.5881
12.8057
19.425
15.6425
17.5337
17.5337
21.3162
18.4794
22.2618
18.4794
19.425
16.5881
18.4794
9.9688
13.7513
6.18632
10.9144
1.45823
8.07756
-7.05234
-1.37863
-11.7804
-7.05234
-14.6173
-12.7261
-20.291
-21.2366
-24.0735
-20.291
-19.3454
-21.2366
-20.291
-27.856
-27.856
-25.0191
-24.0735
-21.2366
-18.3998
-17.4542
-15.5629
-15.5629
-14.6173
-1.37863
-6.10672
0.512608
-0.433011
6.18632
9.02318
7.13194
15.6425
27.9356
20.3706
25.0987
34.5549
24.1531
27.9356
29.8268
26.0443
28.8812
24.1531
21.3162
20.3706
15.6425
12.8057
9.02318
5.2407
5.2407
-4.21549
-9.8892
-10.8348
-19.3454
-24.0735
-23.1279
-22.1822
-29.7472
-34.4753
-31.6384
-33.5297
-40.149
-42.0402
-37.3121
-32.5841
-33.5297
-34.4753
-25.9647
-22.1822
-25.0191
-21.2366
-16.5085
-12.7261
-4.21549
-2.32425
2.40385
10.9144
16.5881
21.3162
19.425
23.2075
28.8812
27.9356
35.5005
44.0111
40.2286
38.3374
40.2286
39.283
42.1198
43.0655
35.5005
31.718
28.8812
20.3706
14.6969
15.6425
10.9144
-0.433011
-3.26987
-2.32425
-9.8892
-15.5629
-20.291
