0
43
233
213
232
273
383
368
332
244
68
-10
-110
-167
-145
-169
-211
-107
-87
-40
-56
-56
-67
-107
-62
-69
18
21
-27
-70
-141
-290
-313
-314
-445
-503
-509
-558
-587
-501
-476
-440
-358
-331
-335
-354
-294
-244
-245
-184
-162
-243
-201
-222
-214
-185
-209
-83
-80
-74
-74
-139
-247
-206
-176
-110
-50
-41
-3
-104
-218
-238
-176
-127
-141
-134
-55
-43
18
219
174
241
307
154
127
-3
-24
-4
-5
26
14
92
221
297
312
272
226
80
32
21
3
37
14
-8
-150
-134
-65
-48
-142
-214
-157
-160
-8
46
101
166
89
72
59
120
134
249
327
246
272
282
195
125
85
-8
-196
-210
-168
-275
-245
-195
-164
-165
-149
-173
-96
-40
-76
-5
79
2
-43
72
17
80
67
77
78
-37
-54
-58
-163
-154
-172
-267
-380
-376
-278
-347
-311
-331
-180
-56
49
204
230
190
182
133
90
83
197
260
266
252
158
175
16
-103
-1
54
106
214
159
50
10
-48
-48
-28
-26
26
14
41
-60
-184
-110
-139
-304
-245
-247
-303
-282
-274
-319
-302
-253
-241
-109
-170
-80
-7
9
-25
-41
-56
-63
-48
-89
-98
-207
-278
-388
-319
-273
-324
-243
-190
-222
-204
-171
-160
-162
-189
-157
-139
-78
-37
147
83
152
245
197
172
251
307
224
172
62
50
-70
-154
-126
-100
-150
-133
-114
19
-49
-64
21
-20
-101
-52
22
87
192
256
192
153
-5
-25
-14
-114
-123
-76
-32
-21
86
91
174
208
150
129
247
290
262
262
242
199
111
160
207
228
153
135
185
190
204
162
276
176
59
-44
-27
-72
-174
-145
-187
-137
-48
121
254
324
357
330
290
187
108
8
32
40
101
7
61
-2
-190
-209
-336
-321
-275
-208
-203
-24
-32
-8
-10
-27
-64
-42
15
117
102
150
223
172
221
125
184
175
180
95
15
-140
-162
-176
-145
-25
-64
-11
-56
-141
-304
-345
-248
-152
-34
46
177
157
212
329
318
315
340
273
248
198
72
-5
-66
-160
-236
-228
-104
38
145
296
376
289
198
59
6
-85
-54
95
-32
-101
-150
-160
-149
-167
-260
-274
-254
-194
-154
-129
-94
-101
-202
-144
-79
-74
-128
-218
-141
-179
-228
-177
-189
-147
-100
-33
-101
-148
-146
-197
-218
-226
-143
-57
71
228
280
240
184
0
64
-53
-75
25
102
141
116
110
1
112
85
116
135
182
109
76
91
31
123
142
102
219
338
336
392
415
364
247
170
136
49
132
260
291
314
294
222
171
44
8
-123
-109
-89
-173
-201
-107
-88
-75
23
97
196
219
322
342
354
256
171
168
61
41
36
-48
-88
-188
-197
-210
-193
-197
-312
-276
-176
-187
-74
-17
-124
-208
-174
-71
4
-11
-54
-41
-1
21
155
247
284
268
259
273
230
217
192
235
253
291
442
484
587
567
418
312
215
158
-66
23
-20
-49
-107
-116
-197
-370
-356
-385
-370
-381
-302
-175
-118
-103
-30
-57
-60
49
-41
43
47
-23
-139
-180
-127
-165
-240
-211
-187
-216
-145
-155
-147
-216
-101
-57
-66
69
14
-75
26
-8
15
-97
-177
-157
-172
-130
7
113
58
161
191
266
277
212
176
-5
-168
-229
-270
-378
-450
-505
-353
-107
19
115
148
126
59
-85
11
36
-11
59
48
44
-55
40
55
-16
-80
47
59
-27
48
72
43
-53
-20
-84
-11
96
307
400
401
461
318
226
48
-24
-156
-117
-88
-211
-93
-61
-52
-68
-28
-19
164
186
229
273
297
308
213
258
174
105
55
102
122
22
11
51
-43
-126
-141
-249
-202
-142
-143
-153
-87
-2
148
317
482
540
433
442
404
246
74
57
-79
-113
-175
-114
-120
-99
-33
-96
23
-1
100
10
-80
-17
-117
-118
-69
-167
-212
-96
-116
-120
-138
-210
-161
-128
-32
-3
-51
-94
-125
-179
-325
-407
-334
-306
-268
-223
-170
-168
-148
-107
-2
-86
-16
75
-34
3
-44
-133
-221
-185
-208
-181
-210
-239
-268
-360
-466
-505
-495
-532
-518
-546
-376
-137
-51
138
212
183
284
156
115
172
93
150
102
56
11
-83
-162
-276
-329
-254
-122
-67
-15
95
-7
-67
-60
-150
-167
-137
78
82
178
136
24
-3
-57
-88
-137
-82
26
-22
-8
-23
-21
20
95
153
186
350
354
219
272
352
346
344
302
282
261
182
96
27
-63
24
47
125
141
61
116
19
-8
-56
-121
-80
-100
48
220
275
289
212
184
42
6
-19
32
47
143
262
117
23
-101
-190
-317
-390
-434
-491
-378
-196
-202
-182
-53
31
124
245
160
162
110
-5
-72
-195
-223
-211
-355
-443
-462
-384
-373
-339
-290
-276
-198
-204
-16
-65
-149
-712
-1215
-1199
-749
-231
-56
-158
-261
-405
-639
-690
-1319
-1982
-1678
-643
401
1118
1474
1049
325
25
344
594
624
789
741
335
271
633
724
680
839
1354
1522
1195
329
-799
-1820
-2094
-1602
-1043
-987
-800
-446
-81
-434
-1146
-1374
-932
-674
-643
-191
-103
-251
-460
-256
217
339
527
744
447
-331
-482
-111
-275
-308
534
1218
1228
1340
1655
1675
1320
1047
1164
978
676
399
161
21
135
546
801
892
866
485
43
-124
-312
-479
-628
-598
-414
85
484
530
265
-311
-865
-868
-601
-556
-771
-1074
-1139
-1036
-1022
-1062
-1195
-1500
-1374
-750
-219
45
399
740
988
1448
2184
2554
2673
2742
2812
2834
2708
2359
2103
1754
1224
1069
766
265
-222
-746
-1271
-1536
-1600
-1641
-1749
-1945
-1843
-1911
-2213
-2359
-1999
-1109
-614
-331
-98
368
801
969
1143
1041
813
743
1117
1567
1697
1711
1498
1163
936
986
930
563
282
76
-235
-383
-470
-719
-950
-1062
-901
-482
-197
-7
317
609
722
806
967
951
724
399
51
-77
-128
-240
-392
-424
-565
-652
-706
-810
-813
-851
-804
-743
-501
-218
99
284
289
124
-155
-335
-371
-415
-675
-741
-396
-176
21
78
160
310
393
539
797
878
693
483
438
218
20
102
88
163
190
435
481
190
-343
-835
-1103
-1129
-1004
-690
-455
-458
-314
-151
-72
72
133
231
652
824
757
730
542
257
204
303
652
886
947
878
772
639
307
-47
-520
-785
-708
-548
-170
41
115
5
-111
-94
-202
48
175
48
17
170
336
139
-147
-179
-99
33
260
356
299
138
70
-43
-91
-85
170
376
707
922
986
928
517
112
-447
-808
-873
-674
-504
-442
-378
-265
-64
-97
-31
-60
-141
-152
-57
58
77
-155
-340
-347
-187
143
533
764
720
534
556
491
172
-66
-171
-310
-132
85
383
294
-149
-448
-659
-644
-710
-633
-544
-267
-4
67
-151
-415
-609
-717
-508
-339
72
337
170
109
-27
-28
-52
84
297
314
259
348
468
301
-56
-404
-439
-411
-322
-258
-203
-394
-602
-618
-668
-554
-360
19
380
719
897
1010
845
501
218
74
-36
-39
32
75
45
-38
19
15
-4
54
126
214
339
360
270
6
-57
-78
-56
-13
-50
-144
-13
-23
-191
-260
-273
-42
18
160
313
648
802
867
661
427
376
299
335
385
413
183
-20
-112
-199
-487
-533
-400
-338
-224
-244
-214
-198
-199
-231
-139
-17
28
24
-70
-242
-317
-196
-196
-144
-145
-210
-190
-133
-111
-75
-69
-160
-331
-591
-585
-465
-298
-242
-224
-113
-52
158
259
220
140
-124
-236
-393
-597
-590
-649
-546
-358
-123
-15
-142
-264
-325
-475
-330
-87
81
182
17
78
126
199
130
-45
-92
-150
-170
-213
-357
-560
-823
-840
-651
-260
156
345
483
707
869
845
763
729
660
635
841
798
630
552
270
113
240
220
283
265
79
-88
1
161
353
651
569
518
384
246
254
72
-91
-30
229
540
858
920
939
774
631
855
999
1074
1126
1050
1037
906
730
579
403
15
-289
-331
-538
-756
-866
-920
-976
-1043
-1196
-1456
-1915
-2190
-2272
-2082
-1946
-2144
-2276
-2460
-2785
-3073
-3337
-3490
-3463
-3350
-3276
-3088
-2891
-2807
-2755
-2681
-2359
-1770
-1236
-864
-692
-440
-307
-167
-7
287
468
545
746
859
1073
1196
1388
1551
1682
1864
1938
1780
1498
1398
1459
1510
1673
1839
1982
2004
2057
1960
1914
2113
2266
2344
2418
2443
2363
2228
1969
1913
1903
1979
2048
2007
1960
1928
1942
2053
2229
2311
2489
2551
2635
2766
2794
2745
2520
2400
2339
2397
2610
2641
2532
2360
1880
1148
577
9
-502
-918
-1163
-1257
-1411
-1787
-2405
-3299
-4469
-5483
-6200
-6656
-6660
-6563
-6396
-6040
-5904
-5767
-5649
-5417
-4804
-4018
-3086
-2074
-1286
-784
-426
-20
354
1004
1683
2196
2576
2562
2288
1504
622
-306
-1008
-1549
-2061
-2545
-3074
-3535
-4093
-4436
-4762
-4922
-4848
-4570
-4291
-3772
-3283
-2786
-1990
-1238
-374
686
1865
3008
3948
4625
5034
5240
5389
5429
5430
5324
5066
4662
4266
3750
3083
2480
2034
1605
1159
785
565
285
-6
-148
-24
284
549
805
1020
1133
1131
1161
1110
1178
1262
1619
2089
2522
2681
2847
2878
2608
2614
2554
2451
2466
2572
2795
3020
3110
2724
1674
518
-248
-536
-362
-369
-924
-1678
-2507
-3385
-4132
-5022
-6003
-6835
-6901
-6355
-5615
-5156
-5564
-6377
-7159
-7170
-6157
-4830
-3522
-2407
-1288
-79
1049
1968
2293
2339
2343
2883
3876
4650
4889
4488
3776
3138
2409
1822
1065
185
-552
-1020
-1146
-1347
-1689
-2440
-3409
-4140
-4307
-4104
-3785
-3290
-2918
-2516
-2006
-1414
-704
-103
454
1120
1994
2731
3352
3763
3903
3809
3706
3639
3492
3387
3278
3202
3116
3065
2926
2448
1835
1493
1203
908
646
312
43
-231
-162
-50
-265
-465
-676
-857
-747
-330
-163
-87
-305
-416
-386
-294
-53
-58
53
9
179
231
267
218
-148
-192
46
529
1235
1987
2537
2808
3042
2970
2473
1756
1228
978
702
680
571
69
-857
-1955
-3056
-4121
-4867
-5226
-5262
-5048
-4836
-4723
-4913
-5337
-5594
-5647
-5470
-4942
-4215
-3433
-2627
-1787
-911
-97
567
1019
1501
2010
2432
2912
3093
2968
2764
2496
2285
2343
2252
2104
1697
1200
970
556
132
-487
-1067
-1626
-2022
-2013
-1670
-1342
-954
-533
-166
168
393
476
637
808
1074
1644
2314
2706
2998
3355
3675
3895
3897
3898
3693
3382
3095
2795
2250
1723
1314
868
716
703
865
1005
988
979
967
810
511
-25
-663
-1104
-1262
-1157
-1001
-935
-988
-1158
-1152
-1020
-966
-851
-717
-632
-512
-219
-56
58
237
265
482
847
1315
1740
1892
1811
1346
700
91
-380
-572
-550
-501
-399
-437
-670
-1015
-1451
-2095
-2667
-3332
-3658
-3647
-3480
-3205
-3200
-3634
-3997
-4378
-4531
-4562
-4416
-3924
-3350
-2701
-1707
-727
56
579
741
964
1499
2185
2843
3398
3462
3299
3145
3027
3196
3175
2907
2468
2082
1956
2096
2020
1438
827
248
-7
33
403
643
636
457
431
516
841
841
496
-15
-392
-217
230
768
835
928
1034
1158
1259
1317
1196
986
908
803
902
872
424
-171
-588
-893
-797
-694
-729
-968
-1287
-1370
-1588
-1827
-2179
-2505
-2714
-2531
-2071
-1578
-1347
-1385
-1519
-1683
-1525
-1206
-917
-502
-76
253
636
1018
1011
919
818
1005
1673
2352
2721
2622
2301
1913
1839
1913
1899
1698
1380
954
710
363
-154
-1003
-2042
-2602
-2571
-2004
-1513
-1434
-1925
-2427
-2591
-2366
-2046
-1759
-1758
-1630
-1018
-133
721
1148
1089
814
870
1490
2393
2983
3144
2959
2681
2517
2384
1928
1268
516
103
130
307
192
-533
-1655
-2829
-3381
-3366
-2967
-2482
-2111
-1731
-1217
-843
-503
-331
-398
-398
-16
476
913
1156
1206
1039
935
1026
943
776
553
375
367
340
302
-27
-628
-1014
-1291
-1347
-1411
-1433
-1210
-933
-695
-284
-35
-27
-214
-504
-543
-306
-194
-5
301
432
559
495
459
365
138
185
336
872
1411
1750
2057
2197
2300
2258
2386
2407
2236
2156
2312
2788
3289
3546
3194
2522
1785
1218
822
334
-242
-979
-1370
-1324
-1056
-946
-1349
-2099
-2944
-3182
-2865
-2305
-1934
-2036
-2308
-2256
-1623
-1060
-702
-807
-1110
-1101
-607
109
492
452
144
-110
174
660
841
545
-295
-914
-978
-632
-549
-831
-1472
-1932
-1932
-1923
-1646
-1421
-1472
-1597
-1616
-1258
-826
-578
-324
-302
-361
-217
54
392
487
389
494
604
782
948
961
1009
1072
1307
1529
1508
1352
1023
651
459
400
441
432
399
383
364
310
121
-78
-249
-301
-21
481
650
544
289
120
323
591
942
1109
1240
1190
1536
2031
2428
2626
2484
2360
1945
1537
1794
2401
2836
2830
2527
1943
1305
611
103
-268
-722
-1330
-1742
-1617
-1627
-2041
-2940
-4160
-4904
-4825
-4055
-3261
-3042
-3337
-3741
-3748
-3267
-2261
-1675
-1420
-1226
-642
462
1267
1447
799
73
-29
759
1737
2153
1882
955
191
-117
-15
100
-299
-897
-1340
-1301
-939
-645
-911
-1628
-2066
-1815
-964
-90
335
141
-473
-825
-760
-296
102
118
117
504
1418
1980
1696
1046
553
615
1190
1861
2207
1863
1375
1331
1558
1865
1944
1672
1493
1719
2624
3250
3074
2175
1296
1142
1399
1641
1778
1557
1088
986
1316
1965
2166
1908
1616
1396
993
633
505
861
1642
2089
2091
1457
194
-1250
-2124
-2587
-3086
-3539
-3890
-3972
-3778
-3792
-4423
-5616
-6659
-6548
-5425
-4036
-3208
-3442
-4365
-5058
-4688
-3216
-1601
-568
-226
264
969
1632
1984
1608
858
315
585
1342
1961
1726
562
-827
-1355
-977
-71
371
-104
-1147
-1996
-2104
-1632
-1172
-1214
-1647
-1734
-1249
-170
582
464
59
-185
301
1274
2253
2788
2696
2544
2683
2798
2830
2489
2255
2380
2810
3460
3623
3115
2310
1975
2111
2767
3507
3671
3650
3467
3457
3609
3541
3079
2602
2636
3025
3540
3714
3544
3152
2948
3288
3385
2621
1095
-267
-528
385
1528
1884
799
-1284
-3076
-3761
-3677
-3664
-4336
-5367
-5845
-5707
-5180
-5440
-6820
-8437
-9042
-7778
-5436
-3625
-3619
-5071
-6564
-6460
-4559
-2038
-478
-273
-366
125
1322
2539
2729
1893
982
1124
2498
3515
2900
369
-2461
-3718
-2926
-1111
-211
-1223
-3479
-5133
-5214
-4052
-2679
-2389
-3081
-3355
-2639
-1063
-67
-177
-756
-643
804
2925
4461
4585
3632
3052
3736
5220
6699
6892
6078
5239
4996
5510
5819
5304
3987
2827
2702
3497
4282
4089
3243
2452
2497
3413
4381
4520
3700
2708
2662
3792
5173
5883
5603
4560
2967
1648
1464
2152
2958
3114
2365
925
-877
-2444
-3460
-4251
-5057
-5740
-6241
-6493
-6605
-7238
-8583
-10192
-11132
-10685
-8970
-7181
-6495
-6898
-7744
-7940
-6430
-3980
-1423
-186
-253
-428
140
1434
2555
3062
2820
2512
2804
3494
3840
3130
1397
51
-82
799
1269
193
-2388
-5080
-6307
-5473
-3483
-2098
-2059
-3108
-4212
-4442
-3779
-2774
-2010
-1351
-359
834
1995
2579
2439
2330
2889
4519
6306
7194
7016
6155
5777
6138
6973
7428
6968
6052
5671
5998
6622
6912
6448
5729
5314
5505
6124
6210
6011
5610
5613
6196
6474
5407
2745
588
231
1865
3626
3212
351
-3288
-5654
-5495
-4404
-4229
-6074
-8659
-9977
-9403
-8080
-8022
-9648
-11758
-12337
-10223
-7295
-5877
-7169
-9619
-10110
-7536
-2876
565
733
-1326
-2946
-1783
1438
4458
5248
3531
1559
1172
2324
3167
2453
267
-1609
-1718
-426
335
-1130
-4620
-7948
-9127
-7760
-5308
-4166
-5363
-7646
-8895
-7988
-5455
-2975
-1665
-1487
-1167
90
2070
3830
4982
5630
6530
8045
9519
9978
9401
8641
8625
9491
10490
10555
9314
7329
5697
5398
6012
6584
6710
6091
5136
4375
4192
4322
4479
4559
4464
4009
2816
1637
1374
2280
3656
4152
2718
25
-2406
-3285
-2675
-1879
-2402
-4151
-6270
-7473
-7609
-7837
-8817
-10417
-11103
-9984
-7921
-6681
-7431
-9534
-10835
-9485
-5811
-2142
-647
-1617
-3119
-2890
-645
2109
3316
2579
1298
1212
2430
3504
2898
624
-1849
-2882
-1979
-916
-1351
-3961
-6875
-8065
-7125
-5014
-3904
-4810
-6760
-7890
-7276
-5319
-3503
-2668
-2606
-2397
-1685
-546
582
1417
2458
3685
5260
6342
6526
6136
5820
6894
8912
10524
10970
10022
8667
8206
8990
10106
10613
10183
9377
8822
8777
9203
9299
8537
6728
4721
3725
4390
6059
6975
5532
2242
-1115
-2330
-1302
60
-557
-3492
-6963
-8884
-8401
-6941
-6764
-8753
-11515
-12739
-11533
-9233
-8141
-8969
-10695
-10871
-8363
-4617
-2101
-1979
-3047
-2923
-691
2350
3953
3278
1720
1619
3419
5524
5686
3530
607
-867
-3
1542
1729
-306
-3615
-5997
-6330
-5459
-5009
-5983
-7808
-9023
-8926
-7993
-7100
-6676
-6358
-5588
-4414
-3554
-3445
-3556
-2454
42
3363
5852
6295
5214
4273
5069
7474
10186
11503
10885
9403
8601
9113
10489
11477
11213
10281
9328
9491
10617
11091
9746
6202
2375
986
2773
5495
5920
2446
-2626
-5421
-4566
-1501
-111
-2783
-7691
-11105
-10458
-6954
-4240
-5263
-9106
-12028
-10965
-6795
-3612
-3876
-6917
-8745
-7026
-2373
1348
1883
-394
-2304
-1019
2561
5646
5807
3546
1660
2192
4361
5612
4376
1490
-743
-595
1318
2379
1090
-2068
-4992
-5873
-4950
-3979
-4262
-5747
-7145
-7593
-7174
-6576
-6196
-5756
-5204
-4123
-3137
-2598
-2330
-1763
-406
1201
2433
2667
2317
2301
3449
5656
7711
8416
7675
6505
6093
7162
8745
9889
9771
8568
7549
7390
8323
8758
7279
4263
1819
1782
3779
4894
2718
-1848
-5861
-6585
-4168
-2147
-3483
-7793
-12116
-13084
-10389
-7369
-7503
-11016
-14640
-14641
-10292
-5383
-3887
-6244
-8959
-8186
-3559
1876
4460
3111
306
-296
2959
7679
10309
9173
6240
4744
5649
7637
8179
6578
3959
2461
2711
3513
3208
1159
-1573
-3436
-3594
-2915
-2685
-3751
-5507
-6710
-6310
-5058
-3621
-2681
-2267
-2210
-2147
-1532
-416
1060
2612
3708
4003
3528
2947
2886
3505
4675
5878
6467
6200
5264
4651
4962
6193
7423
7925
7615
7246
7177
7003
5945
3979
2709
3193
4667
4709
1734
-2887
-5885
-5785
-3421
-2654
-5482
-10467
-14282
-14285
-11353
-8993
-10298
-14886
-19078
-19313
-15477
-11222
-9868
-11655
-13353
-12015
-7497
-2244
688
729
-293
513
4189
8501
10891
10502
9223
8862
9805
10761
10581
9016
7106
6487
6961
7235
6332
4204
1725
226
-152
177
393
-21
-713
-1570
-2272
-2859
-2858
-2353
-1665
-1111
-956
-911
-806
-278
930
2391
3402
3545
3468
3638
4060
4970
5989
6806
7091
6545
6044
6196
6943
8328
9293
8856
7217
4919
3376
3797
5759
7578
6560
2438
-2301
-4636
-3891
-2363
-3216
-7421
-12415
-15066
-14533
-12642
-12471
-15153
-19026
-21145
-19702
-16150
-13691
-14441
-17201
-18509
-16233
-11106
-6118
-3722
-4019
-5184
-4706
-1597
3091
6929
8556
8892
8846
9059
9876
10920
11915
12861
13292
12783
10982
8639
7314
6987
7195
7061
6226
4406
2130
279
-559
-150
373
403
-454
-1736
-2682
-2838
-1848
-416
919
1785
2264
2608
2945
3798
4672
5756
7070
8494
9578
9601
8942
8665
9483
11302
12821
12460
10157
6534
3715
3883
6470
8913
7597
2062
-4303
-6941
-5356
-2100
-1999
-7035
-13894
-18231
-18069
-15070
-13297
-15615
-20354
-24009
-23516
-19812
-16785
-16894
-19120
-20212
-18289
-13824
-9626
-7275
-6690
-6190
-4055
-389
3511
5786
6633
7133
8436
10110
10922
10691
10314
10487
10997
11195
10165
8606
7442
6635
5791
4994
4006
3111
2501
1873
1374
623
-20
-139
426
1253
1576
1276
669
1041
2683
5007
6693
7087
6868
7064
7716
8949
10162
10825
11146
11101
10844
10780
11039
11634
11886
10832
8579
6078
5103
6368
7981
7087
2662
-2787
-5632
-4713
-2334
-2582
-6999
-13368
-17264
-16857
-14088
-12887
-15761
-21333
-25093
-24484
-20666
-17617
-18079
-20979
-22886
-21364
-17222
-13103
-10676
-9926
-9640
-8258
-5437
-1991
930
3005
4935
6785
8003
8554
8736
9271
10294
11339
11872
11625
10561
9411
8668
7978
7486
7165
6914
6192
5160
3623
2144
1330
1477
2179
2305
1419
-227
-1084
-494
1387
3472
4541
4485
4238
4884
6622
8940
10807
11861
12323
12820
13569
14538
15456
16115
15495
14023
11912
10367
10422
11315
11367
8565
3820
-424
-1518
-586
-443
-3685
-9632
-14810
-16515
-15478
-14586
-16118
-20498
-24827
-26827
-25544
-22892
-21556
-22562
-24401
-24928
-23263
-19786
-16444
-13944
-12577
-11315
-9226
-6338
-3021
-367
1612
3354
5110
7066
8471
9303
9672
9976
10832
11740
12178
11798
10361
8766
7371
7016
7445
7591
6879
5146
2996
1419
1220
2214
3385
3637
2879
1570
948
1610
3267
4959
6155
6662
6482
6707
7551
9065
10554
11853
12349
12478
12647
13247
14551
15704
15636
14162
11696
9502
9901
11854
12680
10205
4859
56
-1360
-468
217
-2485
-8610
-14199
-16344
-15213
-13492
-14056
-17539
-21754
-24403
-24149
-22383
-21258
-21859
-23463
-24288
-23633
-21539
-19112
-17267
-16311
-15353
-13533
-10597
-6805
-3546
-1546
-239
816
2861
5647
8072
9301
9190
8715
9011
10376
11871
12329
11244
9267
8223
8401
9353
9964
9266
7427
5261
4026
4450
5888
6457
5578
3799
2191
1909
2971
4544
5780
5899
5338
4788
5459
7345
9805
11602
12038
11406
10712
11232
12930
15147
16091
15067
12507
9937
9272
10882
12594
11978
8276
3189
476
258
746
-262
-4674
-10088
-13622
-14245
-13582
-14167
-17282
-21321
-24269
-24576
-22806
-21478
-22045
-24527
-26611
-26829
-24688
-21348
-18957
-18307
-18759
-18498
-16225
-11990
-7648
-5093
-4111
-3470
-1825
1253
4853
7419
8279
7964
7798
8705
10220
11746
12290
11637
10636
10202
10362
10871
11232
10779
9646
8580
8206
8801
9380
9019
7845
6523
5950
6364
7279
7873
7666
6898
6194
6196
6907
8184
9190
9681
9905
10251
10828
11741
12713
13540
13399
12442
11192
10359
10692
11855
12569
11061
7494
3486
1978
2028
2307
507
-3627
-8052
-10774
-11439
-11852
-13505
-16639
-19867
-22074
-22831
-22509
-22513
-23993
-26044
-27250
-26907
-24926
-22779
-21286
-20803
-20671
-19993
-17747
-14224
-10729
-8536
-7617
-6839
-5378
-2665
768
3528
4647
4549
4629
5532
7209
9239
10386
10264
9538
9445
10334
11442
11995
11393
10674
10840
11638
12569
12098
10051
8112
7480
8323
9714
10393
9556
7944
6642
6834
8323
9861
10480
9956
9543
9716
10202
10708
11264
11619
12048
11884
11422
10530
9303
8969
9992
11177
10584
7628
3516
1403
1193
1936
948
-2964
-7584
-10520
-11298
-11154
-11545
-13611
-16688
-19732
-21631
-21256
-20551
-20920
-22456
-23990
-24313
-22720
-20102
-18062
-17254
-17625
-17908
-16591
-13347
-9776
-7700
-7175
-7138
-6123
-3796
-1034
820
1520
1528
2207
3891
5736
7284
7765
6916
5964
6524
8158
9615
10098
9155
8211
8438
9871
11394
11308
9793
8359
7863
8383
9683
10225
9662
8474
7703
7917
9019
10175
10705
10840
10951
11141
11582
12021
12693
13160
13469
13276
12599
11726
10738
10056
10396
11232
10345
7290
3193
1083
654
967
68
-3696
-8089
-11098
-12056
-12042
-12501
-14423
-17560
-20691
-22058
-21168
-19876
-20098
-22072
-23831
-24190
-22279
-19186
-16734
-15914
-16376
-16194
-14533
-10963
-7093
-5199
-5179
-5103
-3994
-1830
128
1364
1864
1631
2057
3486
5040
6229
6558
5622
4843
5728
7941
9763
9656
8066
6611
6870
8763
10743
10911
9097
6457
4936
5570
7356
8931
8564
6445
4551
4258
5838
7885
8933
8814
8551
8683
9738
10784
11652
12178
12484
12481
12067
11377
10255
9682
9986
10691
10246
7783
4356
2198
1027
813
-163
-3337
-6784
-9305
-10428
-11065
-12376
-15170
-18467
-20835
-21525
-20664
-20515
-22024
-24496
-25859
-25036
-22066
-18979
-17135
-17255
-17693
-16846
-13966
-9688
-6329
-4771
-4579
-3807
-1764
1044
3284
4427
5030
5118
5984
7556
8903
9650
9112
8048
7689
9116
11403
12202
11032
8675
7525
8512
10228
10942
9529
6950
5041
5129
6744
8329
8348
6531
4526
4222
5810
8430
9750
8990
7368
6822
8282
10357
11623
11530
10966
10419
10240
10677
10134
9511
9283
9313
8549
6570
3544
1457
965
635
-123
-2994
-6998
-9607
-10341
-10278
-10748
-13230
-16992
-20245
-21482
-20610
-19494
-20081
-22541
-24603
-24531
-21988
-18449
-16360
-16460
-17563
-17181
-14736
-10740
-7444
-6181
-6438
-6236
-4071
-935
1831
2973
2650
2116
2620
4962
7688
9208
9082
7827
6966
7952
10450
12364
12284
10533
8861
9340
11236
12936
12642
10318
7882
7002
8222
10067
10672
9483
7272
5650
5918
7650
9050
8871
7544
6644
7455
9355
10459
10432
9601
9206
9298
9905
10086
9481
9082
8673
8255
6873
4878
3368
2442
1366
-130
-2549
-5572
-7720
-8630
-9168
-10442
-12669
-15694
-18460
-20155
-20521
-19987
-20692
-22991
-25502
-26495
-25122
-22354
-20132
-19838
-20680
-20394
-18083
-14061
-10351
-8742
-8424
-7616
-5161
-1434
1518
2556
2524
2802
3811
6179
8801
10060
10069
9455
8715
9234
11352
13117
13607
12154
9913
9065
10172
12126
12664
10970
8221
6378
6838
8376
9618
9522
8358
7105
6659
7529
9242
10305
10181
9298
9180
10535
12656
14123
13996
13304
12692
12579
12294
11756
11649
11815
11188
9147
6392
4299
3702
3061
1363
-1977
-5934
-8682
-9605
-9932
-10773
-12853
-15992
-19172
-21223
-21493
-20775
-20813
-22552
-25356
-27286
-26877
-23991
-20750
-19531
-20929
-22309
-21244
-17189
-11860
-8737
-8591
-9625
-8921
-5798
-2442
-399
-133
-230
343
2349
5213
6932
6949
6302
6062
6872
9358
11942
12708
11369
9517
9110
10708
12650
13239
11407
8186
6379
7064
9067
9907
8801
6604
5085
5428
7065
8434
9003
8262
7433
8087
9645
11276
12506
13151
13433
13243
13134
12956
13444
14851
16069
15472
12695
9701
8284
8471
8052
5835
1544
-3028
-5600
-6269
-6803
-8768
-12162
-15798
-18441
-19624
-19534
-19778
-21512
-24390
-26471
-26440
-24445
-21654
-20438
-21261
-22801
-22248
-18892
-13948
-10219
-9230
-10107
-10034
-7400
-3088
217
1177
293
-457
560
3156
5975
6850
5665
4181
3735
4874
6926
8630
8383
6551
5192
5614
7468
9084
9004
7102
4763
4023
5524
7808
8245
6836
4961
4251
5674
8236
10089
9983
9043
8346
9158
11211
12895
13499
13436
13192
13077
13062
12557
12492
13447
14392
13596
11258
8526
7572
7550
6701
4394
230
-3203
-4470
-4541
-5466
-8330
-12241
-15872
-17691
-17998
-17523
-18038
-20728
-23948
-25830
-25249
-22521
-19883
-19260
-21244
-23212
-22115
-17510
-12059
-9013
-9286
-10781
-9687
-5543
-528
2148
1775
403
-105
1781
5620
8633
8507
5832
3882
4118
6592
9459
10083
8080
4771
3581
5031
7431
8949
8016
5205
2612
2441
4779
7093
6884
4581
2545
2414
4511
6903
8114
7991
7386
7818
9620
12037
13585
14180
14238
13660
12886
12847
14339
16432
17139
14870
11345
9214
9755
10875
9847
5789
378
-3031
-3982
-4145
-5313
-8470
-13187
-17699
-19673
-18914
-17470
-17823
-20867
-24796
-26495
-25142
-21670
-18620
-18094
-19808
-20983
-19556
-15176
-10237
-7408
-7676
-9015
-7512
-3108
1205
3492
3498
2266
1180
2504
6456
9757
9619
6400
3221
2495
5253
9302
10273
6925
2760
1090
3206
6342
7994
7051
3825
1215
1434
4384
7096
7235
4743
1809
1404
3874
7456
8897
7724
6285
6126
8606
12088
14253
14818
13395
11770
11281
12470
15761
18479
17800
13430
8927
7912
10440
12359
10360
4241
-2184
-4907
-4153
-3231
-4901
-9784
-15649
-19672
-20658
-19027
-17897
-19537
-23578
-27333
-27814
-25344
-21489
-19557
-20816
-23064
-23354
-19985
-14646
-9989
-8216
-9206
-9598
-6699
-1668
2497
3842
3732
3127
3411
5957
9075
10843
9446
6899
5350
5649
8285
10716
10360
6805
3344
2938
5223
7883
8118
5821
2465
781
2376
5510
7162
5742
3004
1115
2001
5433
8116
8493
6860
5577
6715
9913
12969
14390
14015
12928
11928
12282
15052
18161
18497
15357
11415
9859
11582
13613
12995
8175
1592
-1812
-2034
-1571
-2972
-7286
-13281
-18136
-19845
-18854
-17928
-20147
-24436
-27811
-28593
-26736
-23481
-21443
-22518
-25290
-25691
-22174
-16594
-11811
-10066
-11311
-12073
-9037
-2966
1852
2882
1981
1574
2265
5183
9396
11176
9170
6113
4925
6058
9139
11990
11399
7235
3464
3667
7329
10421
10283
7456
3858
2230
4452
8248
9668
8083
5048
3004
3558
6626
9650
10104
8312
6206
6543
9077
12272
14233
13768
10854
8174
9816
15030
18883
17283
11886
8098
9021
12697
15154
12469
5990
1081
85
1053
1118
-1104
-5940
-12255
-16318
-16665
-14686
-14556
-18333
-23467
-26916
-26816
-23180
-19211
-19091
-23058
-26660
-25873
-20729
-14997
-12698
-14613
-17241
-15889
-10142
-4140
-1824
-2264
-3267
-3242
-1204
2989
7537
8172
5678
3962
4265
6494
9633
11544
10149
7087
5827
6816
8769
9703
8959
7133
4712
3982
6132
8562
8513
6765
5229
4691
5792
7985
9329
9001
7945
7249
7757
9719
11892
13001
12050
9565
9559
13345
17204
16889
12758
9033
9118
11910
13727
11931
6561
2056
1291
2370
2387
-186
-4545
-9368
-13008
-14155
-13133
-13375
-16528
-20431
-23512
-23987
-21740
-18667
-17684
-19764
-22395
-22252
-18750
-14262
-11872
-12829
-15240
-14843
-10334
-5081
-2922
-3914
-5043
-4669
-2722
1317
4856
5166
2196
45
1239
4283
7794
9086
6677
3187
2689
5694
9218
10225
8638
6162
4383
5055
8182
11149
10872
8127
6569
7237
9586
12156
12700
11185
9655
9789
11279
12558
12995
12378
10376
8050
8187
11973
15493
14464
9916
5934
5696
8216
10230
8735
3657
-596
-1302
19
297
-2103
-6257
-10242
-13047
-13702
-12399
-12624
-15633
-19634
-21971
-21646
-19005
-16193
-16299
-19414
-21643
-19679
-14784
-10765
-10056
-11883
-13676
-12195
-7109
-2511
-1670
-3101
-4181
-4160
-3115
-350
2815
2739
-480
-2701
-2245
253
3456
4917
2710
-626
-719
2930
6583
7429
5893
4596
4574
6293
9550
11478
10541
8917
9549
11674
13633
14858
14606
14211
14498
15525
16886
17526
16843
14389
11869
11050
12941
15470
14886
10650
6349
5674
7721
9247
6971
1381
-3026
-4394
-3132
-1802
-4183
-9596
-14549
-16751
-16297
-14664
-14545
-17919
-22645
-25086
-24047
-20508
-17051
-16535
-19090
-21950
-21313
-16025
-9655
-7000
-8935
-12139
-12026
-6761
5
2645
447
-2350
-2636
-554
2500
5039
4456
767
-1955
-1697
234
2363
3278
1016
-2995
-3997
-1281
2439
3920
2395
364
-147
1506
5012
8838
9245
7143
6348
8458
12752
16513
18095
17299
16526
17583
20030
22625
23577
22217
19409
17937
19235
21608
21643
17792
12451
9813
10723
12293
10737
4785
-1413
-4617
-4592
-3355
-5015
-10440
-16905
-20780
-20936
-19423
-18936
-21299
-25598
-28491
-28279
-25466
-21563
-19446
-20635
-22855
-23073
-19574
-13635
-9764
-9999
-12003
-11946
-8204
-3028
133
217
-396
40
1856
4163
6042
6154
4079
2371
2007
2031
2379
2783
1848
-641
-2556
-2521
-1286
250
477
-586
-1667
-1825
712
4536
6744
6481
5779
6858
9317
12372
14762
15969
16898
18321
20109
21203
22203
22790
22713
22987
23921
25010
24927
22769
19703
17959
17628
17067
14393
8787
3534
1199
763
-264
-4000
-9761
-15214
-17434
-17381
-17699
-19893
-24460
-28635
-29815
-28586
-26730
-25332
-25252
-26284
-26781
-25063
-21425
-17173
-14752
-14740
-15521
-14408
-9964
-4400
-1440
-1931
-2995
-2320
669
4418
7063
6334
2774
1006
2211
4072
5258
5052
1894
-2000
-2923
-888
1405
1440
-738
-2854
-3090
-1744
1139
4119
4313
2764
3039
5754
9487
13134
14856
14463
14535
17279
21203
24294
24844
22860
21191
22298
26059
29237
28865
24831
20490
19005
20468
22064
19714
12738
6263
3371
3633
4078
725
-6307
-13320
-16938
-17085
-16182
-17274
-22018
-28134
-31586
-31111
-27780
-24624
-24804
-27835
-29834
-28101
-22922
-17540
-15237
-16545
-18361
-17175
-12005
-5551
-2381
-3005
-4927
-5013
-2131
2430
5560
4716
1131
-502
1141
3516
5212
4985
2137
-1437
-2223
374
2505
2293
-192
-2424
-2903
-1742
680
2839
3270
2289
2262
4345
7454
10463
12714
13689
14366
16668
20353
22811
23494
22571
21877
23790
27128
29235
28565
25735
23322
23216
24696
24977
21871
15555
9813
7708
7981
7913
3931
-4207
-11847
-15573
-15235
-14365
-16455
-22206
-28559
-31334
-29921
-26619
-24892
-26371
-29909
-31814
-29384
-24092
-19139
-17682
-19880
-21668
-19240
-13324
-7849
-5696
-6588
-7754
-6612
-2923
1727
4512
3194
-328
-1691
189
3241
5266
4663
975
-2606
-2518
438
2619
1987
-418
-2315
-2324
-948
1450
3508
3039
1707
1679
3789
7032
10127
12125
12068
11880
13908
18194
22382
23969
22906
21262
22422
26960
31231
31799
28492
24776
24041
25809
27313
25249
19330
13371
10138
9468
9497
6692
67
-7070
-11627
-12945
-12579
-13693
-18618
-25363
-29576
-29615
-27067
-24728
-25162
-28680
-31780
-31096
-26849
-21810
-19350
-20284
-22538
-21770
-16910
-11223
-7986
-7880
-9525
-9697
-6620
-1783
1863
1249
-2015
-3657
-2578
337
3260
3936
841
-2815
-3076
-459
2444
2557
215
-1726
-2381
-1543
1359
4336
4054
2169
1589
3161
6648
10529
12514
11832
11224
13275
17497
21340
22289
20489
18829
20624
25738
30178
30344
26624
23148
23308
26500
29052
27222
20654
14625
12603
13573
14273
11020
3836
-3422
-7552
-8288
-7650
-8802
-13935
-20967
-25457
-26197
-24382
-21978
-22675
-26797
-30432
-30369
-26555
-22046
-20476
-22033
-23963
-23182
-18963
-14137
-11730
-11819
-12758
-12411
-9858
-6187
-3527
-4244
-6715
-7086
-5128
-2628
-624
-144
-2515
-5235
-4966
-2111
435
500
-1076
-2107
-1833
-693
1716
4220
4579
3453
3312
5353
8389
11013
12679
12620
12344
14176
17845
20880
21021
19783
18682
19480
22918
26385
27427
25452
22934
22818
24756
26156
25183
21146
16478
14156
13953
14323
12260
7093
1017
-3331
-4847
-4881
-5699
-9743
-15850
-20110
-20700
-19224
-17952
-18848
-22242
-25422
-25769
-22705
-19118
-17888
-19369
-21405
-21629
-18693
-13959
-11239
-11548
-13473
-13999
-11975
-8555
-5634
-5434
-7564
-9146
-8354
-6353
-4160
-3317
-4791
-7128
-7652
-5174
-2755
-2272
-3415
-3887
-3066
-1827
-402
1484
2638
2428
2646
4362
7564
10717
12561
12801
12763
14402
17802
20707
21580
20780
19642
20627
23910
27105
27693
25057
22211
22506
24948
26139
24086
18839
14109
12838
13479
13451
9940
3808
-1618
-4124
-4661
-4998
-6607
-10965
-16642
-19915
-19531
-17623
-16130
-17330
-21020
-24177
-23434
-19438
-15489
-14876
-17547
-20419
-19858
-15295
-10215
-8205
-9716
-12082
-12608
-10284
-6273
-3560
-4544
-8255
-10497
-9431
-6879
-4551
-4234
-6957
-10237
-10445
-7294
-3802
-3219
-5285
-7070
-6566
-4769
-1954
793
1242
-62
-147
2645
6585
10013
11747
11434
11457
13916
18479
21914
22268
20489
18847
20352
24589
28500
28854
25478
22012
22180
24927
26969
25508
19701
13768
11784
12754
14053
11763
5095
-1907
-5288
-5406
-4521
-5261
-9784
-16350
-20668
-20823
-18170
-15421
-15834
-19709
-23795
-23966
-19813
-14766
-13212
-15441
-18502
-18765
-14930
-9860
-7291
-8189
-10476
-11258
-9352
-5512
-2487
-3113
-6740
-9334
-8899
-6459
-3920
-3692
-6582
-10180
-10970
-8505
-5762
-5255
-7172
-8518
-8207
-6790
-4470
-1813
-828
-1612
-1637
387
4241
7800
9970
10341
10534
12509
16586
20479
21842
20975
19368
20160
24070
28486
29893
27357
23645
22780
25201
27556
26933
21634
15451
12585
13025
14403
12380
6358
-666
-4680
-5215
-4428
-4961
-9019
-15166
-19644
-20440
-18459
-15729
-15305
-18675
-22871
-23947
-20676
-15423
-12450
-14057
-17494
-18083
-14411
-9319
-6329
-6840
-9193
-10626
-9230
-5137
-2490
-3443
-6649
-8909
-8781
-6882
-4280
-4249
-7079
-10596
-11587
-8929
-5933
-5218
-6709
-8190
-8430
-7585
-5254
-2408
-1214
-1738
-2114
-616
2931
6933
8993
9081
8914
10609
14389
17917
19429
18486
17388
19171
23607
27356
27918
25716
23439
24025
26706
28360
26655
21263
16290
14332
14869
15338
11798
5137
-1077
-4212
-4463
-4427
-6287
-11294
-17110
-19994
-19636
-17809
-16496
-17674
-20977
-23291
-22221
-18380
-14548
-13730
-15919
-17765
-15734
-10617
-6607
-5873
-7130
-8127
-7420
-4499
-1346
-629
-2897
-6197
-7411
-6754
-5098
-3520
-4060
-7563
-11466
-11612
-8652
-6311
-6701
-8900
-10291
-10028
-8757
-6604
-4389
-4034
-5048
-4652
-1953
1935
5047
6709
7291
8194
11041
14912
17728
18278
17481
17803
20446
24388
27227
27341
25225
23655
25076
27908
29196
26916
21373
17102
16304
17509
17883
13843
6598
291
-2188
-1981
-1828
-4346
-10397
-17081
-20113
-18796
-16212
-15261
-17326
-21454
-23876
-22568
-18600
-14699
-13632
-15642
-17645
-16189
-11650
-7550
-5373
-5348
-6842
-7690
-5293
-753
1428
-306
-3754
-6005
-6215
-3861
-702
-792
-5135
-9685
-10454
-7390
-4519
-4835
-7779
-10118
-10797
-9672
-6910
-4388
-4367
-5932
-6264
-4277
-256
4039
6395
6081
5836
7943
12538
16492
17090
14865
13988
17579
23120
26380
25342
21999
20596
22887
26662
27700
24167
18347
15138
15437
17198
17184
12295
5094
-163
-1306
-103
478
-2465
-8824
-15357
-17598
-15805
-13217
-13221
-16855
-21610
-23222
-20734
-16427
-13907
-15061
-18046
-19084
-15472
-10141
-7067
-6829
-8023
-9099
-7978
-3653
363
224
-2969
-5219
-4859
-2961
-995
-9
-1722
-6007
-8619
-7370
-4191
-2814
-4564
-7535
-8653
-7765
-6046
-4107
-3412
-4675
-5791
-4311
-1105
2225
4145
4541
4610
5841
9295
13423
15540
14519
12462
13116
17555
22529
24118
22038
18733
18361
21884
25335
25308
20383
14597
12906
14604
16949
15771
9882
2731
-906
-419
971
647
-3581
-10111
-14621
-14932
-12214
-10261
-11711
-16217
-20387
-20577
-17377
-13405
-11891
-14243
-18032
-18179
-13684
-8828
-6905
-7663
-9582
-10836
-9145
-4132
-610
-1962
-5921
-8118
-7623
-4764
-1429
-780
-3512
-7761
-9884
-7598
-3661
-2295
-4405
-7467
-8783
-7920
-4986
-1827
-1333
-3799
-5137
-3318
839
5076
7005
6641
5820
6929
11136
16137
18158
16261
13411
14085
18947
24187
25316
22183
18301
18081
21784
25277
24195
18108
12214
10800
12972
15279
13169
6406
-533
-3101
-1789
180
-1046
-6476
-12846
-16180
-14614
-10967
-9171
-11267
-16070
-19438
-18533
-14552
-10787
-10065
-12763
-16160
-15295
-10503
-6353
-5475
-6933
-8864
-9870
-7482
-2735
-794
-3310
-7039
-8383
-7280
-4826
-2778
-3231
-6623
-10140
-10266
-7118
-4083
-4396
-7392
-9830
-9752
-7823
-4950
-2652
-3078
-5219
-5397
-2466
2094
5824
7222
6954
7061
9483
13520
16685
16705
14760
15353
18920
23226
24891
23202
20771
20472
22357
24611
24469
19758
14157
11893
13145
15000
13357
6985
-163
-3569
-2363
-253
-875
-5942
-12857
-16412
-14699
-10379
-8445
-10961
-15637
-18652
-17415
-12805
-8941
-9023
-12101
-15317
-14913
-9878
-4635
-3596
-5531
-8209
-9050
-6448
-1214
1925
-935
-6513
-9111
-7192
-3462
-1240
-2416
-6516
-10399
-11069
-7877
-4091
-3909
-7756
-11677
-11690
-8781
-5519
-3813
-4357
-6797
-8125
-5482
-494
3409
4796
4551
4709
7015
11959
16719
17046
13887
13346
17509
22973
25097
22519
19145
18819
21500
24763
25269
20853
15247
12817
13725
15846
14599
8440
1545
-1958
-1787
-334
-501
-4290
-10661
-15069
-14460
-10648
-7811
-9217
-14120
-17834
-16627
-12404
-8409
-7962
-11238
-14327
-14134
-9456
-4274
-3318
-5989
-8592
-8514
-5654
-1551
635
-1511
-6831
-9585
-7557
-3567
-1498
-3015
-7302
-11207
-11519
-8202
-4835
-4742
-8612
-12757
-12872
-9177
-5243
-3976
-5671
-8436
-8583
-4668
767
3572
3448
3123
4211
7547
12034
14692
13370
10710
12068
17783
22497
22514
19185
15976
17065
21197
24050
22560
17424
12848
11642
14026
16314
13513
6174
-255
-1566
613
2422
891
-4603
-10674
-13284
-11138
-6689
-4485
-7194
-13325
-16774
-13879
-7230
-3268
-4638
-9222
-13236
-11135
-3958
1052
-309
-5252
-8318
-6723
-2154
2212
2070
-3249
-8522
-9210
-6390
-3409
-2567
-5086
-10120
-13114
-11712
-8257
-5477
-6285
-11018
-14919
-14266
-10140
-5779
-4380
-6907
-10394
-10281
-5079
1315
3651
2345
1687
3767
8148
12234
13438
11270
10435
14077
18672
20587
19141
16772
15999
18046
21425
22063
18034
13169
11237
11721
13453
13344
8594
1901
-1814
-1361
686
1412
-1579
-7415
-11949
-11558
-7849
-4487
-4411
-8365
-12720
-12431
-7428
-2585
-1597
-4326
-8188
-9410
-5205
693
2261
-716
-4446
-5893
-3509
1541
4393
1833
-3999
-7781
-7319
-4536
-2105
-3229
-7634
-12117
-13934
-11439
-7568
-6178
-8779
-13087
-14991
-13547
-10142
-7057
-6738
-9591
-12121
-10222
-5077
-372
902
-234
-250
2505
7815
11967
11242
7972
8166
13141
18500
19533
16550
13351
13392
16702
20754
21053
16188
11149
9627
11404
13847
12737
6953
462
-1767
-722
1259
2062
-1109
-6776
-10491
-9475
-5199
-1635
-1737
-5658
-9543
-8851
-4305
382
1681
-553
-4251
-5105
-809
4154
5205
2587
-395
-1944
-468
3798
5904
2928
-2269
-5771
-6224
-3632
-1212
-2790
-7174
-10881
-11856
-10231
-7723
-7174
-9781
-12965
-13837
-12586
-9865
-7361
-7341
-9713
-11185
-8939
-4548
-1372
-540
-709
-88
2581
7060
10399
8971
5931
7214
12433
16444
15865
12140
9442
10172
13562
16406
14998
9934
5666
4936
7680
10456
8104
1350
-4150
-4726
-2221
199
-20
-3999
-9256
-11240
-8519
-3400
-304
-2207
-6878
-9223
-5947
-337
3471
3210
-102
-3264
-2430
3175
7718
6919
2816
-432
-535
2984
6799
6968
2304
-3004
-4623
-3053
-674
-426
-3441
-8179
-11195
-10077
-7605
-6702
-7908
-11011
-13175
-12357
-9973
-8092
-7870
-9417
-10617
-8801
-4783
-1499
-927
-1704
-985
1706
5800
9125
9055
5779
4160
7844
13702
15531
12060
7442
5965
8462
12363
13751
9705
3618
630
1583
5086
6535
2520
-4551
-8669
-7451
-3951
-1332
-2840
-7841
-12181
-11892
-6850
-1230
608
-3053
-8129
-8051
-1857
5230
7856
5664
1340
-780
3035
9927
12830
9816
5284
3024
4106
8457
11680
9708
3261
-2076
-2538
-478
1580
527
-3972
-8928
-10728
-9136
-6803
-6072
-8423
-11867
-12877
-11185
-8231
-6003
-6118
-8494
-10029
-7070
-1435
2103
1532
171
913
3971
8683
12059
11519
6924
3991
7407
13125
15401
12597
6879
2950
4345
9284
11537
7650
710
-3925
-3547
368
2630
-1202
-8443
-13128
-12519
-9061
-5930
-6060
-10293
-14769
-14548
-9810
-3736
-915
-3077
-7184
-7663
-2763
3621
6900
6024
2552
183
3533
10199
13526
11521
7503
5006
5654
9214
12467
10777
4657
120
-424
1201
2446
1002
-3059
-7337
-9017
-7974
-6133
-5292
-6922
-10127
-11109
-9226
-6796
-5137
-5120
-6524
-7075
-4775
-452
2896
3006
2076
2975
6144
10559
13135
12430
8622
6198
9441
14396
15794
12599
7194
3615
4702
8604
10413
5756
-2321
-6952
-6287
-1997
268
-4127
-12221
-17350
-16132
-11916
-8909
-9757
-14778
-19466
-18676
-12753
-6226
-3652
-6051
-10037
-9709
-3807
3451
7202
5807
2021
1
3355
10292
14349
12243
7375
5002
6517
10811
13925
11913
5975
1123
1262
3909
5542
3096
-1672
-5130
-6796
-5528
-3471
-3374
-5675
-8733
-9391
-6769
-3401
-2363
-3439
-4901
-4718
-1742
2425
5293
5204
3721
4537
8350
13409
15541
13515
9219
6910
10528
16290
17614
13013
6568
3182
4604
8750
10689
5898
-3389
-8645
-7667
-3235
-962
-5455
-14881
-21555
-20004
-14292
-10229
-11689
-17791
-23192
-22638
-15460
-7415
-4830
-8312
-13140
-12873
-5934
2760
6762
4470
-250
-2142
2240
10454
15181
12457
6251
3672
6100
10686
13963
12278
5826
155
397
4299
6495
4536
-284
-5012
-6329
-4062
-1215
-818
-3898
-8230
-9568
-6323
-1759
-170
-2265
-4492
-3806
-536
3934
7130
6692
4754
5439
9716
14510
16592
14977
11420
8981
10267
14902
17948
15700
10028
5201
4514
8087
10768
8702
1288
-6420
-8396
-5456
-1768
-2501
-10022
-18976
-22242
-18011
-12078
-10752
-15444
-22398
-25285
-21061
-13286
-8490
-9250
-13648
-16449
-13248
-5347
1446
2435
-1469
-4804
-3343
3405
10851
12511
7963
3129
2896
6891
11320
12634
9195
2933
-421
1617
5107
6230
3593
-1284
-5295
-6099
-2771
643
613
-3067
-6867
-6644
-2357
2096
2572
387
-736
475
3732
7692
9709
8776
7548
9237
13226
16507
17006
14561
12017
11059
12722
15868
16918
14241
9195
5740
6181
9002
10045
6583
-491
-6596
-7522
-4552
-2183
-4449
-12034
-19431
-20673
-16154
-12071
-13246
-18528
-23604
-24304
-19931
-13888
-10923
-12747
-16175
-17073
-13113
-6182
-1216
-1610
-4915
-6331
-3808
2473
8085
8825
5172
1784
2540
5762
9149
10262
6909
1272
-1607
465
3771
4811
2958
-1867
-6020
-5786
-1539
2186
1811
-1823
-5318
-4435
161
4422
4940
3329
2235
2675
5773
9788
12168
11806
10629
11616
14241
16515
16989
16450
15380
14199
13081
13532
14785
14546
12534
9914
7778
7666
8196
7072
3824
-927
-4136
-4677
-4036
-4669
-8546
-13792
-16989
-16764
-15174
-15171
-16921
-19785
-21944
-21631
-18883
-16080
-14743
-15034
-15948
-15554
-12859
-8839
-5846
-5560
-6702
-6778
-4177
445
4218
4158
1331
-343
875
3911
6421
6141
2341
-2160
-2212
1520
4017
2559
-1227
-4338
-4874
-1461
2612
3112
260
-2542
-2541
731
5082
7009
6187
4725
4606
6587
9741
13132
14272
12772
11145
11685
14216
16671
17623
16278
13935
12313
11980
13449
15202
15332
12843
8770
6847
7727
8868
7831
4219
-497
-3277
-3174
-2475
-3073
-6422
-11239
-15028
-15309
-13079
-12448
-14464
-17964
-20553
-20476
-18048
-15006
-13485
-14593
-17019
-18089
-15054
-9534
-6042
-7309
-10006
-10102
-6943
-1866
1462
464
-3360
-5179
-2704
1627
4017
2660
-1121
-4074
-2810
897
2699
1331
-1708
-3860
-3164
285
2983
2660
668
-709
204
3451
7377
9121
7769
5854
5952
8999
13103
15635
14605
11249
10285
13135
17047
18430
16419
13494
11539
11958
13209
13847
13827
12774
10806
8425
7510
8440
8993
7347
4386
1361
-932
-810
-332
-1468
-4121
-7983
-10837
-11666
-10784
-10574
-12147
-14688
-17289
-18682
-18160
-16083
-14407
-15389
-17835
-19495
-17678
-13447
-10354
-9979
-12096
-13395
-12176
-8375
-4238
-2882
-5013
-8080
-7990
-5078
-1762
-219
-1327
-4113
-6014
-4124
-572
1581
1366
-286
-1757
-1466
1399
4655
5943
5189
3854
4460
7310
10129
11374
10683
9912
10624
12437
14155
14901
14007
12529
12933
14651
15909
15442
14004
13084
12375
12168
11978
12243
12659
12457
11568
10131
9215
9214
9428
8598
6973
4382
1554
1025
1894
1759
-634
-4954
-8610
-9960
-8589
-7574
-9473
-13742
-17534
-18797
-17351
-14754
-13811
-16120
-19778
-20971
-18441
-13931
-11319
-13273
-17091
-17922
-14375
-9184
-6221
-7431
-11005
-12744
-10143
-5518
-1742
-1287
-4548
-8102
-7313
-2341
2281
3181
679
-2090
-2311
1216
6645
9505
8032
4613
3158
5615
10493
13632
12228
8772
6864
8489
12121
14652
14476
11683
9209
9888
12801
15167
15300
13558
11345
10675
11949
13081
13676
13720
12878
11723
10931
11673
12962
12373
9991
7878
6385
5895
5954
5133
2958
-228
-2919
-4852
-5684
-6082
-8321
-11599
-14222
-15556
-16141
-16542
-17016
-17742
-19004
-20688
-20590
-19152
-17607
-17011
-18200
-19061
-18489
-16224
-13202
-11240
-11532
-13180
-13418
-10441
-6392
-3971
-3780
-5220
-6098
-4172
-322
2787
2920
1292
589
1826
5013
7947
8759
7108
5084
5380
7970
10307
10559
8780
6785
6757
8492
10479
11117
9684
7592
6799
8718
11219
12241
11450
10121
10299
11551
13335
13692
12502
11862
12989
15093
15446
14398
13205
12887
13113
13609
13186
10480
8030
7011
6476
5880
3315
-1221
-5699
-7431
-7281
-8706
-11399
-15162
-18544
-20088
-19640
-18710
-19281
-21400
-23935
-24637
-22742
-19669
-18544
-20208
-21882
-21566
-18698
-14026
-10442
-10483
-13070
-13522
-9827
-4400
-748
-1142
-3983
-5315
-2280
2902
6158
6053
3447
992
2119
6434
9787
9614
6824
4150
4242
6976
9907
10247
8006
5277
4341
6005
8990
10779
9135
5722
4698
7344
11091
13128
12311
10529
9901
11465
14751
16452
16189
15225
15151
16306
17777
18530
18005
16610
15283
15004
14205
13062
11932
9393
6268
3616
1164
-1445
-4442
-7085
-9971
-12634
-14826
-17351
-20160
-22015
-22541
-22764
-22924
-24065
-25445
-25688
-24328
-22156
-21572
-22144
-21428
-19765
-16711
-13391
-11992
-12177
-11544
-8913
-5457
-2832
-1835
-2110
-2570
-979
2200
3996
4553
4017
3133
2873
3903
6108
7202
6384
4551
3198
3963
6067
7000
5682
4091
3642
4797
6360
7191
7005
5692
5790
7568
10216
11634
11814
12021
12356
14018
16076
17599
17358
16381
17458
19736
21608
21599
19830
18247
18188
18757
18615
16232
12404
9129
6909
5978
4479
799
-4481
-9110
-10583
-11161
-12843
-15909
-19880
-23126
-24629
-24244
-23194
-23474
-25722
-28282
-27968
-24735
-21137
-19716
-20365
-20627
-19485
-15560
-10409
-7375
-7638
-9162
-8175
-4214
141
2257
1472
-855
-1439
1091
4041
5387
4643
2312
308
967
4054
5690
4874
2541
-48
-116
2502
5123
5541
3615
942
473
3588
7660
9436
7749
5502
6392
10155
13977
15829
15410
13943
14467
17803
21066
21738
20075
19006
20235
22287
23256
22246
20206
18896
17878
16492
15562
13524
9640
6218
3747
1870
-882
-5134
-9578
-12323
-13592
-15300
-18004
-21317
-24594
-26760
-26856
-25791
-25509
-27050
-28478
-28099
-25561
-22265
-19542
-18412
-18133
-17034
-14311
-10164
-6088
-4666
-5942
-6533
-4627
-1558
1190
2277
855
-1981
-2503
826
3928
4381
2274
-736
-1940
-132
3135
4186
2480
-22
-1752
-888
2306
4843
4773
2888
1823
2963
6335
10093
11533
10459
9225
10640
14266
17957
19479
18125
16404
17464
21551
24671
23966
20645
18752
20301
23276
24229
21595
17127
14281
13925
14594
14110
10344
4211
-792
-2593
-2074
-2553
-6602
-12926
-17764
-19059
-18686
-18269
-19899
-23920
-27567
-28533
-25934
-22721
-21889
-23330
-25104
-24310
-20526
-15584
-12592
-12797
-14222
-13854
-10474
-5791
-3143
-3638
-5713
-6035
-4338
-811
2091
1519
-1738
-4395
-3083
271
2124
1735
-369
-2958
-3647
-992
1890
2283
812
-951
-770
1969
5350
6861
6691
6298
6991
9133
12264
15051
15241
14223
14784
17033
19895
21350
21100
20161
19909
21465
23463
23462
21344
18588
17715
19311
20409
18676
14558
10185
8480
8846
8852
7217
2092
-3695
-6479
-6626
-5956
-7522
-11784
-17018
-20158
-19494
-17893
-17693
-20141
-24294
-26465
-24839
-20761
-18037
-18781
-21374
-22486
-19751
-14624
-10767
-10962
-13597
-14740
-12556
-8042
-4416
-4529
-6895
-8635
-7138
-3865
-1035
-542
-2893
-5757
-6314
-3603
-436
790
-750
-3155
-4200
-2345
1976
4592
3830
2204
1834
4430
8782
11840
11582
9764
9566
12076
16113
18852
18798
16679
15404
17098
20495
22620
21818
19356
17407
17566
19626
21037
19705
15986
12250
11839
13899
15138
13291
8715
4827
3440
3826
4077
2115
-2068
-6090
-8029
-7670
-6820
-8242
-12227
-16343
-17396
-16060
-14699
-14890
-17586
-20629
-21554
-19960
-17064
-15852
-17068
-19297
-19797
-17274
-13913
-12528
-13505
-14729
-14223
-11901
-9251
-7625
-8192
-9629
-9300
-7611
-5596
-4259
-4630
-5435
-6122
-4926
-1593
931
1168
143
-316
971
4019
7406
8683
7919
7167
8093
10869
14344
15979
14729
13356
13923
16154
18536
19442
18518
16547
15827
17191
19067
19027
16813
14481
13358
13775
14671
14406
12252
9344
7131
7147
8605
9132
6913
2830
197
682
1880
2116
622
-3155
-6127
-6517
-5243
-4127
-5420
-9256
-13209
-14261
-12306
-10763
-12122
-15639
-19160
-20563
-18980
-16044
-15105
-17384
-20471
-21233
-18706
-15025
-13185
-14727
-17263
-17407
-14823
-11397
-9131
-9789
-12156
-13017
-10571
-6215
-2997
-2396
-3961
-5387
-3663
1094
5347
5884
4140
3166
4364
8195
12902
15023
13373
11137
11361
14122
17414
19258
17900
15163
14723
16159
18029
19055
17656
14460
11845
12457
14738
14894
12666
9425
7326
7511
8897
9738
8737
5699
3244
2815
4445
6918
7498
4660
1014
102
1787
4165
4457
2094
-2274
-5048
-3737
-1247
-813
-3850
-8643
-12725
-13130
-10460
-9452
-12200
-17301
-20953
-21144
-18570
-15776
-16032
-19378
-22460
-22731
-19974
-16455
-15136
-17240
-19995
-19502
-15626
-11515
-9514
-9834
-11471
-11220
-7344
-2213
1254
1639
141
-408
2492
7874
11900
11967
10042
9472
11341
15196
18549
18869
16222
13735
14041
16437
18329
17720
14445
11395
10863
12542
13782
13296
10928
7801
6140
7035
9007
9008
6440
3724
2522
3227
5318
6754
6198
4302
3004
3374
5228
7369
7788
6059
3490
2440
3759
5619
5728
2656
-990
-3048
-2889
-1548
-1646
-4052
-8019
-11604
-13005
-12529
-11960
-13522
-16963
-20159
-21770
-21419
-20430
-20023
-20643
-22495
-23697
-23236
-20554
-17328
-16055
-16824
-17613
-15691
-11484
-7395
-5268
-5246
-5098
-2834
1181
5188
7380
7648
7220
7762
10568
13927
15332
14982
14219
14599
15365
15921
16523
15844
13806
11873
11292
11915
11931
10232
7997
6648
6922
7411
7010
6186
4896
3405
3165
4514
5332
4361
2558
1763
2929
4816
6194
6036
4659
4094
5295
7211
7529
6133
4372
3909
4709
5294
4309
2283
822
-102
-723
-871
-2196
-5042
-7716
-8831
-8727
-9498
-11581
-14510
-16906
-17217
-16834
-16704
-18061
-20780
-22649
-22254
-19621
-17122
-17210
-18919
-19512
-17646
-13631
-9740
-8132
-8504
-8690
-6149
-1647
2514
4363
3654
2977
4943
9007
12950
14445
13354
11186
10413
13074
16429
17137
14867
11759
9810
9977
11949
12967
10887
7652
5419
5395
7161
8187
6934
4679
3315
3428
4483
5685
5798
4623
3296
3181
4444
5426
5138
3934
2852
2666
3506
4560
4498
3265
2298
2310
2502
2331
1407
460
42
-53
-343
-1551
-3090
-4017
-4507
-4896
-5444
-6947
-8681
-9360
-9202
-9385
-10417
-11991
-13776
-14514
-13940
-13387
-13792
-14859
-15836
-15816
-14310
-12397
-10732
-10526
-11115
-10747
-8391
-4874
-2189
-1790
-2748
-2227
583
4133
6475
6727
5488
5021
7052
10135
11706
11032
9073
7568
7750
9662
11185
10161
8148
7304
7385
8298
9623
9798
7820
5834
5903
7026
7846
7357
5878
4510
4363
5057
5475
5310
4236
2138
403
851
2369
2363
437
-1594
-2081
-1457
-870
-599
-1953
-4033
-4747
-3343
-1359
-1072
-2966
-5722
-6151
-3814
-1220
-1020
-2997
-4991
-5783
-4651
-2403
-1567
-3638
-6459
-7510
-6482
-4532
-3906
-5545
-8354
-9904
-9076
-7531
-6689
-7051
-8652
-9998
-9095
-6693
-4972
-4892
-5907
-6192
-4854
-2035
235
177
-861
-1140
305
3339
5948
6076
4297
3608
5205
7583
9259
9422
7999
6318
6577
8938
10765
10518
9156
7730
7523
8676
10327
10093
7944
5393
4056
4352
5128
5088
3119
174
-1460
-1146
-111
178
-1579
-4847
-6753
-5937
-4377
-4133
-5595
-7295
-8354
-8166
-6226
-4393
-4557
-5499
-5488
-3928
-1533
-92
-52
-1352
-1912
-155
2213
3277
2687
867
-299
425
2318
3366
1620
-942
-1919
-1347
217
906
-973
-4135
-6040
-5135
-3246
-2129
-2828
-5392
-7369
-7011
-4601
-2340
-2073
-4045
-6060
-5648
-2634
1083
2218
957
-416
-104
2405
5586
7140
5897
3816
4067
6695
9476
10828
9691
7120
5466
6408
8894
10081
8724
5756
3224
2460
4073
5446
3998
496
-2492
-3259
-2580
-1682
-2270
-4903
-7679
-8368
-7252
-5542
-4828
-6533
-8844
-8940
-6855
-4712
-4160
-4891
-6093
-6270
-4531
-1967
-780
-1376
-2317
-1714
344
2604
3729
3081
1541
776
1909
4198
5619
4653
2402
1063
2410
4973
5794
4229
1431
-241
537
2687
3954
2570
-718
-3130
-3061
-839
1002
311
-2364
-4616
-4488
-2285
-26
376
-1470
-3886
-4137
-1382
1894
3244
1888
-17
-280
1657
4253
5381
4265
1546
-15
997
3530
5011
4068
1379
-1000
-926
937
2573
2109
-601
-3010
-3399
-2354
-591
-45
-1971
-4506
-5233
-3859
-2431
-2136
-3082
-4796
-5720
-4711
-3055
-2092
-2972
-4875
-5513
-4015
-2085
-1730
-2398
-3231
-3065
-1708
-109
1178
949
-298
-200
1470
3856
4936
4498
3719
3570
4527
5370
6211
6980
6703
5599
5007
5946
7730
8085
7288
6360
5186
4732
5627
6501
6448
4977
2938
1778
1599
2154
1953
549
-1384
-3088
-3721
-3057
-2142
-2683
-4651
-6362
-6883
-6007
-4875
-4817
-6414
-8268
-8445
-6778
-5042
-4699
-5582
-6689
-6703
-5138
-3105
-1998
-2043
-2669
-3111
-2142
-145
1255
1193
69
-550
-345
435
1727
2143
919
-783
-1381
-655
20
-242
-1812
-3326
-3778
-3200
-2413
-2322
-2888
-3794
-4118
-2781
-1005
-408
-771
-1229
-809
491
2501
3852
3761
3278
3677
5103
7076
8495
8193
7267
7249
8564
10303
10799
9667
8841
8913
9560
10036
9660
8625
7511
6628
6421
6329
5228
3894
2579
1612
954
-402
-1898
-3534
-5014
-6156
-6863
-7336
-8678
-10789
-12224
-12146
-11332
-10890
-11451
-12447
-12708
-11792
-9986
-8360
-8291
-8605
-8107
-6254
-3786
-2393
-2304
-2708
-2107
-705
814
1762
1592
754
60
711
2089
2640
1899
679
102
223
907
1730
1689
719
-568
-710
262
1116
1256
749
259
399
1166
2446
3486
3304
2539
2515
3804
4996
5429
5215
4721
4638
5315
6511
6854
6253
5779
6042
6868
7638
7613
6891
6338
6229
6653
6906
6277
4623
2543
2241
3104
3574
2570
340
-1263
-1730
-1223
-478
-1078
-3229
-5195
-5616
-4668
-3978
-4594
-6357
-8085
-8299
-7370
-6624
-6378
-7405
-9357
-10072
-9059
-7230
-6365
-7320
-9069
-10059
-8908
-6228
-4589
-5142
-6435
-6847
-5650
-3143
-1019
-830
-2202
-3178
-2205
323
2664
3366
2433
939
1270
3644
6234
7680
7114
5463
5004
6539
9284
10653
9597
7231
5999
6713
8286
9193
8227
5989
3867
3730
5210
6389
5296
2326
-45
-49
1348
2232
1272
-990
-3029
-3468
-1982
-782
-1216
-2968
-4879
-5183
-3900
-2105
-1759
-2892
-4208
-4444
-2893
-691
490
-391
-2583
-4054
-3123
-59
2134
1369
-1638
-3704
-2529
381
2324
1696
-1356
-3869
-3454
-892
1356
607
-2628
-5909
-6554
-4270
-1950
-1739
-4040
-7231
-8725
-7163
-3992
-2140
-3381
-6263
-7810
-5860
-1872
784
471
-1661
-2588
-683
3240
6722
7056
4758
2986
4256
7929
11040
11456
9398
7219
7268
9642
12225
12644
10256
7362
5844
6676
8478
8599
6173
2479
199
400
1779
2152
248
-3018
-5472
-5630
-4198
-2990
-3933
-7032
-9470
-9375
-7608
-6114
-6519
-8925
-11454
-11771
-9302
-6390
-6037
-7954
-9808
-9528
-6851
-3952
-3317
-4731
-6227
-6065
-3880
-1238
174
-585
-1920
-1543
454
2468
3100
2828
2679
3189
3789
4726
5883
6275
5865
5347
5790
6513
6800
6862
6961
6756
6273
5651
5345
5289
4849
4498
4144
3419
2088
981
1092
2034
2373
1444
-46
-757
131
1228
1727
1228
94
-466
497
2102
3170
2697
1311
686
1406
2645
3541
3655
2683
1268
601
1517
2897
2832
1049
-906
-2125
-2042
-1366
-1464
-2944
-5284
-7054
-7765
-7717
-7811
-9131
-11102
-12921
-13681
-13249
-12792
-12912
-13950
-15311
-15444
-14308
-12743
-11703
-11895
-12280
-11635
-9472
-6913
-5256
-4155
-3295
-2309
-231
2186
4179
4993
5097
5845
7565
9601
11007
11544
11594
12121
13185
14646
15917
16240
15672
14581
13754
14276
15455
15999
14884
12176
10170
10245
11352
11633
10219
7503
5368
5051
6222
6750
5715
3119
155
-1136
-342
1183
961
-1261
-3984
-5303
-4275
-2320
-1493
-2779
-5544
-7323
-6702
-4448
-2829
-3708
-6289
-8465
-8551
-6997
-5529
-6190
-8827
-11675
-12712
-11124
-9184
-8794
-10588
-13209
-14521
-13029
-9969
-8505
-9760
-11924
-12976
-11831
-8978
-6299
-6015
-8035
-9248
-7907
-5056
-2157
-1040
-2066
-3528
-3107
-39
2914
4091
2942
1301
1639
4089
6817
7632
6557
4954
5202
7566
10033
10612
9328
7912
7613
9113
11028
11563
10335
8472
7640
8449
9918
10712
9947
8252
7193
7992
9971
11434
11287
9699
8567
8850
10421
11785
11592
9613
7453
7239
8990
10205
8828
5904
3334
2756
3413
3597
1880
-1704
-4728
-6115
-5953
-5770
-7569
-11129
-14490
-15923
-15512
-14765
-15566
-18088
-20751
-21453
-19815
-17685
-16793
-17987
-19836
-19872
-17292
-14052
-11824
-11853
-12677
-12249
-9727
-5976
-3364
-2866
-3354
-2847
-523
3014
5694
6492
5919
5254
6319
9030
11444
11816
10265
8639
8120
9477
11106
11275
9430
6923
5517
6082
7675
8374
6811
3840
1864
2140
3906
5303
4598
2200
339
841
3089
5284
5453
3385
1365
1625
4193
6993
7862
6202
3898
3543
5631
7979
8464
6504
3668
2497
3701
5451
5358
2944
-331
-2355
-1910
-648
-585
-2680
-5983
-7909
-7571
-6120
-5403
-6465
-8821
-10393
-9659
-7730
-6641
-7368
-9056
-9732
-8594
-6568
-5273
-5249
-6007
-6437
-5536
-3862
-2796
-2761
-3276
-3231
-2265
-959
-158
-586
-1557
-2021
-1276
-62
355
-252
-1371
-1894
-1337
-110
713
325
-898
-1420
-620
1035
1993
1722
969
399
1284
3004
4354
4630
4051
3577
4124
5662
7402
7948
7218
6242
6275
7497
9000
9134
7716
5906
4733
4947
5854
5850
4190
1841
349
84
445
202
-1186
-3207
-4628
-4690
-4299
-4436
-5556
-6987
-7660
-7177
-6314
-5866
-6391
-7075
-7251
-6573
-5147
-4393
-4308
-4684
-4904
-4202
-2447
-925
-995
-1938
-2347
-1559
46
1348
1311
504
29
551
1687
2806
2669
1660
1030
1557
2738
3628
3762
2915
1983
1999
3079
4189
4625
3995
3071
3031
3991
4907
4924
4701
4552
4631
4927
4990
5122
5287
5143
5128
5103
4851
4635
4381
4143
3751
3001
2059
852
-162
-901
-1550
-2274
-3293
-4539
-5630
-6301
-6575
-7001
-7873
-8638
-9130
-9162
-8965
-8670
-8487
-8670
-8537
-7881
-7055
-6282
-5587
-4942
-4500
-3719
-2652
-1623
-768
0
311
519
1212
2113
2956
3387
3606
3546
3546
3976
4693
4883
4698
4465
4185
4111
4372
4024
3289
3105
2996
2912
2635
2213
1904
1542
1436
1544
1454
1395
1134
924
1054
1295
1400
1303
1134
1337
1729
2078
2516
2604
2500
2321
2484
2774
2780
2301
2094
1854
1453
1139
744
598
568
286
33
-95
-508
-934
-1370
-1716
-2041
-2436
-2587
-2686
-2979
-3101
-3320
-3473
-3458
-3639
-3885
-4072
-3878
-3601
-3570
-3701
-3944
-3549
-2816
-2326
-2532
-3179
-3384
-2961
-2143
-1733
-2107
-2901
-3440
-3004
-2027
-1697
-2026
-2712
-3172
-2843
-2002
-1084
-924
-1544
-2122
-1708
-443
948
1704
1607
1365
1717
3261
5342
6687
6417
5600
5629
7079
8764
9512
8874
7658
6803
7024
8268
9044
8456
6800
5360
4913
5522
5991
5333
3784
2020
952
1041
1494
1193
-12
-1530
-2608
-2679
-2161
-1671
-1897
-3214
-4538
-4856
-4089
-3046
-2966
-4131
-5431
-5652
-4755
-3673
-3274
-4180
-5581
-5929
-4877
-3584
-3162
-3911
-5234
-5619
-5161
-4058
-3074
-3387
-4656
-5561
-5291
-4221
-3072
-3136
-4346
-5440
-5075
-3626
-2266
-1899
-2671
-3398
-3347
-1922
-57
874
722
221
729
2327
4136
5128
5184
5049
5468
6608
8069
8978
8789
7918
7695
8240
9072
9491
8950
7856
7097
6687
6475
6206
5641
4770
3332
1978
1627
1655
1169
134
-1472
-2578
-3021
-2991
-2814
-3138
-4078
-5118
-5440
-4776
-4032
-4059
-4617
-5196
-5023
-4156
-3323
-3044
-3155
-3541
-3407
-2615
-1710
-1091
-1061
-1177
-994
-596
167
816
738
167
-154
18
356
608
318
-298
-859
-1071
-864
-743
-749
-1000
-1285
-1140
-854
-578
-721
-1031
-1069
-968
-636
-624
-596
-206
397
889
886
1052
1740
2588
3141
3104
2609
2478
2819
3097
3055
2646
1918
1298
985
1180
1278
640
-271
-919
-978
-574
-212
-542
-1231
-1733
-2004
-1712
-1021
-877
-1440
-2049
-1888
-1047
-250
40
-367
-882
-1059
-383
662
940
433
-221
-173
762
1738
1866
1227
568
501
828
1354
1593
1193
353
30
334
830
904
387
-249
-767
-837
-561
-162
-104
-666
-1346
-1723
-1556
-1053
-717
-931
-1369
-1448
-970
-167
660
857
400
139
646
1573
2470
2938
2757
2625
3085
3887
4259
4215
3617
3226
3286
3392
3381
2867
2238
1734
1474
1442
1369
814
90
-290
-667
-979
-1373
-2037
-2820
-3607
-4138
-4146
-4189
-4586
-5054
-5448
-5627
-5515
-5131
-4901
-5155
-5537
-5488
-4852
-4037
-3602
-3609
-3830
-3427
-2541
-1650
-1104
-1057
-1202
-1122
-495
531
1336
1500
1012
702
1138
2022
2873
2957
2419
1752
1723
2502
3358
3522
3034
2104
1818
2076
2528
2843
2431
1602
1041
1071
1584
2117
2044
1326
709
835
1472
2086
2175
1793
1103
956
1436
2021
2220
1603
1192
1084
1444
2006
2057
1594
876
558
743
1148
1326
986
269
-243
-205
156
217
-2
-676
-1406
-1590
-1521
-1577
-1973
-2709
-3465
-3694
-3549
-3164
-3260
-3859
-4188
-4232
-3813
-3329
-3226
-3356
-3427
-3312
-2932
-2313
-1926
-1947
-2040
-1932
-1390
-633
-264
-198
-465
-517
-357
199
890
1259
1301
1241
1596
2172
2590
2655
2542
2507
2570
2676
3008
3410
3613
3466
3388
3418
3619
3807
3711
3406
3196
3006
2804
2706
2513
2089
1677
1536
1626
1588
1550
1343
1103
955
880
872
764
573
148
-196
-373
-433
-906
-1437
-1808
-2109
-2460
-2726
-3212
-3706
-3932
-4038
-4008
-4291
-4378
-4411
-4327
-4194
-4194
-4334
-4214
-3999
-3520
-3003
-2672
-2473
-2227
-1837
-1220
-603
-440
-662
-656
-229
287
719
727
553
494
699
1061
1326
1246
1034
994
1360
1770
1989
2032
1823
1776
2032
2256
2443
2476
2422
2243
2187
2401
2499
2310
1962
1628
1456
1396
1401
1269
998
699
514
619
789
629
509
328
446
534
646
682
518
539
656
781
683
576
382
334
274
113
-123
-465
-676
-845
-989
-1443
-1766
-2015
-2056
-2030
-2097
-2208
-2272
-2240
-2457
-2690
-2731
-2466
-2456
-2566
-2809
-2783
-2619
-2399
-2111
-2142
-1983
-2008
-1658
-1169
-858
-670
-483
-269
41
723
1187
1486
1712
1977
2170
2611
3128
3469
3581
3678
3879
3998
3969
3911
3962
3799
3706
3526
3165
2765
2569
2332
2096
2028
1637
1112
779
468
214
126
-22
-235
-726
-1223
-1412
-1272
-1316
-1711
-2225
-2559
-2452
-2212
-2286
-2672
-3269
-3365
-3221
-2981
-2752
-3006
-3273
-3394
-3255
-2889
-2737
-2914
-3169
-3167
-2956
-2644
-2437
-2471
-2348
-2290
-2147
-1937
-1786
-1636
-1657
-1685
-1717
-1662
-1721
-1748
-1712
-1715
-1507
-1062
-670
-301
41
440
974
1326
1659
2056
2388
2833
3351
3966
4648
5198
5563
5622
6111
6593
6942
7258
7347
7121
6906
6888
6844
6648
6137
5753
5380
4996
4766
4466
4076
3620
3138
2717
2255
1906
1337
514
-466
-1359
-1699
-1881
-2236
-2888
-3652
-4235
-4526
-4607
-4973
-5502
-6080
-6582
-6816
-6855
-6744
-6821
-7057
-7352
-7328
-6947
-6365
-5676
-5615
-5631
-5273
-4489
-3524
-2989
-2714
-2517
-2090
-1515
-841
-79
376
355
352
793
1461
1841
1959
1718
1686
1978
2377
2871
3014
2844
2515
2575
3048
3596
3742
3476
3204
3135
3370
3836
3979
3802
3255
2868
2965
3391
3796
3676
3378
2876
3032
3533
3820
3695
3137
2883
2902
3219
3522
3479
2942
2438
2335
2364
2528
2200
1396
522
8
-20
123
-207
-1059
-2131
-2669
-2857
-3032
-3286
-3902
-4516
-4999
-5383
-5611
-5638
-5831
-6313
-6769
-6852
-6684
-6246
-6228
-6502
-6556
-6400
-5799
-5317
-5084
-5055
-4982
-4382
-3780
-3058
-2716
-2686
-2459
-1917
-1160
-342
275
669
850
1029
1421
2107
2838
3208
3456
3551
3851
4199
4452
4590
4493
4427
4560
4765
5030
5199
5115
4992
4770
4747
4952
5251
5255
5144
4969
4737
4742
4712
4506
4118
3452
2947
3011
2976
2714
2114
1284
1022
1031
1009
869
326
-239
-481
-373
-141
-265
-632
-1118
-1393
-1253
-1084
-1244
-1681
-2298
-2816
-2907
-2783
-2876
-3501
-4308
-4782
-4967
-4867
-4812
-5145
-5850
-6398
-6491
-6058
-5530
-5385
-5444
-5606
-5397
-4891
-4274
-3685
-3555
-3686
-3564
-2860
-2003
-1263
-1028
-1081
-1007
-464
292
1010
1337
1260
1313
1664
2412
3209
3785
3800
3683
3850
4308
4948
5350
5152
4728
4357
4507
5011
5423
5166
4486
3953
3670
3723
3650
3253
2459
1664
1305
1415
1685
1379
655
-91
-347
-181
121
190
-194
-771
-1282
-1294
-1034
-943
-1044
-1546
-1984
-2026
-1847
-1855
-2068
-2574
-2932
-2935
-2866
-2916
-3129
-3394
-3590
-3546
-3510
-3376
-3175
-3220
-3241
-3269
-3115
-2761
-2496
-2043
-1793
-1455
-1204
-894
-400
143
502
597
964
1437
1874
2350
2602
2749
2633
2570
2735
2911
3233
3355
3240
3188
3384
3525
3438
3162
2800
2415
2305
2400
2465
2321
1927
1542
1206
1196
1183
1079
893
644
517
331
431
429
139
-19
-225
-405
-97
136
218
180
-35
-103
36
215
194
198
-184
-394
-502
-524
-557
-875
-1292
-1729
-1804
-2071
-2484
-2917
-3403
-3771
-3760
-3764
-3961
-4293
-4572
-4694
-4613
-4353
-4204
-4185
-4318
-4117
-3655
-3001
-2281
-1923
-1711
-1354
-744
-74
533
1140
1402
1553
1910
2475
3305
3748
3710
3502
3622
4182
4922
5301
5193
4956
4916
5093
5335
5532
5197
4448
4001
3955
4092
4037
3475
2624
1976
1801
1670
1605
1377
945
250
-276
-409
-371
-390
-750
-1384
-1823
-1858
-1624
-1647
-2049
-2732
-3289
-3357
-3102
-2870
-2985
-3371
-3656
-3590
-3147
-2797
-2703
-2998
-3475
-3533
-3318
-3088
-3086
-3282
-3188
-3128
-2818
-2370
-2193
-2104
-2242
-2387
-2213
-1905
-1547
-1291
-1333
-1404
-1249
-902
-492
-105
14
139
282
784
1371
1797
1925
1837
2171
2752
3260
3697
3852
4045
4396
4872
5256
5232
5050
4907
4687
4701
4927
4804
4725
4488
4409
4410
4418
4370
3960
3684
3295
3095
2920
2734
2404
2000
1754
1537
1269
702
258
-152
-443
-725
-1136
-1717
-2270
-2668
-3017
-3247
-3477
-3813
-4127
-4387
-4462
-4540
-4586
-4711
-5009
-5277
-5357
-5437
-5485
-5605
-5759
-5691
-5562
-5302
-5104
-4788
-4811
-4812
-4772
-4691
-4268
-3963
-3691
-3414
-2917
-2307
-1790
-1503
-1246
-811
-398
253
729
1287
1804
2120
2451
2682
2792
3052
3516
3751
3892
3994
3861
4058
4339
4690
5049
4957
4909
4909
5211
5523
5564
5452
5271
5119
5182
5386
5606
5427
5011
4617
4252
4200
4122
3948
3520
2783
2407
2281
2102
1555
700
100
-291
-423
-485
-695
-1183
-1834
-2454
-2809
-2762
-2722
-3039
-3611
-4176
-4409
-4544
-4533
-4576
-4769
-5046
-5083
-4952
-4777
-4311
-4320
-4370
-4474
-4217
-3842
-3500
-3211
-3144
-2998
-2616
-2118
-1773
-1615
-1847
-1867
-1644
-1062
-682
-570
-644
-775
-560
-34
537
804
655
523
537
810
1207
1454
1475
1271
1388
1757
2385
2922
3088
2981
2867
2971
3475
4025
4299
4198
3793
3597
3925
4509
4690
4407
3931
3676
3812
4041
4160
3844
3225
2689
2348
2313
2356
2024
1325
424
-147
-292
-386
-772
-1376
-2020
-2526
-2744
-2632
-2433
-2749
-3322
-3788
-3989
-3788
-3561
-3493
-3763
-4015
-4019
-3840
-3436
-3364
-3570
-3757
-3676
-3290
-2652
-2250
-2182
-2360
-2342
-1863
-1291
-835
-661
-725
-772
-677
-358
-86
-72
-253
-315
-183
193
632
985
1059
900
965
1273
1780
2085
2066
1927
2023
2181
2510
2822
2994
3036
2977
3232
3647
3778
3563
3369
3120
3130
3108
3182
3137
2969
2647
2340
2331
2353
2307
1849
1268
1010
906
648
366
43
-473
-888
-1072
-1115
-1220
-1592
-2083
-2430
-2541
-2524
-2499
-2654
-3001
-3153
-3175
-3086
-3092
-3213
-3065
-2994
-2900
-2635
-2421
-2402
-2288
-2100
-1894
-1703
-1298
-1165
-1102
-1216
-1241
-1032
-751
-674
-596
-607
-670
-385
-206
-124
81
261
504
882
1057
1276
1356
1434
1823
2247
2463
2688
2593
2596
2755
2965
3108
2987
2706
2423
2376
2606
2725
2435
2045
1671
1521
1466
1526
1382
1010
615
343
403
417
221
-148
-520
-547
-535
-546
-680
-1052
-1441
-1819
-1890
-1725
-1707
-2041
-2383
-2657
-2723
-2435
-2314
-2337
-2429
-2396
-2242
-1791
-1450
-1441
-1675
-1785
-1721
-1360
-994
-758
-750
-868
-920
-667
-230
-134
-245
-534
-639
-527
-260
-200
-471
-460
-435
-150
281
620
604
392
480
783
1150
1435
1595
1546
1606
1963
2346
2706
2937
2830
2746
2834
2904
3214
3275
3077
2729
2333
2357
2453
2478
2188
1887
1681
1590
1484
1332
1101
574
95
-232
-216
-204
-402
-834
-1270
-1343
-1350
-1410
-1588
-1804
-2044
-2231
-2226
-2340
-2467
-2790
-3117
-3234
-3228
-3111
-3021
-2908
-2843
-2644
-2389
-2102
-1812
-1850
-1923
-1973
-1677
-1531
-1458
-1353
-1331
-1236
-1069
-663
-537
-405
-433
-328
-109
-6
87
65
273
501
637
667
792
815
899
1102
1137
1283
1519
1642
2083
2266
2291
2445
2537
2713
2820
2978
3086
3188
3235
3273
3029
2998
2914
2801
2594
2435
2489
2431
2266
2011
1902
1688
1604
1387
1021
813
490
112
-317
-726
-1074
-1299
-1607
-1933
-2177
-2276
-2403
-2492
-2595
-2897
-3127
-3096
-3150
-3081
-3228
-3526
-3689
-3646
-3592
-3503
-3345
-3330
-3135
-2869
-2533
-2511
-2625
-2661
-2783
-2555
-2129
-1839
-1894
-1787
-1496
-1231
-837
-512
-199
47
422
654
833
1231
1492
1686
1893
2173
2279
2335
2472
2627
2790
2943
2952
2855
2708
2769
2869
2755
2547
2349
2388
2426
2449
2261
2015
1911
2032
2163
2096
2026
1838
1829
1793
1868
1881
1736
1561
1476
1371
1216
1136
1059
870
629
439
242
-2
-259
-444
-600
-810
-952
-1064
-1207
-1231
-1204
-1261
-1453
-1754
-2048
-2292
-2479
-2572
-2816
-3052
-3273
-3443
-3378
-3340
-3298
-3446
-3430
-3300
-3186
-2986
-2666
-2376
-2239
-2020
-1808
-1449
-1001
-502
-32
300
629
961
1364
1733
1940
2028
2197
2350
2403
2563
2557
2437
2346
2259
2203
2195
2242
2204
2041
1901
1742
1467
1398
1247
1048
904
722
713
691
622
500
382
412
358
494
676
495
326
340
373
579
720
708
610
398
411
462
567
438
127
-125
-431
-559
-484
-535
-890
-1338
-1731
-1843
-1756
-1814
-2025
-2464
-2694
-2734
-2725
-2616
-2796
-2971
-3081
-2920
-2598
-2330
-2136
-2002
-1949
-1847
-1425
-1048
-758
-569
-361
-113
281
513
908
1125
1304
1600
1725
1953
2082
2218
2181
2097
1986
1891
1992
1943
1858
1718
1546
1382
1264
1181
1064
980
716
502
397
336
265
115
-43
-235
-272
-161
53
308
345
372
384
476
786
835
867
887
880
1082
1259
1296
1186
947
688
519
540
628
671
552
269
66
45
-25
-321
-488
-729
-843
-1036
-1213
-1360
-1647
-1968
-2317
-2589
-2595
-2559
-2584
-2726
-2844
-2757
-2678
-2347
-2070
-1921
-1958
-1833
-1480
-981
-584
-554
-505
-366
63
564
962
1185
1208
1431
1628
1856
2023
2130
2039
1910
1899
1867
1969
1962
1990
1932
1863
1986
2117
2239
2270
1860
1414
1206
1143
1189
1039
747
359
215
216
98
23
-333
-688
-842
-953
-898
-974
-1058
-1249
-1387
-1316
-1269
-1258
-1322
-1367
-1533
-1606
-1603
-1668
-1696
-1748
-1849
-1827
-1766
-1642
-1574
-1538
-1413
-1406
-1359
-1156
-1136
-947
-807
-771
-684
-632
-487
-372
-321
-237
-246
-179
-104
-5
113
60
56
147
154
277
229
197
211
284
429
419
401
467
628
804
1034
1238
1271
1319
1309
1431
1605
1679
1604
1513
1497
1547
1694
1585
1272
1003
838
793
904
873
899
800
720
658
581
385
125
134
210
282
162
-130
-509
-701
-800
-1025
-1250
-1398
-1586
-1622
-1547
-1348
-1351
-1569
-1574
-1619
-1314
-1133
-998
-923
-932
-870
-761
-538
-404
-349
-403
-457
-211
16
213
284
224
15
-106
-82
-43
-41
-218
-455
-641
-599
-446
-310
-422
-719
-804
-790
-630
-523
-692
-883
-912
-782
-443
-153
-169
-360
-532
-468
-7
411
477
522
701
928
1212
1535
1754
1704
1690
1992
2370
2573
2616
2367
2126
2094
2112
1974
1814
1607
1295
1033
1008
951
842
592
166
-126
-228
-291
-416
-767
-1107
-1432
-1542
-1559
-1633
-1768
-1863
-1829
-1605
-1500
-1350
-1322
-1429
-1325
-1288
-1123
-1026
-1096
-1040
-1059
-911
-836
-785
-657
-491
-328
-266
-194
-99
-36
-14
-218
-425
-475
-335
-165
-138
-208
-350
-368
-268
-148
-196
-283
-310
-223
-80
8
190
157
60
77
245
605
849
713
666
527
727
960
1031
1188
1046
1110
1280
1542
1533
1440
1236
1016
982
1055
1127
941
640
280
145
287
314
225
-16
-306
-324
-244
-273
-470
-705
-850
-955
-769
-497
-527
-740
-905
-878
-736
-546
-335
-301
-264
-195
4
112
218
186
-65
-178
-138
-105
-77
-182
-381
-535
-520
-384
-465
-458
-612
-671
-632
-556
-433
-392
-572
-794
-858
-687
-512
-534
-577
-745
-864
-920
-864
-853
-955
-1091
-1121
-986
-882
-841
-913
-909
-875
-788
-589
-377
-377
-441
-291
-216
-17
122
148
140
115
156
300
417
340
231
170
158
211
275
310
404
424
466
506
776
869
853
940
1067
1233
1373
1423
1219
1242
1174
1093
1098
1030
994
877
694
720
580
405
384
216
191
158
100
37
-27
-111
-215
-113
-127
-112
-25
35
65
128
122
37
-72
-191
-168
-100
-98
-232
-324
-381
-290
-177
-125
-182
-263
-243
-267
-236
-247
-340
-345
-456
-395
-397
-578
-514
-544
-666
-604
-496
-482
-465
-569
-667
-744
-759
-668
-596
-597
-749
-575
-235
-116
-27
-118
-186
-167
21
222
275
311
311
434
544
601
620
591
443
378
428
577
643
586
485
430
432
425
464
495
375
354
355
470
559
493
354
264
284
294
246
308
529
532
497
505
541
668
775
848
807
800
771
881
936
805
674
636
707
698
658
589
438
273
237
179
288
224
-47
-297
-532
-589
-824
-988
-1221
-1354
-1418
-1264
-1047
-900
-789
-840
-926
-1118
-1055
-993
-991
-942
-1045
-1233
-1227
-1113
-959
-858
-750
-599
-337
-157
-88
36
34
9
75
267
378
415
384
539
623
615
545
364
393
246
329
357
233
198
85
-4
-10
85
-37
46
35
68
263
371
301
283
354
345
344
336
313
236
270
357
511
602
485
456
495
515
475
458
463
450
450
493
613
629
624
670
592
419
325
54
-50
3
21
-28
-356
-559
-656
-659
-693
-780
-768
-773
-718
-693
-670
-769
-862
-928
-926
-893
-701
-515
-480
-400
-403
-204
-119
-18
176
188
126
136
258
358
409
369
369
396
331
389
478
427
376
360
390
550
576
528
442
519
519
487
461
345
345
317
440
417
272
130
41
117
186
298
263
49
65
334
467
617
483
211
50
-48
3
11
38
-164
-348
-452
-510
-379
-258
-269
-388
-371
-358
-227
-298
-427
-437
-601
-604
-545
-339
-158
-36
-22
42
93
41
-144
-324
-517
-649
-642
-711
-708
-830
-746
-695
-586
-482
-324
-207
-162
-65
77
113
175
226
131
188
231
375
393
300
168
175
324
435
553
601
507
504
469
439
502
366
277
390
603
719
784
735
481
319
174
1
23
21
3
-24
-159
-213
-212
-178
-307
-508
-653
-712
-773
-728
-593
-637
-782
-839
-806
-687
-547
-510
-546
-453
-311
-282
-267
-279
-321
-465
-477
-364
-194
-150
-53
-50
16
168
335
506
641
663
554
694
700
740
728
589
602
583
649
688
737
715
659
718
793
825
700
584
441
329
239
203
134
76
81
279
452
515
597
531
505
400
479
513
513
452
185
131
194
230
228
227
165
160
257
496
603
607
537
358
199
196
228
161
116
9
-214
-347
-374
-520
-749
-881
-1047
-1082
-996
-975
-972
-1118
-1208
-1186
-1099
-1028
-919
-936
-1046
-1123
-1121
-1042
-851
-785
-788
-669
-543
-414
-353
-266
-245
-264
-287
-137
7
16
80
61
77
196
371
486
585
579
680
840
964
1121
1052
968
841
835
1062
1129
970
810
651
548
562
588
552
574
480
476
506
538
469
149
-68
-198
-86
30
168
250
180
22
-115
-160
-233
-388
-574
-722
-821
-813
-796
-813
-935
-1040
-1005
-987
-1014
-1069
-1142
-1183
-1241
-1199
-1056
-982
-862
-708
-633
-613
-417
-352
-233
-261
-298
-224
-223
-158
-81
-193
-21
92
182
354
352
417
382
537
590
611
700
711
727
770
878
864
917
969
845
800
840
830
901
969
989
975
1098
1124
996
1130
1052
873
861
849
930
951
926
735
516
358
196
76
-96
-213
-403
-482
-526
-473
-396
-547
-659
-681
-720
-694
-666
-803
-916
-959
-883
-738
-699
-747
-763
-817
-731
-665
-504
-374
-387
-379
-323
-168
-41
-5
-141
-96
-136
-86
64
151
156
55
117
106
122
48
-119
-212
-265
-102
16
-44
-157
-430
-476
-564
-504
-326
-256
-195
-156
-33
131
244
219
208
216
343
459
507
699
714
608
557
596
714
633
606
456
415
581
650
754
688
609
655
748
676
741
646
480
344
174
80
-20
-351
-482
-570
-703
-754
-823
-823
-987
-1021
-1093
-1172
-1192
-1296
-1479
-1535
-1492
-1462
-1358
-1164
-1092
-821
-470
-159
8
91
-21
-104
-43
104
141
148
143
83
140
302
399
402
377
310
502
698
786
730
720
586
539
586
726
904
1077
1266
1231
1175
1165
1093
1040
1056
1046
1023
1057
1179
960
751
657
606
459
302
227
31
-1
-33
-68
-135
-211
-392
-501
-413
-458
-475
-381
-532
-640
-580
-584
-561
-580
-676
-891
-1051
-1035
-947
-893
-876
-707
-590
-473
-491
-546
-765
-965
-1017
-981
-868
-762
-868
-934
-933
-898
-711
-693
-711
-807
-793
-761
-592
-496
-370
-343
-462
-483
-354
-222
-193
-219
-192
-246
-202
-29
37
241
425
521
701
929
997
1009
937
881
962
1124
1286
1408
1465
1514
1697
1847
1805
1659
1485
1201
1061
1127
934
795
627
405
329
244
152
-67
-253
-404
-512
-731
-846
-989
-1074
-1057
-930
-772
-668
-587
-686
-855
-910
-956
-972
-907
-766
-781
-851
-857
-834
-842
-1054
-1080
-1114
-1009
-931
-841
-806
-907
-781
-789
-663
-463
-333
-254
-233
-166
-189
-151
-292
-197
-64
-21
14
24
170
231
282
401
495
500
664
965
1166
1395
1510
1538
1459
1407
1305
1279
1360
1405
1468
1576
1615
1598
1611
1672
1631
1612
1547
1488
1433
1210
1080
901
775
705
710
651
523
360
200
120
-36
-169
-328
-605
-729
-773
-907
-896
-1060
-1279
-1321
-1308
-1258
-1267
-1249
-1318
-1250
-1219
-1286
-1235
-1199
-1131
-1010
-957
-993
-979
-912
-980
-1076
-1100
-1086
-1059
-1180
-1044
-1029
-1041
-988
-837
-780
-611
-568
-498
-296
-256
-116
-107
-52
-87
-103
48
228
297
440
561
744
878
1038
1282
1309
1324
1197
1087
990
944
889
793
801
972
1115
1224
1314
1292
1187
1102
1049
1025
868
739
597
634
683
570
400
190
137
-8
123
192
101
0
38
104
96
65
-43
-230
-354
-353
-363
-367
-521
-692
-900
-1118
-1235
-1312
-1145
-1090
-1120
-1137
-1185
-1143
-1137
-1159
-1278
-1220
-1040
-993
-892
-689
-683
-687
-510
-373
-281
-88
35
103
235
339
514
629
653
616
647
714
758
795
729
656
509
540
651
934
1034
1086
1090
1091
1124
1089
982
788
583
517
538
692
616
351
193
58
72
232
326
149
45
45
56
129
74
146
69
78
290
344
468
359
220
173
64
87
102
126
70
87
-2
-207
-117
-277
-422
-724
-842
-947
-1088
-1024
-1180
-1258
-1404
-1484
-1472
-1457
-1492
-1604
-1670
-1501
-1461
-1270
-1204
-1204
-1156
-1137
-867
-794
-662
-643
-517
-276
-85
186
361
435
528
485
596
773
805
878
790
870
961
945
915
701
564
501
496
484
468
483
460
330
374
382
327
391
331
396
405
416
429
478
544
455
538
527
453
390
286
119
136
116
48
-4
-125
-181
-147
-100
-45
-95
-185
-271
-349
-416
-522
-689
-729
-739
-800
-745
-907
-865
-963
-880
-732
-719
-623
-719
-673
-730
-690
-566
-493
-365
-207
6
330
578
534
694
786
965
1129
1315
1271
1224
1308
1188
1039
983
947
906
1065
1167
1155
1108
989
808
613
353
384
448
385
454
482
422
412
367
267
134
49
-60
13
36
-3
23
-31
33
172
276
276
230
100
34
-16
41
64
115
33
-190
-132
-246
-226
-333
-427
-474
-482
-507
-491
-525
-783
-784
-942
-936
-875
-896
-963
-1007
-860
-764
-664
-570
-632
-611
-604
-532
-480
-460
-463
-543
-443
-346
-202
-192
-247
-280
-360
-249
-119
12
112
135
236
329
346
387
422
394
417
487
617
690
697
700
549
530
527
547
533
500
350
228
292
481
529
470
361
271
187
224
212
197
137
132
128
201
210
166
169
-25
-21
37
-25
20
-175
-343
-475
-518
-519
-542
-607
-728
-637
-567
-381
-319
-357
-476
-582
-615
-608
-626
-587
-557
-619
-528
-403
-336
-306
-341
-277
-99
-41
139
197
88
7
-121
14
55
48
37
-14
27
52
111
-11
-91
-191
-213
-103
53
201
77
60
95
66
64
99
8
76
231
374
510
557
578
514
454
451
606
711
756
810
706
551
543
570
482
530
309
265
294
177
220
140
-82
-127
14
148
103
23
16
-50
-210
-377
-457
-547
-574
-521
-435
-448
-366
-436
-602
-664
-750
-609
-490
-553
-439
-350
-389
-281
-104
136
253
378
402
532
538
368
424
412
360
355
265
305
323
313
265
225
178
43
144
183
50
188
219
155
94
86
42
110
164
27
106
101
65
-8
-53
-3
34
181
185
131
201
140
178
326
527
703
658
721
666
643
589
370
134
-58
-175
-87
-34
-143
-209
-349
-522
-714
-896
-952
-952
-993
-946
-867
-854
-722
-728
-666
-645
-495
-347
-252
-213
-263
-328
-285
-276
-217
-139
-193
-199
-126
66
96
244
198
277
407
486
492
563
453
255
227
166
372
406
400
432
395
408
357
360
251
221
273
330
356
261
145
10
-148
-218
-201
-213
-274
-328
-270
-183
-61
60
124
49
-34
-238
-199
-131
-108
33
53
21
-25
-55
-219
-214
-197
-180
-106
-7
32
42
50
-74
-205
-286
-190
-79
53
141
121
122
104
47
-96
-120
-172
-117
-108
-71
-44
-55
-155
-195
-216
-240
-153
-259
-312
-301
-377
-360
-233
14
168
201
206
254
232
175
117
102
141
228
267
354
365
388
444
400
483
541
648
802
1044
1124
1044
937
812
680
449
442
479
388
359
285
206
86
62
-42
6
-81
-164
-120
48
102
-22
-138
-382
-421
-429
-374
-387
-381
-470
-513
-392
-487
-433
-412
-445
-342
-300
-198
-237
-211
-205
-198
-117
-202
-160
-73
-94
-106
-63
2
-46
-9
-73
-202
-155
-206
-167
-144
-187
-313
-266
-231
-230
-159
-258
-290
-247
-151
-202
-167
-73
-11
75
69
-9
23
-16
65
161
260
411
321
243
227
281
174
117
129
59
5
70
192
341
449
455
490
399
324
267
336
354
283
225
207
168
265
232
95
37
-145
-337
-506
-545
-674
-843
-937
-1022
-893
-782
-609
-494
-579
-538
-438
-350
-302
-321
-276
-287
-223
-248
-302
-392
-477
-413
-350
-275
-221
-301
-318
-268
-270
-188
-142
-54
65
277
309
382
430
296
285
266
200
261
440
421
446
355
282
238
134
170
137
168
293
234
282
252
206
135
196
266
214
235
259
255
93
86
-27
-103
-251
-188
-153
-164
-43
-10
-21
-36
59
118
142
219
255
139
46
-58
-101
-187
-113
-3
34
91
138
140
46
86
133
102
123
114
-53
-66
-226
-334
-422
-449
-557
-572
-425
-348
-45
49
77
61
27
-31
-7
8
-121
55
166
182
253
203
63
36
-131
-155
-98
-81
-14
40
110
39
-31
-9
-144
-66
45
-22
3
34
7
-56
-44
-34
2
64
98
79
69
43
49
20
-56
-2
17
-52
-48
-46
-94
-147
-168
-185
-49
-5
14
154
169
263
335
362
376
329
284
260
144
49
73
-28
-14
214
429
594
526
672
674
479
410
314
285
269
264
259
259
156
22
-84
-149
-118
-85
-114
-145
-54
92
155
145
137
107
34
52
125
144
108
0
55
67
109
128
49
58
-26
42
140
50
-55
-116
-177
-231
-90
-76
32
28
-112
-111
-155
-232
-161
-59
-46
-75
-78
-24
-27
3
-87
-187
-177
-138
-270
-346
-408
-509
-436
-400
-260
-212
-56
47
-14
51
83
40
-53
-211
-256
-202
-116
-88
-152
-213
-172
-266
-190
-61
-62
-46
-132
-114
-76
-7
19
-31
-79
-141
-108
-11
39
1
-39
-104
-132
