83
-1
-115
-107
-95
-40
122
131
103
32
-6
-11
9
19
-48
-9
59
57
22
71
-1
-43
4
21
90
210
359
343
262
255
84
71
17
-107
-53
-43
-56
-32
-61
37
0
43
161
107
210
111
23
39
-50
23
172
141
184
193
158
139
19
42
57
78
-24
70
42
-52
-194
-277
-365
-408
-452
-406
-337
-319
-256
-138
-119
-80
-62
-115
40
-92
-94
-182
-144
-87
-41
-35
-152
-211
-180
-256
-294
-238
-216
-42
-35
25
49
41
22
58
18
23
26
25
-23
27
78
75
97
39
138
161
150
91
142
141
118
177
201
135
86
168
161
153
76
206
304
481
485
601
585
432
420
383
435
376
438
351
426
361
302
278
117
109
140
187
184
271
254
273
288
221
160
169
165
94
109
96
122
113
180
249
385
418
432
457
408
239
123
-4
-64
85
131
129
93
116
110
114
92
115
204
106
105
108
128
150
130
49
-87
-218
-242
-185
-152
-63
-27
45
107
130
183
372
397
395
500
424
235
251
140
25
17
-38
-5
-96
-111
-149
-239
-271
-260
-243
-296
-177
-147
-64
-43
44
64
34
136
91
112
73
129
29
38
84
26
112
116
51
139
207
95
-5
95
135
138
193
159
187
249
213
248
255
117
143
190
169
97
16
-29
62
132
219
152
117
140
121
149
54
145
267
297
205
352
294
322
397
310
336
342
305
266
227
159
183
167
104
128
50
-5
-20
-50
-172
-98
37
67
145
85
-42
-141
-108
-59
136
157
200
238
250
254
206
73
-48
-80
-15
25
34
-68
-67
-61
19
12
0
216
237
277
251
87
26
-121
-183
-183
-162
-90
-132
-125
-63
109
268
339
401
449
497
356
205
48
-154
-246
-181
-145
-115
57
279
362
383
294
325
221
89
123
160
204
201
226
71
90
-84
-207
-275
-283
-165
-69
-27
30
-29
1
112
94
225
289
329
378
409
339
240
157
40
-97
-124
-228
-242
-220
-143
-125
-68
-32
-7
46
83
153
135
183
128
142
28
68
80
-49
35
128
129
81
60
147
79
45
166
85
22
3
-54
-24
-66
-57
8
150
292
404
424
496
517
397
306
132
89
-40
-133
-140
-137
-66
33
51
41
91
130
165
150
137
94
104
140
0
-62
9
157
208
246
251
124
88
59
49
72
93
198
205
193
203
230
106
103
197
183
141
108
119
16
-48
-30
-99
-31
-86
-76
71
27
70
27
103
85
78
125
37
-14
-111
-206
-400
-445
-446
-385
-289
-120
110
182
171
116
143
60
-6
-82
-51
19
-36
-18
-57
-119
-163
-224
-231
-277
-249
-317
-255
-248
-314
-253
-292
-215
-115
-2
119
123
83
12
71
128
82
45
-89
-222
-304
-383
-469
-474
-460
-398
-292
-258
-181
-162
-172
-74
65
77
90
53
55
106
-42
-6
-74
-87
-199
-255
-197
-287
-210
-203
-131
-9
62
173
248
296
274
245
313
466
487
548
546
404
313
268
309
319
308
333
345
250
105
67
-68
-89
-2
126
211
243
281
148
130
-8
23
105
119
246
327
301
338
263
252
112
-63
-75
-16
-54
-52
-47
-73
-77
-124
-12
114
180
241
143
118
-6
-19
20
-8
-118
-108
-272
-342
-236
-190
-220
-232
-187
-245
-198
-283
-269
-258
-372
-405
-334
-269
-148
-62
115
122
85
44
-12
62
46
138
140
254
186
96
98
-66
-180
-237
-223
-254
-136
-93
-44
-114
-174
-3
-8
57
101
178
269
242
226
318
274
220
138
-32
-77
-91
-118
-164
-114
-56
27
79
64
35
146
77
-5
83
111
36
37
12
-4
12
1
-25
14
222
271
257
276
197
111
-58
-137
-75
-92
-135
-120
-236
-199
-16
212
328
373
382
260
95
20
127
158
131
79
42
-36
-111
-138
-243
-285
-223
-117
71
153
233
242
124
63
-11
-7
32
-34
86
159
228
191
211
177
170
61
52
120
97
128
71
-7
-82
22
65
217
263
291
365
245
162
115
22
-107
-41
83
118
184
219
132
148
270
258
154
126
194
45
1
-27
-70
14
12
129
187
163
263
204
61
12
46
58
67
45
132
179
103
86
48
-91
-89
-19
-63
-40
11
-38
-86
-186
-103
-168
-111
5
16
-10
13
116
37
-89
-96
-98
-194
-187
-218
-261
-313
-385
-386
-445
-372
-292
-75
-82
-51
58
119
142
14
116
89
-1
21
114
114
35
76
58
-79
-163
-163
-224
-253
-311
-281
-336
-280
-253
-205
-47
13
130
117
64
112
124
131
80
40
111
67
47
-53
-135
-195
-224
-217
-262
-270
-242
-157
-132
-220
-280
-320
-249
-198
-31
53
24
47
-23
-51
-219
-315
-374
-359
-351
-309
-295
-334
-253
-270
-281
-258
-149
-135
-148
-49
-42
-66
-106
-139
-67
-209
-303
-269
-303
-372
-401
-415
-430
-411
-507
-389
-367
-270
-307
-466
-541
-615
-536
-576
-428
-295
-179
-140
-81
-70
-117
-204
-210
-116
-149
-6
101
61
7
-82
-172
-195
-175
-142
-71
-47
5
16
-76
-51
-90
-121
-171
-205
-1
-43
-57
-3
13
-60
-88
-127
-203
-229
-284
-212
-201
-123
-38
91
298
313
219
209
137
158
62
125
183
160
196
189
173
80
168
177
230
157
203
139
99
9
-87
-134
-182
-244
-300
-280
-177
-144
-92
123
218
376
387
323
363
301
165
79
102
20
-84
-144
-132
-327
-414
-515
-509
-465
-359
-272
-199
-88
-36
-103
-211
-133
-131
-119
-144
-166
-221
-252
-179
-169
-136
-120
-138
-44
-57
-68
-13
16
20
70
105
80
33
-56
-179
-197
-153
-152
-150
-182
-188
-251
-247
-135
-137
-54
32
29
147
133
106
138
-26
-191
-182
-108
1
255
387
445
391
395
281
190
86
-9
66
42
65
89
112
55
-104
-102
-115
-196
-52
97
226
230
215
218
205
187
250
183
220
150
189
211
276
175
82
208
181
154
15
79
-85
-199
-161
-214
-164
-195
-254
-144
-139
3
98
155
182
168
99
117
123
-82
83
15
-50
-66
-97
-145
-227
-272
-378
-476
-508
-530
-467
-579
-887
-843
-441
8
-234
-691
-665
-178
-91
-647
-1164
-1534
-1326
-596
-87
-329
-988
-1121
-819
-705
-484
-251
-500
-844
-596
115
350
266
27
-138
-30
266
708
317
-381
-417
-170
-140
173
626
316
-319
-410
-259
-176
-61
-24
-267
-326
-346
-428
-566
-623
-450
-232
193
893
1393
1128
395
34
-202
-96
285
455
445
220
-223
-469
-548
-796
-1054
-1276
-1331
-1135
-632
-447
-224
-35
479
866
963
989
918
1001
1107
1110
993
632
75
64
358
612
842
958
752
556
467
308
-82
-631
-1152
-1248
-925
-405
-225
-449
-580
-732
-636
-301
-147
-349
-290
-193
-40
-106
-38
13
-226
-509
-231
457
531
547
346
-58
-251
-76
65
-94
-266
-353
-401
-145
128
197
22
-203
-179
111
695
924
794
444
109
-224
-364
-366
-311
-356
-618
-467
-298
-477
-408
-232
-216
-7
539
838
937
748
443
84
-145
496
1183
1173
1084
991
742
450
311
302
75
-89
53
103
-362
-812
-1053
-1406
-1680
-1735
-1769
-1787
-1848
-1842
-1664
-1385
-1053
-794
-803
-697
-550
-465
-388
-142
187
155
331
402
436
558
837
946
985
756
307
80
-37
-304
-506
-398
-320
-122
-14
-148
-505
-828
-887
-542
-55
503
955
1140
906
567
156
-271
-319
-538
-777
-736
-685
-752
-851
-935
-910
-708
-200
258
585
559
330
110
114
523
674
581
532
656
859
1045
1069
874
392
309
352
493
546
205
-207
-622
-809
-838
-632
-640
-588
-551
-448
-347
-283
-159
-337
-486
-221
242
663
821
585
532
519
547
363
377
770
938
964
924
746
250
18
-120
-261
-398
-317
-134
152
242
-51
-251
-477
-498
-307
-259
-319
-444
-488
-535
-583
-488
-693
-901
-723
-537
-325
139
467
688
883
1034
1071
997
911
949
892
826
564
377
313
106
-28
-71
-43
-113
-242
-400
-614
-737
-753
-845
-890
-885
-780
-479
-13
307
365
274
249
342
549
949
1082
1047
1015
909
813
747
547
163
-57
82
426
593
629
422
53
-238
-271
-136
-184
-233
-292
-211
-14
50
-58
-86
-295
-349
-197
-93
-10
-91
-141
-157
-146
97
368
419
590
767
942
1147
1216
1176
874
578
343
315
404
495
429
366
241
-12
-229
-485
-599
-749
-673
-488
-327
-287
-332
-438
-602
-547
-532
-311
-131
-30
-10
-194
-303
-378
-261
-254
-40
201
125
97
-74
-142
-446
-703
-726
-745
-530
-460
-343
-418
-612
-565
-527
-381
-118
-111
-80
-41
116
178
41
-224
-412
-450
-376
-49
261
99
36
-31
-143
-42
43
92
120
178
191
177
279
201
188
184
182
421
647
626
512
406
220
261
393
695
844
714
477
441
632
1042
1174
1237
1076
941
926
1014
1047
875
549
370
436
591
833
1139
1132
908
772
836
1027
1164
1076
737
508
417
427
500
567
512
577
814
1274
1702
1824
1609
1146
987
1016
1135
1214
1367
1356
1162
900
786
752
600
315
-215
-775
-1185
-1314
-1499
-1877
-2355
-2997
-3569
-3972
-4272
-4510
-4647
-4824
-4899
-4646
-4269
-3994
-3940
-3834
-3670
-3519
-3108
-2685
-2264
-1808
-1355
-971
-463
-38
394
871
1199
1568
1978
2358
2636
2739
2535
2275
2100
2028
1970
1906
1723
1516
1289
1228
1294
1360
1447
1414
1551
1501
1640
1853
1925
1833
1941
2134
2205
2341
2431
2578
2651
2756
2842
2899
2899
2876
2913
2941
3064
2951
2637
2447
2166
2015
1899
1797
1684
1889
2033
2103
2175
1982
1858
1534
1323
1119
1150
1307
1199
967
352
-407
-1221
-1773
-1837
-1703
-1720
-1998
-2576
-3295
-4124
-4895
-5778
-6732
-7197
-7152
-6738
-6168
-5800
-5823
-6088
-5999
-5475
-4617
-3917
-3275
-2811
-2499
-1900
-1163
-789
-700
-711
-913
-844
-583
-442
-616
-904
-1248
-1386
-1306
-1166
-1049
-1284
-1848
-2175
-2168
-1967
-1693
-1557
-1199
-869
-429
129
629
1087
1487
2147
2853
3507
4148
4399
4368
4333
4390
4412
4400
4526
4700
4829
4908
4688
4191
3558
2882
2658
2467
2332
2153
2067
2137
2081
2143
2334
2467
2437
2490
2737
3080
3211
3220
3185
3149
3297
3429
3368
3342
3524
3540
3627
3584
3480
3280
3069
3093
2885
2172
890
-241
-1276
-1645
-1655
-1635
-1919
-2861
-3891
-4938
-5838
-6753
-7728
-8588
-8857
-8308
-7535
-6928
-7011
-7415
-7662
-7470
-6355
-4820
-3351
-2254
-1395
-493
510
1351
1748
1722
1674
1959
2467
2870
2621
1778
603
-372
-912
-1244
-1513
-2059
-2620
-2888
-2939
-2911
-3096
-3578
-4194
-4482
-4313
-3530
-2551
-1814
-1137
-480
167
944
1685
2215
2756
3420
4092
4773
5203
5336
5390
5240
5054
4934
4561
3959
3493
3169
3006
2977
2742
2340
1878
1477
1162
1056
1136
1132
1244
1361
1573
1659
1786
1827
1723
1849
2175
2537
2855
3085
3210
3121
2876
2948
3035
3113
3258
3198
3049
2862
2742
2546
1902
861
-285
-1189
-1571
-1732
-2091
-2705
-3735
-4856
-5753
-6605
-7367
-8529
-9542
-9788
-9418
-8586
-7770
-7404
-7635
-7844
-7625
-6695
-5306
-4033
-3057
-2003
-1047
-204
765
1281
1607
1812
2174
2572
3097
3267
2900
2322
1702
1397
1220
1029
500
-161
-700
-1109
-1483
-1969
-2531
-3051
-3312
-3291
-2926
-2335
-1956
-1731
-1284
-824
-302
374
1207
1896
2620
3342
4060
4838
5463
5925
6432
6793
6906
7014
6931
6514
6033
5481
5217
5221
5176
4886
4278
3753
3100
2561
2041
1516
1029
788
898
1144
1161
842
278
-280
-392
-355
-175
-191
-216
-62
66
128
15
-177
-339
-245
117
701
1226
1601
1464
833
43
-844
-1247
-1236
-1008
-729
-797
-1396
-2283
-3503
-4916
-6332
-7565
-8430
-8810
-8761
-8540
-8535
-8786
-9428
-10024
-10176
-9653
-8533
-7142
-5710
-4598
-3398
-2455
-1666
-968
-484
56
856
1954
3012
3992
4576
4542
4052
3390
2981
2701
2627
2583
2623
2594
2418
1992
1413
700
57
-301
-138
239
686
1047
1200
1219
1235
1467
2045
2747
3454
4151
4400
4605
4600
4689
4532
4369
4275
4037
3786
3533
3375
3366
3376
3034
2720
2460
2178
1933
1813
1579
1232
932
527
343
34
-356
-552
-948
-1254
-1617
-1821
-2085
-2377
-2536
-2832
-3257
-3586
-3649
-3633
-3614
-3458
-3232
-2922
-2638
-2208
-1761
-1669
-1345
-839
-339
226
702
947
907
736
656
758
904
835
756
653
335
-89
-787
-1538
-2359
-2848
-3110
-3267
-3247
-3177
-3329
-3693
-4180
-4669
-4932
-4916
-4621
-4137
-3680
-3366
-2770
-2005
-1279
-586
86
662
1284
2164
2978
3753
4201
4534
4748
4799
4801
4627
4372
4128
3695
3338
3264
3071
2794
2385
1870
1391
1061
844
649
609
508
330
169
-63
-183
-352
-348
-161
-79
64
93
162
254
421
670
815
791
872
1075
1151
1151
1044
826
429
165
222
292
371
276
99
-112
-442
-938
-1585
-2389
-3116
-3679
-3919
-3966
-3785
-3808
-3968
-3918
-3926
-3589
-3128
-2529
-2078
-1611
-1134
-638
-88
339
843
1316
1749
1925
2054
2038
2073
2276
2462
2646
2649
2437
2097
1756
1288
712
-10
-599
-1097
-1448
-1619
-1822
-2299
-3173
-4130
-4769
-4888
-4772
-4591
-4320
-3928
-3307
-2440
-1527
-798
-405
-115
219
1068
2290
3385
4372
4804
4982
5001
5075
5182
5020
4666
4311
4128
4053
3817
3036
2057
911
1
-208
-127
-5
-128
-638
-1276
-1740
-2151
-2440
-2630
-2786
-2593
-2111
-1423
-786
-441
-293
-325
-202
114
445
698
1032
1438
1533
1352
1046
606
-28
-391
-398
-231
-27
125
-20
-252
-486
-884
-1196
-1461
-1405
-1175
-1001
-879
-901
-1259
-1835
-2216
-2192
-1900
-1304
-678
-129
127
302
567
496
445
244
185
573
1428
2309
2434
1908
1111
236
-417
-676
-1010
-1400
-1808
-1779
-1603
-1653
-2089
-3229
-4706
-5760
-5787
-4903
-3899
-3282
-3458
-3913
-3826
-3012
-1900
-875
-19
840
1832
3018
4255
4573
4326
3747
3369
3726
4340
4824
4630
3763
3082
2650
2293
1841
1126
165
-638
-783
-621
-266
-490
-1192
-1763
-1890
-1581
-1159
-1009
-1408
-1870
-2077
-1574
-737
-187
142
204
348
749
1242
1553
1606
1588
1955
2776
3431
3661
3456
2882
2405
2467
3188
3871
3865
3295
2653
2072
1625
1197
908
630
579
865
1002
890
291
-622
-1252
-1150
-587
49
261
-303
-1236
-1695
-1354
-573
168
96
-751
-1782
-2340
-2298
-2238
-2554
-3150
-3699
-3991
-3836
-3620
-4018
-4962
-5923
-6144
-5456
-4165
-3240
-3211
-3718
-3948
-3162
-1652
-181
638
635
663
1051
1947
2930
3463
3498
3219
3058
3294
3535
3223
2197
892
165
82
284
62
-1036
-2439
-3626
-3996
-3712
-3020
-2702
-2946
-3000
-2776
-2094
-1517
-1533
-1613
-1331
-418
1070
2303
2877
2709
2232
2023
2434
3335
4052
4422
4505
4350
4174
4068
3753
3232
2925
3174
3701
4342
4873
4729
4130
3331
2929
2823
2873
2997
3081
2982
2876
2872
2526
2229
1907
1556
1132
689
33
-653
-880
-897
-891
-1304
-2366
-3884
-5148
-5784
-5948
-6051
-6302
-6717
-7155
-7431
-7432
-7486
-7786
-8151
-8019
-7032
-5559
-4191
-3662
-3964
-4304
-3788
-2208
-316
1146
1725
1671
1564
1962
2994
3885
4239
3850
3410
3191
3221
3030
2333
1389
531
114
26
-31
-716
-2258
-3728
-4383
-4235
-3618
-3108
-3084
-3481
-3979
-3942
-3362
-2654
-1726
-671
450
1576
2752
3762
4378
4747
5475
6389
7401
8501
9000
8715
8056
7503
7225
7198
7204
6726
6207
5710
5375
5188
4804
4575
4388
4223
4199
4185
3981
3685
3364
2951
2539
2246
1602
819
-131
-794
-824
-683
-855
-1637
-2929
-4425
-5427
-5721
-5833
-6390
-7553
-8732
-9596
-9766
-9586
-9559
-10025
-10638
-10520
-9524
-8285
-7269
-6859
-6968
-6711
-5582
-3490
-1518
-192
38
77
429
1382
2709
3753
4161
3849
3413
3079
2764
2226
1409
717
652
967
1273
603
-1111
-3145
-4507
-4677
-3999
-3091
-2812
-3123
-3573
-3574
-3214
-2747
-2226
-1553
-713
536
2123
3101
3456
3545
3915
4793
6159
7616
8254
8208
7918
8042
8500
9131
9518
9419
9280
9459
9799
9858
9344
8363
7372
6820
6977
7195
7081
6569
5779
5069
4479
3657
2490
1096
151
30
266
85
-1037
-2920
-5105
-6643
-7318
-7417
-7713
-8512
-9687
-10695
-10939
-10890
-11060
-11561
-11892
-11247
-9940
-8527
-7674
-7548
-7544
-6875
-5062
-2600
-578
96
-27
-173
561
1824
3107
3886
3703
3178
2532
2100
1598
877
153
-215
-99
53
-435
-1793
-3593
-5111
-5601
-5073
-4344
-4372
-5059
-6009
-6491
-6013
-4797
-3617
-2765
-2142
-1129
-4
1257
2550
3529
4834
6421
8240
9384
9572
9082
8671
8967
9856
10762
10960
10424
9551
8973
9115
9453
9374
9092
8567
8218
8406
8671
8515
7330
5856
4800
4109
3769
3565
3104
2334
1215
60
-1036
-2456
-4064
-5435
-6639
-7471
-8306
-9469
-10763
-11892
-12646
-13141
-13409
-13294
-12791
-11859
-10792
-10075
-9656
-9249
-8666
-7371
-5066
-2593
-801
48
318
819
1940
3418
4691
5071
4702
4072
3769
3926
3685
2618
1030
-543
-1600
-1905
-2117
-3217
-5069
-6606
-7145
-6560
-5719
-5673
-6594
-7701
-7870
-6637
-4505
-2866
-2331
-2331
-2237
-908
1289
3426
4892
5203
5503
6201
7669
9079
10002
10488
10800
11167
11715
12037
11778
11178
10704
10478
10487
10426
9855
8862
7780
7211
7008
6754
5937
4657
3581
3481
4016
4116
3191
1337
-588
-1573
-1337
-749
-1196
-3248
-5874
-7683
-7783
-7196
-7075
-8263
-10438
-11906
-11694
-10453
-9465
-9742
-10918
-11690
-10943
-8472
-5781
-4198
-4044
-4085
-3392
-1818
-60
1032
1337
1507
2116
2932
3577
3408
2530
1733
1881
2491
2633
1686
-104
-1762
-2697
-2632
-2452
-3128
-4437
-5799
-6313
-5959
-5290
-4844
-4814
-5008
-4910
-4256
-3485
-2534
-1743
-573
986
2551
3671
4044
4132
4594
6222
8325
10060
10694
10158
9315
9183
10257
11726
12729
12707
12155
11464
11009
10555
9483
7775
6151
5687
6007
5971
4577
1729
-1321
-2996
-2706
-2022
-2513
-4775
-7709
-9169
-8680
-7376
-6940
-8327
-10526
-11575
-10555
-8401
-6904
-6800
-7615
-7854
-6554
-3677
-1203
-415
-882
-1418
-438
1626
3520
4360
3721
2498
1891
2306
3160
3502
2832
1575
518
-132
-508
-1047
-2039
-3103
-3814
-3922
-3963
-4385
-5112
-5890
-6425
-6384
-5810
-5250
-4769
-4482
-4119
-3418
-2521
-1656
-976
-577
-83
684
1877
3117
4214
5123
5863
6632
7215
7628
7773
8011
8667
9338
10079
10282
9870
8869
7979
7291
6935
6747
6446
5883
4423
2262
117
-1366
-2241
-2339
-2494
-3989
-6216
-8303
-9437
-9231
-8643
-8795
-9908
-11284
-11702
-10302
-8006
-6227
-5674
-6143
-6132
-4635
-1766
1210
2543
2370
1582
1743
3352
5341
6899
7086
6145
4947
4559
4782
5181
5104
4272
3096
2074
1553
1123
611
-224
-1056
-1839
-2342
-2853
-3633
-4456
-5075
-5271
-4923
-4146
-3506
-3111
-3006
-3053
-2672
-1720
-744
167
618
468
475
884
1811
2962
4243
5134
5646
5702
5781
6007
6452
7168
7866
8381
8280
7834
6782
5591
4965
4984
5270
4741
2932
335
-1835
-3218
-3356
-3320
-4633
-7094
-9614
-10906
-10521
-9800
-10130
-11763
-14036
-15021
-14150
-12244
-10861
-10950
-11874
-12040
-10286
-6917
-3184
-997
-603
-763
-56
2369
5580
8124
9315
9144
8274
8128
9144
10625
11562
11357
10220
8770
7564
6998
6850
6399
5303
3766
2143
822
208
39
-380
-1391
-2649
-3506
-3859
-3841
-3441
-3220
-3343
-3553
-3505
-2958
-2233
-1532
-1031
-305
513
1543
2449
3015
3290
3638
4356
5297
6388
7198
7458
7493
7166
6716
6429
5738
5420
5455
5847
5466
3775
1274
-618
-1538
-1661
-1647
-3214
-6224
-9070
-10298
-10071
-9327
-9822
-11847
-14260
-15539
-14718
-12736
-11648
-12287
-13828
-14588
-13259
-10185
-6503
-4403
-4400
-5429
-5398
-3142
647
4301
6519
6540
5497
5271
6421
8539
10582
11630
11297
10411
9765
9808
10384
10700
10307
9283
8067
6940
6252
5959
5520
4820
3770
2717
1823
1306
1003
553
-20
-419
-409
-325
-89
-21
-282
-666
-898
-542
446
1524
2109
2458
2630
2865
3421
4154
4886
4978
4539
4098
3714
3360
3446
3681
3816
3334
1883
-289
-2063
-2515
-2566
-2519
-3897
-6580
-9313
-10858
-10943
-10562
-10896
-12753
-15004
-16494
-16320
-15023
-14164
-14353
-15351
-15943
-15051
-12793
-9891
-7741
-6971
-6758
-5969
-3939
-960
1701
3439
4020
3738
4054
5357
7387
9327
10248
9822
8809
8213
8336
9117
9797
9765
9007
7757
6733
6414
6321
6455
6349
5655
4726
4105
4011
4177
4181
3805
3287
3006
3138
3449
3634
3395
2709
2185
2272
2914
3668
3980
3896
3353
3338
3641
4201
4390
4259
4035
3685
3682
3453
2788
2083
1968
2257
2211
990
-1020
-2829
-3661
-3588
-3559
-5296
-8385
-11110
-12377
-11916
-11128
-11515
-13527
-15931
-17181
-16650
-15275
-14559
-15113
-16335
-16679
-15231
-12561
-9781
-8243
-7959
-7900
-7096
-4747
-1638
935
2395
2874
2947
3696
5509
7587
8956
9305
8951
8594
8676
9751
10831
10987
10194
8790
7578
7174
7515
8013
7931
6735
5011
3667
3122
3460
3950
3758
3008
2028
1673
2259
2992
3565
3511
3197
3274
3855
4568
5060
5171
5250
5360
5785
6548
7045
7050
6839
6533
6310
6134
5675
4867
3798
3152
3027
2954
2056
234
-1822
-3515
-4392
-4853
-6194
-8246
-10495
-11826
-12134
-12295
-12916
-14610
-16567
-17664
-16942
-15282
-14241
-14272
-15043
-15296
-14275
-12186
-9687
-7969
-7376
-7297
-6498
-4385
-1865
301
1260
1345
1366
2288
4146
6087
7486
7861
7617
7150
7169
7916
8853
9070
8489
7705
7078
6938
7068
7271
6919
5788
4760
4278
4522
5015
5076
4241
2741
1625
1501
2189
3100
3378
2756
1896
1240
1299
1889
2638
3106
3270
3199
3345
3578
4010
4768
5006
5008
4786
4616
4328
4287
4025
3888
3852
3941
4037
3008
967
-921
-1807
-1966
-1545
-2487
-4671
-7406
-9413
-9797
-9450
-9663
-11021
-13151
-14804
-14907
-13814
-12891
-13089
-13967
-14566
-13766
-12036
-9958
-8636
-8254
-7855
-6930
-4993
-2662
-701
640
1539
2452
3428
4750
6059
7161
7962
8386
8501
8584
8948
9284
9058
8527
7788
7195
7056
7175
6927
6035
4868
3903
3646
3931
4325
4119
3178
1971
1319
1558
2244
2680
2511
1678
817
734
1379
2228
2799
2509
1674
1022
896
1725
2769
3512
3391
2704
1971
2260
3070
3731
3530
2326
1243
1202
1541
1141
-238
-2276
-3892
-4494
-4035
-4239
-5728
-7774
-9288
-9614
-9201
-9246
-10305
-11884
-12746
-12235
-10970
-10066
-10738
-11907
-12551
-11793
-9724
-7518
-6105
-5950
-6352
-6213
-4594
-2060
602
2465
3121
3051
3389
4640
6665
8175
8863
8754
8175
8350
9175
10038
10039
9085
7767
6860
6689
7045
7235
6598
5448
4151
3496
3452
3342
2865
1855
922
631
1159
1815
1870
1310
603
348
537
1160
1642
1968
1816
1546
1900
2781
3752
4281
4237
3679
3421
3949
4942
5433
4957
3074
1549
933
1485
2426
1451
-1201
-3972
-5584
-5792
-4939
-5459
-7549
-10090
-11767
-11881
-11333
-11416
-12650
-14048
-14944
-14502
-13483
-12961
-13148
-13682
-13480
-11950
-9662
-7460
-6303
-5961
-5489
-4149
-1545
1584
3897
4692
4719
4467
5331
7427
9720
11178
11083
10009
9311
9398
10366
11300
11061
9647
8116
7222
7117
7375
6926
5722
4141
2814
2372
2304
2163
1462
406
-488
-691
-199
325
166
-328
-898
-1144
-804
-17
774
1208
1524
1679
2097
2543
3553
4475
4882
4939
5121
5845
6508
6533
5986
4710
3648
3652
4174
4015
1932
-1243
-3693
-4559
-4326
-4230
-5860
-8957
-11670
-12579
-12171
-11726
-12527
-14493
-16476
-17423
-16491
-15009
-14339
-14943
-15935
-15998
-14390
-11854
-9476
-7996
-7535
-6928
-5406
-2677
339
2627
3841
4436
5193
6685
9001
10874
11646
11388
11019
11229
11986
12788
12621
11328
9606
8662
8832
9493
9652
8569
6546
4695
3930
4178
4562
4148
2695
930
-339
-359
309
867
638
-474
-1468
-1816
-1235
-195
692
901
424
-8
231
1350
2918
4056
4230
3970
4106
5148
6378
7010
6498
5203
4335
4566
5318
4984
3144
393
-1202
-1617
-1343
-1786
-4299
-7662
-10137
-10904
-10478
-10359
-12044
-14539
-16652
-17465
-16497
-15246
-15011
-15712
-16623
-16374
-14539
-11999
-9805
-9001
-8902
-8451
-6948
-4073
-1139
661
1264
1285
1761
3417
5653
7394
8329
8422
8338
8841
9885
10954
11053
10227
9456
9282
9783
10237
10043
9082
7538
6550
6491
6924
6910
5953
4484
3244
3034
3459
3826
3278
1828
193
-666
-411
406
1222
1312
694
-66
-261
402
1354
2178
2798
2880
3179
3872
4722
5068
4606
3664
3311
4019
5136
5280
3565
1170
-473
-931
-329
-193
-2108
-4903
-7208
-8122
-8004
-8004
-9383
-11770
-14082
-15112
-14803
-14050
-13912
-15029
-16252
-16475
-15189
-12818
-10543
-9604
-9663
-9808
-8600
-5848
-2838
-729
-96
-109
235
1971
4675
6950
7954
7670
7214
7524
8764
10374
11005
10242
8783
7807
8030
8705
9216
8750
7201
5522
4817
5376
5954
5850
4638
2971
1865
1953
2509
2827
2240
977
273
293
1103
2014
2565
2373
1840
1505
2407
3785
5319
6051
5821
5022
4732
5762
6777
7437
6168
4607
3760
4344
4984
4160
1610
-1189
-2716
-3159
-2720
-3462
-5588
-8166
-9677
-9939
-9466
-9948
-11622
-13877
-15585
-15645
-14889
-14282
-14389
-14969
-15258
-14336
-12161
-9583
-7831
-7613
-7955
-7419
-5314
-2240
109
1016
913
633
1385
3361
5689
7129
7341
7038
7115
7863
9330
10380
10003
8554
7179
6974
7779
8805
9025
7908
6003
4596
4634
5297
5558
4632
2868
1492
1359
1997
2645
2362
1346
303
-84
603
1314
1744
1522
949
791
1325
2451
3491
3995
4212
4181
4745
5687
6760
7091
6165
5044
4523
4828
5173
4504
2543
405
-1284
-2179
-2414
-3604
-5744
-7950
-9730
-10429
-10780
-11672
-13264
-15004
-15912
-15824
-15326
-15329
-15788
-16212
-15788
-14184
-11994
-9891
-8665
-8426
-7818
-6305
-3645
-565
1539
2601
3035
3494
4804
7014
8997
9875
9636
8878
8595
9035
10139
10894
10406
9101
7759
7314
7872
8454
8401
7178
5649
4482
4304
4911
5161
4605
3108
1773
1587
2066
2611
2306
1220
256
117
689
1591
2161
1797
1078
925
1699
2615
3793
4308
4006
3191
3030
3848
5071
5615
4724
3502
2385
2792
3646
3424
1705
-572
-2382
-3154
-2851
-3477
-5083
-7000
-8753
-9626
-10150
-11143
-12660
-14367
-15554
-15605
-15372
-15703
-16347
-16778
-16487
-14975
-13138
-11631
-11035
-10888
-9767
-7640
-4817
-2147
-683
-57
904
2602
4975
7703
9580
10288
10290
10388
11119
12366
13584
13874
13206
11880
10992
10909
11343
11599
11129
9894
8214
6947
6632
6775
6563
5405
3727
2395
2036
2148
2244
1730
577
-498
-577
78
1045
1756
1598
1023
587
1038
2075
3094
3560
3273
2772
2941
3527
4239
4258
3205
2001
1416
1527
1764
1200
-374
-1924
-3575
-4832
-5479
-6716
-8109
-9294
-10618
-11590
-12607
-13984
-15508
-16727
-17164
-16641
-16124
-16379
-16837
-17103
-16264
-14657
-12863
-11599
-11122
-10627
-9014
-6383
-3826
-1968
-1248
-735
303
2317
4961
7429
8620
8907
8992
9741
11430
13285
14488
14477
13680
12693
12578
13158
13801
13948
13269
11663
10177
9485
9465
9611
9103
7684
5689
4140
3911
4370
4364
3583
2126
816
503
1106
2100
2651
2230
1699
1328
1907
2986
3803
4080
3787
3399
3290
3565
3930
3983
3737
3539
2950
1719
88
-1035
-1523
-2399
-3847
-5767
-8317
-10223
-10935
-11224
-11824
-13632
-16120
-18231
-19338
-19123
-18092
-17575
-18521
-20057
-20885
-19733
-17040
-14190
-12532
-12358
-12729
-11668
-8614
-4487
-1423
-542
-720
-335
1668
4914
8125
9656
9553
8915
9331
11045
13146
14501
14162
12882
11830
12037
13230
14047
13688
12432
11129
10361
10518
11035
11030
10190
8579
6948
6174
6461
7041
7218
6272
4888
3669
3310
3643
4415
4758
4058
3071
2585
2956
3723
4338
4175
3644
3507
3525
3741
3621
2756
2231
2332
2598
1917
430
-1324
-2153
-2829
-3538
-4953
-7756
-10327
-11604
-11916
-12260
-13806
-16499
-18821
-20025
-19719
-18731
-18515
-19499
-20827
-21560
-20619
-18339
-15690
-13927
-13773
-13942
-12944
-10397
-6831
-3457
-2227
-2022
-1700
109
3229
6382
7829
7918
7747
8220
10253
12336
13890
14088
13069
12373
12678
13611
14299
14017
12680
11255
10522
10803
11566
11588
10627
9223
7826
7022
7524
8134
8211
7371
6074
5193
5146
5516
5968
5776
4701
3815
3739
4536
5263
5376
4887
4307
3869
3801
4152
3964
2802
2003
1788
2285
2269
833
-1175
-2595
-3735
-4507
-4946
-6977
-9562
-11603
-12442
-12574
-13330
-15219
-17448
-19006
-19498
-19087
-18616
-19128
-20353
-20889
-20253
-18547
-16752
-15125
-14603
-14405
-13418
-11607
-8494
-5393
-3692
-3027
-2298
-1042
1194
3989
5765
5935
5836
6226
7916
10238
11919
12278
11584
10923
11226
12567
13904
14413
13714
12400
11393
11363
12107
12875
12517
11299
9759
8655
8806
9341
9360
8446
6753
5397
5094
5903
6716
6724
5580
4215
3673
4468
5881
6621
6412
5098
4053
3603
4181
4624
4436
3671
2749
2472
2145
1654
752
-227
-1988
-3486
-4938
-6830
-8527
-9923
-10981
-12173
-14009
-16529
-18309
-19209
-19177
-18859
-19139
-20361
-21328
-21263
-19753
-17644
-16152
-15414
-15384
-14605
-12610
-9717
-6640
-4769
-4031
-3478
-2334
-67
2661
5228
6469
6328
6048
6566
8276
10071
11042
11012
10174
9683
10289
11628
12273
11835
10859
9954
9501
9676
10394
10355
9470
8703
8098
8062
8366
8402
8036
7113
6376
6147
6391
6543
6668
6198
5188
4379
4302
4758
5437
5687
5447
4979
4420
4132
4198
4135
3662
3280
3345
3249
2283
1177
344
211
-426
-1507
-3241
-5992
-7925
-8961
-9346
-10133
-12237
-15266
-17693
-18617
-18474
-17912
-18518
-20118
-21582
-21843
-20126
-17730
-15702
-14723
-15093
-14861
-12978
-9938
-6585
-4374
-3595
-3220
-2325
-379
2519
5116
6511
6812
6832
7442
8841
10533
11777
11952
11406
11063
11255
12108
12657
12616
12040
11169
10571
10246
10264
10135
9354
8609
7892
7414
7545
7324
6664
5887
5253
5003
5305
5489
5573
5330
4473
4082
4133
4762
5371
5617
5439
5177
4696
4748
4561
3759
3519
3492
3504
2440
934
-541
-1003
-1745
-2794
-4375
-7229
-9348
-10432
-10802
-11170
-12770
-15572
-18108
-19634
-19684
-19208
-19233
-20394
-21488
-21711
-20636
-18510
-16521
-14940
-14473
-13864
-12361
-9854
-7017
-4686
-3265
-2434
-1200
496
2706
4726
5947
6585
7126
8247
9771
10945
11256
10942
10528
10685
11382
12361
12633
11727
10672
10121
10227
10600
10880
10364
9250
8353
7971
8330
8801
8677
7935
6788
5972
5990
6636
6804
6611
6231
5322
4977
5358
6131
6752
6486
5921
5188
4864
4929
5100
4352
3507
3038
2958
2733
1380
-32
-1166
-1795
-2846
-3929
-5827
-8090
-9456
-10008
-10560
-11812
-14095
-16785
-18736
-19394
-18863
-18506
-19479
-21406
-22497
-22159
-20114
-17707
-16144
-15764
-16081
-14919
-12030
-8630
-5912
-4606
-4012
-3101
-1284
1516
4116
5567
5990
6281
7048
8801
10820
11732
11490
10646
10252
10936
12334
13482
13291
11948
10787
10715
11227
11641
11332
10162
8880
8135
8239
8698
8775
8264
7109
6219
6027
6168
6696
6814
6658
6314
5786
5505
5850
6801
7363
7553
6888
6469
6168
6003
6089
5269
4861
4670
4455
2961
1019
-515
-806
-1117
-2163
-4164
-7266
-9588
-10590
-10720
-11283
-13253
-16634
-19372
-20764
-20620
-19931
-20260
-21904
-23799
-24546
-23411
-20974
-18694
-17626
-17933
-17650
-15624
-12089
-8527
-6306
-5376
-5067
-3656
-825
2282
4853
6073
6281
6766
8145
10313
11862
12255
11690
11175
11639
12821
14173
14490
13414
12012
11249
11497
11983
11722
10956
9503
8357
7988
8119
8737
8489
7551
6616
5898
5712
6124
6332
6318
6274
5620
5609
5782
6573
7419
7739
7900
7894
7714
7192
7077
6233
5922
5853
6047
6030
4418
2460
1204
852
160
-878
-3291
-6465
-8715
-9713
-10325
-11320
-13740
-17118
-19867
-21002
-20887
-20532
-21464
-23798
-25286
-25388
-23642
-21196
-19589
-19277
-19730
-18602
-15610
-12088
-9190
-7917
-7452
-6538
-4249
-1102
1745
3586
3840
4054
5296
7478
10266
11754
11556
10811
10674
11832
13665
14980
14294
12461
10875
10664
11740
12488
11913
10143
8361
7435
7816
8446
8381
7231
5594
4593
4714
5280
5481
5121
4638
4179
4165
4543
5299
5778
5865
5947
6175
6826
7405
7738
7883
7341
6196
6129
6755
7380
6750
4923
2883
1380
442
-215
-1223
-3786
-6397
-8504
-9645
-10214
-11450
-13821
-16846
-19169
-20116
-20249
-20740
-22121
-23815
-24883
-24447
-22717
-20959
-19989
-19932
-19548
-17713
-14865
-11683
-9259
-7809
-6884
-5346
-2931
-106
2554
4161
5240
6227
7764
9730
11369
12159
12119
11978
12139
13008
14157
14545
14064
12913
12354
12487
12324
12071
11235
9939
8816
8371
8209
8108
7394
6197
5268
4621
4507
4719
4803
4481
3900
3208
3226
3742
4555
5143
5378
5492
5556
5967
6688
7296
7014
6179
5968
6524
7341
7007
5777
3969
2852
2075
1304
32
-2459
-4806
-6626
-7596
-8493
-10141
-12927
-15711
-17677
-18556
-18808
-19333
-20896
-22694
-23857
-23797
-22319
-20505
-19545
-19897
-19898
-18422
-15699
-12430
-9969
-8889
-8179
-6998
-4622
-1493
1251
2758
3562
4524
6009
8188
10305
11562
11815
11889
12321
13309
14641
15255
14939
13997
13591
13660
13834
13531
12380
10858
9492
8700
8404
8319
7623
6144
4694
3726
3436
3620
3649
3298
2833
2119
1914
2695
3699
4532
4620
4447
4509
5000
5830
6783
7076
6201
5194
5383
6337
6999
6354
4649
3000
2153
1689
1260
-198
-2990
-5560
-7235
-8108
-8895
-10714
-13633
-16097
-17870
-18767
-19016
-19605
-21145
-22871
-23776
-23338
-21558
-19725
-18594
-18749
-18717
-17210
-14359
-10749
-8517
-7831
-7486
-6217
-3431
67
3032
4206
4523
4926
6595
9215
11456
12398
12063
11829
12414
13674
14985
15493
14797
13775
12970
12950
13290
13077
12179
10826
9698
8878
8746
8633
7696
6177
4535
3820
3802
4089
4324
3745
2516
1460
1457
2466
3627
4006
3692
3391
3450
4185
5476
6289
6161
4978
4500
5127
6369
6686
5524
3615
2106
1407
1416
1389
-622
-3544
-5893
-7270
-7811
-8617
-10751
-13455
-15924
-17496
-18117
-18316
-19176
-20659
-22052
-22514
-21768
-20335
-18658
-18249
-18699
-18129
-16197
-13115
-10278
-8905
-8730
-8276
-6421
-3236
370
2423
2965
3282
4247
6935
9796
11648
12121
11804
12265
13413
14952
16303
16421
15276
14173
13912
14308
14900
14496
13222
11543
10071
9531
9654
9360
8278
6331
4892
4359
4535
4739
4309
3142
1834
1404
2037
3234
3617
3319
2979
2905
3534
4660
5432
5499
4575
4383
5073
6394
6890
5956
4119
2929
2407
2065
1710
-311
-3020
-5324
-6300
-6942
-8094
-10514
-13663
-15842
-16956
-17212
-17662
-19131
-21403
-23018
-22891
-21546
-19765
-18880
-19263
-19794
-19001
-16548
-13126
-10372
-9394
-9733
-9312
-6954
-3307
429
2214
2430
2373
3519
6407
9456
11314
11244
10343
10046
11482
13737
15532
15726
14342
12993
12728
13643
14755
14585
13096
11238
9925
9749
10069
9979
8856
6809
5176
4586
4856
5163
4746
3666
2371
1978
2819
4010
4391
3819
3104
3001
3767
4918
5826
5960
5339
4402
5027
6377
7731
7468
5592
3385
2277
2503
2708
2270
-408
-3810
-5899
-6518
-6921
-7998
-10783
-14098
-16406
-17083
-16771
-17059
-18650
-21060
-22878
-22934
-21159
-19434
-18658
-19202
-20303
-19708
-16821
-13121
-10493
-10000
-10613
-10097
-7208
-2758
929
2385
1962
1682
3363
6899
10558
12293
11901
10523
10410
12243
14929
16894
16535
14432
12496
12445
13875
15187
14889
12886
10396
8970
8983
9834
10063
8603
6217
4372
4184
4873
5521
4825
3184
1763
1718
2697
3720
3984
3245
2656
2871
4027
5557
6734
6497
5789
4762
4906
6346
7557
7570
5873
3555
2047
2358
2728
2100
-51
-3381
-5809
-6572
-6841
-7707
-10122
-13777
-16800
-18140
-17892
-17736
-18781
-20962
-23029
-23671
-22436
-20254
-18902
-19228
-20472
-20561
-18102
-14325
-10995
-9799
-10108
-9960
-7800
-3838
52
2412
2653
2229
3338
6373
10112
12455
12394
11363
10912
12136
14866
17071
17247
15430
13109
12494
13638
14973
15038
13338
10252
8103
8003
9130
9895
8753
5970
3499
2688
3558
4796
4545
2822
912
386
1453
3196
4077
3784
2960
2604
3667
5457
6895
6928
6046
5118
5162
6353
7579
7995
6477
4182
2488
2447
2797
2551
827
-2475
-5232
-6831
-7214
-7596
-9366
-12775
-16350
-18046
-18041
-17443
-17897
-20115
-22730
-23963
-22986
-20724
-18946
-18780
-20133
-20770
-18923
-15298
-11823
-9873
-9750
-9837
-8182
-4794
-669
2376
3077
2901
3438
6107
9867
12537
13341
12416
11417
12234
14647
16967
17702
16009
13350
12162
12923
14330
14664
12742
9759
7391
6966
8066
8835
7970
5166
2430
1427
2218
3567
3660
2144
-22
-815
-39
1652
2869
2882
1905
1470
2524
4666
6708
7099
6496
5598
5310
6216
7821
8913
7938
5659
3767
3113
3504
3322
1827
-1470
-4930
-6845
-7225
-7134
-8531
-11881
-15669
-17811
-17993
-17484
-17618
-19385
-21963
-23336
-22812
-20755
-18593
-17961
-19002
-19994
-18659
-15349
-11520
-9087
-8741
-8817
-7766
-4438
-241
2987
4062
3789
4298
6658
10276
13043
14200
13557
12720
13308
15296
17590
18074
16354
14064
12818
13188
14247
14434
12950
10117
7741
6993
7548
8277
7491
5273
2722
1441
1683
2764
3023
1596
-351
-1625
-1098
643
1907
1988
1121
438
1149
2930
4933
6097
5950
5184
5174
5228
6156
7205
7385
6062
3831
2282
1917
2229
1836
274
-3007
-6430
-8063
-7975
-8036
-9435
-12864
-16573
-18514
-18394
-17294
-17090
-19098
-22144
-23813
-22930
-20396
-18081
-17544
-19062
-20063
-18377
-14363
-9915
-7357
-6980
-7261
-6146
-2685
1750
5142
6337
6085
6217
8231
11713
14747
15764
14785
13157
13223
15285
17506
18385
16860
14084
12202
12302
13763
14213
12485
9141
6275
5459
6401
7256
6395
3540
504
-592
584
2322
2475
634
-1570
-2244
-1021
951
2191
2046
1175
811
1869
4093
6106
6892
6237
5368
5075
5572
6858
7635
7179
5271
3032
1536
1446
1456
334
-2056
-5592
-8291
-9169
-9157
-9441
-11558
-15016
-18008
-18980
-18359
-17543
-18268
-20679
-22967
-23569
-21758
-19023
-17213
-17242
-18165
-18024
-15495
-11624
-8104
-6198
-5852
-5554
-3677
242
4512
7205
7717
7203
7769
10164
13827
16514
16760
15242
13858
14296
16322
18061
17897
15720
13117
11780
12616
13810
13254
10799
7514
5492
5427
6361
6742
5236
2360
129
-157
889
1918
1557
-224
-1803
-2237
-914
897
1829
1652
717
428
1759
3874
5592
6363
5526
4609
4234
4616
6043
7199
6948
4721
2224
776
939
1311
317
-2438
-6227
-8775
-9004
-8503
-8787
-11448
-15725
-18773
-19471
-18444
-17648
-18504
-20877
-23045
-23302
-21445
-18790
-17080
-16967
-17988
-17916
-14936
-10549
-6733
-5166
-5346
-5170
-3130
1366
5698
8015
7871
6815
7857
11140
15133
17272
16282
14129
13207
14506
16943
18319
17230
14176
11516
10992
12332
13331
12161
9073
5571
3760
4205
5535
6111
4140
647
-1641
-1372
657
2093
1208
-1247
-3121
-2806
-483
2020
2701
1640
311
140
2182
4894
6628
6227
4376
3443
3669
4881
6270
6425
4801
2331
265
-276
583
472
-1171
-4135
-7542
-9287
-9178
-8658
-9354
-12298
-15864
-18400
-18647
-17602
-17177
-18146
-20419
-21952
-21775
-19564
-16715
-15178
-15106
-15792
-15175
-12273
-8057
-4364
-2971
-3073
-2671
-570
3451
7499
9250
8872
8314
9355
12033
15053
16555
15747
14103
13301
14326
16140
17094
16202
13478
10978
10317
11275
12024
10960
8173
5203
3953
4613
5745
5698
3412
390
-1062
-368
1413
2248
753
-1602
-3235
-2683
-383
1361
1441
156
-917
-328
1782
4162
5125
4218
3097
2561
3525
4859
5379
4616
3197
1572
498
178
-14
-548
-2122
-4172
-6076
-7484
-7943
-8270
-9081
-10792
-13281
-15403
-16190
-15967
-15693
-16243
-17822
-19162
-19398
-18039
-15789
-14205
-13937
-14174
-13782
-11384
-7717
-4305
-2514
-2256
-1828
13
3274
6777
8951
9430
9022
9274
11146
13801
15726
15630
13886
12284
12622
14175
15526
15120
12725
10116
8878
9349
10252
9694
7499
4667
3030
3285
4275
4481
3129
764
-942
-835
546
1623
1091
-445
-1698
-1859
-494
1157
1542
780
-277
-590
520
2436
3663
3541
2456
1737
1869
2534
2695
2270
1463
718
-161
-964
-1886
-2701
-3616
-4656
-5689
-7084
-8373
-9360
-9831
-10372
-11537
-13398
-15091
-15893
-15739
-15130
-14981
-15565
-16363
-16519
-15232
-13127
-10994
-9685
-9153
-8641
-7336
-4714
-1774
467
1163
1498
2708
4998
7953
9983
10200
9539
9574
10813
12817
13886
13495
11930
10829
10946
12071
12929
12225
10493
8579
7721
8083
8637
8029
6073
3942
2884
2993
3293
2975
1832
224
-664
-326
614
1067
166
-1055
-1535
-962
311
1156
727
-359
-988
-375
1376
2585
2696
1940
1001
732
1349
1728
1302
530
-178
-486
-951
-1823
-2711
-3572
-4593
-5571
-6682
-7854
-8732
-9111
-9527
-10052
-11258
-13046
-14060
-13896
-13158
-12722
-12933
-13583
-13935
-13136
-11127
-9125
-7947
-7593
-7466
-6749
-4190
-1153
1161
2112
2030
2654
4475
7215
9592
10372
9653
8951
9585
11496
13346
13418
11799
9970
9295
10299
11804
12111
10261
7605
5798
5846
6820
7220
6279
4177
2208
1654
2179
2794
2657
1260
-247
-871
-496
488
807
-33
-1132
-1603
-1181
-286
169
-138
-793
-1270
-595
544
1199
1147
615
596
1173
1298
1069
-140
-1554
-1727
-1240
-895
-1947
-3974
-5644
-6092
-5715
-5322
-6103
-8193
-10011
-10364
-9435
-8417
-8588
-10341
-12298
-12612
-11221
-9294
-8234
-8756
-9959
-10250
-8617
-5754
-3471
-2924
-3757
-3788
-2038
1124
3925
4920
4710
4600
5557
7521
9610
10614
10081
8874
8557
9402
10826
11549
10863
9355
8308
8311
9125
9555
8913
7212
5295
4704
5227
5639
4995
3298
1318
434
757
1689
1845
848
-710
-1592
-1158
-169
9
-790
-1943
-2711
-2412
-1616
-1109
-1171
-1747
-2321
-2174
-1542
-564
64
-149
-769
-1314
-1352
-871
-660
-1406
-2471
-3233
-3304
-3358
-3728
-4353
-5111
-5678
-6011
-6295
-6878
-7365
-7503
-7421
-7347
-7470
-8054
-8457
-7889
-7198
-6750
-6614
-7053
-7241
-6507
-4884
-3232
-2438
-2081
-1853
-1050
767
2796
4147
4277
4063
4289
5417
6837
7721
7722
7046
6697
7226
8445
9542
9360
8076
6990
7023
8028
8940
8708
7124
5480
4592
4727
5409
5288
3987
2170
897
1142
1918
2097
1097
-688
-2051
-2286
-1419
-870
-1132
-2328
-3542
-3872
-3282
-2495
-2373
-2984
-3791
-4012
-3418
-2157
-1495
-1694
-2403
-2867
-2622
-1952
-1562
-2412
-3502
-3821
-3093
-2319
-2561
-3458
-4321
-4603
-4287
-3716
-3977
-4690
-5165
-5120
-4437
-4056
-4638
-5382
-5592
-5174
-4555
-4244
-4423
-4960
-5145
-4539
-3248
-2089
-1529
-1427
-1283
-380
1312
2997
3696
3607
3650
4064
5085
6347
7041
6852
6379
6354
7375
8478
9040
8381
7263
6650
6703
7278
7439
7010
5679
4610
4242
4607
4895
4166
2965
1797
1155
1185
1303
996
70
-1193
-2099
-2146
-1674
-1573
-2330
-3503
-4330
-4322
-3559
-3057
-3341
-3913
-4265
-4175
-3526
-2691
-2792
-3380
-3834
-3586
-2851
-2548
-2717
-3466
-3968
-3290
-1774
-1091
-1540
-2925
-3484
-2559
-1491
-739
-1287
-2719
-3363
-2617
-1310
-530
-1231
-2778
-3635
-3216
-2210
-1674
-2137
-3193
-3876
-3541
-2180
-806
-283
-822
-1561
-1289
313
2144
3050
2756
2203
2334
3477
5235
6628
6494
5530
5294
5927
7397
8366
8249
7132
6075
5976
6749
7461
7099
5917
4537
3966
4294
4858
4739
3599
1998
896
557
707
415
-529
-1661
-2794
-3014
-2820
-2824
-3216
-4242
-5060
-5143
-4787
-4603
-4507
-4913
-5380
-5479
-5288
-4585
-4225
-4491
-4656
-4391
-3573
-2619
-2111
-2179
-2559
-2303
-994
396
550
-164
-835
-572
561
1568
1775
809
-90
-129
503
1526
1619
315
-1300
-1888
-1240
-376
-47
-876
-2283
-3225
-2719
-1238
-107
5
-987
-1789
-1312
179
1703
2327
1962
1613
1847
3190
4919
5782
5382
4495
4313
5153
6600
7516
7143
5988
5107
5155
6005
6614
6157
4766
3320
2957
3527
3687
2994
1303
-449
-1167
-916
-663
-1125
-2471
-4048
-4683
-4412
-3696
-3620
-4377
-5236
-5929
-5921
-5383
-5082
-5504
-6231
-6784
-6584
-5727
-4924
-4376
-4423
-4387
-3703
-2577
-1346
-816
-1009
-1303
-757
537
1886
2144
1523
937
1298
2504
3499
3863
2911
1950
1840
2655
3647
3419
1937
265
-278
149
758
755
-334
-1964
-2752
-2207
-987
-318
-732
-1723
-2374
-1762
-22
1552
1840
1047
395
861
2642
4321
4829
4086
3028
3063
4460
6218
6799
5846
4125
3194
3761
4940
5754
5247
3489
1803
1072
1636
2309
1566
-194
-1963
-2828
-2605
-2244
-2483
-3575
-5372
-6348
-6211
-5712
-5530
-6191
-7079
-7346
-7184
-6738
-6261
-6333
-6724
-6972
-6392
-5525
-4788
-4381
-3936
-3137
-2093
-947
-113
169
471
937
1444
2584
3590
4134
4050
3649
3679
4721
5907
6325
5744
4255
3501
4034
5152
5795
4735
2338
542
466
1912
2714
1874
-397
-2347
-2715
-1591
-93
290
-661
-2328
-2885
-1523
855
2534
2337
1130
415
1029
2788
4450
4842
3544
2205
2283
3793
5395
5571
4098
2166
1407
2233
3583
4079
3034
896
-664
-630
234
469
-382
-2261
-3787
-4277
-3728
-3185
-3712
-4980
-6490
-7367
-7078
-6278
-6244
-7082
-8236
-8590
-8096
-7071
-6470
-6643
-7017
-6703
-5610
-4384
-3323
-2893
-2670
-1963
-645
666
1686
2370
2732
3238
3950
4360
5000
5888
6592
6787
6419
6353
6741
7226
7489
7365
6391
5536
5556
6074
6442
5919
4158
2322
1593
1722
1993
1383
72
-1611
-2532
-2104
-841
-462
-1012
-2200
-3078
-2278
-656
790
810
-323
-1284
-1207
145
1850
2237
1096
-251
-397
804
2198
2619
1453
-306
-1095
-513
770
1075
75
-1526
-2760
-2749
-1876
-1462
-2176
-3786
-5171
-5785
-5309
-4682
-4965
-5960
-7379
-8110
-7546
-6407
-5812
-6326
-7323
-7751
-7026
-5517
-4365
-4148
-4699
-5004
-4275
-2788
-1219
-611
-353
39
1063
2845
4427
5389
5647
5596
5976
6786
7466
8126
8572
8833
8535
8299
8135
8345
8746
8738
8282
7298
6600
6613
6898
6781
5846
4130
2679
2226
2703
2878
2073
219
-1533
-2019
-1323
-371
-393
-1301
-2905
-3584
-2916
-1707
-1231
-2074
-3197
-3870
-3188
-1683
-649
-881
-2220
-3101
-2519
-1112
-150
-571
-2002
-3309
-3334
-2319
-1207
-1109
-2175
-3585
-4350
-3825
-2809
-2553
-3431
-5114
-6275
-6190
-5435
-4601
-4792
-5899
-6747
-6701
-5617
-4587
-4364
-4862
-5550
-5480
-4409
-2997
-2223
-2208
-2565
-2440
-1248
339
1320
1515
1505
2198
3570
5070
6155
6344
6385
6868
7522
8488
8960
8818
8839
9114
9724
9662
9002
8678
8869
8977
8909
8285
7335
6692
6529
6631
6481
5506
3841
2716
2097
2098
1644
562
-1047
-2803
-3546
-3371
-3016
-3649
-5092
-6697
-7065
-6374
-5299
-5038
-5854
-6998
-7185
-6265
-4912
-4001
-4475
-5547
-5946
-4904
-3116
-2063
-2407
-3558
-4551
-4158
-2733
-1481
-1548
-2767
-4153
-4441
-3373
-2202
-2163
-3449
-4897
-5317
-4391
-2948
-2401
-3062
-4322
-4867
-4174
-2800
-2000
-2091
-2804
-2917
-2190
-1084
-80
164
-79
-335
149
1387
2792
3356
3376
3352
3864
5089
6531
7380
7405
7217
7477
8396
9477
9892
9210
8559
8756
9889
10561
10239
9231
8644
8748
9229
9412
8351
6893
5830
5381
5265
4668
2972
983
-535
-1122
-1477
-2161
-3325
-4833
-6080
-6552
-6587
-6732
-7235
-8605
-9502
-9222
-8333
-7372
-7342
-8051
-8589
-8229
-6967
-5509
-5164
-5734
-6373
-6008
-4625
-3176
-2723
-3174
-3598
-3337
-2198
-826
-460
-1040
-1762
-2071
-1396
-566
-241
-798
-1580
-1918
-1651
-958
-423
-605
-1311
-1880
-1829
-989
-276
-75
-639
-1279
-1041
-323
526
959
792
417
460
1251
2157
2901
3169
3235
3545
4287
5380
6239
6626
6720
7017
7786
8882
9571
9568
8940
8405
8062
8393
9289
9595
8626
7327
6558
6963
7494
7447
6209
3971
2363
2014
2682
2574
1045
-1641
-3831
-4693
-4279
-3963
-4675
-6691
-9027
-10148
-9774
-8624
-8495
-9457
-11046
-11953
-11412
-9699
-8138
-7934
-8749
-9339
-8695
-6761
-4759
-3877
-4141
-4737
-4251
-2531
-541
659
415
-313
-410
270
1830
2992
2920
1945
955
860
1799
2558
2280
1390
448
327
797
1349
1356
332
-723
-1103
-604
369
895
215
-808
-957
-381
690
1329
1116
575
717
1849
3141
3725
3389
2975
3191
4204
5388
5998
5982
5612
5651
6269
7005
7429
7512
7136
6577
6246
6102
6586
7026
6700
5502
4015
3357
3546
4078
3798
2537
472
-1072
-1162
-586
-302
-1493
-4011
-5900
-6403
-5897
-5306
-6041
-7736
-9666
-10508
-9659
-8169
-7424
-8075
-9268
-9736
-8418
-6214
-4614
-4476
-5524
-5942
-4854
-2638
-488
-121
-929
-1499
-914
976
2721
3018
2107
890
668
1683
2955
3378
2467
853
26
376
1231
1811
1221
-94
-1119
-1273
-577
278
424
-294
-1414
-1940
-1231
-260
83
-308
-1052
-1420
-1030
134
958
875
406
317
987
1789
2470
2680
2513
2431
2780
3384
3765
3731
3560
3470
3845
4344
4653
4469
4150
3952
4129
4549
4412
3781
2718
2291
2748
3368
3070
1906
651
286
840
1363
1312
288
-841
-1276
-429
476
312
-1061
-2639
-3295
-2709
-1867
-1914
-3052
-4697
-5374
-4736
-3480
-2877
-3612
-5002
-5806
-5135
-3446
-2227
-2389
-3554
-4263
-3721
-1966
-495
-659
-1791
-2765
-2341
-812
677
677
-733
-1768
-1702
-466
1166
1551
611
-619
-1153
-302
1047
1544
703
-669
-1266
-701
386
1066
572
-655
-1466
-1172
-58
848
658
-434
-1425
-1459
-753
94
292
-348
-1232
-1486
-670
367
953
658
26
242
1166
2270
2827
2260
1379
1001
1387
2543
3329
3174
2538
2338
3003
4059
4756
4899
4583
4064
4167
5241
6599
7201
6504
5306
4860
5574
6640
6844
5887
4103
3032
3275
4075
4190
2939
720
-1118
-1708
-1171
-871
-1639
-3592
-5871
-6772
-6350
-5554
-5752
-6906
-8663
-9647
-8836
-7253
-6463
-7162
-8475
-8994
-8019
-6175
-4830
-5008
-5935
-6278
-5243
-3120
-1382
-1039
-1850
-2527
-2031
-450
1095
1520
878
1
39
1179
2394
2711
2066
983
302
722
1562
1734
1026
-486
-1486
-1368
-877
-678
-1475
-2842
-3732
-3330
-2265
-1556
-2085
-3331
-3778
-2966
-1374
-166
5
-380
-496
607
2573
4157
4613
4188
4172
5002
6566
8028
8543
8247
7975
8377
9496
10641
10946
10496
9947
9874
10180
10684
10300
8710
6735
5994
6540
7022
6070
4028
2118
1452
1891
2252
1389
-907
-2866
-3627
-3203
-2796
-3724
-5896
-8049
-8849
-7942
-6917
-7191
-8922
-10876
-11543
-10335
-8664
-7969
-8801
-10468
-10971
-9553
-7175
-5587
-5888
-7357
-7484
-5952
-3276
-1332
-1149
-2043
-2673
-1829
292
2210
2388
1109
-265
-241
1352
3007
3079
1469
-458
-999
46
1390
1351
-73
-1747
-2383
-1593
-395
-67
-854
-2130
-2484
-1617
-374
570
407
-323
-525
674
2433
3796
4161
3818
3871
4874
6580
7946
8276
7651
7120
7538
8549
9485
9395
8437
7481
7369
8167
8642
8330
7120
5751
5410
5747
5863
5088
3391
1579
643
586
753
485
-541
-1978
-3201
-3523
-3228
-2810
-2679
-3439
-4535
-5154
-4859
-3859
-3341
-3797
-4937
-5618
-5399
-4371
-3448
-3380
-4495
-5992
-6468
-5700
-4426
-3881
-4810
-6393
-7188
-6735
-5335
-4559
-5067
-6432
-7669
-7354
-5663
-4270
-4285
-5497
-6524
-6085
-4391
-2691
-2394
-3186
-3842
-3239
-1473
430
1210
561
-354
-211
1268
3148
4315
4139
3504
3544
4701
6305
7381
7185
6270
5622
5859
7021
8032
8033
6890
5717
5407
5948
6572
6331
5190
3819
3275
3594
4185
4068
2925
1517
730
1075
1690
1650
920
-100
-423
-132
505
916
327
-769
-1274
-912
-201
61
-443
-1292
-1843
-1581
-931
-433
-695
-1284
-1580
-1239
-426
-120
-309
-684
-781
-446
-112
181
13
-214
-288
-407
-830
-968
-595
-256
-333
-874
-1289
-1124
-851
-828
-1531
-2375
-2791
-2644
-2177
-1900
-2473
-3743
-4688
-4797
-4248
-3768
-4023
-5221
-5911
-5550
-4530
-3600
-3333
-3736
-4219
-3782
-2511
-1129
-243
-208
-553
-407
630
1949
2744
2873
2675
2685
3189
4131
4738
4909
4421
3754
3638
4152
4748
4782
4295
3594
3494
3691
3884
3878
3242
2400
1873
1818
1919
1615
873
-11
-549
-571
-570
-731
-1185
-2003
-2554
-2795
-2543
-2147
-2361
-2905
-3156
-2896
-2116
-1408
-1184
-1371
-1335
-809
13
647
735
489
189
433
939
1327
1241
526
-273
-532
-388
-70
-155
-886
-1609
-1886
-1619
-1004
-632
-916
-1394
-1617
-1345
-675
-11
230
178
263
465
1203
1778
1954
1778
1286
1239
1829
2932
3399
3091
2349
2046
2601
3322
3326
2335
942
68
77
455
305
-733
-2376
-3710
-4007
-3430
-2913
-3340
-4698
-5890
-5792
-4774
-3668
-3439
-4085
-4903
-4943
-3856
-2434
-1764
-2118
-2501
-1954
-480
1105
2146
2210
1741
1898
2693
3934
4877
5027
4245
3685
3882
4842
5542
5078
4004
3016
2754
3242
3752
3472
2432
1095
461
483
802
508
-541
-1485
-1944
-1907
-1722
-1841
-2490
-3213
-3494
-3331
-2891
-2667
-2996
-3331
-3115
-2454
-1634
-1079
-932
-962
-875
-284
425
873
1031
733
545
727
1275
1779
1704
1151
485
346
530
799
521
-198
-998
-1453
-1441
-1453
-1703
-2207
-2559
-2566
-2132
-1845
-1723
-2074
-2403
-2392
-2098
-1415
-881
-676
-624
-330
46
587
958
1257
1299
1253
1660
2237
3118
3521
3080
2712
2690
3318
3808
3780
3113
2114
1720
2049
2644
2619
1766
499
-344
-142
307
518
-418
-1782
-2499
-2198
-1326
-844
-1175
-2101
-2657
-2556
-1279
5
237
-473
-1097
-807
369
1579
1944
1506
969
1028
1873
2823
3263
2917
2112
1719
1981
2765
3093
2802
2125
1591
1613
2110
2317
2076
1335
121
-471
-584
-604
-926
-1629
-2454
-3080
-3375
-3320
-3571
-4327
-5217
-5596
-5382
-5004
-5025
-5340
-5697
-5832
-5305
-4664
-4322
-4420
-4426
-4135
-3383
-2500
-1964
-1875
-2033
-1870
-1301
-423
161
205
98
159
688
1430
1991
2192
2220
2413
2856
3217
3432
3316
2976
2619
2731
3005
3146
3027
2588
2494
2499
2835
3082
2825
2424
2122
2090
2302
2460
2221
1823
1568
1771
2251
2472
2411
2380
2225
1972
1899
2147
2629
2736
2547
2291
2248
2385
2530
2121
1397
621
234
374
429
227
-518
-1340
-1994
-2090
-2065
-2262
-2845
-3740
-4233
-4160
-3831
-3574
-3590
-3841
-3844
-3601
-3101
-2489
-2154
-1986
-1966
-1896
-1359
-558
172
451
403
232
437
920
1284
1418
1122
919
969
1239
1193
1000
648
234
167
95
-4
-325
-791
-1091
-1309
-1487
-1648
-2003
-2285
-2399
-2458
-2543
-2692
-2786
-2746
-2693
-2594
-2425
-2399
-2339
-2165
-1947
-1476
-1046
-743
-489
-175
437
1034
1633
2127
2453
2905
3562
4323
4897
5040
4741
4643
4708
4987
5145
4867
4476
3866
3327
2922
2738
2411
1915
1067
154
-388
-569
-709
-1144
-1884
-2903
-3209
-3079
-2856
-2934
-3463
-3875
-3893
-3287
-2480
-2076
-2134
-2247
-1946
-1279
-368
535
838
894
1203
1851
2754
3544
3653
3392
3273
3453
3867
4442
4574
4224
3524
3042
3052
3000
2701
2000
1149
404
45
-123
-441
-1032
-1991
-2879
-3295
-3160
-3127
-3336
-4115
-4886
-4975
-4773
-4428
-4466
-4698
-4903
-4715
-4035
-3249
-2784
-2719
-2716
-2488
-1708
-653
-118
50
-103
115
835
1723
2372
2398
2261
2137
2473
3105
3590
3470
2994
2686
2684
3012
3111
2827
2322
1667
1353
1205
966
422
-262
-1071
-1542
-1752
-1896
-2171
-2706
-3158
-3396
-3243
-2836
-2584
-2748
-2996
-2880
-2299
-1693
-1315
-1103
-935
-549
218
889
1462
1492
1524
1658
2206
2794
3088
3079
2791
2810
3013
3398
3362
3145
2733
2479
2357
2228
2149
1670
1050
464
226
-92
-509
-927
-1494
-1967
-2349
-2319
-2438
-2609
-2929
-3378
-3417
-3230
-2911
-2760
-2907
-3131
-3079
-2719
-1925
-1373
-1390
-1519
-1323
-805
-277
51
250
294
525
882
1370
1768
2084
2064
1996
2113
2449
2743
2838
2766
2632
2365
2134
2002
1987
1845
1558
1303
880
575
661
761
506
127
-243
-366
-164
275
451
280
-121
-329
-219
68
245
138
-69
-250
-101
292
497
427
259
231
414
712
958
799
615
550
774
1075
1270
1173
823
788
920
1121
1112
823
452
223
158
220
245
63
-189
-494
-570
-481
-514
-916
-1432
-1948
-2350
-2464
-2598
-2750
-3033
-3304
-3429
-3413
-3087
-2865
-2829
-3028
-3101
-3123
-2917
-2787
-2794
-2747
-2838
-2740
-2577
-2286
-2073
-2153
-2286
-2375
-2433
-2016
-1321
-857
-763
-736
-568
-45
436
949
1046
831
919
1278
1672
1936
1910
1708
1720
1906
2200
2380
2459
2509
2354
2242
2323
2293
2190
2155
2255
2192
2295
2363
2344
2310
2307
2287
2464
2543
2566
2702
2566
2588
2804
3046
3170
3121
2846
2717
2735
2757
2710
2449
2153
1997
2079
2351
2430
2083
1433
1033
850
1042
1164
938
371
-284
-638
-629
-437
-571
-1002
-1625
-1980
-1976
-1809
-1624
-1942
-2639
-3307
-3565
-3245
-3072
-3401
-3917
-4331
-4434
-4355
-4112
-4115
-4424
-4661
-4550
-4177
-3804
-3521
-3634
-3783
-3582
-3034
-2398
-1884
-1554
-1485
-1013
-253
553
1295
1530
1417
1581
2159
2814
3259
3221
2892
2527
2520
2831
2950
2610
1888
1240
1045
1145
1217
918
387
-107
-288
37
245
31
-491
-948
-1080
-860
-637
-667
-946
-1293
-1442
-1187
-700
-360
-294
-486
-536
-307
170
747
894
633
565
689
974
1304
1525
1645
1533
1436
1688
1872
1997
1804
1296
869
542
438
318
8
-377
-688
-875
-842
-1006
-1295
-1594
-1908
-1990
-2188
-2399
-2572
-2743
-2741
-2765
-2742
-2764
-2688
-2620
-2528
-2354
-2222
-2026
-1748
-1424
-1053
-848
-649
-455
-413
-235
115
479
827
1064
1450
1728
1917
2058
2050
2126
1988
2025
2224
2521
2732
2582
2447
2324
2315
2455
2586
2508
2246
2058
1965
2137
2141
1853
1555
1261
1384
1583
1634
1618
1307
1024
949
903
1001
825
540
193
13
127
341
413
284
143
18
85
211
286
468
439
161
-153
-226
28
249
8
-424
-653
-768
-554
-440
-617
-1132
-1640
-1834
-1760
-1745
-1957
-2348
-2746
-2856
-2727
-2392
-2175
-2426
-2888
-3041
-3118
-2850
-2686
-2854
-2994
-3219
-3135
-2750
-2435
-2322
-2472
-2621
-2420
-1834
-1250
-906
-752
-734
-503
-106
266
577
625
721
837
1168
1465
1662
1705
1668
1563
1609
1844
1893
1946
1713
1470
1306
1300
1478
1551
1234
766
595
678
1091
1171
830
307
77
304
704
908
656
315
195
412
781
1108
1061
844
793
878
1072
1239
1098
866
658
774
1041
1182
1426
1385
1216
1031
1057
1216
1274
1331
1097
907
870
1171
1380
1418
1357
1132
1122
1190
1463
1639
1460
1174
1052
996
1101
1039
824
548
272
208
50
-171
-420
-821
-1145
-1384
-1429
-1644
-1889
-2116
-2347
-2414
-2554
-2583
-2879
-3256
-3437
-3401
-3188
-2922
-2757
-2750
-2498
-2182
-1948
-1651
-1437
-1280
-1175
-997
-602
-516
-354
-93
56
220
394
495
594
839
999
1099
1224
1353
1333
1121
847
734
537
334
105
-284
-547
-652
-684
-837
-1081
-1219
-1483
-1629
-1499
-1324
-1047
-896
-886
-787
-648
-285
-118
30
94
311
670
979
1404
1611
1754
1841
2109
2329
2626
2810
2872
2929
2970
3130
3221
3065
2876
2700
2347
2251
2205
1978
1646
1343
1066
750
631
347
-148
-688
-1058
-1383
-1521
-1585
-1868
-2136
-2467
-2640
-2718
-2818
-2788
-3055
-3332
-3457
-3291
-2800
-2422
-2064
-2062
-2052
-1863
-1551
-1097
-938
-717
-518
-294
-3
306
417
385
385
429
490
809
1018
1099
918
794
722
640
699
636
560
401
328
354
508
548
420
211
104
34
192
350
296
241
322
487
729
1096
1299
1359
1547
1713
2054
2143
2172
2378
2412
2470
2415
2246
2456
2597
2606
2560
2265
2046
1950
1825
1699
1306
860
470
111
76
-83
-408
-740
-1050
-1166
-1166
-1304
-1511
-1819
-2283
-2509
-2677
-2756
-2750
-2873
-2920
-2891
-2917
-2922
-3034
-2950
-2906
-2797
-2581
-2358
-2060
-1942
-1802
-1695
-1656
-1572
-1423
-1342
-1413
-1411
-1309
-1277
-1119
-1031
-1151
-1210
-1121
-870
-914
-998
-971
-931
-860
-740
-663
-638
-538
-539
-470
-412
-217
72
408
693
809
835
919
1247
1605
1951
2144
2327
2528
2819
3097
3358
3540
3484
3322
3298
3472
3720
3982
3949
3877
3802
3768
3860
3900
3638
3268
2921
2708
2483
2334
2108
1604
1089
672
511
397
178
-172
-618
-918
-1012
-1029
-1156
-1390
-1834
-2098
-2113
-1970
-1669
-1746
-1875
-2126
-2278
-1929
-1610
-1654
-1671
-1695
-1603
-1411
-1294
-1148
-1211
-1230
-1248
-1058
-832
-634
-686
-946
-1158
-1117
-974
-1069
-1229
-1514
-1838
-1939
-1814
-1758
-1840
-2172
-2513
-2504
-2408
-2318
-2311
-2565
-2771
-2601
-2100
-1577
-1105
-852
-630
-449
-209
304
602
784
939
1060
1307
1834
2320
2609
2768
2802
2744
2920
3134
3386
3495
3403
3181
3228
3391
3327
2991
2417
2105
2114
2229
2040
1642
1228
810
555
526
208
-133
-317
-588
-692
-848
-1121
-1345
-1531
-1589
-1575
-1615
-1523
-1372
-1358
-1275
-949
-848
-696
-474
-239
-64
-11
6
88
120
202
219
34
-35
-154
-233
-417
-508
-704
-847
-787
-914
-954
-1026
-1149
-1229
-1308
-1348
-1261
-1320
-1554
-1701
-1755
-1740
-1595
-1593
-1595
-1655
-1616
-1441
-1246
-960
-641
-594
-404
-101
174
571
772
972
1015
1178
1370
1582
1720
1777
1736
1692
1758
1735
1848
1906
2045
1920
1858
1930
1897
1756
1480
1281
953
749
511
278
93
-61
-192
-445
-794
-1021
-1168
-1176
-1049
-932
-1018
-1089
-1014
-768
-466
-192
-74
-96
-177
20
430
774
970
971
978
1067
1467
1803
1753
1351
1106
1013
1068
1301
1180
817
381
36
-45
54
-33
-385
-719
-913
-832
-742
-811
-1050
-1340
-1602
-1414
-1218
-1183
-1337
-1591
-1717
-1585
-1387
-1282
-1283
-1205
-1113
-898
-649
-546
-374
-441
-453
-392
-81
246
279
284
170
261
629
925
1163
1186
1117
1057
1115
1460
1575
1439
1126
821
719
843
908
574
265
-175
-349
-310
-97
56
18
-31
-178
-81
113
279
230
-21
-202
-239
-55
161
218
69
-263
-306
-36
263
417
458
225
79
148
290
425
546
613
646
806
882
976
1033
966
824
577
528
517
512
466
168
-157
-287
-322
-407
-484
-718
-788
-732
-628
-525
-646
-705
-760
-860
-867
-992
-987
-843
-892
-897
-879
-758
-617
-467
-387
-349
-317
-317
-180
-89
-25
80
142
203
315
439
427
363
339
260
256
282
117
13
-112
-231
-212
-220
-381
-391
-430
-444
-341
-286
-217
-242
-337
-446
-606
-665
-698
-655
-523
-516
-392
-185
43
101
90
120
97
231
312
290
329
407
514
656
881
1053
1272
1446
1508
1550
1424
1442
1364
1282
1268
1105
905
936
932
884
687
291
112
56
70
-62
-193
-338
-622
-781
-838
-903
-884
-784
-752
-676
-523
-345
-291
-333
-468
-498
-484
-407
-227
-286
-385
-536
-555
-487
-471
-498
-537
-574
-509
-346
-422
-446
-537
-651
-784
-748
-641
-514
-421
-601
-679
-700
-671
-566
-657
-732
-818
-857
-710
-537
-474
-533
-458
-269
-25
212
475
581
593
743
965
1270
1422
1459
1454
1467
1628
1786
1879
1792
1631
1511
1407
1319
1223
943
687
504
340
268
346
242
127
103
36
-11
-137
-300
-506
-624
-538
-570
-541
-526
-481
-422
-411
-327
-412
-386
-291
-138
-7
114
263
354
612
577
464
403
447
398
457
530
489
423
273
273
135
6
-70
-201
-378
-477
-605
-727
-949
-1016
-1089
-1140
-1139
-1182
-1222
-1300
-1350
-1598
-1628
-1554
-1540
-1430
-1377
-1256
-1267
-1177
-985
-823
-708
-600
-470
-469
-332
-239
-217
-195
-39
153
447
753
797
807
807
804
792
821
802
845
832
688
681
649
554
400
217
85
55
-16
-191
-405
-563
-581
-575
-584
-624
-617
-621
-607
-490
-332
-453
-514
-557
-423
-307
-260
-196
-107
106
362
438
460
544
504
592
824
1032
1228
1292
1447
1525
1664
1765
1736
1701
1542
1366
1294
1270
1239
1014
763
672
504
438
312
200
-70
-194
-249
-248
-235
-372
-419
-493
-517
-503
-553
-602
-728
-961
-1130
-1033
-735
-463
-337
-356
-407
-528
-607
-431
-227
-94
55
110
330
600
722
713
638
572
645
882
1035
1060
986
751
641
581
516
483
267
-12
-416
-641
-683
-682
-831
-1009
-1106
-1158
-1051
-1030
-1143
-1337
-1582
-1652
-1529
-1373
-1282
-1397
-1426
-1476
-1303
-908
-598
-528
-618
-513
-418
-158
-15
43
-46
-183
-104
198
536
687
792
820
769
816
864
839
740
655
605
686
700
539
398
152
81
126
132
74
-154
-289
-348
-422
-351
-204
-185
-317
-363
-264
-58
71
19
-118
-222
-337
-250
-40
-25
-58
-156
-108
112
180
159
188
218
211
264
303
345
261
24
-130
-205
-180
-169
-204
-238
-311
-450
-332
-198
-271
-500
-598
-518
-598
-420
-424
-444
-360
-176
15
148
500
602
676
827
914
976
1003
1053
1008
1125
1020
994
1018
914
826
903
1032
1147
1155
1077
1032
1169
1289
1357
1300
1029
836
775
949
1135
1268
1082
846
738
751
727
752
612
453
424
517
619
608
453
201
7
11
-23
-130
-198
-378
-413
-397
-294
-189
-190
-269
-256
-190
-51
63
38
-65
-325
-360
-280
-197
-131
-263
-456
-577
-611
-443
-317
-244
-379
-458
-362
-347
-385
-525
-745
-975
-1105
-970
-856
-970
-1224
-1360
-1506
-1364
-1244
-1166
-1381
-1486
-1400
-1350
-1115
-1089
-1200
-1340
-1232
-1028
-607
-256
-88
-152
-325
-311
-192
24
126
109
147
199
391
732
872
968
930
848
911
1276
1483
1574
1561
1553
1632
1751
1747
1610
1527
1444
1385
1362
1385
1240
1110
861
695
768
791
772
553
306
76
199
293
360
327
192
139
150
326
267
115
-167
-369
-390
-366
-353
-573
-660
-807
-962
-901
-833
-855
-1044
-1205
-1366
-1334
-1203
-1077
-1008
-961
-850
-756
-574
-342
-296
-467
-652
-749
-605
-491
-335
-388
-385
-359
-235
-32
65
206
202
355
568
695
775
706
558
494
467
482
578
598
471
331
394
403
288
336
364
397
404
457
435
473
451
408
404
377
412
450
409
387
402
358
361
272
369
547
728
797
833
832
698
647
558
444
276
283
373
566
571
483
336
140
110
119
129
-6
-221
-221
-250
-231
-320
-531
-662
-804
-835
-1025
-1022
-1052
-1133
-1176
-1277
-1275
-1194
-1226
-1286
-1388
-1359
-1372
-1356
-1291
-1171
-1037
-1115
-1079
-1070
-940
-933
-841
-839
-836
-555
-436
-313
-213
-126
-140
-79
57
106
126
166
288
505
837
1064
1176
1147
1209
1321
1377
1395
1291
1322
1334
1381
1400
1363
1243
1121
1071
1129
1162
1221
1325
1222
1152
1023
950
962
933
963
1033
974
930
809
669
485
407
415
329
360
394
423
380
308
154
115
103
21
54
91
-41
-49
-233
-497
-515
-580
-604
-694
-674
-768
-807
-878
-1066
-1062
-1130
-1087
-1097
-1197
-1319
-1367
-1253
-1200
-1160
-1007
-861
-752
-558
-509
-588
-646
-584
-490
-468
-430
-434
-434
-360
-185
-205
-200
-260
-116
-66
-35
120
200
203
107
135
149
206
217
267
323
322
334
348
254
171
66
-11
-45
-67
-125
-269
-241
-333
-358
-352
-353
-378
-323
-190
-113
46
210
424
563
645
675
681
709
626
616
603
457
561
502
561
658
610
563
471
343
299
297
220
184
149
57
-42
-64
117
63
-48
-76
-241
-372
-375
-452
-490
-512
-621
-573
-630
-649
-590
-600
-677
-635
-569
-523
-432
-442
-425
-407
-328
-247
-90
-4
80
225
285
238
167
109
146
120
160
266
309
305
376
447
566
508
451
430
653
683
518
371
222
232
231
402
286
254
176
190
334
281
427
293
80
-70
-59
63
83
83
49
57
87
280
546
566
521
325
244
243
214
366
275
269
201
217
197
-12
-208
-358
-615
-669
-518
-367
-308
-278
-280
-420
-300
-308
-316
-329
-444
-330
-280
-319
-205
-340
-244
-246
-259
-128
-172
-199
-288
-347
-203
-267
-260
-156
-114
29
-12
-1
57
-55
-18
0
-7
-79
-104
-54
-103
18
95
153
204
146
123
60
42
76
15
-134
-213
-82
38
85
383
530
441
544
578
610
515
380
278
211
158
69
105
5
-96
-303
-546
-631
-672
-666
-610
-615
-591
-572
-767
-820
-937
-992
-832
-783
-701
-607
-558
-497
-504
-445
-276
-123
-24
18
9
-17
28
67
236
201
202
250
239
200
181
237
181
167
97
186
285
311
301
216
202
63
66
107
44
63
106
68
39
186
200
279
348
405
483
474
531
463
386
265
145
82
193
333
295
188
36
-22
16
90
81
89
95
164
186
287
324
222
255
109
112
163
118
80
70
-10
-92
-190
-105
-165
-197
-166
-400
-499
-608
-737
-675
-609
-670
-734
-843
-866
-847
-720
-666
-647
-629
-504
-477
-475
-330
-350
-353
-380
-476
-345
-228
-113
-64
-14
70
231
266
404
559
507
447
400
466
542
608
735
815
755
700
656
621
585
538
429
265
158
183
-9
51
-115
-397
-517
-513
-426
-387
-347
-476
-540
-591
-561
-384
-254
-235
-272
-128
-113
-98
-258
-317
-367
-434
-143
-97
-7
-4
38
-28
-117
11
142
169
144
178
164
143
-7
-93
-305
-416
-489
-494
-549
-676
-856
-1067
-1115
-1126
-950
-1074
-1152
-1164
-1278
-1255
-1252
-1301
-1395
-1344
-1111
-905
-615
-398
-418
-359
-307
-333
-220
-191
-196
-121
-73
49
106
93
8
81
185
340
583
769
722
647
612
578
595
712
803
858
796
832
767
554
605
472
311
213
177
61
