19.7492
13.3263
1.52206
-0.0402647
-0.734631
-11.4973
-4.20646
-23.4751
-5.5952
3.43157
-5.94238
-14.622
-5.5952
-18.441
-7.33111
0.306919
-5.24801
-0.0402647
9.85446
14.3678
11.2432
11.2432
-4.20646
-17.0522
-43.6118
-50.0347
-68.7826
-75.7262
-62.0125
-30.0716
-2.29696
19.5756
34.8517
53.426
61.064
66.2717
48.2182
33.9837
35.7196
20.6171
26.5193
22.5266
13.3263
14.8886
-11.4973
-18.7882
-56.284
-69.6505
-60.4502
-57.4991
-25.2111
-16.3579
11.4168
30.859
27.908
16.6245
-0.213856
-0.734631
-1.08181
-0.734631
2.04283
2.21643
3.25798
6.9034
14.8886
22.3531
44.2256
22.8738
19.2284
45.2672
33.9837
48.9126
29.6439
25.1305
12.1111
-1.429
8.9865
-5.07442
-3.68569
3.43157
-4.90083
-23.6487
-22.0864
-24.1695
-14.2748
-27.4677
-14.7956
17.4925
23.7418
9.50727
1.52206
8.29213
-8.89344
-13.4068
2.21643
18.0133
22.1795
-0.213856
-6.46316
-21.5656
-42.9174
-59.7558
-54.3744
-46.7364
-20.6977
-7.15752
27.04
27.5608
29.6439
6.72981
-23.8223
-35.1058
-36.6681
-35.453
-43.6118
-15.8371
4.99389
8.81291
-27.4677
-10.6294
-31.4603
-46.91
-50.5554
-45.6949
-23.8223
-8.02548
-4.55365
-19.3089
-25.0375
-34.7586
-46.7364
-35.453
-34.2378
-12.7125
-9.06703
-14.622
-5.24801
-15.6635
-26.947
-31.9811
-33.3699
-20.1769
-2.29696
9.33368
24.4362
40.9274
20.7907
24.089
16.4509
10.896
21.8323
12.1111
26.6928
15.9302
17.4925
40.0594
34.6781
50.1277
47.6974
34.3309
39.0179
29.8175
26.1721
25.9985
7.77136
-32.3283
-46.3892
-40.1399
-42.3966
-34.2378
-38.5776
-30.766
-16.3579
4.12593
-9.41421
-17.3994
7.77136
6.38263
-3.5121
-1.60259
-10.9765
6.55622
24.2626
6.72981
10.2016
-14.7956
-5.76879
-2.99132
-9.06703
-15.4899
-28.5093
-16.7051
-20.8713
-26.7734
-40.8343
-67.5674
-77.9829
-74.8583
-65.3107
-25.9054
1.86924
-15.1427
-5.07442
-16.5315
-19.4825
-13.9276
-32.5019
-27.2942
-46.2156
-26.079
-3.5121
-15.1427
-29.5508
-49.5139
-59.7558
-66.5259
-47.9516
-43.7854
-50.729
-43.6118
-35.453
-33.717
-40.8343
-21.5656
-12.1917
-2.81773
15.7566
19.2284
25.4777
22.0059
19.7492
23.221
37.6291
46.4823
42.1425
45.0936
44.3992
15.9302
11.4168
8.63932
10.2016
16.4509
30.859
43.7048
31.2062
17.1453
2.21643
1.52206
1.52206
-11.8445
-1.60259
0.654102
18.7076
44.7464
46.8295
84.3253
88.4915
77.7288
88.8387
80.3327
77.0344
83.1101
94.7408
89.533
89.533
79.8119
53.426
48.9126
15.9302
-9.5878
-33.8906
-37.5361
-15.4899
-16.7051
-34.7586
-20.8713
-16.0107
18.1869
12.1111
16.7981
37.9763
32.0742
33.8101
27.2136
37.2819
22.8738
19.0548
8.9865
27.7344
16.2773
-1.60259
4.8203
7.25058
-2.29696
-2.99132
-4.55365
-12.3653
-11.3237
-12.5389
-17.7466
-16.3579
-22.6072
0.133327
9.85446
-14.7956
-13.9276
-12.7125
10.2016
8.63932
-9.5878
-24.1695
-30.0716
-19.6561
-24.1695
-25.0375
-8.54625
-9.41421
-20.5241
-37.3625
-63.2276
-56.8047
-62.3597
-80.5868
-79.5452
-82.1491
-88.3984
-84.9266
-77.6357
-58.5406
-41.0079
-23.9959
-19.8297
-20.3505
-40.6607
-63.7484
-63.922
-82.4963
-45.6949
-51.7706
-46.5628
-30.766
-38.7512
-48.9931
-61.4917
-74.3375
-90.1343
-89.7871
-82.3227
-39.272
-17.7466
18.8812
30.1647
7.42418
-13.5804
-28.1621
-44.6533
-34.4114
-20.0033
-18.7882
7.25058
8.63932
26.6928
4.47312
30.6855
48.0446
49.4333
80.3327
88.1443
99.9485
98.3862
102.9
100.99
120.78
115.745
111.753
119.217
128.07
133.105
110.885
105.851
110.017
120.259
121.995
125.987
138.659
136.924
127.897
121.647
119.912
102.552
89.0122
85.8876
89.533
83.4573
63.8415
64.7094
47.1767
42.1425
33.1157
20.27
27.7344
25.1305
45.6143
54.9883
59.6753
44.92
34.3309
37.8027
38.1499
28.7759
33.2893
55.3355
23.9154
5.51467
-1.60259
-10.2822
-35.9737
-63.4012
-72.428
-83.7114
-85.6209
-87.8776
-71.0392
-87.1833
-68.9561
-87.8776
-91.8702
-93.9533
-108.709
-117.215
-120.686
-113.569
-126.068
-112.007
-124.853
-154.884
-181.444
-186.825
-182.485
-192.901
-202.622
-220.675
-206.788
-201.927
-226.404
-225.536
-233.521
-232.653
-241.506
-239.076
-231.264
-214.6
-232.653
-229.355
-221.022
-206.267
-175.715
-169.292
-140.823
-150.023
-137.004
-123.638
-110.097
-88.7456
-73.6431
-31.6339
-6.46316
20.0964
57.7657
54.2939
64.1886
79.1175
82.2422
87.7971
107.934
156.019
183.967
189.695
225.976
228.754
248.89
253.404
252.883
246.286
232.052
217.296
211.568
223.025
232.225
235.871
213.477
196.639
204.798
204.451
186.918
185.356
164.872
181.537
168.864
150.637
153.588
157.234
146.297
161.574
175.808
180.495
182.405
169.906
136.576
102.032
94.3936
74.7777
66.9661
50.8221
53.7731
56.5506
35.1988
50.4749
46.4823
32.2478
41.7953
49.7805
60.7168
73.0418
89.533
88.1443
90.9217
96.9975
82.9365
58.8073
54.8147
50.4749
51.5164
9.16009
-21.2184
-63.5748
-115.826
-132.491
-137.872
-129.366
-138.219
-143.427
-189.95
-219.286
-247.756
-260.775
-270.843
-328.649
-370.832
-395.482
-391.142
-359.896
-314.241
-316.845
-330.732
-356.424
-394.614
-376.561
-342.71
-322.053
-294.452
-282.127
-269.454
-226.925
-178.492
-150.544
-130.06
-146.204
-152.974
-156.273
-138.393
-101.418
-87.8776
-67.0466
-59.0614
-52.2913
-41.8758
-20.6977
-11.8445
-14.7956
-38.7512
-42.9174
-24.8639
20.4435
45.6143
52.2108
69.9172
91.2689
99.0806
116.613
141.437
158.796
169.038
198.896
216.081
250.8
282.914
284.129
294.718
277.359
268.332
257.743
248.543
240.211
235.176
239.169
232.225
226.844
224.587
216.255
221.463
219.206
204.798
193.862
178.238
169.212
139.875
118.002
127.376
121.647
127.723
145.256
150.984
156.366
169.732
198.375
235.871
251.147
267.985
275.276
270.763
271.283
277.706
274.235
273.714
274.755
277.186
257.743
236.044
227.712
206.534
200.979
184.14
196.639
171.642
159.317
128.591
116.266
79.1175
34.3309
-12.1917
-73.9903
-99.1611
-147.94
-175.194
-205.92
-272.753
-359.028
-446.518
-512.483
-534.876
-558.137
-588.689
-595.633
-622.366
-647.363
-619.762
-616.638
-584.523
-577.232
-544.944
-491.131
-433.672
-391.142
-349.654
-294.278
-255.567
-236.819
-194.81
-138.914
-101.244
-35.8001
19.402
69.7436
110.017
146.992
163.483
191.258
196.639
196.639
196.292
199.417
200.632
186.397
163.309
160.532
163.83
158.796
177.197
177.718
188.48
193.862
184.14
155.498
122.863
94.9144
68.702
57.5922
33.8101
19.5756
13.3263
-17.2258
-0.387448
4.29953
-9.06703
-7.6783
-25.7318
-31.4603
-32.8491
-14.9691
-19.1353
-35.6265
-35.8001
-38.2304
-49.1667
-29.7244
-14.622
4.8203
21.3115
61.4112
89.1858
108.281
124.599
166.781
188.307
188.654
211.915
213.998
233.093
250.8
274.061
270.763
261.736
249.585
240.384
261.736
290.899
298.364
297.322
290.552
293.156
301.488
342.803
416.232
500.772
568.82
588.262
568.993
518.652
457.374
389.326
293.85
221.636
165.045
137.618
121.3
54.2939
-20.8713
-155.405
-333.51
-506.754
-659.688
-762.802
-847.862
-870.949
-892.475
-907.751
-883.795
-884.316
-868.346
-832.933
-765.753
-654.134
-519.6
-392.531
-240.985
-155.752
-98.8139
-54.8952
-48.2987
-29.7244
-24.3431
-18.2674
-2.81773
10.7224
30.1647
26.8664
3.08438
-9.06703
-37.5361
-50.729
-39.4456
-30.0716
37.4555
125.466
225.455
325.965
392.45
435.154
453.381
494.349
470.914
468.831
446.264
421.961
426.474
392.103
358.774
304.96
230.316
114.183
3.25798
-104.369
-198.108
-275.357
-346.008
-385.24
-409.369
-414.056
-419.264
-428.638
-443.393
-467.523
-437.838
-361.805
-264.247
-155.578
-33.5434
62.4527
120.78
169.732
175.634
171.121
175.461
198.549
247.849
330.305
388.631
430.988
447.305
421.961
392.624
359.468
316.938
280.831
291.767
306.349
320.931
302.877
290.726
246.633
214.693
238.475
289.858
353.566
409.115
445.917
470.914
501.119
487.752
422.655
351.309
275.102
231.357
244.898
271.804
280.831
254.966
196.639
46.1351
-112.007
-267.719
-439.748
-610.215
-772.176
-887.614
-903.238
-863.311
-810.192
-749.262
-744.054
-745.616
-766.621
-791.445
-808.977
-806.2
-769.572
-683.471
-510.573
-293.063
-66.1787
136.75
271.631
322.493
314.855
262.777
210.874
157.928
101.337
73.2154
73.9098
92.3105
132.063
150.637
123.036
98.039
56.377
29.6439
4.8203
13.3263
45.2672
95.9559
215.561
355.649
516.221
613.78
639.124
624.195
545.037
426.301
309.474
206.187
93.5256
-15.8371
-83.0171
-133.706
-173.632
-230.917
-308.165
-421.174
-531.925
-564.039
-534.876
-486.618
-429.332
-387.15
-347.571
-307.818
-282.821
-273.621
-279.176
-266.503
-229.008
-127.63
-18.9618
64.7094
103.594
115.572
98.2126
88.1443
89.1858
84.4989
102.205
111.579
149.596
214.345
297.843
365.023
373.182
366.238
336.033
298.017
280.137
260.521
221.983
180.842
142.305
128.418
148.033
196.118
251.841
288.469
319.021
362.245
463.97
521.429
518.304
495.217
438.799
397.311
321.625
230.663
130.848
60.0224
4.8203
12.8055
71.1323
114.877
122.342
75.8193
4.64671
-93.259
-183.874
-270.322
-347.224
-435.234
-522.377
-520.121
-508.49
-476.376
-457.107
-464.745
-525.676
-600.841
-640.42
-699.267
-729.646
-761.76
-731.729
-645.107
-466.481
-227.966
1.17488
213.304
362.419
449.388
472.823
446.785
373.876
264.861
143.346
60.5432
19.9228
7.25058
9.50727
18.8812
2.39002
-37.7096
-73.6431
-105.237
-129.887
-153.322
-161.828
-108.882
8.11854
143.694
311.557
454.596
505.285
482.197
431.335
340.026
195.25
24.7833
-125.2
-268.587
-354.341
-420.306
-472.383
-516.996
-530.883
-502.414
-481.063
-400.343
-340.28
-310.596
-291.674
-260.948
-254.005
-223.973
-212.864
-181.964
-137.872
-91.0023
-6.28956
53.2524
88.1443
90.401
90.401
51.5164
35.0252
47.5238
55.5091
62.7999
88.6651
140.569
206.707
271.804
282.914
276.144
248.022
207.228
185.182
166.955
166.087
155.151
150.116
157.755
192.646
224.24
263.645
332.561
411.372
500.598
593.47
666.899
723.142
712.553
649.54
565.695
445.569
355.475
256.181
197.854
149.249
128.07
144.388
167.476
217.123
278.921
278.054
226.497
154.283
64.7094
-40.8343
-152.107
-302.784
-464.051
-572.198
-623.581
-612.819
-586.433
-591.988
-631.219
-712.46
-831.718
-901.849
-928.408
-927.714
-858.104
-710.03
-446.344
-132.143
185.529
465.88
629.924
693.111
647.109
515.527
343.845
158.622
-60.7973
-223.626
-303.305
-276.919
-226.23
-182.485
-142.385
-147.246
-171.722
-190.817
-196.893
-174.153
-117.735
-39.7927
79.8119
249.585
390.541
500.251
514.485
417.274
289.684
121.995
-51.7706
-229.008
-406.939
-564.387
-650.141
-689.546
-645.28
-560.394
-454.677
-328.823
-236.472
-153.322
-108.882
-78.3301
-102.112
-150.197
-181.791
-218.419
-225.362
-207.482
-187.346
-167.903
-168.771
-165.647
-143.601
-137.004
-124.158
-123.811
-89.2664
-26.4262
50.6485
173.378
291.246
375.612
435.328
443.313
415.365
369.363
299.752
233.44
183.272
166.781
167.128
166.955
169.212
186.05
230.489
306.696
388.111
492.439
599.372
692.07
782.684
843.615
843.268
794.836
693.805
562.917
441.403
332.214
255.139
223.372
220.421
256.875
348.185
416.406
461.713
472.476
407.9
304.092
155.324
-51.2498
-330.038
-639.725
-878.588
-995.241
-968.682
-864.7
-746.311
-645.975
-614.207
-635.386
-697.705
-797.173
-894.905
-945.42
-879.108
-648.058
-269.107
181.537
586.526
899.859
1077.79
1104
1006.62
754.736
390.714
-25.9054
-406.245
-714.891
-825.295
-769.398
-593.376
-373.957
-187.346
17.3189
141.784
196.986
159.664
96.6503
48.2182
49.4333
123.036
241.946
398.005
513.444
552.155
483.239
365.197
203.236
-10.1086
-272.232
-514.913
-746.137
-901.154
-924.069
-801.686
-592.335
-329.17
-51.9442
147.165
268.68
277.706
168.17
-49.6875
-321.706
-557.269
-711.072
-748.567
-686.074
-580.357
-440.616
-251.922
-91.3495
43.3576
148.033
199.764
216.602
245.592
325.965
390.367
455.117
482.371
461.887
421.093
332.735
213.477
93.8728
-29.5508
-110.271
-141.691
-103.501
-5.07442
106.892
234.829
360.683
462.234
554.238
641.034
740.502
830.769
906.282
927.807
897.776
828.686
749.355
623.154
468.484
296.454
135.188
8.81291
-19.8297
50.6485
156.366
303.051
408.942
460.151
476.99
416.232
294.024
98.7334
-184.742
-542.341
-917.646
-1165.19
-1267.43
-1203.9
-1067.11
-915.389
-793.701
-697.879
-658.473
-722.876
-819.219
-936.22
-1002.01
-955.315
-747.352
-370.485
29.6439
414.67
731.996
925.897
994.119
895.519
637.735
248.717
-197.588
-601.709
-867.825
-963.127
-875.463
-659.688
-365.798
-71.56
229.101
447.826
546.426
550.245
475.254
404.602
343.324
313.466
312.425
312.772
311.557
313.119
274.755
184.661
65.0566
-115.999
-352.084
-630.699
-805.505
-869.214
-811.581
-626.359
-372.047
-64.7899
210.006
432.55
536.531
485.669
294.892
11.9376
-289.418
-572.198
-796.652
-895.947
-895.773
-782.765
-535.918
-254.005
50.6485
306.523
474.212
568.299
581.665
597.289
579.929
559.966
526.29
437.584
353.045
271.978
197.333
137.444
93.8728
86.2348
111.232
169.038
257.57
340.373
444.181
524.727
594.164
661.865
778.171
899.859
982.836
1012.17
957.838
861.148
732.69
619.161
506.847
405.123
295.933
226.15
157.755
113.662
148.728
207.923
275.45
332.908
363.634
345.928
281.873
131.021
-150.891
-509.532
-906.362
-1221.08
-1371.93
-1368.12
-1270.73
-1141.58
-1003.05
-887.788
-793.528
-755.858
-775.821
-833.974
-875.463
-840.224
-678.957
-372.915
-38.5776
316.938
654.574
915.656
1082.13
1076.05
906.802
568.299
160.706
-274.141
-630.004
-880.497
-955.141
-873.901
-692.844
-397.912
-89.44
222.504
438.973
596.421
670.023
665.163
610.134
525.074
430.467
340.547
254.445
198.375
171.468
140.569
51.1693
-159.918
-428.291
-730.34
-977.535
-1092.97
-1090.02
-910.876
-608.132
-222.064
184.14
486.711
675.231
679.397
515.7
220.421
-156.273
-558.137
-889.003
-1103.56
-1164.84
-1025.62
-749.956
-347.05
83.4573
469.352
768.623
965.129
1048.63
1018.6
913.572
732.516
540.524
324.402
148.728
3.60516
-109.229
-182.138
-212.864
-193.942
-135.615
-20.1769
159.838
350.441
517.436
659.087
761.333
863.405
954.019
999.153
1007.83
972.594
863.578
718.803
520.735
343.15
189.522
65.9246
-30.766
-81.1076
-59.4086
-2.12336
101.337
198.375
276.318
302.704
274.061
191.778
66.6189
-88.9192
-326.393
-605.875
-858.451
-1031.35
-1113.28
-1114.15
-1078.91
-1038.47
-1032.39
-1056.69
-1054.78
-1065.2
-1049.75
-971.112
-848.035
-631.219
-334.204
7.42418
354.607
611.349
787.719
879.201
845.351
710.123
486.884
223.893
-60.2766
-295.493
-444.956
-512.309
-519.426
-421.868
-294.278
-139.434
37.6291
175.114
311.036
422.482
504.591
543.822
580.103
561.355
512.229
419.531
267.812
82.0686
-125.373
-321.706
-511.268
-698.747
-858.104
-957.398
-926.152
-752.386
-459.711
-89.0928
283.782
579.929
751.785
799.696
685.126
455.117
114.53
-279.696
-657.953
-972.327
-1141.75
-1185.15
-1089.33
-894.905
-582.44
-207.482
194.035
572.986
861.495
1100.01
1230.03
1242.01
1163.2
975.198
701.964
376.306
64.015
-219.286
-431.415
-538.522
-545.812
-452.246
-259.213
-29.898
202.368
397.137
563.265
667.94
722.795
771.748
780.428
738.071
682.696
675.926
683.216
647.283
597.809
510.319
380.82
258.611
152.373
75.8193
19.0548
-7.5047
-2.99132
29.6439
68.8756
114.009
64.3622
-44.8269
-229.008
-499.29
-799.083
-1009.48
-1091.93
-1058.6
-957.572
-865.742
-818.178
-824.08
-874.942
-989.86
-1125.78
-1224.56
-1256.32
-1182.03
-945.073
-568.032
-110.445
347.143
731.301
967.039
1071.89
1036.48
854.204
535.49
129.112
-266.33
-626.706
-844.911
-916.257
-791.097
-571.678
-288.029
-0.213856
252.188
485.843
616.731
632.875
589.998
532.365
481.329
492.613
512.402
504.243
476.816
380.82
187.439
-52.2913
-340.106
-663.507
-940.907
-1091.93
-1050.1
-813.143
-419.09
39.7122
477.684
822.437
996.202
982.141
800.912
464.838
76.6872
-345.314
-718.883
-964.342
-1092.11
-1028.22
-876.504
-621.672
-302.437
39.5386
341.935
572.465
777.303
951.936
1076.75
1125.7
1110.77
983.877
785.115
513.27
218.338
-70.1713
-312.505
-467.349
-518.211
-474.466
-340.106
-134.574
126.682
396.617
591.039
748.14
843.268
888.749
852.121
784.073
701.791
637.735
599.545
599.372
631.139
655.615
658.914
660.997
580.797
480.288
376.306
285.518
177.023
68.5284
-46.042
-205.226
-357.465
-545.639
-782.418
-943.337
-977.535
-925.284
-816.615
-694.233
-630.525
-623.755
-672.013
-792.66
-921.638
-1099.74
-1276.29
-1384.09
-1340.51
-1126.48
-760.545
-290.459
159.143
569.167
862.537
1034.05
1021.89
826.95
482.892
48.9126
-373.609
-710.898
-891.433
-906.189
-781.029
-587.648
-328.476
-65.3107
205.492
468.31
662.733
773.658
819.486
809.938
786.33
787.024
752.132
679.224
531.671
319.716
67.1397
-234.042
-570.81
-926.152
-1202.51
-1312.05
-1199.38
-898.898
-420.132
131.369
658.219
1042.03
1223.95
1212.5
943.604
530.456
32.0742
-474.813
-886.573
-1134.29
-1191.23
-1090.89
-863.832
-580.01
-292.369
-42.3966
163.657
343.324
484.28
610.655
731.822
824.346
867.571
868.959
785.635
631.312
416.753
159.49
-92.7382
-315.109
-444.608
-484.187
-440.616
-315.977
-130.928
123.21
349.573
549.03
746.751
879.201
940.132
908.365
847.434
746.057
646.415
588.435
575.069
593.817
675.752
767.582
845.698
869.827
837.539
710.991
501.64
229.274
-129.192
-537.133
-930.665
-1273.16
-1481.64
-1485.29
-1277.33
-980.833
-702.913
-473.772
-356.945
-339.412
-459.884
-685.033
-957.919
-1213.1
-1363.08
-1355.27
-1144.53
-791.271
-350.522
93.352
459.63
741.196
908.018
896.908
702.832
417.968
68.8756
-263.9
-492.693
-557.964
-535.57
-417.181
-259.56
-110.618
8.29213
110.538
192.473
233.267
269.027
310.168
428.037
605.1
829.728
1029.18
1158.68
1175.18
1020.33
689.813
232.573
-325.177
-898.724
-1387.73
-1677.98
-1655.93
-1320.9
-763.843
-126.415
491.05
957.318
1214.75
1232.63
990.821
545.558
-18.6146
-589.731
-1032.39
-1306.84
-1314.3
-1082.73
-739.193
-310.422
118.176
473.171
718.976
829.901
825.562
695.541
550.94
426.127
320.063
253.404
200.805
154.63
86.582
31.5534
-12.1917
-32.8491
-47.9516
-24.1695
-1.25541
41.101
140.569
261.91
369.189
451.472
531.324
570.555
600.24
630.965
603.885
583.401
616.557
655.095
679.224
693.979
716.72
701.27
712.206
723.49
706.304
654.574
524.033
320.41
0.654102
-403.12
-812.796
-1154.08
-1339.82
-1351.1
-1211.54
-969.029
-730.861
-540.952
-435.061
-440.789
-551.541
-704.822
-895.599
-1065.02
-1135.16
-1081.52
-915.389
-651.009
-329.691
-29.7244
209.311
385.507
465.185
451.124
331.52
134.667
-92.9118
-306.256
-459.884
-554.666
-554.666
-494.082
-442.525
-360.937
-276.225
-154.016
-18.6146
76.1665
189.522
338.29
507.368
708.04
862.537
948.638
971.726
909.059
758.902
496.953
127.202
-319.796
-794.916
-1182.55
-1376.45
-1336.7
-1083.6
-644.065
-116.347
430.641
913.746
1214.06
1287.84
1077.1
640.86
60.3696
-527.759
-992.464
-1257.71
-1316.56
-1162.58
-830.329
-390.274
86.4084
540.35
919.475
1166.32
1257.28
1202.95
1066.16
848.996
586.873
320.583
38.6707
-243.763
-461.273
-601.882
-658.821
-591.293
-399.127
-147.42
163.657
477.684
745.883
914.614
1012.69
1002.45
921.905
810.459
683.911
543.649
386.201
298.364
244.55
267.812
379.605
565.348
786.851
971.899
1088.9
1114.24
1052.79
919.475
665.51
256.355
-280.217
-842.48
-1316.91
-1520.36
-1446.06
-1217.96
-946.983
-740.061
-591.814
-519.253
-529.495
-619.762
-780.682
-983.784
-1129.6
-1093.67
-842.828
-510.4
-142.733
204.971
378.042
438.279
383.424
208.964
-66.0051
-424.993
-789.014
-1052.01
-1109.81
-968.855
-671.319
-318.06
-37.5361
116.96
158.449
43.5312
-135.615
-338.37
-489.916
-475.334
-264.941
139.18
603.885
1063.38
1421.5
1580.69
1547.18
1318.74
811.501
104.462
-672.361
-1319.86
-1684.4
-1689.61
-1327.84
-748.567
-31.1132
676.794
1283.67
1633.46
1686.75
1408.48
820.007
61.7584
-709.162
-1306.32
-1615.14
-1596.22
-1291.74
-776.516
-194.81
384.465
815.146
1061.82
1085.6
927.46
682.869
437.063
271.457
185.008
182.578
192.82
222.504
232.573
154.803
4.29953
-227.272
-493.561
-733.812
-830.676
-758.809
-509.705
-142.038
274.061
664.816
1004.01
1248.26
1352.59
1285.93
1099.49
823.652
555.106
346.796
260
288.469
399.741
595.9
760.465
886.319
920.69
835.456
562.917
111.579
-463.877
-1020.76
-1385.65
-1464.63
-1264.48
-933.616
-581.572
-340.28
-223.106
-243.069
-399.822
-697.705
-1049.4
-1358.74
-1492.41
-1327.5
-956.704
-413.883
136.056
587.741
857.676
950.548
817.576
454.075
-47.4308
-653.439
-1223.51
-1570.52
-1614.27
-1365.86
-931.88
-429.159
28.4288
342.456
471.087
404.775
165.045
-201.233
-531.231
-744.401
-759.851
-538.174
-96.3836
482.197
1086.47
1589.89
1873.88
1836.91
1464.55
817.229
13.6735
-728.431
-1284.97
-1497.96
-1303.19
-763.496
-20.3505
767.235
1430.35
1828.05
1838.3
1495.63
829.728
-17.0522
-858.277
-1522.44
-1883.68
-1859.21
-1461.51
-776.689
35.546
821.048
1420.81
1773.02
1828.57
1607.77
1214.06
704.221
192.994
-233.695
-479.674
-554.666
-472.209
-298.097
-81.8019
98.2126
200.979
218.859
182.925
107.066
34.1573
10.896
61.2376
173.031
379.257
570.729
702.311
767.929
678.356
534.448
399.568
306.175
305.828
436.022
689.466
1072.93
1452.92
1763.3
1884.82
1644.05
1010.78
8.29213
-1118.49
-2092.69
-2651.65
-2760.32
-2503.06
-1956.94
-1328.02
-655.349
-83.5378
236.739
221.289
-97.2516
-580.183
-1057.56
-1274.2
-1197.3
-868.693
-344.62
223.199
722.275
1138.03
1302.76
1128.83
636.347
-159.05
-1111.37
-1967.35
-2521.98
-2668.84
-2425.81
-1904.51
-1158.07
-329.864
430.814
1012.17
1282.28
1230.72
940.653
531.844
135.535
-204.705
-356.771
-329.517
-143.253
160.706
482.197
731.301
781.643
587.741
207.055
-238.902
-625.144
-805.332
-730.34
-392.184
153.241
815.667
1459.52
1902.7
2018.83
1816.42
1281.93
469.525
-429.506
-1272.99
-1883.51
-2193.37
-2133.48
-1710.79
-1013.29
-112.701
830.249
1681.89
2305.95
2612.51
2593.42
2301.44
1742.99
1069.8
360.51
-273.447
-739.367
-1020.24
-1125.96
-1035.17
-801.166
-505.366
-168.251
148.728
405.643
591.734
774.005
919.995
1030.57
1123.27
1142.19
1078.31
920.516
713.074
474.212
260.694
140.395
103.941
249.411
501.119
764.804
907.844
782.511
339.852
-268.76
-790.577
-1130.12
-1257.19
-1265.18
-1270.21
-1274.03
-1210.84
-1103.91
-1069.54
-1179.77
-1386.86
-1561.5
-1565.84
-1239.31
-680.172
-55.7632
483.586
848.302
1050.71
1172.05
1179.51
1014.78
644.853
64.7094
-571.851
-1118.84
-1405.44
-1458.04
-1368.98
-1245.56
-1142.45
-1012.6
-884.316
-736.59
-606.049
-479.327
-314.068
-28.6829
420.572
957.491
1483.47
1888.12
2096.77
2060.15
1814.86
1346.86
664.295
-180.055
-1098.53
-1851.57
-2262.63
-2230.35
-1756.27
-1010.52
-125.2
746.23
1495.8
2023.69
2273.32
2225.58
1836.04
1239.4
532.539
-104.369
-579.836
-870.776
-973.369
-940.907
-813.664
-591.641
-322.921
-51.7706
218.859
494.869
781.99
1105.04
1447.19
1700.81
1887.77
1925.09
1804.62
1525.31
1108.69
594.685
40.7538
-490.957
-960.87
-1261.7
-1354.92
-1259.1
-952.885
-483.493
32.9421
602.843
1106.09
1451.53
1614.36
1583.12
1366.47
1068.07
712.033
401.13
213.825
124.078
27.04
-275.357
-770.961
-1336.52
-1714.78
-1746.55
-1513.24
-1241.22
-1050.96
-957.051
-881.018
-832.239
-887.788
-1128.91
-1524
-1909.72
-2047.73
-1757.48
-1072.49
-210.086
568.299
1071.19
1272.21
1258.85
1031.44
598.851
-40.3135
-796.479
-1482.17
-1861.46
-1821.19
-1377.49
-719.751
-97.5988
384.812
632.18
668.635
462.581
10.3752
-588.342
-1161.89
-1495.36
-1493.62
-1124.39
-476.376
329.784
1177.26
1906.34
2373.13
2469.65
2146.25
1429.83
468.484
-477.591
-1190.88
-1506.29
-1439.46
-1063.81
-432.283
232.225
766.193
1057.31
1049.84
805.251
367.106
-118.43
-523.766
-733.986
-667.326
-360.416
151.852
707.519
1199.48
1534.68
1600.13
1404.49
977.281
450.777
3.77875
-291.501
-375.345
-227.966
131.889
643.117
1164.59
1594.23
1847.5
1863.81
1607.24
1160.59
641.381
156.019
-210.781
-423.777
-516.996
-413.188
-175.889
145.43
517.436
830.943
1077.1
1255.55
1343.73
1355.88
1313.01
1184.38
963.393
424.391
-495.992
-1590.31
-2498.37
-2926.45
-2788.79
-2318.36
-1760.95
-1241.22
-749.262
-326.74
-61.3181
-73.9903
-467.349
-1166.75
-1940.97
-2407.58
-2397.86
-1974.99
-1246.6
-410.932
389.673
1162.5
1726.15
1895.93
1618.88
804.383
-387.15
-1583.02
-2516.95
-2951.97
-2827.67
-2328.95
-1594.65
-629.657
398.7
1275.16
1828.75
1863.81
1448.06
717.067
-85.6209
-741.624
-1120.23
-1141.93
-844.39
-314.588
377.522
1103.66
1673.38
1876.49
1585.55
930.758
110.538
-598.584
-1055.65
-1225.6
-1083.6
-636.08
16.4509
744.668
1398.76
1764.35
1758.1
1349.29
618.987
-184.221
-891.26
-1325.76
-1401.45
-1155.99
-573.934
254.619
1139.94
1894.71
2325.57
2393.44
2110.49
1545.62
813.237
4.99389
-681.908
-1107.73
-1151.65
-832.412
-212.343
595.9
1446.5
2119.17
2538.39
2663.38
2482.67
2033.41
1328.11
540.524
-178.145
-657.605
-773.391
-650.315
-324.483
173.031
716.199
1226.56
1637.97
1871.97
1866.59
1479.31
601.628
-679.651
-1964.23
-2820.38
-3062.37
-2828.37
-2399.77
-1958.15
-1529.56
-1059.12
-703.434
-632.608
-906.362
-1449.7
-2039.57
-2328.42
-2139.04
-1552.3
-761.76
-25.0375
479.767
799.696
960.095
856.114
500.077
-204.705
-1150.08
-2004.16
-2490.39
-2473.2
-2015.96
-1345.2
-687.29
-87.3569
419.878
758.382
839.102
628.188
161.053
-359.201
-715.759
-828.246
-670.625
-237.687
352.698
1000.37
1635.19
2115.35
2324.18
2106.67
1474.1
540.177
-434.887
-1196.78
-1566.88
-1536.15
-1179.6
-550.847
198.028
913.92
1454.48
1770.42
1743.34
1373.59
745.362
35.1988
-562.13
-884.837
-862.964
-608.479
-169.986
385.854
998.459
1532.77
1868.85
2011.54
1942.97
1722.16
1385.74
906.802
394.36
-27.9885
-281.432
-333.683
-222.238
12.6319
320.063
639.645
927.286
1161.11
1287.66
1300.33
1206.07
1026.41
877.813
838.581
934.577
1153.3
1386.09
1605.86
1786.74
1881.17
1860.17
1663.49
1145.14
199.59
-1072.32
-2327.9
-3199.51
-3509.72
-3269.47
-2734.11
-2092.17
-1428.18
-709.683
-113.569
141.437
-17.9202
-567.511
-1336.35
-1955.72
-2147.72
-1953.47
-1439.98
-845.779
-285.078
221.115
640.339
849.691
671.412
21.3115
-1035.69
-2199.45
-3084.42
-3459.2
-3240.48
-2592.98
-1748.28
-794.222
170.947
1004.36
1558.47
1716.78
1507.6
1019.98
427.516
-150.197
-630.525
-923.027
-1049.4
-953.579
-642.85
-169.292
372.661
825.214
1097.41
1159.38
1076.92
936.139
826.95
737.724
636.867
559.619
502.681
425.259
349.053
260.174
103.42
-78.6773
-272.406
-424.125
-463.704
-357.292
-111.486
200.979
540.871
882.326
1201.91
1430.01
1550.83
1528.26
1482.09
1489.38
1510.21
1451.71
1251.9
890.138
436.716
28.0816
-285.251
-425.861
-403.641
-231.438
132.757
645.894
1229.68
1729.45
1993.66
2011.02
1746.64
1310.92
802.821
361.898
110.19
102.552
410.504
951.068
1639.01
2230.27
2317.76
1708.97
562.223
-713.675
-1748.46
-2432.93
-2860.83
-3167.22
-3285.78
-3064.63
-2550.45
-1917.19
-1346.42
-1041.59
-1015.9
-1072.49
-1000.8
-803.596
-504.15
-164.605
96.6503
364.329
653.879
859.759
795.877
286.386
-651.703
-1839.76
-2917.59
-3594.08
-3773.75
-3517.87
-2958.74
-2137.99
-1142.1
-107.493
787.892
1286.62
1358.66
1104.52
736.509
397.832
169.559
54.6411
-19.8297
-47.6044
3.43157
161.053
328.395
414.67
285.344
-25.3846
-314.588
-433.499
-322.747
-56.1104
281.005
608.572
883.888
1138.89
1259.54
1220.31
961.484
455.638
-138.393
-674.791
-994.2
-1015.9
-760.024
-329.864
240.037
911.316
1593.7
2138.26
2422.08
2451.42
2247.28
1947.31
1618.53
1280.55
944.819
657.698
387.416
128.938
-69.9977
-177.451
-161.828
-20.0033
249.064
598.156
1069.8
1570.27
1950.61
2158.92
2173.33
2040.36
1766.78
1438.86
1090.29
784.767
659.434
734.426
899.164
843.441
403.734
-321.879
-1067.28
-1530.77
-1663.74
-1699.16
-1823.1
-2029.85
-2118.55
-2028.28
-1817.89
-1674.68
-1732.14
-1894.97
-1926.73
-1646.73
-1098.88
-449.99
30.5119
281.005
384.986
459.457
525.422
382.729
-56.4575
-898.724
-1921.87
-2803.37
-3312.34
-3396.01
-3167.57
-2741.57
-2188.34
-1513.24
-780.855
-131.102
268.506
384.118
327.527
233.267
156.539
197.16
327.527
440.362
511.881
559.272
551.808
512.749
392.971
116.093
-233.868
-516.649
-603.271
-469.085
-133.879
291.246
670.197
977.107
1236.8
1356.23
1321.51
1057.48
583.401
-30.766
-602.403
-941.948
-968.855
-736.242
-334.899
140.395
659.608
1225.52
1650.12
1898.7
1938.46
1810.35
1651.86
1536.42
1496.49
1461.08
1452.57
1460.04
1400.84
1294.09
1093.41
804.904
460.498
157.06
-33.3699
11.0696
298.364
705.61
1119.28
1446.85
1710.01
1942.1
2143.47
2261.16
2292.58
2281.82
2078.37
1551.17
738.071
-152.974
-820.608
-1151.3
-1286.88
-1432.52
-1695.51
-1989.57
-2182.78
-2283.12
-2430.32
-2647.83
-2913.08
-3102.47
-2871.94
-2154.49
-1120.23
3.43157
899.859
1456.22
1736.4
1766.6
1541.28
971.899
5.34108
-1307.53
-2683.25
-3791.98
-4368.65
-4387.05
-4037.26
-3485.59
-2782.89
-1956.24
-1088.63
-316.845
195.598
411.545
452.513
444.875
426.648
429.946
405.47
284.997
127.55
-7.85189
-84.2322
-117.388
-175.368
-395.482
-687.637
-879.803
-791.271
-417.007
138.659
773.31
1315.78
1627.55
1703.94
1505.69
1059.91
495.911
-140.823
-784.501
-1251.98
-1393.29
-1201.82
-680.346
36.5876
819.486
1605.68
2282.17
2713.54
2832.8
2689.07
2328.34
1814.51
1226.56
658.914
238.127
-15.8371
-97.5988
39.7122
282.22
584.096
877.813
1095.67
1287.32
1452.57
1568.01
1579.12
1498.23
1317.17
1143.06
1088.55
1154.52
1260.23
1361.79
1445.8
1424.63
1155.73
604.927
-10.1086
-416.487
-400.169
-74.6847
208.096
235.176
-0.387448
-390.448
-863.659
-1553.86
-2437.96
-3420.49
-4271.96
-4596.75
-4192.63
-3188.92
-1805.39
-357.465
823.826
1753.93
2439.27
2706.43
2487.53
1704.63
334.297
-1282.71
-2728.55
-3724.97
-4190.2
-4198.18
-3907.76
-3368.07
-2656.69
-1889.59
-1230.98
-836.926
-671.84
-574.976
-443.567
-202.448
114.704
413.281
651.102
796.572
838.581
756.472
550.072
199.069
-318.928
-886.573
-1326.45
-1451.27
-1203.9
-662.64
11.9376
667.593
1244.79
1640.75
1759.83
1563.67
1042.55
293.503
-540.084
-1219
-1574.34
-1541.53
-1115.02
-387.15
514.312
1482.61
2374.69
3009.69
3241.44
3045.8
2540.13
1919.02
1288.88
733.732
328.742
143.346
223.893
502.508
870.695
1241.31
1593.7
1925.26
2216.38
2393.96
2439.79
2336.68
2099.38
1754.45
1390.6
1055.22
772.269
546.426
413.455
323.882
129.286
-268.239
-801.86
-1234.45
-1313.61
-903.238
-231.785
364.849
727.309
903.504
854.204
564.827
-47.6044
-960.176
-2057.62
-3039.8
-3515.1
-3424.48
-2871.77
-2089.04
-1353.71
-724.959
-88.2248
533.58
982.488
1144.1
895.172
250.8
-541.473
-1293.99
-1933.85
-2373.04
-2685.68
-2867.77
-2880.97
-2759.11
-2554.96
-2319.22
-2021.86
-1609.41
-1001.49
-273.794
439.147
937.875
1112.68
987.523
653.879
214.866
-263.032
-786.237
-1325.93
-1775.71
-1907.47
-1729.53
-1202.51
-430.721
361.725
1048.28
1527.22
1690.57
1527.39
1073.1
414.67
-343.925
-1082.21
-1662.35
-1980.72
-1949.82
-1558.37
-862.791
4.47312
938.222
1840.9
2587.86
2998.23
3019.24
2722.22
2231.83
1706.54
1212.15
760.465
424.912
298.711
429.773
779.733
1154.17
1476.01
1690.57
1827.01
1950.26
2044.35
2080.46
2075.25
2108.75
2224.19
2410.97
2656.09
2871.17
2983.48
2888.52
2304.56
1193.75
-228.834
-1605.76
-2465.39
-2667.62
-2418.52
-1903.82
-1317.08
-691.109
-68.2618
285.865
194.209
-400.169
-1423.84
-2470.94
-2998.14
-2874.89
-2183.3
-1139.15
-133.532
701.791
1391.3
1848.36
1897.14
1369.25
208.964
-1354.05
-2889.99
-4002.89
-4487.38
-4368.82
-3851.52
-3071.57
-2133.31
-1163.45
-347.744
149.943
212.957
-54.548
-410.758
-659.515
-655.001
-430.027
-51.7706
391.582
785.635
994.987
964.782
607.878
-105.584
-995.241
-1889.76
-2568.68
-2819.34
-2571.11
-1868.23
-829.114
346.969
1403.27
2160.65
2522.07
2379.73
1762.78
791.885
-327.955
-1317.25
-2030.89
-2340.06
-2194.59
-1663.57
-781.203
334.297
1423.41
2312.89
2831.41
2920.12
2615.99
2045.39
1394.25
800.564
431.682
349.4
540.871
986.134
1516.98
2004.08
2331.3
2444.65
2382.16
2230.27
1990.53
1687.1
1444.76
1345.12
1464.9
1790.73
2240.51
2669.63
2800.86
2440.14
1623.74
605.1
-242.027
-677.048
-754.469
-694.233
-670.625
-669.93
-561.783
-421.694
-454.33
-779.467
-1466.2
-2309.85
-2894.68
-2941.9
-2484.31
-1632.32
-657.953
181.71
980.405
1665.92
2071.26
2079.93
1466.64
205.492
-1322.81
-2773.34
-3865.93
-4443.29
-4573.66
-4414.65
-4035.7
-3445.14
-2716.4
-1904.69
-1124.22
-452.246
94.0464
484.801
696.236
774.873
739.286
630.445
449.215
212.609
-43.4382
-284.731
-546.68
-832.239
-1131.86
-1397.11
-1550.39
-1533.9
-1296.94
-923.027
-459.017
-3.68569
322.146
496.605
508.93
398.873
142.652
-228.487
-636.08
-967.466
-1083.43
-934.137
-493.908
126.508
846.913
1538.5
2105.11
2481.8
2607.65
2481.8
2083.06
1450.32
663.774
-41.1815
-455.892
-533.14
-265.115
264.687
908.712
1570.27
2218.46
2798.78
3218.7
3416.76
3335.52
2994.07
2505.75
2102.5
1993.31
2193.29
2429.37
2314.98
1703.41
839.97
101.858
-251.922
-315.109
-358.854
-555.36
-788.146
-790.577
-553.277
-325.872
-326.219
-702.218
-1330.62
-1781.44
-1775.36
-1489.11
-1029.96
-538.348
-160.265
301.836
864.099
1369.77
1651.86
1429.49
633.222
-510.4
-1733.7
-2739.84
-3351.05
-3670.81
-3802.74
-3775.83
-3538.01
-3010.81
-2306.21
-1608.71
-1051.66
-649.273
-363.194
-137.178
56.2034
152.026
134.84
67.6605
-11.3237
-39.7927
-9.5878
49.9541
-2.29696
-211.648
-500.158
-751.518
-871.817
-827.378
-692.844
-561.436
-418.57
-255.567
-121.034
-58.3671
-170.854
-515.607
-1073.01
-1699.33
-2215.42
-2483.44
-2384.15
-1913.02
-1069.36
72.8682
1368.04
2637.68
3630.98
4161.82
4218.41
3810.99
3034.69
1980.29
844.483
-241.506
-1083.77
-1551.43
-1656.8
-1377.84
-690.761
248.196
1269.61
2255.61
3097.01
3736.17
4094.64
4142.03
3912.54
3576.29
3248.21
2796.87
2042.27
1093.59
190.043
-351.39
-425.687
-223.8
-75.7262
-3.85928
95.4351
173.725
165.219
-75.0318
-641.982
-1430.44
-2124.98
-2350.12
-2074.11
-1433.73
-632.261
109.322
740.502
1348.07
1846.63
2048.86
1803.58
985.092
-184.568
-1362.73
-2242.32
-2718.66
-2845.73
-2823.68
-2700.26
-2454.8
-2198.06
-1976.21
-1887.33
-1909.2
-1908.51
-1808.17
-1562.19
-1220.91
-896.467
-641.982
-487.138
-398.086
-282.474
-114.784
46.8295
91.9633
-26.947
-270.496
-470.474
-502.762
-288.029
71.1323
460.151
766.02
886.666
809.938
565.868
273.193
-123.29
-677.221
-1352.32
-1980.72
-2402.37
-2486.91
-2283.99
-1855.56
-1236.71
-443.74
449.562
1243.92
1823.02
2146.94
2244.67
2172.81
1976.82
1736.05
1484.86
1226.38
947.77
706.998
613.606
705.263
964.608
1222.04
1400.32
1449.1
1415.77
1364.39
1317.17
1318.74
1438.17
1690.74
1824.93
1665.57
1301.03
936.313
880.937
1138.55
1472.71
1601.34
1417.34
1137.85
870.175
525.074
45.6143
-582.093
-1311.7
-1888.54
-1935.76
-1475.05
-691.629
144.562
655.615
849.864
962.873
1062.86
1103.48
884.062
303.051
-514.392
-1283.58
-1744.29
-1848.79
-1705.75
-1609.58
-1690.82
-1927.78
-2181.57
-2295.96
-2210.21
-1968.22
-1610.97
-1143.14
-503.282
283.956
1062.86
1568.88
1614.19
1113.2
153.762
-963.995
-2069.08
-2989.29
-3628.45
-3827.21
-3500.17
-2629.43
-1279.58
191.084
1510.38
2420.17
2716.84
2427.29
1696.12
745.015
-287.334
-1254.76
-2021.17
-2404.63
-2378.42
-1931.77
-1216.57
-456.76
150.116
503.549
645.894
604.406
510.84
449.562
513.965
667.246
950.548
1346.16
1710.88
1873.53
1736.05
1250.34
569.167
-37.8832
-449.295
-619.242
-519.426
-75.2054
717.588
1724.59
2812.49
3830.26
4490.6
4442.52
3553.21
1988.63
288.816
-971.98
-1587.36
-1795.67
-1725.71
-1434.08
-761.587
269.027
1234.89
1689.7
1447.54
705.089
-101.244
-535.05
-654.134
-529.842
-255.394
96.4767
598.677
1338.7
2067.44
2481.1
2381.98
1582.59
349.92
-921.812
-1851.74
-2299.26
-2364.88
-2243.54
-2043.39
-1738.04
-1328.19
-883.622
-581.919
-536.612
-711.766
-912.264
-964.168
-825.121
-553.798
-267.545
-46.3892
131.889
299.752
503.549
680.613
610.308
148.728
-562.304
-1319.34
-1865.98
-2027.59
-1846.88
-1465.5
-926.672
-307.471
288.469
744.841
911.316
725.92
179.28
-596.675
-1315
-1722.24
-1729.01
-1386.17
-794.569
-149.329
497.821
1089.25
1418.72
1434.87
1097.75
470.219
-166.688
-664.375
-870.429
-711.766
-260.081
309.994
841.358
1256.59
1537.98
1708.97
1713.31
1499.44
1053.83
502.855
128.418
67.4869
341.067
759.944
1031.09
986.828
808.723
731.475
852.295
1084.56
1152.09
896.04
448.347
188.133
148.381
137.791
-17.0522
-511.615
-1140.19
-1483.9
-1323.33
-807.068
-152.454
462.234
936.487
1470.98
2090
2651.22
2948.24
2732.99
1920.23
792.406
-386.108
-1351.45
-1960.76
-2354.12
-2644.36
-2797.3
-2744.52
-2469.38
-2001.2
-1408.56
-770.266
-58.7142
653.706
1270.3
1712.09
1868.15
1713.14
1295.47
673.842
-36.6681
-669.583
-1195.39
-1671.55
-2065.95
-2279.3
-2216.28
-1826.22
-1151.3
-400.516
236.044
718.629
990.474
1053.49
891.353
523.165
-110.965
-926.499
-1720.51
-2260.55
-2375.82
-2064.74
-1420.02
-584.87
368.842
1346.16
2194.33
2670.49
2679
2209.09
1416.64
548.509
-256.956
-893.864
-1334.96
-1491.19
-1372.63
-1053.22
-593.203
-33.5434
542.781
1071.71
1487.12
1755.67
1846.45
1833.61
1822.67
1684.84
1183.16
227.538
-923.374
-1797.41
-2054.67
-1722.07
-1185.84
-733.465
-346.876
53.0788
579.929
986.828
1035.26
637.735
-80.066
-731.208
-924.416
-692.671
-318.581
1.17488
91.7897
169.906
492.266
1009.05
1484.17
1658.97
1347.03
779.213
287.427
76.5136
137.271
289.163
262.257
47.871
-300.007
-730.34
-1150.61
-1598.3
-2006.41
-2292.14
-2252.22
-1800.36
-1015.38
35.546
1098.45
1963.11
2478.5
2605.57
2414.27
1902.52
1094.11
12.4583
-1177.34
-2223.75
-2794.34
-2776.29
-2326.52
-1599.34
-818.004
-134.921
377.001
706.478
811.327
610.308
66.7925
-739.888
-1554.38
-2095.99
-2163.51
-1784.74
-1056.69
-146.552
822.437
1716.95
2381.81
2715.28
2649.14
2223.49
1493.02
638.256
-204.01
-866.783
-1231.5
-1313.09
-1167.44
-838.141
-380.9
181.71
768.797
1330.54
1809.31
2148.5
2319.49
2396.57
2427.99
2156.31
1381.92
177.197
-1101.13
-2052.76
-2375.29
-2275.65
-2105.01
-1872.05
-1450.4
-835.363
-170.507
260.521
228.406
-210.781
-749.783
-1002.01
-876.852
-547.027
-200.712
-4.20646
66.7925
232.052
536.358
891.874
1121.01
985.613
515.18
-44.6533
-469.953
-576.712
-475.681
-277.266
-160.265
-116.52
-117.215
-173.805
-356.424
-623.408
-903.411
-1055.13
-932.054
-568.9
-63.2276
488.62
1023.8
1450.32
1715.74
1780.66
1650.82
1265.96
668.635
-60.7973
-773.565
-1294.17
-1446.23
-1248.16
-812.623
-244.631
290.899
684.779
904.199
954.54
755.778
304.092
-360.069
-1131.68
-1832.65
-2298.91
-2361.75
-2033.49
-1382.18
-466.307
581.665
1539.02
2262.38
2663.38
2715.8
2463.75
1927.52
1229.86
454.943
-298.097
-904.626
-1273.68
-1346.24
-1119.53
-670.451
-8.54625
810.459
1639.36
2338.41
2810.23
3004.83
2933.66
2412.02
1390.95
89.7066
-1097.83
-1740.82
-1781.44
-1470.01
-1154.42
-946.462
-747.005
-488.527
-352.084
-464.571
-843.522
-1362.56
-1683.53
-1585.28
-1116.76
-436.97
164.525
457.2
514.833
620.723
753.174
776.435
518.304
-145.857
-954.273
-1525.39
-1655.06
-1351.1
-817.136
-373.262
-103.501
-7.33111
-69.4769
-299.312
-617.679
-988.124
-1320.38
-1382.7
-1049.05
-380.553
493.481
1362.31
2004.77
2325.57
2359.24
2145.38
1709.66
1002.1
118.349
-749.435
-1468.45
-1827.79
-1734.57
-1287.4
-600.32
246.113
1029.88
1622.17
1901.14
1859.13
1487.99
785.809
-146.725
-1102.17
-1900
-2364.36
-2383.28
-1958.5
-1192.61
-118.603
1085.08
2187.21
3016.29
3398.71
3353.75
2936.61
2228.18
1331.23
437.063
-339.933
-885.705
-1166.4
-1262.4
-1157.72
-866.436
-409.369
220.768
930.932
1621.31
2233.22
2685.42
2718.06
2189.47
1322.03
423.35
-159.571
-302.61
-277.787
-341.148
-608.305
-921.985
-1104.08
-1246.6
-1459.25
-1848.44
-2320.27
-2508.09
-2054.15
-1126.82
47.871
1094.11
1692.48
1807.92
1650.82
1266.31
664.642
-145.336
-1254.76
-2404.46
-3219.12
-3402.44
-2925.41
-1991.66
-1018.68
-238.555
328.048
703.179
762.201
414.323
-306.777
-1200.95
-1930.9
-2260.03
-2088.87
-1558.03
-820.781
13.1527
863.231
1668.87
2356.81
2715.8
2560.26
1816.94
705.436
-477.417
-1287.74
-1593.09
-1539.62
-1231.5
-733.812
-33.8906
740.675
1447.71
1811.39
1697.17
1113.03
200.805
-674.444
-1326.63
-1641.18
-1630.24
-1370.03
-879.108
-99.5083
938.743
1970.75
2762.32
3160.37
3153.95
2859.53
2439.44
1869.89
1239.23
597.983
13.1527
-498.943
-815.4
-863.311
-681.735
-296.535
191.084
804.904
1451.88
2005.98
2126.8
1596.31
608.398
-371.353
-942.99
-942.122
-627.227
-302.437
-88.7456
50.6485
197.507
231.878
0.654102
-603.966
-1442.07
-2195.45
-2340.75
-1772.93
-639.552
598.156
1514.2
1992.62
2084.1
1851.84
1240.1
231.357
-1210.32
-2815.52
-4091.07
-4574.01
-4091.25
-2849.72
-1371.59
-166.688
670.718
1184.9
1415.25
1357.97
929.369
98.2126
-947.156
-1793.24
-2224.44
-2231.91
-1972.04
-1603.16
-1242.26
-799.083
-69.8241
847.26
1530.86
1758.27
1549.79
1067.2
591.386
321.972
219.206
101.337
-26.4262
-205.052
-382.115
-457.281
-355.556
-155.231
-50.2082
-155.405
-336.808
-460.752
-408.328
-176.062
109.322
381.514
658.74
1039.25
1467.5
1877.01
2180.62
2317.93
2257
2102.68
1897.49
1698.9
1524.27
1185.24
737.898
304.96
25.1305
-2.29696
157.06
426.474
769.665
1174.83
1403.97
1180.56
471.435
-371.353
-929.276
-1028.92
-796.999
-523.419
-345.835
-85.2738
437.584
943.604
1099.49
697.277
-259.213
-1484.94
-2358.63
-2556.52
-2207.95
-1398.49
-355.903
684.258
1793.68
2873.6
3520.57
3440.03
2390.49
575.069
-1482.69
-3282.31
-4469.33
-5000
-4954.69
-4446.59
-3390.63
-1949.65
-375.866
1011.3
1874.4
2167.95
2055.81
1794.2
1465.25
1044.29
494.869
-173.111
-869.908
-1396.06
-1648.64
-1683.36
-1741.51
-1912.5
-2182.61
-2302.21
-2000.34
-1314.65
-438.533
414.67
1119.28
1711.05
2207.18
2450.9
2320.19
1765.73
832.332
-242.374
-1195.57
-1852.26
-2182.09
-2240.93
-2128.79
-1774.49
-1127.34
-208.871
878.333
1833.09
2519.3
2939.56
3185.19
3314.17
3307.23
3105.69
2689.07
2121.25
1444.07
731.648
111.058
-310.422
-532.619
-519.253
-191.685
316.764
671.586
555.627
-10.6294
-650.662
-913.479
-630.004
-27.9885
469.699
641.034
670.197
769.144
834.762
651.276
43.5312
-951.322
-2015.79
-2580.31
-2484.48
-1874.66
-901.502
113.489
1023.46
1923.88
2791.66
3365.73
3401.49
2672.92
1213.54
-505.192
-2022.04
-3073.31
-3604.32
-3778.09
-3686.43
-3227.98
-2479.28
-1527.82
-528.8
309.994
926.245
1367.69
1653.07
1832.91
1949.91
1986.02
1812.95
1423.76
873.473
319.021
-168.077
-699.788
-1315.69
-2036.79
-2649.92
-2957.17
-2875.93
-2520.59
-1976.9
-1242.96
-400.169
367.28
883.715
1114.59
1093.59
821.048
362.94
-129.366
-540.257
-703.607
-655.001
-592.682
-572.893
-515.955
-368.228
-175.021
59.6753
288.122
506.153
849.691
1271
1679.46
1998.87
2218.29
2349.52
2294.32
2052.51
1743.17
1420.81
1123.1
947.596
882.847
737.03
229.795
-714.717
-1842.72
-2712.76
-2877.15
-2399.94
-1681.1
-939.518
-179.187
763.069
1764.17
2425.9
2408.02
1756.71
735.12
-175.194
-771.134
-1175.43
-1409.08
-1483.73
-1384.61
-982.222
-190.644
692.59
1389.21
1616.97
1224.48
548.336
-48.2987
-352.778
-539.389
-876.678
-1444.5
-1978.12
-2183.48
-1983.5
-1550.04
-1169.87
-925.284
-647.711
-132.317
615.689
1365.78
1928.22
2201.8
2192.94
2191.03
2304.74
2395.87
2187.04
1571.31
569.167
-507.101
-1312.05
-1772.06
-2017.7
-2219.24
-2356.89
-2335.89
-2043.04
-1430.78
-659.862
-48.8195
258.958
232.573
79.8119
-48.6459
-75.8998
-102.633
-293.41
-633.129
-832.586
-743.88
-469.085
-155.752
-38.7512
-83.5378
-70.5185
205.319
793.621
1487.81
1976.3
2116.04
1885.86
1384.87
932.32
673.148
540.871
403.907
260.174
15.583
-424.645
-994.026
-1470.53
-1737.69
-1605.42
-1143.84
-679.478
-318.928
-22.6072
303.919
563.091
632.007
381.861
-60.103
-473.077
-542.514
-256.088
185.703
654.574
925.377
1038.38
1110.25
1219.27
1222.57
962.873
352.524
-514.739
-1255.63
-1640.83
-1567.57
-1283.75
-1088.63
-1115.89
-1171.61
-1069.71
-841.786
-539.216
-376.561
-349.654
-238.555
111.232
686.515
1344.08
1907.21
2314.28
2591.16
2724.48
2746.18
2580.23
2097.64
1251.56
195.945
-781.376
-1410.3
-1562.36
-1379.75
-1015.55
-633.65
-305.214
-29.898
194.73
325.965
293.503
80.3327
-232.132
-501.546
-606.396
-494.95
-257.477
-29.2037
135.014
191.605
129.112
-68.4354
-352.952
-615.423
-780.508
-744.228
-518.732
-185.783
194.903
541.218
796.745
902.463
877.813
700.923
426.127
135.535
-104.369
-170.854
-300.527
-771.308
-1503.86
-2255.34
-2638.11
-2470.08
-1994.43
-1430.61
-912.438
-386.802
273.54
838.581
1006.62
716.546
75.8193
-592.682
-873.033
-712.807
-332.121
91.0953
400.783
610.829
917.565
1254.16
1332.97
980.579
169.038
-876.331
-1665.13
-1944.09
-1723.46
-1220.04
-623.061
-93.9533
351.136
683.39
866.182
873.473
651.276
333.082
87.2763
29.1231
128.938
359.642
551.634
641.207
747.619
986.307
1369.6
1826.14
2107.71
2015.01
1645.96
1307.28
1118.06
1137.85
1239.92
1170.49
893.089
442.792
-60.4502
-541.125
-940.733
-1304.93
-1635.27
-1825.7
-1719.64
-1201.47
-356.077
536.879
1167.88
1510.03
1640.4
1653.77
1481.39
1047.41
377.522
-306.95
-693.192
-670.625
-335.766
122.168
552.328
772.095
782.684
609.787
364.849
156.539
10.7224
-76.5942
-209.739
-606.917
-1399.71
-2297.53
-3028
-3376.57
-3313.9
-3106.46
-2912.04
-2677.52
-2137.13
-1276.98
-387.844
237.086
477.337
452.34
463.97
709.255
995.334
1092.72
920.863
563.438
192.126
27.908
-3.5121
-129.887
-495.818
-1105.47
-1719.99
-2028.98
-1969.09
-1665.65
-1381.48
-1226.64
-1122.31
-889.524
-468.043
48.3918
520.214
875.73
1242.01
1698.21
2207.87
2611.82
2770.66
2557.66
2011.19
1339.57
798.308
487.405
421.093
461.019
338.811
194.556
211.221
480.809
889.964
1254.85
1352.76
1242.7
1102.44
978.149
891.874
791.364
587.394
231.531
-172.938
-498.769
-648.926
-638.337
-567.338
-493.908
-423.083
-246.714
93.8728
504.764
783.552
868.959
870.695
823.999
871.043
1054.53
1254.51
1354.84
1294.95
1023.11
596.768
161.921
-192.206
-402.078
-532.619
-734.854
-1200.08
-2007.28
-2951.97
-3537.32
-3592.35
-3141.7
-2497.16
-2006.41
-1689.09
-1320.38
-804.117
-452.594
-454.85
-868.866
-1534.76
-1937.32
-1722.94
-953.926
-20.5241
737.551
1101.23
1172.74
1275.86
1369.08
1204.34
603.885
-503.109
-1859.03
-2858.57
-3172.95
-2927.49
-2395.26
-1939.58
-1649.68
-1293.3
-787.452
-226.751
203.583
383.25
438.799
656.657
1113.2
1717.13
2265.5
2577.27
2577.62
2441.35
2363.06
2323.83
2236.86
1870.93
1099.32
157.755
-552.062
-744.401
-403.988
201.673
773.484
1189.58
1483.13
1719.56
1849.23
1752.71
1379.84
730.086
-42.5702
-674.27
-1014.86
-992.116
-617.853
-19.1353
659.782
1338.35
1847.32
2085.66
1980.29
1619.22
1201.73
788.587
438.799
207.575
93.0048
175.808
442.445
730.086
907.497
971.726
1034.74
1167.19
1247.56
1146.19
532.192
-749.262
-2338.67
-3691.64
-4364.48
-4238.8
-3630.19
-2956.13
-2275.65
-1470.01
-461.273
395.401
682.001
247.675
-708.294
-1637.36
-2005.89
-1680.41
-1043.67
-448.775
-85.6209
133.105
444.007
869.48
1076.4
714.463
-260.948
-1650.38
-2847.12
-3421.53
-3350.71
-2898.85
-2355.85
-1831.78
-1177.51
-310.249
458.936
846.045
685.994
219.206
-75.2054
-1.77618
394.013
867.05
1227.95
1467.33
1687.1
2016.05
2355.77
2422.6
2032.54
1167.71
107.413
-687.29
-943.684
-699.962
-127.457
437.411
1023.63
1637.8
2173.67
2502.63
2432.67
1906.69
1090.64
279.789
-346.876
-711.072
-881.018
-892.996
-816.789
-537.654
-49.3403
513.965
1037
1353.11
1513.51
1664.88
1900.96
2206.48
2464.09
2601.23
2572.07
2345.7
1920.06
1269.96
479.246
-312.852
-942.469
-1329.4
-1493.28
-1694.64
-2172.19
-2723.17
-3024.7
-2829.76
-2135.74
-1311
-694.407
-335.246
-61.8389
295.76
559.793
488.794
-18.6146
-856.889
-1604.2
-1822.93
-1530.42
-1055.82
-665.938
-479.327
-359.722
-34.0642
411.893
668.808
465.185
-227.445
-1181.33
-1939.23
-2261.07
-2220.45
-2040.26
-2007.8
-2139.73
-2139.9
-1785.6
-1190.18
-574.976
-177.972
41.6217
333.776
864.446
1539.54
2032.2
2155.97
1967.97
1631.37
1401.36
1382.44
1356.58
1040.12
332.214
-552.235
-1257.89
-1491.37
-1172.83
-617.853
-104.716
399.741
913.572
1497.53
2047.65
2321.92
2178.19
1670.78
952.978
349.747
-39.272
-267.198
-349.133
-308.339
-122.422
251.668
709.255
1048.97
1154.86
1056.61
973.809
1029.01
1266.83
1603.77
1886.21
1990.01
1948.18
1811.91
1656.2
1510.03
1299.12
958.533
484.628
-41.8758
-776.863
-1773.97
-2741.4
-3379.52
-3529.33
-3197.08
-2604.09
-1980.03
-1380.44
-748.915
-171.375
115.398
10.028
-385.24
-878.067
-1105.3
-880.497
-356.25
259.479
841.011
1234.02
1478.44
1608.98
1525.14
1086.64
302.356
-766.621
-1905.21
-2751.12
-3211.83
-3296.55
-3120
-2832.19
-2427.37
-1881.43
-1340.17
-885.184
-606.049
-435.408
-109.403
476.642
1230.9
1960.5
2484.23
2725.7
2790.79
2761.8
2663.03
2379.03
1814.86
927.633
-201.059
-1291.56
-2041.65
-2334.33
-2266.8
-1901.39
-1321.25
-543.903
344.886
1162.85
1700.29
1903.22
1770.42
1470.8
1090.81
707.519
339.852
-5.07442
-300.007
-477.764
-469.432
-298.097
-55.416
125.987
317.112
554.238
974.503
1528.43
2023.86
2331.82
2430.07
2383.55
2191.9
1848.71
1376.54
861.495
447.653
117.828
-218.939
-773.738
-1698.46
-2626.13
-3191.18
-3199.33
-2666.06
-2000.16
-1419.85
-938.129
-465.092
18.3604
245.418
85.1932
-346.876
-831.197
-1029.27
-727.736
-134.921
415.365
793.621
888.749
814.278
749.702
642.596
318.5
-314.068
-1166.23
-1957.46
-2317.14
-2133.83
-1610.1
-1095.75
-847.167
-827.725
-815.4
-724.785
-624.97
-665.764
-870.429
-1021.97
-811.234
-177.277
613.953
1294.43
1681.37
1820.07
1949.22
2221.41
2518.43
2613.03
2344.31
1688.14
855.593
169.906
-285.251
-574.281
-847.167
-1102.52
-1229.94
-1139.67
-843.869
-528.453
-270.322
-98.8139
94.7408
437.758
941.868
1439.38
1687.1
1633.8
1350.33
997.591
692.59
374.744
-46.3892
-563.692
-952.885
-921.291
-443.393
295.76
1050.02
1675.29
2135.66
2424.34
2475.03
2197.11
1637.28
1011.13
438.973
-0.0402647
-468.39
-1270.21
-2242.5
-3008.9
-3150.38
-2682.73
-2024.81
-1530.25
-1326.45
-1208.93
-910.702
-622.54
-681.735
-979.444
-1395.02
-1523.65
-1055.65
-124.853
826.429
1532.08
1896.45
1882.56
1806.7
1699.6
1417.34
800.391
-170.854
-1227.16
-1928.12
-2101.54
-1868.93
-1564.45
-1483.55
-1646.21
-1826.4
-1802.96
-1536.33
-1158.59
-741.971
-351.216
129.633
824.173
1688.49
2496.55
2919.6
2847.04
2434.41
1948.35
1613.84
1466.11
1259.37
772.616
149.769
-331.253
-572.025
-486.791
-233.347
-62.7068
80.5063
281.005
510.493
725.92
721.927
453.728
-90.6551
-624.97
-879.629
-848.209
-591.12
-309.728
-85.6209
245.071
848.649
1556.21
2103.2
2170.03
1720.08
1035.26
387.59
-18.2674
-159.918
-162.522
-87.704
97.3446
354.434
680.439
960.269
1123.97
1072.06
801.259
241.946
-694.233
-1837.68
-2759.63
-3109.93
-2830.1
-2205.35
-1628.33
-1201.47
-820.434
-427.423
-276.919
-674.791
-1536.67
-2544.2
-3161.32
-2924.54
-1946.35
-671.84
502.681
1444.07
2137.05
2672.58
2983.48
2791.14
1923.36
501.466
-1086.72
-2258.29
-2691.93
-2538.12
-2092.69
-1708.36
-1372.11
-923.721
-410.237
-10.1086
-18.9618
-390.795
-771.481
-858.277
-502.067
171.815
762.201
1166.5
1435.91
1703.24
2224.36
2887.14
3342.99
3352.01
2866.83
2056.5
1224.13
528.72
-65.4843
-682.603
-1292.08
-1620.17
-1488.24
-917.993
-128.498
549.551
924.335
984.398
865.835
775.22
745.883
658.914
467.963
183.272
-69.3033
-30.9396
245.592
517.61
609.787
514.312
443.834
538.441
760.985
968.427
1040.99
986.481
930.237
920.169
924.162
875.556
720.365
509.278
301.836
92.6577
-454.156
-1483.21
-2765.01
-3800.13
-4075.1
-3632.1
-2890.51
-2159
-1517.93
-813.838
60.3696
667.767
614.821
-5.42161
-845.432
-1410.65
-1367.25
-882.059
-405.03
-132.664
-47.2572
-30.5924
225.976
621.418
817.056
560.661
-100.029
-792.486
-1101.48
-934.137
-656.217
-599.105
-824.601
-1046.1
-993.505
-705.864
-424.298
-365.103
-449.295
-460.926
-213.732
317.806
829.207
1107.82
1156.08
1090.98
1173.09
1621.31
2256.48
2746.53
2856.58
2510.44
1906.34
1306.24
754.563
129.98
-590.252
-1208.41
-1454.91
-1231.33
-645.975
22.8738
582.36
992.036
1240.27
1392.34
1469.41
1424.97
1150.35
636.694
47.871
-377.428
-476.549
-353.646
-235.257
-197.067
-159.224
128.244
730.954
1398.41
1860.17
1982.38
1861.21
1671.47
1542.49
1372.55
1052.45
619.682
127.55
-360.59
-828.246
-1501.61
-2520.59
-3587.48
-4158.95
-3983.27
-3184.58
-2168.72
-1337.91
-782.418
-243.589
218.338
240.037
-276.225
-1207.02
-2165.94
-2599.57
-2241.28
-1434.95
-592.508
111.058
613.085
994.119
1398.41
1681.89
1482.43
769.318
-261.469
-1202.86
-1641.7
-1564.62
-1302.32
-1219.87
-1280.8
-1311
-1158.94
-786.41
-414.577
-159.571
84.6725
470.046
984.398
1483.65
1771.12
1712.96
1297.04
734.079
429.078
529.067
980.058
1659.5
2195.2
2367.23
2355.95
2286.68
1942.97
1330.37
504.417
-414.23
-1105.82
-1307.88
-1117.97
-683.297
-154.19
261.91
494.696
578.888
658.74
692.417
678.703
541.566
389.847
421.267
773.831
1221.52
1460.04
1368.38
1067.03
840.838
741.196
747.792
713.074
625.237
591.386
689.639
842.4
962.873
997.764
910.274
733.558
472.476
-73.6431
-1079.09
-2354.46
-3358.34
-3772.71
-3478.99
-2727.51
-2032.8
-1529.04
-1008.61
-418.917
-14.622
-33.5434
-571.678
-1461.86
-2039.92
-1911.98
-1229.94
-457.628
1.86924
95.6087
36.7612
96.4767
286.039
382.209
137.097
-406.418
-1006.7
-1319.86
-1168.66
-783.806
-577.927
-731.208
-1049.23
-1166.58
-938.824
-509.358
-160.265
-1.60259
183.446
499.904
927.113
1213.02
1156.95
797.266
389.499
258.438
550.419
1282.45
2101.29
2704.34
2901.72
2774.13
2418.79
1894.37
1182.81
271.978
-672.187
-1372.46
-1604.72
-1363.6
-835.884
-244.804
301.836
659.955
840.143
931.973
910.969
726.614
395.922
2.91079
-222.758
-134.921
213.304
541.218
619.682
597.115
612.738
844.657
1184.9
1406.57
1417.16
1261.8
1108.17
975.545
865.835
672.454
394.36
120.606
-113.743
-275.357
-635.906
-1425.4
-2537.08
-3480.38
-3727.57
-3172.77
-2162.99
-1241.74
-603.098
-80.066
484.628
877.639
672.801
-221.717
-1484.08
-2481.88
-2689.84
-2138.34
-1312.39
-649.967
-263.9
2.39002
371.272
878.854
1187.67
1025.71
387.937
-516.302
-1192.44
-1390.16
-1260.66
-1206.85
-1409.78
-1696.03
-1666.52
-1129.77
-340.974
271.978
494.175
539.135
735.467
1030.75
1176.04
1004.01
528.373
44.5728
-35.1058
523.339
1466.98
2379.38
2914.74
2849.29
2321.05
1677.72
1049.67
357.038
-355.209
-953.058
-1273.86
-1096.1
-501.72
199.764
758.208
980.405
859.065
574.027
335.512
183.099
65.0566
-122.075
-281.779
-214.773
123.904
565.695
838.928
776.088
573.854
528.025
751.438
1092.2
1305.37
1303.98
1197.57
1081.61
1019.29
885.624
613.78
248.543
-112.354
-392.531
-556.749
-810.366
-1467.41
-2424.59
-3262.52
-3447.22
-2827.5
-1831.43
-865.395
-203.316
204.624
590.171
745.709
350.441
-564.039
-1632.67
-2426.5
-2497.68
-1897.57
-1098.18
-448.948
-23.128
249.064
609.961
1137.16
1493.02
1364.74
783.552
-53.8537
-769.572
-1043.85
-1060.34
-1152.17
-1466.2
-1776.23
-1667.21
-1002.36
-26.7734
770.88
1143.06
1228.29
1271
1325.68
1174.83
678.703
-53.8537
-679.825
-811.581
-132.143
1100.01
2333.38
3111.94
3187.28
2654.52
1904.61
1174.83
390.714
-401.558
-1094.88
-1467.06
-1342.25
-758.289
-41.1815
423.523
529.414
289.337
-44.3061
-261.643
-327.26
-320.664
-313.026
-213.905
69.3964
516.221
908.018
1011.48
829.554
567.084
476.122
679.571
974.156
1208.85
1355.02
1338.7
1227.08
988.738
617.599
169.038
-243.069
-526.196
-636.601
-649.62
-814.359
-1367.25
-2198.23
-2807.54
-2786.88
-2202.57
-1478
-943.164
-677.221
-459.884
-117.909
53.5995
-330.559
-1088.81
-1886.63
-2244.75
-1834.21
-907.751
-27.4677
430.641
521.255
479.246
602.67
922.426
1072.41
765.846
88.4915
-672.013
-1141.75
-1156.68
-985.346
-1022.67
-1317.43
-1592.74
-1422.1
-715.411
250.8
944.645
1172.22
1169.45
1194.62
1299.29
1271.34
872.258
246.807
-211.128
-187.693
562.223
1715.57
2688.72
3098.92
2863.35
2185.48
1450.84
817.056
212.262
-351.737
-756.726
-833.974
-530.536
-47.778
273.714
250.452
-58.8878
-444.782
-680.519
-679.131
-495.124
-283.515
-54.3744
253.751
632.528
1048.97
1197.57
951.242
489.488
63.1471
-22.0864
283.956
711.338
1076.4
1299.29
1345.29
1288.7
1046.89
565.695
-57.4991
-645.628
-999.407
-1048.71
-916.257
-1045.93
-1666.69
-2447.51
-2839.48
-2528.06
-1760.95
-1003.75
-555.707
-409.369
-241.68
-16.0107
-114.958
-760.024
-1761.13
-2732.55
-3071.05
-2462.61
-1233.93
-92.0438
561.876
813.237
940.826
1277.07
1777.19
1928.56
1475.49
542.781
-461.794
-1046.62
-1156.85
-1056.35
-1136.37
-1413.94
-1642.56
-1501.09
-830.676
37.2819
675.752
847.26
791.711
715.678
696.583
591.213
319.542
-6.81034
-172.07
295.413
1395.12
2725.87
3770.37
4064.26
3382.39
2125.76
926.592
-80.934
-785.369
-1123.7
-1187.23
-957.051
-431.068
100.816
378.389
296.975
-53.1593
-466.828
-712.981
-623.755
-271.19
113.836
391.062
562.397
684.258
781.122
773.831
559.446
265.729
154.803
431.856
1022.41
1669.56
2124.55
2213.77
1955.99
1454.14
799.87
38.3235
-665.764
-1146.79
-1323.16
-1252.68
-1127.52
-1424.53
-2169.41
-2835.66
-2911.17
-2317.49
-1403.7
-636.601
-246.02
-79.198
93.6992
102.9
-344.446
-1159.29
-2101.02
-2818.82
-2809.97
-2112.3
-1155.12
-490.263
-200.191
-116.694
112.621
765.846
1503.44
1865.2
1689.01
1066.33
306.002
-225.189
-604.486
-1000.8
-1502.3
-2052.76
-2309.68
-1929.51
-972.153
125.64
894.825
1208.68
1178.13
993.772
831.29
597.115
316.07
145.082
313.813
1019.98
2122.99
3252.2
3912.72
3700.76
2681.78
1459.52
395.922
-313.2
-541.82
-496.686
-332.121
-105.931
138.833
253.056
179.627
-110.618
-534.182
-871.297
-881.191
-484.708
69.7436
452.86
552.502
443.313
255.66
134.146
110.538
108.975
203.756
558.925
1146.71
1781.36
2222.97
2345.7
2145.38
1616.44
939.958
264.166
-344.272
-787.973
-983.958
-943.511
-782.939
-746.311
-1251.81
-2158.13
-2887.56
-2947.45
-2238.16
-1249.73
-614.034
-426.208
-497.901
-594.592
-682.776
-1025.45
-1597.08
-2148.76
-2293.88
-1753.14
-756.379
271.457
670.544
407.032
-89.0928
-354.862
-81.2811
409.462
700.402
557.362
77.7288
-485.923
-871.817
-1001.49
-1045.06
-1063.64
-1166.75
-1163.62
-709.509
100.816
904.719
1189.41
869.133
230.142
-419.264
-710.03
-643.197
-430.374
-125.547
401.651
1244.61
2281.65
3278.06
3786.86
3443.15
2416.01
1330.71
571.25
305.307
366.064
440.882
337.422
47.5238
-255.22
-551.02
-815.4
-953.579
-999.581
-849.598
-390.448
318.327
956.276
1283.5
1215.45
841.532
416.059
44.92
-152.974
-269.628
-230.396
121.995
688.251
1385.92
1920.4
2173.15
2128.02
1778.58
1306.76
752.827
204.624
-241.68
-551.194
-612.819
-573.934
-659.862
-1224.38
-2109.35
-2767.96
-2691.93
-1851.74
-838.314
-211.128
-167.556
-532.967
-936.046
-1215.88
-1563.06
-2026.2
-2436.92
-2560.17
-2142.16
-1226.29
-293.584
115.572
-12.0181
-199.323
-54.2009
646.589
1549.79
2069
1907.38
1094.8
-51.597
-1040.37
-1641
-1843.76
-1803.31
-1702.45
-1376.45
-679.825
196.465
803.515
784.594
259.479
-275.357
-422.389
-143.08
279.095
597.983
840.664
1123.1
1572.18
2154.06
2574.67
2474.86
1865.55
1043.07
387.937
212.436
387.243
637.562
742.932
607.183
358.253
95.7823
-168.771
-475.855
-787.278
-1011.73
-967.466
-641.461
-132.838
320.931
496.432
419.357
175.808
-40.6607
-112.18
-72.2544
93.1784
457.026
1014.26
1642.83
2118.47
2279.91
2090.7
1633.46
1052.97
555.453
90.7482
-349.48
-620.978
-716.627
-575.497
-222.238
75.8193
24.9569
-624.797
-1487.89
-1991.14
-1763.38
-975.278
-261.643
-178.319
-724.265
-1481.99
-1978.98
-2035.4
-1979.68
-1976.9
-2035.92
-1986.45
-1585.28
-885.531
-292.369
-211.128
-363.888
-418.396
-19.4825
883.888
1746.81
2112.57
1727.37
703.874
-486.965
-1331.49
-1496.57
-1180.81
-816.095
-686.595
-631.567
-416.313
-139.608
-90.3079
-393.572
-818.698
-1015.55
-674.097
28.0816
681.828
1166.84
1467.16
1594.75
1770.42
1990.53
2104.41
1837.25
1185.24
446.437
-69.4769
-81.2811
336.38
831.984
1073.1
1077.96
835.803
402.866
-11.8445
-368.228
-557.964
-601.014
-584.523
-566.817
-645.28
-805.158
-1013.12
-1214.83
-1274.38
-1063.98
-588.689
143.173
1015.99
1851.31
2540.99
2939.39
2955.88
2660.43
2167.25
1577.04
949.332
317.632
-306.082
-859.319
-1209.97
-1225.94
-973.542
-489.048
92.1369
487.405
408.247
-22.0864
-379.164
-292.889
171.642
472.476
94.9144
-946.288
-2118.9
-2737.41
-2639.33
-2238.85
-1877.95
-1799.32
-1823.62
-1552.99
-970.765
-354.688
-50.729
-10.6294
70.4379
454.075
1196.35
1842.11
1897.84
1178.99
-26.5998
-1032.39
-1263.27
-710.724
103.768
557.015
454.249
0.133327
-465.787
-750.824
-927.888
-1086.2
-1135.68
-875.289
-400.69
167.823
678.356
1047.93
1225.86
1263.19
1347.55
1483.65
1630.68
1609.85
1333.66
851.427
457.374
442.445
665.336
928.501
963.393
589.998
-62.1861
-678.784
-942.816
-778.946
-262.684
217.991
303.398
-88.2248
-701.177
-1206.68
-1457.86
-1571.04
-1591.01
-1464.63
-1087.59
-355.035
495.217
1248.26
1704.63
1920.23
2086.18
2225.23
2276.61
2137.91
1715.57
1010.26
209.485
-440.789
-786.931
-830.503
-666.632
-313.026
133.972
606.142
762.374
395.575
-158.529
-328.128
90.9217
570.903
481.677
-457.281
-1689.09
-2477.71
-2375.29
-1771.2
-1374.19
-1413.94
-1691.34
-1728.14
-1283.23
-461.62
235.871
548.856
603.885
652.491
1005.58
1396.16
1479.13
1003.49
133.799
-495.297
-496.165
58.6337
655.442
697.624
28.4288
-984.131
-1733.7
-1909.2
-1573.65
-1125.96
-756.553
-367.36
168.17
862.016
1422.2
1550.65
1282.28
861.148
624.542
710.123
953.151
1024.84
701.096
203.062
-89.9607
27.7344
463.623
862.884
873.646
480.288
-48.6459
-350.695
-223.279
93.6992
290.205
146.992
-372.568
-1021.28
-1472.1
-1576.25
-1502.48
-1376.8
-1249.55
-984.652
-542.688
-48.2987
323.882
471.782
577.499
840.838
1263.71
1626.17
1664.36
1332.45
798.828
332.041
142.826
186.397
282.22
225.108
145.95
244.55
688.771
1251.56
1486.77
993.077
20.0964
-656.911
-558.832
92.4841
494.522
85.3668
-1048.36
-2067.17
-2322.87
-1775.01
-1073.36
-823.733
-1100.26
-1500.05
-1456.99
-804.29
2.21643
372.14
201.5
-118.603
-85.4473
471.955
1177.08
1532.95
1407.61
998.285
762.548
913.399
1182.29
1135.6
451.124
-708.815
-1742.9
-2087.83
-1678.32
-1019.2
-603.966
-508.317
-386.282
29.6439
601.628
1070.33
1129.87
894.304
676.62
744.494
1029.01
1201.39
1066.85
537.226
-164.258
-522.204
-357.465
39.365
269.374
124.946
-194.116
-340.801
-170.681
165.393
316.938
91.9633
-359.375
-819.566
-1091.06
-1127.69
-1054.26
-1014.51
-1018.5
-964.515
-777.557
-554.666
-364.409
-289.591
-226.23
-18.6146
392.277
845.698
971.552
725.92
300.447
46.3087
166.781
548.162
957.665
1234.02
1321.69
1408.31
1613.67
1806.53
1875.96
1678.76
1159.03
323.882
-401.211
-672.013
-377.255
47.6974
39.365
-562.998
-1375.06
-1731.79
-1411.34
-702.913
-286.987
-447.212
-917.993
-1152.52
-877.893
-233.695
262.604
242.467
-82.4963
-213.037
163.83
848.476
1247.91
1046.54
448.868
-100.723
-233.521
-87.8776
19.9228
-187.346
-615.249
-960.523
-943.337
-588.516
-206.614
-82.4963
-218.419
-308.686
-73.4695
443.66
790.149
704.915
294.892
-52.9857
-58.5406
259.826
584.443
576.284
233.961
-211.996
-415.271
-339.065
-190.47
-154.363
-264.594
-385.761
-417.875
-354.514
-300.007
-342.537
-365.451
-289.765
-167.383
-109.403
-157.835
-293.757
-459.537
-557.964
-628.442
-628.789
-640.246
-749.088
-879.455
-937.609
-829.982
-564.213
-313.026
-219.286
-262.164
-253.137
-22.4336
491.918
1098.1
1520.97
1699.42
1624.95
1524.27
1490.24
1510.55
1474.97
1250.69
892.394
519.172
184.488
-59.7558
-68.4354
217.123
543.822
619.335
276.318
-306.429
-694.407
-617.159
-243.589
-65.3107
-309.728
-716.8
-836.926
-466.307
138.659
524.901
432.897
192.299
116.266
216.081
429.773
437.411
181.363
-271.885
-803.596
-1139.84
-1164.49
-956.357
-638.51
-437.318
-308.86
-103.327
278.227
666.378
859.412
833.026
776.956
834.588
854.204
624.89
64.3622
-622.713
-1021.63
-962.432
-538.001
-130.234
-176.236
-581.572
-1036.21
-1159.98
-712.287
-25.2111
406.859
383.25
-14.622
-387.15
-462.836
-270.843
66.2717
279.616
293.85
210.006
92.3105
-23.4751
-148.808
-319.97
-554.666
-766.621
-882.059
-943.337
-947.33
-1012.43
-1066.24
-975.104
-681.908
-210.433
169.212
398.526
564.306
824.173
1189.06
1564.19
1696.3
1583.46
1311.79
1068.07
973.462
913.746
925.897
952.631
979.017
963.22
812.195
404.949
24.089
-10.6294
382.556
853.683
969.122
708.04
370.404
306.349
691.202
1106.09
1055.4
531.844
-145.857
-506.928
-410.411
-99.3347
-43.091
-355.903
-758.462
-1040.03
-1054.44
-962.259
-1031.17
-1202.86
-1325.41
-1293.65
-980.486
-440.616
170.427
522.991
549.898
411.025
382.903
586.873
813.237
797.96
485.496
153.588
-45.5213
-134.747
-271.19
-460.752
-652.571
-743.36
-663.855
-553.624
-586.954
-779.814
-1019.37
-1104.95
-969.55
-673.229
-450.511
-524.287
-737.631
-699.962
-359.028
198.375
737.898
967.559
937.007
695.715
322.667
-106.452
-491.825
-755.511
-883.274
-959.308
-1084.29
-1300.76
-1448.84
-1409.6
-1152.34
-675.138
-107.841
405.643
826.777
1059.04
1076.4
1001.24
940.479
912.357
848.476
651.796
379.084
241.426
307.391
620.376
968.948
1135.6
1019.12
819.486
713.248
839.97
1013.39
1060.95
1220.14
1651.16
2192.42
2493.26
2233.74
1575.82
993.251
817.923
981.273
961.657
477.857
-239.25
-751.866
-810.713
-544.771
-455.198
-871.991
-1528.17
-1942.36
-1873.27
-1382
-932.401
-779.64
-895.599
-1078.91
-1036.73
-695.275
-200.365
208.79
395.922
415.538
420.919
506.847
611.349
507.715
197.681
-94.1269
-246.888
-348.091
-560.915
-909.834
-1152.69
-1192.79
-1054.78
-898.203
-847.341
-940.56
-1038.81
-1026.31
-924.242
-609.694
-205.226
164.872
341.414
277.88
103.768
-40.6607
-111.833
-76.9414
-77.4621
-155.752
-353.473
-675.659
-987.256
-1173
-1063.81
-830.329
-607.785
-516.823
-418.049
-94.1269
371.099
738.245
845.525
674.884
397.485
247.328
232.573
215.213
200.284
245.418
308.085
374.918
339.852
201.152
37.8027
-67.741
24.4362
249.585
476.295
780.428
1209.72
1780.84
2372.61
2681.95
2524.33
2188.08
2113.26
2436.49
2724.13
2524.68
1815.03
1048.97
636.52
584.269
490.356
-84.4058
-963.127
-1559.24
-1591.18
-1163.28
-716.8
-678.436
-908.098
-1142.79
-1093.32
-890.565
-808.804
-946.115
-1121.27
-1176.3
-1027.53
-669.93
-259.733
96.1295
209.311
62.1055
-216.335
-439.053
-483.84
-427.423
-386.976
-442.352
-556.749
-691.109
-841.092
-978.75
-968.508
-743.36
-518.558
-401.905
-370.138
-345.14
-231.091
-50.2082
121.995
102.552
-140.649
-415.966
-651.877
-827.899
-870.429
-939.171
-1109.12
-1276.81
-1323.5
-1214.14
-916.778
-508.664
-149.329
196.813
488.794
740.154
863.057
772.269
537.399
244.03
104.635
209.138
438.799
679.571
753.868
550.766
40.233
-594.592
-1074.75
-1230.28
-1094.36
-884.837
-717.668
-434.714
114.704
926.245
1750.11
2291.02
2430.42
2287.38
2150.07
2167.95
2390.14
2706.43
2913.17
2802.42
2248.14
1578.43
1228.64
1249.82
1308.15
999.153
363.981
-178.492
-267.545
115.919
494.522
513.444
237.607
-137.698
-369.964
-474.466
-516.996
-636.774
-850.292
-969.897
-1013.64
-1031.87
-1135.33
-1273.86
-1274.38
-1120.57
-866.263
-689.893
-689.72
-797.867
-918.34
-1050.1
-1151.82
-1150.95
-1089.15
-1045.93
-1014.51
-856.541
-529.842
-149.85
129.633
197.681
178.065
221.289
331.173
317.285
64.3622
-371.874
-800.298
-1112.07
-1288.61
-1372.98
-1531.47
-1784.74
-1877.61
-1618.61
-1039.85
-381.247
9.16009
45.9615
-106.452
-131.449
-7.85189
129.459
221.463
277.88
369.884
573.159
786.677
893.089
818.965
481.156
-34.2378
-615.77
-1089.85
-1330.1
-1320.73
-1184.11
-920.423
-560.22
-138.046
274.582
617.772
836.324
1071.89
1332.28
1600.65
1834.82
2022.82
2142.25
2196.41
2114.83
1840.2
1527.74
1312.49
1233.68
1247.39
1310.75
1279.68
1096.02
915.308
987.696
1268.22
1440.6
1298.43
937.355
668.461
720.018
1023.8
1203.64
1046.72
691.896
423.87
299.058
247.501
83.9781
-301.222
-825.295
-1279.93
-1496.23
-1644.99
-1812.34
-1987.84
-2126.71
-2074.46
-1929.16
-1806.43
-1605.42
-1322.98
-954.794
-664.549
-549.631
-485.229
-272.406
59.3281
407.379
565
471.782
233.788
-157.835
-645.801
-1130.3
-1488.76
-1682.66
-1687.18
-1638.05
-1568.96
-1432.17
-1150.95
-689.546
-367.707
-370.138
-593.029
-877.025
-932.922
-669.757
-226.925
192.126
460.325
617.599
649.366
504.243
254.098
-87.1833
-382.115
-536.612
-581.051
-596.848
-652.224
-698.226
-578.795
-297.576
-10.4558
228.754
345.928
470.046
687.556
963.393
1164.93
1281.76
1438.17
1582.07
1629.64
1410.22
986.828
540.35
315.549
406.511
707.519
901.942
871.563
744.841
663.08
779.039
1001.06
1211.8
1336.79
1481.91
1661.58
1686.4
1605.34
1673.56
2011.19
2332.16
2336.5
1959.98
1460.91
1159.03
1063.38
944.819
501.813
-77.9829
-541.82
-858.624
-985.694
-1052.87
-1175.43
-1328.19
-1449.36
-1502.65
-1445.36
-1347.81
-1252.33
-1154.42
-1058.95
-1030.65
-973.195
-873.033
-779.987
-735.895
-900.981
-1229.24
-1522.61
-1510.98
-1259.97
-1025.45
-897.509
-861.923
-764.017
-687.984
-743.012
-915.563
-1111.37
-1224.03
-1189.49
-1021.45
-833.106
-557.443
-268.413
-35.453
117.308
49.4333
-217.724
-649.967
-1111.72
-1344.85
-1281.15
-995.588
-653.786
-358.333
-195.678
-77.1149
-9.5878
-7.6783
-79.8924
-126.241
33.1157
327.006
658.046
873.82
939.785
941.868
1008.87
1151.74
1279.33
1283.32
1096.54
736.683
357.211
137.271
72.0003
164.177
219.032
158.796
-32.3283
-159.918
-125.373
117.828
510.146
897.255
1148.27
1161.46
1141.85
1305.72
1700.81
2223.67
2632.48
2730.73
2554.53
2280.95
1905.3
1550.31
1352.24
1365.26
1445.28
1188.37
638.43
147.339
100.99
475.601
897.776
890.658
464.838
-1.60259
-121.728
109.322
387.937
394.707
-38.2304
-738.499
-1362.21
-1729.36
-1904.17
-1962.84
-1985.23
-1910.59
-1764.25
-1568.61
-1327.15
-1131.68
-1077.87
-1308.92
-1701.06
-1987.84
-1944.09
-1650.2
-1376.97
-1184.8
-888.482
-373.609
116.613
303.571
89.1858
-367.013
-836.405
-1166.4
-1318.82
-1357.18
-1316.21
-1186.37
-1026.49
-903.585
-743.36
-546.68
-348.091
-241.68
-212.516
-222.585
-207.309
-97.2516
66.6189
262.777
462.234
661.344
775.741
787.719
777.65
793.968
799.523
792.058
752.132
672.801
544.343
351.309
55.5091
-187.693
-287.161
-202.969
-98.6403
-182.311
-372.915
-517.691
-420.826
-122.77
197.854
346.101
406.164
469.872
617.252
859.933
1102.27
1363.35
1624.78
1847.5
1973.35
1974.04
1833.26
1683.28
1516.98
1328.46
1200.87
1110.95
1101.23
1125.01
1207.12
1430.53
1836.21
2175.76
2172.63
1899.92
1543.36
1267.87
1028.66
697.451
190.563
-204.01
-271.885
-149.329
-44.6533
-166.515
-516.302
-1021.11
-1549.69
-1943.57
-2171.85
-2201.36
-2124.11
-1998.43
-1873.61
-1778.49
-1588.06
-1284.44
-1023.71
-1033.95
-1401.1
-1868.06
-2147.89
-2072.9
-1766.86
-1574.52
-1526.26
-1464.29
-1231.5
-944.032
-715.932
-616.117
-585.218
-589.21
-575.323
-461.273
-310.769
-249.318
-264.594
-343.405
-394.788
-354.514
-313.373
-301.569
-277.787
-125.547
121.474
363.981
475.427
526.984
568.125
581.492
551.808
386.028
158.275
7.77136
5.68826
92.6577
121.821
99.6013
42.1425
-79.3716
-236.298
-325.351
-314.068
-305.388
-341.669
-422.909
-422.562
-222.585
191.778
728.524
1159.2
1382.27
1356.75
1109.04
814.278
595.205
597.809
741.37
933.362
1056.44
1125.88
1281.07
1581.73
1953.04
2150.76
2090.18
1900.44
1795.77
1830.31
1968.84
2002.51
1832.74
1708.62
1823.71
2008.59
1914.33
1431.4
773.484
319.368
169.559
192.299
212.609
162.615
199.069
284.129
327.874
220.248
-96.0364
-647.711
-1270.21
-1825.36
-2187.64
-2284.16
-2311.76
-2360.37
-2491.08
-2570.76
-2540.9
-2293.88
-1908.33
-1645.52
-1583.89
-1631.11
-1605.59
-1371.76
-1044.89
-804.811
-747.352
-845.605
-917.646
-944.205
-963.995
-954.273
-906.536
-784.154
-598.237
-395.308
-192.38
-34.7586
35.546
-3.68569
-95.5157
-175.021
-185.61
-166.862
-193.942
-226.404
-193.595
-101.939
59.1545
164.525
136.403
-19.8297
-298.271
-566.123
-722.876
-616.464
-290.806
18.3604
175.114
198.375
185.356
266.076
440.188
538.615
470.567
287.948
113.141
104.115
237.954
446.437
647.804
757.34
787.198
746.751
670.023
636.694
640.86
710.817
870.348
1080.91
1311.44
1476.53
1627.73
1802.19
1958.25
2006.85
1846.28
1589.02
1391.47
1332.62
1459.87
1654.11
1931.69
2238.6
2463.4
2410.28
2113.61
1720.25
1418.2
1238.71
901.768
425.606
47.0031
-72.9487
1.69565
103.768
-5.94238
-277.44
-575.844
-823.733
-930.318
-953.926
-1008.09
-1172.3
-1457.52
-1722.59
-1848.79
-1868.41
-1877.43
-1948.61
-2038.87
-2152.75
-2214.38
-2160.56
-1996.69
-1750.71
-1584.06
-1502.13
-1430.26
-1315.17
-1211.54
-1184.98
-1216.05
-1216.4
-1139.67
-1043.5
-891.086
-717.147
-484.882
-275.009
-214.947
-254.526
-327.955
-408.675
-533.661
-687.29
-809.324
-777.21
-550.499
-216.856
17.6661
84.1517
72.3474
61.9319
172.857
281.525
332.041
334.992
325.097
386.028
478.725
582.186
592.949
461.713
233.614
29.6439
-108.709
-172.243
-127.109
-48.8195
107.413
331.52
550.245
659.782
700.055
764.11
830.422
849.691
767.408
644.505
608.572
722.969
1031.96
1429.49
1779.45
2049.21
2133.4
2055.28
1831.35
1613.49
1481.39
1404.84
1369.25
1294.78
1253.29
1307.45
1432.96
1534.51
1591.79
1552.56
1474.79
1359.88
1198.44
979.364
822.263
906.629
1111.81
1062.34
653.185
98.2126
-193.769
-140.129
-30.0716
-103.674
-482.799
-814.532
-867.651
-746.831
-651.53
-744.748
-1090.37
-1467.41
-1708.88
-1801.23
-1835.42
-2041.13
-2285.03
-2444.21
-2436.75
-2400.99
-2401.33
-2361.23
-2217.15
-2090.26
-2141.99
-2317.14
-2464
-2309.68
-1888.54
-1363.95
-990.207
-795.09
-733.465
-684.338
-537.306
-271.885
-36.3209
90.9217
102.379
109.149
255.834
501.466
720.712
750.57
553.023
184.14
-114.264
-261.469
-283.168
-288.723
-294.104
-231.611
-80.2396
192.126
484.454
695.368
691.028
528.373
332.214
267.291
345.233
470.046
497.3
468.484
513.097
676.273
936.139
1156.77
1183.51
1010.78
716.546
470.74
423.87
542.607
762.027
945.166
1024.84
1083.35
1162.85
1306.76
1451.01
1578.08
1619.4
1536.42
1395.12
1316.83
1345.12
1397.03
1388.69
1244.79
1043.77
893.957
879.896
902.983
914.267
905.587
927.286
1004.53
1082.65
1067.03
960.616
800.912
605.795
458.068
452.34
591.56
731.301
679.745
410.33
100.122
-145.857
-342.363
-552.409
-881.886
-1281.67
-1633.54
-1891.84
-2002.94
-2026.9
-2035.23
-2057.62
-2101.02
-2091.47
-2060.05
-2106.23
-2270.97
-2400.12
-2397.34
-2286.24
-2027.07
-1750.89
-1496.23
-1318.99
-1298.68
-1342.42
-1285.83
-1128.91
-982.742
-965.731
-998.539
-976.84
-775.474
-441.831
-84.4058
196.813
285.344
186.397
-18.6146
-128.845
-93.0854
37.8027
109.322
141.437
210.179
390.888
611.002
805.425
943.951
952.11
861.148
643.638
337.769
125.466
79.2911
174.419
350.962
425.78
448.868
503.202
638.603
833.373
974.503
965.65
835.283
733.384
727.656
826.95
984.745
1114.42
1124.14
1001.41
810.633
687.556
718.455
776.609
775.914
701.27
584.096
539.135
593.99
681.133
742.411
754.215
758.555
849.517
990.821
1114.42
1180.04
1161.98
1165.28
1147.23
1035.95
759.77
370.751
75.1249
-59.7558
-93.259
-159.224
-249.839
-295.32
-194.984
30.3383
258.958
342.282
289.337
200.979
183.967
203.409
149.422
-48.4723
-322.053
-443.22
-408.154
-295.32
-353.994
-665.07
-1138.63
-1571.74
-1783.17
-1747.41
-1674.51
-1745.85
-1897.22
-1947.91
-1799.14
-1550.73
-1513.24
-1719.47
-2004.33
-2182.78
-2142.51
-2002.25
-1838.9
-1721.55
-1603.16
-1397.28
-1116.06
-742.492
-436.797
-316.845
-332.468
-385.414
-353.646
-272.753
-230.57
-189.95
-109.924
19.402
190.563
348.358
459.283
554.585
619.161
636.867
582.36
518.131
544.169
709.602
889.617
926.245
875.903
805.598
768.797
757.166
696.409
611.87
623.848
746.057
894.651
914.44
853.163
858.023
941.174
1023.28
1009.92
949.68
962.005
1084.04
1193.23
1228.29
1134.03
1019.64
916.871
774.352
582.36
341.414
83.9781
-82.8435
-175.021
-215.988
-213.037
-156.967
-7.5047
191.778
379.952
449.041
436.716
381.688
410.157
455.985
456.506
441.403
406.685
434.46
469.525
436.716
315.723
169.906
87.6235
87.6235
101.684
132.757
157.234
189.869
232.399
203.93
83.4573
-106.278
-305.041
-510.226
-662.64
-732.771
-772.176
-808.283
-793.528
-685.033
-570.636
-431.763
-335.766
-323.441
-377.602
-571.678
-771.829
-950.454
-1013.12
-965.383
-938.477
-962.432
-996.63
-1060.86
-1129.77
-1130.47
-1144.88
-1199.73
-1354.75
-1534.42
-1644.99
-1618.09
-1476.78
-1309.44
-1161.37
-1045.93
-930.839
-849.077
-768.704
-678.784
-591.641
-459.884
-274.489
-48.6459
168.691
348.011
448.521
554.585
685.994
833.72
942.736
921.384
883.541
874.688
943.257
1119.8
1304.15
1381.4
1308.67
1140.8
997.764
923.12
854.204
772.79
645.721
603.538
663.948
733.905
767.061
753.521
747.272
803.168
818.618
771.575
703.874
642.77
653.359
669.503
546.426
332.388
90.9217
-83.1907
-169.986
-261.816
-287.508
-248.103
-95.1685
137.444
345.407
457.547
474.212
420.746
284.997
114.53
-6.28956
-102.633
-172.938
-261.296
-384.719
-533.661
-639.378
-601.362
-503.282
-317.887
-214.252
-268.239
-431.242
-564.039
-593.55
-486.27
-270.496
-114.784
9.68087
67.1397
133.972
231.184
283.608
279.095
202.715
111.232
40.5802
29.6439
111.406
246.807
379.605
430.988
340.547
155.324
-47.778
-237.861
-414.403
-586.433
-770.093
-940.039
-1079.26
-1185.5
-1278.54
-1356.14
-1399.54
-1408.39
-1357.87
-1283.23
-1193.14
-1112.42
-1131.86
-1218.65
-1289.83
-1294.34
-1158.07
-954.621
-834.495
-811.581
-845.258
-774.433
-559.005
-283.689
-47.0836
121.3
269.2
431.335
586.526
704.395
749.528
848.649
1025.89
1186.63
1273.25
1281.59
1301.55
1382.62
1461.77
1414.38
1244.44
1066.85
1069.8
1212.5
1315.09
1257.28
1057.65
935.445
964.435
1037
1030.57
918.607
724.878
525.769
411.545
319.195
193.341
90.2274
-7.33111
-77.4621
-100.203
-151.933
-175.541
-178.492
-177.972
-228.834
-357.118
-565.775
-697.879
-693.192
-538.869
-291.848
-142.906
-53.6801
0.306919
27.3872
48.9126
-22.6072
-187.519
-283.515
-263.032
-183.7
-108.709
-112.701
-135.963
-122.075
-83.1907
-33.8906
-17.7466
-17.3994
41.9689
167.996
271.11
327.874
285.692
144.735
20.6171
-57.4991
-75.2054
-50.0347
-60.103
-96.7308
-67.3938
3.95234
15.583
-56.1104
-186.998
-271.017
-250.186
-208.177
-219.46
-341.148
-489.916
-543.729
-546.68
-521.162
-534.702
-533.14
-518.385
-523.245
-534.182
-649.62
-732.25
-762.975
-761.587
-784.327
-891.26
-985.346
-996.456
-956.877
-905.841
-874.942
-795.784
-648.058
-458.322
-316.151
-233
-164.779
-87.1833
42.4897
189.348
327.874
476.642
678.182
901.942
1060.6
1133.86
1183.68
1184.2
1242.7
1330.71
1342.86
1285.23
1150.18
972.941
803.515
684.432
647.283
613.953
595.379
557.015
470.219
390.541
352.524
399.915
398.7
339.505
260.521
84.4989
-99.8555
-177.625
-163.911
-48.9931
74.6041
87.7971
-52.1178
-266.851
-435.582
-499.984
-463.877
-375.172
-308.86
-262.511
-185.436
-39.0984
94.0464
190.39
204.798
147.165
75.6457
19.402
18.3604
83.9781
141.263
132.237
65.0566
-56.1104
-175.021
-261.296
-325.872
-332.468
-354.514
-395.308
-485.402
-636.08
-740.061
-767.142
-683.471
-561.436
-505.366
-525.676
-541.82
-535.918
-461.968
-357.986
-307.471
-334.378
-423.257
-477.417
-452.594
-344.793
-198.629
-73.2959
-39.0984
-37.5361
19.0548
176.85
371.619
530.629
552.849
517.784
471.087
442.098
411.545
352.698
282.393
239.169
215.387
169.038
71.6531
-25.7318
-46.7364
-28.3357
11.764
-18.441
-136.657
-276.572
-353.82
-335.246
-283.342
-226.23
-184.915
-157.661
-139.955
-134.921
-178.666
-202.448
-198.108
-180.576
-134.4
-52.6385
58.4601
187.265
342.456
479.767
572.639
618.467
582.707
458.068
309.821
206.187
195.771
254.792
326.486
368.842
397.485
374.05
402.345
496.258
654.053
774.178
744.321
628.709
494.869
410.851
405.296
424.218
319.889
142.652
-33.5434
-141.517
-182.311
-179.881
-129.192
-99.1611
-97.078
-139.955
-204.184
-228.487
-205.573
-100.029
-7.33111
-4.20646
-129.366
-317.019
-481.757
-614.555
-691.456
-793.701
-857.583
-949.586
-1071.62
-1110.16
-1077.18
-952.885
-847.515
-849.424
-891.78
-890.913
-828.94
-755.511
-783.633
-839.182
-870.082
-821.823
-744.054
-709.509
-662.466
-604.486
-510.92
-377.949
-231.959
-59.5822
110.017
218.338
218.338
230.142
321.972
507.194
719.844
890.832
975.024
1041.51
1179.51
1327.76
1428.62
1407.09
1347.03
1278.11
1261.8
1251.38
1223.43
1207.64
1167.36
1146.01
1066.33
887.013
700.402
534.275
356.343
201.5
60.5432
-79.0245
-174.673
-259.907
-332.815
-469.779
-607.437
-716.627
-777.557
-762.975
-780.682
-786.41
-762.975
-775.474
-743.707
-634.518
-519.774
-409.369
-330.559
-287.334
-274.836
-254.005
-210.954
-161.828
-112.354
-30.2452
104.983
281.352
437.411
535.316
563.091
608.919
695.021
761.68
800.391
767.756
662.212
605.621
564.48
490.356
432.203
374.744
323.708
263.125
160.532
43.5312
-57.8463
-148.808
-209.739
-229.355
-244.804
-259.039
-319.449
-448.948
-625.317
-795.437
-939.692
-1052.87
-1119.36
-1155.29
-1236.71
-1330.45
-1426.27
-1466.37
-1437.03
-1390.86
-1373.84
-1383.04
-1321.77
-1187.06
-986.562
-813.491
-737.284
-664.028
-579.316
-477.07
-388.018
-345.488
-332.642
-232.132
-70.8656
101.337
353.913
579.409
767.408
831.116
828.165
803.863
784.42
765.152
717.067
667.246
628.361
702.485
898.47
1096.36
1223.26
1230.9
1144.28
1071.37
1046.54
1085.43
1138.03
1180.21
1171.53
1146.01
1118.24
1119.8
1138.37
1144.97
1102.96
943.257
725.399
526.29
359.815
272.499
223.893
207.575
221.463
250.452
247.154
240.211
194.382
153.588
69.0492
-107.841
-278.655
-402.252
-511.788
-624.623
-718.71
-813.143
-889.177
-899.766
-890.739
-926.152
-913.479
-868.866
-750.998
-647.016
-579.316
-480.889
-345.488
-222.585
-135.615
-107.493
-110.271
-120.166
-109.924
-74.3375
-34.9322
24.089
65.2302
17.3189
-143.774
-327.26
-424.645
-437.838
-408.675
-384.372
-397.392
-389.059
-406.071
-390.448
-382.115
-376.561
-367.013
-415.271
-497.38
-607.611
-689.199
-659.688
-627.574
-611.083
-624.276
-622.887
-538.001
-430.721
-349.48
-391.837
-479.848
-545.812
-477.591
-358.854
-254.699
-197.761
-141.344
-70.3449
15.9302
87.6235
69.2228
30.5119
-21.2184
19.7492
76.5136
106.719
152.2
178.238
223.025
262.604
266.249
248.717
278.748
324.402
336.033
297.496
269.548
319.716
441.924
604.059
741.543
830.422
893.262
954.019
1031.61
1126.4
1161.63
1151.57
1126.05
1102.27
1121.01
1114.42
1044.29
880.243
713.942
638.951
644.679
653.879
597.289
500.251
440.535
460.498
505.459
506.327
437.063
336.554
285.344
284.129
245.592
153.588
52.7316
-25.5582
-10.6294
22.3531
7.94495
-83.885
-225.362
-282.127
-326.913
-261.643
-168.598
-103.848
-99.6819
-166.515
-298.444
-493.735
-672.534
-846.299
-966.425
-1109.81
-1197.3
-1290
-1385.65
-1433.73
-1430.09
-1353.88
-1286.53
-1324.72
-1433.73
-1540.67
-1612.71
-1604.72
-1514.11
-1396.06
-1239.66
-1045.76
-808.977
-523.245
-221.543
64.1886
277.533
433.418
523.512
599.198
674.537
759.944
872.084
976.065
1000.19
918.086
810.459
663.253
520.908
400.956
332.561
299.058
293.503
299.926
287.427
299.752
322.146
374.57
435.154
491.05
455.464
363.981
256.007
149.769
107.066
95.2615
88.8387
71.6531
23.9154
-63.922
-147.94
-167.903
-128.845
-13.0596
78.4232
115.572
125.814
161.747
233.614
342.282
444.007
516.742
546.426
538.094
485.843
437.411
425.606
427.342
401.824
319.021
263.645
268.159
298.537
346.796
378.389
365.197
380.646
447.132
533.407
624.542
683.564
688.251
662.212
588.435
529.241
438.799
333.95
231.878
113.836
46.6559
5.16748
-44.3061
-87.1833
-143.948
-223.279
-314.415
-419.438
-545.118
-699.094
-858.624
-984.131
-1033.26
-1015.55
-961.564
-904.453
-874.595
-869.387
-848.383
-814.879
-759.33
-632.955
-504.498
-349.307
-242.027
-188.734
-131.97
-49.5139
30.3383
92.6577
123.21
80.8534
53.7731
54.2939
107.066
172.683
238.475
273.714
278.054
251.147
227.712
231.531
252.362
266.249
243.509
182.752
75.2985
15.7566
8.46573
2.7372
5.16748
5.86185
-11.3237
-24.5167
-33.0227
-44.8269
-29.0301
31.2062
159.838
272.672
338.463
381.167
411.198
509.972
653.359
782.164
823.826
769.144
693.632
611.697
545.037
498.862
449.041
379.084
306.696
245.592
166.261
129.286
143.346
197.16
235.871
304.96
347.49
345.581
334.644
246.46
158.449
99.4277
55.3355
46.8295
52.3844
39.0179
49.9541
53.0788
41.9689
31.727
-66.5259
-207.309
-324.657
-452.42
-533.661
-578.621
-650.662
-735.201
-775.821
-768.357
-755.337
-718.189
-697.531
-683.991
-671.319
-708.294
-763.67
-792.312
-750.13
-688.331
-645.801
-668.194
-710.551
-697.705
-660.73
-599.799
-602.924
-564.213
-477.417
-348.612
-273.794
-235.778
-192.727
-110.965
11.2432
83.6309
115.398
137.444
175.634
215.908
249.758
229.795
206.534
208.096
228.754
273.367
302.183
301.488
337.075
356.517
363.287
399.741
427.516
414.323
393.145
400.956
445.049
494.522
507.194
501.292
506.327
566.042
644.679
705.783
755.257
777.129
782.337
777.65
726.614
636.694
560.14
559.446
620.376
695.541
715.157
666.725
598.33
567.604
571.423
543.996
448.868
329.437
202.715
105.503
67.6605
35.7196
13.3263
42.6633
30.3383
1.86924
-46.91
-124.505
-172.764
-215.12
-233.174
-287.855
-325.872
-363.02
-341.321
-252.095
-173.458
-54.7216
9.16009
50.6485
58.4601
38.6707
28.6024
-41.7023
-82.3227
-101.071
-97.9459
-132.838
-223.8
-346.529
-471.168
-548.069
-613.339
-631.567
-652.05
-674.097
-670.625
-649.447
-641.288
-650.835
-703.434
-727.563
-710.898
-673.576
-607.785
-588.863
-604.66
-678.089
-702.218
-663.16
-567.685
-495.471
-526.023
-571.504
-592.335
-557.096
-516.302
-476.202
-441.137
-431.068
-399.995
-327.434
-238.902
-166.341
-122.075
-89.7871
-81.8019
-78.1565
-39.6192
13.1527
74.9513
168.344
300.447
401.13
459.804
511.881
557.536
652.143
776.088
853.683
887.187
868.612
843.615
830.769
886.666
957.665
1023.8
1051.58
1036.82
1054.7
1066.16
1032.48
952.978
859.759
764.804
706.478
660.997
585.484
488.967
404.428
339.505
277.88
193.862
107.066
29.6439
-30.0716
-41.8758
-65.1371
-70.6921
-33.0227
40.233
119.912
149.075
140.222
111.232
66.7925
81.2006
137.097
179.106
162.094
128.591
108.281
149.249
225.455
259.826
239.343
182.405
141.611
108.455
85.5404
85.8876
97.8654
112.968
121.821
57.245
-47.9516
-174.673
-290.112
-355.556
-436.276
-548.243
-697.705
-854.285
-931.359
-932.227
-906.709
-920.423
-949.413
-971.285
-999.407
-1003.57
-978.576
-872.338
-738.499
-636.774
-578.968
-541.473
-483.319
-415.792
-372.394
-374.825
-391.837
-424.819
-418.743
-360.59
-261.816
-186.825
-108.188
-48.1251
35.0252
118.002
195.424
254.792
288.643
337.943
389.152
456.679
521.429
577.499
599.372
602.67
642.422
702.659
710.817
672.801
603.885
528.546
459.63
437.758
420.051
385.68
338.984
296.281
288.816
269.721
249.932
257.917
247.328
232.92
246.286
265.034
307.564
332.214
364.849
382.556
349.053
301.315
272.499
294.024
312.945
335.512
350.094
323.361
267.638
177.544
68.3548
1.17488
-9.93499
5.86185
23.5682
-5.07442
-42.5702
-76.5942
-54.7216
18.3604
89.0122
140.222
102.726
42.1425
-31.1132
-78.6773
-114.264
-143.948
-171.202
-232.132
-331.427
-441.831
-539.389
-614.555
-655.696
-650.835
-620.283
-585.738
-590.252
-616.464
-628.095
-572.372
-492.867
-450.858
-462.315
-548.937
-600.147
-596.848
-545.118
-486.444
-475.161
-484.882
-531.231
-559.526
-543.035
-478.806
-411.452
-336.114
-268.239
-202.969
-120.166
-30.5924
94.0464
233.614
401.998
543.128
650.06
670.371
677.141
710.123
755.431
819.139
871.737
898.817
884.236
841.879
821.048
792.058
780.601
767.408
722.795
620.376
499.383
417.968
384.639
363.113
356.691
342.456
298.19
242.988
191.778
111.406
60.5432
47.871
-12.7125
-73.9903
-131.623
-168.598
-171.549
-155.926
-148.288
-200.539
-290.459
-339.238
-344.793
-303.478
-208.871
-106.278
4.99389
74.0834
143.346
222.157
301.315
353.913
359.815
350.094
325.791
277.706
229.274
200.632
166.434
132.931
106.024
58.8073
-47.778
-141.17
-217.03
-235.951
-201.059
-162.696
-197.067
-335.94
-453.462
-509.185
-538.869
-537.133
-515.087
-487.486
-466.307
-442.352
-448.948
-445.303
-401.905
-364.93
-393.052
-497.727
-644.586
-793.007
-891.433
-974.584
-1042.98
-1062.42
-1011.91
-904.453
-799.95
-691.282
-551.194
-417.875
-317.366
-220.502
-158.182
-149.155
-149.329
-130.408
-116.347
-56.9783
7.42418
15.7566
-20.3505
-48.8195
-29.0301
16.2773
87.2763
171.642
268.332
348.011
445.049
473.865
491.745
543.302
618.293
715.331
799.349
838.754
854.378
866.356
868.612
887.881
886.839
864.446
800.564
725.92
631.139
571.771
554.411
587.22
673.669
717.067
726.788
683.737
591.56
496.605
459.63
437.237
438.799
444.007
452.513
496.779
519.693
547.989
533.58
489.141
382.903
280.137
182.231
77.208
-6.11597
-90.3079
-114.784
-141.344
-159.918
-159.397
-180.055
-216.509
-270.149
-321.358
-355.903
-388.712
-384.199
-360.764
-339.238
-319.622
-286.814
-306.256
-323.962
-320.317
-344.099
-358.854
-384.719
-446.865
-539.389
-645.454
-715.064
-764.017
-763.323
-722.702
-657.258
-573.413
-511.788
-456.065
-391.142
-305.214
-195.852
-115.305
-74.8583
-39.272
-31.4603
-30.0716
-45.0005
-96.21
-177.625
-261.99
-320.664
-354.341
-384.893
-383.157
-326.045
-259.039
-219.807
-205.226
-235.778
-226.057
-170.681
-78.8509
25.1305
102.032
142.478
160.011
208.79
237.954
218.685
159.664
86.4084
66.0981
54.6411
16.9717
2.39002
21.8323
98.5598
179.801
196.465
158.102
95.9559
35.3724
66.7925
140.569
206.881
276.144
317.112
323.187
312.772
292.635
306.87
345.754
341.935
314.855
264.513
210.179
155.324
174.246
207.228
265.729
278.921
250.452
212.436
201.326
242.12
284.303
309.474
288.816
254.966
270.936
340.547
387.069
417.1
430.814
400.436
380.993
365.37
304.787
254.271
189.695
103.768
42.1425
-14.1012
-72.9487
-118.603
-167.035
-204.358
-244.631
-265.115
-275.183
-277.96
-239.25
-187.519
-141.344
-111.486
-69.3033
-75.0318
-100.55
-129.713
-176.062
-197.24
-221.196
-233.174
-227.619
-216.509
-204.358
-148.982
-122.249
-107.32
-94.6477
-107.667
-132.491
-120.166
-98.8139
-12.1917
68.702
162.615
217.991
178.065
124.599
24.2626
-5.94238
-25.7318
-8.54625
42.3161
92.4841
111.753
111.406
100.469
65.751
44.92
5.51467
22.8738
27.5608
60.0224
95.0879
150.811
236.044
284.476
268.853
211.394
167.996
165.74
210.179
237.433
210.006
145.603
127.55
132.931
106.545
45.7879
-49.5139
-118.256
-146.031
-143.774
-82.8435
-54.8952
-45.1741
-69.1297
-89.44
-39.0984
58.8073
139.18
136.576
71.4795
-36.6681
-84.753
-52.2913
-22.6072
-10.2822
-21.9128
-49.6875
-27.8149
13.4999
23.9154
17.4925
-1.25541
-49.8611
-116.173
-194.463
-232.479
-254.526
-227.966
-205.399
-189.95
-157.141
-128.845
-103.154
-92.2174
-113.916
-151.759
-173.979
-195.678
-239.597
-299.659
-368.228
-433.151
-406.071
-372.394
-388.712
-424.125
-492.346
-520.294
-510.573
-473.425
-431.242
-371.526
-353.299
-359.375
-370.485
-386.629
-328.649
-313.547
-316.151
-334.725
-308.513
-258.171
-205.746
-154.71
-163.043
-206.961
-246.54
-257.997
-202.448
-83.885
62.7999
202.541
330.305
405.817
474.733
540.003
551.46
537.573
472.303
424.044
410.157
400.956
391.409
379.257
373.703
373.182
370.578
355.302
308.606
269.895
212.089
174.419
161.747
183.62
216.081
237.259
262.257
283.435
287.08
304.092
302.877
247.849
165.913
53.5995
-11.3237
-41.3551
-42.0494
-31.6339
-5.76879
52.7316
105.851
176.155
227.886
256.528
267.638
291.246
293.677
286.733
302.53
352.872
403.56
444.354
465.532
486.19
495.564
470.046
458.936
424.565
410.33
408.247
386.375
323.361
224.934
117.828
16.2773
-51.4234
-106.626
-146.204
-186.825
-207.482
-231.611
-249.839
-286.987
-319.97
-337.676
-374.825
-412.841
-417.875
-406.939
-404.682
-395.829
-406.245
-425.513
-465.787
-546.68
-641.982
-750.477
-869.561
-953.405
-996.63
-981.354
-907.057
-799.777
-682.603
-570.81
-472.209
-360.937
-234.736
-155.578
-115.826
-112.354
-126.241
-114.264
-63.5748
-20.3505
-12.3653
-44.6533
-77.6357
-94.9949
-119.298
-163.39
-192.38
-205.399
-216.509
-179.881
-149.85
-114.437
-85.6209
-62.7068
-21.7392
16.9717
22.0059
30.6855
45.7879
42.1425
15.9302
-33.8906
-81.4547
-111.312
-158.356
-162.348
-167.903
-170.334
-162.348
-116.867
-82.1491
-79.5452
-82.1491
-75.5526
-30.4188
56.5506
160.532
191.605
199.243
202.715
226.844
254.271
283.782
317.112
344.886
373.008
375.612
355.302
360.857
367.627
377.174
379.778
335.86
277.012
231.357
179.627
174.419
199.417
227.538
256.355
236.912
239.343
242.12
293.503
357.558
394.881
375.786
296.107
217.296
170.774
159.664
123.557
86.582
-6.28956
-133.879
-203.837
-231.785
-209.565
-205.052
-208.697
-225.536
-247.408
-247.235
-282.3
-272.058
-240.117
-158.009
-102.807
-92.2174
-94.1269
-100.723
-84.0586
-63.2276
-39.272
-37.3625
-75.8998
-133.879
-154.537
-132.143
-48.6459
42.4897
95.6087
107.587
60.196
39.8858
36.414
30.3383
18.8812
-9.7614
-33.3699
-52.8121
-16.5315
21.1379
62.1055
66.9661
28.2552
-14.9691
-70.6921
-81.4547
-85.2738
-107.493
-142.906
-158.703
-152.801
-126.241
-91.3495
-85.9681
-68.0882
-38.2304
-23.128
-12.5389
-60.103
-117.215
-123.29
-139.261
-125.547
-103.848
-99.3347
-86.1417
-59.0614
-22.7808
-7.5047
12.8055
-3.68569
-26.079
-51.7706
-70.1713
-101.071
-118.256
-124.332
-138.393
-110.965
-52.8121
-10.9765
21.4851
6.38263
-22.0864
-10.8029
25.6513
37.6291
-11.1501
-99.3347
-190.297
-217.724
-194.81
-154.363
-116.694
-115.305
-121.902
-122.422
-122.249
-110.271
-121.381
-122.77
-101.591
-97.4252
-56.9783
-18.9618
13.3263
30.3383
13.8471
-12.1917
-62.5333
-112.18
-130.755
-158.009
-162.001
-162.869
-153.842
-123.464
-82.3227
-55.416
-37.5361
-28.3357
-16.3579
-37.8832
-63.922
-38.5776
-61.3181
-68.2618
-79.0245
-68.0882
-30.2452
-1.429
2.21643
-34.4114
-50.2082
-51.0762
-10.9765
7.59777
2.7372
-34.2378
-47.0836
-33.3699
-11.4973
36.9348
73.5626
96.8239
118.002
153.068
205.666
237.259
293.33
340.547
356.864
370.578
404.775
432.029
420.399
403.734
383.771
381.861
368.842
356.343
314.334
295.933
287.601
284.129
288.643
286.386
310.342
301.141
299.926
313.293
347.837
382.556
382.209
392.971
362.072
357.385
342.109
328.916
295.586
244.55
243.335
216.428
224.067
209.658
192.126
190.563
185.356
218.338
222.851
208.79
197.507
185.876
160.011
151.505
165.219
163.483
149.943
98.3862
44.7464
-25.3846
-67.5674
-95.5157
-159.05
-245.499
-318.234
-384.719
-418.917
-407.286
-403.467
-428.638
-465.266
-528.453
-558.137
-537.306
-514.392
-481.063
-461.794
-447.559
-437.318
-434.367
-450.511
-455.545
-455.718
-452.594
-471.515
-495.992
-474.466
-452.073
-421.174
-397.044
-392.531
-411.626
-426.034
-413.015
-401.211
-384.372
-347.05
-309.207
-265.983
-205.052
-165.126
-108.882
-46.2156
22.8738
74.257
77.3816
48.739
22.5266
41.2745
62.4527
88.3179
109.843
136.403
165.045
200.111
240.558
287.254
328.742
352.524
366.064
355.996
345.407
349.053
345.581
339.852
336.38
346.622
383.25
430.814
445.743
454.423
463.623
469.699
483.412
440.535
358.774
254.792
174.419
140.743
141.09
151.505
136.924
142.478
134.493
153.415
186.397
199.069
196.639
181.016
162.615
152.373
123.557
88.8387
44.7464
24.9569
35.0252
39.8858
40.7538
36.2404
51.5164
73.9098
90.7482
75.9929
16.9717
-68.609
-98.9875
-80.7604
-53.3329
-13.4068
3.08438
8.29213
10.896
3.77875
-14.4484
-31.1132
-63.2276
-110.965
-154.363
-203.142
-227.792
-245.499
-254.699
-248.45
-258.345
-275.357
-273.794
-280.044
-260.948
-247.235
-247.235
-260.775
-304.867
-349.827
-378.296
-377.255
-360.243
-318.234
-310.422
-300.18
-295.146
-272.926
-259.733
-243.416
-240.291
-255.046
-264.42
-227.966
-157.314
-82.8435
-15.4899
47.1767
108.628
164.177
195.945
204.103
203.062
169.906
118.002
64.1886
66.6189
91.7897
150.116
209.658
263.125
284.303
313.119
325.097
329.089
334.644
315.723
284.303
258.09
226.497
232.746
246.807
241.426
225.455
164.177
164.004
175.634
179.627
205.145
187.786
122.515
55.1619
5.34108
-25.9054
-30.4188
-16.1843
-1.25541
16.6245
67.6605
93.0048
84.6725
46.6559
4.8203
-49.1667
-89.9607
-96.3836
-119.124
-145.51
-144.295
-139.434
-169.119
-209.913
-260.601
-313.894
-338.718
-350.348
-358.854
-362.847
-381.595
-398.433
-418.917
-406.939
-385.587
-326.566
-274.315
-211.996
-186.13
-162.522
-136.83
-110.965
-82.8435
-86.6625
-104.369
-144.469
-159.918
-144.469
-94.4741
-66.3523
-51.4234
-38.5776
-58.0199
-102.112
-136.657
-134.053
-115.652
-69.3033
-22.6072
17.4925
53.0788
96.1295
153.762
191.605
219.727
224.761
191.952
155.498
145.43
97.171
74.6041
79.6383
81.5478
86.0612
73.5626
85.0196
75.6457
98.907
103.594
99.2541
80.3327
57.245
61.9319
55.1619
82.9365
117.308
153.068
160.879
153.936
131.369
104.288
110.711
143.346
170.253
175.634
138.659
125.814
138.833
139.875
158.449
187.786
206.187
197.681
180.669
197.16
183.272
178.759
177.544
164.872
175.634
168.17
185.008
196.465
182.057
123.731
86.4084
90.9217
83.1101
59.1545
0.133327
-91.8702
-157.835
-177.277
-177.972
-191.338
-216.509
-257.303
-286.987
-252.442
-206.094
-201.927
-210.26
-242.374
-277.787
-271.19
-252.269
-216.856
-187.519
-179.187
-201.407
-200.191
-209.045
-206.094
-235.257
-252.79
-277.44
-303.999
-283.168
-263.9
-227.098
-161.828
-81.4547
-34.0642
-15.4899
-1.429
-0.56104
35.1988
101.684
125.466
143.173
146.645
123.557
110.885
102.205
102.552
85.714
45.6143
5.51467
-19.8297
-1.08181
13.1527
3.43157
-26.947
-60.103
-42.7438
-1.08181
26.5193
34.1573
10.028
-56.284
-143.253
-220.849
-283.689
-326.219
-323.094
-298.097
-261.99
-244.457
-185.089
-107.493
-52.8121
-0.213856
42.4897
41.6217
16.6245
13.6735
3.25798
27.7344
69.9172
140.048
186.05
225.976
229.274
207.923
208.617
205.145
223.372
248.717
249.411
253.056
255.834
248.717
262.43
265.381
268.159
244.898
224.414
187.959
149.422
120.606
100.643
91.6161
75.4721
32.595
-11.8445
-64.0956
-79.7188
-59.235
-35.453
-26.7734
-43.9589
-55.5896
-84.0586
-79.3716
-100.376
-130.755
-185.61
-237.687
-253.484
-249.839
-196.546
-161.828
-127.804
-134.4
-152.454
-152.107
-177.798
-194.636
-181.444
-161.48
-144.642
-91.1759
-45.8685
2.91079
58.1129
80.1591
70.4379
63.1471
39.1914
13.6735
27.7344
59.8488
68.702
74.7777
100.643
113.141
132.584
154.283
202.194
235.524
231.878
205.839
170.774
121.127
91.2689
61.9319
26.8664
1.34847
0.133327
23.9154
48.2182
71.8267
71.6531
21.8323
-2.81773
-45.8685
-69.1297
-93.9533
-114.437
-97.5988
-83.7114
-71.3864
-50.3818
-54.2009
-29.5508
-14.1012
10.2016
30.3383
-7.5047
-27.2942
-31.4603
-44.3061
-55.5896
-51.7706
-66.6995
-31.4603
3.95234
70.0908
131.889
146.297
112.794
69.2228
41.9689
28.7759
30.6855
18.7076
11.764
38.3235
89.0122
114.183
123.21
125.293
124.251
124.251
112.968
95.2615
62.2791
43.8784
39.8858
58.1129
76.3401
108.628
160.358
199.937
219.206
206.881
190.043
145.256
100.296
44.92
-14.9691
-52.1178
-69.6505
-97.7724
-110.271
-91.5231
-116.867
-139.087
-166.688
-175.368
-183.7
-175.021
-184.221
-215.12
-225.536
-219.981
-190.47
-170.507
-133.706
-86.4889
-34.2378
-3.5121
2.04283
-5.24801
-42.223
-71.2128
-72.0808
-61.6653
-31.6339
-12.0181
-16.5315
-22.0864
-31.1132
-38.2304
-63.7484
-79.5452
-97.078
-110.271
-108.535
-129.366
-105.758
-75.2054
-30.0716
-3.68569
18.7076
49.2598
73.0418
86.9291
77.208
64.7094
62.7999
56.7242
42.1425
63.8415
88.4915
85.1932
82.2422
81.027
99.6013
138.312
200.805
244.55
257.743
244.03
214.693
198.722
207.749
204.277
197.507
192.126
188.307
200.458
202.888
201.847
206.187
168.691
118.523
71.8267
42.3161
44.2256
54.9883
79.2911
67.8341
37.6291
18.534
6.03544
-10.4558
-19.6561
-26.2526
-26.2526
-49.6875
-60.7973
-73.1223
-86.3153
-63.054
-37.3625
14.8886
18.3604
13.8471
12.4583
-5.24801
-17.573
-8.02548
5.86185
38.1499
88.1443
89.7066
94.7408
66.6189
50.9957
42.6633
22.7002
-7.15752
-27.1206
-38.9248
-50.5554
-11.8445
3.43157
46.1351
57.9393
76.6872
87.2763
64.5358
62.2791
56.7242
32.595
17.3189
-2.47055
-58.1935
-88.7456
-117.562
-158.182
-168.251
-150.891
-117.041
-94.9949
-101.071
-143.601
-191.165
-243.242
-264.594
-295.667
-333.163
-369.096
-403.814
-433.499
-426.034
-385.24
-336.114
-283.863
-279.87
-273.794
-290.806
-245.152
-201.754
-164.605
-133.185
-123.811
-103.327
-88.3984
-48.9931
-9.06703
18.3604
20.4435
40.0594
50.8221
56.8978
76.1665
95.2615
133.105
164.177
214.866
269.548
315.376
356.17
379.084
399.915
396.617
397.658
364.676
329.784
300.968
261.389
217.991
174.767
136.576
119.912
97.5182
104.462
123.557
117.308
102.9
99.0806
75.6457
45.4407
44.052
47.6974
56.8978
36.0668
23.0474
14.0207
-8.37266
-25.3846
-22.6072
-28.6829
-49.5139
-72.2544
-96.0364
-97.7724
-73.8167
-61.8389
-15.1427
14.5414
34.3309
52.0372
43.8784
51.1693
81.895
92.8313
113.489
127.202
115.225
90.2274
96.6503
83.2837
62.4527
59.1545
56.2034
34.6781
19.9228
-28.5093
-89.7871
-122.422
-138.393
-133.879
-142.559
-141.691
-137.351
-104.89
-70.8656
-39.9663
-51.2498
-56.8047
-63.922
-82.1491
-84.4058
-114.09
-160.786
-185.263
-170.507
-126.068
-70.6921
-55.416
-59.0614
-58.5406
-69.4769
-73.9903
-92.2174
-131.97
-148.114
-169.986
-171.549
-146.031
-108.709
-37.8832
-5.07442
12.1111
2.56361
2.7372
34.3309
70.4379
95.4351
124.078
153.068
162.268
179.28
179.28
163.83
105.677
59.5017
13.3263
-44.6533
-72.2544
-78.6773
-83.3642
-55.416
-20.6977
4.29953
42.4897
71.4795
103.594
115.572
130.153
125.814
131.369
138.659
132.41
133.105
135.014
146.124
142.478
141.263
136.576
124.251
128.591
136.229
148.033
136.403
139.701
150.464
160.011
153.068
130.848
110.711
79.9855
66.0981
31.0326
-4.55365
-55.7632
-106.973
-166.341
-227.272
-243.937
-236.298
-234.736
-227.619
-259.386
-301.222
-303.826
-284.731
-271.885
-263.726
-264.42
-269.975
-273.447
-284.21
-261.99
-250.186
-210.607
-180.055
-188.734
-163.737
-146.725
-126.936
-96.3836
-76.5942
-95.3421
-98.2931
-107.32
-124.853
-97.078
-98.8139
-92.391
-112.007
-149.329
-147.246
-141.517
-121.902
-80.7604
-38.404
6.55622
46.8295
65.0566
66.2717
84.6725
120.606
160.011
180.321
197.507
204.277
183.272
171.121
166.434
168.691
167.476
167.128
196.465
234.308
296.801
328.916
350.268
353.739
326.833
297.496
279.095
272.151
257.743
237.433
227.538
199.764
167.823
150.637
137.618
141.784
168.344
170.427
185.182
199.764
195.598
203.583
187.439
166.955
150.811
161.921
162.789
166.608
168.864
158.449
132.931
94.9144
61.064
19.7492
13.6735
13.4999
47.871
28.2552
-8.54625
-16.3579
-17.3994
-33.3699
-38.5776
-15.1427
-16.3579
-9.5878
-18.0938
-20.0033
-28.5093
-63.054
-87.5304
-92.9118
-112.18
-123.464
-121.034
-106.105
-98.6403
-119.992
-134.747
-145.857
-166.515
-171.375
-159.745
-140.129
-128.845
-130.408
-130.581
-142.559
-174.326
-181.096
-185.783
-214.252
-195.331
-202.101
-204.01
-174.153
-149.155
-126.241
-113.396
-101.418
-130.928
-169.466
-200.886
-226.925
-225.536
-239.076
-227.445
-214.252
-196.546
-163.043
-123.638
-74.3375
-37.7096
15.4094
27.2136
34.3309
21.3115
12.6319
34.5045
40.0594
38.6707
37.1083
32.2478
25.6513
28.9495
3.43157
7.07699
32.4214
63.3207
90.5746
113.836
135.014
164.698
175.287
194.209
233.961
262.43
260.521
244.898
241.599
221.636
204.277
187.439
127.376
78.5967
15.7566
4.99389
16.6245
17.3189
65.751
66.0981
61.7584
45.9615
13.4999
-0.0402647
-18.6146
-34.9322
-41.7023
-66.6995
-76.9414
-87.1833
-104.022
-135.268
-145.857
-156.967
-161.654
-131.102
-117.735
-109.75
-116.173
-130.928
-141.691
-136.31
-104.369
-48.1251
-17.573
-7.5047
4.99389
4.99389
17.4925
39.0179
47.5238
16.2773
15.9302
44.5728
79.8119
138.139
164.698
172.336
