3.93278
3.02333
3.47806
3.93278
3.93278
4.38751
3.47806
3.93278
3.47806
3.47806
4.84223
4.38751
3.02333
3.93278
4.84223
5.75169
8.02531
3.02333
5.75169
6.66114
3.47806
3.02333
3.93278
4.38751
3.47806
3.47806
5.29696
3.02333
3.47806
4.84223
3.93278
3.47806
8.48004
5.29696
5.75169
5.75169
5.29696
5.75169
6.20641
4.38751
5.75169
5.75169
6.20641
6.66114
8.48004
8.48004
6.66114
8.02531
10.2989
7.11586
7.11586
10.2989
8.48004
7.57059
9.84421
9.84421
9.38949
9.38949
8.02531
6.66114
7.11586
8.48004
7.11586
7.57059
8.02531
7.57059
6.66114
8.02531
7.11586
8.48004
8.02531
6.20641
7.57059
3.93278
6.66114
6.66114
3.02333
6.66114
7.57059
4.38751
-4.25227
-5.61645
-4.707
2.11388
8.02531
0.294982
-1.06919
-4.25227
-8.79953
-12.8921
-9.25425
1.20443
-0.159744
-0.159744
0.749707
-4.25227
-9.25425
-8.79953
-3.79755
-5.61645
-7.89007
-4.25227
0.294982
-4.707
-11.5279
-11.9826
-9.25425
-10.1637
-11.5279
-10.1637
-11.0732
-13.3468
-9.70898
-9.25425
-14.711
-14.711
-11.0732
-13.8015
-17.894
-12.4373
-8.3448
-13.3468
-15.6204
-9.25425
-9.25425
-14.2562
-13.3468
-8.79953
-6.98062
-5.61645
-2.8881
-9.25425
-17.894
-14.2562
-5.16172
-6.07117
-11.0732
-7.43535
-4.25227
-6.07117
-11.5279
-14.2562
-13.3468
-8.79953
-3.34282
-8.79953
-16.5299
-10.6184
-1.97865
-6.07117
-10.1637
-0.614469
-2.8881
-6.5259
-4.25227
-2.8881
6.20641
8.02531
2.11388
3.47806
3.93278
-3.34282
-5.16172
1.20443
3.93278
18.0293
28.0332
6.66114
-16.5299
-11.0732
-0.159744
2.11388
1.65916
9.84421
25.7596
19.8482
-4.25227
-13.8015
-15.6204
-12.8921
11.6631
23.0312
2.56861
12.1178
22.5765
-4.707
-17.4393
-1.97865
0.294982
-6.5259
12.1178
23.486
14.8462
14.3915
14.8462
1.65916
-5.61645
3.47806
8.02531
10.2989
29.3974
56.2262
54.4073
13.0273
-11.0732
-1.52392
-5.61645
1.65916
39.4014
45.3128
32.5805
40.3108
13.0273
-44.2681
-45.1776
-6.07117
5.29696
10.2989
24.3954
12.1178
-11.9826
-18.8035
-33.8094
-51.089
-37.9019
-16.5299
-7.89007
-1.52392
10.2989
19.8482
4.84223
-22.896
-16.5299
-1.97865
-5.16172
21.2123
59.864
73.051
87.1475
68.5038
6.20641
-8.79953
16.6651
31.2163
63.0471
90.3306
73.5058
54.4073
21.2123
-45.6323
-68.8233
-38.3567
-15.6204
2.56861
1.65916
-31.5358
-46.9965
-61.0929
-96.5615
-97.0162
-67.9138
-59.7288
-44.7228
-10.1637
-30.1716
-40.6303
-1.52392
-30.1716
-67.9138
-19.2582
19.8482
-1.06919
21.6671
92.6042
73.5058
23.9407
33.4899
14.8462
-1.52392
45.7675
78.5077
63.5018
56.6809
56.6809
19.3934
-39.2661
-47.9059
-4.707
8.48004
2.56861
18.484
-12.4373
-63.3666
-40.6303
-28.3527
-66.5496
-47.4512
-5.61645
-24.2602
-40.6303
-20.1677
-16.0751
-22.896
-13.8015
-15.6204
-30.1716
-28.3527
-12.4373
20.7576
32.5805
11.2084
20.7576
12.5726
-50.1795
-42.4492
13.482
6.66114
16.6651
58.9545
29.8521
-27.898
-33.8094
-30.1716
-41.9945
13.9367
76.2341
39.4014
24.8501
38.9466
-18.3488
-57.0004
-27.898
-0.614469
12.5726
48.9506
62.5924
12.5726
-3.79755
16.6651
-19.7129
-83.8292
-62.9118
20.3029
43.9486
46.677
59.4093
-11.9826
-82.465
-60.1835
-64.7307
-72.9158
23.9407
92.1495
49.4053
21.6671
-6.98062
-86.1028
-87.0123
-12.4373
10.2989
57.5904
124.435
50.7695
-58.3646
-57.9099
-59.274
-60.6382
14.3915
51.2242
29.3974
39.4014
7.11586
-73.8252
-96.5615
-76.5536
-43.3587
18.9387
42.1297
18.9387
5.75169
-29.7169
-84.7387
-83.8292
-38.3567
13.482
77.1436
102.608
58.9545
15.3009
-10.6184
-57.4551
-57.0004
26.6691
92.1495
115.795
125.799
54.4073
-47.9059
-63.3666
-64.7307
-73.8252
1.20443
92.6042
103.063
53.9526
-30.1716
-117.934
-174.32
-154.312
-39.7208
53.4978
77.5983
98.9704
28.488
-143.398
-184.324
-97.0162
-68.3685
-7.43535
128.073
148.99
80.7814
41.2203
-62.9118
-177.957
-105.201
46.677
105.337
158.085
189.006
74.8699
-42.9039
-67.9138
-130.666
-144.308
33.9447
181.276
156.72
109.429
24.3954
-142.034
-206.15
-140.67
-74.28
33.0352
171.272
169.453
21.6671
-123.39
-204.331
-217.518
-130.666
32.5805
155.356
170.362
108.065
-19.2582
-169.772
-215.245
-130.666
3.47806
139.896
211.742
166.27
44.4033
-84.7387
-159.314
-127.028
-4.707
120.797
196.736
206.74
112.157
-24.7149
-112.477
-163.406
-106.111
72.5963
169.908
160.358
122.161
-3.34282
-145.217
-157.04
-105.201
-47.4512
70.7774
165.36
107.61
-21.0771
-90.6501
-135.668
-146.581
-23.8055
117.614
125.344
101.699
70.7774
-62.4571
-131.575
-34.2641
31.2163
56.2262
145.807
148.99
23.9407
-36.5378
-42.4492
-76.0989
-6.5259
142.169
127.618
7.11586
-18.3488
-52.9079
-129.302
-65.1855
26.2143
-0.614469
36.673
82.6003
-48.8154
-144.762
-107.93
-101.109
-46.087
87.6022
107.61
48.9506
11.2084
-71.5516
-130.666
-62.0024
32.1258
94.8779
158.539
137.622
18.9387
-59.7288
-77.0083
-70.6422
10.2989
126.254
151.264
100.789
38.4919
-59.7288
-133.394
-92.9237
-10.1637
48.9506
105.791
93.9684
-14.711
-98.3804
-123.845
-126.119
-53.8173
63.5018
100.335
71.6869
37.1277
-47.4512
-132.03
-97.471
-6.98062
44.4033
104.427
138.077
62.5924
-30.1716
-61.5477
-74.7347
-49.7248
48.9506
123.071
97.6062
46.2222
-4.707
-87.9217
-107.93
-39.2661
-3.34282
34.8541
88.057
19.3934
-89.7406
-97.0162
-96.1068
-89.2859
0.294982
44.4033
0.749707
-12.8921
-22.4413
-63.3666
-58.3646
-17.894
3.47806
33.4899
56.2262
27.1238
-11.5279
-13.3468
-6.5259
5.75169
49.86
82.1455
67.5943
51.6789
29.3974
-18.3488
-21.9866
12.5726
29.3974
57.1356
73.051
24.8501
-28.3527
-57.0004
-64.7307
-18.3488
34.3994
33.4899
0.749707
-45.1776
-81.5556
-78.3725
-46.5417
-7.43535
24.8501
32.5805
7.11586
-45.6323
-87.9217
-88.3765
-43.8134
22.5765
71.2321
78.5077
48.4959
-6.5259
-56.091
-67.9138
-35.6283
22.1218
81.6908
116.705
105.791
53.0431
-14.711
-74.7347
-95.1973
-48.3606
41.675
115.34
132.165
84.8739
-3.34282
-92.0143
-136.123
-107.02
-14.2562
85.3286
130.346
101.699
17.5745
-87.9217
-154.766
-139.76
-63.3666
25.7596
95.3326
106.701
41.2203
-51.089
-111.113
-118.843
-72.0063
-0.614469
43.9486
54.862
41.675
2.56861
-39.7208
-61.0929
-65.6402
-37.4472
27.1238
60.3187
40.3108
13.482
-11.5279
-41.5397
-40.6303
-7.43535
19.8482
53.4978
93.5137
63.5018
-25.6244
-78.3725
-76.0989
-31.9905
49.4053
103.063
88.5117
42.5844
-14.2562
-84.7387
-117.024
-75.1894
-11.5279
48.0411
106.246
96.242
12.5726
-60.6382
-108.839
-133.849
-83.8292
23.0312
102.153
119.433
84.4192
15.3009
-63.3666
-112.022
-97.471
-28.8074
51.6789
113.067
138.531
103.972
17.1198
-49.2701
-62.0024
-55.6362
-33.3547
25.7596
94.8779
119.888
87.1475
23.0312
-53.3626
-110.203
-106.565
-53.3626
2.11388
43.0392
68.5038
67.5943
23.0312
-53.8173
-106.565
-106.111
-67.9138
-3.34282
64.866
88.9664
60.3187
26.6691
2.11388
-34.2641
-53.3626
-16.5299
34.8541
58.0451
67.1396
78.053
83.5097
74.8699
38.0372
-21.9866
-72.4611
-77.4631
-20.6224
61.6829
107.61
96.242
53.4978
-5.61645
-78.8272
-139.76
-128.847
-45.1776
41.675
90.7853
87.1475
13.0273
-75.6441
-105.201
-82.0103
-40.6303
3.02333
33.4899
56.6809
57.1356
20.3029
-16.0751
-36.5378
-38.3567
28.488
118.524
89.8759
-31.5358
-76.5536
-13.8015
49.4053
56.2262
24.3954
15.3009
59.864
81.6908
-18.3488
-177.048
-224.339
-106.565
93.9684
201.738
152.173
53.9526
-28.3527
-124.3
-229.796
-242.528
-128.847
93.5137
322.695
339.065
123.526
-139.76
-268.902
-245.711
-163.406
-12.8921
197.646
358.619
359.983
161.722
-134.304
-337.566
-332.109
-140.67
104.882
244.482
270.402
241.754
93.5137
-127.028
-285.273
-299.369
-161.133
28.9427
179.002
220.837
160.358
45.7675
-101.109
-229.796
-254.806
-130.211
69.4132
192.644
172.636
87.6022
5.75169
-75.6441
-120.662
-82.465
-4.707
42.5844
67.5943
92.1495
90.3306
52.1337
-6.98062
-62.4571
-57.9099
36.2183
119.433
64.4113
-67.4591
-87.0123
31.671
98.9704
14.3915
-75.6441
-26.9885
74.4152
61.2282
-60.6382
-134.304
-58.3646
82.1455
108.52
-24.2602
-141.579
-58.8193
110.339
116.25
-43.8134
-153.402
-83.3745
29.8521
38.0372
-25.6244
-41.5397
52.5884
135.803
90.3306
-57.9099
-157.949
-80.6461
31.2163
33.9447
26.2143
71.2321
117.159
98.0609
2.56861
-94.7426
-112.022
-64.276
0.294982
73.9605
135.348
144.898
88.057
-24.7149
-124.3
-133.394
-71.0969
-12.4373
29.3974
75.3247
100.335
58.0451
-26.5338
-81.1009
-94.7426
-84.2839
-37.9019
33.0352
73.9605
58.0451
1.20443
-44.2681
-37.4472
-3.34282
5.75169
-7.89007
-8.3448
8.93476
18.0293
-4.707
-22.896
21.6671
89.8759
78.9625
1.20443
-52.4532
-50.6343
-26.9885
-11.5279
-7.43535
12.1178
53.9526
72.1416
42.1297
-7.89007
-47.4512
-77.0083
-98.3804
-70.6422
21.6671
106.701
117.159
63.9565
-16.9846
-74.28
-77.0083
-58.3646
-33.3547
12.1178
64.4113
106.246
103.972
35.7636
-32.4452
-46.087
-54.7268
-62.4571
-21.0771
36.2183
67.1396
78.053
46.2222
-17.894
-46.087
-51.089
-69.278
-65.1855
-21.0771
31.2163
56.2262
22.1218
-18.8035
2.56861
20.3029
-39.2661
-91.5595
-48.8154
40.3108
76.6888
31.671
-29.2622
-4.25227
80.3266
87.6022
3.93278
-44.2681
-21.0771
14.3915
-1.52392
-30.6263
26.2143
116.705
102.153
7.11586
-42.4492
-21.9866
-28.8074
-91.5595
-111.113
-30.1716
90.3306
119.433
22.1218
-41.085
-8.3448
-18.8035
-126.119
-208.424
-124.3
99.8798
229.477
148.99
-5.61645
-65.6402
-32.4452
-46.5417
-120.207
-110.658
27.1238
191.734
234.479
117.614
-4.25227
-53.8173
-93.3784
-126.573
-106.111
-1.06919
155.811
219.473
124.435
-15.6204
-102.018
-132.03
-123.39
-85.6481
-8.79953
106.701
163.087
80.3266
-51.9984
-123.39
-124.754
-79.7367
-36.9925
6.66114
103.063
166.27
78.9625
-97.9257
-196.146
-115.66
60.3187
142.624
92.1495
36.2183
40.7655
20.3029
-88.3765
-174.774
-105.656
96.242
249.03
188.097
11.6631
-84.2839
-104.292
-125.209
-145.217
-79.282
129.892
317.693
259.488
1.20443
-227.522
-268.448
-157.495
-34.2641
65.7754
181.276
265.855
207.195
-27.4433
-289.365
-367.123
-205.241
60.7735
255.851
301.323
222.656
63.0471
-136.577
-299.369
-330.29
-178.867
91.24
322.241
370.441
204.921
-62.0024
-265.265
-306.645
-206.15
-45.6323
121.707
264.945
316.784
192.644
-86.5576
-342.113
-363.94
-133.849
146.262
272.221
232.205
144.443
45.7675
-100.654
-258.898
-296.186
-107.02
192.189
332.244
229.931
29.8521
-117.934
-164.77
-174.32
-156.131
-34.7189
169.453
315.42
247.211
-21.5318
-239.8
-238.436
-118.843
-24.7149
37.1277
133.075
236.752
203.557
-6.5259
-229.341
-282.999
-152.947
15.7556
111.248
157.63
179.911
127.618
-21.5318
-190.235
-247.076
-142.943
10.7537
104.427
139.441
142.624
103.063
2.11388
-126.573
-178.412
-103.837
16.6651
93.5137
115.34
118.069
104.882
33.4899
-81.1009
-139.306
-72.0063
52.5884
109.884
71.6869
33.4899
52.1337
62.5924
-8.79953
-106.565
-104.747
3.02333
83.9644
53.4978
-23.8055
-38.8114
6.66114
17.1198
-39.7208
-78.8272
-44.7228
23.0312
36.2183
-25.6244
-65.1855
-26.9885
18.484
16.6651
-14.711
-28.3527
4.84223
36.2183
16.6651
-16.9846
-20.6224
1.65916
25.7596
30.3069
29.8521
41.675
36.2183
6.66114
-6.5259
0.749707
8.48004
3.02333
-10.1637
10.2989
53.9526
53.4978
-2.8881
-50.1795
-44.2681
-11.9826
-7.43535
-29.2622
-19.2582
45.7675
95.7873
51.6789
-57.9099
-118.388
-77.9178
-3.34282
25.3049
18.9387
45.3128
103.972
107.155
7.57059
-117.024
-145.217
-51.089
64.866
111.248
94.8779
68.5038
52.1337
9.38949
-83.8292
-153.402
-117.024
10.2989
137.167
156.266
69.868
-24.7149
-77.4631
-88.8312
-91.1048
-96.1068
-39.7208
84.4192
163.996
112.157
-35.6283
-152.947
-137.942
-40.6303
26.6691
42.1297
60.3187
99.4251
95.3326
0.749707
-123.845
-151.129
-43.3587
94.4231
141.715
94.4231
34.8541
7.11586
-16.5299
-66.5496
-98.3804
-46.5417
71.2321
146.262
110.339
11.6631
-69.7327
-83.8292
-67.9138
-33.3547
8.48004
52.5884
93.0589
75.7794
16.2104
-64.276
-99.2899
-68.3685
-11.0732
57.1356
76.2341
63.5018
28.488
-3.79755
-24.7149
-51.5437
-52.4532
-22.896
32.1258
69.4132
53.0431
6.66114
-24.7149
-22.4413
-8.3448
-6.5259
-16.0751
-2.43337
28.0332
24.8501
-7.43535
-32.9
-32.4452
-16.0751
-3.79755
-0.614469
3.47806
8.02531
8.48004
4.38751
0.294982
3.93278
13.0273
17.1198
14.3915
9.38949
0.294982
-12.4373
-19.2582
-4.25227
23.486
40.3108
32.1258
5.75169
-12.4373
-10.1637
-6.07117
-16.5299
-22.896
-1.52392
34.3994
43.0392
15.7556
-12.8921
-12.8921
-2.43337
-11.5279
-36.083
-34.2641
7.11586
48.0411
44.8581
7.11586
-19.2582
-17.894
-13.3468
-26.5338
-37.9019
-19.7129
23.0312
48.0411
30.7616
-10.1637
-42.9039
-49.2701
-41.085
-37.4472
-26.0791
6.66114
42.5844
56.2262
29.3974
-30.1716
-73.3705
-63.8213
-31.5358
-5.61645
18.9387
45.3128
64.866
60.3187
19.8482
-30.6263
-58.8193
-52.9079
-16.9846
23.486
52.5884
71.2321
71.2321
42.1297
-8.79953
-52.9079
-58.8193
-26.5338
17.1198
43.4939
50.3148
52.1337
42.5844
14.8462
-20.1677
-47.4512
-36.083
11.6631
56.2262
75.7794
68.9585
50.3148
38.9466
23.9407
-1.97865
-15.6204
3.93278
45.3128
78.5077
77.5983
48.0411
23.0312
10.2989
3.02333
0.294982
9.38949
28.0332
44.8581
40.7655
8.93476
-24.7149
-32.9
-15.6204
5.29696
16.6651
8.02531
-4.707
-5.61645
-28.3527
-59.7288
-45.6323
-0.614469
40.7655
60.3187
34.3994
-14.711
-41.9945
-37.9019
-15.1657
-2.43337
-1.52392
13.482
47.1317
68.5038
43.0392
-24.7149
-86.5576
-97.9257
-57.0004
3.02333
48.0411
62.1376
38.9466
-21.0771
-97.0162
-152.493
-153.857
-98.3804
-24.7149
16.2104
2.56861
-50.1795
-102.018
-134.304
-147.491
-145.217
-122.026
-77.4631
-35.6283
-31.5358
-74.7347
-137.942
-179.322
-185.688
-170.682
-147.491
-110.658
-63.8213
-34.7189
-52.4532
-115.205
-176.593
-183.869
-123.39
-32.4452
37.5825
57.1356
37.1277
6.20641
-10.1637
7.57059
70.3227
166.724
259.034
302.233
284.953
243.118
229.022
259.488
305.87
335.882
349.069
373.624
418.642
452.292
431.829
353.162
261.307
212.197
226.748
278.132
312.691
290.41
209.469
99.4251
3.02333
-49.7248
-55.1815
-38.3567
-34.7189
-59.7288
-104.292
-141.579
-163.861
-185.233
-218.428
-248.895
-247.076
-198.42
-133.394
-97.471
-107.475
-138.851
-148.4
-128.392
-100.199
-85.6481
-72.4611
-35.1736
17.5745
52.1337
40.3108
-7.43535
-58.3646
-73.8252
-51.5437
-15.6204
24.8501
23.486
-10.6184
-72.9158
-132.03
-166.134
-173.41
-158.404
-138.396
-138.851
-177.048
-165.225
-196.601
-256.625
-329.381
-343.023
-310.737
-228.887
-186.142
-192.509
-240.255
-298.005
-342.568
-380.765
-417.143
-424.418
-357.119
-195.692
-12.4373
60.7735
-72.9158
-351.662
-576.751
-542.647
-218.883
222.201
510.042
489.579
225.839
-53.3626
-137.487
24.8501
320.422
581.434
708.302
716.942
689.659
680.564
668.741
600.078
480.485
399.089
458.203
663.285
888.374
956.582
780.149
423.19
69.868
-93.3784
-4.25227
246.301
468.662
490.944
263.581
-104.292
-405.32
-490.354
-363.031
-138.851
24.3954
32.5805
-90.6501
-273.45
-415.779
-428.511
-331.2
-197.056
-91.5595
-43.3587
-32.4452
-33.3547
-47.4512
-79.7367
-112.022
-100.654
-24.2602
80.7814
163.541
165.36
75.7794
-41.5397
-129.302
-160.223
-109.749
-12.4373
51.2242
42.5844
-48.3606
-182.05
-273.904
-294.822
-270.267
-221.611
-179.322
-165.68
-179.776
-218.428
-264.355
-294.822
-307.099
-310.282
-307.099
-288.456
-253.896
-229.796
-242.983
-296.641
-356.21
-379.855
-358.483
-314.375
-288.456
-312.556
-390.769
-479.895
-495.356
-368.487
-131.121
59.864
16.2104
-279.361
-590.848
-620.86
-253.896
301.778
656.009
602.806
255.851
-79.7367
-120.662
174.91
610.082
937.939
996.143
813.344
599.168
557.788
717.397
902.47
900.196
701.936
523.684
567.792
787.425
922.933
771.509
382.264
-3.34282
-156.131
-21.5318
250.849
410.912
274.04
-129.756
-561.746
-750.002
-616.313
-325.743
-118.843
-117.479
-278.452
-483.533
-633.592
-667.697
-565.838
-364.395
-149.31
1.20443
51.6789
7.11586
-93.3784
-183.414
-187.961
-87.0123
78.053
243.573
339.975
325.878
221.291
82.1455
-28.3527
-57.4551
-16.0751
66.2302
177.183
259.034
228.112
53.9526
-199.329
-378.036
-371.67
-214.79
-10.6184
113.976
64.4113
-121.117
-321.651
-455.34
-464.889
-341.204
-147.945
7.57059
12.1178
-147.491
-340.749
-438.515
-427.147
-365.759
-316.649
-279.816
-218.883
-179.322
-221.611
-339.385
-500.812
-667.242
-766.372
-689.523
-344.842
148.99
412.276
134.439
-569.021
-1157.44
-1081.5
-295.276
668.741
1148.48
888.828
202.648
-340.749
-355.755
139.896
821.529
1298.54
1351.28
1056.62
726.946
649.643
834.261
1035.25
1015.7
805.614
671.47
790.608
1026.61
1078.45
782.877
276.768
-115.66
-170.682
73.9605
354.981
400.908
141.26
-305.735
-712.714
-854.589
-717.716
-475.348
-303.462
-304.826
-473.529
-695.435
-865.502
-911.429
-797.293
-545.375
-249.349
-43.3587
-26.9885
-191.144
-399.409
-467.617
-304.371
5.29696
272.675
358.619
279.042
165.815
123.071
156.72
204.012
221.291
227.203
256.305
306.325
330.88
285.408
180.366
63.5018
-10.1637
-16.9846
23.486
65.3207
63.5018
0.294982
-103.382
-202.967
-257.534
-247.076
-189.78
-137.487
-156.131
-265.719
-420.326
-533.098
-534.462
-455.34
-401.227
-423.509
-496.72
-559.017
-569.021
-554.015
-534.007
-553.56
-674.517
-831.852
-859.591
-613.584
-105.201
288.591
112.157
-583.118
-1198.36
-1088.77
-178.412
869.275
1263.52
801.521
4.84223
-402.137
-123.39
595.076
1291.26
1605.93
1438.14
976.136
627.816
736.495
1236.24
1656.4
1575.92
1074.81
658.737
712.395
1093.45
1308.54
1037.98
441.833
-41.085
-120.207
124.89
374.989
344.977
-31.9905
-579.025
-990.552
-1040.57
-759.551
-440.334
-389.405
-661.33
-1036.93
-1251.56
-1195.63
-951.445
-678.61
-491.263
-409.867
-398.044
-402.592
-388.04
-350.753
-285.727
-154.766
54.862
271.766
405.91
422.735
340.43
237.662
229.477
356.8
524.139
604.17
560.062
449.564
353.162
318.148
329.516
328.607
258.124
125.344
1.65916
-39.2661
2.56861
35.3088
-55.1815
-265.265
-454.43
-474.893
-331.655
-192.963
-232.979
-456.249
-683.157
-728.63
-590.848
-452.157
-483.078
-659.511
-804.569
-793.655
-672.699
-562.655
-524.913
-579.48
-757.732
-1003.28
-1052.85
-634.956
108.52
545.965
143.079
-845.949
-1463.92
-977.819
317.693
1366.29
1389.03
580.979
-202.967
-308.009
250.394
1034.8
1625.94
1783.73
1467.24
938.848
685.566
1006.15
1635.03
1947.43
1607.75
951.126
630.999
903.834
1370.84
1452.69
1002.05
368.168
-11.9826
7.57059
243.118
379.081
205.376
-259.808
-795.929
-1124.24
-1097.41
-823.667
-594.94
-644.051
-950.536
-1297.04
-1470.74
-1407.99
-1186.08
-917.341
-678.155
-526.277
-508.543
-614.948
-734.541
-712.26
-467.617
-76.0989
278.587
426.373
339.975
170.362
128.073
297.231
555.969
713.304
704.21
615.084
552.786
549.148
580.979
610.991
587.8
463.66
271.311
133.53
145.807
256.76
299.05
157.63
-112.022
-324.834
-342.113
-197.511
-66.0949
-110.203
-338.021
-607.673
-756.368
-715.897
-561.746
-452.611
-508.088
-696.799
-870.049
-908.246
-819.12
-686.34
-594.486
-638.594
-870.049
-1141.52
-1096.96
-528.096
213.106
392.268
-321.196
-1326.14
-1567.14
-624.952
789.243
1519.53
1089.36
66.6849
-588.12
-382.129
471.845
1433.13
2013.82
1948.34
1308.09
592.802
464.115
1140.29
2054.74
2352.59
1774.18
923.842
597.349
958.856
1470.88
1535.45
1055.71
415.459
38.4919
53.4978
278.132
389.54
167.179
-348.025
-875.506
-1098.78
-947.353
-663.604
-584.937
-836.854
-1206.09
-1435.73
-1448.91
-1273.39
-1025.11
-820.484
-706.803
-746.819
-855.953
-844.585
-721.354
-559.472
-344.387
-88.8312
158.085
281.315
209.923
102.153
164.451
404.546
669.196
796.974
769.69
682.383
616.903
611.901
656.009
691.023
677.836
585.981
409.548
261.762
241.299
310.418
359.073
255.851
-13.8015
-282.544
-385.312
-281.18
-88.8312
-33.3547
-249.804
-614.039
-854.589
-808.207
-613.584
-546.285
-696.799
-914.612
-983.731
-928.254
-873.687
-843.221
-816.846
-822.758
-1030.11
-1324.32
-1255.2
-572.659
294.048
412.276
-524.913
-1664
-1759.04
-490.808
1103
1700.97
975.681
-187.961
-708.167
-236.617
793.336
1710.52
2152.51
1926.97
1183.49
493.672
509.133
1428.59
2413.07
2510.38
1668.23
732.857
605.08
1158.48
1638.67
1549.54
992.506
450.928
211.288
219.473
314.055
277.223
-16.9846
-480.804
-913.703
-1040.57
-883.236
-745
-855.043
-1204.27
-1490.29
-1523.94
-1381.16
-1241.56
-1202.91
-1183.81
-1084.68
-919.16
-766.827
-698.618
-693.616
-634.502
-453.521
-127.028
227.203
420.461
415.004
291.319
300.868
551.877
884.736
1108.46
1087.09
924.297
823.348
837.444
962.949
1093
1063.44
870.639
566.883
334.518
361.347
485.032
520.046
322.695
-82.0103
-368.033
-455.795
-383.493
-268.902
-364.849
-603.58
-899.606
-1133.34
-1105.14
-996.008
-966.451
-1075.59
-1300.67
-1354.33
-1256.57
-1181.54
-1131.52
-1159.25
-1177.44
-1232.92
-1404.35
-1298.4
-675.882
192.189
516.408
-342.568
-1614.89
-1830.88
-416.688
1543.18
2227.08
1272.16
-118.843
-581.753
191.28
1344.92
2228.9
2589.05
2271.65
1509.53
762.869
750.137
1736.44
2829.14
2996.03
2055.65
858.816
570.521
1255.79
1935.15
1899.68
1179.4
452.292
152.173
59.4093
144.443
175.819
-37.4472
-429.875
-1003.28
-1314.77
-1273.85
-1124.24
-1124.24
-1468.47
-1720.39
-1711.29
-1622.17
-1532.58
-1598.52
-1583.51
-1327.96
-1071.49
-858.681
-784.106
-838.673
-796.839
-639.958
-262.536
228.112
479.121
507.768
343.613
276.313
518.682
822.893
1177.58
1276.71
1093
960.675
872.913
1003.87
1153.02
1105.28
976.136
694.206
447.745
398.634
453.201
502.766
297.231
-138.851
-434.877
-485.806
-368.942
-279.361
-461.706
-735.451
-1000.56
-1222.46
-1211.55
-1190.63
-1173.81
-1247.47
-1512.12
-1572.15
-1503.94
-1350.69
-1202.91
-1262.93
-1329.78
-1495.75
-1601.25
-1175.62
-255.261
560.062
288.136
-1064.67
-1996.4
-1301.13
764.234
2425.8
2076.57
433.193
-680.884
-255.261
1232.6
2407.61
2805.95
2633.15
1960.16
1184.85
872.003
1528.17
2875.52
3524.42
2770.48
1283.08
392.268
884.281
1841.48
2176.61
1755.53
864.728
143.079
-212.971
-355.3
-172.046
37.5825
-141.579
-695.89
-1424.36
-1765.86
-1639.9
-1519.85
-1493.93
-1621.26
-1666.73
-1589.88
-1710.84
-1964.12
-2154.19
-1893.64
-1194.27
-629.5
-600.852
-1007.83
-1287.03
-1016.47
-378.036
238.116
598.714
555.06
324.514
151.719
362.711
1001.15
1494.98
1585.01
1217.14
841.537
895.194
1117.56
1338.1
1383.11
1167.57
901.561
616.903
443.197
524.139
486.396
323.15
72.5963
-312.101
-440.789
-554.925
-687.704
-741.362
-980.548
-1088.77
-1164.71
-1382.98
-1518.94
-1748.12
-1795.42
-1538.5
-1442.09
-1429.36
-1546.68
-1761.77
-1795.87
-1882.72
-1667.64
-787.744
124.435
327.697
-805.478
-2256.51
-1959.12
103.063
2254.37
2515.38
873.368
-435.332
-223.43
1009.79
2159.33
2679.54
2895.99
2721.83
1880.58
1123.01
1407.22
2755.93
3908.2
3428.01
1889.22
834.716
1037.52
1935.61
2291.2
1893.32
1158.03
481.394
23.0312
-275.269
-260.263
-3.34282
-5.16172
-603.126
-1552.59
-2111.45
-1896.82
-1533.04
-1535.77
-1880.45
-2225.59
-2199.21
-2163.29
-2146.01
-1989.58
-1865.44
-1494.39
-1238.38
-1264.3
-1151.07
-1145.61
-894.15
-343.023
47.1317
383.174
366.804
180.366
309.508
661.466
1265.8
1630.49
1478.15
1330.82
1233.06
1344.01
1603.66
1582.28
1606.38
1523.62
1174.85
959.311
758.322
735.586
809.251
539.599
234.024
-34.2641
-235.707
-212.062
-501.722
-936.894
-1238.83
-1417.54
-1210.18
-1224.28
-1510.76
-1859.99
-2189.66
-2096.9
-1998.22
-1833.61
-1564.41
-1584.42
-1814.97
-2280.61
-2380.19
-1353.88
97.6062
494.127
-812.754
-2517.52
-2210.12
225.384
2308.48
2148.42
344.067
-597.214
375.443
1791.46
2464
2509.47
2594.96
2695.91
2129.77
1516.35
2022.91
3403
4226.97
3333.43
1551.82
925.206
1705.06
2673.17
2784.58
1876.95
1064.35
539.599
101.244
16.6651
85.7833
319.057
21.6671
-937.349
-1725.84
-2064.16
-1773.13
-1521.22
-1744.94
-1937.74
-2157.38
-2335.63
-2419.3
-2602.55
-2387.92
-1831.79
-1391.16
-1146.07
-1462.56
-1858.62
-1701.29
-1171.08
-252.987
416.823
374.989
82.6003
-310.282
-179.776
659.647
1423.13
1830.56
1660.5
1084.81
869.275
1019.79
1444.05
2072.48
2096.58
1703.24
1133.47
533.233
691.023
953.854
1166.21
1169.85
382.264
-161.133
-421.235
-484.897
-155.676
-373.944
-782.287
-1088.32
-1588.06
-1638.99
-1639.9
-1650.81
-1420.72
-1816.79
-2211.03
-2231.5
-2223.31
-1856.35
-2030.05
-2377.46
-1676.73
-671.334
-125.209
-1058.76
-2812.18
-2447.95
-87.0123
2052.47
2057.93
-111.567
-1086.5
119.888
1639.58
2576.77
2466.73
2495.83
2888.71
2098.85
1258.52
1765.54
3403.91
5000
4031.89
1704.15
871.094
1455.42
2942.37
3266.13
2385.78
1768.72
736.041
118.524
96.242
413.64
1040.25
596.895
-574.478
-1506.66
-2058.25
-1809.06
-1310.68
-1285.67
-1516.67
-2163.74
-2674.4
-2616.19
-2596.64
-2341.54
-2003.22
-1848.16
-1609.89
-1742.67
-2053.24
-2030.96
-1735.85
-894.15
-15.1657
113.976
-250.713
-739.998
-543.102
436.831
1202.59
1512.71
1329.46
927.025
853.814
975.681
1296.72
1871.03
2049.74
1815.1
1258.97
542.782
578.251
972.043
1489.52
1559.09
658.737
-143.398
-687.704
-513.545
-6.07117
-37.4472
-323.015
-1079.22
-1660.82
-1844.07
-1864.08
-1427.09
-1337.96
-1613.07
-1888.18
-2308.8
-2288.79
-2322.9
-2351.54
-1351.15
-465.798
-524.913
-1702.65
-3260.09
-2241.5
419.097
1709.61
1058.44
-1016.93
-1182.45
654.645
1649.58
1934.24
1693.24
2170.24
2873.7
1928.33
1168.48
1935.61
3644.92
4802.65
3603.08
1686.87
1347.19
2029.28
3027.86
3327.07
2808.22
2383.51
1331.28
261.762
251.303
841.537
1699.6
1438.59
-209.788
-1445.73
-1863.17
-1454.83
-802.75
-975.546
-1272.03
-1741.76
-2653.48
-3019.08
-2885.39
-2187.39
-1260.2
-1467.56
-2254.23
-2631.2
-2581.18
-1924.56
-1223.83
-897.788
-659.057
-761.37
-1096.96
-1128.33
-555.834
422.28
978.409
776.511
307.235
250.849
749.682
1308.99
1469.51
1459.51
1401.3
1293.53
1221.69
1002.96
1137.11
1298.99
1283.53
1216.23
697.844
440.469
291.774
203.102
219.018
-86.5576
-254.351
-577.206
-825.031
-956.447
-1380.71
-1218.37
-1092.86
-1503.94
-1689.92
-2049.15
-2090.99
-1910.92
-2347.91
-1936.83
-827.305
-553.106
-1394.35
-3285.55
-3286
-544.921
1433.13
1264.43
-999.646
-2278.33
-554.925
1142.11
1831.02
1613.21
1392.66
2028.82
1708.7
1055.26
1618.21
2888.71
4060.99
3612.63
1954.7
1369.47
1802.37
2710
3500.77
3066.51
2368.05
1593.65
741.952
950.671
1221.69
1695.51
1785.55
272.221
-793.201
-1090.59
-787.289
-246.621
-659.057
-1106.96
-1402.99
-1854.98
-2184.66
-2397.47
-2066.43
-1570.78
-1568.51
-1664.91
-2099.63
-2360.18
-2076.44
-1777.68
-1051.48
-797.748
-1008.74
-1133.34
-1330.23
-911.884
-237.981
416.823
668.286
187.187
-200.239
79.4172
811.98
1278.53
1199.41
987.504
1057.08
1082.54
868.82
686.021
876.096
1214.87
1273.07
1011.15
350.433
-4.707
149.445
550.513
615.084
-13.8015
-650.417
-864.593
-522.184
-680.429
-1009.2
-868.685
-1171.99
-1408.44
-1741.76
-2012.77
-1664.91
-1881.36
-1873.17
-811.39
-463.98
-1333.87
-3016.35
-3210.98
-429.875
1408.58
712.85
-1217.46
-2264.69
-588.12
999.781
1293.99
1298.99
1111.64
1379.48
1224.87
758.322
1578.19
2870.52
3506.23
3193.83
1874.22
1110.73
1671.41
2573.13
3469.85
3423.47
2257.1
1204.86
636.001
1042.98
1686.42
1920.15
1659.13
489.579
-389.859
-771.374
-574.478
-80.6461
-203.422
-506.269
-1202
-1839.98
-1940.93
-1898.64
-1584.88
-1367.52
-1352.51
-1437.09
-1911.37
-2253.78
-2197.85
-1749.49
-921.888
-625.862
-889.148
-1392.98
-1643.54
-964.177
-183.869
430.465
524.593
-135.213
-237.526
23.486
431.829
1215.32
1265.8
939.303
846.084
587.8
543.237
722.854
980.228
1336.28
1160.3
590.983
323.15
130.801
143.533
561.881
520.046
34.3994
-518.547
-979.183
-713.624
-582.208
-836.854
-815.482
-1215.64
-1482.56
-1502.12
-1736.3
-1538.04
-1754.49
-1720.84
-599.033
-373.035
-1403.9
-2922.22
-2840.83
-157.949
1344.46
294.957
-1437.09
-1955.93
-186.597
1123.01
819.71
752.411
1053.44
1422.22
1116.65
604.625
1620.94
2905.99
3121.98
2613.15
1582.28
1315.36
1936.52
2507.65
3146.54
2998.75
1972.89
1200.77
853.36
1178.49
1870.58
2004.72
1448.14
445.471
-320.286
-382.129
-50.1795
282.679
35.7636
-561.746
-1083.77
-1538.95
-1553.5
-1451.64
-1345.24
-1222.92
-1386.16
-1612.16
-1919.56
-2043.24
-1762.22
-1345.24
-1046.03
-1118.78
-1404.35
-1515.76
-1274.3
-813.209
-365.304
-130.211
-220.702
-469.436
-564.019
-228.887
339.52
636.456
579.615
409.093
381.81
437.286
496.855
500.038
621.905
808.342
722.399
664.649
406.365
210.378
291.319
380.445
377.262
-153.402
-275.723
-132.03
-257.989
-375.763
-865.957
-890.512
-652.691
-921.888
-1079.22
-1238.83
-1354.33
-1418.45
-1783.59
-962.813
302.233
-318.013
-2101.9
-3277.37
-1466.19
1428.59
1349.01
-787.744
-2267.87
-991.916
1192.13
1203.5
348.615
511.406
1338.1
1578.65
744.68
604.625
1940.61
2823.23
2807.77
1885.59
1079.36
1514.08
1940.15
2587.23
2944.19
2368.96
1653.68
791.972
911.11
1682.78
1892.41
1743.26
938.848
172.636
-76.5536
83.055
344.977
22.1218
-366.214
-619.95
-723.173
-881.417
-1343.87
-1515.3
-1166.98
-810.48
-881.417
-1403.44
-1933.2
-1733.57
-1355.7
-1004.19
-915.977
-1236.56
-1207.91
-1329.78
-1140.16
-644.96
-456.249
-309.373
-576.297
-571.295
-251.168
-243.893
-31.9905
146.262
300.414
480.03
98.0609
7.11586
188.097
63.5018
420.006
630.999
471.845
348.16
-183.414
-201.603
236.752
249.939
120.797
-334.383
-467.617
-257.989
-656.328
-661.785
-458.523
-705.893
-785.925
-1106.96
-1169.26
-1075.59
-1618.53
-1082.86
252.213
350.433
-1119.69
-3171.41
-2377.46
1087.54
2324.85
313.601
-2244.23
-2015.96
878.37
1911.96
683.747
159.449
765.143
1751.9
1213.05
112.157
1204.41
2517.65
2793.22
1986.54
769.69
1116.65
1636.85
1984.72
2700
2477.64
1552.27
666.468
439.56
1344.01
2086.12
1625.03
743.316
50.3148
-157.495
118.524
344.067
289.955
-142.943
-650.872
-839.128
-839.128
-887.784
-1037.84
-1080.13
-868.23
-757.732
-1076.04
-1526.67
-1575.78
-1107.87
-618.131
-623.588
-1013.74
-1287.03
-1202
-857.772
-404.865
-77.0083
-207.514
-699.527
-888.238
-404.411
275.404
454.111
121.252
-156.131
9.38949
216.29
86.2381
-27.898
99.8798
239.026
151.719
43.0392
70.7774
8.93476
-287.546
-314.375
-30.6263
-48.3606
-360.757
-835.035
-616.767
-298.46
-734.541
-897.788
-922.797
-701.346
-692.252
-1146.98
-1100.14
-1295.67
-1262.48
-206.605
585.526
1.65916
-2069.16
-2979.07
-356.664
2403.97
1642.31
-1296.58
-2422.48
93.9684
2290.75
1418.58
150.354
408.638
1552.73
1684.6
629.635
872.458
2279.38
2818.68
2258.46
1137.56
937.029
1469.97
1683.23
2361.68
2512.65
1699.15
758.777
271.766
957.037
1682.78
1682.78
994.325
-19.2582
-408.503
-148.4
280.861
362.256
-136.123
-760.46
-884.146
-778.195
-949.172
-1148.34
-996.918
-618.131
-539.919
-921.433
-1420.72
-1511.67
-1034.66
-494.901
-413.96
-724.992
-1019.65
-1058.31
-801.841
-370.761
-23.8055
32.5805
-272.54
-620.405
-448.064
159.449
520.046
260.853
-93.8332
75.3247
382.719
207.195
-175.229
-167.044
247.666
317.239
-217.518
-281.635
-75.6441
-303.462
-478.531
-411.686
-175.229
-383.038
-1116.51
-1260.66
-585.391
-451.247
-1012.83
-1182.45
-1249.74
-1051.03
-963.723
-1350.24
-1370.7
-1604.89
-924.616
578.251
214.016
-1477.56
-2934.05
-1522.13
1982.44
2283.47
-405.32
-2345.18
-949.172
2104.31
2216.63
370.896
180.821
1344.46
2136.59
1394.03
516.408
1767.36
2832.32
2657.71
1926.97
1069.81
1326.27
1498.16
1988.81
2855.06
2430.35
1111.19
16.6651
274.04
1600.02
2200.26
1136.2
-77.0083
-480.35
-252.532
352.252
350.433
-56.5457
-540.373
-927.345
-810.48
-762.279
-953.719
-929.164
-840.492
-840.947
-926.435
-1201.09
-1217
-805.933
-464.889
-547.194
-900.516
-993.28
-698.618
-361.666
-253.896
-195.692
-63.8213
-99.7446
-381.22
-344.842
349.979
832.442
464.57
-227.522
-252.987
347.705
694.661
267.219
-217.064
22.1218
98.5157
-97.0162
-359.393
-165.68
63.9565
-498.539
-605.854
-579.025
-587.665
-908.246
-1329.32
-966.906
-702.256
-916.886
-1545.32
-1694.01
-1354.79
-1036.48
-1168.35
-1626.71
-1899.55
-1645.81
-245.711
404.091
-675.882
-2699.41
-2617.56
734.676
2658.16
781.058
-2282.88
-1973.21
1411.31
2986.93
1069.35
-487.171
851.086
2518.11
2231.18
657.373
1108.46
2784.12
2996.03
2285.74
1436.32
1598.65
1860.58
1726.43
2290.29
2738.2
2038.37
672.379
129.437
1082.09
2227.99
1880.13
539.144
-363.94
-346.66
193.553
428.646
119.433
-438.515
-791.837
-818.211
-856.408
-976.91
-950.081
-836.854
-878.234
-1019.65
-1105.14
-1166.98
-1217.46
-1022.84
-601.307
-427.602
-724.537
-1082.41
-1035.57
-601.761
-135.213
98.9704
19.3934
-363.485
-715.897
-413.505
525.048
995.689
383.628
-391.678
-184.778
518.682
515.044
43.9486
-15.6204
263.581
137.167
-299.369
-322.105
33.9447
-116.115
-565.383
-468.527
-343.023
-627.226
-1398.44
-1438.91
-554.47
-623.588
-1276.12
-1809.51
-1601.25
-935.53
-1235.65
-1643.99
-1841.34
-1746.76
-604.49
248.12
-407.594
-2205.12
-2976.79
-439.424
2453.08
1528.17
-1648.99
-2672.58
198.555
2982.84
1778.73
-279.361
157.63
2017.91
2517.65
938.848
759.232
2463.09
3307.51
2533.12
1232.6
1271.71
1958.8
2115.68
2242.09
2478.09
2175.7
1043.89
199.919
731.039
2027.46
2277.1
1055.26
-392.133
-713.624
32.1258
691.477
474.574
-264.355
-714.079
-1021.02
-1033.75
-1075.59
-906.882
-563.564
-839.128
-1024.2
-1360.7
-1446.64
-1227.01
-965.087
-332.564
-410.322
-1004.65
-1417.99
-1162.89
-404.411
-15.1657
80.7814
32.5805
-285.727
-764.553
-598.578
417.733
1155.75
659.647
-345.751
-331.2
471.845
684.202
183.549
25.7596
454.111
494.127
-196.601
-581.753
-77.4631
245.847
-83.8292
-410.777
-570.84
-684.067
-1197.45
-1305.68
-532.188
-473.074
-1031.02
-1692.65
-1849.07
-1119.69
-1131.97
-1383.89
-1548.95
-1951.84
-1069.22
-84.2839
-385.312
-1839.52
-3102.75
-893.695
2218.45
1708.24
-1238.38
-2950.42
-353.936
2983.75
2276.2
17.5745
-273.45
1621.85
2715.91
1348.1
585.072
2007
3248.4
2888.26
1518.62
1011.6
1870.58
2204.35
2326.22
2528.11
2171.15
1347.19
345.886
607.353
1812.38
2270.28
1371.29
-170.682
-774.102
-171.136
533.233
499.129
-99.7446
-743.181
-1080.59
-1153.34
-1110.6
-938.713
-779.559
-785.47
-990.552
-1255.2
-1486.2
-1610.8
-1300.22
-510.816
-59.274
-662.695
-1589.88
-1548.5
-616.767
51.2242
79.4172
-9.25425
-113.386
-462.615
-603.126
50.3148
936.574
947.488
202.648
-83.3745
393.632
640.548
261.762
101.699
546.42
764.688
171.272
-423.509
-262.536
114.886
81.2361
-172.955
-297.095
-546.74
-1123.33
-1333.87
-698.163
-271.631
-820.939
-1686.74
-1941.38
-1262.93
-976.91
-1499.39
-1874.99
-1842.71
-793.201
3.93278
-842.311
-2286.06
-2922.22
-686.795
2133.87
1342.64
-1541.68
-2919.5
-447.609
2644.98
1971.98
51.2242
-210.698
1278.07
2246.64
1136.2
759.686
1957.89
2925.09
2618.6
1389.03
1138.93
1734.62
2018.82
2234.36
2507.2
2337.13
1292.17
211.742
471.845
1821.47
2479.91
1507.71
-92.0143
-694.071
-34.2641
630.544
514.135
-45.6323
-497.629
-765.008
-1049.21
-1233.83
-1023.29
-561.291
-433.968
-855.953
-1350.69
-1499.84
-1389.35
-1086.5
-538.1
-168.408
-566.293
-1337.51
-1444.82
-728.175
-51.9984
182.64
146.717
-155.221
-636.32
-700.891
128.073
996.598
860.181
23.0312
-163.861
400.908
624.633
230.841
-8.79953
570.975
741.952
203.102
-353.027
-383.948
87.6022
34.8541
-15.1657
-153.402
-423.509
-987.823
-1458.46
-726.811
-429.42
-722.718
-1212
-1740.85
-1337.51
-1099.23
-1450.28
-1554.87
-1745.4
-1240.65
-14.711
-391.678
-1963.66
-3094.57
-1627.62
1790.09
1910.14
-1033.75
-2989.07
-1458.46
2137.5
2554.03
296.321
-521.275
775.147
2257.55
1611.84
543.692
1507.25
2933.27
2840.51
1671.87
1000.69
1379.02
2157.06
2361.23
2368.96
2383.51
1531.36
474.574
330.88
1377.66
2564.95
2124.32
332.244
-793.655
-327.562
680.564
868.82
193.553
-435.332
-635.411
-718.171
-952.355
-1086.04
-793.201
-441.243
-529.46
-942.351
-1312.95
-1491.2
-1351.15
-749.092
-130.211
-282.544
-1070.13
-1459.37
-1051.94
-471.255
-106.111
149.445
117.159
-434.422
-897.788
-372.125
668.741
861.545
101.244
-238.436
314.965
631.908
33.0352
-445.336
266.309
997.962
606.899
-378.491
-791.382
-313.011
48.9506
174.91
75.3247
-454.885
-1131.52
-1492.57
-995.553
-409.413
-546.74
-1133.34
-1647.63
-1492.57
-1158.8
-1449.82
-1628.53
-1618.98
-1228.37
-115.205
-231.615
-1774.95
-3123.67
-2015.05
1450.41
2410.34
-406.229
-3250.54
-2192.85
1840.11
3031.95
595.53
-938.713
376.808
2336.67
2054.74
536.416
887.009
2567.67
3135.17
2017
776.511
1164.85
2077.48
2277.56
2424.44
2290.75
1629.58
725.127
271.311
1220.32
2443.08
2198.89
561.881
-612.675
-237.981
569.611
732.857
219.473
-237.072
-458.978
-703.165
-863.683
-861.864
-785.016
-716.352
-655.419
-683.612
-899.606
-1524.85
-1710.38
-905.973
15.3009
-38.8114
-1152.89
-1503.48
-845.039
-312.101
-204.786
-227.068
12.1178
-175.229
-689.978
-542.192
307.235
758.322
157.63
-338.475
172.636
778.785
262.217
-498.084
-15.6204
883.372
826.531
-117.934
-688.159
-250.259
28.0332
-51.5437
9.84421
-182.959
-608.128
-1239.74
-1248.38
-376.218
-284.363
-948.262
-1528.95
-1577.15
-1006.92
-1003.28
-1384.8
-1653.54
-1714.47
-634.047
317.239
-588.574
-2583
-3118.67
-291.639
2678.17
1496.34
-2181.93
-3275.09
33.4899
3159.73
2007
-654.055
-599.033
1695.51
2554.03
1071.63
270.402
1668.68
3148.36
2670.9
1175.31
724.218
1513.62
2238.91
2379.87
2332.58
2031.55
1149.39
246.756
521.865
1911.51
2617.24
1426.31
-418.962
-791.837
345.886
1077.54
495.946
-296.186
-393.497
-367.123
-788.653
-1118.78
-834.581
-453.521
-601.307
-957.811
-1026.93
-1119.69
-1501.21
-1446.64
-508.088
175.819
-534.462
-1691.74
-1635.81
-571.295
46.2222
-106.565
-274.814
-342.113
-643.596
-725.901
-1.06919
750.137
471.845
-377.127
-377.127
506.859
667.832
-187.507
-496.72
390.904
1002.96
319.967
-656.328
-585.391
29.3974
159.449
100.789
-200.239
-463.525
-848.677
-1171.08
-554.015
-299.824
-591.757
-1070.13
-1467.56
-1117.87
-1039.21
-1240.65
-1439.82
-1614.43
-660.421
378.626
-460.342
-2386.56
-3140.95
-683.157
2483.1
1715.97
-1680.37
-3204.15
-433.058
2922.81
2136.14
-447.155
-775.466
1303.99
2401.7
1111.19
249.939
1424.95
2906.44
2676.81
1297.63
636.456
1252.15
2127.95
2478.09
2387.6
1947.43
1133.93
310.418
495.491
1808.74
2602.23
1576.83
-232.524
-814.118
134.439
1062.99
757.867
-157.04
-445.336
-253.896
-540.828
-1057.85
-878.234
-328.017
-317.103
-653.6
-809.571
-1018.74
-1372.07
-1243.83
-375.763
296.776
-296.641
-1488.02
-1564.87
-478.076
183.095
-143.853
-402.137
-223.885
-393.042
-664.059
-236.617
482.304
600.532
-93.3784
-508.997
184.459
628.725
13.0273
-386.222
63.5018
719.67
476.847
-490.354
-694.98
-251.168
77.5983
156.72
-204.786
-637.23
-909.61
-1137.43
-666.332
-208.879
-686.795
-1156.07
-1430.27
-1066.95
-734.996
-1301.58
-1573.51
-1710.38
-999.646
286.772
-113.386
-1830.43
-3160.96
-1726.75
1686.87
2286.65
-705.439
-3195.51
-1648.54
2071.57
2799.58
324.514
-1101.96
419.552
2381.24
1869.22
285.408
651.462
2402.61
3018.31
1802.37
472.3
835.625
1887.41
2157.97
2104.31
1928.33
1464.51
567.337
16.6651
1112.55
2470.82
2123.86
228.567
-1089.68
-180.686
1159.39
930.663
-200.694
-596.305
-153.857
-222.52
-898.697
-1036.48
-462.615
-199.784
-594.031
-955.538
-960.54
-1059.67
-1252.47
-800.931
70.3227
73.9605
-1031.48
-1726.3
-995.553
119.433
299.959
-202.058
-501.267
-535.371
-514.909
-174.774
446.381
555.06
-101.563
-510.362
43.0392
687.385
359.528
-377.582
-246.621
534.597
597.349
-229.341
-690.433
-289.82
114.886
2.11388
-239.8
-436.241
-793.655
-1096.96
-906.427
-453.976
-464.889
-1081.5
-1568.51
-1363.43
-885.055
-846.858
-1295.22
-1752.67
-1672.64
-779.104
200.829
-239.345
-2131
-2999.53
-986.004
1830.11
1704.15
-1307.04
-2945.42
-721.354
2379.87
2267.1
-268.902
-1033.75
1107.1
2814.59
1748.71
50.7695
645.096
2695.91
3212.93
1667.32
438.65
1007.06
2153.87
2428.98
2125.68
1912.41
1386.3
420.006
323.15
1668.68
2689.54
1688.69
-357.574
-951.445
393.178
1354.01
556.424
-503.995
-461.251
-52.4532
-361.666
-977.819
-890.512
-370.761
-342.568
-698.618
-849.132
-898.697
-1138.34
-1154.71
-495.81
129.437
-305.735
-1336.6
-1548.04
-664.059
191.28
204.012
-250.259
-541.738
-574.478
-398.044
65.7754
534.143
369.532
-272.995
-363.94
280.406
617.812
138.986
-314.375
-34.2641
478.666
385.902
-193.418
-459.887
-154.312
205.376
62.1376
-278.452
-514.909
-708.167
-676.336
-530.824
-513.09
-820.484
-1181.08
-1163.35
-947.807
-809.116
-1001.46
-1321.59
-1434.36
-1435.27
-983.731
-102.473
-50.1795
-1365.25
-2676.22
-1785.87
964.767
1923.78
-236.162
-2525.7
-1632.62
1528.17
2460.36
357.254
-945.988
618.721
2596.32
1915.6
-7.43535
361.347
2622.24
3426.65
1796.46
184.004
737.405
2226.63
2539.94
2047.92
1821.02
1509.07
663.285
260.853
1295.35
2539.94
1919.24
-23.3507
-775.921
263.126
1163.48
560.062
-428.966
-388.04
35.3088
-331.655
-985.095
-985.095
-531.279
-329.381
-714.079
-992.825
-937.803
-1070.58
-1193.36
-884.146
-252.532
-308.918
-1181.99
-1598.97
-971.453
-71.0969
-21.5318
-605.854
-888.693
-676.791
-355.3
-155.676
42.1297
123.071
-112.022
-382.129
-88.3765
479.575
415.459
-44.7228
-235.707
49.86
370.441
87.6022
-246.621
-23.3507
261.762
13.482
-401.682
-520.366
-374.853
-206.605
-417.598
-586.755
-757.277
-1059.67
-915.522
-785.016
-755.004
-793.655
-1221.1
-1451.19
-1547.14
-1361.15
-332.109
286.317
-618.586
-2379.74
-2804.91
-334.838
2064.75
986.139
-1838.16
-2591.18
43.9486
2469
1252.15
-787.744
-372.125
1778.73
2482.64
578.251
-247.985
1601.84
3238.85
2542.66
635.092
344.067
1826.02
2582.68
2064.29
1718.25
1754.63
1344.46
568.247
688.294
1905.14
2333.49
1021.15
-407.594
-169.318
987.049
1068.9
-2.43337
-551.742
-88.8312
139.441
-496.265
-1101.96
-833.217
-325.743
-434.877
-883.236
-953.719
-825.941
-941.896
-980.548
-738.634
-433.513
-741.362
-1199.73
-987.823
-498.084
-215.245
-542.647
-717.262
-444.426
-272.995
-160.678
-144.308
-24.2602
-87.467
-298.46
-100.654
310.872
424.554
38.0372
-270.721
-28.8074
355.89
342.248
21.6671
-109.749
95.7873
156.266
-179.322
-302.097
-156.131
-102.473
-132.03
-463.98
-709.077
-846.404
-838.673
-378.491
-535.371
-956.902
-1001.46
-1162.44
-1185.17
-1359.79
-1315.23
-235.707
355.435
-857.317
-2692.13
-2662.12
152.628
2240.27
690.568
-2190.12
-2573.45
324.514
2473.09
1065.72
-884.146
-187.052
1862.4
2087.48
398.18
-152.038
1665.5
3109.71
2293.93
825.167
598.714
1657.77
2210.26
1948.34
2069.3
1931.06
1232.6
578.251
681.474
1901.05
2268.92
1091.64
-37.4472
-114.751
806.978
915.657
-14.2562
-316.649
65.3207
256.305
-448.064
-1127.42
-925.526
-457.613
-368.942
-620.86
-658.147
-1018.29
-1367.97
-1068.76
-610.401
-204.786
-620.86
-1300.22
-1078.77
-557.653
-332.564
-599.942
-729.994
-251.168
-176.593
-473.074
-470.346
-225.249
-10.6184
-163.406
49.86
478.666
271.766
-253.896
-458.068
263.126
864.728
510.952
-107.02
-294.822
155.356
373.17
45.3128
-255.715
-141.579
48.9506
-205.696
-609.492
-664.513
-505.36
-624.043
-720.899
-674.063
-878.234
-1156.07
-1226.55
-1064.22
-873.687
-1290.67
-1710.84
-820.03
108.52
-533.098
-2417.02
-2884.94
-180.686
2076.57
687.84
-2477.5
-2964.51
329.971
2717.28
1212.59
-1167.89
-619.95
1730.07
2226.63
584.617
-112.932
1675.96
3276.59
2390.79
549.603
224.02
1791.46
2925.09
2469.91
1846.93
1362.2
975.681
847.903
1151.2
2246.64
2401.7
946.124
-303.462
-288.456
947.488
1389.94
310.872
-229.796
-70.1874
-61.0929
-570.385
-1046.03
-602.216
-188.416
-405.775
-1021.93
-1428
-1156.98
-989.187
-965.087
-723.173
-621.769
-1008.29
-1517.12
-1296.13
-538.555
-145.672
-616.767
-1046.03
-765.917
-599.033
-443.972
-358.029
-284.363
4.84223
-115.205
-179.322
-97.471
-68.8233
181.73
315.874
360.437
424.554
133.075
-197.511
71.6869
533.688
586.436
193.553
-167.499
-118.388
18.9387
-122.936
-274.359
-146.581
-86.1028
-338.021
-920.069
-1069.22
-601.761
-500.358
-648.598
-948.717
-1240.2
-1392.07
-1677.64
-1064.67
53.9526
-45.1776
-1469.38
-2926.77
-2036.87
836.08
1841.02
-426.237
-2783.08
-1851.8
1187.13
2283.93
370.896
-1039.21
217.654
1912.87
1654.59
269.038
463.205
2206.17
2865.97
1739.16
666.468
949.761
2117.95
2667.26
2151.15
1757.81
1553.18
1243.97
1156.66
1558.18
2102.04
1710.52
675.562
66.2302
393.178
1074.36
905.653
141.715
-321.651
-257.534
-146.127
-453.066
-777.285
-831.398
-778.65
-798.203
-985.095
-1160.16
-1326.59
-1419.81
-1197.45
-902.79
-1069.67
-1524.85
-1504.39
-966.451
-651.781
-915.977
-1183.81
-983.731
-606.309
-497.629
-509.907
-361.666
-207.514
-255.261
-291.639
187.642
534.143
233.114
-119.298
69.868
814.708
929.299
367.258
131.711
439.56
894.74
736.95
311.782
313.601
482.759
472.755
273.13
65.3207
25.7596
-51.089
-267.993
-343.932
-393.952
-518.092
-711.35
-932.347
-870.049
-753.64
-1000.56
-1486.66
-1630.8
-790.927
185.368
-468.527
-2314.26
-2851.74
-841.402
1500.43
912.474
-1884.54
-2890.39
-570.84
2049.29
1516.8
-895.969
-1249.29
829.259
2284.84
1354.01
-114.296
530.05
2493.55
2946.46
1505.44
399.089
1133.93
2619.51
2895.08
2147.05
1509.07
1288.99
1380.84
1452.69
1898.77
2253
1413.58
181.73
6.20641
978.864
1456.33
458.658
-589.029
-379.401
234.479
-63.3666
-1095.59
-1421.63
-665.423
-363.031
-1029.66
-1729.03
-1709.47
-1234.74
-1136.97
-1292.94
-1340.69
-1404.81
-1591.7
-1651.72
-1262.93
-799.567
-765.462
-1026.93
-1091.5
-898.242
-705.893
-461.251
-233.434
-69.278
19.8482
-37.4472
26.2143
141.26
258.579
498.674
699.208
826.076
664.649
425.463
540.963
742.407
924.752
1001.6
853.814
558.243
219.018
247.666
602.806
726.946
374.079
-176.138
-408.958
-324.834
-292.093
-454.43
-599.942
-704.984
-965.996
-1125.6
-1120.15
-1236.56
-1573.51
-1563.51
-639.049
-137.487
-1366.15
-3057.28
-2694.41
47.5864
1749.62
-78.8272
-2939.05
-2813.09
303.597
2259.37
738.314
-1262.02
-563.564
1601.84
2018.82
395.906
-80.1914
1729.62
3192.01
2347.13
608.717
580.525
2045.19
2824.14
2381.69
1873.76
1819.65
1522.26
990.687
1223.51
2255.73
2467.63
1072.54
-201.603
68.5038
1199.41
1327.18
61.6829
-649.962
-242.983
44.4033
-515.818
-1267.48
-1132.88
-594.486
-729.084
-1349.33
-1615.34
-1484.84
-1371.61
-1430.27
-1388.44
-1161.53
-1323.41
-1653.54
-1522.58
-1110.14
-840.037
-918.705
-989.187
-757.277
-603.126
-525.822
-260.717
13.482
145.352
66.2302
123.071
598.714
846.539
603.715
412.731
656.009
1216.23
1373.57
925.661
579.16
636.001
944.305
1180.76
1037.52
744.68
490.034
272.221
279.951
392.268
305.87
29.8521
-265.265
-431.694
-554.925
-810.935
-1007.83
-912.339
-792.746
-1053.76
-1550.77
-1754.49
-1604.89
-1523.94
-1463.92
-1066.49
-767.281
-1386.16
-2527.98
-2425.21
-418.052
1157.57
6.20641
-2302.89
-2346.54
299.959
2191.62
931.572
-1017.38
-400.773
1784.18
2396.7
942.031
147.171
1636.4
3240.67
2693.18
1113.92
862.909
2150.69
3090.61
2648.62
1837.39
1602.29
1635.49
1560.46
1625.94
1899.23
1747.8
887.919
169.453
370.896
925.661
714.668
-208.879
-699.073
-400.318
-235.707
-781.833
-1383.43
-1346.6
-1015.56
-1085.59
-1514.4
-1777.23
-1737.21
-1658.09
-1618.53
-1484.84
-1366.15
-1493.93
-1657.63
-1417.54
-921.888
-809.116
-1091.96
-1041.03
-417.598
38.4919
-177.503
-466.708
-127.483
545.056
802.885
621.905
560.971
765.598
887.009
907.472
1143.93
1407.67
1294.9
881.098
782.423
1143.02
1315.36
982.502
527.776
607.353
941.576
704.21
35.3088
-254.351
93.5137
271.766
-243.893
-893.695
-1023.29
-776.831
-804.114
-1190.18
-1443
-1417.08
-1462.56
-1618.98
-1597.61
-1521.67
-1803.6
-2123.73
-1623.07
-594.486
-559.017
-1984.13
-2874.48
-1322.5
1122.56
1154.39
-1250.2
-2451.13
-386.676
2288.02
1979.71
-255.715
-591.757
1547.73
2985.57
1820.56
347.25
1083.45
2977.84
3331.16
1846.03
868.366
1569.55
2696.82
2784.58
2023.37
1499.07
1364.47
1293.08
1290.81
1371.29
1285.8
698.753
2.56861
-120.207
142.624
81.2361
-531.734
-1000.56
-885.51
-821.848
-1186.08
-1631.71
-1703.56
-1446.19
-1372.07
-1585.33
-1824.06
-1889.54
-1794.05
-1656.72
-1370.25
-1195.18
-1425.27
-1586.7
-1223.83
-611.765
-454.43
-729.539
-670.88
-162.497
260.853
230.841
111.248
423.19
790.153
834.261
831.533
1045.25
1257.61
1110.28
981.138
1255.79
1545
1428.13
972.498
838.808
1187.58
1303.99
970.679
548.694
477.757
687.84
549.603
98.5157
-169.772
-149.31
-69.7327
-271.176
-716.807
-1020.11
-943.26
-745
-927.799
-1404.81
-1699.92
-1541.68
-1187.9
-1235.19
-1527.58
-1640.35
-1569.87
-1548.04
-1643.54
-1166.53
-311.192
-323.469
-1372.98
-2087.8
-885.055
1240.79
1533.17
-309.828
-1612.62
-186.597
2217.99
2322.58
535.052
-114.751
1458.6
2848.69
1956.52
555.515
1033.43
2775.48
3165.64
1595.02
509.587
1183.49
2318.48
2267.1
1379.02
974.771
944.759
735.586
467.298
615.084
847.903
362.711
-544.466
-816.846
-342.113
-173.41
-818.665
-1427.09
-1177.9
-818.211
-1171.08
-1829.07
-1849.98
-1206.09
-1025.11
-1448.46
-1781.32
-1542.59
-1102.87
-1097.41
-1146.98
-989.642
-745.909
-639.049
-633.137
-360.757
-107.475
-81.1009
7.11586
307.235
663.285
616.448
417.278
652.371
1029.34
1173.49
983.866
920.204
1221.23
1245.79
994.325
807.887
1076.18
1456.33
1140.75
580.07
385.902
723.308
962.494
590.983
202.193
28.9427
-11.5279
-94.2879
-214.79
-149.31
-291.639
-750.457
-1086.04
-986.914
-602.671
-687.25
-1232.92
-1514.85
-1331.14
-1003.74
-1066.49
-1345.69
-1388.44
-1258.38
-1006.92
-900.061
-1063.31
-1251.11
-1135.15
-353.027
270.857
-228.887
-1270.66
-1287.49
462.296
1848.75
937.939
-929.618
-996.008
1217.14
2614.06
1476.79
-179.776
140.35
1987.9
2460.36
1103.46
284.044
1207.59
2365.32
1885.59
647.824
486.851
1235.78
1607.75
1090.73
609.627
658.283
534.597
154.902
58.0451
420.006
481.394
-294.822
-900.516
-675.882
-201.148
-297.55
-960.085
-1193.81
-943.26
-859.136
-1005.1
-1154.25
-1054.21
-1018.74
-1149.25
-1047.85
-816.846
-719.99
-879.599
-962.359
-624.043
-218.883
-212.971
-493.082
-492.627
-49.2701
349.524
310.872
86.2381
106.701
393.632
666.922
729.674
639.184
520.955
528.231
773.328
1047.07
959.311
543.692
355.435
686.476
1067.99
903.834
348.615
82.6003
363.166
702.846
588.71
141.26
-145.672
-73.8252
102.608
70.3227
-175.229
-380.765
-363.485
-253.896
-334.838
-634.956
-825.941
-656.783
-359.847
-396.68
-839.128
-1211.55
-1045.57
-498.993
-242.528
-635.411
-1167.44
-1066.49
-428.966
-182.05
-671.334
-989.642
-357.574
446.835
98.9704
-1067.85
-1203.36
314.055
1605.48
826.531
-989.642
-1206.09
609.627
1999.72
1198.04
-372.58
-358.938
1061.62
1717.79
831.988
3.02333
557.788
1579.56
1480.88
433.648
-38.3567
611.901
1333.09
1176.21
499.583
129.892
194.917
331.335
406.365
455.475
300.414
-137.032
-468.527
-320.741
9.38949
-54.2721
-482.169
-712.26
-549.468
-425.783
-625.862
-835.035
-718.171
-497.629
-557.653
-804.569
-856.862
-659.511
-490.354
-483.533
-517.637
-499.448
-456.704
-377.127
-224.794
-86.1028
-87.467
-150.674
-62.9118
181.73
336.337
266.764
153.083
226.748
466.388
645.55
616.448
462.296
383.174
473.209
655.099
759.686
701.936
570.521
514.135
565.064
596.44
553.241
506.404
512.316
505.95
413.64
269.038
207.65
274.949
269.492
140.805
-15.6204
-52.4532
-36.083
-138.851
-217.518
-259.808
-312.101
-449.428
-577.206
-492.173
-408.048
-528.551
-784.561
-873.232
-739.088
-678.155
-734.996
-713.169
-675.882
-899.606
-1213.37
-990.097
-201.603
49.4053
-814.573
-1688.1
-1134.24
420.006
826.986
-483.078
-1561.69
-741.362
937.484
1083.45
-253.896
-826.396
278.587
1430.86
937.484
-219.792
-103.837
1108.92
1693.69
928.844
90.3306
321.331
1052.98
1328.09
1021.61
715.123
627.816
509.133
514.589
758.777
914.293
594.621
-0.614469
-113.386
241.299
349.524
-20.6224
-407.139
-325.288
-167.044
-406.684
-710.441
-667.242
-393.042
-431.239
-785.925
-881.872
-671.789
-517.182
-615.858
-723.173
-587.665
-490.354
-525.822
-508.088
-353.481
-158.404
-163.861
-193.873
-51.5437
103.063
197.191
249.484
388.176
510.952
442.743
455.475
665.103
882.917
849.267
633.727
702.846
1003.42
1090.73
840.627
621.905
843.356
1123.47
987.049
636.456
497.764
705.574
794.245
518.227
254.941
245.392
389.085
277.223
-108.839
-317.103
-224.339
-73.8252
-194.327
-532.643
-786.38
-854.134
-790.018
-699.982
-729.994
-959.175
-1286.12
-1433
-1190.63
-911.884
-1017.84
-1438.46
-1590.79
-1179.72
-884.146
-1182.45
-1638.99
-1350.69
-433.058
-199.329
-1072.86
-1822.7
-1078.31
463.205
797.883
-433.058
-1355.24
-508.088
1027.06
1259.43
215.835
-247.53
610.991
1515.44
1216.23
454.566
635.092
1526.81
1873.76
1242.6
674.653
927.025
1437.23
1521.81
1198.04
982.956
913.383
720.125
580.525
685.566
830.169
598.259
77.5983
-163.861
-29.7169
76.2341
-132.94
-438.06
-513.999
-508.997
-640.868
-835.49
-881.872
-779.559
-769.1
-860.5
-913.248
-891.876
-858.681
-840.492
-724.537
-548.104
-477.621
-509.452
-480.804
-270.267
-17.4393
103.518
128.982
195.372
369.077
571.43
679.655
707.848
746.499
875.187
1072.54
1177.58
1110.73
990.232
1033.43
1259.88
1380.84
1242.15
1019.79
972.043
1090.27
1094.36
910.2
734.222
713.304
728.765
554.605
252.213
54.4073
43.4939
100.335
-6.5259
-321.651
-674.063
-846.858
-771.829
-674.063
-795.02
-1122.42
-1410.72
-1433.91
-1302.49
-1275.21
-1415.26
-1563.51
-1570.33
-1531.67
-1549.86
-1553.5
-1480.29
-1378.89
-1321.59
-1251.11
-1141.07
-1139.7
-1211.09
-1046.03
-511.726
-68.8233
-290.275
-866.412
-829.124
121.707
1013.42
798.793
-81.5556
-256.17
660.556
1538.18
1355.38
669.196
643.277
1319
1713.7
1332.19
885.645
1114.83
1654.59
1714.15
1188.95
771.054
892.011
1191.22
1241.24
960.675
586.891
335.882
258.124
344.977
379.081
163.541
-225.249
-490.354
-466.708
-377.127
-482.169
-719.99
-849.132
-831.852
-833.217
-913.248
-948.262
-872.778
-785.47
-768.646
-777.74
-717.716
-575.842
-431.239
-332.109
-252.532
-145.672
14.8462
217.199
385.447
464.57
517.772
656.464
858.362
1000.24
1044.34
1072.08
1152.57
1234.87
1248.06
1239.42
1290.35
1330.37
1237.15
1081.18
1030.25
1066.17
1011.6
820.165
637.365
555.969
479.575
303.142
103.518
-0.159744
-65.6402
-237.981
-492.627
-663.604
-707.258
-762.279
-925.071
-1115.15
-1207.46
-1221.1
-1272.94
-1386.16
-1467.1
-1466.19
-1431.64
-1423.9
-1440.27
-1444.37
-1425.72
-1373.88
-1275.21
-1154.25
-1065.58
-1048.3
-1024.66
-897.333
-712.26
-555.834
-459.887
-398.499
-276.633
-118.843
-63.8213
-48.3606
130.801
477.757
674.653
452.292
120.342
297.685
967.496
1349.47
946.124
328.152
403.182
1091.64
1434.95
1022.97
546.875
678.29
1077.99
1031.16
596.895
442.288
752.865
960.675
638.729
139.441
42.5844
327.697
485.487
263.581
-90.1954
-271.176
-260.717
-204.786
-199.784
-267.084
-401.227
-554.925
-624.952
-559.472
-450.338
-424.873
-492.173
-555.834
-547.649
-469.891
-342.568
-205.241
-143.398
-182.505
-200.239
-56.5457
186.732
324.514
307.689
285.862
375.443
529.141
638.275
703.3
751.047
752.865
744.226
786.06
844.265
851.996
813.799
806.068
835.625
766.052
568.247
465.934
597.349
733.312
551.422
132.62
-70.6422
123.98
348.16
203.102
-203.422
-458.068
-402.592
-252.987
-260.263
-447.609
-654.964
-735.905
-692.706
-634.502
-654.509
-754.549
-835.49
-808.207
-720.445
-704.075
-767.281
-775.012
-672.244
-563.11
-548.558
-591.303
-574.478
-462.161
-330.745
-261.627
-267.084
-300.733
-281.635
-154.766
7.11586
45.3128
-60.6382
-132.94
-44.7228
105.791
149.445
88.9664
48.4959
35.7636
-15.6204
-29.7169
108.974
265.4
138.986
-225.249
-322.56
63.0471
415.459
203.102
-315.284
-406.684
72.5963
414.55
132.165
-306.19
-222.066
247.666
394.087
25.3049
-260.263
-8.79953
415.914
422.28
61.2282
-117.479
100.335
368.622
367.713
199.01
112.612
142.624
183.095
211.742
248.12
235.388
138.986
61.6829
102.608
185.823
176.728
91.24
57.5904
99.4251
126.254
98.9704
82.6003
112.612
137.622
125.344
119.888
153.537
187.187
187.187
182.185
208.104
249.484
273.585
274.494
275.859
291.319
315.874
343.158
350.433
328.152
311.782
334.973
384.538
387.721
308.599
254.486
309.963
379.991
351.798
242.209
184.913
242.209
283.134
204.921
108.065
112.612
160.358
117.614
-4.25227
-56.091
-7.43535
20.7576
-57.9099
-179.776
-228.432
-195.692
-177.048
-232.979
-315.739
-358.029
-363.94
-376.218
-409.867
-441.243
-445.336
-438.06
-464.434
-519.001
-542.192
-509.452
-469.436
-475.802
-520.366
-547.194
-525.822
-483.987
-465.798
-468.527
-468.072
-466.253
-459.887
-433.968
-397.135
-372.125
-360.757
-348.934
-346.66
-354.391
-318.922
-217.973
-142.034
-189.78
-298.005
-266.174
-47.9059
106.246
7.11586
-169.772
-116.569
161.268
309.053
151.264
-1.97865
134.894
379.536
392.268
191.28
121.707
316.784
492.308
401.363
198.555
167.179
312.237
404.091
329.971
201.738
147.171
161.268
182.185
179.002
138.531
60.3187
-6.07117
4.84223
54.862
38.9466
-43.8134
-72.0063
0.294982
56.2262
12.1178
-36.9925
25.7596
136.258
153.537
103.972
138.077
272.221
354.071
312.691
275.859
369.532
518.227
559.607
493.672
468.207
545.965
626.906
626.452
586.891
573.704
589.164
590.983
553.241
503.676
479.575
468.207
445.016
389.995
301.778
225.839
204.921
202.193
152.628
47.5864
-59.7288
-112.022
-110.658
-109.294
-157.04
-248.895
-329.836
-358.483
-346.206
-328.471
-346.66
-401.227
-442.153
-444.426
-433.058
-422.6
-403.956
-378.491
-381.674
-423.964
-441.698
-377.127
-286.182
-275.723
-344.387
-370.761
-301.188
-227.522
-229.341
-268.902
-263.446
-221.156
-220.702
-264.81
-270.721
-224.794
-206.605
-261.627
-332.109
-343.477
-315.284
-313.92
-347.57
-383.948
-422.6
-473.984
-503.541
-465.798
-404.865
-436.696
-564.474
-639.049
-550.832
-399.863
-380.31
-497.175
-554.47
-454.43
-312.556
-276.178
-316.649
-271.631
-131.575
-56.091
-74.28
-55.6362
76.6888
238.571
297.231
262.217
271.766
379.536
515.954
595.53
605.534
595.985
610.991
663.739
735.586
781.968
780.604
749.682
736.495
756.503
771.964
757.867
736.041
729.22
712.395
654.19
590.074
579.615
608.263
590.983
500.038
407.729
384.083
399.544
386.357
330.426
264.036
213.561
179.002
161.722
161.268
139.896
74.4152
4.84223
-11.9826
23.0312
27.1238
-42.4492
-103.382
-95.6521
-61.0929
-62.9118
-102.928
-121.117
-100.654
-89.2859
-99.7446
-101.563
-70.6422
-44.7228
-61.0929
-65.1855
-30.6263
-16.0751
-26.9885
-22.4413
10.7537
49.86
33.0352
-23.8055
-24.2602
39.8561
71.6869
10.7537
-78.8272
-92.0143
-39.2661
-32.4452
-110.658
-197.511
-224.339
-223.885
-263.9
-330.29
-377.127
-407.139
-454.885
-522.639
-573.568
-588.574
-605.399
-659.511
-726.811
-759.551
-760.915
-764.553
-793.201
-826.85
-837.309
-834.126
-833.671
-823.213
-800.476
-777.74
-752.73
-727.72
-697.254
-644.051
-573.114
-503.086
-437.151
-380.765
-325.743
-246.621
-134.304
-17.894
64.4113
116.705
183.549
297.231
434.103
531.869
579.615
629.18
714.214
815.163
878.824
891.557
913.838
972.498
1017.06
1008.42
971.134
950.216
957.492
951.58
897.013
803.34
718.306
673.288
640.094
566.428
446.835
325.424
244.482
194.463
131.256
30.7616
-77.9178
-153.402
-196.146
-239.345
-298.914
-351.662
-376.672
-382.584
-388.95
-399.863
-402.592
-383.493
-340.294
-290.275
-255.715
-237.981
-203.877
-126.573
-30.1716
36.2183
57.5904
78.5077
144.898
243.573
313.146
330.88
340.43
382.264
445.471
483.668
485.032
479.575
486.851
507.314
509.133
478.666
441.379
412.276
400.908
389.085
336.337
260.853
198.555
148.081
127.618
89.8759
-1.06919
-96.1068
-157.949
-176.593
-218.883
-303.007
-392.133
-452.157
-476.257
-510.816
-563.564
-618.586
-654.964
-672.699
-693.161
-716.352
-740.907
-758.642
-760.915
-745.455
-728.175
-727.72
-733.177
-712.714
-660.876
-611.765
-595.85
-595.395
-568.112
-497.629
-423.509
-385.767
-374.853
-348.025
-288.91
-220.247
-173.865
-152.038
-131.121
-88.3765
-29.7169
18.9387
44.8581
63.0471
83.9644
130.346
178.547
195.827
192.189
208.559
261.762
307.689
318.148
294.048
293.593
347.705
382.719
382.264
350.433
334.973
381.355
402.727
387.266
358.164
315.874
314.055
321.331
304.052
262.671
205.831
183.095
188.551
165.36
109.429
52.5884
21.2123
23.486
14.8462
-24.7149
-63.8213
-71.5516
-51.5437
-40.1756
-49.2701
-54.7268
-36.9925
2.56861
43.9486
77.5983
112.612
155.356
204.012
260.398
319.967
371.806
411.821
452.292
506.404
565.973
607.808
629.18
649.643
682.838
709.666
709.666
691.023
676.472
673.288
664.649
632.363
584.162
531.869
485.032
436.377
376.808
312.237
239.935
163.541
99.4251
40.7655
-21.5318
-93.3784
-177.048
-232.979
-264.355
-334.383
-403.956
-447.609
-478.076
-502.177
-541.738
-576.751
-601.307
-609.037
-609.946
-620.405
-626.317
-627.681
-611.765
-590.393
-574.023
-557.198
-541.283
-515.818
-481.714
-446.7
-420.326
-395.771
-363.485
-319.832
-279.361
-252.987
-236.617
-213.426
-179.776
-151.129
-137.942
-131.575
-120.662
-106.111
-97.0162
-97.471
-112.477
-128.847
-139.306
-148.4
-164.77
-191.144
-219.337
-241.619
-259.808
-278.452
-306.645
-335.747
-353.481
-360.302
-363.485
-370.306
-380.765
-373.944
-352.117
-327.107
-306.19
-290.729
-259.808
-205.696
-158.404
-112.477
-60.6382
-20.1677
31.671
97.1515
152.628
200.374
241.754
282.225
331.79
379.081
417.733
440.014
458.203
485.487
506.859
518.227
522.32
516.408
519.137
528.686
526.867
514.589
499.583
489.125
486.851
483.213
469.572
451.837
440.924
444.562
448.199
439.56
425.918
421.371
425.008
430.465
428.192
421.371
414.55
416.369
422.735
420.461
405.91
389.085
379.536
374.989
364.075
338.611
311.327
291.774
277.223
259.034
228.112
190.37
161.268
137.622
110.793
82.1455
45.7675
10.2989
-14.2562
-35.1736
-62.9118
-102.018
-143.853
-169.318
-187.961
-211.607
-238.891
-268.448
-292.093
-308.009
-327.562
-352.117
-375.308
-394.407
-409.413
-424.873
-442.607
-462.615
-480.35
-492.173
-502.177
-511.271
-522.639
-536.281
-544.921
-546.74
-549.923
-557.653
-564.474
-566.293
-563.11
-559.472
-560.836
-564.019
-562.2
-552.651
-545.83
-541.738
-538.555
-534.917
-526.277
-512.635
-501.267
-495.356
-489.444
-475.802
-454.43
-434.877
-420.781
-406.229
-383.948
-351.662
-322.56
-295.731
-266.629
-232.979
-188.871
-145.217
-104.747
-62.9118
-18.3488
35.3088
86.6928
138.986
189.915
235.388
292.229
336.337
386.357
434.103
471.39
511.406
546.42
572.339
602.806
621.45
637.365
650.552
653.281
654.19
652.826
641.912
630.544
615.538
597.349
576.887
553.696
527.776
500.948
476.847
448.199
423.644
398.634
376.353
354.071
335.428
322.241
303.142
299.504
289.046
283.134
284.044
282.225
282.679
291.774
297.231
306.78
316.784
325.878
332.244
340.884
349.524
357.254
361.347
366.349
365.894
362.711
357.254
349.979
338.156
324.514
310.872
282.679
259.488
234.024
200.829
166.27
128.073
91.24
50.3148
22.5765
-26.5338
-71.0969
-113.841
-162.042
-201.603
-245.711
-289.365
-332.109
-368.942
-408.503
-441.243
-474.438
-503.995
-534.007
-556.744
-578.116
-593.576
-609.037
-618.131
-624.498
-627.681
-626.771
-624.952
-620.405
-609.946
-602.671
-588.574
-571.295
-559.017
-537.645
-519.456
-500.358
-475.802
-458.068
-433.968
-410.777
-388.04
-363.031
-343.023
-318.013
-297.55
-277.542
-255.715
-238.891
-220.247
-203.422
-186.597
-171.591
-157.949
-144.308
-131.575
-118.388
-109.749
-101.563
-93.8332
-79.7367
-72.0063
-63.8213
-51.089
-41.9945
-29.2622
-25.1696
-4.707
27.1238
27.5785
35.7636
52.5884
60.3187
77.1436
91.24
107.155
121.707
140.35
162.632
180.366
203.557
223.565
247.211
269.947
293.138
317.693
343.158
368.622
392.268
419.552
442.288
467.753
490.944
514.135
537.78
558.243
580.07
597.349
614.629
630.999
644.186
656.464
665.103
672.379
676.472
676.926
675.562
671.015
664.194
651.462
636.91
619.176
599.623
574.613
545.056
514.589
480.94
447.29
405.455
362.711
319.512
272.221
226.293
177.183
128.982
75.3247
25.7596
-22.4413
-77.0083
-123.845
-177.048
-218.883
-251.168
-303.916
-348.479
-384.857
-423.964
-456.704
-488.989
-514.909
-537.645
-558.108
-572.659
-585.846
-592.667
-597.214
-598.578
-595.395
-587.21
-581.753
-567.657
-549.468
-537.19
-516.728
-492.173
-472.619
-450.338
-422.6
-398.499
-376.218
-352.572
-328.471
-305.28
-286.182
-266.174
-247.985
-233.434
-220.702
-209.333
-204.331
-196.601
-192.963
-194.327
-192.054
-194.782
-202.967
-207.06
-216.154
-224.339
-234.343
-243.893
-255.715
-263.9
-272.995
-280.725
-287.091
-294.367
-293.912
-299.824
-293.003
-292.548
-282.089
-270.721
-254.806
-242.074
-215.7
-194.327
-173.41
-139.306
-105.656
-73.8252
-34.7189
8.02531
49.4053
94.8779
139.441
188.097
238.116
280.406
328.152
377.262
421.371
461.841
501.857
541.418
578.251
609.172
634.637
660.556
679.655
696.479
705.119
711.485
713.759
709.212
702.391
689.204
674.198
651.462
631.908
600.078
573.249
540.509
505.95
466.388
432.284
392.723
350.888
313.601
275.404
237.207
198.555
165.36
128.073
96.6968
66.6849
39.8561
14.8462
-8.79953
-28.8074
-42.9039
-58.3646
-75.1894
-84.2839
-90.1954
-94.2879
-100.199
-103.837
-101.563
-99.7446
-102.928
-104.292
-102.018
-99.2899
-98.8351
-100.654
-99.7446
-97.471
-102.928
-106.111
-109.749
-117.479
-127.938
-135.668
-146.581
-159.314
-175.229
-191.144
-205.696
-224.339
-243.893
-259.808
-282.544
-302.097
-320.286
-342.113
-359.393
-377.127
-398.499
-412.596
-426.237
-443.517
-453.521
-459.887
-468.982
-475.348
-476.257
-475.348
-474.438
-470.346
-462.615
-456.249
-443.517
-431.239
-419.871
-403.501
-386.676
-366.214
-347.115
-326.653
-302.097
-276.633
-250.259
-228.887
-202.513
-172.046
-146.581
-121.571
-94.2879
-67.0044
-41.9945
-16.0751
12.1178
31.2163
41.675
67.1396
96.6968
118.978
141.26
163.087
183.095
200.374
224.475
239.481
252.213
272.675
284.044
296.321
309.053
320.876
333.154
337.701
348.16
357.709
362.711
369.077
372.715
376.808
377.717
380.9
382.264
377.262
375.898
373.17
369.077
362.711
356.345
351.798
344.522
334.518
326.788
319.967
310.418
299.504
289.955
280.406
268.583
258.124
249.03
236.297
224.02
213.561
204.921
193.553
182.185
170.817
159.449
149.445
139.896
130.801
118.524
106.701
98.0609
91.24
80.7814
68.5038
57.5904
50.3148
42.1297
29.8521
18.9387
8.48004
-1.52392
-12.4373
-26.5338
-37.9019
-51.9984
-64.7307
-76.0989
-90.6501
-106.111
-118.388
-135.668
-152.947
-162.042
-181.14
-192.963
-208.879
-225.704
-240.255
-254.351
-268.448
-282.089
-295.731
-306.19
-318.467
-326.198
-334.383
-343.477
-349.389
-354.846
-359.393
-361.666
-363.031
-364.395
-363.485
-360.302
-356.21
-348.934
-343.023
-335.292
-326.653
-316.649
-304.826
-293.458
-279.361
-268.902
-252.532
-238.891
-224.794
-208.879
-196.601
-177.503
-165.225
-149.764
-135.668
-126.573
-108.839
-99.2899
-86.1028
-73.3705
-65.6402
-52.9079
-44.7228
-33.3547
-21.9866
-12.4373
-3.34282
4.38751
13.9367
19.8482
29.8521
34.8541
42.5844
49.86
52.5884
65.3207
67.5943
78.5077
84.4192
91.24
100.335
109.429
118.524
129.437
140.805
148.99
164.451
173.091
188.551
199.919
212.652
228.567
239.935
255.851
270.857
280.861
297.231
308.144
319.057
329.971
342.248
349.069
360.892
367.258
374.534
374.989
382.719
379.536
381.81
381.355
377.717
370.441
367.713
358.164
348.615
338.611
324.059
311.327
296.321
277.677
262.217
237.207
221.746
203.557
181.276
173.545
141.26
124.89
100.789
74.8699
54.862
33.0352
8.93476
-5.61645
-26.9885
-47.4512
-65.6402
-83.8292
-101.563
-117.479
-135.213
-148.855
-159.768
-170.682
-179.322
-187.052
-193.873
-198.42
-203.422
-206.605
-210.698
-212.971
-214.335
-214.335
-213.881
-213.881
-214.79
-213.881
-212.971
-210.243
-207.969
-207.514
-205.696
-203.877
-202.967
-202.513
-202.513
-202.513
-203.422
-203.422
-204.331
-205.241
-207.969
-210.698
-212.971
-214.79
-219.792
-224.339
-225.249
-231.16
-232.524
-236.617
-237.981
-240.255
-242.074
-241.619
-242.983
-242.528
-236.162
-220.247
-229.796
-226.613
-214.335
-216.609
-207.514
-193.418
-185.688
-174.774
-160.678
-143.853
-130.666
-113.386
-97.471
-79.282
-59.7288
-39.7208
-18.3488
1.65916
26.6691
50.7695
70.7774
95.7873
118.524
140.805
165.36
189.461
208.559
230.841
249.939
266.309
288.136
302.687
319.057
327.697
342.248
351.343
358.619
361.347
368.622
368.622
368.168
364.075
364.075
359.983
349.069
343.158
335.428
323.15
309.053
297.231
286.317
266.764
254.032
237.207
219.927
206.286
185.823
172.181
155.811
138.986
124.435
112.612
94.4231
84.8739
69.868
58.0451
48.0411
35.3088
29.3974
15.3009
9.84421
3.02333
-6.98062
-10.6184
-16.9846
-21.5318
-28.8074
-30.1716
-37.9019
-40.6303
-42.9039
-51.5437
-52.9079
-57.4551
-64.7307
-69.278
-74.7347
-83.3745
-88.3765
-97.471
-107.02
-112.022
-124.3
-135.668
-144.308
-155.676
-171.591
-183.869
-192.054
-207.969
-220.247
-232.07
-244.802
-257.989
-272.085
-281.18
-292.093
-303.462
-310.282
-317.558
-325.288
-329.381
-333.019
-336.656
-335.292
-333.473
-330.745
-324.379
-318.467
-309.828
-301.643
-288.001
-275.269
-261.627
-240.255
-226.158
-206.605
-186.142
-168.863
-146.581
-126.119
-103.382
-81.1009
-57.0004
-31.9905
-10.6184
14.3915
38.0372
59.4093
80.7814
101.699
122.161
138.077
157.175
171.272
185.823
199.01
207.65
219.018
224.02
230.386
233.569
233.569
236.297
232.205
229.022
226.293
218.108
211.742
201.738
193.099
183.095
168.998
159.449
147.626
133.075
120.797
110.793
96.242
84.8739
76.2341
64.4113
55.7715
48.4959
39.8561
34.8541
29.8521
23.9407
19.8482
17.1198
15.7556
18.9387
17.5745
22.1218
23.0312
31.671
37.1277
42.1297
48.9506
55.3167
63.9565
42.5844
63.0471
73.051
79.8719
89.4211
93.5137
99.4251
106.701
111.248
114.431
119.433
123.526
120.342
121.252
115.34
118.978
110.339
110.793
99.8798
97.1515
84.4192
77.5983
66.6849
55.7715
43.4939
28.488
18.0293
3.02333
-15.6204
-25.1696
-46.087
-54.7268
-77.4631
-82.465
-101.109
-112.022
-128.847
-132.94
-145.672
-154.312
-159.314
-166.589
-166.134
-177.503
-173.41
-175.229
-169.772
-168.863
-166.589
-161.133
-152.947
-143.398
-134.758
-127.028
-114.751
-103.837
-91.1048
-79.7367
-68.3685
-55.6362
-41.9945
-30.1716
-17.4393
-6.07117
2.56861
17.1198
21.2123
38.4919
39.4014
55.7715
57.1356
66.6849
70.7774
73.5058
76.6888
75.7794
77.5983
74.8699
72.1416
70.3227
63.0471
57.1356
51.2242
43.4939
33.0352
28.0332
17.5745
7.11586
0.749707
-9.70898
-20.6224
-26.9885
-34.7189
-43.8134
-48.3606
-54.2721
-60.6382
-62.9118
-64.276
-67.9138
-67.9138
-64.276
-63.8213
-61.0929
-54.2721
-51.9984
-45.6323
-36.5378
-30.1716
-22.4413
-11.9826
-4.25227
4.38751
18.0293
28.488
38.9466
48.4959
56.2262
68.9585
73.5058
84.4192
93.0589
95.3326
100.789
103.063
107.155
108.974
109.429
111.248
108.52
106.246
101.699
97.6062
91.24
85.7833
78.5077
71.2321
63.0471
49.4053
40.3108
30.7616
16.2104
7.57059
-3.34282
-12.8921
-25.1696
-34.7189
-40.6303
-51.9984
-57.9099
-62.9118
-68.8233
-72.4611
-75.6441
-76.5536
-77.9178
-77.4631
-75.6441
-72.4611
-68.3685
-63.3666
-56.091
-50.1795
-43.3587
-37.4472
-26.9885
-16.9846
-8.3448
1.65916
10.7537
20.3029
31.671
40.7655
45.7675
53.9526
66.2302
70.3227
73.051
79.8719
83.9644
83.9644
87.6022
87.1475
85.3286
86.2381
82.1455
79.4172
79.4172
68.9585
64.4113
57.5904
57.1356
69.4132
47.5864
42.1297
39.4014
30.7616
17.5745
17.1198
4.84223
-1.97865
-11.5279
-18.3488
-24.2602
-32.4452
-35.6283
-41.5397
-44.2681
-48.8154
-53.3626
-53.8173
-56.5457
-56.091
-57.0004
-55.1815
-54.2721
-52.4532
-53.3626
-50.6343
-46.9965
-43.3587
-39.2661
-40.6303
-34.7189
-32.4452
-31.0811
-26.5338
-27.898
-23.3507
-20.1677
-21.0771
-20.1677
-18.3488
-17.894
-20.1677
-20.1677
-21.5318
-25.1696
-23.3507
-31.0811
-30.1716
-34.2641
-38.3567
-39.7208
-45.1776
-47.9059
-50.6343
-53.8173
-55.1815
-58.8193
-62.4571
-61.5477
-61.5477
-65.1855
-63.8213
-68.3685
-61.0929
-63.3666
-62.4571
-61.0929
-60.6382
-53.3626
-52.9079
-49.7248
-45.6323
-41.085
-34.7189
-27.4433
-25.6244
-16.5299
-8.79953
-2.43337
5.29696
12.5726
18.9387
31.671
34.3994
43.9486
51.6789
58.0451
66.2302
70.7774
77.5983
81.6908
88.5117
90.3306
95.7873
98.5157
98.5157
103.518
101.699
103.972
102.153
101.244
100.789
98.0609
96.6968
89.8759
88.5117
84.8739
80.3266
74.8699
69.868
64.4113
60.7735
53.9526
50.3148
43.9486
38.4919
34.8541
28.488
26.6691
18.0293
16.2104
13.9367
9.84421
6.66114
3.47806
3.93278
-2.8881
1.65916
-5.61645
-2.43337
-3.79755
-5.61645
-4.707
-5.61645
-5.16172
-4.25227
-5.61645
-1.97865
-4.25227
-3.34282
-1.06919
-2.43337
-1.06919
-1.97865
-1.97865
-3.34282
-3.34282
-7.89007
-7.43535
-11.9826
-11.5279
-19.2582
-20.6224
-25.6244
-30.6263
-36.9925
-41.9945
-49.2701
-53.3626
-60.6382
-67.0044
-73.3705
-78.8272
-88.3765
-93.3784
-101.109
-106.111
-111.567
-118.843
-124.3
-126.119
-132.485
-134.758
-135.668
-140.67
-139.306
-136.577
-142.489
-131.575
-137.487
-127.938
-122.481
-122.481
-114.751
-108.384
-97.0162
-92.469
-82.0103
-75.6441
-62.4571
-51.5437
-49.7248
-39.2661
-27.898
-15.6204
-6.5259
6.66114
19.3934
27.5785
43.4939
49.86
58.4998
69.868
73.9605
81.6908
93.5137
95.7873
99.8798
103.518
108.974
112.157
113.976
113.976
113.976
115.795
114.431
112.157
109.884
108.974
104.882
102.608
99.4251
95.7873
91.6948
88.5117
83.5097
83.055
77.5983
77.5983
75.3247
72.5963
72.5963
70.7774
69.4132
70.3227
70.7774
70.7774
74.8699
74.4152
75.7794
77.5983
81.2361
82.1455
86.6928
87.1475
92.6042
93.0589
95.7873
95.7873
99.8798
98.5157
98.0609
96.242
100.335
95.7873
94.4231
87.1475
88.057
81.2361
76.2341
67.1396
61.2282
53.9526
45.3128
36.673
25.7596
16.6651
1.65916
-5.16172
-21.9866
-28.8074
-45.1776
-54.2721
-69.278
-77.0083
-92.469
-101.563
-113.386
-123.39
-130.211
-139.76
-145.217
-155.221
-161.587
-165.225
-167.499
-171.591
-176.138
-175.684
-175.684
-171.136
-171.591
-169.318
-163.861
-160.678
-153.402
-148.855
-143.398
-134.304
-127.938
-120.207
-111.113
-102.018
-98.3804
-85.1934
-81.5556
-69.7327
-63.3666
-57.0004
-47.9059
-37.9019
-32.4452
-25.6244
-21.5318
-13.3468
-12.4373
-4.707
-2.8881
3.47806
16.2104
15.7556
18.9387
23.0312
26.2143
30.3069
31.671
33.0352
36.2183
40.3108
40.7655
43.4939
47.1317
48.0411
48.4959
51.6789
54.4073
58.4998
58.9545
63.0471
65.3207
69.4132
70.7774
74.8699
78.053
85.3286
82.6003
92.6042
91.6948
102.153
103.972
106.701
112.157
113.522
119.888
122.161
125.799
127.618
133.075
131.711
136.713
134.894
138.531
139.441
136.258
138.986
133.53
135.803
131.711
132.62
123.526
123.526
116.25
113.067
104.882
99.4251
92.6042
84.8739
80.7814
71.2321
59.4093
53.4978
43.4939
37.1277
38.4919
21.6671
14.3915
5.29696
-3.79755
-11.9826
-23.8055
-31.0811
-39.7208
-44.2681
-53.3626
-62.0024
-66.0949
-73.8252
-81.1009
-87.467
-90.1954
-96.1068
-99.7446
-104.747
-102.928
-109.294
-109.294
-113.386
-109.294
-113.841
-111.567
-114.296
-112.932
-111.567
-111.567
-111.567
-111.113
-107.93
-107.475
-107.93
-104.747
-104.292
-103.382
-102.018
-100.654
-103.382
-98.8351
-101.109
-102.018
-100.199
-98.8351
-101.563
-102.018
-100.199
-100.654
-101.563
-101.563
-99.2899
-101.109
-97.0162
-97.9257
-95.1973
-91.5595
-93.3784
-85.6481
-80.6461
-81.1009
-77.9178
-61.0929
-65.1855
-59.7288
-49.2701
-41.085
-35.6283
-28.3527
-20.6224
-9.70898
-2.8881
8.48004
13.482
28.0332
35.3088
45.3128
56.6809
64.4113
74.4152
84.8739
96.242
99.8798
114.431
118.524
129.437
133.984
143.533
146.717
155.811
159.449
162.632
165.36
169.453
171.272
171.272
174.91
171.726
174
170.817
167.634
169.453
163.087
158.085
155.356
150.354
143.079
139.441
132.165
123.526
119.433
112.612
103.972
98.0609
90.7853
83.055
79.4172
68.5038
63.0471
56.2262
47.1317
43.9486
32.5805
27.1238
21.6671
13.9367
8.93476
-0.159744
-5.61645
-9.70898
-15.1657
-19.7129
-27.4433
-27.898
-33.3547
-35.6283
-44.7228
-42.4492
-49.7248
-51.9984
-56.5457
-56.091
-62.0024
-64.7307
-64.7307
-64.276
-71.5516
-76.5536
-79.282
-82.0103
-83.3745
-85.6481
-89.7406
-92.469
-96.1068
-97.471
-99.2899
-97.9257
-105.201
-106.111
-107.02
-105.201
-112.022
-113.386
-113.386
-112.477
-113.386
-112.477
-112.022
-113.841
-110.203
-107.93
-107.475
-107.93
-106.565
-103.382
-99.7446
-95.1973
-92.0143
-92.469
-85.6481
-79.282
-74.28
-73.3705
-64.7307
-59.7288
-55.6362
-51.5437
-41.5397
-35.6283
-29.2622
-26.0791
-18.8035
-11.9826
-1.97865
-0.159744
8.02531
14.8462
26.6691
26.6691
34.8541
39.4014
48.0411
49.4053
55.3167
61.2282
65.7754
69.4132
72.5963
77.5983
80.7814
82.1455
83.055
87.6022
88.5117
89.4211
90.7853
92.6042
91.24
93.0589
94.4231
97.6062
97.1515
99.8798
100.335
101.699
100.789
103.063
102.608
103.063
102.153
104.882
104.882
104.882
104.427
104.882
105.791
103.063
102.608
100.789
101.699
97.1515
94.4231
89.8759
90.3306
88.057
85.3286
78.053
76.6888
73.5058
68.0491
58.9545
55.7715
51.6789
43.4939
36.2183
32.1258
26.6691
18.0293
11.2084
6.66114
-0.614469
-9.70898
-14.711
-23.3507
-28.3527
-36.5378
-44.2681
-50.1795
-57.9099
-64.276
-71.0969
-78.3725
-84.7387
-90.6501
-99.2899
-101.109
-109.294
-112.932
-117.479
-122.936
-125.664
-127.938
-128.847
-133.394
-134.758
-133.394
-130.211
-135.668
-131.575
-128.847
-127.483
-125.664
-120.662
-118.388
-113.841
-112.022
-102.473
-100.654
-96.5615
-88.8312
-85.6481
-81.1009
-72.0063
-69.7327
-62.9118
-58.3646
-52.9079
-46.5417
-43.3587
-35.6283
-31.0811
-29.7169
-20.6224
-14.711
-11.5279
-7.89007
-5.16172
7.11586
5.75169
9.84421
14.3915
20.3029
22.1218
26.2143
28.488
34.3994
33.0352
39.4014
39.4014
42.5844
43.4939
46.677
47.1317
49.86
51.6789
54.4073
53.9526
58.0451
57.5904
62.5924
62.1376
63.9565
65.7754
68.9585
71.2321
71.6869
74.4152
77.5983
77.5983
80.7814
81.6908
85.7833
87.1475
89.8759
91.6948
91.6948
95.7873
96.6968
97.6062
98.0609
98.9704
98.9704
99.8798
96.6968
95.3326
93.9684
92.6042
90.3306
86.6928
83.055
80.7814
75.7794
72.1416
69.4132
60.3187
58.4998
53.4978
50.7695
44.4033
39.8561
31.671
35.7636
24.3954
19.3934
12.5726
8.48004
2.11388
-2.8881
-10.6184
-12.8921
-15.6204
-22.4413
-24.2602
-27.4433
-29.2622
-35.1736
-36.5378
-37.9019
-39.7208
-41.9945
-43.8134
-45.6323
-43.8134
-46.087
-46.087
-45.1776
-45.1776
-44.7228
-41.9945
-40.6303
-37.4472
-36.5378
-35.1736
-31.5358
-30.6263
-30.6263
-29.7169
-30.1716
-28.3527
-27.898
-29.2622
-28.3527
-28.3527
-28.8074
-26.0791
-26.0791
-26.5338
-25.6244
-25.6244
-25.1696
-24.7149
-26.5338
-28.3527
-29.7169
-30.1716
-33.3547
-33.8094
-36.5378
-40.6303
-39.2661
-40.6303
-40.1756
-40.6303
-39.7208
-41.085
-33.3547
-37.9019
-35.6283
-33.8094
-30.6263
-31.0811
-27.898
-29.7169
-25.1696
-21.0771
-21.9866
-18.3488
-15.1657
-11.0732
-6.98062
-0.614469
2.56861
9.38949
14.3915
18.9387
26.2143
28.9427
33.0352
35.7636
43.0392
44.8581
48.0411
48.4959
53.9526
55.3167
57.5904
60.7735
60.3187
63.9565
65.3207
66.2302
67.1396
68.5038
66.2302
64.866
66.6849
62.1376
60.3187
55.7715
52.1337
49.4053
44.8581
42.5844
37.5825
37.5825
32.5805
30.3069
26.6691
22.5765
20.7576
15.7556
14.3915
9.38949
8.02531
2.11388
1.20443
-4.707
-4.707
-10.1637
-8.3448
-13.3468
-11.5279
-15.1657
-15.6204
-17.4393
-18.8035
-18.3488
-19.2582
-17.4393
-19.2582
-18.3488
-18.8035
-19.7129
-19.7129
-21.9866
-21.0771
-22.896
-20.1677
-21.9866
-19.7129
-20.1677
-19.2582
-18.8035
-20.1677
-18.8035
-20.6224
-18.8035
-21.0771
-18.8035
-21.0771
-19.7129
-21.0771
-21.9866
-23.8055
-24.2602
-26.0791
-25.6244
-27.898
-27.4433
-27.898
-28.8074
-27.898
-30.1716
-28.3527
-30.6263
-31.5358
-31.9905
-33.3547
-34.2641
-34.7189
-35.6283
-34.7189
-35.6283
-36.5378
-34.2641
-37.9019
-32.9
-36.9925
-33.8094
-33.3547
-34.2641
-30.1716
-33.3547
-29.2622
-29.7169
-27.898
-27.4433
-25.6244
-26.0791
-21.5318
-23.8055
-19.7129
-20.6224
-16.5299
-16.0751
-13.8015
-11.0732
-8.3448
-6.5259
-5.61645
-2.8881
-1.52392
2.11388
3.47806
6.66114
9.38949
12.1178
12.5726
16.2104
15.7556
18.9387
20.3029
21.2123
24.3954
22.1218
24.8501
24.3954
28.0332
25.3049
27.1238
27.1238
30.7616
28.9427
27.1238
24.3954
28.9427
26.2143
23.0312
23.0312
23.0312
18.9387
20.3029
13.9367
13.9367
14.8462
11.6631
8.48004
9.38949
5.75169
2.56861
3.93278
2.11388
-1.97865
-6.98062
-7.43535
-6.5259
-7.43535
-12.8921
-16.5299
-15.6204
-11.5279
-11.5279
-15.6204
-15.6204
-16.9846
-17.4393
-17.4393
-16.0751
-15.1657
-11.9826
-12.8921
-11.0732
-9.70898
-9.70898
-9.70898
-11.0732
-11.9826
-9.70898
-6.98062
-4.707
-1.97865
-3.34282
-1.52392
-2.8881
-3.34282
-2.43337
-4.707
-2.8881
-2.8881
-0.159744
-1.06919
0.749707
-4.25227
-2.8881
-6.98062
-7.43535
-10.6184
-11.0732
-10.1637
-7.89007
-9.25425
-11.5279
-13.8015
-15.6204
-17.4393
-21.0771
-21.9866
-21.5318
-21.0771
-20.1677
-17.894
-21.0771
-19.7129
-21.5318
-26.5338
-21.9866
-21.9866
-21.0771
-17.4393
-15.6204
-13.8015
-4.25227
-9.70898
-9.70898
-6.98062
-5.16172
-1.97865
2.56861
3.02333
9.84421
12.5726
12.5726
13.0273
13.0273
13.9367
14.8462
16.6651
20.3029
23.486
23.486
23.0312
22.1218
19.8482
19.8482
16.2104
17.5745
16.2104
16.6651
15.3009
15.3009
11.6631
10.7537
6.20641
2.56861
1.20443
-2.43337
-1.06919
-2.8881
-1.97865
-3.34282
-5.16172
-6.98062
-10.1637
-11.5279
-12.8921
-12.8921
-11.5279
-10.1637
-8.79953
-7.89007
-7.89007
-8.79953
-9.25425
-9.70898
-9.70898
-6.98062
-6.07117
-0.614469
0.294982
3.47806
2.56861
3.02333
1.20443
3.02333
2.56861
8.93476
8.93476
15.3009
12.5726
14.3915
11.6631
10.2989
7.57059
8.48004
6.66114
10.2989
10.2989
10.7537
12.1178
6.66114
5.75169
1.20443
-3.34282
-2.8881
-7.43535
-4.707
-6.07117
-5.61645
-6.5259
-10.1637
-13.3468
-16.0751
-20.6224
-20.6224
-21.9866
-21.0771
-19.2582
-18.3488
-18.3488
-21.0771
-21.5318
-26.0791
-24.2602
-27.898
-23.8055
-23.3507
-20.1677
-17.894
-18.8035
-17.4393
-20.1677
-21.0771
-20.1677
