20.555
12.2725
4.8182
-8.43382
-18.3728
-19.2011
-19.2011
-31.6248
-29.9683
-34.9379
-40.7356
-44.8769
-41.5639
-37.4226
-35.7661
-24.1706
-10.0903
-8.43382
-9.26207
-5.12082
-15.8881
-20.8576
-17.5446
-10.0903
-1.80781
1.50519
14.7572
15.5855
8.1312
20.555
24.6962
35.4635
48.7155
64.4523
71.0783
66.1088
54.5133
42.9177
25.5245
19.7267
14.7572
20.555
21.3832
19.7267
18.0702
12.2725
9.7877
1.50519
10.616
22.2115
30.494
45.4025
30.494
26.3527
-4.29257
-17.5446
-39.9074
-43.2204
-44.8769
-50.6746
-58.9571
-60.6136
-78.8352
-91.2589
-96.2284
-82.9764
-68.0679
-46.5334
-24.1706
-13.4033
-16.7163
-10.9186
-18.3728
-15.8881
-7.60557
7.30295
31.3222
39.6047
52.8568
38.7765
21.3832
16.4137
17.242
23.868
39.6047
59.4828
67.7653
58.6545
49.5438
26.3527
14.7572
0.676941
17.242
23.868
36.2917
35.4635
8.95945
-10.9186
-42.3921
-61.4419
-68.8961
-47.3616
-24.9988
-14.2316
-9.26207
-15.8881
-40.7356
-54.8159
-50.6746
-28.3118
-1.80781
29.6657
44.5742
46.2307
28.0092
5.64645
-12.5751
-10.9186
5.64645
32.1505
57.8263
69.4218
56.998
30.494
5.64645
-8.43382
-10.0903
8.1312
29.6657
46.2307
40.433
22.2115
-19.2011
-49.0181
-63.9266
-53.9876
-37.4226
-7.60557
8.1312
2.33344
-12.5751
-30.7966
-44.0486
-49.8464
-22.5141
8.1312
36.2917
46.2307
39.6047
4.8182
-27.4836
-41.5639
-34.9379
-16.7163
10.616
32.1505
34.6352
18.0702
-5.94907
-29.9683
-33.2814
-18.3728
17.242
48.7155
63.624
47.8872
16.4137
-20.0293
-44.8769
-54.8159
-38.2509
-12.5751
4.8182
0.676941
-16.7163
-55.6441
-91.2589
-105.339
-84.6329
-53.1594
-11.7468
19.7267
22.2115
-4.29257
-34.1096
-58.1289
-65.5831
-39.9074
4.8182
45.4025
71.9065
74.3913
45.4025
7.30295
-18.3728
-17.5446
4.8182
55.3415
97.5823
118.289
104.208
68.5935
18.0702
-16.7163
-20.8576
2.33344
44.5742
73.563
89.2998
70.25
30.494
-24.1706
-60.6136
-69.7244
-44.8769
-0.979561
44.5742
65.2805
49.5438
11.4442
-31.6248
-62.2701
-63.9266
-38.2509
4.8182
41.2612
53.685
36.2917
-1.80781
-39.9074
-64.7549
-61.4419
-33.2814
8.1312
41.2612
53.685
38.7765
8.95945
-20.8576
-43.2204
-49.0181
-32.4531
-8.43382
2.33344
2.33344
-5.12082
-25.8271
-52.3311
-64.7549
-58.9571
-44.0486
-25.8271
-6.77732
5.64645
6.4747
10.616
3.98995
-2.63606
-1.80781
1.50519
7.30295
5.64645
7.30295
2.33344
-1.80781
-5.12082
-13.4033
-7.60557
-20.0293
-20.0293
-0.15131
-10.9186
-1.80781
13.1007
13.1007
25.5245
28.8375
18.8985
5.64645
-1.80781
1.50519
-3.46431
0.676941
15.5855
20.555
12.2725
-5.94907
-30.7966
-39.0791
-25.8271
-9.26207
26.3527
65.2805
82.6738
71.0783
37.9482
4.8182
-21.6858
-24.1706
5.64645
42.9177
75.2195
82.6738
52.8568
0.676941
-43.2204
-73.8656
-70.5526
-19.2011
32.9787
84.3303
95.0976
62.7958
8.95945
-58.1289
-82.1482
-74.6939
-27.4836
37.12
73.563
74.3913
28.0092
-37.4226
-111.137
-148.408
-121.076
-60.6136
22.2115
85.9868
100.895
66.937
-9.26207
-80.4917
-117.763
-115.278
-58.1289
32.9787
104.208
114.147
64.4523
-19.2011
-107.824
-162.489
-150.893
-78.8352
23.0397
105.037
136.51
100.895
22.2115
-68.8961
-120.248
-113.622
-46.5334
45.4025
121.602
148.934
109.178
20.555
-80.4917
-144.267
-147.58
-87.9459
8.1312
91.7846
135.682
110.006
45.4025
-45.7051
-102.854
-115.278
-65.5831
13.1007
94.2693
134.025
115.804
48.7155
-39.0791
-109.48
-132.671
-97.8849
-22.5141
58.6545
114.976
119.945
81.8455
12.2725
-47.3616
-80.4917
-58.9571
-6.77732
66.937
116.632
129.884
94.2693
25.5245
-45.7051
-93.7437
-92.9154
-53.1594
16.4137
75.2195
106.693
85.1585
30.494
-39.0791
-84.6329
-92.0872
-53.1594
8.1312
63.624
88.4715
67.7653
13.1007
-54.8159
-102.854
-117.763
-86.2894
-33.2814
23.0397
55.3415
56.1698
26.3527
-17.5446
-52.3311
-63.9266
-41.5639
1.50519
52.8568
84.3303
87.6433
55.3415
5.64645
-47.3616
-72.2091
-65.5831
-23.3423
30.494
72.7348
81.0173
52.8568
-0.979561
-50.6746
-81.3199
-64.7549
-23.3423
39.6047
75.2195
76.876
27.181
-45.7051
-105.339
-131.015
-106.167
-48.1899
31.3222
69.4218
71.0783
17.242
-51.5029
-104.511
-116.935
-84.6329
3.16169
96.7541
137.338
110.834
29.6657
-64.7549
-124.389
-127.702
-58.9571
34.6352
120.773
157.216
118.289
36.2917
-60.6136
-112.793
-103.683
-37.4226
64.4523
137.338
158.873
109.178
14.7572
-80.4917
-145.923
-149.236
-87.1177
6.4747
80.189
108.35
81.8455
2.33344
-87.9459
-152.549
-144.267
-78.8352
10.616
105.037
138.167
109.178
37.12
-56.4724
-123.561
-139.297
-89.6024
-6.77732
81.8455
135.682
123.258
63.624
-14.2316
-74.6939
-95.4002
-65.5831
8.1312
87.6433
129.056
128.228
76.0478
-5.12082
-71.3809
-107.824
-96.2284
-56.4724
5.64645
68.5935
83.502
59.4828
8.1312
-53.9876
-88.7742
-78.8352
-43.2204
9.7877
64.4523
82.6738
66.937
32.9787
-8.43382
-44.8769
-65.5831
-60.6136
-34.9379
-7.60557
22.2115
46.2307
55.3415
50.372
33.807
7.30295
-22.5141
-43.2204
-39.0791
-9.26207
42.9177
92.6128
115.804
94.2693
31.3222
-51.5029
-117.763
-133.5
-88.7742
0.676941
94.2693
150.59
135.682
54.5133
-58.1289
-150.893
-176.569
-120.248
-3.46431
116.632
183.72
158.873
52.8568
-92.0872
-210.527
-242.001
-180.71
-44.0486
101.724
187.862
187.033
83.502
-61.4419
-188.164
-242.829
-180.71
-52.3311
107.521
210.224
212.709
118.289
-38.2509
-179.882
-242.829
-203.073
-70.5526
87.6433
206.911
237.557
167.155
30.494
-106.167
-186.508
-168.286
-67.2396
74.3913
192.831
225.961
177.094
42.0895
-92.9154
-196.447
-206.386
-137.641
-15.0598
103.38
163.842
147.277
56.1698
-60.6136
-161.66
-195.619
-157.519
-66.4114
43.746
114.976
125.743
72.7348
-30.7966
-118.591
-181.538
-169.115
-96.2284
1.50519
109.178
160.529
159.701
104.208
18.0702
-47.3616
-77.1787
-44.8769
25.5245
112.491
173.781
196.972
152.247
84.3303
-7.60557
-63.9266
-84.6329
-44.0486
28.0092
110.006
158.873
159.701
98.4106
10.616
-80.4917
-131.843
-121.076
-67.2396
23.868
84.3303
106.693
58.6545
-31.6248
-131.843
-198.932
-204.729
-140.126
-44.8769
55.3415
102.552
91.7846
17.242
-73.8656
-145.095
-158.347
-106.996
-13.4033
83.502
143.136
130.712
71.0783
-29.9683
-102.854
-131.015
-90.4307
3.16169
96.7541
160.529
170.468
119.945
35.4635
-35.7661
-78.8352
-62.2701
-0.979561
69.4218
112.491
118.289
65.2805
-5.94907
-68.8961
-101.198
-110.309
-67.2396
-9.26207
37.9482
54.5133
49.5438
-7.60557
-56.4724
-80.4917
-71.3809
-44.8769
-5.94907
15.5855
23.868
11.4442
-18.3728
-53.9876
-87.1177
-92.0872
-60.6136
-19.2011
8.95945
19.7267
27.181
30.494
10.616
-25.8271
-33.2814
-13.4033
8.1312
29.6657
44.5742
45.4025
41.2612
28.0092
3.98995
-22.5141
-28.3118
-5.12082
23.0397
37.12
45.4025
53.685
56.998
47.8872
26.3527
0.676941
-5.94907
-0.979561
3.16169
3.16169
11.4442
27.181
28.0092
-0.15131
-39.9074
-57.3006
-49.0181
-29.9683
-16.7163
3.98995
33.807
49.5438
31.3222
-13.4033
-52.3311
-63.0984
-45.7051
-22.5141
-4.29257
9.7877
14.7572
-5.94907
-44.8769
-81.3199
-100.37
-88.7742
-46.5334
3.16169
32.1505
37.12
30.494
7.30295
-40.7356
-89.6024
-91.2589
-32.4531
31.3222
46.2307
31.3222
25.5245
11.4442
-47.3616
-116.106
-111.965
-31.6248
46.2307
72.7348
71.0783
76.0478
64.4523
3.16169
-72.2091
-85.4612
-29.9683
32.9787
62.7958
63.624
55.3415
24.6962
-27.4836
-74.6939
-103.683
-93.7437
-31.6248
49.5438
95.0976
83.502
32.9787
8.1312
-32.4531
-85.4612
-134.328
-106.996
4.8182
76.0478
64.4523
-2.63606
-39.0791
-67.2396
-124.389
-184.023
-154.206
-28.3118
107.521
149.762
103.38
41.2612
-15.0598
-83.8047
-151.721
-145.923
-45.7051
87.6433
158.873
137.338
47.059
-66.4114
-150.893
-188.164
-165.802
-100.37
23.868
146.449
205.255
136.51
14.7572
-87.1177
-111.965
-122.732
-105.339
-32.4531
116.632
220.163
187.862
41.2612
-84.6329
-139.297
-154.206
-150.065
-74.6939
89.2998
234.244
248.324
136.51
11.4442
-78.0069
-128.53
-150.893
-101.198
10.616
151.419
220.163
182.892
52.0285
-108.652
-219.638
-249.455
-180.71
-66.4114
105.037
252.465
304.645
172.953
-22.5141
-203.901
-263.535
-240.344
-139.297
18.8985
193.659
294.706
225.133
21.3832
-182.367
-290.039
-293.352
-213.012
-49.0181
167.984
345.229
362.623
225.133
2.33344
-186.508
-272.646
-245.314
-106.996
86.815
267.374
347.714
274.828
78.5325
-148.408
-299.15
-318.2
-216.325
-39.0791
158.045
300.504
321.21
196.972
-28.3118
-228.749
-299.15
-244.485
-99.5414
79.3608
230.102
301.332
224.305
23.0397
-169.115
-265.192
-244.485
-124.389
28.8375
179.579
266.546
235.9
110.834
-50.6746
-164.145
-189.821
-126.874
-13.4033
104.208
170.468
153.903
66.937
-57.3006
-140.954
-171.599
-116.935
-17.5446
46.2307
85.9868
78.5325
32.9787
-28.3118
-81.3199
-93.7437
-68.8961
-21.6858
3.16169
3.98995
-7.60557
-17.5446
-20.0293
-18.3728
-2.63606
21.3832
42.0895
39.6047
14.7572
-12.5751
-17.5446
6.4747
51.2003
99.2388
127.399
121.602
74.3913
-12.5751
-106.167
-152.549
-116.935
-20.0293
84.3303
148.934
152.247
88.4715
-29.9683
-146.752
-200.588
-164.145
-52.3311
69.4218
163.842
184.549
111.663
-25.8271
-171.599
-255.253
-257.737
-161.66
9.7877
159.701
233.415
191.175
51.2003
-106.167
-217.981
-239.516
-135.156
51.2003
210.224
279.798
235.9
90.9563
-81.3199
-216.325
-240.344
-160.832
-10.0903
148.934
241.698
235.9
128.228
-27.4836
-160.832
-216.325
-164.145
-25.8271
131.541
235.9
237.557
129.056
-29.9683
-174.084
-247.798
-211.355
-82.1482
63.624
171.297
208.568
139.823
13.929
-115.278
-188.993
-174.084
-92.0872
37.12
132.369
161.358
119.117
1.50519
-121.904
-207.214
-227.092
-163.317
-45.7051
66.937
134.025
124.086
55.3415
-52.3311
-143.439
-165.802
-134.328
-45.7051
56.998
110.006
118.289
63.624
-36.5944
-124.389
-185.68
-163.317
-62.2701
12.2725
83.502
120.773
92.6128
39.6047
-44.8769
-98.7132
-108.652
-68.0679
12.2725
85.9868
122.43
103.38
44.5742
-51.5029
-126.045
-163.317
-148.408
-68.8961
8.95945
76.0478
87.6433
37.12
-38.2509
-121.904
-158.347
-138.469
-69.7244
21.3832
82.6738
101.724
65.2805
-20.8576
-105.339
-154.206
-133.5
-63.0984
28.0092
119.117
153.903
129.884
68.5935
-10.0903
-59.7854
-54.8159
8.1312
98.4106
172.953
202.77
173.781
93.4411
3.98995
-53.9876
-64.7549
-10.0903
72.7348
144.793
190.346
170.468
97.5823
20.555
-43.2204
-42.3921
18.0702
66.1088
134.854
171.297
137.338
90.128
7.30295
-59.7854
-87.9459
-69.7244
-13.4033
47.059
88.4715
83.502
47.059
-10.0903
-58.9571
-73.0374
-58.9571
-17.5446
22.2115
47.8872
44.5742
13.929
-34.1096
-79.6634
-107.824
-107.824
-85.4612
-55.6441
-32.4531
-24.1706
-29.1401
-44.0486
-62.2701
-78.0069
-84.6329
-77.1787
-62.2701
-41.5639
-32.4531
-40.7356
-53.9876
-78.0069
-102.026
-115.278
-131.015
-134.328
-118.591
-101.198
-82.1482
-67.2396
-76.3504
-92.9154
-110.309
-134.328
-143.439
-135.156
-121.076
-99.5414
-82.9764
-84.6329
-100.37
-136.813
-181.538
-200.588
-190.649
-159.176
-109.48
-59.7854
-20.0293
-1.80781
-6.77732
-21.6858
-27.4836
-15.8881
23.0397
86.815
158.873
210.224
228.446
225.133
215.194
206.083
214.366
255.778
323.695
394.096
452.902
483.547
476.093
444.619
410.661
389.955
397.409
424.741
452.902
463.669
445.448
395.753
327.836
266.546
219.335
193.659
192.003
200.285
195.316
167.155
122.43
66.1088
10.616
-33.2814
-58.1289
-68.8961
-74.6939
-87.9459
-114.45
-142.61
-184.023
-214.668
-242.001
-245.314
-232.89
-222.123
-212.184
-197.275
-191.477
-188.164
-166.63
-185.68
-188.993
-193.962
-186.508
-176.569
-151.721
-150.065
-141.782
-143.439
-155.034
-168.286
-176.569
-178.225
-169.943
-154.206
-135.156
-136.813
-142.61
-174.084
-217.153
-250.283
-289.211
-309.917
-325.654
-337.249
-361.269
-380.319
-427.529
-463.972
-498.758
-516.98
-512.839
-492.132
-463.972
-438.296
-422.559
-407.651
-401.853
-387.773
-361.269
-318.2
-261.879
-198.932
-131.015
-68.8961
-9.26207
44.5742
90.128
153.903
235.072
318.725
411.489
499.284
574.655
630.148
670.732
689.782
712.145
722.912
753.557
789.172
806.565
813.191
761.011
746.931
702.206
668.247
619.38
579.624
551.464
523.303
476.093
418.944
343.573
260.748
167.155
81.0173
23.868
-28.3118
-68.8961
-122.732
-192.306
-263.535
-339.734
-392.742
-412.62
-413.449
-389.429
-380.319
-372.036
-380.319
-389.429
-383.632
-370.38
-328.967
-305.776
-260.222
-251.94
-223.779
-217.981
-196.447
-174.084
-151.721
-126.045
-107.824
-92.0872
-78.8352
-73.0374
-70.5526
-69.7244
-84.6329
-100.37
-131.843
-164.145
-203.901
-244.485
-280.928
-323.169
-366.238
-423.388
-471.426
-526.919
-564.19
-597.32
-608.916
-620.511
-624.653
-637.905
-647.844
-651.157
-657.783
-654.47
-618.027
-557.564
-474.739
-391.086
-330.623
-289.211
-242.829
-184.023
-82.1482
56.998
204.427
341.916
454.558
543.181
626.835
715.458
812.363
909.268
997.063
1068.29
1120.47
1154.43
1174.31
1179.28
1176.79
1162.71
1137.87
1103.08
1056.7
1004.52
944.883
877.795
800.767
708.003
600.331
486.86
378.359
279.798
190.346
101.724
12.2725
-82.9764
-185.68
-284.241
-364.582
-422.559
-476.396
-521.949
-550.11
-565.018
-555.908
-546.797
-546.797
-540.171
-550.11
-548.453
-514.495
-478.88
-403.51
-307.432
-283.413
-266.848
-246.97
-249.455
-221.294
-181.538
-127.702
-74.6939
-41.5639
-13.4033
-5.12082
-29.1401
-67.2396
-101.198
-141.782
-174.912
-194.79
-216.325
-251.111
-311.574
-393.571
-489.648
-576.614
-650.328
-695.054
-719.073
-738.123
-770.425
-815.15
-863.189
-912.884
-928.621
-930.277
-910.399
-878.926
-864.017
-822.605
-770.425
-695.882
-596.492
-490.476
-405.166
-333.108
-231.233
-92.9154
102.552
322.867
524.132
679.015
774.263
857.088
958.963
1096.45
1276.18
1458.4
1585.12
1644.76
1652.21
1645.58
1630.67
1617.42
1629.85
1609.97
1558.62
1516.38
1434.38
1302.69
1149.46
980.498
829.756
691.438
542.353
402.379
245.839
85.1585
-52.3311
-205.558
-367.895
-510.354
-638.733
-732.325
-779.536
-806.868
-835.857
-866.502
-893.006
-912.056
-907.086
-861.532
-792.788
-729.84
-667.722
-594.007
-510.354
-434.155
-363.754
-297.493
-232.062
-155.034
-68.8961
13.1007
79.3608
117.46
127.399
123.258
117.46
113.319
100.895
73.563
28.0092
-42.3921
-121.076
-205.558
-299.978
-387.773
-472.254
-568.331
-649.5
-724.871
-819.292
-903.773
-977.487
-1061.97
-1128.23
-1181.24
-1246.67
-1278.14
-1273.17
-1269.86
-1250.81
-1227.62
-1237.56
-1249.15
-1213.54
-1100.9
-904.601
-688.428
-521.949
-434.983
-399.368
-331.452
-160.004
121.602
449.589
726.225
892.703
966.418
1019.43
1129.58
1318.42
1548.68
1758.23
1897.37
1954.52
1952.86
1934.64
1937.13
1963.63
1990.14
1979.37
1912.28
1789.7
1634.82
1479.1
1340.79
1212.41
1064.98
874.482
646.713
417.287
222.648
76.0478
-36.5944
-151.721
-307.432
-488.819
-660.267
-794.444
-864.845
-883.067
-892.178
-907.086
-936.075
-972.518
-980.8
-956.781
-912.056
-824.261
-718.245
-615.542
-494.617
-396.055
-359.612
-307.432
-209.699
-89.6024
52.8568
177.094
227.618
212.709
180.407
173.781
218.507
283.939
317.069
276.485
158.873
15.5855
-92.0872
-144.267
-178.225
-242.001
-355.471
-504.556
-653.641
-770.425
-848.28
-913.712
-997.366
-1110.84
-1232.59
-1332.81
-1389.96
-1402.38
-1384.99
-1361.8
-1365.94
-1407.35
-1463.67
-1476.09
-1381.67
-1169.64
-899.632
-680.145
-587.381
-604.775
-624.653
-516.98
-217.981
196.972
573.827
794.141
830.584
795.798
856.26
1070.78
1409.53
1754.91
1953.69
1989.31
1941.27
1878.32
1892.4
1999.25
2092.01
2114.37
2067.99
1934.64
1744.97
1574.35
1460.88
1412.02
1373.09
1256.31
1026.88
720.427
423.085
230.931
170.468
160.529
80.189
-129.358
-429.185
-712.447
-864.845
-864.017
-796.929
-776.223
-860.704
-1017.24
-1156.39
-1207.74
-1162.19
-1061.14
-944.357
-845.796
-777.879
-729.012
-692.569
-659.439
-589.038
-453.205
-270.989
-88.7742
23.868
38.7765
3.16169
-11.7468
50.372
182.892
302.989
331.977
257.435
136.51
56.998
53.685
65.2805
28.0092
-93.7437
-269.333
-416.762
-502.9
-547.625
-597.32
-714.104
-894.662
-1075.22
-1206.08
-1235.9
-1210.23
-1202.77
-1209.4
-1264.89
-1388.3
-1495.14
-1517.51
-1433.03
-1225.13
-978.316
-812.666
-788.646
-868.158
-911.227
-756.344
-367.067
118.289
482.719
606.957
546.494
500.941
673.217
1083.2
1552.82
1884.95
1987.65
1917.25
1828.63
1865.9
2064.68
2318.95
2473.01
2443.19
2268.43
2053.91
1898.2
1841.05
1847.68
1838.57
1738.35
1515.55
1192.53
850.462
598.674
495.971
485.204
426.398
207.74
-161.66
-554.251
-808.524
-864.845
-814.322
-811.009
-937.731
-1153.9
-1345.23
-1412.32
-1350.2
-1239.21
-1174.61
-1174.61
-1178.75
-1130.71
-1013.93
-864.017
-761.314
-740.608
-704.165
-565.018
-356.299
-181.538
-116.935
-138.469
-126.045
-15.8881
143.964
255.778
254.122
164.671
81.8455
63.624
81.8455
68.5935
-22.5141
-177.397
-348.017
-492.132
-597.32
-685.943
-795.272
-950.155
-1139
-1311.27
-1416.46
-1455.39
-1477.75
-1505.91
-1542.35
-1605.3
-1710.49
-1809.05
-1805.74
-1621.87
-1292.22
-993.224
-912.056
-1055.34
-1192
-1040.43
-521.949
153.903
656.652
795.798
672.389
587.907
816.504
1399.59
2092.01
2545.89
2580.68
2331.38
2145.85
2294.1
2735.56
3160.45
3260.67
2997.29
2608.84
2377.76
2376.1
2468.86
2492.88
2372.79
2098.64
1706.87
1286.95
958.963
782.546
712.973
623.522
393.268
5.64645
-454.033
-856.563
-1085.16
-1119.95
-1054.51
-1060.31
-1253.3
-1585.42
-1866.2
-1905.13
-1691.44
-1416.46
-1298.02
-1389.13
-1537.39
-1544.01
-1331.15
-1002.34
-734.81
-624.653
-625.481
-627.966
-539.343
-337.249
-77.1787
140.651
242.526
235.9
177.923
156.388
216.85
307.958
334.462
264.061
137.338
1.50519
-147.58
-328.967
-528.575
-682.63
-770.425
-878.926
-1097.58
-1401.55
-1669.08
-1809.05
-1822.3
-1781.72
-1776.75
-1877.8
-2079.06
-2291.09
-2369.78
-2184.25
-1746.93
-1304.65
-1184.55
-1441.31
-1712.15
-1542.35
-820.12
84.3303
670.732
745.275
553.949
524.132
902.642
1624.05
2409.23
2940.14
3038.7
2785.26
2520.22
2608.01
3116.56
3712.07
3954.75
3683.08
3148.86
2740.53
2647.77
2786.91
2946.77
2933.51
2629.55
2040.66
1349.9
864.543
770.95
944.055
1001.2
644.228
-61.4419
-748.89
-1105.04
-1122.43
-1007.3
-967.548
-1116.63
-1455.39
-1857.92
-2107.22
-2017.77
-1640.09
-1304.65
-1302.16
-1568.03
-1750.25
-1575.48
-1136.51
-732.325
-550.938
-589.866
-662.752
-592.351
-405.166
-174.912
90.9563
315.412
378.359
254.95
90.128
81.8455
245.011
399.894
380.016
176.266
-98.7132
-348.017
-556.736
-704.993
-769.596
-825.089
-1022.21
-1433.03
-1903.47
-2179.28
-2164.37
-2021.91
-1992.09
-2155.26
-2425.27
-2677.06
-2811.24
-2715.16
-2320.08
-1773.44
-1439.65
-1577.97
-1970.56
-2035.99
-1386.64
-281.757
577.14
741.962
438.822
293.878
709.66
1580.98
2492.88
3080.11
3196.9
2962.5
2692.49
2748.81
3289.66
4019.35
4373.01
4060.76
3345.15
2786.09
2717.34
2976.58
3172.88
3040.36
2588.13
1998.42
1390.48
896.016
735.336
871.997
903.471
496.799
-260.222
-947.67
-1220.99
-1167.16
-1115.81
-1253.3
-1513.37
-1757.7
-1955.65
-2106.39
-2104.74
-1878.62
-1562.23
-1420.6
-1539.87
-1679.02
-1530.76
-1090.13
-660.267
-489.648
-499.587
-437.468
-210.527
52.8568
228.446
337.775
445.448
545.666
586.25
575.483
559.746
538.212
460.356
327.836
204.427
114.147
-39.9074
-339.734
-728.184
-1038.78
-1185.38
-1278.97
-1496.8
-1868.69
-2288.61
-2602.52
-2705.22
-2620.74
-2510.58
-2579.32
-2859.27
-3178.15
-3222.05
-2754.09
-2031.85
-1609.44
-1721.26
-2113.85
-2162.71
-1425.57
-258.566
581.281
753.557
562.231
588.735
1091.48
1904
2757.92
3396.51
3646.64
3535.65
3324.45
3389.05
3879.38
4523.76
4855.06
4633.08
4035.92
3464.42
3199.38
3260.67
3462.77
3509.98
3136.44
2297.42
1315.94
722.084
769.294
1124.61
1135.38
458.7
-603.946
-1417.29
-1599.5
-1327.01
-1088.47
-1235.07
-1753.56
-2336.65
-2629.85
-2527.97
-2185.08
-1862.06
-1758.53
-1906.79
-2093.97
-2000.38
-1568.86
-1071.91
-767.94
-684.287
-642.046
-462.315
-161.66
150.59
385.814
514.193
577.14
600.331
643.4
747.759
789.172
680.671
497.628
300.504
200.285
188.69
25.5245
-372.864
-807.696
-1088.47
-1221.82
-1404.04
-1762.67
-2185.91
-2521.35
-2721.78
-2821.17
-2871.7
-2952.87
-3154.96
-3429.94
-3540.92
-3277.54
-2715.16
-2250.51
-2237.26
-2537.08
-2554.48
-1877.8
-796.929
-5.94907
194.488
162.186
389.955
968.902
1696.11
2417.51
3036.22
3431.29
3553.87
3550.56
3660.72
3999.47
4457.5
4802.88
4850.91
4584.22
4156.84
3781.64
3572.92
3523.23
3579.55
3583.69
3188.62
2215.42
1127.93
685.641
1021.91
1397.94
1051.73
31.3222
-978.316
-1474.44
-1480.24
-1278.97
-1147.28
-1344.4
-1926.66
-2569.39
-2811.24
-2524.66
-2006.18
-1683.16
-1786.69
-2147.81
-2297.72
-1904.3
-1192
-731.497
-750.547
-864.017
-660.267
-244.485
72.7348
272.343
501.769
695.58
693.095
591.22
652.51
908.44
1065.81
899.329
543.181
277.313
171.297
107.521
-21.6858
-258.566
-628.794
-1085.16
-1509.22
-1803.25
-1971.39
-2119.65
-2357.35
-2692.8
-3017.47
-3216.25
-3289.14
-3348.77
-3441.53
-3396.81
-3063.85
-2648.07
-2549.51
-2787.22
-2831.11
-2190.88
-1098.41
-324.826
-238.688
-357.956
-41.5639
722.084
1516.38
2131.77
2613.81
2960.85
3145.55
3275.58
3508.32
3887.66
4326.63
4648.82
4658.76
4344.85
3981.25
3835.48
3840.45
3755.97
3547.25
3326.93
2998.12
2323.92
1461.71
988.78
1128.75
1294.41
823.958
-116.106
-839.17
-1105.87
-1215.2
-1337.78
-1397.41
-1501.77
-1867.03
-2359.84
-2583.47
-2415.33
-2107.22
-1922.52
-1920.04
-2036.82
-2091.49
-1847.98
-1318.73
-883.067
-799.414
-801.07
-500.415
-28.3118
198.629
203.598
385.814
780.061
997.063
903.471
814.848
915.894
1005.35
923.349
785.031
679.015
496.799
199.457
-72.2091
-238.688
-425.044
-777.051
-1216.85
-1556.43
-1789.17
-2035.99
-2294.41
-2480.76
-2662.15
-2928.02
-3173.18
-3307.36
-3391.01
-3367.82
-3053.08
-2576.84
-2413.67
-2715.99
-2928.02
-2375.58
-1206.91
-346.36
-318.2
-542.656
-205.558
665.762
1445.15
1894.89
2275.05
2720.65
3091.71
3314.51
3477.67
3696.33
4039.23
4443.42
4672.01
4527.9
4140.28
3844.59
3775.85
3746.03
3596.11
3432.95
3251.56
2709.89
1747.46
1011.14
1040.13
1378.06
1141.18
227.618
-647.015
-993.224
-1076.88
-1249.15
-1413.98
-1454.56
-1629.32
-2104.74
-2527.15
-2525.49
-2230.63
-1967.25
-1848.81
-1910.93
-2125.44
-2161.89
-1695.58
-1048.72
-806.04
-941.873
-902.117
-478.052
-46.5334
92.6128
160.529
446.276
750.244
733.679
575.483
682.328
948.196
973.872
742.79
524.96
374.218
196.972
34.6352
-54.8159
-200.588
-555.079
-1025.53
-1360.14
-1500.94
-1656.65
-1954
-2246.37
-2391.31
-2507.27
-2707.7
-2881.64
-2990.97
-3113.55
-3046.46
-2547.02
-2010.32
-2117.99
-2691.14
-2697.76
-1630.98
-348.017
30.494
-370.38
-417.59
370.905
1296.89
1753.26
2014.98
2446.5
2913.64
3162.11
3254.88
3407.27
3628.42
3918.3
4257.89
4347.34
4055.79
3649.12
3395.68
3384.08
3355.09
3153
3040.36
2828.33
2028.24
1026.88
697.236
1069.95
1194.19
453.73
-531.888
-966.72
-1025.53
-1248.33
-1587.08
-1633.46
-1487.69
-1720.43
-2328.36
-2654.7
-2382.2
-1886.91
-1605.3
-1648.37
-1904.3
-2069.12
-1760.18
-1055.34
-549.282
-583.24
-786.162
-622.996
-126.045
246.667
340.26
446.276
701.377
805.737
611.098
510.051
792.485
1084.86
918.379
465.326
157.216
39.6047
-77.1787
-226.264
-389.429
-680.974
-1177.1
-1677.36
-1889.39
-1878.62
-2024.4
-2441.84
-2826.14
-2968.6
-2970.26
-2986
-3074.62
-3253.52
-3380.24
-3149.99
-2536.26
-2083.2
-2306
-2779.76
-2437.69
-1145.62
-94.5719
-115.278
-468.113
-72.2091
940.742
1714.33
2005.87
2265.94
2748.81
3224.23
3493.41
3647.47
3802.35
3994.5
4255.4
4494.77
4450.87
4099.69
3822.23
3813.94
3723.67
3336.04
3029.59
3027.11
2771.18
1852.65
946.54
881.108
1250.51
981.326
-8.43382
-778.707
-903.773
-954.296
-1340.26
-1664.94
-1606.96
-1597.85
-2050.9
-2570.21
-2547.85
-2093.97
-1766.81
-1785.03
-1952.34
-2064.98
-1934.95
-1424.74
-788.646
-565.018
-791.131
-830.887
-305.776
298.847
430.539
363.451
634.289
1022.74
947.368
601.987
708.832
1236.43
1377.23
873.653
395.753
385.814
438.822
166.327
-170.771
-323.997
-585.725
-1131.54
-1544.01
-1556.43
-1616.07
-2109.71
-2650.55
-2747.46
-2622.39
-2740.83
-3026.58
-3179.81
-3275.88
-3381.07
-3087.87
-2315.11
-1918.38
-2477.45
-3011.67
-2229.8
-648.672
42.9177
-431.67
-626.309
270.687
1353.21
1694.45
1740
2256
3023.79
3408.1
3419.7
3478.5
3695.5
3958.06
4276.94
4529.55
4393.72
3900.91
3553.87
3591.97
3589.49
3275.58
3041.19
2964.16
2459.75
1414.5
703.862
1000.38
1452.6
828.1
-397.712
-980.8
-896.319
-956.781
-1455.39
-1809.05
-1692.27
-1775.09
-2378.89
-2774.79
-2528.8
-2080.72
-1935.77
-2089.83
-2238.91
-2201.64
-1919.21
-1418.95
-957.609
-860.704
-1029.67
-897.975
-275.959
226.789
214.366
173.781
508.395
815.676
704.69
545.666
790.828
1148.63
1053.38
580.453
300.504
372.562
405.692
153.903
-183.195
-456.518
-763.799
-1113.32
-1336.12
-1447.11
-1679.84
-2107.22
-2490.7
-2622.39
-2618.25
-2672.09
-2798.81
-2983.51
-3202.17
-3246.07
-2802.12
-2095.63
-1933.29
-2462.54
-2718.47
-1894.36
-555.079
-16.7163
-359.612
-356.299
404.863
1219.86
1638.13
1881.63
2382.73
3078.46
3464.42
3472.71
3480.99
3726.98
4167.61
4533.69
4591.67
4305.93
3861.98
3610.19
3650.78
3656.58
3418.87
3125.67
2829.98
2198.03
1295.23
910.925
1297.72
1460.06
574.655
-670.206
-1081.85
-749.718
-732.325
-1339.43
-1850.46
-1862.89
-1878.62
-2270.39
-2588.44
-2385.51
-2003.69
-1978.84
-2223.18
-2314.28
-2127.93
-1775.09
-1339.43
-1014.76
-1027.18
-1178.75
-955.953
-318.2
146.449
127.399
66.937
371.733
704.69
626.835
438.822
671.56
1095.62
1037.65
500.112
159.701
264.061
341.088
76.0478
-280.928
-506.213
-759.657
-1153.08
-1472.78
-1594.53
-1733.68
-2069.95
-2436.87
-2613.28
-2666.29
-2732.55
-2778.93
-2866.73
-3132.6
-3303.22
-2868.38
-2055.04
-1821.48
-2426.1
-2798.81
-1973.87
-570.816
37.9482
-292.524
-356.299
475.265
1383.03
1638.13
1763.2
2468.86
3379.11
3684.74
3412.24
3287.18
3673.14
4278.59
4704.31
4742.41
4351.48
3801.52
3589.49
3775.02
3850.39
3551.39
3201.87
2905.35
2269.26
1356.52
1002.86
1481.59
1701.08
698.893
-736.466
-1139
-596.492
-484.678
-1235.9
-1894.36
-1910.1
-1867.03
-2212.41
-2505.61
-2335.82
-2021.08
-2031.02
-2283.64
-2413.67
-2244.71
-1807.4
-1286.43
-1025.53
-1176.27
-1354.34
-1026.35
-316.543
116.632
46.2307
-18.3728
286.424
613.583
565.544
428.883
659.136
1035.99
968.902
473.608
166.327
302.16
446.276
201.114
-257.737
-594.836
-806.04
-1038.78
-1261.58
-1423.91
-1658.31
-2075.75
-2474.97
-2590.09
-2503.95
-2499.81
-2652.21
-2875.84
-3141.71
-3270.91
-2880.81
-2029.37
-1596.19
-2166.03
-2859.27
-2319.25
-760.486
214.366
-50.6746
-392.742
228.446
1224.83
1617.42
1709.36
2338
3311.2
3712.9
3408.93
3155.49
3442.06
4078.16
4671.18
4872.45
4449.21
3683.08
3316.17
3630.9
3994.5
3775.85
3231.68
2833.3
2333.03
1479.93
990.437
1457.57
1926.36
1095.62
-524.434
-1239.21
-695.054
-247.798
-796.101
-1656.65
-1949.85
-1908.44
-2108.88
-2380.54
-2322.57
-2113.02
-2088.17
-2184.25
-2241.4
-2224.83
-2008.66
-1525.79
-1095.1
-1089.3
-1302.99
-1132.37
-479.709
32.1505
6.4747
-132.671
96.7541
460.356
540.697
471.952
593.705
808.222
772.607
470.295
233.415
262.404
375.875
254.122
-173.256
-649.5
-897.147
-908.743
-936.075
-1207.74
-1695.58
-2163.54
-2388.83
-2384.69
-2340.79
-2388
-2542.05
-2796.33
-3095.33
-3252.69
-2991.79
-2288.61
-1682.33
-1850.46
-2599.2
-2750.77
-1625.18
-143.439
330.321
-148.408
-301.635
437.165
1298.55
1654.69
1998.42
2837.44
3592.8
3515.77
2990.66
3002.26
3768.39
4639.71
5000
4683.61
3916.65
3291.32
3372.49
3947.29
4157.67
3637.53
2907.84
2405.92
1933.81
1421.96
1326.71
1656.35
1501.47
372.562
-799.414
-923.651
-406.823
-461.487
-1255.78
-1862.89
-1858.75
-1796.63
-2097.28
-2436.87
-2419.47
-2163.54
-2031.85
-2161.89
-2351.56
-2286.95
-1879.45
-1398.24
-1211.88
-1358.48
-1451.25
-1118.29
-511.182
-142.61
-178.225
-269.333
-125.217
147.277
375.046
553.949
640.087
515.021
273.172
216.85
437.165
623.522
433.852
-78.0069
-527.747
-618.855
-473.083
-496.274
-896.319
-1436.34
-1775.09
-1879.45
-1954
-2071.61
-2155.26
-2221.52
-2385.51
-2629.85
-2819.52
-2813.72
-2508.92
-1940.74
-1500.11
-1693.1
-2337.48
-2425.27
-1342.75
96.7541
583.766
80.189
-222.951
360.138
1270.39
1880.81
2371.96
2978.24
3314.51
3096.68
2848.2
3188.62
3956.4
4562.68
4680.3
4286.88
3576.24
3079.29
3272.27
3879.38
4045.03
3397.33
2506.96
1995.93
1814.55
1616.59
1491.53
1519.69
1190.05
242.526
-665.237
-753.031
-410.136
-569.16
-1200.29
-1601.99
-1627.66
-1835.56
-2306
-2438.52
-2072.44
-1790
-1973.05
-2289.44
-2335.82
-2119.65
-1756.04
-1311.27
-1003.99
-1079.36
-1307.13
-1127.4
-459.831
88.4715
76.0478
-180.71
-146.752
206.911
545.666
650.854
505.082
242.526
131.541
337.775
605.3
485.204
-51.5029
-499.587
-491.304
-304.948
-418.418
-831.715
-1196.97
-1407.35
-1632.63
-1923.35
-2131.24
-2198.33
-2238.91
-2342.45
-2465.85
-2596.72
-2790.53
-2940.44
-2700.25
-1988.78
-1391.61
-1592.05
-2338.3
-2484.08
-1401.55
54.5133
544.01
-5.12082
-369.551
226.789
1258.79
1916.42
2195.54
2530.16
2927.72
3062.72
2987.35
3128.98
3649.12
4229.73
4474.06
4212.33
3579.55
3090.88
3275.58
3892.63
4005.27
3214.29
2274.23
2000.9
2143.36
1952.86
1420.3
1080.72
939.914
492.658
-229.577
-622.996
-545.969
-565.018
-1009.79
-1510.05
-1705.52
-1755.22
-1912.58
-2055.04
-2021.08
-1964.76
-2042.62
-2132.07
-2035.99
-1852.95
-1693.92
-1483.55
-1260.75
-1180.41
-1212.71
-995.709
-479.709
-114.45
-179.054
-406.823
-295.009
156.388
539.04
564.716
283.939
84.3303
201.114
452.074
549.807
407.348
132.369
-101.198
-278.444
-458.174
-569.988
-591.523
-722.386
-1111.66
-1574.66
-1827.27
-1867.03
-1885.25
-1959.79
-2045.1
-2130.41
-2294.41
-2548.68
-2699.42
-2486.56
-1893.53
-1335.29
-1372.56
-2019.43
-2416.16
-1683.16
-203.073
618.552
163.014
-477.224
-44.0486
1137.87
1859.27
1897.37
2072.13
2701.6
3128.15
2942.62
2706.57
3093.37
3897.6
4339.88
4025.98
3311.2
2875.54
3104.13
3646.64
3707.93
2995.63
2148.33
1900.68
2043.97
1807.09
1160.23
794.97
850.462
647.541
-157.519
-871.471
-811.009
-473.083
-749.718
-1505.91
-1910.1
-1735.34
-1573.83
-1850.46
-2202.47
-2146.98
-1845.49
-1748.59
-1896.85
-1955.65
-1742.79
-1391.61
-1117.46
-1025.53
-1022.21
-876.441
-507.869
-151.721
-78.8352
-206.386
-159.176
207.74
570.514
571.342
309.615
176.266
303.817
473.608
473.608
370.905
272.343
81.8455
-297.493
-634.592
-622.168
-391.086
-454.033
-1001.51
-1618.55
-1860.4
-1771.78
-1703.04
-1833.9
-2084.86
-2299.38
-2383.86
-2368.95
-2397.11
-2495.67
-2418.64
-1944.06
-1380.85
-1368.42
-1934.12
-2141.18
-1274
23.0397
519.162
85.1585
-208.042
351.855
1253.82
1729.24
1914.77
2368.65
2936
3008.88
2714.86
2814.25
3510.8
4158.5
4179.2
3695.5
3236.65
3180.33
3461.11
3625.1
3296.29
2657.71
2267.6
2279.2
2172.35
1556.96
892.703
821.474
1059.18
729.538
-211.355
-818.463
-637.905
-405.166
-825.918
-1514.19
-1717.94
-1487.69
-1472.78
-1866.2
-2178.45
-2041.79
-1722.91
-1627.66
-1759.36
-1851.29
-1732.85
-1449.59
-1198.63
-1101.73
-1036.29
-820.948
-549.282
-431.67
-449.063
-386.116
-138.469
178.751
359.31
313.756
134.025
9.7877
83.502
334.462
538.212
449.589
89.2998
-264.363
-384.46
-295.837
-191.477
-267.676
-594.007
-1035.47
-1324.52
-1336.95
-1258.26
-1370.91
-1680.67
-1911.75
-1905.96
-1832.24
-1886.08
-2021.08
-2085.69
-2020.26
-1791.66
-1399.9
-1124.92
-1298.85
-1656.65
-1409.83
-391.914
486.032
417.287
-109.48
18.0702
947.368
1760.71
1901.51
1853.47
2173.18
2637
2790.23
2749.64
2915.29
3268.13
3471.05
3391.54
3167.91
2969.96
2911.15
2955.88
2863.11
2506.96
2143.36
2040.66
1967.77
1513.89
849.634
585.422
801.596
805.737
153.075
-630.45
-803.555
-511.182
-539.343
-1117.46
-1602.82
-1500.94
-1214.37
-1384.99
-1915.07
-2127.93
-1777.58
-1359.31
-1370.08
-1680.67
-1811.54
-1560.58
-1166.33
-945.186
-941.044
-943.529
-786.99
-554.251
-422.559
-389.429
-299.978
-84.6329
119.945
170.468
72.7348
-30.7966
4.8182
208.568
401.55
327.008
-39.9074
-358.784
-318.2
-66.4114
-61.4419
-467.285
-941.044
-1090.13
-953.468
-886.38
-1099.24
-1453.73
-1700.55
-1732.85
-1635.95
-1595.36
-1706.35
-1831.41
-1804.91
-1725.4
-1774.26
-1792.49
-1459.53
-931.105
-790.303
-1157.22
-1326.18
-719.073
206.083
559.746
326.18
301.332
828.928
1384.68
1574.35
1712.67
2140.05
2583.99
2660.19
2527.67
2578.19
2815.07
3002.26
3102.48
3138.92
2961.67
2559.14
2257.66
2270.08
2369.47
2267.6
1984.34
1628.19
1175.97
719.599
565.544
770.122
847.149
351.027
-425.044
-811.009
-696.71
-602.29
-836.685
-1127.4
-1220.99
-1316.24
-1615.24
-1856.26
-1705.52
-1319.56
-1165.5
-1392.44
-1680.67
-1657.48
-1296.36
-917.853
-805.211
-894.662
-902.117
-720.73
-514.495
-425.872
-377.006
-210.527
35.4635
125.743
-20.0293
-136.813
33.807
362.623
486.032
276.485
-8.43382
-63.0984
129.056
287.252
168.812
-145.095
-377.006
-428.357
-434.155
-512.839
-642.874
-784.505
-917.025
-1037.12
-1159.7
-1286.43
-1347.72
-1290.57
-1196.97
-1190.35
-1323.7
-1528.27
-1623.52
-1423.91
-951.812
-547.625
-613.885
-1085.99
-1310.44
-762.142
185.377
652.51
411.489
130.712
373.39
907.612
1261.27
1469.99
1801.29
2145.02
2146.68
1852.65
1746.63
2111.06
2665.16
2911.15
2631.2
2058.88
1687
1833.6
2266.77
2391.01
1961.15
1397.11
1154.43
1123.79
978.841
763.496
727.881
718.771
336.119
-324.826
-670.206
-474.739
-232.062
-475.567
-1014.76
-1288.91
-1245.84
-1208.57
-1273.17
-1317.07
-1293.05
-1278.14
-1334.46
-1401.55
-1347.72
-1112.49
-833.372
-774.566
-974.174
-1108.35
-882.239
-429.185
-189.821
-348.017
-556.736
-416.762
-42.3921
158.873
83.502
4.8182
98.4106
241.698
277.313
206.911
119.117
84.3303
122.43
193.659
163.842
-40.7356
-299.978
-403.51
-304.948
-181.538
-251.94
-526.091
-791.959
-853.25
-749.718
-697.539
-825.918
-1035.47
-1121.6
-1018.07
-897.975
-1001.51
-1304.65
-1452.9
-1151.42
-607.259
-420.903
-866.502
-1384.99
-1184.55
-266.848
456.215
279.798
-322.341
-371.208
293.878
960.62
1079.06
908.44
1018.6
1385.51
1560.27
1473.31
1452.6
1686.17
1993.45
2090.35
1942.1
1735.03
1649.72
1732.55
1848.5
1826.97
1667.12
1495.67
1334.16
1090.66
809.05
718.771
853.775
858.745
434.68
-149.236
-349.673
-121.904
1.50519
-309.917
-724.871
-804.383
-663.58
-729.84
-1038.78
-1211.88
-1063.63
-873.128
-963.407
-1253.3
-1393.27
-1220.99
-939.388
-852.422
-979.972
-1072.74
-954.296
-730.669
-584.068
-531.888
-473.911
-395.227
-339.734
-263.535
-110.309
28.8375
44.5742
22.2115
99.2388
222.648
251.637
213.537
239.213
327.008
342.745
242.526
162.186
216.85
298.019
235.072
64.4523
-32.4531
-28.3118
-39.0791
-122.732
-217.153
-317.371
-465.628
-617.198
-680.974
-664.409
-659.439
-740.608
-928.621
-1162.19
-1232.59
-989.911
-665.237
-719.901
-1192.83
-1481.89
-1085.16
-408.479
-232.89
-589.866
-810.181
-503.728
-43.2204
98.4106
104.208
394.096
805.737
898.501
706.347
703.862
1100.59
1596.72
1825.31
1722.61
1477.45
1386.34
1599.2
1915.59
1986.82
1765.68
1576.84
1599.2
1575.18
1290.26
1046.76
1205.78
1451.77
1191.7
544.838
185.377
374.218
619.38
384.985
-140.954
-382.803
-299.978
-342.219
-656.954
-924.479
-895.491
-759.657
-830.887
-1105.04
-1304.65
-1239.21
-1026.35
-930.277
-1003.16
-1078.53
-1022.21
-863.189
-717.417
-672.691
-671.863
-579.927
-374.521
-184.851
-124.389
-150.893
-114.45
62.7958
283.939
399.066
389.955
370.077
429.711
545.666
630.148
632.632
582.937
534.071
523.303
542.353
502.597
337.775
157.216
105.037
150.59
87.6433
-185.68
-478.88
-615.542
-625.481
-622.996
-748.89
-995.709
-1199.46
-1331.15
-1471.95
-1571.34
-1480.24
-1274
-1333.64
-1775.09
-2126.27
-1882.77
-1195.32
-796.101
-1050.37
-1426.4
-1316.24
-811.009
-342.219
-83.8047
105.865
293.05
388.298
481.891
780.889
1239.74
1597.54
1701.9
1655.52
1629.02
1734.21
1981.85
2223.7
2236.95
2013.33
1841.88
1928.02
2058.88
1898.2
1561.1
1450.12
1575.18
1485.73
1031.02
650.026
659.136
750.244
502.597
36.2917
-237.031
-246.142
-260.222
-444.922
-706.649
-902.945
-981.629
-966.72
-955.125
-1031.32
-1155.56
-1197.8
-1139
-1089.3
-1081.85
-998.194
-815.979
-719.073
-807.696
-860.704
-619.683
-208.871
12.2725
-58.9571
-179.882
-78.8352
256.607
588.735
688.954
568.857
462.841
540.697
731.194
848.806
829.756
749.416
659.965
560.575
471.952
457.871
481.891
399.894
163.014
-70.5526
-154.206
-172.428
-313.23
-569.16
-772.909
-878.926
-1013.1
-1235.07
-1468.64
-1611.93
-1652.51
-1698.89
-1896.02
-2219.04
-2353.21
-2087.34
-1741.96
-1827.27
-2244.71
-2329.19
-1801.6
-1212.71
-1129.89
-1307.13
-1137.34
-613.885
-250.283
-197.275
-14.2316
546.494
1085.69
1171.82
1014.46
1161.88
1719.3
2251.03
2413.37
2278.37
2121.83
2185.6
2454.78
2671.79
2616.29
2378.59
2252.69
2251.03
2092.01
1773.96
1605.83
1693.62
1746.63
1330.85
645.884
364.279
549.807
665.762
301.332
-219.638
-415.933
-407.651
-561.705
-842.483
-943.529
-882.239
-920.338
-1141.48
-1349.37
-1349.37
-1199.46
-1057.83
-1019.73
-1071.91
-1110.84
-1023.04
-795.272
-565.018
-464.8
-430.842
-322.341
-156.691
-35.7661
51.2003
183.72
356.825
458.7
462.013
457.043
498.456
600.331
716.286
739.477
667.419
582.109
502.597
456.215
457.043
414.802
291.393
98.4106
-81.3199
-236.203
-417.59
-593.179
-724.871
-811.009
-965.064
-1211.88
-1472.78
-1626.01
-1614.41
-1632.63
-1709.66
-1794.97
-1927.49
-2028.54
-2104.74
-2107.22
-1910.1
-1652.51
-1573
-1778.41
-1962.28
-1671.56
-987.427
-492.132
-558.392
-758.829
-463.144
232.587
693.923
743.618
819.817
1230.63
1738.35
1905.65
1801.29
1889.09
2290.79
2697.46
2829.15
2678.41
2486.26
2532.64
2811.76
2960.02
2743.02
2414.2
2337.17
2424.97
2280.85
1846.02
1557.79
1633.16
1649.72
1209.92
646.713
481.063
599.502
484.376
52.8568
-304.948
-396.055
-449.892
-654.47
-883.067
-982.457
-1020.56
-1119.12
-1241.7
-1325.35
-1385.82
-1405.69
-1312.93
-1189.52
-1235.9
-1401.55
-1401.55
-1163.84
-929.449
-875.613
-902.945
-854.906
-712.447
-544.312
-387.773
-248.627
-160.004
-144.267
-120.248
4.8182
164.671
220.163
177.923
148.106
172.953
195.316
158.873
73.563
18.0702
37.12
42.9177
-85.4612
-319.856
-441.609
-349.673
-253.596
-415.933
-759.657
-954.296
-873.128
-755.516
-854.906
-1128.23
-1346.06
-1375.88
-1305.47
-1290.57
-1383.33
-1486.03
-1491
-1436.34
-1453.73
-1502.6
-1379.19
-1064.45
-849.109
-993.224
-1198.63
-973.346
-348.017
124.086
48.7155
-160.004
28.8375
586.25
1065.81
1208.27
1273.7
1487.39
1779.76
1976.88
2066.33
2212.11
2478.8
2756.27
2811.76
2583.99
2378.59
2532.64
2885.48
2937.66
2542.58
2093.67
1990.14
2121.83
2087.04
1762.37
1417.81
1243.88
1084.86
778.405
457.871
275.656
149.762
-88.7742
-430.842
-743.921
-960.094
-1117.46
-1275.66
-1454.56
-1632.63
-1785.86
-1900.99
-1989.61
-2049.24
-2055.87
-2017.77
-1998.72
-2019.43
-1996.24
-1869.51
-1702.21
-1603.65
-1548.15
-1426.4
-1234.25
-1061.14
-934.418
-790.303
-598.977
-420.903
-293.352
-168.286
-0.15131
182.064
332.806
418.115
471.124
511.708
595.361
728.71
784.202
739.477
639.258
615.239
663.278
651.682
539.04
380.844
323.695
345.229
252.465
17.242
-182.367
-217.981
-169.115
-211.355
-436.64
-707.478
-844.139
-825.089
-758.001
-833.372
-1080.19
-1254.12
-1189.52
-1050.37
-1087.64
-1279.8
-1307.13
-1008.96
-689.256
-703.336
-911.227
-833.372
-350.501
100.067
191.175
152.247
352.684
760.183
1079.89
1223.18
1361.49
1628.19
1961.15
2184.77
2213.76
2169.87
2283.34
2584.82
2800.17
2680.9
2380.24
2241.1
2335.52
2371.96
2143.36
1831.11
1644.76
1498.15
1190.05
785.859
560.575
510.051
308.786
-127.702
-555.079
-809.353
-912.056
-1053.69
-1304.65
-1554.78
-1761.01
-1922.52
-2087.34
-2209.1
-2224.83
-2188.39
-2188.39
-2298.55
-2397.11
-2330.85
-2085.69
-1843.01
-1786.69
-1817.33
-1697.24
-1376.7
-1079.36
-940.216
-815.15
-552.595
-241.172
-55.6441
32.1505
203.598
519.162
808.222
924.177
941.57
1026.88
1201.64
1363.15
1436.86
1431.89
1399.59
1401.25
1438.52
1420.3
1299.37
1163.54
1107.22
1085.69
964.761
747.759
568.857
457.043
356.825
230.931
105.037
-28.3118
-215.497
-435.811
-549.282
-560.877
-568.331
-705.821
-893.006
-1026.35
-1074.39
-979.144
-989.911
-979.144
-1004.82
-1064.45
-1090.96
-1022.21
-911.227
-767.112
-615.542
-469.77
-453.205
-492.132
-370.38
-5.12082
344.401
447.932
386.642
417.287
635.945
896.845
1060.84
1150.29
1226.49
1269.56
1260.45
1273.7
1358.18
1450.94
1449.29
1340.79
1196.67
1070.78
991.265
959.792
912.581
746.931
471.952
235.072
120.773
37.9482
-102.026
-275.131
-443.266
-623.824
-817.635
-956.781
-989.911
-986.598
-1082.68
-1261.58
-1362.62
-1326.18
-1278.97
-1319.56
-1355.17
-1300.51
-1205.26
-1165.5
-1169.64
-1117.46
-955.953
-762.142
-644.531
-609.744
-574.129
-408.479
-155.862
45.4025
129.056
160.529
304.645
508.395
656.652
713.801
759.355
893.532
1022.74
1069.95
1040.96
1028.54
1096.45
1179.28
1202.47
1144.49
1064.98
1018.6
1008.66
991.265
940.742
861.23
763.496
655.823
553.949
485.204
443.791
375.046
256.607
124.915
32.1505
-25.8271
-90.4307
-179.882
-263.535
-318.2
-381.147
-497.93
-624.653
-667.722
-642.046
-676.004
-829.231
-998.194
-1058.66
-1008.96
-960.094
-1011.45
-1153.9
-1264.06
-1230.93
-1083.5
-976.659
-1011.45
-1102.55
-1085.99
-918.682
-724.871
-648.672
-656.126
-608.088
-467.285
-310.745
-191.477
-91.2589
39.6047
180.407
278.969
353.512
453.73
577.968
698.893
803.252
867.027
871.169
861.23
900.986
985.467
1027.71
968.902
865.371
803.252
780.061
733.679
664.106
610.27
544.01
408.176
247.496
164.671
172.125
153.903
39.6047
-109.48
-224.607
-287.554
-320.684
-350.501
-377.834
-429.185
-538.514
-638.733
-640.389
-561.705
-490.476
-487.991
-540.999
-566.675
-509.526
-378.662
-220.466
-125.217
-132.671
-145.923
-35.7661
172.953
331.149
374.218
384.985
466.982
605.3
717.114
772.607
818.989
891.875
967.246
1011.14
1025.22
1045.1
1084.03
1123.79
1128.75
1074.92
983.811
897.673
857.088
844.665
790.828
648.369
453.73
305.473
242.526
187.033
76.0478
-87.1177
-271.818
-431.67
-543.484
-628.794
-716.588
-848.28
-1029.67
-1201.94
-1317.07
-1377.53
-1428.88
-1524.13
-1655.83
-1764.33
-1810.71
-1807.4
-1798.28
-1798.28
-1790
-1766.81
-1714.63
-1623.52
-1504.26
-1378.36
-1253.3
-1111.66
-951.812
-788.646
-613.057
-413.449
-190.649
23.0397
206.911
380.844
577.14
795.798
1007.83
1169.34
1315.11
1473.31
1593.4
1677.89
1759.05
1829.46
1897.37
1921.39
1872.52
1812.89
1782.24
1749.94
1680.37
1547.85
1375.57
1233.11
1127.93
1021.08
861.23
646.713
437.165
286.424
168.812
18.0702
-184.851
-384.46
-532.717
-646.187
-760.486
-894.662
-1023.87
-1105.04
-1149.76
-1192
-1220.99
-1231.76
-1222.65
-1178.75
-1101.73
-1013.93
-929.449
-847.452
-737.295
-593.179
-432.498
-292.524
-169.943
-34.1096
123.258
277.313
419.772
553.949
688.125
817.332
920.036
1008.66
1099.77
1180.93
1239.74
1267.9
1257.13
1234.77
1212.41
1179.28
1131.24
1041.79
910.925
796.626
707.175
597.846
449.589
278.141
121.602
4.8182
-120.248
-291.696
-483.022
-637.076
-748.062
-866.502
-1026.35
-1203.6
-1351.03
-1446.28
-1515.85
-1604.47
-1722.09
-1828.93
-1870.34
-1854.61
-1838.87
-1852.95
-1866.2
-1836.38
-1741.13
-1626.84
-1534.07
-1448.76
-1338.6
-1177.92
-1011.45
-858.219
-680.145
-483.022
-269.333
-68.8961
117.46
326.18
551.464
775.092
977.185
1141.18
1302.69
1465.85
1624.88
1768.16
1860.1
1910.62
1954.52
2007.53
2031.55
2007.53
1952.04
1876.67
1800.47
1704.39
1562.76
1397.11
1223.18
1064.98
882.764
682.328
489.345
244.183
33.807
-134.328
-342.219
-563.362
-791.131
-963.407
-1105.04
-1244.18
-1375.05
-1509.22
-1601.16
-1643.4
-1655.83
-1661.62
-1651.68
-1614.41
-1532.42
-1413.15
-1290.57
-1157.22
-1009.79
-840.826
-642.874
-437.468
-234.546
-24.9988
189.518
404.863
620.209
828.928
1034.33
1214.89
1377.23
1520.52
1648.9
1759.88
1839.39
1894.89
1909.8
1903.17
1868.38
1812.89
1737.52
1624.88
1498.15
1346.58
1194.19
1035.16
852.119
663.278
462.841
283.111
103.38
-87.1177
-282.585
-478.88
-648.672
-811.009
-970.861
-1116.63
-1252.47
-1360.97
-1457.87
-1541.53
-1604.47
-1645.89
-1655.83
-1650.86
-1629.32
-1592.88
-1539.87
-1471.13
-1393.27
-1308.79
-1216.02
-1116.63
-1013.93
-905.43
-795.272
-685.943
-579.927
-463.144
-345.532
-237.859
-129.358
-20.0293
94.2693
196.972
297.191
380.844
460.356
529.101
604.472
660.793
691.438
715.458
739.477
752.729
761.011
759.355
736.164
713.801
693.095
659.136
626.835
588.735
536.555
486.032
434.68
375.875
310.443
237.557
157.216
81.8455
10.616
-65.5831
-150.893
-224.607
-290.867
-361.269
-404.338
-447.407
-476.396
-502.071
-519.465
-516.98
-478.88
-477.224
-454.033
-410.136
-360.44
-316.543
-254.424
-188.164
-115.278
-39.0791
42.0895
137.338
217.679
314.584
407.348
508.395
599.502
698.893
780.061
868.684
939.085
1003.69
1050.9
1094.8
1119.64
1132.07
1134.55
1122.13
1086.51
1047.59
1005.35
952.337
881.108
808.222
730.366
652.51
564.716
466.982
367.592
265.717
168.812
66.1088
-34.9379
-148.408
-251.94
-345.532
-430.014
-521.949
-606.431
-675.176
-732.325
-781.192
-822.605
-858.219
-883.895
-900.46
-905.43
-904.601
-907.914
-905.43
-901.288
-893.834
-877.269
-868.158
-867.33
-854.906
-833.372
-814.322
-793.616
-773.738
-757.173
-729.84
-701.68
-676.832
-651.985
-625.481
-599.805
-570.816
-540.999
-517.808
-497.93
-471.426
-443.266
-409.307
-377.006
-345.532
-302.463
-256.081
-201.416
-143.439
-89.6024
-26.6553
46.2307
114.147
185.377
251.637
307.13
372.562
433.852
483.547
530.758
564.716
592.048
624.35
645.056
657.48
670.732
664.934
656.652
658.308
644.228
617.724
589.563
553.12
523.303
485.204
426.398
375.875
331.977
278.969
233.415
186.205
140.651
107.521
81.8455
62.7958
53.685
46.2307
39.6047
52.0285
80.189
104.208
134.025
177.094
220.992
268.202
314.584
351.855
400.722
452.074
493.486
535.727
573.827
605.3
634.289
659.965
678.186
687.297
682.328
675.702
663.278
635.945
600.331
547.323
486.032
424.741
351.855
269.03
185.377
96.7541
7.30295
-75.5222
-161.66
-252.768
-332.28
-402.681
-464.8
-521.949
-580.755
-632.107
-667.722
-696.71
-721.558
-739.779
-754.688
-760.486
-753.031
-739.779
-725.699
-709.962
-685.115
-651.985
-613.885
-571.645
-538.514
-500.415
-452.376
-415.933
-387.773
-358.784
-340.562
-319.856
-292.524
-294.18
-297.493
-298.322
-308.261
-319.856
-324.826
-339.734
-352.158
-360.44
-372.864
-378.662
-383.632
-386.116
-391.914
-381.975
-376.177
-361.269
-354.643
-330.623
-310.745
-275.131
-248.627
-204.729
-161.66
-102.026
-49.8464
6.4747
67.7653
135.682
198.629
263.233
320.382
367.592
425.57
470.295
505.082
534.899
551.464
564.716
582.937
580.453
571.342
569.685
552.292
536.555
515.849
493.486
466.982
448.761
408.176
380.844
346.058
316.241
276.485
246.667
210.224
188.69
160.529
139.823
123.258
114.147
112.491
118.289
129.884
133.197
156.388
169.64
197.801
225.133
251.637
273.172
304.645
321.21
336.947
355.168
365.936
369.249
375.875
373.39
376.703
372.562
365.107
352.684
344.401
334.462
314.584
296.363
270.687
245.839
213.537
187.862
146.449
113.319
72.7348
33.807
-0.979561
-33.2814
-68.8961
-90.4307
-112.793
-131.843
-144.267
-149.236
-155.862
-153.378
-157.519
-158.347
-158.347
-158.347
-165.802
-170.771
-177.397
-184.023
-197.275
-208.871
-227.92
-243.657
-262.707
-285.07
-309.917
-338.078
-366.238
-397.712
-431.67
-476.396
-516.98
-562.534
-657.783
-697.539
-745.577
-799.414
-851.593
-908.743
-962.579
-999.022
-1037.95
-1069.42
-1085.16
-1098.41
-1090.13
-1077.71
-1057.83
-1025.53
-983.285
-934.418
-880.582
-811.009
-733.153
-654.47
-566.675
-469.77
-367.895
-275.131
-166.63
-52.3311
67.7653
176.266
294.706
413.974
524.96
626.835
723.74
813.191
887.734
955.65
1009.49
1047.59
1072.43
1089
1092.31
1084.86
1068.29
1040.96
1011.97
971.387
928.318
874.482
829.756
768.466
711.316
650.026
583.766
510.051
442.963
375.046
306.302
243.354
192.003
139.823
92.6128
59.4828
32.9787
5.64645
-3.46431
-0.979561
4.8182
22.2115
39.6047
71.0783
100.067
131.541
169.64
200.285
239.213
283.939
317.069
350.199
391.611
420.6
450.417
481.891
504.254
527.445
546.494
561.403
568.029
572.998
568.029
553.949
534.071
502.597
464.498
409.833
363.451
293.878
228.446
163.842
80.189
13.929
-68.0679
-142.61
-222.951
-302.463
-386.945
-458.174
-545.14
-618.027
-691.741
-777.051
-842.483
-916.197
-996.537
-1052.03
-1124.92
-1180.41
-1225.96
-1274
-1307.13
-1331.98
-1350.2
-1354.34
-1360.14
-1346.06
-1327.01
-1311.27
-1261.58
-1238.39
-1186.21
-1139
-1090.13
-1030.5
-959.266
-894.662
-813.494
-728.184
-638.733
-540.171
-440.781
-338.078
-225.436
-113.622
2.33344
116.632
229.274
336.119
436.337
534.071
622.693
709.66
781.718
851.291
913.41
963.933
1012.8
1043.44
1074.09
1102.25
1112.19
1123.79
1122.96
1105.56
1090.66
1059.18
1016.94
970.559
908.44
847.149
772.607
695.58
614.411
525.788
451.245
366.764
290.565
220.992
153.903
96.7541
39.6047
-5.94907
-44.8769
-84.6329
-108.652
-128.53
-136.813
-143.439
-148.408
-134.328
-115.278
-88.7742
-63.9266
-26.6553
23.0397
85.9868
134.854
206.911
266.546
346.886
418.944
484.376
553.12
608.613
668.247
712.145
750.244
779.233
794.141
804.909
806.565
791.657
771.779
742.79
706.347
660.793
603.644
548.979
475.265
404.863
311.271
224.305
129.884
30.494
-87.9459
-188.993
-309.089
-405.166
-528.575
-625.481
-729.84
-817.635
-903.773
-978.316
-1041.26
-1095.93
-1143.14
-1170.47
-1195.32
-1210.23
-1217.68
-1204.43
-1191.18
-1169.64
-1140.65
-1097.58
-1054.51
-1003.16
-941.044
-884.723
-806.868
-743.092
-659.439
-584.068
-497.93
-415.933
-303.291
-251.94
-179.882
-112.793
-49.0181
-7.60557
42.0895
80.189
112.491
129.056
151.419
159.701
162.186
159.701
165.499
159.701
140.651
132.369
119.945
104.208
82.6738
53.685
32.1505
0.676941
-20.0293
-49.0181
-79.6634
-95.4002
-115.278
-131.843
-140.954
-140.126
-136.813
-134.328
-112.793
-92.9154
-73.0374
-44.0486
-10.9186
21.3832
58.6545
96.7541
131.541
173.781
206.911
242.526
283.939
317.897
356.825
400.722
433.024
481.891
519.99
554.777
593.705
621.865
663.278
676.53
703.862
713.801
726.225
732.851
737.82
729.538
756.87
722.084
712.973
702.206
689.782
664.106
650.854
632.632
611.098
579.624
563.059
537.384
502.597
462.013
428.883
386.642
346.886
298.847
253.293
207.74
164.671
118.289
71.0783
41.2612
-1.80781
-39.0791
-70.5526
-102.026
-132.671
-170.771
-193.962
-227.92
-255.253
-284.241
-319.028
-341.391
-369.551
-395.227
-420.903
-434.983
-444.922
-460.659
-463.144
-463.972
-463.972
-460.659
-453.205
-449.892
-450.72
-439.124
-436.64
-439.124
-441.609
-440.781
-440.781
-445.75
-449.892
-453.205
-457.346
-457.346
-465.628
-463.972
-466.457
-468.941
-445.75
-472.254
-468.113
-473.911
-482.193
-501.243
-502.9
-511.182
-524.434
-534.373
-544.312
-548.453
-550.938
-558.392
-543.484
-536.858
-521.949
-503.728
-478.88
-446.579
-420.075
-382.803
-345.532
-308.261
-260.222
-213.84
-167.458
-119.419
-61.4419
-5.12082
49.5438
108.35
172.125
236.728
299.676
360.966
421.428
485.204
542.353
591.22
639.258
688.125
724.568
755.214
784.202
805.737
818.989
827.271
828.928
831.413
826.443
821.474
812.363
799.111
780.889
764.324
735.336
711.316
683.984
658.308
621.865
592.876
553.949
519.162
532.414
468.639
429.711
409.005
378.359
342.745
322.038
305.473
298.019
276.485
274.828
267.374
259.091
261.576
254.95
244.183
251.637
242.526
240.87
238.385
225.133
221.82
215.194
201.114
192.831
187.862
177.094
161.358
146.449
130.712
114.147
90.9563
58.6545
30.494
-0.979561
-39.0791
-85.4612
-133.5
-176.569
-225.436
-279.272
-330.623
-375.349
-422.559
-466.457
-519.465
-555.908
-603.118
-642.874
-685.115
-726.527
-760.486
-802.727
-833.372
-869.815
-901.288
-927.792
-957.609
-969.205
-993.224
-1001.51
-999.85
-1000.68
-1003.16
-970.033
-979.144
-965.064
-938.56
-914.54
-891.349
-869.815
-825.918
-797.757
-758.001
-725.699
-671.035
-637.905
-586.553
-538.514
-483.022
-435.811
-375.349
-315.715
-256.081
-195.619
-134.328
-71.3809
-10.0903
47.059
102.552
153.903
202.77
245.839
288.908
325.351
360.138
389.955
422.257
449.589
471.952
492.658
512.536
535.727
552.292
560.575
566.372
578.796
577.968
574.655
563.059
562.231
542.353
543.181
527.445
511.708
511.708
498.456
495.143
494.315
495.971
495.143
507.567
512.536
522.475
529.101
541.525
544.838
555.605
561.403
568.857
577.968
591.22
603.644
615.239
624.35
629.319
639.258
647.541
659.965
663.278
663.278
664.934
654.167
647.541
630.976
613.583
592.876
558.09
526.616
482.719
440.478
393.268
335.29
285.595
224.305
169.64
109.178
41.2612
-14.2316
-81.3199
-145.095
-208.042
-275.959
-333.936
-399.368
-464.8
-529.404
-586.553
-646.187
-699.195
-743.921
-789.475
-820.12
-847.452
-873.956
-890.521
-898.804
-899.632
-892.178
-880.582
-871.471
-856.563
-838.341
-817.635
-793.616
-760.486
-732.325
-700.852
-666.065
-628.794
-582.412
-541.827
-507.041
-463.144
-415.933
-367.067
-322.341
-280.928
-241.172
-208.042
-176.569
-150.065
-129.358
-110.309
-97.8849
-95.4002
-90.4307
-83.8047
-87.9459
-84.6329
-82.9764
-81.3199
-83.8047
-81.3199
-82.1482
-89.6024
-79.6634
-90.4307
-96.2284
-91.2589
-104.511
-101.198
-103.683
-104.511
-102.026
-93.7437
-81.3199
-69.7244
-44.0486
-22.5141
13.929
52.0285
89.2998
139.823
177.094
226.789
278.141
314.584
365.936
405.692
443.791
489.345
525.788
561.403
593.705
631.804
664.934
695.58
728.71
756.042
783.374
804.08
821.474
831.413
832.241
830.584
803.252
795.798
785.859
758.527
731.194
689.782
655.823
616.067
583.766
537.384
491.83
455.387
407.348
366.764
324.523
279.798
234.244
187.862
146.449
97.5823
49.5438
9.7877
-44.0486
-79.6634
-122.732
-156.691
-192.306
-218.81
-242.001
-261.879
-274.302
-284.241
-290.867
-293.352
-290.039
-296.665
-292.524
-296.665
-299.15
-302.463
-302.463
-310.745
-309.089
-313.23
-315.715
-316.543
-309.917
-319.028
-308.261
-306.604
-311.574
-301.635
-308.261
-309.917
-314.058
-322.341
-336.421
-348.845
-367.067
-386.945
-405.994
-427.529
-438.296
-468.941
-467.285
-493.789
-500.415
-509.526
-519.465
-531.06
-527.747
-539.343
-535.201
-540.999
-535.201
-540.171
-538.514
-539.343
-537.686
-534.373
-528.575
-521.121
-507.041
-493.789
-470.598
-451.548
-421.731
-391.914
-361.269
-323.169
-286.726
-251.111
-211.355
-173.256
-137.641
-102.026
-64.7549
-27.4836
4.8182
45.4025
80.189
119.117
156.388
195.316
232.587
272.343
312.099
351.855
386.642
423.913
454.558
481.891
510.051
524.96
542.353
553.12
563.888
566.372
564.716
572.17
563.888
567.201
560.575
556.433
554.777
548.979
538.212
528.273
527.445
492.658
481.063
457.871
437.993
404.035
384.985
358.481
327.836
299.676
275.656
258.263
237.557
216.022
211.881
195.316
193.659
177.094
183.72
168.812
170.468
162.186
164.671
155.56
155.56
152.247
148.106
142.308
143.964
139.823
129.884
130.712
135.682
131.541
128.228
123.258
121.602
117.46
100.895
88.4715
77.7043
49.5438
22.2115
3.16169
-32.4531
-68.0679
-99.5414
-126.874
-162.489
-196.447
-222.951
-246.97
-274.302
-304.948
-333.936
-360.44
-381.147
-410.964
-430.014
-459.831
-471.426
-501.243
-514.495
-531.06
-502.071
-533.545
-545.969
-546.797
-540.999
-532.717
-519.465
-508.697
-488.819
-472.254
-439.953
-422.559
-400.197
-377.006
-354.643
-333.108
-303.291
-280.928
-255.253
-226.264
-203.073
-174.912
-144.267
-119.419
-91.2589
-58.9571
-26.6553
-2.63606
20.555
50.372
76.876
92.6128
105.865
120.773
131.541
133.197
131.541
132.369
138.167
145.621
150.59
164.671
184.549
206.911
225.133
241.698
259.92
269.859
271.515
264.889
242.526
216.022
181.236
134.025
99.2388
61.9675
31.3222
10.616
0.676941
-2.63606
8.1312
25.5245
46.2307
71.9065
87.6433
120.773
130.712
152.247
177.923
193.659
210.224
229.274
206.911
241.698
260.748
283.939
306.302
314.584
320.382
327.008
330.321
326.18
328.664
323.695
314.584
310.443
308.786
299.676
293.05
283.939
285.595
280.626
271.515
264.061
250.809
240.87
224.305
202.77
186.205
165.499
148.106
128.228
105.037
93.4411
71.9065
65.2805
56.1698
55.3415
44.5742
50.372
42.9177
46.2307
49.5438
47.059
42.0895
42.0895
34.6352
28.0092
28.8375
18.8985
20.555
18.8985
18.8985
18.0702
23.868
21.3832
30.494
35.4635
38.7765
45.4025
48.7155
44.5742
41.2612
32.9787
23.0397
14.7572
1.50519
-12.5751
-26.6553
-42.3921
-55.6441
-68.8961
-84.6329
-98.7132
-111.965
-124.389
-134.328
-148.408
-162.489
-179.054
-194.79
-213.012
-227.92
-244.485
-259.394
-274.302
-289.211
-298.322
-309.917
-315.715
-327.31
-333.108
-347.188
-350.501
-361.269
-356.299
-360.44
-343.047
-332.28
-304.948
-274.302
-240.344
-194.79
-155.034
-104.511
-64.7549
-14.2316
25.5245
62.7958
95.9258
115.804
134.854
144.793
155.56
157.216
167.155
163.842
171.297
170.468
174.61
177.923
181.236
181.236
182.064
179.579
172.953
167.155
155.56
135.682
121.602
102.552
78.5325
63.624
37.9482
7.30295
-5.12082
-21.6858
-49.0181
-39.0791
-70.5526
-78.8352
-88.7742
-101.198
-108.652
-107.824
-114.45
-119.419
-117.763
-121.076
-126.874
-124.389
-131.843
-124.389
-127.702
-118.591
-106.167
-111.137
-80.4917
-80.4917
-56.4724
-33.2814
-17.5446
8.95945
28.0092
51.2003
65.2805
87.6433
91.7846
108.35
113.319
119.117
128.228
130.712
132.369
137.338
135.682
140.651
141.48
143.964
143.964
143.136
135.682
126.571
121.602
108.35
94.2693
81.0173
58.6545
45.4025
23.0397
8.1312
-8.43382
-29.9683
-43.2204
-58.1289
-70.5526
-75.5222
-85.4612
-90.4307
-92.9154
-96.2284
-101.198
-91.2589
-108.652
-102.854
-111.965
-117.763
-116.106
-116.935
-115.278
-108.652
-97.8849
-92.9154
-78.0069
-59.7854
-51.5029
-27.4836
-10.0903
3.16169
23.0397
36.2917
47.059
61.1393
71.0783
76.876
85.1585
89.2998
93.4411
97.5823
102.552
105.037
110.006
112.491
119.117
117.46
122.43
116.632
114.976
109.178
100.067
93.4411
79.3608
65.2805
52.0285
35.4635
19.7267
7.30295
-10.0903
-23.3423
-28.3118
-45.7051
-48.1899
-57.3006
-58.9571
-66.4114
-65.5831
-74.6939
-77.1787
-82.1482
-87.1177
-92.9154
-92.9154
-96.2284
-97.0567
-101.198
-101.198
-110.309
-102.854
-104.511
-92.9154
-82.1482
-68.8961
-55.6441
-41.5639
-31.6248
-20.8576
-10.9186
-3.46431
8.95945
13.1007
21.3832
25.5245
26.3527
30.494
29.6657
32.1505
34.6352
37.9482
37.9482
44.5742
41.2612
46.2307
40.433
40.433
37.12
32.1505
22.2115
15.5855
-0.15131
-11.7468
-23.3423
-38.2509
-45.7051
-58.9571
-63.9266
-71.3809
-74.6939
-80.4917
-78.8352
-83.8047
-80.4917
-83.8047
-81.3199
-79.6634
-81.3199
-78.8352
-78.0069
-78.8352
-76.3504
-70.5526
-71.3809
-58.9571
-53.9876
-44.8769
-29.1401
-18.3728
-5.12082
12.2725
24.6962
32.9787
57.8263
57.8263
76.0478
85.9868
93.4411
98.4106
109.178
106.693
108.35
109.178
105.865
106.693
103.38
103.38
105.037
105.865
103.38
102.552
105.865
100.067
91.7846
86.815
77.7043
64.4523
52.8568
38.7765
24.6962
13.929
1.50519
-10.0903
-22.5141
-29.1401
-34.1096
-39.9074
-37.4226
-39.9074
-45.7051
-42.3921
-40.7356
-43.2204
-40.7356
-44.0486
-45.7051
-44.8769
-48.1899
-51.5029
-43.2204
-44.8769
-40.7356
-37.4226
-28.3118
-24.9988
-15.0598
-7.60557
-5.12082
5.64645
5.64645
13.929
1.50519
8.95945
3.98995
4.8182
-15.8881
-15.8881
-37.4226
-42.3921
-52.3311
-44.0486
-68.8961
-68.8961
-79.6634
-71.3809
-93.7437
-81.3199
-93.7437
-88.7742
-106.167
-99.5414
-117.763
-122.732
-132.671
-140.126
-152.549
-160.004
-166.63
-167.458
-169.943
-164.973
-159.176
-152.549
-141.782
-126.874
-117.763
-99.5414
-85.4612
-76.3504
-63.9266
-53.9876
-41.5639
-31.6248
-18.3728
-2.63606
8.1312
19.7267
34.6352
49.5438
66.937
83.502
102.552
123.258
145.621
153.903
170.468
172.125
182.892
190.346
190.346
193.659
177.094
184.549
169.64
176.266
162.186
166.327
152.247
156.388
139.823
144.793
167.984
140.651
142.308
134.854
119.945
110.006
102.552
81.0173
65.2805
56.1698
47.059
34.6352
28.8375
21.3832
13.1007
16.4137
16.4137
12.2725
24.6962
18.8985
28.0092
28.8375
29.6657
32.1505
28.0092
30.494
24.6962
28.8375
20.555
27.181
23.0397
28.8375
31.3222
36.2917
43.746
44.5742
52.0285
53.685
52.8568
56.1698
47.059
45.4025
34.6352
23.868
12.2725
-0.979561
-19.2011
-28.3118
-48.1899
-60.6136
-70.5526
-87.1177
-91.2589
-103.683
-110.309
-121.076
-127.702
-140.126
-150.065
-160.832
-179.054
-188.993
-205.558
-223.779
-227.092
-249.455
-253.596
-256.909
-267.676
-261.879
-263.535
-259.394
-250.283
-245.314
-235.375
-227.092
-219.638
-212.184
-206.386
-196.447
-195.619
-181.538
-179.882
-167.458
-158.347
-145.095
-131.843
-114.45
-97.8849
-73.0374
-58.1289
-33.2814
-11.7468
2.33344
24.6962
36.2917
49.5438
56.998
64.4523
73.563
71.9065
84.3303
81.0173
87.6433
95.9258
98.4106
105.865
113.319
119.945
124.915
133.197
140.651
137.338
141.48
141.48
129.884
129.056
116.632
107.521
100.067
91.7846
89.2998
85.9868
86.815
83.502
85.9868
93.4411
94.2693
103.38
101.724
113.319
114.147
121.602
120.773
118.289
121.602
121.602
123.258
117.46
117.46
119.945
126.571
128.228
140.651
141.48
163.014
163.842
185.377
182.892
199.457
192.003
204.427
193.659
195.316
182.064
176.266
167.984
150.59
143.136
128.228
123.258
112.491
97.5823
90.9563
84.3303
73.563
61.1393
43.746
37.9482
19.7267
-1.80781
-24.1706
-45.7051
-66.4114
-92.0872
-117.763
-138.469
-157.519
-174.912
-188.164
-201.416
-208.042
-215.497
-218.81
-224.607
-225.436
-229.577
-232.062
-236.203
-236.203
-243.657
-246.97
-251.111
-255.253
-253.596
-256.081
-251.111
-243.657
-232.89
-222.951
-208.871
-194.79
-174.912
-157.519
-141.782
-121.904
-111.137
-90.4307
-82.9764
-73.0374
-63.0984
-58.9571
-49.0181
-45.7051
-35.7661
-29.9683
-17.5446
-11.7468
4.8182
12.2725
29.6657
39.6047
51.2003
59.4828
67.7653
70.25
76.0478
73.563
75.2195
72.7348
69.4218
69.4218
66.1088
67.7653
69.4218
74.3913
78.5325
86.815
94.2693
103.38
112.491
120.773
129.056
134.854
144.793
143.136
148.934
147.277
147.277
155.56
158.045
159.701
163.842
168.812
186.205
187.862
190.346
198.629
213.537
219.335
225.961
237.557
239.213
240.87
234.244
238.385
226.789
220.163
206.911
207.74
195.316
187.862
178.751
165.499
158.873
156.388
148.934
138.995
126.571
120.773
103.38
86.815
70.25
48.7155
33.807
14.7572
-2.63606
-24.9988
-45.7051
-56.4724
-76.3504
-85.4612
-92.9154
-102.854
-104.511
-110.309
-111.965
-120.248
-122.732
-128.53
-128.53
-144.267
-147.58
-150.065
-156.691
-166.63
-169.115
-167.458
-170.771
-168.286
-164.973
-153.378
-146.752
-145.095
-128.53
-132.671
-120.248
-112.793
-116.106
-120.248
-101.198
-115.278
-113.622
-121.904
-122.732
-124.389
-135.156
-124.389
-131.843
-127.702
-116.935
-111.965
-116.106
-103.683
-97.8849
-102.026
-96.2284
-95.4002
-99.5414
-100.37
-107.824
-107.824
-113.622
-116.106
-117.763
-110.309
-110.309
-103.683
-87.1177
-83.8047
-68.8961
-58.9571
-42.3921
-31.6248
-25.8271
-10.9186
-7.60557
2.33344
4.8182
8.95945
10.616
18.8985
25.5245
25.5245
39.6047
51.2003
61.1393
72.7348
85.9868
98.4106
106.693
116.632
124.915
131.541
131.541
137.338
134.854
129.884
119.945
119.117
117.46
105.865
105.037
109.178
120.773
110.834
111.663
110.834
117.46
112.491
114.976
114.147
106.693
100.067
94.2693
90.128
76.876
65.2805
56.998
48.7155
42.0895
32.9787
35.4635
28.8375
29.6657
27.181
33.807
34.6352
35.4635
32.1505
30.494
28.0092
23.0397
16.4137
6.4747
0.676941
-5.94907
-14.2316
-23.3423
-29.9683
-30.7966
-31.6248
-31.6248
-34.9379
-30.7966
-33.2814
-33.2814
-36.5944
-37.4226
-44.0486
-53.1594
-58.1289
-68.0679
-78.8352
-92.0872
-102.026
-111.965
-116.106
-124.389
-128.53
-128.53
-130.187
-132.671
-128.53
-122.732
-130.187
-128.53
-118.591
-114.45
-127.702
-130.187
-130.187
-132.671
-140.954
-135.984
-136.813
-135.984
-133.5
-121.076
-119.419
-107.824
-97.0567
-79.6634
-75.5222
-61.4419
-53.9876
-41.5639
-39.0791
-31.6248
-27.4836
-26.6553
-19.2011
-17.5446
-10.0903
-12.5751
2.33344
8.95945
22.2115
30.494
43.746
53.685
61.1393
71.0783
77.7043
83.502
85.1585
87.6433
87.6433
85.9868
83.502
80.189
77.7043
73.563
71.9065
76.876
81.8455
84.3303
85.9868
90.9563
94.2693
98.4106
104.208
104.208
99.2388
99.2388
98.4106
93.4411
90.128
88.4715
81.8455
81.8455
88.4715
89.2998
85.9868
88.4715
90.128
90.128
98.4106
105.865
104.208
107.521
113.319
113.319
110.834
111.663
109.178
100.895
98.4106
99.2388
92.6128
89.2998
90.9563
90.9563
88.4715
89.2998
92.6128
90.128
86.815
88.4715
85.9868
77.7043
73.563
68.5935
55.3415
45.4025
38.7765
28.8375
16.4137
8.1312
-0.15131
-8.43382
-14.2316
-17.5446
-24.9988
-30.7966
-35.7661
-39.0791
-44.0486
-49.8464
-58.9571
-68.0679
-75.5222
-85.4612
-92.9154
-100.37
-108.652
-115.278
-121.076
-121.904
-122.732
-122.732
-120.248
-116.935
-116.935
-116.106
-112.793
-111.137
-111.137
-108.652
-105.339
-104.511
-104.511
-103.683
-104.511
-103.683
-102.026
-99.5414
-96.2284
-92.0872
-87.1177
-78.8352
-71.3809
-60.6136
-55.6441
-50.6746
-44.8769
-39.0791
-37.4226
-36.5944
-34.9379
-35.7661
-38.2509
-39.0791
-37.4226
-38.2509
-38.2509
-36.5944
-34.1096
-31.6248
-27.4836
-23.3423
-20.0293
-17.5446
-15.0598
-12.5751
-10.0903
-10.0903
-12.5751
-14.2316
-13.4033
-11.7468
-14.2316
-16.7163
-14.2316
-7.60557
-1.80781
1.50519
5.64645
16.4137
26.3527
32.9787
40.433
44.5742
52.8568
56.1698
59.4828
60.311
64.4523
62.7958
61.1393
61.1393
62.7958
64.4523
63.624
65.2805
71.0783
77.7043
82.6738
83.502
88.4715
90.128
92.6128
85.1585
85.1585
79.3608
77.7043
67.7653
61.9675
54.5133
50.372
42.0895
34.6352
28.0092
22.2115
19.7267
13.929
14.7572
9.7877
9.7877
2.33344
0.676941
-7.60557
-11.7468
-24.9988
-33.2814
-42.3921
-45.7051
-53.1594
-60.6136
-64.7549
-67.2396
-63.9266
-63.0984
-63.9266
-59.7854
-54.8159
-47.3616
-49.0181
-47.3616
-49.0181
-43.2204
-46.5334
-46.5334
-50.6746
-50.6746
-51.5029
-51.5029
-51.5029
-50.6746
-48.1899
-44.0486
-39.9074
-29.9683
-26.6553
-16.7163
-18.3728
-7.60557
-9.26207
-3.46431
-10.9186
-10.0903
-14.2316
-15.0598
-20.8576
-23.3423
-27.4836
-22.5141
-26.6553
-22.5141
-24.1706
-14.2316
-10.9186
-3.46431
-2.63606
2.33344
6.4747
3.98995
11.4442
2.33344
5.64645
-5.12082
-0.979561
-15.8881
-5.94907
-15.0598
-13.4033
-7.60557
-10.0903
1.50519
6.4747
15.5855
21.3832
35.4635
32.9787
39.6047
35.4635
37.12
37.9482
35.4635
35.4635
29.6657
28.0092
22.2115
28.8375
23.868
36.2917
35.4635
43.746
44.5742
57.8263
59.4828
64.4523
71.0783
65.2805
63.624
66.1088
62.7958
55.3415
62.7958
46.2307
45.4025
40.433
36.2917
37.12
42.0895
39.6047
51.2003
52.8568
58.6545
61.9675
61.9675
61.1393
56.1698
54.5133
46.2307
42.9177
35.4635
24.6962
20.555
11.4442
7.30295
8.95945
8.95945
11.4442
18.8985
20.555
21.3832
29.6657
25.5245
29.6657
27.181
21.3832
18.0702
10.616
7.30295
-0.979561
-10.0903
-7.60557
-21.6858
-16.7163
-19.2011
-16.7163
-19.2011
-5.94907
-10.0903
-2.63606
-0.979561
-0.15131
-6.77732
-5.12082
-13.4033
-24.9988
-28.3118
-40.7356
-44.8769
-47.3616
-52.3311
-52.3311
-63.0984
-55.6441
-53.1594
-55.6441
-32.4531
-47.3616
-37.4226
-37.4226
-42.3921
-40.7356
-39.0791
-50.6746
-50.6746
-59.7854
-60.6136
-67.2396
-64.7549
-73.0374
-71.3809
-73.8656
-72.2091
-63.9266
-58.1289
-53.9876
-46.5334
-40.7356
-45.7051
-35.7661
-34.1096
-31.6248
-37.4226
-29.9683
-33.2814
-34.1096
-35.7661
-29.1401
-24.9988
-24.9988
