-26.4178
-19.9703
-29.6415
-16.9481
8.03594
10.2523
-24.6044
-25.4104
-16.1421
-15.7392
-1.23232
-4.85903
15.0879
37.4526
7.02852
-15.7392
-2.23974
-3.65012
-17.1495
6.82704
19.5205
-6.06793
-1.83677
16.6997
-0.0234133
-1.23232
5.61813
-18.7614
-19.7688
-5.86645
1.78994
34.2288
26.5725
-29.6415
-30.246
-11.105
-35.6861
-30.4475
8.43891
14.6849
7.83446
18.7146
26.7739
19.5205
-9.69464
-39.7157
-26.0148
5.01368
22.7443
46.1164
53.5713
22.1398
-2.6427
-19.9703
-39.5142
-16.1421
14.6849
34.6318
48.3327
46.7208
45.7134
12.0656
-24.403
-47.3721
-47.3721
1.99143
18.9161
28.7888
48.3327
12.0656
-27.8282
-57.2448
-56.6404
-4.85903
30.8036
26.5725
20.9309
47.9297
34.4303
-30.246
-39.3128
-6.06793
5.61813
7.43149
32.617
69.8915
65.6603
-2.23974
-43.141
6.22259
29.3932
-10.5006
9.8493
68.8841
62.2351
12.0656
-13.3213
-6.87386
-10.9035
-36.089
-28.8356
39.4674
63.041
-9.29167
-30.8504
7.02852
-6.06793
-29.0371
-24.6044
-12.5154
5.41665
14.2819
33.2214
64.6529
47.1238
-21.3807
-46.9692
-5.26199
20.7294
25.3636
39.2659
26.7739
14.8864
28.7888
30.4006
19.722
-1.23232
-28.6341
-25.6119
22.5428
50.7505
49.5416
46.5194
-7.27683
-49.9914
-28.4326
-20.5748
-30.649
-13.1199
11.8641
18.9161
14.4834
-8.48574
-22.1866
-22.7911
-47.3721
-47.7751
7.63297
43.0941
32.0125
31.2066
29.7962
-5.06051
-35.0816
-33.8727
-8.8887
19.9235
17.7072
3.40181
19.1176
12.2671
-34.6786
-32.8653
2.39439
-2.44122
-8.08277
7.63297
22.7443
38.6615
16.4983
-28.0297
-13.3213
9.24484
-19.9703
-24.2015
4.61072
4.40923
-12.5154
-11.7095
-3.44864
-1.63528
-19.9703
-48.984
-31.2534
8.43891
7.23001
1.78994
20.125
6.62555
-30.649
-31.6564
-18.3584
0.178071
8.84188
-10.7021
0.581038
22.7443
3.20033
-23.1941
-30.0445
-35.4846
-31.0519
-1.83677
27.1769
52.5639
59.8173
4.61072
-57.0433
-51.2003
-37.4994
-24.403
31.4081
57.8025
30.6021
2.99884
-27.8282
-43.9469
-37.0964
-47.5736
-46.3647
0.178071
27.7814
11.6627
9.64781
12.0656
-26.0148
-67.319
-69.9383
-31.4549
36.8481
53.9743
2.79736
-14.1273
-10.7021
-49.7899
-55.4315
-6.06793
21.3339
12.2671
-22.5896
-48.581
-13.7243
21.9383
9.8493
11.8641
6.22259
-44.7528
-59.4612
-25.4104
-11.3065
-5.26199
11.2597
14.2819
8.23742
-3.44864
-27.4252
-37.4994
-32.8653
-32.0593
12.4686
87.0176
74.9286
8.03594
-7.07535
-16.3436
-51.2003
-46.9692
2.39439
67.2722
94.271
42.2882
-7.07535
-5.86645
-36.089
-78.8036
-40.5217
37.8556
76.5405
51.9594
-7.88128
-17.9555
11.2597
-24.2015
-80.0125
-57.0433
-7.27683
15.2894
29.9977
27.3784
12.4686
-0.224897
-34.6786
-66.5131
-51.8048
-22.1866
7.43149
54.7802
73.7197
48.7357
37.0496
12.6701
-62.2819
-87.6689
-12.7169
67.0707
85.0028
44.5045
11.8641
42.4897
38.057
-55.8344
-87.4674
-11.7095
37.8556
16.9012
-5.46348
34.4303
106.562
76.5405
-60.6701
-119.705
-67.722
-41.5291
-39.9172
25.7665
118.651
134.769
39.0645
-93.109
-144.89
-102.579
-44.5513
18.5131
97.6963
122.882
71.1004
-4.65754
-83.6392
-113.862
-63.4908
-5.86645
36.6466
73.3167
61.4292
27.9828
11.8641
-24
-52.4092
-31.2534
-5.86645
15.0879
52.1609
63.2425
45.9149
39.8704
19.5205
-18.9629
-20.7763
7.23001
31.6096
54.5787
51.5565
21.1324
7.43149
3.80478
-6.06793
7.02852
29.9977
29.3932
19.9235
0.581038
-26.6193
-11.508
30.6021
31.0051
11.6627
3.6033
-20.9777
-39.3128
-28.4326
-17.5525
-0.627865
16.9012
2.39439
-15.5377
-10.9035
-15.9406
-15.1347
-4.25457
-25.6119
-27.8282
1.18549
7.23001
20.5279
29.1917
6.22259
-6.06793
-12.5154
-32.0593
-24.2015
18.1101
34.2288
20.7294
15.8938
6.0211
-2.6427
0.178071
0.782522
5.81962
17.1027
11.6627
-2.23974
4.8122
14.6849
7.43149
6.42407
11.4612
-3.24716
-22.1866
-25.6119
-15.9406
6.62555
16.2968
5.81962
9.44633
6.42407
-31.2534
-47.1706
-20.7763
0.984006
1.18549
-8.68722
-3.44864
16.0953
15.0879
-8.8887
-19.1644
-12.7169
-17.5525
-14.1273
1.38697
9.8493
31.6096
33.8259
-2.03825
-22.9926
-21.1792
-11.508
4.61072
14.8864
12.2671
11.4612
4.00626
-29.2386
-35.6861
-5.86645
5.01368
6.0211
-12.1124
-39.3128
-17.754
8.43891
2.39439
7.83446
-0.829349
-28.0297
-33.0668
-30.8504
-12.9184
21.5354
19.722
-11.3065
-34.0742
-36.6935
-17.5525
-5.26199
-8.48574
-4.25457
-12.9184
-31.4549
-28.6341
-20.3733
-0.829349
21.9383
5.01368
-17.351
-28.4326
-55.0285
-38.1039
25.968
44.5045
16.6997
-31.8579
-82.0273
-65.3042
-10.2991
9.8493
26.9754
42.2882
10.2523
-66.1101
-118.496
-44.7528
70.8989
51.5565
-9.89612
-18.5599
-68.125
-101.974
-47.7751
18.7146
90.0399
101.121
-32.2608
-146.099
-119.503
-38.3053
40.8778
63.2425
24.9606
4.00626
-26.8208
-70.7442
-59.2597
-11.105
57.198
69.0855
-35.6861
-74.5724
2.19291
20.125
9.24484
-0.627865
-51.6033
-20.1718
18.9161
-54.0211
-14.5303
105.353
59.4143
-27.8282
-51.6033
-47.3721
9.8493
6.62555
-64.6997
-23.3955
89.0325
94.4725
-31.4549
-102.176
10.8567
76.7419
-20.5748
-43.5439
14.4834
19.722
53.5713
85.4057
31.811
-7.27683
-37.7009
-89.2808
-40.7232
64.8544
94.8755
67.0707
-8.28425
-88.2733
-71.5502
-4.65754
23.9532
34.0274
36.6466
12.2671
-27.4252
-31.8579
19.722
70.6974
79.1597
33.8259
-53.0137
-56.2374
47.1238
103.338
104.547
83.3909
-36.089
-139.45
-75.9828
55.1832
123.889
98.0992
3.20033
-89.2808
-149.927
-150.733
-50.3944
73.9212
129.128
99.5096
-18.157
-122.324
-114.668
-70.9457
-40.3202
8.84188
54.7802
64.6529
22.1398
-27.4252
-13.3213
-28.8356
-106.81
-82.2288
19.5205
54.1757
71.3019
83.3909
36.2437
-21.3807
-81.2214
-125.346
-82.4303
-4.05309
63.2425
127.516
122.076
42.6912
-49.9914
-129.578
-118.697
-23.597
39.8704
83.5924
112.606
58.0039
-7.27683
-22.3881
-41.9321
-59.4612
-53.8196
-21.9852
35.4377
70.2945
84.5998
78.7568
0.581038
-90.0867
-116.683
-82.2288
18.5131
122.68
130.74
55.1832
-29.6415
-63.0879
-41.7306
-16.9481
10.4537
52.1609
45.109
6.62555
44.303
113.815
95.2785
17.7072
-34.8801
-55.8344
-42.335
35.8407
144.441
161.365
50.549
-68.125
-106.205
-71.9532
20.9309
104.345
96.2859
27.5799
-37.0964
-63.0879
-29.2386
15.4908
13.2745
-13.3213
-48.1781
-65.1027
-2.44122
90.2414
105.353
41.6837
-52.4092
-109.631
-52.8122
49.7431
91.4503
92.0547
65.2574
-4.05309
-53.8196
-35.8875
3.6033
18.9161
-5.46348
-32.4623
10.4537
66.6677
50.7505
-21.9852
-102.579
-110.638
-66.7146
-15.1347
50.952
57.3995
-3.44864
-53.6181
-50.3944
-7.27683
6.22259
-40.1187
-68.9309
-25.4104
20.3265
43.9001
72.5108
59.6158
-24.403
-113.66
-112.451
-12.1124
93.6666
115.83
53.9743
-33.4697
-94.9223
-94.9223
-25.4104
75.936
114.822
24.5576
-85.6541
-104.795
-58.6552
3.80478
34.0274
7.02852
-40.9246
-58.0508
-39.7157
-2.6427
21.1324
-4.45606
-44.1484
-49.5884
-27.6267
8.03594
46.3179
50.1461
6.0211
-54.6255
-82.2288
-53.4166
9.64781
75.936
105.957
76.1375
24.7591
-22.9926
-52.6107
-21.7837
41.6837
78.9583
94.8755
86.2117
39.8704
-11.508
-25.4104
15.6923
79.5627
102.532
76.1375
45.9149
31.4081
16.4983
11.4612
35.8407
51.5565
32.617
29.9977
62.0336
78.3538
59.0114
29.3932
7.43149
5.81962
20.9309
38.46
56.795
68.0781
56.1906
25.3636
-4.45606
-18.157
-12.3139
10.6552
44.706
59.2128
30.4006
-14.9332
-36.089
-25.8133
-8.08277
-5.46348
-4.85903
5.81962
4.20775
-20.5748
-39.1113
-45.5588
-60.0656
-60.6701
-21.9852
4.40923
-27.0223
-85.0496
-116.481
-94.3179
-46.7677
-26.0148
-53.6181
-97.9446
-114.466
-94.9223
-64.0953
-41.3276
-62.8864
-134.01
-167.456
-134.01
-72.7591
-23.3955
-35.4846
-98.7505
-159.8
-168.867
-125.346
-62.0804
-21.7837
-41.7306
-96.3327
-131.189
-117.891
-77.7962
-40.9246
-27.2237
-38.9098
-59.4612
-74.5724
-62.6849
-37.9024
-18.5599
-11.911
-12.7169
-4.05309
6.0211
21.3339
43.2956
62.8396
71.9063
71.5034
80.1672
104.748
137.59
167.813
190.379
200.252
197.632
193.804
204.684
231.885
261.906
284.673
297.165
294.747
274.801
248.809
240.347
258.077
283.464
291.927
270.972
227.653
181.514
154.112
151.895
156.731
142.023
100.114
48.1312
11.0582
-3.65012
-4.05309
-7.6798
-28.0297
-63.4908
-95.9297
-108.019
-102.78
-101.571
-118.899
-146.905
-165.442
-163.628
-148.114
-135.421
-135.622
-147.107
-158.994
-165.039
-167.658
-168.665
-157.987
-127.361
-89.2808
-75.7813
-106.407
-163.628
-201.709
-185.59
-123.13
-64.6997
-56.8419
-102.579
-155.77
-168.464
-138.241
-104.997
-105.802
-135.018
-158.188
-151.741
-131.592
-130.988
-161.21
-202.313
-220.245
-201.709
-164.233
-141.465
-155.972
-199.291
-239.386
-254.498
-250.266
-242.408
-229.111
-199.089
-157.987
-131.995
-147.308
-205.94
-277.467
-296.003
-188.612
48.9372
302.605
398.512
250.421
-37.4994
-231.528
-138.443
237.325
673.134
877.842
717.662
334.641
39.6689
61.6306
369.901
725.318
883.08
775.689
531.692
348.141
326.179
407.578
458.554
408.183
304.016
246.996
278.226
332.425
300.993
136.583
-93.7134
-249.863
-225.685
-48.7825
133.157
164.992
-3.24716
-286.533
-513.606
-538.791
-352.822
-89.8852
81.1746
71.3019
-92.9075
-299.025
-415.282
-365.717
-178.941
36.8481
169.223
167.813
63.2425
-67.9235
-149.524
-145.495
-74.7739
14.4834
86.8161
132.754
144.038
101.524
4.40923
-106.608
-176.322
-173.3
-96.9371
19.319
98.0992
66.2648
-65.5057
-210.574
-297.011
-304.466
-239.588
-139.45
-72.9606
-87.2659
-165.442
-258.93
-334.487
-375.589
-363.5
-292.376
-206.343
-173.702
-221.051
-308.294
-375.791
-389.29
-345.77
-272.43
-220.648
-222.26
-264.37
-309.704
-331.867
-315.95
-253.087
-166.852
-132.801
-214.805
-367.933
-444.295
-306.48
52.7654
451.099
585.69
277.621
-288.951
-638.929
-405.61
333.835
1096.05
1342.67
887.311
73.9212
-453.161
-274.847
455.935
1177.65
1401.7
1062.2
493.411
130.337
173.454
469.837
707.185
714.237
571.788
460.77
458.554
474.874
367.08
98.9052
-195.261
-304.063
-123.735
205.893
376.953
185.946
-277.467
-722.746
-886.955
-684.061
-246.64
137.59
221.81
-17.5525
-397.551
-687.486
-734.835
-507.158
-111.041
239.541
352.775
201.662
-75.9828
-303.055
-350.807
-177.128
129.531
382.393
456.338
379.975
240.548
84.3983
-46.7677
-84.4451
8.23742
178.088
330.612
385.617
285.681
35.0348
-250.065
-392.917
-313.935
-86.863
132.351
196.625
40.0719
-261.549
-516.628
-573.648
-459.608
-293.182
-149.121
-74.371
-139.047
-348.389
-565.387
-638.929
-560.753
-410.648
-240.797
-113.459
-143.077
-361.888
-607.9
-678.218
-550.074
-348.389
-181.762
-114.063
-178.538
-305.271
-362.896
-349.195
-391.91
-526.098
-585.737
-346.777
236.922
867.768
1015.66
391.863
-621.4
-1161.58
-631.474
725.52
1978.15
2217.31
1246.36
-223.469
-1049.96
-564.984
833.314
2048.26
2252.77
1470.2
400.124
-186.396
-9.69464
597.376
1068.65
1107.13
837.746
557.281
411.205
307.642
108.778
-168.665
-360.075
-280.086
71.3019
377.154
272.987
-278.071
-942.363
-1299.59
-1150.5
-588.759
31.811
257.674
-42.5365
-573.648
-965.736
-1001.4
-685.27
-220.245
166.604
317.314
215.161
8.84188
-148.92
-212.387
-150.129
90.6443
467.218
775.085
820.419
599.593
251.227
-36.2905
-63.6923
237.929
654.195
835.732
656.008
288.3
-46.1632
-239.386
-250.266
-97.5416
80.1672
107.367
-47.7751
-273.84
-474.316
-612.534
-647.995
-574.655
-467.667
-396.947
-379.82
-451.146
-642.354
-855.524
-925.439
-811.197
-609.109
-423.341
-324.614
-387.074
-622.206
-861.77
-864.188
-605.281
-314.54
-205.94
-314.54
-540.806
-676.002
-528.516
-187.806
3.6033
-174.71
-584.327
-817.846
-444.094
592.339
1620.71
1614.47
292.33
-1278.44
-1554.47
-52.8122
2115.15
3244.27
2502
525.648
-1156.14
-1254.46
332.223
2348.67
3186.24
2342.63
728.945
-423.14
-517.635
291.927
1289.88
1650.53
1188.13
478.299
76.339
-21.7837
-90.4897
-232.133
-329.248
-261.751
-68.3264
61.0262
-97.5416
-606.893
-1185.15
-1419.88
-1217.59
-787.221
-314.741
-19.1644
-182.165
-739.872
-1210.74
-1223.63
-783.393
-108.22
457.345
570.579
197.229
-300.436
-448.929
-86.46
475.478
816.389
841.172
696.909
527.461
467.218
545.796
585.892
529.275
601.003
857.492
979.793
744.459
313.284
-45.9617
-186.799
-58.2522
263.517
472.859
239.339
-374.783
-903.679
-980.444
-706.023
-416.894
-332.875
-479.152
-815.832
-1133.77
-1195.23
-1012.48
-805.757
-731.007
-716.299
-789.437
-915.969
-943.774
-753.573
-578.685
-602.863
-686.479
-705.62
-515.016
-422.535
-421.931
-568.409
-706.023
-468.473
-148.719
192.192
-6.67238
-531.739
-895.619
-756.797
499.455
1967.87
2453.45
920.153
-1509.14
-2061.4
-160.808
2743.99
4000.64
2812.49
560.303
-1303.22
-1260.3
441.226
2585.22
3654.89
2699.05
946.145
-457.593
-689.703
161.97
1223.39
2007.56
1715.41
580.855
-470.488
-991.525
-771.908
-200.097
213.549
262.913
-272.027
-810.794
-908.313
-966.743
-1012.68
-1173.06
-1155.94
-830.54
-575.461
-365.314
-476.734
-862.576
-1109.6
-911.335
-255.102
343.305
551.639
397.303
33.4229
-248.654
-93.7134
435.786
918.139
1042.05
876.028
667.09
517.79
538.543
719.677
881.267
847.418
665.478
546.804
583.877
562.318
407.175
254.451
89.0325
25.968
-63.0879
-139.047
-203.925
-560.552
-829.734
-901.865
-772.915
-517.837
-581.506
-747.327
-1064.66
-1400.54
-1331.63
-1095.49
-753.976
-705.62
-1029.4
-1206.71
-1201.07
-984.272
-719.925
-518.844
-473.913
-741.081
-930.879
-787.825
-589.968
-464.041
-343.15
-183.172
-28.2312
-150.33
-423.341
-698.366
-762.841
183.73
1836.7
2793.95
1539.11
-1398.12
-2433.34
-196.067
3155.82
4526.71
2830.02
456.338
-1055.19
-1043.11
579.041
2570.91
3766.11
2990
1042.66
-444.497
-822.682
50.1461
1540.52
2518.93
2037.38
468.225
-905.089
-1282.47
-819.257
47.9297
711.013
585.086
-303.458
-1328.81
-1610.28
-1183.74
-812.003
-768.886
-718.716
-672.979
-889.776
-1262.52
-1224.44
-768.08
-559.947
-313.935
-173.702
-90.8926
123.285
-1.4338
76.5405
88.2265
220.198
852.455
986.442
866.559
474.471
239.944
726.527
900.206
1018.88
1083.36
879.857
729.953
386.02
396.497
619.338
546.804
324.97
44.5045
-111.243
-265.176
-402.79
-321.39
-217.022
-461.824
-800.72
-895.015
-903.276
-956.87
-1025.78
-1068.09
-1139.82
-1152.51
-1060.23
-1007.24
-1115.24
-1229.68
-1151.91
-925.842
-761.632
-875.269
-1026.18
-924.028
-721.134
-686.277
-653.637
-563.977
-446.915
-270.818
-239.185
-131.189
-188.612
-381.231
-492.248
-524.889
620.547
2344.04
2629.54
553.251
-2164.97
-1716.06
1469.2
4121.33
3885.39
1149.44
-489.629
-666.733
318.926
2055.72
2933.78
3246.89
2000.51
182.924
-532.948
-398.357
990.27
2329.13
2441.76
1366.04
-466.862
-1390.66
-947.401
-174.71
705.573
934.459
140.411
-1113.42
-2080.55
-1589.53
-655.249
-274.041
-558.335
-1269.57
-1368.5
-1289.52
-1211.75
-913.551
-626.84
-450.138
-462.832
-399.566
-232.939
-164.031
-190.627
-60.6701
290.718
728.744
981.001
760.981
332.425
242.362
698.32
1226.01
1266.71
900.005
600.398
608.256
734.385
746.474
687.037
670.716
575.414
292.33
-24.2015
-218.633
-258.527
-134.01
-36.089
-284.922
-828.727
-1186.16
-1080.98
-783.997
-683.457
-876.277
-1187.77
-1411.22
-1408.4
-1258.49
-1037.87
-1015.3
-1191.2
-1150.29
-961.303
-875.269
-947.602
-951.027
-825.704
-662.301
-638.526
-556.522
-563.977
-710.053
-316.756
-140.256
15.4908
-20.5748
-526.702
-528.919
-738.865
313.284
2531.82
2991.61
951.182
-2392.85
-2276.19
1518.16
4121.73
3961.15
1312.24
-649.003
-737.857
-79.0051
1956.99
3347.23
3018.41
1671.08
183.528
-127.966
99.1066
677.768
1980.16
2611.01
1488.54
-395.738
-1493.22
-972.989
36.2437
596.973
971.532
339.678
-1165.41
-2126.89
-1774.29
-602.259
-36.492
-573.446
-1079.78
-1455.74
-1796.05
-1541.17
-1061.44
-272.833
-356.247
-927.857
-699.374
-522.27
159.35
280.039
-164.233
-6.26941
-31.0519
810.949
1281.01
676.761
471.449
213.751
834.724
1416.01
1148.23
1147.43
840.164
704.163
716.252
751.713
1033.59
890.938
551.035
267.547
10.6552
-90.8926
22.3413
27.5799
-180.15
-519.247
-889.575
-1056.4
-1046.93
-878.493
-779.766
-941.356
-1332.23
-1636.48
-1534.12
-1160.57
-981.048
-1144.05
-1257.28
-1258.49
-1214.37
-1162.38
-915.566
-678.218
-641.548
-701.389
-833.764
-841.42
-850.688
-397.551
17.5057
102.733
-82.0273
-503.733
-773.318
-942.162
765.414
2945.87
2802.82
-210.977
-2900.18
-673.785
3171.74
4375.6
2243.1
-106.81
200.655
696.506
915.519
1817.16
2823.17
2687.97
1147.02
169.223
562.318
698.723
665.276
1693.85
2439.74
1548.58
-604.475
-1773.48
-657.868
673.94
1098.87
702.954
-578.887
-1706.59
-2044.28
-1324.38
-99.9594
-141.667
-1067.48
-1533.92
-1626.2
-1528.28
-1386.64
-937.125
-178.135
-324.815
-826.107
-1045.93
-1073.93
-335.091
157.335
462.181
430.346
-98.7505
-102.176
86.0102
808.733
1238.5
1012.23
914.31
571.586
561.512
871.797
1097.46
1272.75
1030.77
715.849
615.711
374.535
441.831
550.632
406.37
392.669
-22.3881
-316.152
-410.043
-494.465
-334.285
-503.129
-705.015
-915.566
-1146.47
-1146.27
-1022.96
-964.124
-1058.42
-1217.39
-1396.51
-1356.41
-1184.14
-927.857
-945.184
-1095.89
-1133.97
-931.282
-718.918
-790.243
-690.71
-813.011
-585.133
-603.871
-506.554
-178.135
-384.052
-58.4537
-341.136
-495.674
-951.632
-358.262
2331.14
2992.82
849.835
-2750.68
-2216.14
2498.38
4572.25
2744.39
-337.307
-515.218
1181.07
1250.79
1313.45
2379.5
2605.77
1755.1
442.838
579.243
1397.07
664.672
1041.45
2236.85
2319.06
567.154
-1628.42
-1053.99
852.253
1647.71
923.176
-301.242
-1564.55
-1849.44
-891.791
60.6232
411.004
-997.57
-1875.64
-1628.21
-1579.05
-969.564
-870.232
-637.72
-562.969
-1450.71
-1476.09
-1092.67
-337.509
555.065
241.556
-132.197
-626.034
-593.595
475.881
867.768
1126.07
754.534
330.209
439.413
344.514
1104.91
1387.8
1257.84
1001.35
523.835
782.137
768.033
819.613
856.283
697.514
610.271
206.095
-121.115
-191.232
-41.1261
-18.5599
-234.954
-557.731
-831.346
-917.178
-847.867
-817.645
-1077.76
-1280.25
-1252.85
-1223.84
-1116.45
-1074.94
-1294.96
-1477.91
-1250.84
-988.503
-1101.74
-1105.77
-1010.46
-995.152
-1081.19
-858.143
-691.516
-751.76
-539.799
-606.893
-431.4
-419.916
-573.044
-850.285
73.5182
2475.61
2550.56
-251.072
-3306.78
-855.725
4084.26
4326.24
1367.04
-1232.3
222.415
1978.95
1515.14
1612.85
2420.81
2695.23
1197.4
326.38
1024.72
1597.54
1212.1
1457.71
2538.87
1858.67
-159.599
-1401.75
-408.028
1585.05
2016.43
535.319
-1139.41
-1773.28
-1390.46
-524.889
324.769
237.728
-1412.83
-2218.56
-1729.36
-1103.15
-816.839
-1114.83
-581.707
-741.887
-1589.33
-1419.88
-1300.4
-457.593
289.912
148.269
-106.81
-894.612
-650.413
52.3624
409.19
1124.86
998.934
455.935
-11.7095
-9.69464
915.519
1633.41
1531.66
887.916
497.239
665.881
912.698
914.512
955.615
998.732
728.744
299.18
-3.04567
34.4303
110.188
61.8321
59.2128
-99.1535
-548.06
-1020.14
-955.258
-410.245
-367.933
-876.881
-1291.74
-1359.23
-1092.27
-945.184
-1077.76
-1113.83
-1236.53
-1281.86
-899.649
-1010.26
-997.369
-793.668
-1042.1
-1039.28
-884.336
-735.842
-844.442
-639.735
-412.864
-363.097
-711.06
-810.794
-282.302
-735.641
667.493
2498.58
1833.08
-1128.13
-3540.09
266.137
4605.49
3916.22
430.749
-1702.56
555.669
2297.09
1482.09
1479.27
2212.07
2400.86
1355.56
156.731
1011.02
1531.46
898.796
1842.34
2610.4
1544.35
-661.696
-1641.11
583.877
2325.5
1497.4
-42.5365
-1477.91
-1397.52
-515.218
-190.224
334.843
-177.531
-1576.63
-1930.04
-1477.1
-794.474
-832.555
-1183.54
-683.255
-914.357
-1316.72
-1351.38
-1564.55
-383.85
404.556
-61.476
-783.796
-1316.92
-500.509
309.053
605.234
641.904
253.443
83.1894
73.9212
291.121
805.711
1177.05
1005.58
656.814
530.887
623.569
723.505
741.034
957.629
1093.83
750.705
131.143
-98.952
232.69
511.947
335.649
-27.4252
-230.319
-347.382
-467.667
-537.784
-499.3
-569.417
-792.862
-970.571
-1040.49
-1048.34
-1060.43
-939.14
-804.548
-898.238
-1251.84
-1284.89
-1089.65
-1064.87
-968.153
-965.534
-760.021
-856.531
-1241.57
-1121.28
-776.542
-249.057
-503.733
-997.771
-1074.34
-982.459
972.136
2204.61
887.311
-1619.15
-2876.61
1022.91
4442.49
3063.54
-338.113
-1824.46
1193.16
2816.32
1716.01
1170.19
1730.12
2397.84
1419.63
789.793
1380.54
1685.19
1295.11
1863.5
2696.44
1683.78
-372.97
-1116.45
962.868
2581.39
1522.79
-300.839
-1283.88
-1014.9
-168.061
181.514
205.289
-522.673
-1811.97
-1533.72
-1049.55
-776.744
-921.611
-1526.67
-905.29
-938.132
-1415.65
-1638.29
-1349.56
-406.215
-193.649
-431.4
-1017.11
-1031.62
-478.145
-8.48574
398.512
327.992
99.5096
-95.5268
11.6627
409.795
813.971
919.549
751.511
710.61
810.546
868.976
732.572
681.999
907.863
1129.5
971.129
479.71
135.374
229.265
556.878
661.851
377.154
-48.1781
-339.725
-423.14
-320.786
-186.799
-279.683
-595.005
-849.681
-927.454
-872.247
-957.273
-1149.49
-1121.89
-913.551
-917.782
-1341.1
-1465.42
-1038.47
-897.835
-1245.19
-1140.22
-890.381
-1105.57
-1201.07
-917.581
-247.043
-582.513
-1190.59
-963.922
-1015.7
144.843
1818.77
1707.15
-802.332
-3338.01
-631.272
4049.8
4122.54
385.012
-2205.47
92.8606
2916.86
2150.62
960.249
1455.09
2510.67
1957.8
772.466
1092.22
1582.43
1414.8
1688.41
2670.44
2167.14
-122.123
-1234.11
281.45
2691.2
2268.68
-59.6626
-1117.65
-1054.39
-118.697
149.276
-80.4155
-140.458
-1268.57
-1586.91
-1195.23
-1017.11
-714.687
-1216.99
-1101.33
-839.405
-1329.21
-1579.25
-1724.32
-904.484
-11.911
-328.241
-1072.72
-1367.49
-767.677
-85.8555
17.1027
-96.3327
10.6552
123.688
50.1461
36.4452
389.848
878.648
807.927
467.218
530.484
840.97
806.718
516.984
649.158
1138.56
1152.06
505.298
65.8618
345.723
721.087
599.19
254.451
62.4366
-28.0297
-125.145
-211.783
-312.122
-329.45
-447.721
-728.589
-878.292
-774.124
-805.959
-1143.04
-1105.77
-874.262
-959.49
-1312.29
-1231.49
-995.354
-1103.55
-1241.37
-1310.27
-812.003
-840.413
-1087.43
-1199.05
-968.153
-439.46
-937.326
-1118.46
-1267.76
-2.23974
1794.79
1311.84
-822.279
-3245.12
-620.795
4035.5
3879.35
284.472
-2422.26
-26.8208
3220.09
2449.01
876.834
998.128
2230.2
2259.82
995.508
1045.07
1793.18
1681.36
1632.6
2371.24
2245.51
543.379
-556.925
465.606
2485.48
2272.31
145.448
-1080.18
-898.238
522.223
761.787
-217.424
-494.062
-1103.15
-1305.84
-1014.09
-784.199
-767.274
-1463.2
-1059.63
-733.828
-1344.53
-1430.56
-1635.87
-953.848
-101.571
-453.161
-1106.37
-1535.73
-745.715
125.703
60.0188
-152.95
-310.309
-201.91
19.9235
207.505
403.347
526.655
476.486
535.924
740.833
731.766
565.34
509.328
775.085
1041.25
944.936
545.393
227.049
319.329
630.42
738.616
499.858
136.986
-97.3401
18.5131
145.246
-85.8555
-463.033
-623.012
-607.497
-580.7
-556.723
-936.923
-1366.29
-1211.14
-718.716
-864.994
-1203.89
-1100.33
-1403.16
-1484.96
-1158.35
-803.34
-1024.17
-1373.94
-1154.93
-1133.77
-640.944
-754.983
-1175.68
-1210.54
-1194.82
760.981
2053.3
578.034
-2348.32
-3269.5
1397.27
5000
2484.27
-1614.31
-2001.36
1939.46
3579.34
1475.24
400.929
1517.15
2701.88
1908.63
906.251
1254.42
1727.9
1410.57
1869.14
2797.38
1748.05
-253.893
-559.141
1687.4
3004.1
1177.25
-727.179
-753.17
22.3413
710.006
450.696
-352.217
-851.293
-1450.71
-847.062
-559.141
-1030.41
-987.496
-1411.82
-1049.96
-878.292
-1292.95
-1548.83
-1519.61
-538.59
-176.12
-807.772
-1554.07
-1315.91
-393.32
62.2351
-94.9223
-499.502
-269.206
72.5108
111.397
85.0028
262.51
682.805
600.197
316.105
652.784
947.757
598.182
375.744
693.081
1141.58
995.71
317.918
184.737
664.067
858.298
511.141
160.559
144.239
75.3315
-169.068
-123.332
25.3636
-283.511
-772.915
-780.169
-461.22
-427.774
-940.953
-1343.52
-998.779
-625.429
-927.655
-1413.43
-1273.2
-863.382
-918.387
-1335.86
-1274.41
-1024.37
-1146.67
-983.668
-998.376
-857.337
-819.861
-1117.86
-789.639
-986.891
-375.186
1286.25
1430.11
-364.508
-2951.16
-1565.55
3240.64
4363.31
884.289
-2448.05
-728.589
3064.34
2872.33
870.387
726.93
2081.91
2259.42
1077.71
958.838
1760.34
1705.54
1327.76
2098.83
2351.29
808.531
-610.721
298.374
2394.41
2499.79
251.63
-1173.67
-527.911
392.87
846.813
72.1078
-541.209
-793.87
-1201.87
-728.992
-792.661
-848.875
-1043.31
-1240.36
-874.06
-1174.67
-1470.86
-1548.43
-915.365
-236.767
-523.881
-1102.54
-1419.07
-916.372
-131.995
85.0028
-293.182
-426.766
-133.607
31.811
59.2128
212.945
483.739
480.113
364.259
492
711.819
656.612
429.137
553.251
991.68
1040.64
462.181
64.8544
426.921
922.773
742.646
159.753
-53.2152
106.36
160.761
-12.7169
-185.187
-328.644
-492.248
-528.717
-415.282
-445.907
-813.011
-1138.21
-1025.37
-611.325
-668.95
-1198.85
-1392.28
-1076.35
-753.372
-963.318
-1161.38
-1038.67
-929.065
-1080.98
-935.916
-681.442
-749.946
-710.254
-913.551
-695.949
-881.314
-331.061
1447.84
1296.32
-675.196
-2811.93
-713.276
3715.34
3723.8
20.5279
-2390.83
223.624
3280.74
2335.98
381.386
749.9
2334.57
2045.84
878.043
1001.15
1840.53
1671.69
1247.77
2067
2235.44
588.914
-673.584
324.567
2484.47
2370.84
-45.7602
-1158.15
-469.481
731.766
759.571
-343.352
-567.402
-767.072
-906.701
-727.985
-929.871
-795.482
-915.566
-1048.95
-871.643
-1190.99
-1368.5
-1283.48
-868.016
-292.376
-619.788
-1277.03
-1325.79
-717.306
-54.6255
-134.01
-550.276
-500.308
-74.7739
147.664
67.6752
88.428
331.418
458.755
428.936
559.296
705.17
586.698
439.413
635.054
989.061
943.525
458.554
204.483
472.456
729.953
581.66
209.318
75.7345
200.453
65.6603
-163.225
-172.695
-284.317
-356.851
-336.904
-434.624
-569.417
-754.379
-910.932
-828.525
-803.743
-952.035
-1036.05
-1103.15
-885.343
-904.283
-1151.91
-1106.57
-972.787
-943.774
-1033.23
-727.38
-687.285
-715.896
-908.111
-1024.57
-655.047
-746.32
388.639
1494.99
742.848
-1560.31
-2762.97
781.13
4288.96
2831.63
-1209.93
-2099.69
1410.57
3538.44
1745.43
30.1992
1071.06
2400.25
1811.92
614.704
1046.28
1812.73
1513.72
1547.37
2174.79
1766.18
-97.3401
-574.454
1133.52
2854
1684.38
-891.992
-1195.63
-183.777
1016.26
531.29
-551.283
-622.81
-1003.01
-879.702
-777.348
-765.259
-699.575
-977.019
-1026.18
-1058.02
-1235.72
-1424.92
-1179.71
-520.859
-174.911
-828.122
-1614.31
-1187.17
-133.607
166.805
-423.14
-649.607
-148.316
159.35
-48.7825
-98.549
354.588
666.082
383.803
112.405
444.651
813.971
540.961
261.704
664.672
1144.2
867.566
157.537
80.1672
640.292
905.647
513.559
117.442
112.606
262.309
110.39
-244.423
-158.188
-156.778
-238.177
-446.109
-662.905
-514.21
-833.562
-834.973
-621.198
-721.336
-742.088
-1111.61
-1088.24
-743.7
-855.121
-1126.72
-1110.6
-913.753
-915.768
-878.493
-839.002
-738.663
-573.044
-743.902
-753.17
-819.861
-815.227
626.39
1594.12
413.421
-1915.53
-2381.76
1524.2
4213.41
1900.98
-1620.36
-1768.25
1901.78
3283.36
1244.34
156.53
1136.95
2233.43
1617.49
826.665
1166.77
1585.65
1280
1459.73
2238.66
1439.38
-158.39
-259.333
1412.98
2790.73
1279.2
-1032.02
-976.817
329.201
1118.82
414.832
-667.338
-722.343
-742.29
-676.203
-644.167
-785.206
-722.343
-941.96
-1030.01
-1020.14
-1204.49
-1251.24
-1038.07
-566.395
-407.021
-898.641
-1370.92
-1038.07
-235.155
58.0039
-327.032
-650.816
-354.232
67.2722
115.225
75.936
217.176
375.341
356.804
349.954
473.867
571.385
424.705
431.555
814.777
849.231
546.804
134.568
261.1
810.143
589.921
261.1
112.203
178.491
293.136
-155.77
-156.979
-20.1718
-266.385
-386.066
-567.402
-429.788
-492.047
-893.201
-719.724
-568.208
-614.751
-882.724
-1183.74
-889.978
-770.901
-904.283
-1015.3
-1022.55
-805.556
-953.042
-969.564
-697.158
-508.77
-527.71
-963.721
-771.707
-516.024
-732.014
128.523
1271.34
933.048
-1262.72
-2525.62
375.542
3637.77
2666.41
-875.874
-2115.4
904.035
3136.07
1836.5
365.065
797.45
1987.41
1648.32
873.006
1278.79
1668.06
1408.15
1319.29
2067
1772.63
49.5416
-398.357
1089.6
2605.97
1668.46
-621.601
-1020.54
117.24
1013.64
596.772
-477.54
-612.937
-617.773
-695.546
-540.806
-629.66
-684.263
-1065.27
-1155.53
-805.556
-965.131
-1156.34
-1100.73
-706.829
-462.026
-896.022
-1258.29
-977.825
-325.42
-51.8048
-375.186
-713.276
-528.113
-84.0422
91.4503
6.82704
29.5947
271.174
331.821
186.752
257.271
503.888
518.999
388.236
514.768
758.563
645.531
235.108
150.687
529.476
713.632
373.931
4.00626
100.316
331.015
112.002
-233.342
-247.446
-140.659
-169.673
-382.037
-559.343
-530.933
-657.264
-833.965
-632.481
-569.215
-829.734
-1061.84
-992.936
-733.626
-785.005
-1013.89
-1079.57
-940.147
-955.258
-905.089
-748.133
-785.407
-650.816
-771.707
-748.939
-644.772
-895.821
109.785
1379.74
752.72
-1424.72
-2317.29
708.394
3752.81
2322.08
-1234.92
-1913.72
1228.42
3214.05
1780.09
248.003
832.306
2025.7
1595.93
882.677
1319.9
1764.17
1500.43
1232.25
1854.23
1695.87
210.326
-146.704
1155.69
2458.48
1471.82
-673.785
-864.389
259.891
1109.15
588.108
-593.998
-774.326
-775.736
-608.505
-310.913
-528.919
-818.652
-1241.97
-1173.26
-696.553
-806.16
-1110
-1157.75
-771.707
-448.124
-901.462
-1358.02
-980.847
-189.015
59.4143
-518.844
-964.728
-559.544
83.3909
220.198
30.6021
23.5502
127.516
75.7345
148.873
545.393
733.579
430.548
196.222
441.831
729.953
571.385
298.576
432.965
730.96
610.07
164.387
4.40923
264.928
439.01
211.132
-95.5268
-180.754
-191.836
-248.856
-270.616
-300.033
-507.964
-751.961
-697.158
-415.685
-445.101
-824.495
-1033.64
-901.865
-648.801
-710.858
-929.065
-890.381
-809.787
-838.196
-1048.75
-1012.28
-597.222
-570.223
-687.688
-666.733
-614.751
-853.912
-1085.82
184.737
1596.74
773.272
-1833.33
-2579.02
863.133
3811.04
2179.23
-1479.32
-1974.77
1299.95
3013.97
1594.72
239.541
672.328
1726.29
1511.71
1089
1417.42
1369.46
1111.36
1277.79
1876.8
1614.27
57.8025
-220.044
1278.79
2287.02
1238.5
-681.845
-745.111
379.774
883.685
552.042
-408.633
-820.063
-707.635
-517.232
-201.507
-442.482
-837.592
-1124.71
-1052.17
-540
-676.203
-1133.77
-1145.06
-685.069
-361.485
-798.504
-1300
-974.802
-137.435
71.7048
-549.268
-948.005
-496.48
92.4577
130.941
-18.3584
52.1609
178.693
86.2117
75.533
457.949
775.085
537.536
183.125
344.111
708.192
677.97
417.048
431.354
579.646
504.895
273.793
238.936
436.391
422.891
108.173
-118.294
-10.2991
78.3538
-58.0508
-233.946
-256.714
-357.859
-635.705
-539.597
-369.343
-434.624
-817.04
-1061.84
-705.418
-558.94
-594.602
-855.927
-1036.66
-792.459
-835.577
-822.279
-934.909
-885.746
-563.775
-769.692
-657.264
-612.333
-687.285
-762.035
-941.356
347.335
1403.71
434.779
-1634.06
-2086.19
1120.43
3482.02
1733.14
-1313.5
-1615.52
1363.22
2826.59
1427.09
276.211
670.112
1653.35
1394.45
957.025
1358.58
1334.2
1093.43
1159.92
1780.89
1580.42
111.8
-71.5502
1172.21
2185.47
1201.83
-669.957
-706.023
274.599
981.404
460.569
-499.502
-647.593
-745.111
-615.557
-352.62
-335.293
-507.561
-1062.65
-1216.38
-685.27
-534.359
-853.106
-1207.31
-917.782
-205.537
-646.988
-1330.22
-1047.34
-231.327
150.888
-569.82
-862.979
-340.531
-10.5006
8.03594
-147.711
224.43
439.01
-85.0496
-122.324
378.565
864.141
667.694
61.2277
301.598
623.166
598.585
515.171
409.996
661.65
495.828
153.306
274.398
447.875
508.32
122.882
-109.026
150.485
158.544
-162.419
-380.626
-200.097
-30.4475
-260.945
-582.715
-686.076
-650.212
-613.34
-607.497
-679.427
-735.439
-903.88
-992.533
-802.131
-761.431
-795.683
-905.089
-882.724
-735.439
-923.222
-822.481
-612.937
-487.211
-368.134
-708.844
-832.756
-824.495
-318.771
920.758
1097.66
-265.781
-2008.21
-1174.88
2118.18
3054.67
602.212
-1896.79
-754.379
2290.65
2402.47
707.588
-8.48574
941.309
1743.01
919.952
805.912
1222.18
1192.96
1099.47
1090.21
1566.92
859.507
-181.762
463.188
1618.7
1854.84
280.442
-965.333
-251.878
749.094
1067.24
140.411
-719.724
-565.992
-473.712
-290.362
-269.407
-472.503
-579.894
-856.33
-833.361
-688.091
-810.593
-771.505
-733.828
-518.24
-345.77
-914.76
-1203.49
-787.019
-114.668
52.3624
-535.165
-697.359
-470.287
-165.24
83.5924
136.583
276.815
124.091
-121.317
107.367
571.989
796.644
485.956
164.992
460.972
762.996
668.5
463.994
436.995
704.566
631.427
332.022
307.038
322.552
376.953
334.037
268.756
137.59
-229.916
-270.818
-74.9754
48.7357
-94.9223
-549.47
-729.798
-662.099
-463.436
-388.081
-624.019
-780.37
-888.567
-900.656
-796.288
-697.561
-712.873
-912.141
-993.943
-874.463
-707.03
-780.37
-880.709
-711.664
-542.015
-405.409
-581.506
-797.295
-753.775
-641.347
213.751
1048.1
497.843
-1172.06
-1952.4
364.259
2869.31
1931.8
-888.567
-1751.52
755.944
2502.61
1440.79
134.971
275.607
1453.88
1412.18
768.839
912.094
1103.1
1184.1
1028.35
1248.17
1249.58
257.674
-10.5006
929.623
1816.56
1158.51
-442.28
-640.339
357.409
1016.06
639.083
-215.007
-523.68
-419.311
-290.966
-191.635
-213.395
-329.651
-597.625
-934.909
-773.721
-571.029
-673.382
-597.826
-570.223
-626.034
-872.046
-1037.46
-602.46
-151.741
-136.428
-598.833
-910.73
-473.51
32.8185
114.621
-162.016
-248.453
47.9297
124.091
90.4428
246.794
482.732
445.659
192.797
288.3
681.596
741.84
470.844
445.054
678.977
773.07
438.002
317.314
577.631
667.291
515.574
178.29
144.038
161.164
94.4725
162.574
118.449
-66.5131
-353.426
-388.686
-215.007
-178.941
-435.43
-632.481
-586.341
-562.768
-612.333
-771.707
-676.808
-646.384
-834.57
-849.882
-805.556
-660.085
-789.034
-941.155
-795.079
-761.834
-627.646
-581.707
-599.236
-493.659
-543.224
-595.408
-837.189
-442.079
832.105
962.868
-444.497
-1882.49
-913.35
1946.31
2478.83
230.071
-1633.05
-509.173
1920.12
1900.78
461.778
62.0336
951.786
1501.03
805.711
612.89
1065.22
1219.76
1101.89
975.964
1141.18
781.13
160.358
566.549
1419.83
1503.65
317.515
-660.689
-11.911
910.079
948.764
222.415
-486.808
-478.951
-303.257
-163.628
-21.1792
-236.162
-600.042
-817.645
-829.734
-652.63
-574.252
-676.002
-679.427
-622.004
-705.62
-934.103
-976.011
-568.208
-174.71
-299.63
-694.337
-706.224
-301.443
-37.7009
-101.974
-74.5724
101.121
94.4725
6.82704
122.479
553.05
661.851
401.937
339.275
502.477
757.354
667.09
597.376
718.065
703.357
613.898
468.225
567.758
667.291
531.692
363.252
256.063
244.578
248.406
193.401
85.0028
-36.089
-163.83
-208.559
-302.451
-288.548
-278.273
-491.04
-544.231
-589.162
-638.526
-711.261
-748.737
-629.862
-774.326
-863.785
-727.783
-734.231
-824.697
-929.267
-849.681
-735.037
-851.696
-696.553
-567.2
-641.548
-631.675
-755.185
-631.675
-660.286
-353.628
558.087
471.65
-585.536
-1628.42
-598.43
1860.08
1948.33
-98.1461
-1464.81
-181.359
1897.55
1617.69
438.204
208.714
898.796
1314.86
797.248
787.174
1135.54
1165.36
1034.39
965.487
1132.32
781.935
325.172
748.086
1419.03
1263.28
224.027
-412.864
164.589
849.835
726.527
120.061
-418.908
-421.326
-236.767
-234.954
-208.559
-380.828
-621.198
-772.311
-855.725
-643.764
-622.004
-781.176
-760.423
-714.888
-716.097
-918.387
-925.439
-533.15
-293.787
-475.525
-755.991
-619.183
-198.888
-54.6255
-202.918
-150.935
123.083
199.446
79.3612
176.678
524.238
633.845
435.786
397.101
651.374
820.822
718.065
622.159
719.677
800.069
673.537
543.58
644.322
767.026
591.533
296.359
290.315
473.665
419.869
142.627
2.79736
18.1101
-58.4537
-195.06
-206.746
-215.813
-413.065
-626.84
-606.288
-518.844
-612.131
-802.937
-838.196
-732.82
-776.542
-947.803
-960.295
-788.631
-743.499
-911.133
-1035.85
-910.73
-775.736
-814.824
-764.856
-716.903
-639.735
-580.498
-590.573
-546.851
-705.217
-390.096
493.814
671.119
-330.054
-1348.96
-366.321
1693.45
1857.46
139.403
-986.085
90.0399
1719.24
1640.86
692.074
379.774
853.462
1189.94
981.203
1037.82
1133.12
926.802
865.35
1050.51
1204.85
700.737
215.766
672.731
1164.35
950.174
120.867
-389.693
28.7888
468.427
449.084
-84.6466
-651.622
-640.742
-433.012
-262.758
-311.316
-589.364
-816.436
-888.567
-732.417
-584.73
-681.643
-834.973
-736.245
-494.263
-526.501
-828.525
-845.248
-316.353
94.271
-133.003
-548.261
-447.519
109.987
378.162
295.352
231.683
267.346
316.709
344.514
635.86
915.922
807.927
518.798
439.01
745.87
971.532
884.088
723.102
646.135
607.45
527.864
567.557
683.007
580.653
277.218
114.621
174.865
183.931
75.3315
-28.8356
-79.811
-206.544
-420.52
-492.248
-393.118
-320.786
-536.776
-789.639
-784.803
-719.724
-733.425
-812.809
-735.641
-751.558
-930.677
-978.026
-931.08
-691.919
-646.384
-826.712
-890.784
-894.209
-678.218
-604.878
-669.554
-476.936
-444.295
-469.481
-435.833
-412.058
-271.422
-369.746
-60.0656
669.306
579.444
-302.854
-972.989
91.6517
1872.77
1740.39
80.3686
-861.77
342.096
1867.13
1594.32
648.15
357.006
814.374
1129.09
934.459
1024.12
1053.13
782.137
713.431
794.226
944.734
640.091
197.632
503.686
836.739
590.123
-107.011
-494.263
11.8641
371.916
128.725
-338.315
-725.97
-628.653
-443.086
-383.649
-416.088
-625.228
-792.056
-888.567
-743.096
-552.492
-609.714
-685.27
-618.78
-493.054
-545.642
-583.924
-364.105
-68.3264
-13.1199
-209.567
-223.872
98.7037
403.347
389.445
277.218
367.886
562.721
640.897
644.322
739.019
837.142
791.204
701.946
763.802
899.602
893.557
772.466
688.044
635.658
559.497
528.67
527.058
427.122
199.446
39.6689
52.1609
50.3476
-98.7505
-313.532
-386.469
-385.261
-485.6
-641.548
-642.958
-610.922
-736.044
-841.42
-872.046
-744.708
-783.594
-889.776
-826.309
-831.547
-779.161
-858.143
-771.102
-595.207
-664.316
-708.038
-715.493
-500.509
-371.56
-448.325
-441.475
-363.5
-271.019
-279.884
-330.658
-190.023
13.6775
-36.2905
-84.2437
-47.9766
29.1917
-45.7602
-92.1015
452.912
801.278
362.648
-437.848
-432.408
845.201
1557.25
772.869
-361.485
-361.082
785.361
1274.97
784.353
325.172
252.234
493.209
533.506
605.436
806.315
558.893
304.419
312.075
529.678
606.242
211.132
162.373
407.981
395.892
107.166
-290.16
-195.866
114.218
93.2636
-108.825
-445.303
-600.042
-442.885
-335.091
-202.515
-301.846
-620.191
-663.711
-570.021
-300.033
-226.088
-409.64
-357.053
-290.563
-208.761
-204.53
-151.136
193.2
313.083
116.636
-29.0371
163.38
606.846
718.468
510.94
417.25
481.12
662.053
739.221
770.451
830.493
666.082
524.641
532.297
663.261
766.824
584.078
423.496
371.11
284.673
196.02
150.888
209.721
135.575
-188.612
-413.468
-392.312
-309.503
-350.001
-514.412
-618.78
-713.881
-811.197
-766.669
-643.966
-571.23
-697.963
-868.822
-833.159
-684.061
-570.223
-558.335
-568.812
-547.254
-581.304
-569.618
-406.416
-260.139
-225.685
-298.824
-342.747
-257.52
-154.36
-36.2905
-20.9777
-90.6911
-116.884
-145.495
-116.28
-60.6701
23.7517
37.2511
-107.414
-157.584
-116.078
-119.1
-156.173
-15.7392
324.769
262.107
-287.742
-572.036
2.59588
833.918
719.878
-150.733
-561.962
4.61072
704.364
687.44
286.285
83.3909
161.365
288.703
445.659
622.36
578.235
338.268
252.839
441.428
555.871
420.675
318.523
432.361
500.664
307.239
65.6603
63.444
252.234
335.85
202.468
-6.67238
-134.615
-132.6
-10.7021
121.673
89.8384
-134.413
-312.525
-213.193
-14.3288
40.2734
-72.9606
-173.904
-127.966
-81.6244
-47.7751
26.7739
127.717
187.558
89.0325
21.5354
132.956
312.075
399.318
309.053
228.056
225.437
238.332
297.77
362.648
378.363
262.51
114.218
132.754
231.683
265.734
191.386
103.539
51.5565
-36.6935
-76.9902
-18.7614
10.8567
-100.564
-297.615
-379.216
-320.584
-272.631
-315.547
-401.984
-446.31
-465.653
-479.555
-430.594
-336.3
-311.316
-378.209
-412.662
-345.165
-246.237
-209.768
-213.798
-201.507
-190.224
-196.47
-195.261
-115.272
-40.7232
-82.0273
-148.114
-146.502
-83.4377
-78.6021
-119.906
-116.481
-131.592
-195.664
-277.064
-275.452
-223.872
-284.317
-405.61
-459.004
-404.2
-359.068
-406.618
-454.168
-498.897
-510.584
-398.961
-186.396
-98.7505
-333.278
-563.977
-338.516
188.364
377.96
27.3784
-283.914
-84.8481
363.252
565.945
469.232
334.238
312.881
411.407
603.018
772.063
749.497
586.899
545.393
699.932
806.919
695.7
543.379
561.714
653.792
594.958
397.504
268.958
294.345
345.924
296.359
161.97
20.9309
-67.5205
-59.4612
19.1176
30.1992
-113.257
-287.541
-310.107
-201.507
-145.898
-220.044
-312.323
-312.726
-264.975
-250.266
-230.521
-146.502
-78.1992
-118.899
-181.359
-109.832
59.0114
136.583
75.1301
14.4834
48.7357
120.262
156.53
178.088
197.632
164.992
109.181
127.717
210.326
254.048
211.333
147.261
139.403
154.918
143.03
134.366
129.934
82.585
9.64781
-15.7392
16.0953
21.5354
-44.3499
-104.997
-97.1386
-73.7665
-90.4897
-104.795
-79.2066
-74.5724
-132.398
-172.292
-128.167
-68.5279
-84.2437
-147.51
-179.546
-180.754
-190.627
-193.851
-166.449
-161.613
-237.774
-332.472
-329.248
-251.878
-247.446
-354.836
-443.086
-433.214
-412.259
-454.168
-496.681
-484.995
-481.973
-544.03
-599.438
-561.156
-474.518
-444.094
-469.481
-478.749
-463.839
-439.863
-344.158
-157.382
-42.5365
-137.435
-267.997
-126.757
245.988
466.009
347.335
169.022
254.854
537.334
732.975
748.892
698.118
666.888
671.724
747.28
879.051
938.488
846.007
720.483
706.782
759.974
745.064
662.456
612.286
586.698
477.896
299.785
206.095
237.728
235.914
91.2488
-96.1312
-193.851
-214.201
-229.514
-254.699
-286.735
-350.404
-437.848
-481.167
-443.086
-382.843
-376.194
-405.61
-404.804
-372.97
-355.239
-333.479
-245.834
-118.899
-68.3264
-124.339
-155.77
-47.9766
128.725
217.982
182.118
119.054
121.471
206.498
325.373
395.489
367.483
282.054
244.981
315.702
420.07
442.032
366.274
282.86
263.316
273.793
260.294
239.339
214.96
156.53
78.7568
35.8407
40.8778
48.3327
16.9012
-37.2979
-80.8184
-117.891
-148.316
-152.144
-140.659
-163.024
-234.954
-303.458
-319.577
-297.615
-283.31
-303.861
-356.247
-410.043
-420.52
-381.231
-345.367
-361.284
-408.633
-439.863
-442.683
-432.005
-409.237
-390.298
-410.245
-461.22
-477.943
-433.818
-386.268
-380.022
-379.418
-355.441
-341.136
-347.583
-324.614
-250.266
-179.747
-161.412
-174.911
-179.546
-151.741
-69.1324
64.2499
164.589
133.157
37.0496
79.1597
304.822
491.799
456.338
315.299
297.367
426.921
551.236
576.623
530.887
466.009
423.093
444.853
520.208
553.453
480.717
375.945
349.148
377.96
354.79
269.965
215.564
202.669
144.843
30.4006
-50.5959
-59.6626
-60.8715
-107.414
-180.15
-236.968
-266.587
-272.43
-250.669
-215.813
-223.066
-289.757
-330.255
-268.803
-169.874
-151.338
-198.284
-195.866
-118.093
-54.6255
-40.3202
-5.06051
80.9731
141.821
136.583
137.993
200.856
272.987
295.553
294.949
310.665
318.12
298.777
304.419
362.245
398.713
349.753
279.435
285.479
336.052
331.619
276.614
236.922
209.721
158.141
104.547
95.4799
97.4948
39.4674
-49.9914
-92.5045
-90.6911
-94.7208
-119.503
-150.532
-178.337
-209.164
-236.968
-242.408
-239.386
-264.169
-306.883
-324.815
-322.196
-336.098
-357.657
-351.814
-328.039
-323.808
-344.762
-356.045
-329.852
-290.362
-277.87
-291.168
-298.622
-290.563
-275.653
-258.93
-247.849
-246.64
-240.192
-218.633
-198.686
-192.239
-186.597
-161.009
-118.899
-94.9223
-114.869
-141.062
-112.25
-41.3276
-4.25457
-34.6786
-76.1843
-59.0582
14.6849
80.9731
90.4428
59.2128
48.5342
93.2636
166.402
206.498
180.909
142.224
157.335
211.132
244.175
227.25
190.782
190.379
222.213
238.936
225.437
203.274
198.841
214.355
221.81
202.065
168.014
146.455
146.858
149.679
132.351
94.0695
57.601
46.9223
59.6158
64.0485
43.2956
16.6997
11.8641
25.968
38.2585
38.46
33.6244
33.4229
41.6837
53.9743
64.8544
75.3315
87.2191
99.1066
111.397
126.508
143.03
157.94
170.633
184.133
194.811
200.252
201.863
205.289
209.117
209.721
206.901
203.878
197.834
188.364
181.312
182.924
184.939
174.462
157.335
144.843
140.008
136.18
122.479
102.129
83.3909
64.8544
51.9594
37.8556
11.0582
-9.69464
-19.1644
-34.0742
-53.0137
-68.3264
-79.2066
-91.0941
-106.81
-120.309
-130.182
-146.502
-167.859
-182.971
-189.217
-198.284
-220.245
-244.02
-253.692
-254.9
-260.945
-272.027
-281.496
-289.153
-296.809
-297.414
-290.563
-289.354
-300.234
-310.913
-306.48
-295.197
-296.809
-308.495
-307.891
-294.391
-290.362
-301.846
-307.286
-293.585
-273.236
-264.975
-270.616
-278.474
-275.049
-253.692
-222.462
-201.709
-206.141
-219.842
-206.343
-153.756
-99.355
-84.2437
-98.1461
-92.5045
-44.3499
17.9087
56.3921
65.0559
65.2574
81.1746
121.27
170.835
199.446
198.64
194.61
216.37
256.869
287.293
293.74
289.307
292.128
303.613
313.083
314.896
311.874
304.62
291.927
277.017
265.129
256.063
245.585
231.683
213.751
194.006
173.857
159.149
152.701
146.657
131.949
109.382
90.0399
81.5775
78.9583
76.339
71.9063
65.8618
55.3846
44.5045
47.1238
65.6603
81.779
77.3464
59.8173
54.7802
73.9212
100.92
112.002
103.539
89.0325
86.8161
106.763
136.18
146.657
133.157
119.658
124.897
143.836
155.724
149.075
135.374
126.105
120.665
111.599
99.1066
93.4651
83.7939
54.9817
25.968
13.6775
9.04336
4.20775
-12.1124
-42.738
-74.1695
-93.3104
-98.1461
-101.974
-122.526
-156.979
-185.59
-198.284
-204.328
-217.827
-238.379
-257.52
-272.631
-285.123
-295.197
-300.234
-302.048
-307.891
-320.181
-332.069
-336.703
-333.479
-328.644
-326.427
-332.472
-343.553
-347.382
-334.084
-314.741
-311.114
-324.412
-329.047
-312.525
-288.548
-274.243
-272.027
-267.191
-251.475
-232.536
-211.783
-191.635
-175.314
-152.95
-126.958
-101.37
-75.9828
-53.0137
-20.7763
20.3265
51.9594
72.3093
92.0547
124.494
169.425
204.281
224.027
238.533
251.025
278.024
316.306
342.298
349.954
347.939
354.185
371.714
387.43
388.437
374.535
360.028
352.17
348.745
337.261
313.083
287.494
264.726
247.802
229.064
202.266
175.872
151.089
134.568
117.643
96.0844
74.1226
55.7876
45.9149
38.46
28.3858
17.1027
10.8567
10.2523
15.0879
20.3265
23.1472
32.214
42.4897
55.9891
70.8989
86.2117
104.95
123.083
140.008
153.306
167.41
183.73
201.662
216.975
225.639
229.467
231.28
238.735
245.787
246.996
236.116
220.198
208.311
197.229
185.543
162.171
134.165
107.972
76.5405
49.1386
21.7368
-9.09019
-41.1261
-76.9902
-110.235
-140.256
-171.285
-200.701
-227.499
-255.102
-282.907
-306.682
-329.45
-348.389
-359.874
-370.552
-382.843
-393.924
-400.976
-400.775
-392.917
-383.85
-379.82
-376.395
-368.94
-352.822
-331.263
-314.54
-302.249
-292.376
-276.056
-253.49
-233.342
-216.82
-203.321
-188.814
-171.688
-154.562
-141.062
-127.361
-111.645
-96.5342
-85.6541
-79.811
-70.7442
-59.6626
-46.5662
-33.8727
-31.4549
-30.649
-26.2163
-15.5377
-2.03825
1.78994
2.39439
2.59588
8.64039
20.3265
29.7962
34.8333
36.2437
44.5045
44.9075
54.3772
68.8841
77.1449
83.7939
86.8161
91.2488
98.0992
109.987
120.262
129.128
131.143
133.359
137.59
146.455
157.134
165.596
170.029
170.432
171.842
180.506
190.379
201.46
205.692
205.49
206.095
212.945
225.437
233.496
236.519
234.907
233.698
234.705
245.787
252.637
254.451
250.623
243.168
241.153
244.779
246.593
246.391
238.131
225.437
215.564
208.915
205.289
199.043
182.924
163.581
145.246
128.322
115.83
103.741
85.0028
58.6084
31.6096
11.6627
-6.26941
-22.3881
-42.1335
-65.1027
-91.2956
-104.392
-122.929
-135.018
-144.89
-162.419
-180.351
-195.06
-202.716
-204.328
-206.947
-213.798
-222.059
-229.514
-228.708
-223.066
-213.999
-212.186
-210.574
-211.783
-203.925
-193.045
-177.732
-168.464
-163.427
-159.599
-153.151
-141.868
-127.966
-117.489
-113.66
-114.063
-110.034
-106.004
-97.7431
-92.303
-92.706
-97.1386
-103.989
-103.385
-103.788
-104.191
-108.22
-117.891
-126.152
-133.607
-136.227
-138.04
-143.077
-153.151
-160.203
-165.442
-167.054
-168.262
-168.464
-171.083
-170.68
-172.695
-166.651
-161.009
-151.338
-142.674
-133.003
-125.145
-111.243
-96.5342
-80.0125
-61.2745
-42.335
-24.6044
-5.46348
16.2968
39.0645
62.6381
87.8235
109.584
131.143
152.5
173.857
196.423
216.773
235.914
253.04
264.928
281.45
294.949
306.434
318.321
323.157
330.007
330.612
334.641
338.671
338.066
335.246
330.209
321.948
312.075
306.031
295.352
285.278
270.368
254.249
235.511
221.206
206.095
189.976
173.051
152.903
133.157
116.031
100.517
87.0176
70.8989
52.7654
37.4526
20.7294
10.0508
0.581038
-8.68722
-21.1792
-29.0371
-37.2979
-42.5365
-41.3276
-42.335
-41.1261
-42.9395
-42.9395
-35.2831
-34.4772
-25.8133
-19.3659
-17.5525
-15.1347
-10.5006
-4.45606
2.59588
6.42407
8.64039
9.04336
6.82704
6.62555
9.04336
6.82704
1.58846
-5.46348
-15.7392
-26.0148
-34.0742
-43.3424
-57.0433
-72.7591
-91.4971
-109.631
-126.757
-141.264
-158.39
-179.143
-196.873
-218.633
-235.357
-248.252
-259.736
-272.833
-287.138
-297.011
-307.085
-311.92
-314.137
-314.741
-317.562
-317.763
-316.958
-310.107
-302.249
-291.571
-281.698
-272.027
-259.535
-245.632
-229.312
-208.962
-190.829
-174.911
-158.591
-142.473
-123.13
-102.579
-83.4377
-66.9161
-51.8048
-40.1187
-30.649
-13.9258
1.99143
16.4983
27.9828
33.6244
44.5045
54.9817
66.0633
75.1301
79.7642
83.3909
86.4132
92.2562
97.6963
104.345
106.965
105.554
107.166
108.173
111.397
117.643
119.457
119.658
121.471
121.27
125.3
132.15
134.971
138.597
139.202
140.008
142.224
146.858
153.104
155.321
157.537
156.731
157.134
161.567
164.992
168.619
170.835
169.022
169.223
171.036
173.656
176.678
176.073
174.462
171.842
169.827
170.432
170.432
169.223
164.79
158.141
153.104
152.701
151.492
147.06
142.224
134.568
128.725
126.508
119.457
113.815
106.763
95.2785
84.5998
71.9063
60.4217
50.7505
38.863
24.5576
8.84188
-6.4709
-21.5822
-35.4846
-48.581
-63.8938
-79.811
-97.3401
-112.653
-123.735
-135.219
-148.114
-161.815
-175.717
-186.597
-194.455
-200.701
-205.134
-210.776
-215.813
-219.036
-218.23
-215.007
-210.977
-205.738
-200.903
-195.261
-188.008
-177.934
-165.643
-154.562
-143.883
-134.413
-124.339
-113.056
-100.765
-88.0719
-76.3858
-68.5279
-61.476
-53.2152
-43.5439
-34.8801
-30.8504
-25.4104
-25.2089
-25.8133
-23.3955
-23.1941
-25.2089
-27.8282
-35.2831
-42.1335
-39.3128
-48.1781
-52.8122
-60.0656
-65.7072
-72.5576
-78.1992
-85.2511
-87.2659
-89.0793
-91.9001
-95.5268
-95.3253
-93.9149
-90.2882
-85.4526
-80.0125
-73.968
-66.5131
-56.8419
-44.3499
-30.4475
-15.9406
-1.83677
13.6775
30.6021
49.1386
68.6826
88.6295
107.367
125.098
142.627
160.559
178.491
195.416
211.333
225.236
237.526
248.406
258.883
267.95
276.009
281.248
283.666
284.875
285.076
284.472
282.054
276.614
269.763
259.891
249.817
239.339
227.653
215.161
201.259
183.931
167.611
152.298
137.792
120.262
104.144
88.2265
70.6974
63.041
43.2956
31.4081
16.0953
3.40181
-8.28425
-20.1718
-31.0519
-41.5291
-46.1632
-54.827
-60.2671
-68.7294
-71.3487
-75.5799
-76.9902
-80.214
-81.4229
-81.2214
-80.214
-78.4006
-76.9902
-73.968
-72.5576
-70.3413
-68.3264
-65.7072
-62.8864
-61.2745
-59.6626
-60.4686
-60.0656
-62.2819
-60.8715
-63.6923
-63.8938
-68.125
-72.5576
-76.3858
-81.0199
-85.2511
-90.4897
-98.3475
-105.198
-115.071
-122.526
-130.786
-139.853
-148.92
-158.591
-168.464
-176.12
-181.963
-189.217
-196.269
-201.507
-207.35
-210.373
-212.186
-213.999
-211.783
-212.992
-209.768
-206.947
-197.679
-196.47
-190.224
-180.956
-173.501
-163.427
-152.748
-138.644
-126.152
-111.243
-97.1386
-81.2214
-66.5131
-50.3944
-34.4772
-17.1495
-1.63528
14.6849
30.4006
45.3105
59.2128
71.7048
83.3909
95.077
105.151
115.427
122.479
130.74
137.59
141.821
146.254
147.866
150.284
151.291
150.284
149.679
145.851
143.03
138.195
132.754
127.516
121.068
114.621
107.166
99.9126
91.8532
85.4057
78.1523
71.9063
64.4514
58.0039
52.7654
47.9297
43.4971
38.6615
33.6244
30.1992
28.3858
25.1621
23.3487
20.5279
21.7368
19.9235
21.3339
17.5057
20.125
22.5428
25.7665
27.9828
31.4081
34.0274
39.0645
41.2808
43.2956
46.3179
49.1386
50.3476
52.1609
52.1609
52.7654
52.7654
51.1535
51.1535
48.5342
46.5194
43.6986
38.6615
36.2437
29.3932
23.9532
17.3042
8.64039
0.379554
-8.68722
-18.3584
-28.6341
-37.9024
-49.5884
-58.6552
-68.9309
-78.6021
-87.2659
-96.7357
-103.788
-111.847
-119.1
-124.742
-129.779
-135.421
-136.025
-142.271
-141.465
-142.473
-142.875
-140.458
-137.838
-136.025
-129.175
-123.332
-118.697
-109.026
-103.183
-94.5193
-83.8407
-72.7591
-63.8938
-54.4241
-45.9617
-39.1113
-29.2386
-17.9555
-9.49315
0.581038
10.0508
16.2968
24.3561
32.8185
38.863
45.3105
51.355
55.1832
58.8099
62.8396
66.2648
66.6677
69.69
68.2796
68.8841
66.8692
67.2722
63.2425
63.041
58.6084
57.601
52.1609
52.3624
47.7283
46.3179
43.4971
40.8778
39.4674
37.8556
36.6466
35.4377
34.2288
33.6244
32.617
33.4229
33.0199
33.8259
35.0348
36.2437
37.8556
40.8778
41.8852
45.109
47.5268
50.3476
53.5713
57.198
59.2128
62.8396
64.4514
67.2722
68.8841
69.8915
71.5034
71.3019
72.1078
71.7048
70.4959
69.8915
67.2722
66.8692
64.4514
62.6381
60.8247
56.3921
55.1832
48.7357
46.9223
41.8852
36.8481
33.6244
25.968
22.7443
16.0953
11.2597
5.21517
1.18549
-5.66496
-8.68722
-15.9406
-18.157
-24.8059
-27.2237
-32.6638
-36.089
-38.7083
-42.5365
-45.1558
-47.1706
-48.984
-51.4018
-53.6181
-53.2152
-54.2226
-56.0359
-57.0433
-55.8344
-55.23
-55.633
-55.4315
-54.0211
-52.0062
-50.7973
-48.7825
-47.3721
-45.7602
-42.738
-41.3276
-38.5068
-37.7009
-34.8801
-32.0593
-31.4549
-29.4401
-27.4252
-25.0074
-24.6044
-24.403
-22.1866
-23.7985
-20.3733
-20.9777
-20.5748
-10.7021
-16.9481
-14.9332
-14.7317
-14.9332
-16.5451
-15.5377
-14.9332
-15.9406
-17.5525
-16.5451
-17.351
-17.1495
-19.5673
-18.5599
-19.9703
-20.3733
-19.7688
-18.157
-17.9555
-17.754
-15.3362
-13.9258
-10.2991
-11.3065
-6.87386
-6.06793
-0.829349
-0.627865
2.99884
5.01368
9.24484
11.0582
15.8938
18.3116
21.7368
24.7591
27.1769
32.617
34.0274
35.8407
37.6541
38.6615
41.2808
41.0793
40.6763
38.6615
40.2734
38.6615
34.8333
34.0274
31.6096
28.9903
25.565
22.5428
19.1176
14.8864
11.2597
6.62555
2.79736
-0.627865
-5.46348
-10.0976
-11.911
-16.1421
-20.9777
-21.7837
-24.2015
-27.2237
-27.6267
-29.6415
-31.6564
-31.0519
-32.0593
-31.4549
-31.0519
-31.2534
-28.0297
-28.4326
-26.8208
-22.9926
-21.9852
-19.7688
-15.9406
-13.9258
-10.9035
-7.88128
-5.66496
0.178071
-0.426381
3.6033
7.02852
8.43891
10.6552
13.476
14.8864
15.6923
16.6997
18.3116
18.5131
19.1176
18.9161
19.319
18.7146
17.1027
15.6923
17.9087
15.8938
14.0805
11.6627
10.6552
8.23742
8.84188
6.0211
4.00626
3.40181
3.20033
-0.426381
-0.627865
-2.03825
-3.44864
-3.65012
-4.65754
-4.05309
-5.66496
-6.26941
-7.6798
-6.67238
1.78994
-2.6427
-1.83677
1.99143
0.581038
1.99143
5.21517
6.0211
8.84188
10.2523
13.2745
15.2894
17.3042
18.9161
21.3339
23.1472
24.7591
26.371
28.5873
30.6021
32.0125
33.8259
34.8333
35.4377
36.4452
37.4526
37.0496
36.4452
36.2437
35.0348
33.8259
32.0125
31.0051
27.7814
27.1769
23.9532
21.5354
17.1027
14.2819
10.8567
7.43149
3.40181
0.178071
-4.45606
-8.8887
-11.7095
-16.3436
-20.9777
-23.597
-26.8208
-29.2386
-31.6564
-36.492
-38.7083
-38.3053
-41.1261
-42.1335
-41.1261
-42.5365
-42.1335
-41.3276
-41.3276
-38.5068
-38.3053
-41.9321
-39.9172
-35.8875
-32.6638
-29.0371
-26.4178
-24.403
-19.9703
-16.9481
-14.3288
-10.7021
-6.87386
-4.65754
-2.6427
-0.224897
1.38697
2.79736
6.0211
6.82704
7.63297
8.64039
8.03594
9.04336
9.64781
8.23742
8.43891
7.43149
5.61813
4.61072
2.99884
2.19291
2.19291
-0.224897
-0.627865
-3.04567
-4.25457
-4.05309
-6.4709
-6.67238
-8.48574
-8.48574
-7.6798
-7.47832
-7.88128
-8.8887
-7.47832
-5.86645
-5.46348
-3.65012
-4.05309
-1.23232
1.18549
2.59588
5.61813
7.23001
11.4612
12.8716
14.8864
16.4983
20.125
20.7294
24.9606
24.9606
27.5799
31.0051
31.0051
33.6244
34.4303
37.4526
37.8556
39.0645
40.4748
41.2808
43.0941
42.8926
42.0867
43.6986
42.6912
41.6837
41.2808
38.2585
38.057
35.8407
33.6244
32.0125
28.5873
26.9754
22.3413
19.722
16.4983
11.2597
8.84188
4.20775
0.379554
-3.24716
-7.47832
-12.3139
-15.3362
-19.7688
-23.597
-26.6193
-31.4549
-33.4697
-38.1039
-40.1187
-41.7306
-44.9543
-46.1632
-47.9766
-50.3944
-48.3795
-50.9988
-49.387
-51.2003
-49.9914
-48.581
-47.7751
-45.9617
-44.5513
-43.3424
-39.5142
-38.1039
-37.2979
-34.8801
-34.2757
-31.2534
-28.8356
-28.2312
-26.6193
-25.0074
-23.1941
-21.3807
-18.5599
-18.3584
-16.5451
-16.5451
-14.3288
-13.9258
-11.508
-11.911
-11.105
-10.9035
-10.2991
-9.29167
-8.08277
-8.8887
-8.48574
-8.08277
-7.27683
-6.87386
-5.66496
-5.66496
-4.65754
-3.85161
-2.84419
-1.4338
0.178071
1.78994
3.20033
4.8122
5.41665
9.24484
10.2523
13.073
14.4834
15.8938
19.5205
20.125
22.7443
24.3561
26.7739
29.5947
30.1992
31.6096
33.6244
35.4377
37.2511
38.46
39.0645
40.2734
42.6912
41.6837
43.2956
43.6986
44.5045
45.109
