27.6403
34.3591
28.8619
22.1431
21.3796
24.1282
32.6794
10.996
13.1338
7.02583
-3.05235
-13.1305
-25.4992
-13.4359
-20.6128
-26.7208
-9.92384
0.459741
-2.44155
1.07054
-7.48065
-3.66315
-6.10635
6.10963
4.58264
12.0649
14.5081
20.158
30.847
27.0295
17.7148
0.459741
-5.64825
-12.6724
-9.16034
-19.0858
-2.13616
5.65153
11.4541
0.154342
-5.64825
-18.7804
-37.5625
-44.434
-37.2571
-40.1584
-33.8977
-9.16034
5.49883
8.85823
-13.4359
-11.2981
-26.2627
-44.434
-36.799
-51.1528
-44.7394
-52.8325
-65.3539
-60.9256
-70.8511
-62.4526
-39.2422
-28.8586
-12.9778
-10.84
6.56773
-4.27395
-27.0262
-14.3521
-29.6221
-24.8884
-31.6072
-19.2385
-2.59425
-7.63335
-19.6966
-22.7506
-39.3949
-41.2273
-38.7841
-29.3167
-24.583
-36.3409
-17.4061
-7.02255
-16.4899
-8.54955
6.10963
22.6012
23.3647
30.847
29.4727
16.7986
4.12454
-5.19015
5.95693
-1.67806
7.33123
-1.06726
2.44484
-12.0616
-24.4303
-14.8102
-15.8791
-4.88475
2.59754
9.62173
-3.20505
-2.74695
-0.914557
-20.1547
-19.0858
-3.51045
-4.88475
-22.9033
-13.5886
-23.056
-30.3856
-4.42665
5.65153
23.6701
43.3684
41.0779
52.5304
60.7762
62.1505
47.1859
25.6552
26.5714
26.7241
21.2269
4.42994
-10.9927
-23.9722
-43.9759
-49.7785
-45.3502
-39.2422
-38.326
-40.1584
-34.0504
-37.5625
-25.8046
-29.7748
-33.5923
-26.7208
-10.2292
11.7595
32.8321
40.4671
21.0742
11.6068
0.307041
12.0649
18.9364
29.1673
36.0388
50.3926
40.7725
27.0295
16.7986
-19.0858
-41.5327
-59.8567
-60.6202
-54.0541
-47.9461
-31.9126
-20.3074
-17.5588
-14.5048
-20.7655
-31.4545
-24.1249
-18.1696
-18.7804
-10.2292
8.09473
20.7688
20.9215
12.9811
13.4392
24.8917
32.9848
35.7334
45.6589
46.5751
57.7222
61.8451
60.6235
60.9289
45.8116
22.4485
16.9513
27.1822
21.0742
35.5807
35.8861
39.7036
46.2697
35.5807
23.5174
11.3014
16.9513
23.212
32.0686
23.212
5.65153
4.88803
7.02583
2.59754
20.0053
34.8172
44.4373
53.5993
51.1561
35.428
5.49883
-5.80095
-18.7804
-22.2925
-29.9275
-42.4489
-36.0355
-20.6128
-7.02255
-10.6873
-2.44155
-2.59425
-5.95365
-0.914557
-6.25905
-3.51045
4.27724
2.13944
1.98674
-11.7562
-29.6221
-51.6109
-66.5755
-49.9312
-33.745
-20.6128
-2.28885
8.24743
19.2418
20.6161
12.6757
18.3256
14.6608
16.1878
5.49883
10.6906
2.90294
-14.3521
-22.7506
-50.8474
-58.7878
-58.4824
-39.2422
-37.7152
-24.2776
-1.83076
6.56773
4.42994
13.5919
13.4392
-4.57935
-0.609157
-8.54955
13.7446
12.9811
12.523
3.66644
-5.64825
-9.46574
-20.1547
-30.0802
-41.6854
-42.7543
-55.123
-85.5102
-100.017
-103.223
-115.287
-100.322
-82.1508
-61.9945
-48.4042
-38.9368
-25.1938
-28.4005
-31.4545
-27.7897
-12.5197
9.46903
19.2418
29.0146
32.9848
28.5565
33.901
49.7818
55.4317
45.2008
35.2753
38.0239
29.6254
28.0984
30.2362
7.48393
-5.34285
-8.54955
-1.98346
9.31633
33.5956
50.2399
72.2286
81.2379
85.2081
89.9418
68.5638
62.1505
59.2492
69.48
76.8096
74.2137
74.8245
79.1001
82.4595
80.169
82.4595
65.8152
74.8245
81.0852
77.4204
82.3068
85.5135
78.1839
63.9829
51.9196
33.1375
21.9904
10.996
15.4243
4.58264
-4.27395
5.34613
4.88803
1.37594
11.1487
6.72043
7.33123
18.7837
20.158
27.1822
9.46903
9.62173
-7.63335
-1.21996
-13.2832
-28.0951
-3.96855
10.3852
29.1673
45.8116
50.8507
38.3293
27.9457
10.0798
10.6906
23.0593
19.2418
8.70553
-4.73205
-7.93875
-2.89965
-19.0858
-24.1249
-33.2869
-41.6854
-49.9312
-58.177
-71.6146
-86.2737
-103.987
-115.134
-106.583
-108.721
-107.041
-108.568
-105.819
-102.765
-113.912
-122.769
-133.611
-144.3
-155.599
-153.92
-151.018
-142.467
-144.605
-144.91
-145.827
-163.234
-151.935
-151.935
-157.585
-154.225
-159.57
-136.054
-99.7113
-88.1061
-54.9703
-46.5718
-35.272
-30.9964
-16.6426
20.7688
51.3088
75.8934
116.206
144.914
162.169
181.409
179.882
164.917
188.28
196.832
197.442
197.442
194.847
217.904
202.329
198.511
178.813
162.78
159.726
153.465
158.046
139.875
125.826
129.338
105.823
98.1876
96.966
97.5768
107.502
111.32
124.147
116.817
107.808
115.748
112.236
107.96
127.659
132.85
132.545
136.21
156.977
152.243
138.5
133.003
123.688
109.793
117.275
132.392
116.206
91.3161
85.5135
72.534
61.5397
60.1654
71.7705
74.3664
63.0667
73.6029
57.7222
38.482
12.6757
-22.7506
-47.1826
-54.2068
-51.7636
-64.5904
-69.6295
-88.8696
-114.676
-122.158
-149.186
-196.981
-234.698
-239.432
-235.614
-248.746
-283.104
-299.443
-322.806
-344.947
-356.705
-360.675
-341.282
-354.415
-358.385
-331.051
-288.296
-271.04
-286.158
-268.597
-223.551
-178.199
-139.261
-105.056
-63.9796
-10.2292
38.0239
69.6327
81.5433
115.443
125.521
127.659
154.228
173.316
192.403
184.005
166.292
151.785
174.079
167.361
130.865
92.6904
70.2435
68.7165
40.1617
6.26233
-29.9275
-35.272
-40.6165
-40.9219
-36.1882
-42.1435
-44.7394
-34.8139
-19.5439
1.52864
24.739
41.0779
38.1766
47.3386
98.3403
107.502
106.891
118.802
136.363
145.983
149.647
151.327
151.022
153.77
157.588
177.286
184.463
171.331
175.912
190.571
202.482
217.752
220.653
215.766
230.884
224.776
230.578
223.86
205.841
188.586
167.055
156.824
159.573
173.621
170.262
180.645
171.025
177.286
180.187
168.124
170.72
168.582
171.942
189.197
194.847
167.971
126.742
102.31
56.3479
42.6049
45.5062
72.2286
60.1654
7.48393
-36.799
-78.0279
-116.203
-171.938
-227.674
-277.912
-302.344
-335.48
-358.843
-382.053
-423.588
-489.248
-544.984
-535.058
-484.515
-460.235
-491.997
-490.623
-437.636
-384.802
-352.582
-342.657
-305.245
-245.998
-184.154
-148.728
-95.7411
-43.5178
-20.1547
17.5621
61.387
128.117
179.424
205.688
226.761
274.861
343.576
355.334
344.187
353.349
357.93
332.276
300.362
274.403
301.584
326.016
314.41
274.861
186.753
119.413
43.6738
-20.9182
-79.5549
-149.186
-214.694
-266.765
-296.999
-329.372
-366.936
-443.897
-493.219
-488.027
-431.223
-373.96
-353.956
-328.303
-302.039
-245.387
-171.022
-120.478
-74.8213
-33.2869
20.158
110.404
171.942
223.401
242.947
278.373
305.859
330.444
348.463
331.055
329.833
324.489
342.049
361.289
356.556
335.941
306.776
297.003
276.083
259.591
226.303
200.496
181.867
165.376
143.387
94.5228
46.117
12.6757
-11.2981
-7.17525
1.07054
-1.98346
1.98674
19.2418
68.1057
93.1485
104.601
112.847
111.931
128.269
149.189
181.104
184.768
187.67
200.496
189.96
176.37
160.031
145.983
123.841
106.128
43.2157
-1.21996
-59.3986
-115.897
-170.259
-244.318
-286.921
-332.273
-376.098
-447.409
-502.686
-556.131
-612.172
-615.989
-584.839
-535.058
-501.006
-478.559
-464.816
-422.671
-380.984
-337.007
-285.242
-218.054
-121.7
-37.8679
39.7036
116.664
182.783
236.534
286.772
352.585
413.36
453.825
462.835
487.267
502.842
500.399
469.706
424.812
424.66
360.373
313.647
289.979
252.872
218.21
154.228
60.7762
-4.88475
-57.1081
-121.853
-183.238
-243.402
-269.361
-297.916
-335.174
-370.601
-369.074
-397.476
-437.178
-434.735
-395.491
-334.564
-286.31
-267.376
-253.175
-222.787
-184.46
-135.596
-105.972
-54.8176
5.95693
62.914
106.433
151.48
193.625
233.632
250.429
282.496
307.844
318.381
330.597
323.42
294.712
266.31
244.321
215.766
202.634
188.739
191.945
181.256
178.355
171.636
159.268
147.052
114.374
84.9027
58.6384
50.698
29.9308
41.6887
72.534
105.517
123.994
131.629
164.765
173.01
196.526
226.455
235.465
244.169
250.124
244.169
228.288
234.549
224.165
197.748
175.454
157.282
142.165
92.2323
10.996
-56.3446
-107.957
-138.955
-196.828
-289.67
-379.915
-436.872
-481.613
-570.179
-648.82
-704.861
-760.443
-782.585
-779.073
-736.317
-681.803
-654.928
-633.55
-570.332
-475.964
-415.036
-365.409
-290.281
-173.618
-55.7338
40.1617
125.521
224.012
309.219
372.131
448.634
516.585
606.372
657.68
684.097
700.894
730.67
714.331
693.259
630.652
538.116
458.254
453.367
504.064
494.596
360.22
168.582
25.6552
-75.4321
-104.445
-156.974
-294.862
-455.655
-556.742
-556.131
-498.869
-529.103
-692.492
-846.719
-838.778
-700.432
-555.062
-518.567
-588.198
-594.611
-518.109
-371.822
-252.564
-188.124
-149.339
-91.7709
24.4336
162.016
259.133
277.304
275.167
288.452
392.745
499.33
575.985
553.08
486.656
460.85
452.604
456.421
411.68
365.26
308.761
289.368
282.191
254.247
202.787
104.906
20.0053
-4.88475
-26.2627
-25.4992
-31.1491
-50.3893
-25.4992
10.5379
31.9159
51.1561
80.6271
123.994
208.131
275.93
338.537
367.397
373.2
378.85
409.695
461.155
486.961
493.222
455.963
409.695
351.517
332.429
292.88
209.658
106.281
14.3554
-71.6146
-166.136
-267.376
-383.428
-520.552
-633.855
-708.678
-777.851
-832.212
-921.083
-1007.21
-1064.16
-1035.15
-948.569
-879.549
-860.462
-837.099
-764.108
-627.9
-486.5
-377.472
-258.672
-135.748
-12.9778
131.934
282.191
407.252
512.309
596.447
707.154
837.255
930.554
942.617
890.852
868.405
882.912
897.113
842.141
737.694
613.855
475.203
393.204
322.504
197.901
10.5379
-188.277
-351.513
-428.932
-450.157
-547.274
-694.477
-838.778
-934.521
-911.158
-849.162
-872.983
-976.208
-1047.37
-978.193
-797.855
-633.55
-553.993
-519.788
-469.856
-328.914
-143.689
5.95693
104.601
175.301
249.513
361.442
509.866
626.529
637.981
581.941
569.877
596.447
652.182
669.437
617.367
538.574
485.892
461.155
417.941
375.949
295.17
201.107
117.733
68.2584
75.1299
77.2677
24.8917
-27.0262
-58.4824
-63.8269
-21.0709
6.10963
2.90294
8.70553
69.6327
162.627
234.549
291.658
344.187
381.293
420.079
492.764
586.98
652.793
696.465
691.121
664.246
611.259
533.535
486.045
433.364
391.371
293.185
156.672
-10.2292
-158.043
-274.4
-407.859
-548.343
-677.069
-788.387
-895.888
-973.001
-1075.77
-1180.67
-1288.94
-1349.1
-1326.5
-1208.31
-1093.63
-1052.25
-1013.31
-933.452
-798.16
-640.879
-481.003
-315.934
-145.063
30.5416
204.619
369.841
525.594
664.093
758.614
860.618
976.211
1078.37
1150.44
1167.09
1168.15
1148.15
1126.32
1033.78
849.776
646.227
524.525
469.095
347.852
143.539
-101.238
-339.145
-526.202
-645.918
-751.739
-864.126
-1002.93
-1120.2
-1124.78
-1076.23
-1071.65
-1127.23
-1219.92
-1182.2
-971.169
-722.268
-569.11
-519.178
-481.308
-350.902
-115.134
110.862
298.224
399.006
430.92
503.758
623.169
753.728
828.093
805.951
757.545
758.614
795.873
814.96
774.8
666.383
515.974
425.576
377.628
322.351
213.323
96.5079
-14.8102
-118.341
-160.028
-166.441
-179.726
-212.556
-256.992
-271.193
-233.171
-157.279
-66.7282
1.37594
54.5155
139.722
247.528
389.081
519.028
621.49
712.804
789.612
896.349
1022.94
1102.19
1060.65
934.677
830.078
794.041
803.355
767.776
599.654
314.41
34.3591
-145.216
-273.636
-424.046
-650.652
-895.735
-1132.73
-1259.62
-1293.52
-1354.6
-1492.33
-1688.4
-1792.39
-1726.73
-1525.47
-1378.72
-1326.81
-1306.8
-1213.5
-1000.33
-718.451
-441.606
-205.074
-8.85495
167.361
377.934
659.207
907.649
1059.13
1126.32
1164.95
1276.88
1412.17
1503.64
1484.24
1398.27
1283.44
1148.91
1015.3
870.696
708.223
543.155
339.301
95.7444
-154.683
-422.824
-688.216
-912.38
-1096.23
-1208.31
-1304.36
-1391.7
-1440.42
-1443.77
-1394.61
-1360.4
-1327.11
-1244.5
-1062.33
-793.426
-507.572
-266.001
-78.9441
58.1803
203.703
395.799
616.756
819.847
967.507
1097
1188.46
1277.49
1316.27
1268.02
1143.72
1000.49
882.912
814.655
773.579
669.132
514.6
337.01
163.085
9.01093
-116.356
-228.132
-368.158
-497.8
-598.734
-619.043
-583.006
-544.678
-529.103
-536.738
-507.114
-409.386
-244.318
-96.1992
34.3591
169.193
334.72
524.983
713.415
846.875
877.415
927.042
1009.04
1134.87
1234.43
1209.99
1046.15
881.996
813.433
814.655
756.782
532.313
215.003
-100.475
-341.893
-549.87
-792.968
-1067.68
-1321.61
-1506.08
-1599.38
-1649.61
-1716.5
-1882.02
-2096.57
-2177.19
-2013.34
-1689.93
-1390.48
-1191.67
-1072.1
-911.769
-679.36
-387.398
-43.9759
276.846
550.332
798.774
1072.72
1361.32
1587.93
1667.79
1667.94
1673.9
1721.39
1776.51
1765.82
1631.75
1388.81
1075.47
760.599
502.079
255.468
20.4634
-285.852
-627.136
-944.905
-1218.54
-1399.49
-1527.15
-1670.99
-1807.51
-1909.05
-1924.93
-1823.69
-1677.1
-1527.61
-1376.59
-1217.32
-1020.19
-739.218
-396.254
-59.8567
195.457
429.546
681.501
978.502
1238.55
1396.29
1466.84
1466.07
1475.85
1507.91
1552.04
1537.99
1422.55
1233.05
1002.32
782.893
614.007
421.758
247.986
34.3591
-171.48
-306.772
-427.405
-544.526
-698.905
-855.27
-952.081
-953.303
-867.486
-721.199
-573.691
-449.394
-343.42
-207.059
-45.8083
115.595
274.403
457.948
686.845
952.085
1217.94
1415.68
1504.09
1501.65
1488.37
1448.82
1353.69
1199.76
1031.18
899.251
819.389
668.216
378.392
-7.02255
-424.656
-806.864
-1101.12
-1348.34
-1576.01
-1795.75
-1978.83
-2089.85
-2109.55
-2103.9
-2184.06
-2344.86
-2402.42
-2216.44
-1831.94
-1342.08
-935.132
-609.729
-361.286
-134.527
162.016
537.199
944.45
1319.94
1581.97
1808.43
2055.65
2236.44
2261.79
2134.13
1949.83
1778.65
1622.28
1478.59
1296.88
1034.85
669.59
252.72
-188.277
-598.123
-934.368
-1228.01
-1484.24
-1712.07
-1868.13
-1946.31
-1965.86
-1944.78
-1901.11
-1869.5
-1790.71
-1605.48
-1292.3
-868.097
-441.148
-131.32
38.0239
184.158
423.285
765.486
1130.59
1397.97
1548.38
1627.02
1690.69
1722.61
1669.01
1552.04
1373.84
1161.13
955.597
805.646
693.869
533.535
317.77
80.7798
-160.639
-311.964
-372.433
-404.042
-469.245
-516.887
-532.462
-490.165
-417.48
-371.059
-358.843
-340.977
-297.458
-189.804
-1.52536
240.198
490.015
659.207
741.97
803.202
892.379
1024.46
1187.7
1299.02
1348.34
1324.98
1265.12
1204.65
1087.22
855.273
501.468
130.255
-62.9107
-116.966
-177.894
-410.15
-822.439
-1267.71
-1650.68
-1924.32
-2077.17
-2168.64
-2277.21
-2344.09
-2252.63
-2026.63
-1818.96
-1761.24
-1790.71
-1645.03
-1259.62
-738.76
-225.536
217.599
539.643
763.195
951.169
1169.22
1464.55
1700.77
1758.03
1732.69
1725.81
1746.28
1723.98
1603.35
1345.44
992.703
626.529
282.954
5.19343
-208.128
-446.187
-771.896
-1124.17
-1379.64
-1467.44
-1435.07
-1433.7
-1536.01
-1637.25
-1638.16
-1441.33
-1090.43
-712.648
-439.01
-283.409
-138.039
160.947
525.594
804.729
888.409
790.834
722.73
845.958
1090.74
1250.92
1224.04
982.777
698.909
504.369
431.073
400.839
296.85
112.541
-52.3744
-108.415
-69.9349
-25.8046
-52.2217
-142.315
-249.51
-256.381
-105.361
144.914
352.28
449.702
484.823
548.805
680.279
802.897
865.504
806.104
716.927
700.588
765.638
909.329
1016.68
971.783
797.858
606.831
500.704
514.905
554.607
504.827
358.541
224.623
119.871
86.7351
-19.8493
-309.368
-697.226
-999.571
-987.508
-803.81
-713.106
-844.886
-1131.5
-1412.47
-1505.31
-1476.3
-1467.44
-1519.06
-1616.63
-1537.69
-1196.71
-751.129
-455.044
-477.338
-633.702
-615.989
-326.318
103.99
470.928
740.596
840.461
830.23
776.175
795.109
860.007
796.636
572.931
314.869
191.793
213.934
237.755
101.852
-144.605
-453.517
-709.594
-850.994
-878.786
-903.218
-1005.07
-1106.31
-1080.65
-861.531
-543.915
-311.964
-249.052
-316.087
-326.623
-161.097
169.651
542.544
803.202
935.899
1055.46
1183.27
1255.8
1200.68
975.601
745.329
561.784
493.833
531.397
534.756
443.442
225.081
-79.0968
-333.495
-502.839
-613.241
-714.023
-815.262
-776.477
-594.306
-348.917
-169.19
-69.9349
-9.16034
71.007
225.845
408.015
600.723
809.921
989.802
1102.95
1200.07
1287.41
1298.56
1192.74
1001.25
813.739
712.193
682.875
682.264
674.171
610.801
485.892
308.455
134.836
-11.7562
-148.423
-222.482
-228.285
-158.501
-53.7487
-32.6761
-177.741
-526.049
-932.383
-1169.83
-1098.37
-922.916
-816.637
-841.527
-906.119
-941.698
-1037.9
-1198.69
-1365.9
-1483.32
-1522.11
-1312.76
-841.221
-300.359
-47.0299
-198.661
-439.163
-399.766
-114.218
186.448
438.097
684.402
930.096
1060.5
1085.09
1045.54
938.494
665.315
249.818
-68.2552
-130.099
-45.961
-76.1955
-282.646
-508.031
-679.512
-801.825
-928.108
-1048.28
-1178.99
-1379.18
-1522.42
-1414.3
-997.281
-470.161
-173.313
-155.294
-269.361
-311.659
-158.653
151.48
479.632
691.884
833.742
1045.84
1408.05
1725.66
1715.28
1340.4
849.012
548.347
532.466
678.447
793.124
793.124
638.898
443.136
274.861
115.137
-92.8398
-413.509
-741.356
-818.011
-551.703
-76.959
300.668
435.654
374.422
251.956
265.394
402.366
655.542
917.88
1099.75
1229.39
1316.88
1398.73
1394
1235.19
924.752
562.548
389.233
435.196
582.093
667.605
588.354
428.783
274.861
195.915
191.793
159.726
14.05
-170.259
-366.172
-584.533
-772.507
-900.316
-907.34
-903.676
-973.918
-1109.36
-1260.38
-1398.42
-1548.37
-1763.83
-1958.07
-2000.98
-1857.29
-1462.86
-866.722
-336.549
-143.994
-328.914
-514.902
-419.923
-82.3035
302.5
588.354
853.441
1137.16
1353.38
1413.24
1354.45
1122.04
703.337
222.485
-122.922
-220.955
-199.272
-299.29
-532.921
-796.786
-989.951
-1095.16
-1196.4
-1315.51
-1440.72
-1523.33
-1496.61
-1277.03
-896.499
-513.986
-233.934
-101.849
-17.1007
89.9418
250.124
406.336
521.166
577.36
680.279
921.392
1266.8
1500.43
1465.61
1181.9
784.42
422.369
239.435
196.984
257.301
344.645
351.364
320.518
269.975
207.521
26.5714
-226.452
-421.144
-383.58
-94.3668
255.163
542.849
701.352
796.178
860.77
918.491
976.364
1047.52
1100.2
1164.64
1283.44
1425.3
1528.22
1491.88
1276.88
993.772
768.998
632.026
551.553
463.445
364.496
275.93
216.53
141.86
67.6476
0.459741
-92.229
-222.94
-344.336
-445.576
-650.652
-1012.86
-1417.51
-1569.9
-1434.31
-1190.9
-1079.28
-1205.41
-1434.77
-1649.46
-1820.49
-1948.91
-1973.03
-1931.96
-1844.15
-1525.62
-892.07
-126.586
304.027
236.076
13.2865
19.2418
322.809
608.663
788.543
966.439
1160.98
1313.53
1312.76
1232.14
1086.16
722.73
186.143
-332.884
-580.868
-659.509
-784.264
-1035.15
-1290.31
-1410.03
-1385.9
-1304.05
-1306.34
-1469.89
-1714.36
-1813.46
-1540.43
-948.569
-257.145
285.856
555.982
627.598
678.752
807.173
894.67
888.562
789.765
816.182
1164.34
1666.11
1990.75
1863.86
1366.05
792.361
361.137
109.64
3.66644
-80.9292
-136.054
-84.594
69.48
242.031
269.517
36.0388
-375.64
-677.985
-641.337
-254.702
199.428
532.466
752.201
971.783
1206.02
1361.47
1407.89
1363.76
1331.54
1366.51
1454.16
1565.02
1634.5
1588.23
1379.19
1156.4
1002.93
943.992
834.659
608.205
398.09
295.781
364.496
543.307
678.752
646.074
430.768
-88.2588
-890.849
-1715.58
-2235.22
-2268.96
-2031.52
-1786.43
-1671.14
-1628.08
-1672.06
-1890.88
-2352.95
-2863.88
-3126.53
-3028.49
-2435.1
-1488.36
-510.321
129.186
290.284
307.386
455.047
667.147
729.601
734.64
904.442
1285.12
1733.45
1926.31
1824.46
1504.25
1033.02
492.153
11.9122
-346.474
-687.147
-1084.93
-1430.34
-1604.87
-1591.28
-1495.69
-1435.38
-1482.56
-1638.47
-1781.24
-1804.3
-1597.7
-1195.94
-689.285
-177.894
316.548
686.54
905.511
991.176
1019.43
1039.89
1012.4
1027.67
1146.62
1375.37
1563.95
1541.2
1266.8
877.109
483.907
118.649
-144.91
-245.387
-145.063
74.5191
327.695
524.22
623.322
604.387
466.958
347.394
387.401
569.725
774.8
934.677
1083.41
1227.56
1339.03
1377.66
1295.35
1165.86
1075.77
1058.97
1102.65
1111.2
1029.5
879.094
694.633
583.009
477.494
336.857
219.279
149.8
204.467
339.759
549.263
820.916
1055.16
1162.2
1097
679.974
-133.305
-1021.25
-1587.31
-1697.1
-1585.17
-1581.82
-1663.66
-1701.53
-1756.35
-1994.56
-2470.99
-3026.51
-3439.56
-3489.65
-3041.32
-2146.8
-1157.31
-510.932
-238.821
-33.2869
293.491
559.646
554.149
528.801
743.191
1150.59
1439.5
1459.51
1349.1
1194.88
924.599
469.248
-65.3539
-545.747
-971.474
-1372.16
-1597.09
-1541.96
-1336.12
-1191.21
-1224.8
-1416.75
-1574.79
-1620.3
-1519.82
-1258.55
-879.091
-384.344
154.839
633.858
965.217
1159.76
1220.99
1164.8
1014.54
812.975
685.166
745.635
943.534
1110.13
1078.83
858.327
535.062
204.772
-134.221
-399.461
-518.72
-459.93
-253.785
-2.59425
235.159
445.122
632.637
767.776
910.398
1126.77
1362.69
1500.89
1594.65
1674.05
1789.03
1863.4
1825.99
1693.44
1551.74
1453.09
1391.71
1287.41
1110.43
904.137
664.398
439.777
251.193
122.772
30.9997
-1.37266
68.8692
219.737
439.777
707.46
995.452
1241.91
1335.82
1052.26
261.118
-726.086
-1360.1
-1425.6
-1266.18
-1288.78
-1525.47
-1778.19
-1926.61
-2068.93
-2375.24
-2781.58
-3174.17
-3414.52
-3272.05
-2585.21
-1587.77
-749.602
-323.875
-107.652
241.42
617.52
805.188
860.312
996.979
1248.63
1333.07
1132.42
882.301
733.419
620.726
288.146
-275.316
-870.693
-1404.07
-1820.18
-2094.28
-2117.03
-1978.83
-1855.45
-1814.22
-1823.39
-1746.27
-1539.21
-1230.91
-904.439
-539.639
-117.577
257.148
558.119
815.418
1031.64
1249.54
1376.13
1388.5
1287.26
1153.65
1047.22
975.295
890.852
666.383
326.168
-6.71715
-182.933
-186.75
-99.1005
-2.74695
62.6086
99.1038
138.958
218.21
344.034
494.596
692.648
996.215
1401.02
1872.71
2225.91
2357.38
2275.99
2104.51
1909.51
1694.82
1470.2
1289.7
1239.31
1223.13
1171.21
1010.72
729.601
423.438
186.448
-11.4508
-143.842
-196.828
-100.169
220.347
679.058
1186.48
1618.92
1975.17
2111.23
1835.45
1100.66
112.083
-654.622
-929.787
-871.456
-921.083
-1177.01
-1567.31
-1940.81
-2334.17
-2820.36
-3353.29
-3850.17
-4133.12
-3951.26
-3179.06
-2125.12
-1273.36
-813.583
-502.839
-76.959
415.956
734.029
942.923
1206.18
1420.42
1402.24
1138.53
881.69
805.951
733.113
417.33
-142.162
-763.955
-1334.59
-1810.56
-2115.96
-2245.6
-2234.15
-2157.8
-2140.85
-2059.31
-1827.81
-1425.6
-955.135
-581.937
-308.147
-140.177
29.6254
300.209
632.179
874.055
1001.1
1026.14
1025.69
1084.32
1125.09
1090.13
878.178
524.525
87.6513
-298.985
-516.887
-605.606
-532.462
-374.113
-149.644
110.862
373.2
661.497
891.768
995.757
990.718
995.757
1218.55
1704.44
2305.16
2743.25
2953.98
2965.28
2841.59
2610.4
2286.53
1871.18
1428.66
1045.54
692.648
448.176
302.805
223.096
49.0183
-248.899
-550.481
-720.741
-718.451
-578.425
-342.046
20.4634
524.678
1120.51
1784.15
2275.99
2382.58
1894.85
1062.49
375.796
61.387
-12.9778
-209.808
-600.261
-1091.65
-1498.9
-1807.35
-2136.27
-2612.39
-3319.23
-3955.53
-4078.91
-3450.86
-2439.22
-1626.71
-1235.03
-957.884
-461.762
134.683
593.851
894.822
1146.78
1252.75
1060.2
656.305
329.833
183.394
16.4932
-434.887
-1045.23
-1585.33
-1945.09
-2150.32
-2262.55
-2264.54
-2248.35
-2311.11
-2380.44
-2231.71
-1740.32
-1047.21
-455.196
-64.4377
205.688
548.957
958.04
1250
1305.43
1132.27
890.241
746.398
837.255
1059.43
1209.23
1047.83
510.172
-161.555
-678.443
-948.264
-1080.96
-1221.14
-1320.09
-1239
-902.759
-387.245
222.638
773.426
1142.65
1263.9
1226.64
1242.37
1462.1
1895.16
2338.9
2685.53
2889.23
3027.12
3154.63
3191.12
3010.63
2608.42
2070.61
1553.26
1080.66
677.836
400.839
227.982
86.277
-146.743
-402.973
-601.177
-670.961
-623.013
-546.205
-335.327
75.1299
714.789
1360.25
1619.99
1377.81
799.08
395.341
399.464
551.553
444.358
35.2753
-503.755
-959.564
-1295.96
-1605.18
-1946.77
-2439.53
-2934.28
-3133.09
-2705.99
-1868.13
-1184.19
-941.393
-949.791
-754.641
-285.852
227.372
625.918
876.04
957.429
825.191
587.285
375.338
226.455
-12.0616
-544.526
-1248.78
-1890.73
-2328.67
-2555.12
-2660.79
-2742.79
-2864.04
-2943.29
-2844.34
-2514.96
-1959.44
-1352
-858.477
-532.462
-262.031
139.722
731.739
1328.8
1612.36
1507
1211.83
1054.09
1095.78
1233.66
1316.43
1212.59
855.579
280.206
-327.539
-688.216
-808.086
-883.519
-1052.86
-1172.27
-1006.6
-537.502
59.4019
563.006
931.928
1133.95
1235.5
1316.12
1557.39
1966.32
2409.91
2683.09
2772.88
2865.41
3028.04
3119.81
3012.92
2680.19
2278.59
1932.72
1608.85
1364.98
1131.66
890.852
586.216
162.78
-232.255
-418.09
-439.774
-379.305
-337.312
-311.659
-134.68
257.606
731.434
935.288
625.307
-31.4545
-537.654
-645.918
-472.451
-370.753
-498.716
-723.032
-899.4
-1010.57
-1157
-1463.17
-2052.59
-2707.21
-2957.03
-2509.47
-1638.16
-895.583
-506.504
-278.828
89.6364
561.021
911.772
1094.55
1102.8
921.239
509.255
75.1299
-64.4377
24.739
-102.307
-652.026
-1401.78
-1988.3
-2301.95
-2469.15
-2649.03
-2838.38
-3015.67
-3098.58
-2990.93
-2587.34
-1913.33
-1202.2
-669.892
-447.867
-342.504
-142.62
268.448
754.491
1116.85
1193.5
1113.95
1056.84
1119.14
1197.02
1160.83
981.098
550.179
-13.894
-562.086
-892.376
-989.951
-1013.16
-1147.54
-1281.91
-1146.93
-694.935
-93.756
479.174
883.064
1092.11
1163.73
1221.45
1477.22
1942.65
2417.54
2674.54
2730.12
2875.64
3234.79
3563.71
3546
3117.37
2501.22
1977.01
1648.7
1425.76
1223.43
1055.16
850.081
599.196
380.224
290.284
355.945
402.06
301.431
142.471
183.241
475.814
724.104
562.548
-20.3074
-568.347
-664.701
-464.206
-451.379
-813.277
-1341.92
-1745.81
-1916.38
-1965.09
-2051.83
-2298.13
-2674.54
-2819.75
-2326.84
-1351.85
-514.139
-312.728
-493.219
-363.271
256.232
1034.85
1599.53
1825.53
1722.91
1248.32
562.395
72.3813
-0.456457
-36.9517
-554.299
-1479.35
-2318.13
-2684.77
-2698.05
-2671.02
-2718.51
-2880.53
-3121.49
-3267.62
-3054.15
-2384.41
-1575.86
-1033.93
-831.907
-674.473
-283.715
298.835
775.564
959.567
865.962
624.238
466.805
611.717
1002.02
1353.53
1319.33
889.172
327.085
-170.411
-503.755
-770.063
-1080.96
-1455.53
-1680.46
-1553.11
-972.696
-98.9478
681.501
1131.35
1209.69
1105.7
1032.4
1123.87
1372.31
1627.93
1786.28
1841.71
1992.28
2474.04
3147.75
3641.89
3670.9
3280.15
2750.89
2277.98
1867.98
1480.88
1140.67
921.087
853.899
909.787
1060.5
1248.48
1330.63
1250.61
1120.97
1080.51
1125.7
983.846
400.533
-364.798
-788.235
-615.989
-245.998
-229.201
-637.367
-1138.07
-1470.8
-1679.09
-1953.79
-2369.29
-2850.9
-3227.92
-3116.6
-2292.02
-1073.78
-163.082
7.02583
-185.07
-127.35
321.893
810.837
1062.03
1066.92
888.714
537.658
174.69
80.6271
159.573
-14.3521
-725.475
-1734.82
-2559.7
-2966.5
-3142.71
-3219.98
-3226.54
-3204.4
-3145.16
-2933.06
-2334.17
-1436.9
-682.719
-401.141
-446.493
-413.357
-112.691
241.573
436.723
411.68
261.271
143.387
136.515
316.701
616.145
819.083
648.365
213.018
-277.301
-658.898
-887.795
-1112.72
-1331.85
-1480.88
-1396.29
-1025.22
-446.951
210.88
788.543
1228.32
1509.9
1681.99
1782.47
1839.73
1893.94
1903.71
1873.63
1847.21
1965.86
2238.73
2505.04
2612.54
2505.96
2284.39
2075.65
1920.66
1723.07
1456.91
1149.98
893.906
782.893
849.776
1039.28
1194.27
1235.34
1209.54
1317.19
1567.92
1741.85
1494.78
737.236
-98.6424
-533.837
-480.697
-309.063
-415.494
-800.756
-1197.47
-1349.25
-1287.56
-1262.83
-1561.96
-2210.79
-2850.45
-2871.52
-1940.66
-654.775
197.901
353.044
263.103
506.812
1033.63
1509.74
1721.69
1623.81
1176.25
426.492
-275.469
-505.129
-413.204
-558.727
-1259.77
-2203.46
-2851.21
-3095.99
-3230.06
-3478.8
-3762.37
-3999.66
-4066.39
-3780.08
-2958.25
-1716.34
-554.299
49.3237
167.666
244.474
524.067
840.309
891.158
641.952
293.185
129.644
320.518
646.991
860.007
770.525
329.833
-328.608
-999.113
-1483.63
-1842.02
-2201.32
-2629.34
-2875.49
-2662.32
-1928.44
-914.517
3.51374
685.013
1228.32
1694.51
2053.05
2296
2429.46
2436.17
2297.83
2129.25
2106.34
2326.69
2667.51
2941.76
2996.28
2874.58
2718.36
2524.28
2251.41
1815.14
1198.85
607.136
260.049
313.342
698.298
1232.59
1707.19
1954.86
2035.64
2120.39
2206.97
1931.65
984.152
-322.042
-1241.75
-1279.78
-741.508
-336.091
-403.737
-727.766
-983.69
-1130.28
-1334.14
-1755.59
-2355.39
-2963.75
-3064.22
-2280.57
-886.421
288.146
744.108
791.903
952.848
1458.13
1908.14
2084.66
2049.39
1803.84
1312.76
714.179
367.245
261.118
-30.0802
-803.047
-1871.03
-2662.01
-3042.39
-3234.79
-3455.44
-3743.28
-4025.47
-4271.01
-4267.65
-3851.09
-2987.26
-1992.12
-1204.8
-651.874
-166.288
411.986
872.834
1012.86
746.704
242.642
-105.514
-60.1621
350.142
818.472
1053.48
968.576
689.747
287.688
-220.955
-886.879
-1700.92
-2597.57
-3331.14
-3565.39
-3130.19
-2177.96
-1120.66
-269.513
380.377
981.25
1565.79
2049.39
2311.42
2342.72
2212.16
2037.02
2005.87
2263.32
2675.61
2968.64
2967.57
2771.96
2649.04
2684.16
2694.08
2366.54
1704.44
876.956
207.979
-71.0038
75.588
530.023
1037.75
1514.33
1907.68
2371.28
2729.36
2577.57
1742
614.466
-123.532
-299.595
-284.173
-510.016
-870.54
-1050.42
-931.62
-751.129
-770.521
-1161.28
-1874.69
-2573.75
-2753.79
-2170.47
-1187.54
-438.858
-153.004
99.2565
637.371
1356.28
1862.33
1994.11
1820.03
1413.7
886.882
495.971
430.004
488.183
255.468
-348.307
-1025.53
-1531.12
-1912.26
-2364.55
-2908.93
-3468.42
-3924.54
-4117.4
-3878.11
-3204.1
-2338.75
-1647.32
-1167.69
-675.237
-67.0336
511.546
777.091
588.049
81.2379
-486.805
-783.806
-573.539
33.1375
615.229
818.778
636.912
368.008
207.826
-34.0504
-602.704
-1506.53
-2498.93
-3194.94
-3348.25
-2938.09
-2126.19
-1193.35
-479.323
16.7986
491.237
1088.14
1785.52
2292.18
2382.27
2168.8
1949.67
1958.68
2234.46
2584.75
2801.13
2796.24
2673.47
2585.21
2600.33
2562.76
2292.79
1706.27
949.947
310.593
-2.89965
106.433
439.93
870.085
1241.91
1564.56
1776.21
1587.32
1005.99
348.768
-27.0262
-160.791
-311.506
-616.6
-852.216
-762.734
-399.156
-118.646
-206.907
-691.881
-1392.62
-1904.01
-1771.62
-987.355
-80.7765
346.172
360.831
537.199
1184.19
2044.8
2586.74
2571.31
2122.07
1413.24
661.192
152.854
-12.8251
-126.434
-571.401
-1282.52
-1838.81
-1949.82
-1770.4
-1736.5
-2078.4
-2813.8
-3667.69
-4333.92
-4465.55
-3923.77
-3014.75
-2049.99
-1225.57
-413.204
529.412
1419.19
1955.32
1894.7
1274.74
414.734
-284.478
-477.491
-260.046
61.0816
218.668
196.526
116.053
41.6887
-127.655
-562.086
-1356.13
-2392.96
-3319.23
-3789.7
-3703.43
-3208.22
-2537.11
-1788.72
-1010.87
-203.547
586.063
1305.13
1902.79
2257.21
2328.67
2222.85
2173.53
2289.89
2500.77
2679.73
2774.4
2908.17
3057.97
3136.15
3034.76
2743.41
2285.46
1606.4
757.393
-1.52536
-439.163
-430.764
-10.3819
680.432
1493.1
1966.77
1694.82
795.109
-97.1154
-476.422
-556.894
-840.916
-1353.07
-1732.68
-1556.77
-960.785
-417.785
-235.156
-477.185
-962.465
-1292.14
-1052.41
-418.548
144.914
327.237
416.414
964.453
1928.29
2900.53
3424.14
3451.17
3073.39
2338.45
1443.78
693.717
184.768
-397.323
-1242.21
-2170.78
-2661.4
-2526.26
-2078.55
-1842.93
-2013.19
-2465.95
-2964.82
-3276.94
-3372.98
-3256.93
-3056.59
-2713.78
-2123.29
-1140.21
189.96
1489.74
2319.97
2470.07
2042.36
1443.47
1023.4
818.167
641.035
264.02
-191.942
-391.521
-229.353
94.8282
161.863
-265.391
-1068.74
-1998.07
-2824.03
-3423.68
-3721.75
-3751.22
-3571.34
-3187.91
-2517.1
-1489.74
-195.454
945.671
1620.76
1814.69
1787.66
1794.99
1846.45
1898.52
1887.07
1831.94
1866.91
2141.46
2704.93
3404.6
3851.4
3720.53
3029.57
2080.84
1249.24
650.655
248.291
42.6049
125.215
463.598
750.521
731.892
422.217
148.579
22.6012
-183.085
-761.512
-1566.85
-2126.95
-2093.82
-1589.91
-1048.44
-891.154
-1139.9
-1428.2
-1192.89
-355.178
465.583
678.141
319.144
119.871
580.872
1540.13
2479.54
3081.03
3355.88
3398.18
3178.45
2806.01
2414.19
1862.02
892.685
-455.196
-1742.91
-2478.01
-2611.47
-2440.14
-2297.98
-2318.59
-2457.55
-2545.05
-2444.11
-2261.33
-2212.62
-2418
-2705.84
-2721.72
-2249.88
-1302.53
-195.301
710.361
1280.08
1562.58
1741.85
1952.12
2014.42
1691.76
992.703
290.742
-92.6871
-85.3575
183.394
417.33
366.481
13.7446
-491.539
-909.173
-1187.24
-1585.33
-2245.3
-2939.62
-3192.8
-2889.69
-2226.06
-1477.83
-737.386
21.0742
677.072
1092.11
1277.95
1325.59
1259.47
997.131
578.123
303.722
446.496
1005.53
1674.2
2171.39
2470.53
2643.54
2712.71
2510.39
1957.31
1251.53
670.659
402.518
343.271
235.77
-9.46574
-172.855
-81.0819
182.478
315.785
33.901
-623.013
-1326.96
-1769.79
-1894.85
-1837.74
-1865.38
-2062.06
-2145.58
-1529.59
-193.469
1174.11
1722.76
1302.07
711.888
653.709
1151.05
1710.09
2032.74
2134.74
2204.38
2313.86
2491.76
2714.85
2657.74
2001.59
823.664
-474.895
-1465.61
-1948.91
-2114.89
-2171.85
-2256.75
-2309.74
-2127.11
-1590.21
-826.257
-313.949
-354.873
-842.596
-1319.17
-1485.46
-1325.74
-985.828
-668.213
-462.984
-244.318
157.588
846.417
1508.52
1644.12
1087.07
205.994
-434.429
-594.611
-414.884
-286.921
-340.824
-415.8
-354.567
-76.3482
244.779
279.137
-183.391
-1014.38
-1748.72
-2114.43
-2062.36
-1704.89
-1167.39
-531.394
132.087
777.091
1362.08
1765.21
1788.42
1329.86
585.147
0.612441
-147.964
45.0481
369.23
706.391
1157.62
1681.07
2090.46
2293.55
2254.92
2028.62
1609.92
1045.23
397.937
-309.979
-943.53
-1274.89
-1118.07
-706.235
-392.284
-400.072
-651.263
-849.162
-991.936
-1257.63
-1802.31
-2501.53
-3059.8
-2981.61
-2005.86
-524.828
726.395
1325.89
1583.96
1948.76
2461.67
2764.17
2630.1
2241.63
1850.88
1605.49
1538.6
1666.26
1808.27
1631.45
966.591
85.0554
-627.442
-1070.12
-1430.49
-1853.32
-2305
-2697.29
-2905.42
-2754.4
-2138.86
-1249.85
-476.574
-70.8511
118.649
379.919
809.158
1141.28
1138.07
795.72
301.584
-12.2143
105.67
656.611
1157.77
1175.79
753.728
289.979
67.953
11.7595
-163.54
-590.641
-1035.46
-1255.5
-1132.27
-675.848
-84.4413
222.027
40.9252
-423.282
-733.263
-650.041
-426.489
-335.327
-362.66
-236.988
115.29
553.996
926.889
1148.46
1143.26
784.879
247.528
-151.324
-174.84
64.899
206.91
140.333
84.2919
299.599
735.709
1191.98
1567.16
1796.06
1857.14
1670.08
1125.7
382.362
-283.104
-668.823
-841.069
-1013.62
-1212.28
-1399.03
-1407.89
-1261.6
-1131.81
-1210.75
-1612.36
-2238.27
-2808.15
-2797.61
-2110
-1188
-531.699
-173.313
309.371
1219.92
2299.05
3013.23
3166.84
2903.28
2516.65
2144.98
1853.62
1589.76
1120.82
372.895
-398.85
-886.879
-1041.26
-1085.08
-1281.45
-1682.29
-2173.53
-2523.82
-2519.09
-2091.22
-1514.78
-1172.43
-1101.73
-977.582
-425.725
528.648
1435.53
1928.75
1922.03
1626.87
1330.02
1312.76
1451.87
1393.85
901.388
89.7891
-565.293
-663.937
-313.033
19.6999
45.5062
-214.083
-473.52
-505.893
-210.724
207.215
370.757
98.0349
-366.172
-606.98
-419.77
29.9308
403.893
551.553
625.613
850.998
1244.81
1684.59
1996.09
1986.47
1552.04
838.629
177.591
-187.819
-196.676
-71.4619
-78.3333
-120.02
-128.572
-45.1975
97.8822
265.088
504.064
756.782
868.253
537.199
-178.352
-846.871
-1015.15
-734.332
-535.211
-755.71
-1268.78
-1618.77
-1572.5
-1361.78
-1305.89
-1616.48
-2233.54
-2754.7
-2678.66
-1797.73
-599.803
136.821
134.53
-2.28885
349.99
1157.01
1981.13
2414.03
2508.71
2423.81
2199.49
2041.14
2100.69
2088.48
1477.22
247.681
-1054.85
-1874.54
-2138.71
-2292.02
-2600.32
-2942.98
-3143.32
-2988.03
-2462.13
-1612.2
-740.745
-240.653
-224.162
-289.823
-31.1491
496.581
1007.97
1256.26
1344.83
1536.16
1985.25
2591.01
3040.87
2954.9
2242.09
1163.27
147.204
-567.583
-1093.63
-1580.75
-1930.43
-1863.24
-1301.92
-433.971
455.2
1020.19
1100.97
783.504
331.666
-32.218
-239.279
-368.31
-398.697
-131.473
567.434
1554.33
2469.62
3020.1
3044.53
2569.79
1784.45
1008.28
509.866
265.241
76.6569
-114.676
-140.635
194.847
762.89
1216.56
1294.59
1058.52
751.437
451.229
-47.0299
-854.506
-1689.93
-2135.35
-1993.95
-1635.11
-1393.54
-1349.56
-1312.45
-1178.69
-1154.87
-1434
-2041.29
-2779.59
-3403.52
-3468.57
-2844.03
-1789.49
-845.65
-283.867
145.219
795.262
1603.2
2132.45
2102.07
1734.67
1407.44
1342.84
1515.55
1809.65
2003.88
1794.99
1160.37
310.288
-454.128
-1102.8
-1840.79
-2743.71
-3626.16
-4144.88
-4004.24
-3167.76
-1975.93
-916.35
-340.977
-144.605
0.307041
317.312
614.466
649.587
436.723
229.968
362.511
961.705
1850.42
2642.32
2960.39
2687.52
2067.4
1495.24
1084.78
560.715
-264.016
-1218.24
-1779.56
-1693.59
-1063.86
-283.715
382.362
886.577
1185.41
1330.32
1341.47
1249.39
1019.43
666.842
353.807
332.276
682.417
1260.08
1822.02
2178.26
2308.98
2260.11
2083.74
1818.2
1470.65
1017.75
504.674
105.059
33.5956
281.122
633.248
915.284
1151.97
1372.93
1429.73
957.429
-86.7318
-1250.76
-1966.47
-2153.83
-2131.23
-2148.03
-2199.33
-2015.18
-1622.89
-1169.37
-943.683
-1191.06
-1855.45
-2583.83
-2859.76
-2571.46
-2075.8
-1770.25
-1633.73
-1281.15
-486.5
489.863
1237.94
1571.28
1551.28
1334.75
1091.81
1004.46
1095.47
1142.81
872.375
379.613
-55.2757
-300.817
-545.289
-1056.83
-1782.62
-2544.59
-3071.1
-3232.35
-2991.69
-2451.29
-1868.28
-1357.04
-851.91
-186.445
514.753
940.785
848.402
412.138
45.8116
76.3515
493.833
1080.66
1529.29
1688.56
1604.88
1463.02
1470.5
1475.08
1169.38
324.183
-770.369
-1536.62
-1571.43
-1007.36
-279.134
256.079
530.633
794.346
1206.18
1689.17
2027.09
1997.62
1593.27
1097.91
865.962
1083.71
1633.74
2227.43
2528.4
2450.38
2121.61
1846.45
1774.22
1702.3
1410.18
842.294
259.133
65.2044
325.099
817.251
1282.53
1618.47
1714.67
1378.58
566.823
-426.642
-1165.25
-1482.71
-1716.04
-2161.77
-2625.06
-2677.89
-2107.1
-1337.8
-874.052
-1008.12
-1625.03
-2299.05
-2532.07
-2068.77
-1351.7
-1007.05
-1151.97
-1254.73
-763.955
213.934
1018.66
1168.61
809.31
266.31
-179.115
-371.975
-352.582
-310.59
-504.977
-952.387
-1298.56
-1233.2
-897.415
-756.168
-1105.39
-1818.19
-2435.25
-2625.82
-2315.54
-1697.87
-1114.71
-748.685
-487.416
-21.9871
741.97
1426.68
1535.25
986.748
144.914
-417.785
-383.275
62.914
448.939
557.661
512.615
564.838
792.361
1049.35
985.984
408.474
-456.723
-1186.78
-1412.47
-1091.5
-497.8
32.374
439.014
860.465
1378.88
1902.49
2284.7
2363.79
2102.68
1683.82
1411.25
1443.32
1691.46
1996.09
2219.03
2329.74
2404.72
2444.88
2434.95
2303.63
1967.84
1516.31
1047.37
782.741
800.607
1001.25
1229.08
1414.77
1570.06
1426.68
899.098
128.422
-511.848
-838.778
-1150.44
-1673.59
-2268.2
-2586.89
-2426.09
-1984.94
-1588.69
-1431.41
-1593.42
-1911.49
-1851.94
-1228.01
-449.547
-212.556
-667.144
-1106.31
-803.81
200.649
1142.65
1500.12
1323.91
994.077
664.704
337.315
-8.54955
-524.98
-1364.52
-2398.3
-3273.42
-3590.89
-3366.72
-3072.62
-3018.41
-3200.28
-3263.35
-2912.29
-2127.87
-1187.54
-482.53
-167.968
-75.8901
197.901
844.89
1581.97
1883.25
1554.03
918.185
535.062
714.789
1202.05
1420.26
1050.42
322.045
-276.996
-415.342
-266.459
-265.085
-717.229
-1465.76
-2014.26
-1940.05
-1309.4
-523.453
-24.583
120.787
263.256
717.233
1490.96
2270.49
2740.2
2810.75
2687.98
2553.29
2505.96
2480.3
2381.2
2152.92
1881.72
1744.14
1798.5
1995.33
2122.38
2025.72
1765.36
1461.49
1247.56
1202.97
1258.4
1400.41
1499.36
1358.27
868.711
266.005
-127.35
-186.75
-176.519
-456.113
-954.525
-1404.84
-1600.9
-1552.34
-1463.32
-1552.19
-1791.93
-2084.81
-2070.91
-1504.7
-613.088
2.90294
-13.2832
-329.677
-356.094
158.962
847.027
1251.22
1216.87
1004.16
802.592
714.484
717.538
598.432
74.5191
-920.778
-2034.11
-2890.3
-3317.25
-3630.59
-4056.47
-4720.71
-5000
-4996.18
-4439.9
-3245.48
-2103.29
-1227.25
-675.084
-71.4619
727.616
1563.19
2002.81
1916.84
1450.04
1051.19
1065.08
1448.66
1822.93
1845.99
1508.52
1048.59
780.145
612.328
212.712
-643.17
-1831.02
-2824.33
-3221.96
-3035.21
-2587.19
-2127.56
-1664.73
-1036.68
-219.886
671.423
1461.34
2000.37
2208.35
2257.67
2437.4
2879
3357.26
3504.77
3249.61
2841.59
2585.51
2502.14
2490.69
2420.6
2211.71
1884.47
1472.64
1171.21
1120.82
1293.06
1477.98
1461.03
1089.36
455.047
-119.257
-350.444
-177.13
-6.25905
-191.331
-651.568
-912.227
-671.419
-160.639
107.35
-129.946
-690.812
-1173.04
-1171.05
-670.656
-59.3986
187.822
-111.927
-533.989
-452.448
148.12
778.923
964.301
789.154
643.937
707.46
903.068
1023.55
927.653
455.963
-329.677
-1203.12
-1898.82
-2375.4
-2933.21
-3741.45
-4693.23
-5000
-5000
-4895.1
-4104.42
-3253.11
-2629.49
-2194.29
-1615.71
-751.739
129.033
643.326
681.806
481.769
467.721
860.77
1493.25
1994.26
2130.01
1918.52
1612.21
1466.07
1438.13
1227.25
509.561
-572.775
-1606.86
-2211.24
-2354.48
-2285
-2261.79
-2218.27
-1928.9
-1268.78
-364.187
420.537
870.085
1043.55
1214.58
1569.45
2131.69
2652.7
2992.46
3060.11
2934.43
2812.27
2777.92
2754.25
2592.23
2246.06
1849.65
1543.64
1391.25
1304.67
1211.06
1206.48
1216.41
1042.33
563.006
29.9308
-262.031
-284.173
-373.96
-743.188
-1239
-1470.5
-1275.81
-817.553
-368.31
-116.814
-37.4098
75.8934
501.926
1192.59
1736.35
1658.02
1057.6
461.46
308.608
522.235
697.992
644.089
462.529
374.422
520.402
883.981
1276.72
1406.82
998.811
150.106
-762.886
-1492.49
-2098.4
-2809.52
-3696.4
-4523.58
-4932.66
-4736.75
-4033.41
-3134.31
-2387.46
-1937.15
-1587.16
-1136.24
-636.756
-353.346
-412.593
-663.632
-841.985
-691.728
-209.044
431.684
900.167
1049.51
979.265
1040.19
1279.02
1381.93
1009.5
139.569
-721.963
-1214.11
-1343.3
-1375.98
-1491.72
-1655.72
-1687.79
-1449.58
-959.258
-419.159
11.3014
218.515
333.04
536.589
887.34
1314.14
1660.15
1855.3
1969.52
2079.16
2206.21
2321.65
2288.82
2070.92
1770.56
1557.69
1553.11
1660.46
1702.45
1673.13
1677.87
1730.24
1532.5
919.102
126.284
-406.332
-579.647
-750.212
-1110.89
-1523.94
-1619.23
-1363.15
-1000.49
-739.218
-618.891
-551.703
-346.78
234.09
1188.92
2077.48
2324.09
1972.42
1616.48
1677.41
1975.78
2001.28
1544.87
953.612
540.864
383.431
437.792
620.421
761.057
593.24
163.543
-272.262
-524.98
-807.169
-1483.17
-2546.88
-3531.18
-4046.7
-4022.57
-3631.96
-3042.39
-2416.63
-1898.06
-1400.41
-842.901
-197.745
182.783
38.3293
-522.995
-1007.51
-1024.61
-680.276
-399.156
-380.679
-443.133
-328.303
77.8785
566.976
853.441
617.825
-85.8156
-928.108
-1537.84
-1736.96
-1689.32
-1638.47
-1648.7
-1453.39
-861.683
-83.3724
565.602
832.063
791.445
692.19
739.832
944.144
1114.56
1150.44
1062.18
1039.12
1228.32
1572.05
1841.56
1800.79
1411.86
864.282
398.853
176.981
204.619
354.571
571.252
906.275
1217.02
1331.09
1273.37
1150.29
1061.88
797.4
158.046
-740.745
-1425.45
-1584.87
-1406.36
-1209.99
-1179.45
-1149.52
-930.704
-256.076
814.35
1800.18
2142.07
1781.7
1298.87
1231.98
1570.52
1846.91
1780.33
1513.41
1386.06
1465.61
1725.2
1968.45
1894.4
1286.8
300.057
-524.828
-866.417
-993.769
-1452.33
-2390.82
-3376.19
-3813.68
-3560.96
-2880.99
-2195.21
-1710.85
-1472.64
-1302.22
-884.283
-215.305
385.11
513.684
160.336
-244.929
-215.763
196.984
584.536
551.553
144.456
-280.05
-448.936
-336.243
-171.175
-290.128
-778.767
-1379.64
-1742.46
-1653.28
-1360.1
-1240.38
-1463.63
-1748.11
-1645.64
-1032.1
-262.184
290.589
494.749
555.523
820.458
1369.41
1977.77
2355.24
2336.46
2050.76
1746.58
1548.84
1428.81
1256.11
935.441
486.198
72.9921
-145.063
-86.4264
87.3459
217.293
230.884
46.2697
-380.374
-871.151
-1168.61
-1068.13
-786.555
-719.367
-940.476
-1134.71
-944.141
-470.008
-146.896
-261.42
-606.827
-847.94
-621.028
130.407
1115.02
1877.45
2084.81
1923.41
1872.86
2150.47
2442.28
2304.85
1678.17
953.154
568.198
668.521
1085.85
1447.44
1477.07
1129.37
706.238
402.213
254.399
-106.583
-960.022
-2134.89
-3213.11
-3770.61
-3706.02
-3136.3
-2434.03
-1867.52
-1399.64
-802.13
-8.54955
752.506
1078.98
861.839
423.285
223.554
409.39
726.242
834.964
654.473
418.552
341.896
468.79
594.156
415.803
-239.89
-1218.24
-2054.27
-2427.31
-2383.79
-2254.31
-2247.28
-2153.68
-1672.98
-898.178
-147.659
266.615
337.774
308.15
340.828
517.654
871.459
1302.68
1652.98
1927.53
2201.02
2605.06
3043.31
3167.91
2764.02
1969.52
1126.32
500.857
104.448
-206.296
-445.729
-612.63
-788.998
-1071.19
-1351.09
-1404.07
-1177.77
-1024
-1346.05
-2009.07
-2503.21
-2425.18
-2054.27
-1750.85
-1701.99
-1738.64
-1392.01
-401.751
1049.81
2406.09
3048.5
2804.64
2284.08
2116.12
2326.08
2405.48
1964.64
1175.33
622.864
607.747
1014.69
1559.22
1810.26
1525.93
836.186
125.674
-220.65
-295.625
-674.931
-1576.78
-2572.68
-2982.23
-2520.16
-1664.27
-1038.51
-901.996
-1005.83
-978.957
-726.849
-447.409
-344.336
-502.686
-785.639
-820.149
-362.966
554.913
1425.91
1752.84
1449.43
950.1
683.639
700.588
668.674
292.422
-325.707
-875.426
-1069.66
-988.424
-881.992
-991.478
-1354.6
-1686.72
-1742
-1497.53
-1177.16
-976.208
-866.112
-656.302
-168.579
528.037
1218.24
1674.35
1839.58
1862.79
1854.54
1937.3
2015.94
2037.32
1992.58
1923.41
1921.12
1892.26
1793.61
1584.41
1286.19
802.286
-31.9126
-1164.94
-2133.83
-2507.79
-2422.89
-2292.94
-2345.01
-2440.14
-2292.48
-1923.1
-1645.03
-1726.12
-2082.82
-2497.86
-2509.16
-1738.33
-313.338
1118.22
1977.16
2344.86
2697.14
3307.94
3762.68
3542.33
2567.95
1355.98
372.131
-161.86
-200.188
111.931
431.837
499.788
365.412
279.442
348.463
216.835
-480.392
-1741.08
-2927.25
-3449.79
-3146.38
-2318.13
-1405.75
-644.85
-29.4694
680.126
1451.57
1928.29
1710.7
891.158
-95.7411
-731.43
-767.315
-419.617
-37.5625
184.768
271.502
363.274
537.352
726.395
634.317
12.8284
-874.51
-1485.16
-1571.74
-1256.72
-864.126
-708.067
-663.326
-433.818
75.4353
658.901
948.725
783.352
320.671
-45.3502
-62.6053
126.895
244.627
262.187
344.645
659.665
1172.74
1695.12
2038.24
2147.11
2073.82
1875.77
1683.97
1570.21
1413.7
1153.8
732.502
118.955
-550.176
-1083.4
-1236.1
-1150.44
-1083.71
-1299.78
-1691.3
-1934.86
-1906.76
-1889.66
-2229.11
-2825.4
-3391.61
-3348.86
-2425.79
-948.417
445.58
1285.43
1800.64
2514.51
3473.16
4141.07
4006.54
3047.74
1852.56
895.586
290.131
-66.2701
-271.346
-426.183
-551.092
-563.919
-369.99
-61.9945
-39.5476
-604.079
-1671.91
-2661.71
-3119.2
-2937.79
-2395.55
-1861.41
-1475.69
-1075.77
-303.718
815.724
1804.45
2091.38
1597.85
819.847
471.691
713.11
1055.46
1012.86
570.793
140.027
80.4744
398.395
724.715
626.223
-10.3819
-886.268
-1616.48
-1896.99
-1825.07
-1676.79
-1640.91
-1644.88
-1388.19
-774.644
24.8917
665.009
956.513
1063.4
1296.88
1765.82
2197.81
2225.75
1836.37
1374.76
1174.42
1149.07
1073.18
852.372
579.497
474.898
531.244
724.257
986.9
1256.26
1357.35
1071.5
314.563
-642.559
-1362.69
-1606.25
-1621.36
-1757.73
-1971.35
-2048.92
-1693.29
-1008.28
-446.493
-435.651
-949.944
-1663.05
-2068.93
-1812.09
-1135.93
-546.816
-343.878
-174.382
564.838
1915.47
3280.6
3901.63
3629.68
2941.92
2264.39
1695.58
1095.93
288.757
-667.907
-1574.33
-2086.34
-2014.41
-1557.54
-1152.12
-1160.36
-1491.72
-1799.26
-1794.53
-1508.98
-1153.8
-946.737
-964.297
-994.379
-722.116
-13.2832
757.393
1125.55
941.548
502.231
342.049
692.495
1194.88
1295.35
911.009
407.405
139.264
253.178
490.321
366.939
-221.718
-967.504
-1384.53
-1394.76
-1195.03
-1126.31
-1305.58
-1522.42
-1522.87
-1136.24
-551.245
-29.7748
203.245
253.941
468.79
1082.64
1875
2463.97
2640.64
2515.27
2414.34
2414.19
2395.4
2204.83
1801.4
1274.43
832.521
616.756
698.298
921.85
1020.8
660.734
-169.342
-1066.61
-1657.1
-1840.95
-1949.82
-2243.62
-2627.5
-2707.21
-2261.63
-1467.14
-787.471
-625.762
-981.4
-1463.78
-1475.99
-811.598
112.847
682.722
744.26
769.456
1342.08
2438.92
3456.82
3779.02
3429.03
2753.94
2121.31
1617.86
1099.75
414.429
-487.874
-1393.84
-1959.59
-2043.58
-1898.51
-1986.47
-2481.37
-3018.72
-3231.89
-2941.61
-2346.23
-1647.17
-961.854
-372.891
276.999
1080.2
1941.27
2448.54
2277.67
1523.95
729.448
369.688
355.945
234.09
-132.084
-463.289
-452.601
-33.8977
616.145
1115.02
1078.52
438.555
-527.729
-1367.58
-1834.38
-2031.97
-2279.35
-2481.98
-2285.15
-1512.8
-481.003
323.572
722.882
784.726
754.491
799.08
918.185
970.867
938.8
868.558
961.399
1382.24
1977.31
2407.31
2443.05
2184.52
1839.42
1524.86
1253.06
1028.28
848.707
634.469
225.997
-283.256
-665.617
-765.94
-762.276
-1035.15
-1655.26
-2366.23
-2815.17
-2881.9
-2735.92
-2611.62
-2562.61
-2486.87
-2076.87
-1127.08
131.018
1126.16
1452.02
1326.81
1359.64
1832.86
2480.46
2901.91
3001.93
3021.32
3168.06
3362.45
3399.25
3056.75
2247.59
1130.74
-27.637
-971.169
-1735.13
-2469.15
-3314.5
-4073.27
-4424.17
-4159.54
-3491.33
-2732.41
-2045.26
-1511.12
-989.188
-330.899
533.993
1397.36
1971.51
2132.61
2022.36
2008.31
2283.63
2525.2
2276.3
1462.41
458.406
-261.268
-615.684
-777.393
-995.448
-1301.76
-1537.69
-1547.76
-1380.71
-1253.36
-1264.2
-1513.71
-1869.96
-2047.09
-1860.95
-1425.3
-983.385
-620.418
-200.799
471.386
1416.6
2290.5
2727.53
2672.4
2339.36
1979.75
1714.51
1488.06
1182.66
783.504
371.826
128.728
135.599
342.965
560.563
677.072
566.823
174.69
-319.446
-658.44
-688.064
-673.71
-789.151
-1052.56
-1273.97
-1320.24
-1242.97
-1188.61
-1382.69
-1837.74
-2449.15
-2751.5
-2327.6
-1305.12
-335.48
105.823
318.839
814.96
1650.23
2479.85
2934.13
3003.91
2927.71
2864.19
2881.75
2967.42
2960.09
2699.89
2140.24
1440.57
792.514
135.294
-695.851
-1702.14
-2657.74
-3379.7
-3751.98
-3774.74
-3458.65
-2918.7
-2341.5
-1840.95
-1269.09
-525.133
250.887
834.353
1164.8
1398.27
1688.56
2098.4
2548.41
2824.79
2754.86
2341.35
1736.66
1208.01
844.584
432.753
-293.335
-1218.54
-1920.5
-2219.49
-2260.41
-2310.65
-2476.79
-2645.67
-2643.69
-2428.08
-2063.89
-1613.73
-1135.63
-658.44
-145.216
488.946
1215.8
1902.34
2330.66
2434.65
2388.38
2353.72
2369.14
2294.47
2000.98
1585.79
1191.37
839.698
488.336
72.0759
-358.232
-886.268
-1474.93
-1934.25
-2008.61
-1681.68
-1237.02
-918.793
-815.11
-725.17
-661.188
-700.28
-1009.65
-1600.29
-2323.48
-2913.82
-3022.08
-2527.49
-1637.4
-736.011
17.5621
744.871
1485.31
2094.28
2481.98
2605.82
2538.48
2345.01
2093.82
1976.39
2105.58
2366.08
2592.08
2700.96
2654.38
2354.17
1713.14
714.331
-497.036
-1634.65
-2605.06
-3441.7
-3919.8
-3751.68
-3088.5
-2292.48
-1590.67
-1042.79
-558.727
-129.946
183.699
362.206
446.19
664.398
1063.86
1571.13
2131.84
2642.78
2916.87
2804.64
2432.97
1953.95
1434.16
901.999
377.017
-216.374
-914.212
-1540.43
-1950.74
-2136.42
-2175.21
-2155.05
-2184.52
-2261.94
-2260.26
-1991.81
-1496.15
-883.061
-344.489
-33.5923
176.37
523.915
1105.7
1778.5
2250.34
2385.94
2305.62
2203.46
2175.82
2106.34
1880.04
1434.01
878.483
290.284
-431.07
-1207.55
-1808.27
-1998.38
-1930.73
-1832.24
-1734.52
-1582.43
-1283.59
-987.813
-897.873
-1130.74
-1576.47
-2104.35
-2528.55
-2657.89
-2441.06
-1990.29
-1519.36
-1017.44
-336.243
466.347
1211.98
1790.56
2243.47
2611.02
2831.06
2875.8
2781.43
2663.09
2582.92
2526.42
2468.24
2340.58
1980.67
1370.79
614.771
-127.808
-817.706
-1494.01
-2027.7
-2319.97
-2234.91
-2003.88
-1886.15
-1835.6
-1690.38
-1423.31
-1175.02
-931.467
-661.494
-250.731
343.882
1035.46
1665.19
2117.18
2358.91
2434.65
2381.2
2254.61
2013.2
1548.38
965.37
524.831
267.226
70.5489
-235.309
-633.244
-964.45
-1184.34
-1317.49
-1534.78
-1842.63
-2058.54
-2035.94
-1780.48
-1346.2
-839.084
-384.802
-30.691
244.321
552.622
864.13
1117.61
1315.2
1445
1534.63
1613.89
1700.77
1803.23
1848.43
1742
1418.58
828.245
114.985
-541.319
-1062.33
-1462.71
-1767.65
-1884.47
-1791.17
-1553.11
-1323.6
-1281
-1467.14
-1838.2
-2297.98
-2729.51
-2950.46
-2889.84
-2684.61
-2471.75
-2094.89
-1400.41
-502.991
250.735
673.408
946.282
1332.92
1862.79
2246.98
2344.55
2279.05
2280.73
2483.51
2809.83
3030.02
2890.15
2334.32
1516.31
769.761
159.573
-380.832
-952.998
-1466.22
-1716.95
-1708.1
-1528.83
-1326.2
-1127.38
-1014.08
-991.325
-1009.34
-1001.86
-903.981
-746.853
-484.057
-158.348
217.446
595.531
969.798
1414.31
1949.52
2403.04
2538.79
2314.93
1888.29
1459.66
1056.68
638.592
183.852
-244.776
-537.349
-610.339
-529.103
-468.023
-525.438
-691.423
-805.032
-708.525
-506.198
-409.234
-542.999
-787.013
-864.432
-609.423
-131.015
362.511
724.104
981.709
1208.62
1411.1
1515.85
1518.14
1401.17
1146.93
761.21
331.207
50.698
-79.0968
-96.6573
-132.542
-176.214
-156.363
-147.354
-300.97
-633.702
-1108.45
-1750.09
-2508.4
-3248.53
-3587.99
-3413.75
-2990.78
-2706.6
-2535.88
-2177.96
-1480.73
-782.432
-463.137
-463.289
-403.889
-45.6556
525.442
1143.72
1626.56
1968
2188.95
2462.74
2786.16
2909.85
2579.56
1763.68
798.774
76.8096
-275.316
-458.861
-570.027
-548.343
-452.906
-359.606
-253.48
-128.877
-58.0243
-186.75
-487.263
-812.819
-1025.22
-1077.6
-1007.05
-823.814
-541.166
-227.368
19.3945
263.103
595.836
975.753
1223.28
1220.53
1095.62
957.582
876.956
836.796
817.098
823.97
778.465
632.942
520.708
493.222
510.172
435.807
246.154
79.8636
31.4578
64.7463
-20.7655
-197.439
-373.807
-495.356
-623.93
-700.89
-691.423
-520.552
-184.154
215.461
576.443
808.7
905.969
963.69
1110.74
1308.33
1400.72
1226.49
895.433
727.311
758.767
850.234
826.107
577.512
205.23
-222.94
-737.538
-1346.05
-2062.21
-2779.59
-3348.55
-3597.61
-3471.17
-3158.59
-2806.31
-2462.89
-2032.43
-1486.99
-1096.99
-981.094
-976.208
-837.557
-473.978
-13.7413
416.567
859.091
1349.26
1901.88
2420.9
2670.57
2503.06
1969.68
1273.21
636.454
156.366
-189.804
-460.388
-658.287
-637.215
-341.588
155.908
575.68
737.847
631.11
308.608
-17.5588
-283.104
-608.049
-1026.45
-1434.31
-1620.6
-1490.2
-1163.42
-705.471
-275.011
68.2584
394.731
642.868
741.817
667.605
525.594
435.807
425.118
518.875
665.62
850.845
1082.8
1310.47
1463.63
1520.59
1525.93
1507.91
1389.72
1065.69
612.175
167.819
-209.808
-526.507
-787.013
-881.076
-822.592
-721.199
-636.298
-515.207
-295.778
-33.5923
167.055
246.764
343.423
594.004
981.25
1346.36
1569.6
1716.04
1819.11
1842.48
1729.78
1459.35
1113.49
702.115
206.299
-421.297
-1172.73
-1928.14
-2577.27
-2964.51
-3093.54
-2949.09
-2668.73
-2393.41
-2105.88
-1775.29
-1367.58
-1082.95
-991.02
-1054.54
-1071.65
-864.279
-400.835
202.176
712.346
1060.96
1294.74
1489.13
1588.08
1428.66
1006.75
471.844
0.00164193
-351.208
-616.753
-710.052
-588.656
-304.787
53.752
419.926
774.495
998.353
944.45
589.423
127.048
-186.139
-433.666
-783.959
-1165.25
-1308.33
-1118.68
-799.687
-612.783
-570.943
-531.241
-450.463
-404.958
-439.621
-499.785
-565.293
-521.163
-373.502
-39.5476
457.49
956.666
1333.38
1558.15
1724.29
1863.09
1897.91
1750.7
1502.72
1251.83
1025.99
766.249
441.762
129.949
-88.1061
-289.823
-484.515
-659.509
-742.272
-714.481
-560.559
-328.456
-85.5102
126.59
368.924
713.873
1151.97
1610.98
1912.11
2001.59
1917.3
1792.7
1663.05
1449.12
1035.46
486.503
-85.8156
-564.071
-904.439
-1177.01
-1416.75
-1663.05
-1837.13
-1800.63
-1529.29
-1166.32
-936.506
-817.553
-719.825
-620.418
-555.826
-586.213
-661.647
-685.162
-542.541
-306.009
-53.596
152.243
262.187
296.392
261.576
160.031
-49.6258
-430.306
-879.549
-1175.94
-1193.81
-963.687
-592.015
-167.968
220.042
539.49
758.767
849.776
778.618
528.954
122.314
-311.048
-535.975
-489.859
-365.867
-287.227
-277.454
-226.452
-138.497
-159.57
-358.537
-654.928
-932.994
-1162.81
-1332.91
-1344.52
-1168.15
-879.702
-510.016
-128.572
285.398
696.618
1024.31
1180.52
1043.55
813.739
721.355
647.907
498.566
400.991
474.44
670.048
781.825
701.81
532.618
379.919
207.979
0.00164193
-212.098
-266.765
-149.033
-15.5737
196.068
581.33
1090.58
1518.6
1697.26
1765.06
1788.57
1770.71
1603.81
1183.58
656
192.556
-177.436
-466.649
-626.067
-684.704
-701.043
-675.695
-543.61
-287.685
12.2176
279.595
491.695
576.291
566.365
544.834
526.205
499.788
420.231
288.91
184.616
132.392
76.8096
-103.834
-367.394
-660.425
-898.178
-1062.94
-1188.77
-1299.17
-1354.6
-1312.91
-1229.08
-1048.59
-729.445
-396.102
-225.994
-236.683
-283.409
-240.042
-209.808
-274.705
-469.397
-650.041
-630.801
-472.757
-296.694
-203.394
-113.454
-65.3539
-58.9405
-103.834
-247.83
-464.664
-791.136
-1084.93
-1231.83
-1168.76
-1047.98
-963.687
-892.529
-785.181
-499.632
-183.543
57.8749
163.238
150.106
104.448
1.37594
-114.218
-235.767
-282.34
-273.331
-162.624
46.7278
257.912
485.434
678.599
862.297
946.74
1024.01
1092.42
1106.16
1057.75
1011.48
1068.75
1105.24
1105.85
1106.62
1205.72
1417.97
1553.57
1387.74
917.727
310.593
-207.212
-588.809
-950.707
-1276.57
-1468.21
-1459.04
-1172.12
-608.202
23.3647
641.493
1075.62
1337.96
1539.83
1685.5
1784.91
1820.95
1763.68
1602.74
1386.52
1222.67
1215.19
1244.5
1147.85
865.351
458.559
54.6682
-308.605
-643.628
-977.277
-1266.03
-1383.15
-1271.68
-940.171
-527.576
-211.182
-113.149
-210.877
-360.523
-569.874
-892.987
-1307.11
-1674.81
-1817.74
-1660.61
-1351.24
-1044.16
-740.898
-491.844
-310.437
-214.389
-265.543
-488.18
-832.976
-1168.76
-1353.22
-1360.1
-1204.95
-929.024
-632.023
-319.904
-60.7729
71.3124
41.3833
-120.02
-351.666
-652.485
-949.027
-1084.47
-1010.41
-881.687
-784.264
-672.183
-507.267
-331.357
-165.983
-13.5886
139.417
273.792
462.377
749.605
1077.3
1406.67
1645.8
1827.82
1904.63
1859.43
1744.29
1664.58
1551.43
1319.18
994.383
607.899
248.75
-37.4098
-184.307
-391.521
-683.635
-974.681
-1168.61
-1208.77
-1042.63
-718.451
-359.301
-3.96855
467.874
1057.29
1613.12
1981.89
2118.1
2056.71
1846.29
1680
1585.33
1538.91
1463.63
1320.55
1135.02
967.202
814.808
561.173
195.152
-225.994
-709.594
-1089.05
-1139.14
-898.637
-627.442
-484.057
-416.258
-285.394
-41.5327
119.26
94.6755
-115.745
-420.992
-663.937
-794.495
-758
-607.133
-456.723
-401.599
-358.69
-320.362
-276.385
-299.595
-514.139
-871.303
-1222.51
-1338.41
-1209.23
-958.342
-683.024
-429.085
-245.082
-140.635
-112.691
-216.985
-368.31
-578.731
-898.484
-1237.02
-1499.36
-1573.57
-1491.26
-1363.15
-1289.24
-1195.79
-1028.43
-841.221
-643.017
-456.113
-249.204
5.80423
312.883
703.642
1111.35
1463.02
1672.06
1725.81
1698.94
1636.18
1590.98
1475.23
1224.81
836.186
489.863
287.077
123.841
-106.736
-418.243
-735.706
-1005.68
-1144.48
-1081.72
-858.018
-597.818
-342.351
-99.2532
250.124
745.635
1234.12
1613.58
1763.07
1748.72
1680.46
1610.53
1607.62
1602.43
1482.26
1315.51
1204.19
1130.29
1035.15
857.258
577.207
224.623
-138.802
-397.934
-467.87
-417.327
-364.493
-315.629
-230.422
-97.7262
38.0239
94.0647
57.7222
-53.7487
-173.313
-305.245
-367.547
-299.901
-235.767
-284.783
-377.625
-442.217
-506.198
-580.258
-713.564
-931.314
-1124.78
-1243.74
-1212.74
-1043.7
-784.264
-507.725
-440.69
-461.762
-433.818
-361.744
-316.698
-360.675
-448.478
-585.602
-651.11
-596.291
-540.403
-576.745
-704.25
-835.572
-874.052
-858.324
-870.54
-796.633
-618.432
-391.673
-142.773
183.241
621.184
1006.75
1172.74
1166.17
1109.06
1083.41
1095.32
925.362
651.266
469.553
397.021
424.66
478.105
463.751
260.355
-127.197
-563.461
-842.443
-1005.53
-1123.87
-1195.03
-1151.2
-902.301
-449.699
56.6533
572.015
1054.39
1364.83
1423.16
1328.95
1331.54
1410.18
1388.96
1221.29
1025.53
858.022
718.607
646.838
559.799
412.596
134.377
-167.51
-294.098
-295.625
-318.377
-392.895
-440.995
-380.068
-194.08
45.3535
223.249
316.09
328.459
287.841
250.124
298.072
413.207
499.941
468.485
336.705
212.712
37.5658
-117.577
-275.011
-516.582
-772.965
-984.148
-1076.38
-1050.57
-900.774
-683.941
-552.008
-502.839
-474.742
-443.439
-438.399
-486.5
-598.429
-772.659
-831.449
-698.905
-442.37
-203.394
-17.1007
91.3161
107.808
62.1505
-42.7543
-158.348
-307.841
-454.891
-503.144
-397.17
-174.382
29.4727
186.906
281.733
304.332
264.172
151.022
26.8768
-126.128
-230.728
-187.819
28.5565
288.757
441.151
439.777
388.928
277.61
35.5807
-247.983
-537.349
-772.048
-1013.16
-1154.26
-1035.15
-706.998
-312.422
110.709
575.222
915.59
1170.6
1310.62
1359.95
1378.42
1358.72
1201.14
943.686
788.391
742.123
659.665
422.675
152.396
-118.493
-393.2
-604.537
-733.415
-840.458
-919.862
-904.592
-783.043
-546.358
-191.178
157.435
333.193
380.224
416.414
517.196
605.456
714.942
799.843
825.497
883.217
859.549
806.104
746.856
583.926
240.962
-154.836
-496.273
-698.294
-727.155
-800.756
-884.283
-930.551
-873.594
-783.043
-710.51
-674.779
-686.842
-750.365
-812.361
-703.792
-499.174
-217.443
122.62
416.567
646.991
836.644
1018.81
1093.33
1001.71
878.025
742.428
595.836
513.836
463.598
404.503
301.126
211.949
93.4539
-126.739
-358.996
-542.235
-653.706
-786.86
-817.095
-706.082
-544.831
-377.93
-260.351
-118.646
19.0891
30.9997
-108.11
-257.603
-449.394
-642.254
-793.121
-834.961
-766.551
-558.88
-331.662
-131.015
163.543
473.676
751.437
907.496
988.275
984.763
926.431
777.091
613.702
485.587
358.235
217.904
41.3833
-196.37
-416.716
-615.073
-788.54
-901.996
-970.558
-986.897
-981.4
-908.257
-781.974
-572.623
-320.21
-95.8938
115.595
288.91
458.101
633.553
782.435
891.768
916.506
901.847
862.603
798.621
740.596
703.642
635.538
578.123
497.956
379.613
196.221
-59.8567
-296.389
-575.524
-932.689
-1236.87
-1383.31
-1391.4
-1323.6
-1208.92
-985.675
-655.233
-274.705
132.087
479.479
719.065
936.815
1141.89
1232.75
1253.06
1249.85
1227.25
1167.54
1082.8
1030.42
985.831
867.794
648.365
365.718
59.86
-246.303
-493.371
-651.721
-703.792
-650.194
-514.749
-338.381
-199.119
-117.577
-67.7971
-35.4247
-17.4061
-42.1435
-153.004
-329.372
-456.418
-483.14
-407.554
-300.664
-243.555
-197.439
-152.393
-61.6891
108.571
308.608
493.222
619.047
636.302
626.529
584.231
511.088
408.168
331.513
167.666
-122.616
-386.787
-593.848
-703.639
-777.088
-889.933
-1043.85
-1122.19
-1075.92
-994.074
-902.607
-810.376
-701.196
-551.245
-379.457
-145.216
103.379
341.591
583.468
746.551
825.191
840.461
789.154
711.43
651.266
619.657
552.011
510.782
466.805
439.93
419.468
347.088
167.513
-162.318
-540.708
-894.208
-1205.72
-1465.15
-1637.7
-1605.48
-1405.75
-998.502
-506.504
-17.2534
463.14
887.645
1196.25
1351.55
1387.89
1394.15
1369.57
1278.25
1177.62
1088.75
1051.34
1050.42
1056.84
966.439
713.262
390.608
123.841
-79.8603
-222.177
-369.99
-441.606
-467.565
-443.439
-354.109
-217.137
-102.46
-69.7822
-22.2925
-32.218
-100.017
-165.678
-229.964
-206.907
-128.724
-75.1267
-105.209
-179.726
-200.951
-118.646
37.5658
158.962
237.297
235.159
207.368
238.824
245.237
218.668
158.962
1.68134
-174.534
-306.925
-388.314
-405.569
-455.044
-558.574
-694.172
-760.749
-781.363
-781.516
-795.412
-886.726
-993.005
-991.478
-859.851
-691.118
-559.185
-415.8
-219.428
4.73534
226.303
400.533
458.406
428.325
436.265
476.12
532.16
594.767
601.639
547.278
440.541
357.166
267.532
78.642
-192.553
-508.947
-793.885
-1032.1
-1203.27
-1284.36
-1238.09
-1073.33
-803.505
-479.934
-99.5586
323.267
707.307
1029.66
1236.41
1346.2
1377.2
1373.69
1325.59
1216.26
1047.83
893.753
781.672
698.909
654.473
534.145
379.461
284.634
158.199
42.2995
-8.70225
-24.4303
-14.5048
-7.32795
36.3442
61.2343
96.6606
117.428
108.877
132.087
161.405
181.409
218.82
234.09
257.301
260.202
219.126
199.58
206.757
199.122
164.459
171.178
190.113
172.4
91.6215
16.4932
-71.0038
-151.324
-255.465
-337.465
-349.528
-318.988
-259.893
-202.784
-136.054
-138.955
-205.074
-279.897
-411.372
-585.602
-741.508
-872.83
-991.936
-1032.86
-964.603
-812.056
-661.494
-533.073
-417.021
-351.819
-262.337
-156.974
-135.29
-131.32
-104.445
-43.5178
15.577
141.402
275.625
331.818
281.122
145.066
-24.7357
-233.934
-523.148
-809.613
-1012.4
-1163.11
-1166.17
-1068.13
-848.551
-606.369
-411.677
-209.35
-9.61844
201.26
360.068
505.133
697.687
840.614
913.452
979.876
1024.62
1007.51
954.986
926.889
857.106
732.655
539.337
422.064
350.295
236.839
129.491
77.8785
43.5211
4.27724
-12.367
43.2157
114.221
159.268
204.772
251.04
345.714
450.466
576.901
684.86
761.974
831.147
820.305
735.709
658.748
637.065
604.693
515.363
393.814
244.321
58.333
-152.24
-303.413
-436.414
-521.315
-614.92
-653.706
-599.498
-515.207
-371.059
-213.015
-78.0279
-11.1454
6.41503
-75.4321
-204.311
-344.947
-485.431
-627.289
-681.956
-628.663
-537.349
-435.804
-330.899
-227.674
-152.698
-131.32
-130.251
-161.86
-206.907
-229.353
-237.905
-220.039
-131.626
38.3293
121.551
120.634
78.9474
-18.0169
-168.121
-421.908
-712.496
-957.884
-1148.91
-1278.25
-1274.58
-1152.73
-951.776
-724.253
-521.163
-300.206
-116.203
27.9457
118.955
202.94
287.688
386.179
484.823
552.469
567.587
567.739
628.514
674.782
675.545
643.173
573.389
498.719
406.488
330.139
231.647
92.8431
-0.761857
-103.376
-187.208
-209.502
-197.439
-179.115
-136.359
-68.7133
70.3962
276.388
518.57
782.741
973.921
1108.3
1204.8
1209.84
1106.16
993.772
912.077
864.282
739.985
582.246
439.624
284.634
105.059
-125.67
-374.876
-614.157
-749.296
-763.039
-706.235
-571.554
-385.718
-196.218
-60.4675
45.6589
125.979
111.32
47.0332
-51.0001
-180.795
-305.703
-390.452
-419.007
-428.627
-434.124
-381.595
-262.337
-134.374
-34.8139
25.9606
27.0295
-31.7599
-60.9256
-120.784
-151.782
-113.912
-75.5847
-98.9478
-172.244
-222.787
-242.18
-319.599
-475.811
-655.997
-813.888
-896.346
-921.542
-897.873
-872.525
-890.238
-891.154
-842.29
-787.929
-681.956
-532.31
-362.508
-229.659
-105.209
59.4019
200.191
281.122
320.213
358.083
384.347
401.602
447.259
485.434
502.995
505.285
474.44
415.956
353.807
280.511
192.251
51.6142
-125.67
-218.206
-209.655
-248.288
-282.493
-204.769
-18.1696
236.381
484.671
650.961
813.739
909.94
949.183
1016.22
1037.75
1019.27
1037.6
1018.81
940.938
828.093
638.287
377.017
113.916
-145.979
-344.794
-437.331
-481.613
-457.029
-397.018
-229.353
-26.5681
139.875
238.519
227.83
158.504
94.6755
52.5304
23.5174
19.6999
10.0798
6.72043
18.4783
36.0388
87.804
103.227
83.6811
40.9252
-47.3353
-147.048
-203.853
-164.303
-74.0578
21.2269
84.5973
125.979
132.24
51.9196
-88.1061
-211.029
-339.908
-512.153
-641.948
-722.421
-706.998
-562.697
-356.247
-204.311
-171.328
-204.311
-269.361
-348.459
-488.485
-659.814
-767.315
-781.363
-700.127
-572.623
-397.17
-224.467
-117.883
-44.8921
-16.6426
-16.7953
-10.5346
-26.11
-74.974
-86.8845
-69.1714
-26.8735
38.482
132.85
209.048
161.558
34.0537
-80.4711
-162.776
-283.562
-428.169
-514.291
-474.589
-333.953
-71.6146
209.353
446.801
637.676
727.005
773.121
805.188
850.387
835.422
821.832
798.774
767.165
697.992
561.173
382.056
139.875
-67.7971
-184.918
-270.124
-377.167
-424.351
-346.78
-204.158
-33.5923
93.7593
144.15
162.474
201.413
191.945
161.405
129.949
127.811
169.04
207.826
293.949
410.001
533.077
582.857
569.725
535.672
467.721
314.869
170.567
39.0928
-60.7729
-94.5195
-105.361
-82.6089
-88.7169
-115.439
-155.141
-189.041
-243.096
-318.836
-393.811
-428.779
-437.025
-379.61
-249.663
-127.35
-63.2161
-14.3521
-16.0318
-131.167
-245.54
-386.176
-506.656
-623.319
-705.166
-728.376
-713.412
-656.913
-500.243
-325.096
-195.607
-125.518
-99.864
-63.8269
-37.2571
-32.3707
-106.43
-170.869
-188.583
-168.732
-179.573
-176.061
-150.866
-151.171
-201.715
-263.405
-235.461
-207.975
-216.679
-215.458
-172.396
-118.188
-34.3558
61.5397
187.364
294.101
361.9
408.168
433.364
487.114
527.732
528.954
421.148
284.939
192.709
147.815
89.0256
17.8675
-77.4171
-199.73
-282.188
-239.584
-140.024
-85.9683
-80.3184
-102.307
-60.7729
44.8954
190.724
266.768
266.768
248.139
290.131
436.57
633.095
790.681
861.381
832.674
822.748
842.141
801.217
645.464
454.742
241.573
67.1895
-60.4675
-143.994
-207.517
-296.847
-360.981
-384.496
-386.482
-363.729
-299.443
-260.504
-197.286
-98.337
12.0649
111.32
216.072
293.185
306.47
266.615
148.884
72.6867
-0.914557
-122.005
-227.521
-344.184
-439.01
-505.587
-473.215
-375.793
-352.735
-408.318
-445.576
-430.001
-377.32
-334.258
-258.519
-193.164
-174.076
-183.085
-152.545
-120.173
-112.08
-185.681
-324.943
-454.586
-568.347
-539.945
-453.975
-357.163
-313.186
-175.909
0.00164193
189.96
346.783
387.401
361.289
295.17
226.914
138.958
78.642
22.6012
5.80423
-5.80095
3.81914
54.0574
125.063
99.5619
-27.9424
-146.285
-250.731
-346.474
-423.893
-449.699
-429.237
-401.446
-317.461
-147.964
6.72043
110.251
192.556
267.379
356.25
468.637
623.628
795.873
916.964
980.945
1073.94
1153.19
1156.4
1128.61
1007.06
807.325
579.039
381.293
181.562
-56.9554
-267.07
-404.653
-474.131
-552.008
-563.461
-517.498
-430.459
-349.681
-285.852
-179.879
-82.9143
-13.1305
67.953
183.852
268.448
338.079
374.727
379.308
379.461
338.995
220.042
74.6718
-30.3856
-119.41
-194.385
-233.018
-279.286
-325.86
-344.947
-340.672
-312.269
-258.214
-173.313
-94.5195
-36.6463
-21.2236
16.1878
60.9289
57.5695
29.4727
-97.5735
-229.964
-278.217
-235.92
-199.424
-182.322
-139.566
-77.1117
8.55283
40.4671
86.7351
108.724
95.7444
78.1839
97.2714
99.4092
71.3124
40.1617
-14.8102
-43.5178
-57.2608
-128.266
-186.597
-273.331
-400.377
-480.392
-533.684
-558.116
-638.894
-730.667
-756.626
-686.995
-554.451
-449.241
-330.746
-208.434
-98.1843
34.9699
187.212
345.561
509.103
664.093
787.474
898.487
967.507
1020.95
1073.63
1071.95
1015.46
940.174
834.201
667.758
505.285
324.794
128.269
-96.81
-305.703
-459.625
-584.991
-604.079
-532.004
-392.742
-265.696
-128.877
-4.42665
98.1876
165.528
171.483
138.195
92.6904
64.4409
103.99
191.945
292.269
361.595
407.099
447.107
455.658
409.848
283.565
149.953
-31.7599
-225.536
-323.264
-341.588
-274.705
-198.508
-93.9087
22.9066
135.752
243.863
276.083
208.59
18.0202
-189.499
-307.688
-355.789
-419.923
-400.53
-320.515
-185.529
-25.1938
92.0796
180.645
241.878
279.442
229.968
172.705
165.376
153.465
115.29
89.7891
75.7407
79.5582
45.3535
-3.51045
-76.8063
-188.43
-343.42
-479.934
-642.712
-823.966
-983.69
-1127.53
-1169.53
-1139.29
-1099.13
-1039.73
-952.234
-844.581
-636.604
-394.575
-186.75
12.6757
204.467
382.667
529.87
672.644
747.62
798.927
848.096
908.871
943.686
929.485
868.405
786.864
660.581
474.134
302.958
139.417
-53.2906
-271.346
-431.833
-564.071
-603.468
-553.84
-477.643
-347.238
-230.88
-114.523
-36.9517
-16.6426
-6.41175
-3.20505
5.80423
52.6831
113.61
209.353
318.686
440.388
546.056
574.764
594.615
556.592
511.851
453.215
335.941
295.323
288.299
262.34
254.705
292.422
361.595
410.001
445.274
430.157
310.898
213.018
116.053
-31.7599
-152.087
-222.177
-210.113
-204.463
-189.346
-136.359
-88.5642
-76.0428
-21.2236
50.2399
103.837
146.593
251.04
305.554
329.68
373.658
389.844
342.965
256.385
156.519
54.8209
-93.1452
-265.543
-379.305
-489.401
-614.004
-792.663
-932.841
-1037.75
-1120.2
-1158.99
-1147.08
-1095.31
-1038.36
-931.467
-799.687
-627.747
-430.459
-266.154
-124.143
38.9401
198.206
347.394
476.425
563.158
622.711
589.728
557.356
559.952
532.008
421.606
317.77
171.636
-27.637
-170.259
-270.124
-366.478
-453.059
-459.167
-402.515
-341.435
-326.47
-286.463
-239.279
-248.746
-279.286
-309.979
-331.968
-307.536
-240.653
-116.661
56.5006
209.506
304.332
353.044
396.258
425.423
447.717
438.097
428.783
453.52
447.565
482.228
583.162
672.95
707.918
692.495
675.393
635.08
573.389
491.39
408.626
305.401
212.865
114.374
62.3032
99.1038
131.476
109.945
66.2733
71.4651
79.2528
90.7053
144.15
171.789
189.197
232.716
262.798
300.82
341.744
354.723
276.083
180.493
117.58
68.1057
5.65153
-84.4413
-153.156
-295.167
-438.552
-522.995
-638.589
-768.384
-898.637
-964.908
-955.135
-867.333
-806.101
-767.009
-731.43
-654.622
-541.319
-469.092
-398.087
-315.476
-194.538
-96.3519
-15.2683
91.9269
207.979
241.878
287.23
330.291
336.705
289.52
177.591
63.2194
-84.2886
-202.936
-287.074
-380.221
-386.023
-342.046
-295.014
-252.564
-251.953
-262.337
-288.754
-262.489
-300.664
-396.865
-449.394
-440.385
-359.301
-257.908
-136.207
-53.1379
-1.37266
52.8358
118.497
234.854
363.427
437.945
474.134
506.354
544.987
570.793
595.225
635.233
603.624
534.451
449.397
441.609
465.889
481.159
439.624
398.701
361.747
295.018
248.444
229.815
232.105
187.975
141.096
169.498
235.159
353.196
447.259
473.218
487.114
493.833
492.306
456.574
400.839
315.327
222.18
89.1783
63.0667
94.5228
128.269
65.2044
-6.86985
-95.1303
-244.165
-379.915
-506.045
-610.797
-722.268
-799.84
-765.94
-679.207
-608.049
-496.425
-412.746
-337.159
-288.296
-272.72
-257.297
-228.132
-209.961
-183.849
-154.683
-96.5046
-25.9573
26.8768
110.098
159.42
114.374
35.8861
-46.8772
-148.728
-258.366
-380.832
-468.634
-505.435
-498.563
-465.122
-390.299
-333.037
-328.761
-335.022
-374.418
-405.722
-421.908
-439.621
-429.696
-385.107
-298.832
-233.018
-174.84
-159.57
-172.396
-142.467
-60.3148
67.6476
211.491
324.489
428.783
491.39
563.922
638.898
622.406
575.527
527.427
476.73
448.328
443.442
447.87
444.205
440.846
455.047
489.099
489.404
408.321
331.207
234.549
138.653
128.575
152.396
218.362
328.612
429.852
528.801
588.812
609.732
615.229
561.479
450.466
335.941
229.051
147.052
138.195
179.882
208.131
173.469
116.97
47.3386
-40.4638
-149.95
-300.97
-443.744
-586.366
-668.365
-685.62
-615.837
-530.172
-443.744
-370.601
-323.722
-254.396
-189.346
-99.2532
-27.1789
14.6608
30.3889
37.4131
55.279
79.7109
104.906
102.31
55.7371
33.1375
4.42994
-8.54955
-53.596
-138.497
-242.486
-331.51
-334.105
-314.56
-337.312
-403.584
-444.202
-489.707
-556.589
-610.187
-592.932
-584.686
-568.805
-553.23
-502.381
-381.901
-342.504
-345.253
-345.558
-300.053
-229.201
-124.754
26.1133
169.193
264.325
326.474
385.263
480.242
530.023
507.423
452.756
384.652
364.954
328.153
280.053
218.515
187.822
185.837
230.578
282.954
349.531
358.235
308.608
298.988
307.692
317.923
317.159
322.198
371.368
450.161
492.917
547.888
606.067
579.039
511.393
410.459
321.74
238.977
173.927
136.821
116.664
90.7053
92.2323
133.614
127.201
72.6867
1.52864
-76.8063
-202.478
-285.089
-358.079
-365.714
-365.104
-351.819
-333.037
-292.571
-224.314
-149.033
-73.7524
2.29214
92.8431
164.307
158.351
128.269
106.586
47.644
-23.056
-85.8156
-78.7914
-41.2273
-35.8828
-81.54
-141.093
-187.666
-189.499
-211.488
-236.988
-280.05
-351.819
-382.359
-379.61
-412.135
-462.373
-506.504
-576.135
-613.088
-595.528
-552.008
-533.684
-543.915
-551.245
-531.088
-505.282
-410.455
-285.7
-178.046
-45.1975
82.4595
177.744
259.286
296.545
309.219
328.764
341.896
318.991
275.167
252.262
215.614
130.255
44.4373
-4.42665
-17.1007
-8.70225
10.2325
42.9103
91.9269
156.214
223.096
308.303
353.502
357.014
397.021
417.33
442.526
454.283
454.894
468.026
420.079
338.842
287.688
255.926
210.269
127.048
50.5453
18.3256
5.65153
-16.4899
1.52864
7.48393
-18.9331
-22.1398
-25.8046
-17.8642
-61.3837
-98.9478
-139.871
-153.767
-151.171
-167.205
-123.991
-40.9219
44.59
117.428
211.644
292.727
312.731
280.358
269.975
204.925
107.96
11.9122
-42.7543
-48.7096
-27.9424
-27.3316
-38.326
-33.5923
-36.9517
-19.6966
-18.7804
-59.8567
-112.385
-219.733
-302.649
-336.854
-377.472
-432.597
-487.721
-521.926
-527.423
-509.71
-519.941
-524.369
-549.87
-567.583
-531.241
-449.241
-353.956
-245.998
-155.599
-97.4208
-8.70225
77.8785
157.893
224.318
214.239
165.376
154.076
152.396
152.091
147.204
111.625
68.8692
47.4913
7.78933
-43.9759
-104.75
-107.804
-94.5195
-92.0763
-14.5048
95.7444
187.517
260.66
300.057
347.546
411.222
464.514
492.764
494.749
464.056
404.045
333.04
266.157
206.146
162.474
91.9269
12.3703
-41.38
-44.8921
-50.2366
-60.9256
-54.2068
-85.0521
-118.646
-127.961
-108.721
-91.3128
-105.361
-97.8789
-76.3482
-79.2495
-28.7059
51.7669
111.778
154.381
248.597
339.148
353.807
375.949
365.718
311.967
226.15
138.653
83.3757
74.9772
70.7016
51.7669
50.3926
61.8451
87.9567
94.3701
82.7649
89.0256
56.5006
-15.7264
-89.6331
-145.216
-192.247
-262.489
-361.133
-429.696
-463.9
-481.919
-479.934
-482.835
-477.338
-452.906
-443.591
-392.742
-315.629
-235.767
-210.266
-202.784
-134.527
-58.0243
34.8172
126.742
186.143
186.295
186.601
214.087
217.141
190.266
103.685
41.0779
-65.6593
-185.987
-220.039
-223.093
-242.028
-271.04
-266.307
-195.759
-101.849
-59.2459
-10.6873
38.0239
59.4019
98.493
140.791
197.29
226.303
241.573
218.668
210.727
216.53
188.433
177.439
149.037
121.551
102.31
31.7632
-6.10635
-32.9815
-42.4489
-48.0988
-102.46
-149.186
-167.357
-160.028
-170.564
-186.139
-188.124
-170.411
-152.851
-113.454
-47.7934
35.5807
100.478
183.699
243.252
314.869
373.2
364.343
330.291
284.023
238.061
216.835
204.467
193.014
199.886
216.988
239.435
285.245
315.479
311.509
320.06
304.485
256.843
185.532
123.841
69.48
-59.0932
-205.838
-293.793
-362.355
-406.638
-445.576
-446.034
-448.02
-432.597
-403.278
-373.502
-306.62
-228.285
-134.68
-108.415
-53.2906
52.225
106.281
170.567
211.491
238.977
247.223
236.686
255.01
258.675
215.461
113.763
-4.73205
-76.3482
-131.32
-171.633
-217.29
-266.001
-251.037
-246.15
-233.629
-180.948
-118.035
-84.2886
-18.1696
48.7129
100.631
142.318
153.77
179.118
152.091
98.6457
37.8712
-39.2422
-78.1806
-117.272
-149.95
-149.491
-159.57
-155.752
-134.527
-111.927
-101.544
-152.545
-219.275
-273.178
-317.003
-361.591
-371.059
-368.005
-368.31
-335.632
-267.834
-171.48
-63.6742
4.12454
47.9494
116.817
173.163
200.191
203.856
217.599
198.817
172.705
176.523
223.401
258.675
248.597
244.474
264.63
277.763
263.409
269.822
281.122
231.953
165.223
156.672
144.914
104.296
36.6496
-40.7692
-141.551
-198.203
-266.918
-302.344
-304.94
-312.728
-303.26
-287.837
-208.128
-116.05
-53.1379
-3.96855
88.5675
166.444
244.779
326.321
395.189
440.235
426.645
367.55
325.099
297.155
259.439
207.826
152.243
78.9474
28.8619
22.6012
-2.74695
-29.164
-99.4059
-204.463
-267.834
-299.595
-298.068
-285.089
-227.979
-143.231
-45.3502
31.6105
110.251
178.355
188.28
153.312
113.458
55.4317
-29.9275
-73.5997
-101.696
-116.661
-133.916
-98.1843
-73.7524
-53.7487
-49.7785
-64.4377
-75.5847
-118.341
-174.382
-243.707
-300.512
-336.243
-348.612
-326.47
-278.981
-253.48
-201.867
-160.944
-153.614
-150.102
-123.38
-89.7858
-104.903
-103.071
-54.3595
-1.21996
20.158
21.8377
66.426
102.005
109.182
107.655
142.165
204.467
218.21
218.515
273.945
332.734
345.561
309.066
247.375
197.595
144.303
52.9885
-27.1789
-72.6835
-100.169
-169.953
-236.225
-235.767
-188.735
-195.759
-239.432
-247.525
-228.895
-204.463
-154.531
-73.2943
39.5509
192.556
305.096
391.218
466.194
516.432
544.987
551.095
532.16
463.904
377.628
295.323
264.783
264.783
256.995
225.997
181.562
114.985
58.9438
-9.46574
-95.5884
-155.141
-189.651
-188.583
-197.286
-155.905
-73.447
-20.6128
14.2027
33.1375
28.0984
6.41503
-36.799
-120.173
-159.417
-166.441
-180.795
-147.964
-73.1416
-12.367
8.24743
-12.8251
-43.3651
-78.7914
-112.996
-173.313
-225.994
-215.61
-225.689
-222.787
-216.069
-199.577
-207.059
-240.653
-243.402
-249.204
-252.411
-276.08
-244.013
-184.765
-159.112
-131.626
-114.676
-87.8007
-36.0355
-21.3763
23.6701
75.4353
109.335
104.448
112.541
129.186
144.761
197.29
207.368
245.848
243.863
197.137
159.268
115.901
52.5304
-4.12125
-51.4582
-109.026
-161.555
-194.08
-202.326
-209.502
-202.784
-199.424
-188.124
-149.339
-72.2254
-21.8344
21.5323
80.9325
94.9809
160.031
208.284
277.457
350.295
384.042
410.001
440.846
480.701
503.453
509.103
491.848
438.708
335.636
234.701
196.832
176.37
107.044
44.2846
-7.02255
8.85823
25.8079
37.4131
32.374
5.95693
-1.98346
-50.6947
-86.8845
-88.4115
-64.7431
-66.5755
-72.2254
-28.8586
56.5006
130.865
171.483
169.804
129.491
80.4744
0.765141
-66.1174
-132.389
-171.633
-188.124
-214.083
-176.061
-135.748
-110.858
-102.613
-107.957
-123.074
-135.748
-150.713
-179.573
-211.793
-210.571
-186.445
-174.382
-147.048
-104.445
-46.7245
8.85823
24.739
27.0295
16.4932
6.26233
4.12454
8.09473
34.6645
89.331
98.3403
116.97
142.623
115.137
43.5211
-25.0411
-75.7374
-137.734
-213.167
-245.082
-256.839
-295.625
-297.305
-281.577
-232.407
-216.985
-213.32
-158.959
-112.538
-43.3651
17.2567
74.2137
125.521
155.755
172.705
221.722
260.66
271.349
284.329
281.122
274.709
278.831
313.647
351.211
346.172
353.349
310.288
266.921
208.59
147.357
83.223
38.482
-2.13616
-51.9163
-55.123
-50.2366
-46.5718
-53.9014
-54.2068
-49.3204
-3.81585
-7.32795
-36.799
-39.853
-10.2292
38.9401
88.4148
110.862
164.765
210.88
195.61
178.66
196.374
198.511
146.135
88.1094
41.0779
33.7483
-9.46574
-55.8865
-78.3333
-109.026
-171.022
-206.754
-216.069
-194.538
-205.074
-235.614
-233.476
-237.294
-208.281
-178.046
-135.443
-73.7524
-15.7264
19.6999
57.4168
74.061
77.5731
84.4446
39.3982
11.4541
30.3889
54.8209
55.279
54.0574
26.4187
-11.7562
-67.7971
-136.207
-170.411
-231.644
-313.186
-371.517
-408.623
-430.306
-396.712
-351.208
-294.404
-207.212
-157.126
-128.266
-95.7411
-46.8772
-8.54955
-1.67806
-20.1547
-1.21996
29.4727
27.1822
66.7314
86.277
98.0349
122.62
140.18
207.521
263.867
268.601
250.887
240.962
185.99
143.998
133.767
114.221
94.5228
63.0667
78.9474
128.575
148.579
187.364
240.046
228.899
204.161
189.96
180.493
156.519
144.914
169.346
187.517
180.951
195.152
214.545
210.575
187.517
150.258
109.793
92.385
52.5304
47.7967
34.2064
-9.77114
-41.0746
-35.1193
-6.71715
1.98674
-22.1398
-41.0746
-34.9666
-48.8623
-76.1955
-56.4973
-39.0895
-29.7748
-8.85495
28.7092
107.502
178.355
193.625
195.152
211.796
200.649
160.184
113.763
116.817
136.057
124.452
110.404
83.223
55.4317
15.577
-58.9405
-120.478
-221.413
-322.042
-383.733
-424.351
-464.358
-539.334
-555.062
-513.528
-478.712
-438.399
-365.256
-264.932
-213.167
-157.279
-72.6835
1.68134
24.2809
21.8377
20.4634
27.4876
51.6142
69.1746
85.5135
70.2435
31.1524
9.31633
-3.81585
-6.71715
25.6552
43.5211
42.2995
49.171
97.2714
141.402
169.956
171.178
124.147
49.9345
21.3796
-12.9778
-37.7152
-22.1398
-3.81585
-9.92384
-6.10635
57.5695
125.979
187.822
215.003
269.059
347.699
369.077
361.747
383.583
365.718
319.297
293.643
303.874
293.796
256.995
219.584
174.69
138.958
81.3906
25.0444
4.73534
-20.4601
-52.5271
-71.1565
-56.1919
-69.6295
-65.9647
-33.4396
-12.2143
27.0295
27.4876
39.2455
89.4837
117.733
96.6606
105.364
112.541
141.86
140.027
155.755
186.906
196.679
191.182
177.897
206.604
204.925
145.677
48.4075
-69.3241
-145.521
-217.443
-310.895
-406.943
-476.269
-474.284
-504.366
-475.2
-417.327
-360.37
-319.294
-282.646
-233.934
-187.208
-157.126
-141.093
-125.059
-118.799
-99.5586
-84.7467
-42.2962
3.20834
23.0593
15.8824
19.5472
14.5081
22.2958
14.5081
-24.2776
-50.6947
-89.6331
-75.2794
-33.5923
24.1282
73.1448
89.331
95.8971
92.385
80.169
34.8172
-25.6519
-104.14
-155.599
-180.031
-179.115
-130.404
-49.4731
32.5267
78.3366
156.977
241.267
316.854
348.004
350.295
355.334
328.001
293.796
286.314
285.856
279.9
254.858
243.252
245.085
229.204
204.772
178.66
161.558
107.655
27.793
-9.77114
1.22324
0.612441
-41.8381
-66.2701
-59.704
-22.4452
-20.002
5.65153
59.2492
92.0796
117.122
158.657
195.61
202.787
203.245
197.901
224.776
231.036
251.193
276.541
265.547
238.213
192.098
91.0107
-3.51045
-94.0614
-162.929
-238.057
-314.407
-362.202
-392.589
-414.426
-404.805
-373.197
-353.804
-308.757
-256.992
-201.257
-174.382
-154.378
-192.4
-196.828
-202.173
-180.337
-133.763
-97.1154
-42.4489
-19.0858
-16.6426
-27.4843
-52.2217
-102.765
-149.797
-198.203
-231.186
-255.618
-214.083
-172.244
-149.186
-140.635
-147.506
-148.575
-152.393
-150.56
-162.013
-177.741
-199.577
-216.679
-226.91
-202.784
-135.443
-53.9014
31.3051
91.7742
144.608
198.511
239.282
271.655
275.319
276.083
293.491
304.638
321.74
319.45
315.632
265.394
227.066
199.58
155.908
117.58
78.7947
78.9474
69.48
42.6049
52.5304
46.4224
17.8675
-2.13616
-22.4452
-25.8046
-18.9331
1.07054
19.3945
50.8507
92.9958
150.564
202.94
232.716
285.856
311.662
324.336
343.576
340.522
324.641
293.338
262.798
219.126
160.947
111.014
54.9736
-2.13616
-76.0428
-158.348
-209.044
-286.769
-338.381
-354.873
-349.223
-309.826
-275.316
-229.201
-162.624
-143.842
-134.68
-123.685
-109.637
-59.704
-21.9871
6.56773
38.6347
51.1561
46.5751
69.7854
84.1392
71.6178
30.847
-14.5048
-58.4824
-89.7858
-121.242
-142.773
-175.45
-207.365
-214.236
-200.493
-175.756
-160.944
-155.905
-174.382
-219.275
-248.441
-261.268
-244.929
-218.054
-189.651
-135.596
-91.4655
-41.6854
3.51374
75.1299
102.921
107.197
121.245
147.51
138.958
131.323
148.426
163.39
141.86
119.413
97.1187
83.9865
46.117
8.55283
-28.7059
-69.4768
-95.1303
-98.4897
-86.5791
-60.4675
-25.1938
-4.57935
27.1822
55.8898
52.5304
58.6384
43.9792
41.536
76.1988
106.128
150.564
206.146
271.044
324.183
378.086
375.185
359.762
363.274
333.956
292.269
259.133
218.82
192.861
154.687
117.733
82.6122
40.4671
7.17853
-38.4787
-75.1267
-106.583
-142.925
-175.909
-167.205
-160.639
-133.458
-105.667
-81.0819
-37.5625
20.7688
59.2492
92.8431
92.6904
103.074
100.936
69.48
68.4111
76.3515
59.7073
18.3256
34.0537
66.8841
59.0965
12.9811
-35.7301
-115.134
-183.543
-220.955
-246.609
-264.474
-264.016
-255.618
-259.588
-262.642
-239.737
-231.033
-242.486
-223.398
-188.583
-175.298
-155.141
-114.523
-75.1267
-43.2124
-25.3465
-14.5048
5.95693
44.59
69.6327
81.8487
108.724
111.472
77.4204
29.4727
-14.6575
-40.3111
-73.2943
-113.912
-118.341
-127.808
-140.482
-126.281
-106.277
-103.223
-89.7858
-80.7765
-85.2048
-80.3184
-74.5159
-71.7673
-48.4042
-3.66315
45.9643
110.862
151.174
202.329
223.707
228.593
217.752
217.904
235.159
218.82
206.91
204.009
205.688
190.571
185.99
165.986
157.435
144.303
108.418
79.5582
28.8619
-5.80095
-39.853
-63.2161
-66.5755
-43.0597
1.98674
33.4429
40.1617
23.8228
32.6794
36.1915
44.2846
70.2435
92.385
110.709
132.698
152.854
134.988
111.931
106.281
82.4595
61.8451
73.2975
71.6178
59.4019
38.0239
21.2269
-12.0616
-37.7152
-63.5215
-102.307
-175.756
-232.102
-282.34
-307.688
-290.891
-299.29
-270.43
-227.368
-162.013
-117.577
-92.3817
-98.7951
-118.188
-150.713
-165.678
-162.624
-148.881
-92.9925
-44.8921
6.41503
50.0872
81.3906
99.4092
75.2826
18.631
-28.7059
-63.9796
-99.7113
-116.661
-123.227
-138.802
-142.315
-146.437
-144.91
-148.117
-128.877
-113.76
-127.197
-162.013
-172.244
-162.929
-153.767
-122.464
-80.4711
-20.6128
32.0686
100.173
142.776
174.079
219.279
230.273
222.18
244.779
264.63
295.628
349.226
383.736
360.22
329.986
281.733
223.401
161.863
103.379
70.5489
12.9811
-5.95365
32.0686
60.3181
82.7649
102.616
127.506
118.497
118.649
110.556
71.4651
52.8358
54.8209
52.5304
63.8302
92.385
109.182
113.916
131.629
132.545
116.359
92.9958
83.0703
82.7649
42.2995
12.3703
10.3852
-0.609157
-6.41175
-24.2776
-51.3055
-82.6089
-107.804
-131.473
-152.087
-172.702
-178.81
-168.732
-142.162
-110.553
-78.7914
-41.0746
-48.2515
-50.3893
-69.9349
-90.3966
-103.529
-94.3668
-89.6331
-79.2495
-69.9349
-46.8772
3.05564
14.6608
9.92713
-10.5346
-24.2776
-23.2087
-16.3372
-28.2478
-60.7729
-120.326
-168.732
-199.73
-218.206
-218.664
-217.596
-225.231
-214.694
-221.566
-217.29
-198.966
-175.756
-163.693
-136.207
-78.7914
-31.3018
23.0593
62.3032
106.281
166.903
212.56
257.148
291.964
325.099
372.436
387.554
372.589
341.133
316.396
288.604
247.375
180.798
129.796
82.6122
63.9829
40.3144
18.631
14.3554
5.34613
2.13944
11.6068
48.5602
91.1634
114.221
120.482
137.737
116.359
117.122
121.703
107.655
116.359
135.599
150.564
172.858
178.05
176.37
184.768
154.534
113.61
83.9865
66.2733
36.4969
2.44484
-4.73205
-12.367
-10.84
-14.5048
-24.1249
-52.2217
-61.3837
-62.758
-60.7729
-58.177
-49.015
-35.272
-48.7096
-48.5569
-55.4284
-65.2012
-75.4321
-78.7914
-74.3632
-67.6444
-77.5698
-78.9441
-59.704
-61.231
-57.8716
-40.1584
-39.7003
-33.8977
-37.4098
-31.7599
-56.65
-93.1452
-122.616
-143.536
-176.825
-198.05
-166.136
-153.92
-131.626
-133.153
-134.68
-155.447
-185.07
-203.7
-196.065
-177.894
-164.456
-142.925
-130.099
-90.5493
-15.421
67.4949
156.061
231.8
281.427
312.883
308.913
273.64
238.366
196.984
152.091
115.137
85.2081
48.8656
31.6105
3.51374
-34.0504
-69.6295
-96.81
-116.05
-132.236
-121.395
-110.095
-81.0819
-62.758
-27.7897
-1.21996
58.7911
123.383
173.469
222.638
256.232
259.897
259.439
258.675
259.439
255.316
223.249
187.212
173.01
153.923
123.383
107.044
60.7762
29.32
-9.31304
-43.0597
-66.2701
-105.514
-107.804
-115.134
-120.937
-114.065
-71.6146
-40.9219
-43.5178
-31.7599
-30.3856
-32.5234
-42.7543
-30.9964
-28.7059
-7.48065
4.58264
-3.96855
-2.59425
17.104
20.4634
38.7874
63.8302
72.9921
61.387
32.6794
-5.34285
-31.4545
-52.3744
-76.0428
-80.9292
-94.2141
-80.7765
-99.864
-133.611
-172.549
-212.556
-234.087
-250.426
-255.618
-261.878
-273.331
-263.253
-242.638
-231.033
-215.305
-193.469
-133
-96.0465
-32.3707
57.2641
127.964
183.852
210.269
256.385
261.576
232.258
202.023
148.273
103.685
88.4148
66.5787
47.9494
31.6105
-6.71715
-47.3353
-108.415
-181.406
-214.847
-223.398
-190.262
-171.633
-163.54
-138.802
-84.1359
-10.84
38.9401
91.0107
140.027
191.334
239.588
277.763
299.446
274.709
251.04
244.321
232.716
221.874
188.739
176.981
152.243
124.605
70.5489
12.8284
-50.542
-112.385
-163.998
-195.454
-169.19
-135.901
-81.0819
-42.2962
13.8973
55.4317
81.696
105.67
96.3552
66.426
59.4019
38.3293
25.6552
40.1617
55.1263
79.1001
80.3217
114.985
142.165
140.485
133.461
119.26
83.223
31.3051
-9.31304
-66.8809
-92.5344
-112.843
-122.464
-122.005
-138.344
-161.249
-171.786
-167.51
-197.897
-208.434
-238.974
-243.402
-256.839
-253.175
-224.009
-205.532
-163.54
-122.464
-70.393
-17.8642
27.1822
65.2044
76.6569
90.5526
93.1485
66.5787
41.9941
16.6459
16.4932
19.5472
52.9885
59.86
48.1021
47.7967
39.2455
1.98674
-61.6891
-114.829
-164.151
-177.436
-208.128
-248.899
-243.402
-226.605
-217.596
-167.357
-112.233
-46.7245
11.3014
62.914
124.605
160.642
172.4
158.504
160.947
165.681
174.843
183.852
169.498
155.45
129.186
100.02
67.3422
33.4429
1.68134
-23.8195
-55.123
-51.3055
-31.6072
-5.80095
30.9997
44.2846
47.1859
48.5602
62.6086
72.9921
93.4539
92.385
114.832
130.407
146.441
164.459
167.361
168.277
162.322
165.681
145.983
144.303
122.467
108.877
88.4148
51.0034
15.8824
-15.8791
-25.8046
-49.015
-74.6686
-89.3277
-102.613
-126.434
-126.892
-140.177
-127.655
-109.942
-90.3966
-58.3297
-38.1733
-30.3856
-25.4992
-10.0765
-24.2776
-25.0411
2.90294
35.428
60.1654
90.2472
103.532
105.517
105.517
68.8692
30.0835
-5.03745
-30.691
-45.5029
-63.0634
-60.0094
-78.3333
-92.3817
-83.9832
-100.017
-107.194
-132.084
-159.722
-187.056
-220.955
-249.51
-250.731
-212.098
-181.253
-160.486
-126.892
-82.7616
-44.1286
-6.10635
16.7986
23.3647
18.631
29.9308
43.2157
56.9587
91.7742
126.895
136.363
143.081
147.204
110.862
83.8338
43.063
6.72043
-19.6966
-23.8195
-25.6519
-1.52536
21.0742
47.3386
50.5453
41.8414
27.4876
4.27724
-1.52536
-12.367
-9.00765
9.16363
41.0779
71.6178
91.9269
112.541
119.718
120.634
128.117
123.23
143.692
153.007
144.761
155.145
154.839
127.964
113.61
70.8543
37.1077
7.33123
-42.2962
-87.4953
-126.128
-152.393
-142.315
-129.946
-118.341
-98.6424
-90.0912
-93.1452
-91.4655
-91.3128
-93.1452
-62.6053
-46.8772
-11.1454
23.8228
76.6569
124.757
120.176
98.493
90.2472
44.59
4.27724
-17.4061
-55.2757
-53.4433
-40.9219
-37.4098
-47.9461
-54.9703
-70.2403
-84.2886
-108.415
-142.162
-156.21
-187.361
-202.784
-202.631
-187.972
-148.728
-115.439
-67.339
6.26233
74.2137
97.8822
136.973
137.737
114.679
106.739
98.0349
93.1485
87.3459
86.1243
97.1187
106.891
84.9027
43.3684
-8.85495
-56.4973
-96.1992
-153.462
-186.903
-171.938
-164.151
-139.719
-112.538
-90.702
-69.7822
-60.7729
-49.6258
-57.4135
-53.4433
-36.0355
-12.5197
15.4243
42.4522
67.953
115.595
147.052
170.415
173.469
182.936
176.828
179.882
193.93
197.137
199.428
191.182
168.277
133.767
92.2323
35.2753
2.13944
-29.9275
-78.6387
-89.3277
-98.0316
-119.257
-117.272
-104.445
-88.5642
-74.5159
-45.3502
-12.5197
4.27724
21.0742
60.4708
65.3571
93.3012
133.309
175.759
214.392
224.012
227.524
231.036
218.515
168.582
128.422
90.3999
55.7371
29.0146
13.4392
-17.2534
-33.2869
-48.5569
-70.5457
-85.9683
-112.996
-128.572
-147.964
-150.102
-148.575
-152.545
-157.432
-146.896
-139.261
-91.0074
-43.6705
-7.78605
33.5956
85.6662
119.871
119.26
129.949
108.877
89.0256
76.1988
36.3442
11.4541
-4.88475
-46.5718
-87.4953
-123.227
-143.231
-134.069
-118.493
-94.8249
-73.2943
-58.4824
-59.2459
-86.8845
-93.9087
-109.637
-102.765
-100.628
-93.1452
-61.231
-27.1789
9.62173
57.2641
114.526
147.357
143.998
150.869
134.53
108.113
103.685
111.472
134.836
133.767
128.269
125.826
112.083
85.8189
67.3422
30.847
-36.4936
-84.2886
-125.365
-151.935
-165.678
-155.752
-141.551
-103.987
-70.6984
-49.7785
-19.0858
12.8284
30.6943
10.0798
14.2027
23.0593
44.1319
74.5191
109.029
124.757
136.821
120.176
123.23
106.739
76.9623
53.5993
13.4392
-7.02255
-34.0504
-26.2627
-15.421
-22.4452
-43.0597
-73.1416
-89.7858
-86.7318
-79.7076
-68.7133
-78.3333
-69.9349
-60.6202
-67.6444
-61.5364
-62.4526
