-10.2624
-11.3279
-18.9391
-12.089
-13.6113
-15.1335
-9.04457
-7.52234
-6.45677
0.545515
-12.6979
-11.0235
-0.976721
-6.45677
-0.672274
-7.21789
8.76559
14.5501
32.3602
35.1003
31.7514
43.3203
47.4304
43.3203
23.988
0.0888443
-21.0702
-0.52005
4.35111
13.6367
8.1567
-2.19451
-11.7846
-13.3068
-25.4847
-42.0771
-35.6837
-23.5058
-27.3114
-32.1826
-29.1381
-22.5925
-25.0281
-41.1638
-40.0982
-9.34902
8.30892
31.2947
32.6647
26.1191
9.98338
2.06775
-4.93453
-12.6979
-18.7869
-28.5292
-22.288
-27.1592
-31.4214
-48.3183
-57.9084
-83.3297
-72.2174
-57.6039
-55.1683
-45.1216
-44.5127
-33.0959
-14.9813
-6.45677
-16.808
-24.2669
-35.0748
-23.0491
-32.3348
-38.7282
-43.2949
-40.4026
-40.5549
-38.8804
-36.2926
-21.6791
-23.5058
-22.288
-4.78231
7.39558
3.13332
4.80778
-1.43339
-28.5292
-28.8336
-14.3724
12.5712
14.8545
27.4891
29.1636
35.7092
34.7958
16.8334
13.6367
-9.04457
-6.45677
-1.28117
-1.28117
3.58999
-8.13123
-16.5035
-30.0514
-38.7282
-53.1894
-43.5993
-34.7704
-39.1848
-16.808
-18.178
-17.7213
2.98109
-5.39121
4.80778
1.91553
-8.43568
-11.7846
-14.2202
-18.6347
-28.377
-29.8992
-28.0725
-3.4123
4.65555
4.19888
-2.49896
-16.9602
-21.9836
-23.3536
-15.7424
-19.0913
-13.3068
-2.34673
21.7046
28.7069
44.9948
30.5336
22.7702
19.269
30.6858
41.9503
40.1237
45.7559
27.0324
34.3392
29.3158
20.639
33.7303
23.6835
6.93891
10.2878
1.00219
13.789
21.0957
17.7468
16.8334
-1.89006
-2.95563
-12.6979
-4.78231
6.78668
19.8779
35.5569
23.2268
45.7559
64.0228
74.374
62.0439
54.2804
47.5826
20.3346
21.8568
23.0746
5.72112
4.19888
9.07004
4.04666
-9.34902
-21.0702
-29.5948
-32.9437
-24.5714
-24.8758
-9.80569
-22.1358
-38.576
-42.3815
-34.4659
-14.6768
-19.548
-8.43568
2.98109
5.11222
4.96
-6.0001
-20.918
-9.80569
-4.32564
-13.0024
0.697739
14.2456
4.04666
-9.95791
-10.719
-34.0092
-50.2972
-47.4049
-35.227
-33.4003
-44.2082
-55.0161
-45.5782
-57.4517
-60.1917
-63.2362
-84.6997
-67.194
-49.5361
-40.8593
-47.7094
-45.7305
-38.8804
-50.6016
-42.0771
-32.1826
-32.9437
-38.4237
-29.2903
-19.8524
-16.6558
-24.8758
-29.4425
-26.8547
-36.7493
-40.0982
-38.2715
-47.7094
-39.7937
-48.7749
-44.3604
-47.7094
-49.2316
-63.2362
-66.8895
-53.7983
-49.9927
-24.4192
-25.9414
-19.3958
0.393291
-2.04229
5.11222
13.0279
8.76559
11.3534
12.2667
19.269
31.2947
24.4446
20.4868
18.3557
8.1567
-2.8034
-9.04457
-13.0024
9.22226
30.0769
20.4868
29.7724
17.2901
5.72112
-4.32564
-4.78231
7.39558
0.697739
3.28554
-5.08676
-10.2624
-0.672274
-20.7658
-31.2692
-26.2458
-18.9391
-16.9602
-9.34902
-6.45677
3.28554
15.3112
13.4845
10.44
8.91781
11.8101
4.50333
-2.04229
7.70002
-3.86897
2.82887
9.83116
9.22226
-9.80569
-32.1826
-25.1803
-32.9437
-48.166
-32.6392
-37.9671
-37.9671
-22.4402
-0.215603
18.2035
23.988
38.4492
47.2782
51.6926
54.4327
60.6738
66.3061
57.7816
35.7092
35.7092
23.2268
10.1356
14.0934
13.1801
10.1356
-13.0024
-35.5315
-45.1216
-63.8451
-54.255
-25.0281
5.56889
9.22226
-4.78231
-9.95791
-29.2903
-33.857
-18.7869
-13.0024
1.30663
26.728
40.1237
62.9572
44.3859
23.8357
12.2667
-6.76122
-16.808
-26.7025
-11.1757
-16.6558
-16.808
-10.8713
-20.4613
-31.2692
-51.8194
-52.5805
-39.3371
-31.117
-12.6979
12.7234
3.89443
9.52671
31.7514
37.9925
46.9737
41.037
33.7303
40.5803
20.9435
14.0934
20.1824
15.159
13.3323
33.7303
47.4304
56.1071
75.5918
83.3552
89.4441
77.114
65.6972
52.9104
31.1425
34.9481
33.1214
46.3648
49.4093
61.5872
79.5496
67.5239
83.6596
94.0108
91.5752
84.2685
67.6761
64.3272
49.5615
57.7816
44.2337
28.5547
22.009
6.63446
9.98338
7.39558
14.3979
15.4634
14.3979
-3.56452
-7.82678
-10.2624
-15.438
-2.34673
7.5478
32.6647
22.9224
15.6157
13.9412
11.3534
16.8334
5.56889
3.43776
8.1567
17.7468
11.3534
13.1801
8.61337
0.545515
10.44
4.65555
8.91781
-1.28117
-10.1101
1.61108
-1.43339
-4.47786
-17.2646
-22.288
-30.5081
-46.1871
-50.4494
-51.3627
-78.9152
-85.1564
-78.4585
-84.6997
-98.5521
-100.683
-102.053
-121.69
-134.477
-146.655
-153.048
-157.767
-162.182
-176.034
-183.645
-185.015
-184.863
-190.495
-198.563
-197.345
-189.734
-172.837
-153.353
-143.458
-135.999
-136.304
-128.236
-110.121
-113.927
-105.402
-86.5264
-67.194
-39.6415
-41.4682
-39.0326
-40.0982
-13.0024
-7.37011
11.5056
38.1447
48.3437
59.7605
57.0205
68.5895
79.2451
104.21
100.1
107.711
135.111
138.003
153.987
160.685
160.685
167.991
167.839
172.71
169.666
162.968
157.793
152.16
152.16
137.851
116.388
106.645
115.17
125.217
132.828
125.978
102.079
103.296
101.318
86.2474
60.9783
78.6362
80.1585
96.2942
112.887
90.6619
90.053
73.3084
74.5262
83.8118
88.3785
82.2896
93.2497
117.758
115.931
117.301
110.147
97.9686
83.0507
86.8563
101.165
102.079
125.369
139.221
118.062
103.905
106.95
92.3364
43.3203
15.4634
28.098
58.3905
45.4515
-8.5879
-83.3297
-143.762
-176.795
-211.806
-207.696
-228.399
-301.009
-366.922
-370.423
-350.939
-376.969
-447.753
-516.71
-514.579
-465.107
-448.971
-445.926
-434.51
-416.395
-401.477
-369.206
-297.052
-234.944
-211.959
-203.586
-166.292
-96.5731
-53.6461
-52.2761
-55.1683
-20.6136
10.5923
34.0347
53.2149
63.2616
53.2149
67.9806
90.6619
127.196
155.205
150.638
127.348
101.165
88.5308
67.9806
28.098
15.9201
6.93891
-12.3935
-35.8359
-73.4352
-97.182
-107.99
-134.172
-132.041
-115.601
-103.119
-105.554
-109.512
-95.9643
-75.8707
-56.2339
-33.857
-10.4146
14.0934
17.7468
36.6225
60.3694
72.8517
91.5752
97.6642
123.086
137.09
189.912
216.703
223.401
243.342
231.925
229.185
233.6
240.145
245.93
258.108
253.541
255.825
276.375
261.305
246.996
215.79
212.441
212.441
222.944
239.232
222.944
201.176
194.783
192.804
186.563
202.698
187.781
186.258
166.165
159.01
169.818
155.357
128.566
104.971
74.374
64.3272
77.2662
92.4886
80.9196
30.6858
-31.117
-87.592
-112.404
-133.563
-165.835
-222.462
-286.092
-339.37
-387.168
-429.334
-473.935
-529.802
-599.824
-648.688
-638.641
-592.67
-570.75
-589.93
-587.494
-536.043
-500.879
-453.69
-400.716
-330.845
-278.48
-220.331
-147.72
-74.9574
-13.0024
32.8169
64.6317
113.039
206.656
253.693
283.225
288.705
294.489
287.791
282.768
310.016
334.067
335.59
307.276
276.984
261
257.956
232.687
186.563
135.72
99.3386
70.5684
28.098
8.30892
-34.3137
-72.2174
-113.622
-134.933
-166.9
-213.785
-249.101
-271.174
-271.021
-258.082
-263.41
-262.649
-264.78
-257.321
-223.528
-180.905
-126.105
-89.5709
-81.9597
-77.393
-54.5594
-17.5691
41.1892
100.404
143.027
174.842
213.05
247.148
273.787
284.138
301.339
320.672
317.627
307.733
295.707
276.222
262.979
268.155
268.764
260.848
261.305
226.902
193.565
178.647
164.643
170.123
181.235
163.273
151.095
147.441
152.008
163.577
159.467
160.533
159.163
159.924
141.352
159.467
173.472
159.771
147.289
108.168
89.5963
77.8751
52.4538
55.0416
53.5193
2.52442
-64.7584
-130.976
-173.294
-210.589
-258.235
-317.45
-357.18
-398.585
-467.999
-532.542
-585.211
-627.986
-674.718
-703.793
-702.271
-661.779
-640.62
-657.06
-649.602
-618.243
-568.162
-508.186
-422.941
-336.63
-244.23
-174.968
-100.379
-14.5246
55.4982
122.781
165.86
215.485
297.686
364.055
419.008
446.865
467.415
463.762
454.02
440.928
450.366
441.385
415.355
375.929
328.74
310.625
264.349
203.612
127.196
67.9806
7.85225
-45.1216
-63.9973
-112.252
-162.182
-202.064
-251.385
-287.766
-317.45
-341.501
-348.96
-354.592
-353.831
-332.672
-303.445
-279.241
-253.82
-224.898
-192.322
-142.392
-89.4186
-54.8639
-26.8547
12.419
51.236
97.0553
139.678
183.975
209.701
215.333
248.213
277.592
296.164
311.386
299.665
283.225
277.745
252.78
240.45
226.598
196.001
173.015
156.118
127.804
97.3597
68.5895
70.5684
62.1961
58.3905
60.9783
51.9971
57.9338
65.6972
104.362
145.006
188.694
229.49
222.031
218.834
216.246
209.549
209.244
205.743
207.265
202.851
190.368
166.774
153.378
118.975
63.8705
6.48224
-46.6438
-116.362
-169.032
-227.79
-292.637
-364.182
-414.568
-482.156
-547.612
-615.96
-670.913
-709.882
-719.929
-732.868
-757.528
-735.456
-720.233
-680.807
-622.201
-547.155
-474.697
-432.226
-370.576
-290.202
-199.629
-94.442
-5.23898
93.0975
203.155
287.487
365.121
424.488
447.474
494.511
557.988
607.157
621.161
629.077
604.569
577.777
569.101
545.658
502.579
421.748
342.744
290.379
244.56
171.797
77.7229
-15.1335
-103.271
-151.221
-179.839
-230.53
-282.438
-342.871
-382.754
-422.941
-437.858
-420.505
-425.376
-413.198
-415.329
-401.477
-371.032
-342.414
-311.817
-278.633
-251.08
-211.502
-152.135
-92.7676
-40.2504
9.98338
52.606
108.777
170.427
181.692
197.371
222.944
237.253
256.433
266.937
285.813
292.967
273.178
273.33
254.759
222.031
199.502
187.019
156.727
115.322
84.2685
75.8962
75.2873
75.8962
64.9361
61.2827
50.7793
77.8751
124.912
148.811
194.022
231.012
270.286
317.171
362.077
403.025
424.032
409.266
415.964
413.68
406.221
422.053
421.9
383.083
294.794
204.068
130.088
83.9641
8.46114
-88.3531
-190.952
-305.728
-398.128
-476.523
-542.893
-641.229
-780.057
-864.693
-876.567
-866.672
-864.693
-885.091
-900.009
-883.874
-856.017
-790.865
-702.88
-598.759
-505.141
-401.02
-274.523
-155.788
-56.6906
8.91781
84.4207
196.153
297.382
389.781
446.256
451.736
486.9
552.356
612.789
656.173
649.627
639.885
605.33
565.295
529.218
473.809
406.83
296.925
215.029
185.649
139.678
13.6367
-110.121
-217.743
-280.916
-323.386
-367.531
-425.376
-478.807
-536.956
-583.689
-590.082
-601.347
-602.717
-599.063
-581.558
-531.324
-434.662
-364.943
-310.447
-271.174
-212.568
-143.306
-87.2875
-23.9625
47.4304
119.584
161.75
213.05
246.691
275.157
279.419
275.614
303.014
323.412
343.049
325.695
297.534
272.721
254.911
216.855
176.516
166.621
160.076
167.078
120.498
93.8586
56.716
36.0136
62.6527
69.5028
102.688
106.798
112.734
138.003
190.977
242.277
281.703
342.44
383.388
411.245
471.678
506.08
514.148
504.71
459.804
438.493
463.914
501.818
452.345
325.238
194.631
98.4253
47.7348
10.1356
-69.7818
-191.713
-328.562
-464.65
-557.658
-640.925
-757.071
-919.951
-1038.69
-1050.41
-1025.44
-999.259
-1007.94
-1019.2
-1016.76
-989.212
-897.269
-781.275
-640.164
-540.001
-441.664
-305.728
-149.699
-14.068
69.3506
151.704
247.3
389.02
499.839
549.159
575.646
599.545
611.571
638.058
670.938
681.442
648.105
591.173
529.523
493.141
451.127
379.735
300.578
224.162
122.324
11.6578
-109.512
-210.436
-290.81
-390.517
-491.898
-569.989
-627.529
-662.084
-683.7
-683.547
-665.737
-652.646
-628.442
-578.97
-518.08
-439.076
-365.552
-274.827
-184.254
-93.072
-3.86897
51.3882
121.411
199.502
275.157
331.023
381.105
420.226
441.537
454.324
445.952
434.687
420.835
390.086
368.622
340.918
312.908
276.527
213.202
169.209
129.479
94.4675
52.3015
-13.0024
-33.0959
-31.4214
-6.15232
7.24335
8.30892
3.74221
14.5501
41.1892
84.4207
176.973
238.319
280.637
324.782
389.02
478.071
551.595
594.522
611.571
558.293
512.778
508.972
567.578
643.995
637.754
493.598
323.107
191.129
77.7229
8.1567
-90.6364
-194.301
-347.59
-550.504
-680.807
-742.458
-818.57
-1010.37
-1204.46
-1253.02
-1197.91
-1127.13
-1108.4
-1125.15
-1101.4
-1093.18
-1040.21
-908.382
-717.341
-521.125
-389.908
-246.818
-33.7048
149.572
259.935
299.969
387.193
536.677
689.357
817.682
856.194
856.956
805.808
764.86
783.888
820.422
814.485
707.168
560.881
461.174
374.102
254.454
120.345
-8.43568
-134.933
-265.998
-376.056
-461.301
-576.078
-705.772
-832.879
-903.358
-914.623
-896.965
-905.337
-917.363
-877.632
-803.195
-724.648
-643.665
-551.57
-461.149
-352.157
-221.092
-46.9483
92.1841
181.692
254.454
305.145
395.109
488.118
578.539
628.772
644.604
657.695
639.732
602.742
566.208
506.08
467.872
419.008
346.702
279.724
203.46
99.3386
10.44
-55.7772
-132.041
-172.076
-203.282
-225.202
-219.57
-198.106
-188.06
-155.788
-103.728
-62.7795
2.67665
78.9407
168.448
266.937
369.84
487.661
602.742
692.25
764.404
820.574
809.918
718.432
630.447
657.543
767.144
802.612
677.332
480.354
254.759
90.2052
-29.8992
-132.802
-238.598
-412.589
-661.171
-850.384
-895.595
-955.267
-1163.97
-1439.64
-1591.56
-1541.78
-1396.26
-1319.84
-1277.68
-1254.39
-1245.1
-1204.15
-1065.48
-827.551
-561.768
-366.313
-212.872
17.899
296.164
482.485
587.368
682.507
839.45
1055.15
1192
1257.91
1261.41
1215.29
1124.11
1044.95
1058.96
1051.8
947.985
717.366
457.521
248.061
55.8027
-95.5076
-261.888
-423.397
-593.279
-759.507
-904.272
-997.585
-1069.89
-1141.74
-1239.47
-1270.22
-1221.2
-1128.19
-1034.12
-965.465
-856.93
-725.713
-575.773
-418.222
-240.577
-41.7726
151.247
326
513.387
680.985
790.434
824.684
854.977
912.213
983.301
1044.04
1037.49
986.954
876.288
725.739
597.567
493.293
407.439
334.372
218.225
93.7064
-37.2059
-192.931
-324.452
-441.969
-504.989
-520.211
-504.685
-485.961
-450.95
-416.09
-348.351
-286.548
-209.98
-123.669
-0.672274
166.469
335.894
508.363
650.997
764.556
902.927
1061.7
1210.42
1274.96
1194.59
1006.74
853.15
899.73
1055.15
1069.76
816.616
418.856
53.5193
-208.457
-361.594
-444.1
-606.218
-889.658
-1209.48
-1397.78
-1421.38
-1484.09
-1741.65
-2082.03
-2205.17
-2031.94
-1746.52
-1537.22
-1437.51
-1372.21
-1341.61
-1235.21
-958.007
-540.762
-154.418
90.8141
311.082
615.224
956.814
1168.25
1209.66
1254.26
1402.52
1627.66
1817.94
1899.84
1827.08
1597.68
1302.06
1085.9
1039.32
995.631
782.518
406.983
-1.12894
-296.595
-500.879
-706.838
-947.96
-1197
-1437.05
-1611.35
-1683.81
-1680
-1682.59
-1743.48
-1785.49
-1703.29
-1494.59
-1216.63
-988.756
-827.551
-635.749
-368.749
-41.9249
257.499
488.727
669.112
816.16
1021.36
1252.43
1446.52
1502.69
1416.53
1280.59
1215.75
1231.88
1207.83
1091.38
924.543
710.06
483.247
279.115
81.3763
-129.301
-342.719
-514.275
-630.878
-657.365
-695.269
-772.446
-864.237
-911.731
-861.953
-705.924
-518.233
-376.512
-283.352
-180.905
-25.3325
178.343
407.744
642.777
829.86
949.203
1103.41
1290.79
1508.17
1661.91
1724.02
1689.16
1500.25
1210.72
997.306
966.861
1015.72
975.994
693.62
275.614
-183.645
-610.937
-976.73
-1231.4
-1399
-1610.74
-1853.23
-1968.77
-1949.29
-2001.96
-2330.45
-2746.18
-2857.76
-2537.17
-2027.07
-1597.19
-1256.97
-1005.8
-848.71
-720.081
-465.107
-14.9813
482.029
892.271
1277.24
1694.19
2082.81
2219.36
2087.84
1929.07
1914.91
2038.52
2143.09
2139.9
1992.39
1648.97
1166.12
725.739
420.378
224.771
-17.8735
-352.918
-745.046
-1112.36
-1407.52
-1618.35
-1770.88
-1880.94
-1959.49
-1998.45
-1972.88
-1899.36
-1755.66
-1630.99
-1476.48
-1293.36
-1039.45
-645.796
-229.769
142.875
356.292
510.038
681.746
867.002
1105.08
1325.35
1529.63
1653.24
1663.74
1607.72
1477.57
1278.61
1038.71
771.558
602.438
496.794
399.067
259.782
38.6014
-222.31
-493.877
-727.997
-863.019
-919.798
-918.581
-893.312
-834.705
-760.268
-689.636
-594.953
-543.502
-455.212
-298.574
-46.6438
268.764
552.965
781.757
916.475
1007.96
1096.86
1214.38
1329
1469.35
1577.73
1643.04
1698.14
1705.45
1648.52
1420.94
980.713
457.521
187.933
242.124
371.819
262.675
-116.21
-645.796
-1172.19
-1612.42
-1895.1
-2013.83
-2100.6
-2266.06
-2300.77
-2067.11
-1796.45
-1840.75
-2243.38
-2585.43
-2422.55
-1802.54
-1076.89
-451.711
-4.78231
219.139
264.349
317.475
589.499
1005.53
1333.42
1569.82
1871.37
2253.91
2457.74
2290.6
1864.07
1492.95
1280.44
1215.29
1170.38
1086.36
851.019
413.985
-82.2641
-477.437
-728.606
-996.062
-1291.38
-1523.21
-1582.28
-1474.81
-1373.73
-1336.74
-1383.78
-1456.54
-1403.26
-1181.01
-819.331
-451.559
-240.272
-170.858
-95.2031
55.9549
284.595
469.546
595.435
667.285
742.331
810.832
849.192
782.518
643.842
513.691
445.495
472.895
532.567
494.359
299.817
51.9971
-162.638
-258.844
-277.11
-260.67
-231.9
-190.343
-130.062
-59.1261
-54.5594
-101.597
-162.486
-203.586
-127.475
89.7485
336.046
467.111
450.671
342.896
308.798
355.988
428.903
501.818
595.588
678.549
730.458
770.949
760.902
726.348
626.185
561.794
586.454
664.393
767.296
820.27
827.424
678.549
297.077
-155.484
-409.393
-322.016
-97.4865
-22.288
-135.847
-408.936
-716.884
-1063.95
-1347.39
-1506.47
-1643.77
-1775.14
-1733.43
-1340.39
-846.274
-744.437
-1170.36
-1675.74
-1772.86
-1463.85
-952.526
-376.665
207.417
598.023
656.173
525.565
459.956
540.33
610.962
684.03
936.416
1330.22
1598.89
1502.23
1152.42
801.242
569.71
384.758
242.733
199.958
194.478
159.619
96.2942
13.1801
-118.341
-389.908
-764.074
-1041.73
-1046.6
-799.237
-502.858
-319.885
-301.009
-362.812
-433.901
-440.599
-355.658
-254.277
-179.078
-129.91
-68.2596
54.1282
177.277
236.188
148.355
12.7234
-48.3183
-13.4591
50.6271
105.123
120.65
102.688
130.697
170.579
192.043
190.368
132.828
76.6573
69.8073
133.437
244.56
287.944
318.997
348.681
419.769
458.282
440.776
368.927
277.592
231.317
234.818
308.037
376.386
361.62
246.082
80.4629
-37.0537
-52.1239
-10.4146
74.374
164.338
244.408
271.199
254.759
218.834
182.148
198.588
317.171
491.619
680.376
880.55
1032.77
1074.94
860.304
407.439
-84.5475
-220.179
16.3768
367.1
501.666
303.927
-97.7909
-563.291
-989.974
-1296.25
-1506.47
-1713.49
-1844.86
-1701.16
-1261.39
-841.555
-864.085
-1360.94
-1897.07
-2046.56
-1764.49
-1225.62
-542.893
138.003
601.981
729.24
686.922
645.212
650.845
625.423
661.196
900.948
1291.1
1574.99
1564.8
1329.91
1019.99
685.247
282.007
-100.227
-329.323
-363.421
-274.979
-176.795
-138.891
-267.064
-595.562
-1029.86
-1364.75
-1460.34
-1284.22
-935.934
-562.682
-274.066
-74.9574
56.2594
60.6738
-10.719
-143.154
-221.549
-178.926
24.2924
329.501
586.606
689.966
549.616
293.88
59.4561
-75.4141
-110.273
-153.2
-135.999
-16.3513
185.954
338.177
340.613
212.441
5.87334
-183.036
-259.148
-193.692
-31.7259
163.729
334.372
474.113
544.897
532.567
392.065
192.956
56.8682
42.8637
167.535
345.941
485.225
519.78
416.573
230.86
49.4093
-63.5406
-97.4865
-7.82678
198.284
419.465
591.63
645.669
618.117
515.214
457.673
534.85
720.715
977.973
1191.09
1237.21
998.523
526.478
90.8141
-93.2242
-28.2247
13.4845
-91.2453
-291.267
-513.97
-709.425
-961.051
-1271.43
-1642.1
-2063.3
-2325.13
-2084.61
-1416.96
-802.586
-707.142
-1051.47
-1370.23
-1418.94
-1241.9
-872.609
-281.373
401.046
906.428
1098.23
1147.55
1218.94
1248.32
1113.6
941.287
915.562
1001.42
1038.71
963.208
896.381
815.246
539.265
49.2571
-463.736
-768.945
-867.433
-840.794
-768.336
-680.96
-658.887
-750.526
-871.391
-893.464
-903.206
-998.498
-1057.1
-910.969
-484.439
53.2149
513.235
750.856
725.891
467.72
164.186
-19.3958
17.4423
218.682
384.301
473.504
494.207
480.659
382.17
181.083
-69.4773
-280.611
-397.824
-358.398
-177.556
58.6949
260.543
322.803
238.319
82.594
-72.2174
-164.465
-144.676
-26.3981
176.059
381.866
536.373
602.133
527.391
322.651
50.6271
-196.28
-314.253
-246.97
-9.65347
251.714
417.029
402.111
225.532
-14.5246
-155.94
-100.074
121.259
392.369
628.62
825.75
989.086
1111.47
1131.57
1065.81
992.891
997.153
1079.81
1055.76
826.054
407.896
50.3226
-74.5007
-117.123
-285.483
-602.412
-953.592
-1298.53
-1572.53
-1764.64
-1868.15
-2038.49
-2358.01
-2510.99
-2182.49
-1514.54
-1006.57
-984.798
-1204.91
-1198.98
-911.274
-516.558
-73.2829
513.539
1085.9
1408.31
1436.78
1435.86
1569.97
1631.77
1532.52
1319.41
1172.52
1099.9
907.798
646.43
436.666
224.314
-128.997
-647.623
-1060
-1199.13
-1117.23
-1058.17
-1162.44
-1323.19
-1386.36
-1298.38
-1119.52
-901.379
-733.477
-656.908
-617.787
-436.945
-31.4214
447.017
774.298
875.831
858.478
842.647
850.41
809.918
698.339
516.127
359.945
298.143
326.304
411.245
436.818
311.386
24.1402
-273.914
-403.608
-370.119
-246.361
-162.029
-119.102
-49.3838
41.1892
81.3763
76.8095
67.6761
23.3791
-61.5617
-105.25
-13.7635
216.246
455.085
543.07
436.666
198.436
-65.2151
-192.931
-185.167
-69.7818
81.8329
201.481
308.951
369.992
408.657
401.959
417.182
481.115
618.878
828.033
1066.87
1285.46
1425.21
1463.26
1400.24
1352.29
1312.1
1049.67
476.397
-203.13
-563.747
-467.999
-290.506
-362.66
-724.191
-1172.03
-1621.4
-1980.95
-2193.15
-2270.33
-2391.5
-2624.25
-2611.61
-2066.04
-1120.58
-458.409
-453.69
-771.685
-907.621
-713.84
-336.173
179.56
845.082
1473.92
1800.59
1796.18
1760.86
1841.08
1782.63
1467.52
1010.09
720.715
630.903
554.031
434.839
250.953
-44.2082
-527.975
-1091.96
-1490.79
-1551.68
-1434.47
-1366.88
-1440.25
-1451.36
-1265.8
-943.698
-664.215
-567.857
-618.548
-652.646
-526.909
-174.055
370.753
897.751
1202.35
1193.37
1073.57
1016.94
1016.64
914.648
630.142
318.084
163.12
166.469
222.792
287.335
304.384
173.624
-155.179
-513.057
-700.596
-600.586
-343.632
-161.268
-63.3884
27.0324
168.6
334.22
439.406
434.687
307.733
143.179
54.7371
150.334
396.631
637.906
700.926
483.399
157.031
-125.343
-266.759
-295.834
-312.578
-280.155
-198.106
-32.0303
153.835
285.66
334.372
327.37
341.679
457.216
718.28
1040.84
1366.75
1645.93
1802.72
1851.13
1745.18
1325.2
643.842
-135.999
-600.433
-582.471
-389.908
-350.482
-613.372
-1049.65
-1538.13
-1947.76
-2272.15
-2491.51
-2707.06
-2905.86
-2802.2
-2192.39
-1267.63
-554.31
-350.33
-477.132
-573.642
-463.736
-166.748
303.623
876.897
1395.52
1641.06
1677.9
1756.9
1898.01
1825.4
1418.81
837.014
383.236
200.415
130.697
77.114
-23.9625
-252.602
-625.55
-1005.35
-1242.21
-1294.88
-1274.94
-1373.73
-1470.09
-1371.14
-1014.18
-549.591
-220.483
-106.924
-163.399
-239.511
-244.078
-92.6153
167.383
503.188
739.896
897.447
1032.32
1125.93
1092.14
850.714
432.556
8.46114
-231.748
-262.801
-139.5
83.6596
301.339
346.245
194.783
-82.7208
-256.712
-239.207
-119.102
27.4891
178.495
389.172
628.011
867.611
1049.98
1068.55
899.274
609.897
351.725
203.764
173.015
210.614
250.801
211.984
58.3905
-178.317
-418.831
-632.705
-801.977
-869.412
-810.959
-642.143
-386.102
-112.557
165.404
374.254
458.13
540.787
668.807
920.889
1267.96
1611.53
1919.93
2150.86
2134.57
1649.58
777.495
-54.8639
-418.222
-432.683
-426.746
-578.361
-795.28
-1089.68
-1478.92
-1923.71
-2340.04
-2706.45
-3185.95
-3486.9
-3149.57
-2088.72
-890.267
-285.178
-352.309
-503.924
-428.421
-215.155
145.158
686.465
1323.37
1726.76
1726.3
1612.14
1758.12
1931.81
1724.48
1099.45
433.013
129.022
76.2006
54.4327
3.74221
-104.793
-383.362
-837.75
-1281.18
-1418.94
-1272.04
-1165.94
-1211.92
-1264.13
-1078.87
-668.629
-291.115
-55.7772
66.915
127.804
105.58
54.4327
133.893
398.458
696.512
813.42
804.134
779.474
794.087
756.792
545.202
217.312
-102.205
-325.822
-444.404
-403.456
-180.601
168.144
373.95
331.632
142.57
57.3249
146.832
256.433
335.894
445.343
691.945
989.999
1261.57
1441.8
1505.28
1438.45
1200.22
874.005
570.166
360.859
188.694
28.8591
-70.6951
-137.369
-224.441
-416.547
-712.622
-960.594
-1054.21
-1074.46
-1044.01
-958.615
-699.988
-253.059
256.89
696.207
986.041
1120.3
1183.02
1248.32
1418.97
1541.2
1355.64
805.961
225.684
36.927
142.266
151.247
-242.556
-846.427
-1406.46
-1771.49
-1937.11
-2006.98
-2171.23
-2580.86
-2945.44
-2859.13
-2125.1
-1254.99
-840.338
-901.684
-929.845
-649.449
-115.297
520.085
1078.59
1477.72
1536.03
1371.78
1300.54
1492.64
1661.46
1480.16
934.894
342.592
-47.1005
-317.45
-514.579
-637.88
-714.601
-800.607
-959.224
-1066.54
-1037.77
-920.103
-892.703
-1002.46
-1081.61
-928.78
-524.169
-9.1968
462.544
772.928
833.665
709.755
594.218
527.848
555.857
536.829
501.97
548.855
683.421
831.991
776.277
446.408
-110.121
-655.69
-1070.35
-1242.82
-1092.88
-668.325
-208.457
79.7018
200.72
279.419
417.943
440.015
348.985
259.173
350.964
686.77
1177.54
1663.74
2027.4
2135.94
1958.45
1581.08
1207.07
941.896
742.636
549.768
347.463
200.415
80.9196
-72.2174
-276.654
-524.626
-817.504
-1091.51
-1259.56
-1230.79
-1037.32
-772.294
-511.687
-267.368
1.00219
282.007
578.386
895.468
1256.09
1429.47
1167.64
445.647
-289.897
-506.968
-301.162
-63.8451
-158.376
-479.568
-856.321
-1149.5
-1335.67
-1462.17
-1697.51
-2233.34
-2800.67
-2825.79
-2003.33
-907.316
-286.244
-352.461
-630.726
-728.91
-541.371
-117.123
489.944
1125.93
1413.49
1319.26
1253.35
1517.3
1826.01
1632.38
823.01
-126.257
-742.915
-983.885
-941.414
-795.432
-642.447
-675.632
-904.424
-1068.98
-1014.02
-815.982
-785.385
-971.707
-1114.04
-919.798
-328.562
442.907
1093.66
1401.31
1251.21
842.799
512.321
517.192
714.779
858.934
793.631
664.545
659.065
779.474
854.824
638.515
115.474
-629.812
-1263.82
-1502.66
-1240.08
-761.486
-406.044
-298.422
-349.873
-296.595
-29.8992
336.655
580.974
607.309
534.698
575.037
852.541
1319.56
1769.38
2024.36
2027.4
1885.07
1760.55
1690.68
1559.77
1232.03
689.205
187.781
-71.7607
-63.9973
62.3483
112.734
-71.4563
-440.903
-811.872
-1038.69
-1076.13
-1009.76
-867.586
-641.381
-333.433
37.0792
463.762
859.239
1178.3
1140.4
557.227
-278.48
-877.176
-881.59
-494.029
-185.624
-208.762
-518.233
-1032.44
-1521.08
-1817.31
-1923.71
-2033.47
-2366.53
-2647.99
-2312.8
-1294.42
-258.539
77.5707
-222.158
-558.115
-599.368
-395.084
-47.4049
457.064
940.526
1180.58
1187.13
1317.13
1732.24
1995.89
1599.35
587.215
-380.47
-877.48
-983.428
-969.271
-1001.24
-1054.67
-1147.83
-1244.34
-1170.97
-882.199
-605.609
-665.128
-1036.25
-1295.94
-1099.12
-447.144
317.475
819.965
1020.6
1010.55
998.067
1062.61
1215.29
1260.2
1027.9
618.269
359.032
536.068
941.896
1185.76
988.629
506.08
-21.2225
-431.465
-737.587
-932.281
-998.955
-991.648
-900.314
-659.8
-203.891
345.332
699.556
668.959
345.636
92.6408
135.872
404.395
786.476
1182.26
1543.33
1849.45
2041.26
2109.76
2005.33
1680.64
1132.18
519.019
132.828
114.104
301.187
442.298
363.751
129.479
-171.467
-392.039
-484.591
-473.174
-416.699
-436.032
-495.703
-431.313
-90.0275
424.488
920.433
939.613
399.676
-447.296
-1064.72
-1072.33
-747.786
-592.061
-814.46
-1218.61
-1591.87
-1724
-1778.8
-1895.4
-2319.49
-2973.45
-3262.67
-2726.69
-1485.31
-344.241
53.2149
-202.521
-452.015
-330.998
136.177
676.114
1030.19
1105.38
961.076
861.37
1153.03
1756.44
2084.33
1710.02
780.083
-159.594
-739.566
-963.791
-1075.98
-1240.53
-1484.55
-1766.92
-1830.7
-1514.23
-923.452
-517.928
-615.047
-1055.73
-1348.61
-1133.37
-475.305
263.283
742.483
931.393
981.17
1083.92
1280.44
1459.15
1378.32
987.411
533.48
363.599
624.662
1037.19
1224.58
998.067
506.841
76.2006
-146.502
-183.645
-150.613
-162.943
-250.776
-355.962
-294.768
-5.08676
332.85
485.073
369.079
145.615
105.428
315.648
613.55
864.11
1011.31
1066.87
1085.44
1179.06
1350.77
1495.38
1501.17
1286.99
977.364
707.624
562.251
506.232
449.148
347.615
173.624
49.1048
92.4886
275.461
389.477
279.115
-23.9625
-316.536
-401.629
-248.34
67.0672
356.444
342.135
-81.1986
-726.931
-1130.78
-1128.65
-958.311
-986.929
-1295.94
-1582.28
-1692.18
-1565.99
-1441.62
-1544.07
-2010.48
-2723.8
-3048.65
-2487.7
-1335.52
-428.421
-261.888
-589.473
-671.978
-267.064
415.507
1036.88
1288.51
1126.09
731.067
563.316
961.381
1616.4
1857.67
1364.77
483.247
-231.139
-562.834
-733.781
-957.245
-1328.67
-1748.35
-2056.3
-2026.92
-1594
-1041.27
-814.764
-1061.21
-1421.38
-1409.81
-914.166
-227.638
336.199
640.037
759.989
837.928
1015.57
1276.79
1474.68
1361.42
967.927
650.997
708.842
1065.05
1320.78
1183.02
685.552
136.938
-199.324
-227.79
-58.8217
133.741
150.486
-4.78231
-148.786
-99.3132
196.914
504.71
597.11
514.909
444.886
504.101
673.526
828.946
930.175
961.381
935.198
913.583
1034.14
1327.33
1546.38
1510.3
1195.81
809.31
557.684
422.053
369.536
407.896
525.565
628.925
654.041
651.606
607.004
516.888
260.239
-37.9671
-196.28
-151.678
21.5524
12.7234
-378.035
-1056.5
-1569.49
-1657.17
-1452.28
-1293.05
-1374.03
-1523.21
-1610.74
-1563.25
-1433.1
-1361.09
-1534.93
-2008.2
-2378.41
-2124.5
-1187.86
-248.949
88.3785
-134.477
-366.466
-244.23
130.24
489.336
680.072
637.145
379.735
227.054
532.719
1210.42
1652.63
1379.69
545.658
-230.073
-573.337
-632.705
-782.34
-1112.51
-1544.07
-1864.04
-1828.57
-1392.6
-813.699
-493.572
-649.145
-1017.68
-1197.76
-955.723
-457.8
2.06775
275.309
408.353
603.96
996.697
1446.67
1676.98
1502.99
1061.54
633.948
449.301
505.928
652.215
656.477
386.585
43.4726
-136.912
-77.6974
97.6642
197.218
172.102
94.163
106.645
233.295
385.215
570.166
750.703
848.279
900.491
982.844
1111.47
1239.95
1204.79
999.132
764.251
680.681
796.066
991.065
1159.27
1229.14
1154.7
955.444
721.324
535.459
486.443
551.747
613.093
653.28
711.582
783.127
856.803
855.433
832.6
826.206
775.973
669.72
530.588
291.293
-271.63
-1223.64
-2250.54
-2772.82
-2638.4
-2271.54
-2114.6
-2193.91
-2240.03
-2143.37
-1962.07
-1897.84
-2030.12
-2352.07
-2560.16
-2199.54
-1101.4
239.993
1046.02
1046.93
692.706
549.159
708.842
941.287
1010.7
891.51
637.601
381.257
335.285
595.435
877.049
735.481
99.3386
-665.281
-1115.25
-1237.49
-1282.4
-1451.06
-1709.69
-1944.57
-2006.67
-1741.04
-1237.49
-772.142
-643.817
-731.346
-686.896
-249.406
409.266
932.002
1092.9
975.538
807.787
784.649
985.737
1204.63
1297.34
1133.55
901.709
780.692
809.31
806.874
574.885
157.945
-264.628
-492.355
-505.446
-357.637
-201.607
-104.489
-46.1871
53.8238
264.653
564.838
814.181
939.917
973.407
1025.31
1150.14
1283.64
1364.01
1327.78
1232.49
1127.3
1026.38
983.301
1047.84
1118.02
1076.61
890.14
637.601
437.275
286.878
205.286
261.609
478.223
801.546
1102.34
1300.23
1410.9
1417.6
1370.71
1277.85
1215.75
1148.77
1027.6
683.725
-17.4169
-908.382
-1687.77
-1998.91
-2061.48
-2158.14
-2473.24
-2843.45
-3048.95
-3049.41
-2955.18
-2906.01
-3018.2
-3306.36
-3336.8
-2627.44
-1223.79
102.383
672.156
578.234
472.743
700.47
1103.56
1372.38
1419.27
1262.17
1006.29
842.494
991.673
1376.19
1470.57
911.756
-44.6649
-833.488
-1200.96
-1362.46
-1576.49
-1926.3
-2282.05
-2437.77
-2251.3
-1716.69
-1154.37
-910.056
-1081.31
-1300.81
-1137.93
-513.818
262.37
827.576
1081.49
1154.1
1220.47
1398.11
1625.23
1659.33
1391.56
941.135
619.791
633.796
885.117
1045.56
867.307
365.882
-178.317
-462.366
-446.079
-293.094
-238.141
-275.436
-248.949
-67.194
238.167
526.478
754.813
896.686
928.653
986.193
1124.26
1291.25
1379.39
1291.55
1118.93
988.02
1016.18
1183.93
1355.03
1381.52
1233.56
979.952
682.66
396.175
121.107
-62.1706
-113.622
30.0769
367.1
825.597
1239.8
1492.95
1528.72
1446.37
1388.06
1445.3
1511.67
1356.55
749.486
-209.523
-1119.52
-1588.67
-1593.39
-1593.39
-1899.97
-2420.57
-2765.36
-2772.82
-2580.1
-2554.22
-2899.47
-3613.24
-4195.95
-3914.65
-2627.6
-1053.76
-102.662
36.7747
4.50333
363.903
1040.23
1615.03
1704.23
1301.6
690.423
310.929
540.483
1205.4
1638.01
1332.81
430.577
-386.102
-770.467
-927.105
-1207.04
-1699.03
-2248.41
-2604.46
-2580.25
-2082.79
-1342.37
-877.176
-947.808
-1283
-1279.81
-744.437
-13.7635
516.888
744.615
829.099
986.954
1276.79
1633.3
1803.48
1564.8
1009.79
511.56
457.216
781.148
1059.41
912.822
469.394
56.5638
-90.7886
-31.2692
35.2525
12.2667
-117.428
-184.254
-69.0207
245.321
641.559
916.779
1012.98
1015.88
1043.58
1122.89
1151.81
1098.08
956.966
779.778
678.397
699.404
858.326
1053.78
1123.5
1062.15
913.583
735.177
492.228
165.556
-123.821
-216.373
-72.674
239.841
657.847
1039.47
1293.99
1420.64
1430.23
1416.83
1445.76
1426.58
1281.96
818.9
-35.227
-952.679
-1601.91
-1754.14
-1712.43
-1828.42
-2174.58
-2470.35
-2540.52
-2424.22
-2299.86
-2446.14
-2903.73
-3478.83
-3633.79
-2965.23
-1692.94
-613.068
-203.586
-245.448
-155.94
338.025
940.374
1326.57
1286.68
935.503
519.019
407.439
725.434
1105.69
1032.93
409.266
-305.424
-667.716
-711.404
-780.057
-1106.12
-1630.38
-2103.95
-2312.04
-2095.12
-1598.26
-1169.9
-1098.81
-1305.23
-1291.99
-813.242
-87.7442
495.424
764.86
860.761
929.262
1062.76
1258.37
1380.6
1344.98
1126.7
929.871
967.622
1148.92
1148.01
781.453
243.951
-184.711
-309.838
-230.53
-100.835
29.9247
149.725
290.836
542.157
875.679
1176.47
1266.44
1181.65
1152.73
1360.36
1717.78
1935.16
1829.36
1450.78
1113.91
882.681
772.471
628.772
411.701
228.881
135.568
248.518
468.785
647.191
529.37
150.942
-179.687
-190.8
177.734
715.235
1162.92
1377.26
1446.52
1523.85
1706.21
1925.11
1946.42
1707.89
1152.12
232.839
-791.778
-1633.57
-2011.39
-2141.7
-2332.74
-2683.92
-2934.48
-2850.75
-2550.27
-2300.01
-2382.06
-2771.14
-3308.95
-3511.41
-2898.1
-1630.07
-407.109
124.608
23.5313
-41.316
355.683
936.112
1230.21
1071.44
612.789
178.038
87.9219
424.032
921.042
1060.63
580.365
-158.224
-650.667
-739.261
-742.153
-1026.2
-1551.07
-2066.96
-2220.4
-1954.16
-1424.57
-994.54
-939.435
-1169.75
-1300.81
-956.637
-274.218
326.456
560.272
569.862
645.821
876.288
1217.27
1420.79
1338.44
982.236
605.939
550.834
873.7
1214.68
1180.74
715.235
176.973
-149.699
-228.399
-191.561
-195.671
-161.42
-57.6039
194.935
675.505
1219.55
1624.62
1685.05
1557.49
1511.21
1640.45
1822.97
1814.29
1620.97
1387.15
1267.5
1237.97
1170.08
972.95
635.927
221.574
-119.407
-278.024
-302.988
-308.773
-339.218
-328.257
-134.477
252.476
720.411
1091.53
1339.5
1500.1
1621.42
1759.79
1929.98
2125.43
2146.75
1796.33
935.96
-221.244
-1295.03
-2011.39
-2376.12
-2675.39
-3024.9
-3335.28
-3354.92
-3085.64
-2720.3
-2564.73
-2823.66
-3349.59
-3678.09
-3254.3
-2089.64
-800.912
-16.3513
201.633
313.517
680.833
1160.79
1441.95
1322.3
848.888
262.37
-93.2242
8.61337
384.149
575.646
210.919
-455.516
-897.574
-872.152
-681.721
-760.573
-1184.06
-1698.12
-2013.22
-1962.23
-1545.13
-1055.43
-762.704
-766.357
-804.413
-559.028
-75.4141
383.388
589.499
594.826
582.344
689.814
917.693
1202.2
1325.04
1194.59
914.648
698.643
696.055
780.235
725.891
461.326
171.036
-16.5035
-130.671
-167.966
-126.713
-20.7658
147.594
382.17
681.898
1026.53
1329
1508.47
1614.12
1735.74
1895.42
1984.32
1950.83
1845.19
1719.15
1637.41
1521.56
1310.13
997.001
637.297
306.363
63.5661
-58.365
-144.371
-286.092
-459.018
-557.354
-440.903
-117.276
283.073
631.665
903.993
1205.4
1586.11
1966.97
2210.07
2282.53
2216.16
1912.63
1261.57
304.384
-735.151
-1553.51
-2046.1
-2418.9
-2786.97
-3147.9
-3342.44
-3341.07
-3254
-3202.85
-3324.93
-3587.82
-3763.03
-3459.04
-2574.77
-1431.88
-537.413
-68.7162
215.485
613.093
1090.47
1387.45
1344.68
997.001
499.535
92.3364
-11.9368
127.043
201.024
-48.3183
-535.89
-897.117
-966.683
-929.845
-1065.78
-1461.87
-1890.68
-2147.63
-2106.23
-1737.39
-1237.79
-894.834
-784.928
-694.355
-372.25
156.118
612.484
804.134
803.068
783.584
904.297
1186.37
1475.29
1564.95
1310.89
928.957
738.373
889.684
1094.73
991.826
557.075
80.1585
-150.46
-137.521
-85.3086
-117.428
-218.048
-247.275
-89.4186
322.498
879.332
1402.83
1687.49
1754.92
1836.51
2072.61
2323.48
2351.18
2098.03
1708.19
1409.98
1316.37
1363.71
1404.2
1245.13
903.993
572.145
373.646
288.4
83.3552
-312.122
-756.006
-959.985
-732.107
-161.725
488.727
1030.79
1396.89
1660.7
1854.63
2080.68
2247.06
2155.58
1607.42
534.089
-565.27
-1288.79
-1474.2
-1532.5
-1869.67
-2549.05
-3209.55
-3509.73
-3406.83
-3173.32
-3214.26
-3599.09
-4066.11
-3933.52
-2962.03
-1547.42
-508.795
-164.769
-151.221
104.971
724.217
1347.12
1606.35
1349.7
796.675
265.719
48.9526
180.474
343.658
76.5051
-693.594
-1444.06
-1694.01
-1485.61
-1258.95
-1395.34
-1852.78
-2256.17
-2272.15
-1878.5
-1306.9
-922.995
-913.101
-1045.38
-900.162
-260.518
503.492
939.613
995.631
906.733
955.596
1246.04
1605.29
1804.55
1670.9
1242.54
827.272
735.938
966.709
1140.85
953.009
501.513
176.364
164.643
350.66
373.493
194.022
-0.0633793
-47.2527
148.05
492.076
917.084
1259.28
1465.55
1616.86
1812.62
2106.86
2334.59
2333.07
2060.74
1717.32
1494.92
1460.22
1496.9
1441.95
1253.65
951.03
677.941
477.31
295.859
-13.6113
-363.878
-620.679
-600.586
-319.733
94.3153
503.492
836.253
1204.63
1609.55
2035.01
2332.15
2371.28
1984.63
1200.07
132.98
-885.548
-1559.75
-1957.05
-2316.75
-2744.81
-3109.23
-3189.45
-3080.31
-3031.6
-3202.39
-3636.23
-4082.7
-4199.61
-3621.46
-2454.21
-1234.6
-477.284
-176.947
227.359
933.981
1646.08
1854.93
1413.33
712.191
195.392
24.1402
121.259
273.33
158.249
-339.674
-1003.37
-1428.83
-1483.79
-1438.27
-1709.23
-2258
-2674.94
-2592.74
-2015.66
-1351.5
-905.794
-821.766
-936.695
-882.199
-488.853
84.4207
475.94
521.15
436.057
570.166
1001.26
1488.23
1729.81
1617.46
1221.38
834.579
702.753
837.166
1014.2
965.643
674.439
422.814
463.762
741.418
964.882
895.925
566.056
288.096
262.066
493.293
870.199
1189.11
1411.66
1626.29
1919.48
2271.87
2494.58
2433.84
2101.23
1676.22
1348.03
1182.87
1130.04
1125.48
1121.37
1082.86
1063.52
1051.65
953.313
647.8
196.762
-221.092
-443.034
-429.334
-184.711
243.799
777.19
1315.76
1746.4
2125.74
2451.19
2485.75
1953.42
828.033
-475.001
-1422.59
-1839.69
-2048.84
-2383.12
-2929.91
-3353.7
-3490.55
-3344.57
-3114.1
-3140.13
-3575.03
-4210.11
-4359.75
-3632.88
-2261.04
-1052.39
-443.339
-188.973
242.277
1070.37
1954.64
2380.56
2059.83
1144.05
99.0342
-485.504
-526.757
-373.62
-521.125
-1071.11
-1684.11
-1957.96
-1879.87
-1748.66
-1852.78
-2212.48
-2544.79
-2538.7
-2034.38
-1318.62
-746.111
-533.759
-490.223
-321.56
36.0136
440.32
676.875
767.448
816.768
889.988
1043.28
1227.62
1332.05
1250.15
987.868
686.008
468.024
285.813
133.893
23.3791
0.241068
150.334
435.753
760.294
984.214
1059.87
1077.53
1121.98
1177.69
1194.13
1186.22
1264.46
1511.21
1904.56
2378.73
2721.39
2801.46
2640.71
2343.72
2033.8
1713.67
1346.05
994.109
749.181
689.814
817.225
974.015
1009.33
800.785
447.778
124.76
7.09113
53.6716
105.275
125.673
239.537
632.882
1269.18
1986.76
2601.59
2952.01
2930.85
2384.37
1327.48
53.976
-1063.65
-1789.6
-2348.42
-2902.82
-3448.23
-3769.42
-3761.2
-3584.47
-3482.48
-3646.73
-4057.43
-4452.6
-4341.94
-3587.67
-2459.84
-1501.29
-902.445
-390.974
398.458
1424.6
2313.13
2671
2464.74
1875.64
1111.63
470.612
21.4001
-389.147
-950.548
-1647.73
-2185.08
-2399.72
-2415.55
-2509.62
-2757.44
-3015.46
-3060.67
-2770.84
-2182.95
-1448.62
-835.467
-429.943
-155.94
218.834
689.51
1034.9
1091.08
1013.9
1038.71
1204.18
1376.19
1407.85
1326.72
1156.99
959.098
747.963
570.471
341.983
-15.8946
-465.107
-766.509
-695.116
-285.787
181.844
589.803
894.098
1148.77
1413.94
1569.36
1582.91
1523.24
1495.23
1609.24
1924.04
2395.48
2825.82
3067.85
3090.38
2925.98
2633.1
2203.53
1681.4
1098.84
606.395
360.402
365.73
528.914
684.943
703.362
556.618
392.674
318.845
280.941
226.445
117.758
128.261
427.381
1052.26
1918.72
2736.31
3273.81
3255.85
2560.49
1378.47
113.495
-880.677
-1625.81
-2348.26
-3056.87
-3569.25
-3718.89
-3561.33
-3393.74
-3510.95
-3991.37
-4550.64
-4739.7
-4224.42
-3135.87
-2041.69
-1429.6
-1112.82
-596.932
330.871
1397.81
2090.42
2205.96
1915.82
1555.97
1300.08
1067.63
685.552
-16.808
-961.964
-1832.23
-2325.58
-2464.72
-2599.13
-2967.81
-3488.42
-3780.84
-3581.58
-2985.78
-2292.7
-1723.08
-1262.61
-785.385
-131.432
601.372
1162.77
1357.77
1241.17
1153.18
1300.69
1624.16
1827.08
1744.42
1393.24
1040.69
813.42
700.774
557.684
172.406
-381.384
-866.52
-1028.79
-796.954
-357.028
56.5638
328.131
579.3
977.973
1479.09
1880.66
2021.92
1957.53
1829.66
1922.22
2293.95
2754.42
3041.36
3024.92
2873.92
2737.83
2642.08
2418.01
1973.82
1367.67
781.148
398.154
284.899
330.871
340.156
209.701
23.0746
32.208
273.787
629.838
824.38
785.106
730.762
922.259
1419.42
2089.36
2697.19
3011.22
2745.14
1936.22
953.009
148.355
-486.57
-1280.72
-2361.05
-3397.39
-3887.7
-3797.43
-3475.94
-3391.15
-3778.1
-4493.7
-4985.54
-4783.08
-3817.53
-2684.98
-2010.63
-1770.27
-1379.36
-455.669
755.727
1705.15
2098.34
1996.65
1652.48
1398.57
1373.91
1411.66
1056.83
100.404
-1149.5
-2075.94
-2438.53
-2545.24
-2844.51
-3422.2
-3931.54
-4052.71
-3644.3
-2921.39
-2257.54
-1860.08
-1606.17
-1123.02
-307.707
622.531
1214.83
1318.5
1193.98
1204.63
1557.64
1977.47
2159.38
1936.98
1427.49
973.559
749.181
642.168
376.386
-124.126
-701.662
-1096.68
-1083.13
-746.568
-341.501
-95.0509
65.8494
391.912
973.407
1654.46
2138.07
2334.74
2375.39
2473.11
2738.44
3059.63
3297.86
3306.54
3121.28
2850.02
2650.45
2468.55
2128.63
1614.12
1028.97
582.649
383.997
296.62
200.263
60.9783
-110.73
-196.127
-85.0042
211.071
542.005
837.623
1079.81
1437.69
1961.19
2569.17
3024.01
3113.97
2755.03
2035.78
1236.45
509.581
-127.475
-861.649
-1753.07
-2651.49
-3327.06
-3645.82
-3697.42
-3778.1
-4118.17
-4668.61
-5000
-4731.78
-3864.11
-2891.4
-2308.38
-2072.13
-1703.75
-924.517
73.7651
909.473
1338.13
1426.12
1351.68
1313.78
1386.85
1393.09
1085.29
371.819
-528.279
-1257.73
-1750.79
-2159.81
-2695.94
-3329.19
-3782.06
-3920.73
-3657.84
-3187.47
-2714.06
-2433.97
-2225.57
-1791.58
-975.664
17.2901
710.669
1006.13
1059.26
1206.46
1563.88
1932.72
2080.07
1940.79
1574.08
1224.88
1089.71
1074.48
894.859
347.006
-401.477
-965.161
-1130.93
-987.69
-769.706
-621.288
-435.271
-56.2339
498.012
1147.85
1690.23
2042.93
2245.08
2476.01
2896.3
3374.89
3691.21
3737.94
3606.42
3453.43
3326.63
3109.86
2677.4
2035.17
1408
868.22
547.637
389.02
204.221
-156.245
-602.869
-863.78
-793.757
-476.828
-193.083
-15.1335
224.771
750.095
1552.01
2501.58
3361.64
3826.84
3708.1
3052.93
2200.48
1489.44
926.978
207.57
-848.862
-1968.77
-2735.37
-3098.73
-3229.49
-3440.32
-3865.17
-4594.17
-4997.11
-5000
-4517.76
-3507.14
-2886.98
-2702.49
-2517.69
-1780.17
-676.088
308.037
877.506
1106.3
1173.43
1234.17
1351.23
1458.54
1333.87
732.132
-128.083
-835.771
-1202.02
-1506.01
-2097.25
-2912.25
-3601.83
-3868.07
-3707.01
-3307.58
-2904.03
-2620.59
-2480.7
-2204.57
-1582.12
-692.224
111.364
502.731
656.02
875.07
1326.11
1826.16
2091.64
2002.29
1620.36
1253.95
1074.94
1021.36
928.653
605.482
75.4395
-414.873
-635.901
-603.934
-484.591
-455.669
-482.917
-379.1
-17.7213
536.982
1047.69
1363.4
1596.46
1943.22
2501.27
3170.15
3697.14
3930.5
3892.45
3781.02
3710.54
3664.72
3462.87
2938.61
2219.2
1549.12
1136.44
1004.61
867.155
511.103
-63.6928
-624.941
-926.953
-950.852
-842.925
-733.324
-606.066
-272.544
428.446
1422.01
2460.17
3150.66
3287.21
2846.67
2191.65
1606.66
1213.16
786.933
119.28
-752.961
-1579.38
-2067.87
-2340.65
-2697.31
-3366.18
-4268.87
-4930.13
-4933.63
-4259.13
-3337.26
-2768.25
-2632.77
-2551.64
-2125.1
-1359.27
-529.193
71.9384
389.325
585.693
854.063
1249.84
1596.15
1588.09
1028.36
89.2919
-835.619
-1466.74
-1871.2
-2306.71
-2870.7
-3391
-3699.4
-3698.94
-3427.99
-3092.03
-2882.11
-2811.94
-2695.79
-2252.21
-1423.96
-484.896
250.344
718.28
1112.54
1606.96
2126.65
2432.01
2347.53
1882.94
1377.26
1062.61
1009.79
975.233
652.824
83.5074
-477.893
-756.919
-765.291
-670.761
-652.037
-662.693
-535.282
-140.87
480.811
1103.25
1512.89
1684.9
1813.07
2168.82
2754.12
3355.71
3793.2
3981.19
4046.95
4069.94
4070.4
3955.77
3586.17
2961.9
2252.39
1668.31
1318.19
1156.07
939.004
539.265
69.8073
-283.047
-498.748
-588.712
-669.543
-694.203
-509.404
37.5359
845.387
1579.26
1875.79
1699.36
1409.07
1271.16
1319.72
1172.97
722.39
18.9646
-629.66
-1130.48
-1500.38
-1877.74
-2487.24
-3412
-4297.03
-4577.28
-4042.67
-3153.07
-2584.52
-2472.48
-2431.07
-2077.15
-1452.12
-813.09
-438.163
-294.464
-253.668
-60.1917
443.668
1140.7
1569.21
1434.64
817.377
91.1186
-537.717
-1199.28
-1984.75
-2833.71
-3547.63
-3966.55
-4000.35
-3738.68
-3375.01
-3169.51
-3220.05
-3247.45
-2957.46
-2328.32
-1559.9
-871.239
-260.518
354.009
1048.45
1763.6
2400.5
2790.5
2756.86
2369.75
1877.77
1506.04
1296.27
1035.36
541.244
-80.8941
-692.376
-1059.39
-1114.49
-979.927
-812.937
-725.561
-654.168
-459.626
-64.3017
474.57
974.168
1392.48
1807.59
2261.22
2810.29
3377.32
3849.52
4174.52
4306.04
4273.31
4166.91
4014.83
3776.76
3357.08
2789.13
2225.45
1784.15
1467.68
1206.16
910.843
531.806
96.2942
-290.049
-456.278
-408.327
-128.388
162.511
355.531
399.067
303.318
219.291
259.782
469.851
658.608
701.535
524.651
284.899
10.2878
-320.037
-829.986
-1576.03
-2446.91
-3215.48
-3571.23
-3371.21
-2870.09
-2442.49
-2232.42
-2167.12
-2023.42
-1787.78
-1524.13
-1279.96
-1054.06
-824.659
-607.74
-304.663
167.535
648.561
857.869
720.563
339.243
-107.381
-556.593
-1096.83
-1663.56
-2218.11
-2705.08
-3022.92
-3169.97
-3193.26
-3242.88
-3415.05
-3579.45
-3562.1
-3340.15
-2944.22
-2417.53
-1737.09
-942.023
-130.367
579.3
1170.84
1656.43
2070.03
2348.9
2481.18
2523.65
2359.1
2022.23
1581.84
1109.19
607.004
35.2525
-539.696
-980.231
-1178.27
-1153
-990.126
-787.821
-547.003
-302.836
-50.2972
223.401
545.506
923.173
1358.99
1894.51
2526.24
3154.62
3668.83
4045.58
4297.51
4371.34
4242.26
4004.48
3698.67
3340.33
2888.23
2412.68
2040.95
1828.9
1664.65
1380.15
971.123
535.155
227.968
157.336
223.096
330.719
215.79
-148.481
-521.277
-627.377
-427.203
-229.769
-145.285
-186.69
-179.992
-169.793
-214.546
-458.256
-884.026
-1444.21
-2031.34
-2365.92
-2320.26
-2035.75
-1834.51
-1794.32
-1791.74
-1652.91
-1471.46
-1391.08
-1346.94
-1252.41
-1134.89
-948.873
-710.339
-359.159
-23.658
90.3574
-46.4916
-312.274
-570.293
-835.619
-1185.89
-1569.03
-1875.91
-2149.16
-2318.12
-2379.32
-2419.96
-2541.44
-2858.21
-3206.65
-3372.12
-3274.7
-3015.92
-2740.7
-2399.56
-1881.39
-1200.35
-489.615
101.47
532.871
831.839
1088.49
1458.7
1864.98
2103.06
2063.78
1797.85
1519.28
1272.98
980.257
578.234
141.657
-190.038
-381.536
-459.779
-426.442
-323.995
-214.394
-159.289
-90.7886
127.5
407.896
737.308
1056.98
1422.77
1916.28
2528.07
3108.95
3528.94
3738.4
3751.49
3668.53
3556.34
3499.71
3436.08
3239.56
2901.32
2496.4
2189.06
1961.19
1743.81
1464.48
1153.18
1017.25
1051.95
1077.07
787.694
251.258
-319.581
-701.358
-875.501
-934.869
-942.023
-968.814
-936.239
-837.598
-725.409
-737.282
-1005.65
-1498.7
-1886.11
-1866.32
-1491.7
-1195.63
-1144.18
-1200.35
-1143.26
-999.716
-867.433
-730.432
-579.426
-462.975
-441.055
-421.875
-318.363
-171.315
-135.999
-317.45
-629.356
-984.189
-1299.9
-1533.56
-1717.3
-1882.16
-2137.13
-2464.56
-2642.06
-2601.11
-2520.58
-2652.1
-2953.96
-3173.47
-3162.81
-2864.3
-2546.76
-2252.97
-2009.72
-1742.11
-1409.2
-1007.94
-582.928
-208.61
139.678
477.919
859.391
1288.21
1628.58
1755.23
1655.52
1357.01
1008.57
633.339
338.33
229.946
247.3
299.208
258.717
115.018
-64.3017
-164.313
-227.638
-269.956
-243.469
-106.62
214.267
711.43
1365.53
2036.69
2580.89
2888.38
3041.52
3169.99
3261.18
3273.66
3203.18
3158.27
3197.09
3292.84
3326.02
3244.74
3003.61
2559.27
2034.56
1517.91
1307.08
1321.09
1370.86
1228.23
843.864
459.804
156.727
-29.1381
-286.853
-557.05
-836.38
-1024.38
-1147.68
-1194.87
-1203.09
-1285.74
-1551.98
-1803
-1763.57
-1404.94
-1041.88
-962.117
-1035.95
-1041.88
-927.714
-853.429
-792.083
-598.15
-277.719
-37.9671
32.208
51.8449
157.184
265.567
255.977
32.9691
-347.438
-838.207
-1316.19
-1661.74
-1810.31
-1835.27
-1955.83
-2165.29
-2316.3
-2342.94
-2419.2
-2679.35
-3073.46
-3413.83
-3524.65
-3353.85
-3021.09
-2609.63
-2236.38
-1920.52
-1593.39
-1255.15
-959.833
-774.425
-600.281
-309.991
171.036
701.383
1080.12
1280.59
1353.2
1386.69
1363.71
1186.67
939.765
750.856
704.275
727.565
685.704
544.897
345.332
142.418
-67.3462
-265.085
-382.145
-362.508
-192.17
143.788
627.25
1200.07
1739.7
2156.64
2439.47
2671.16
2855.19
3016.55
3141.98
3307.6
3483.57
3586.17
3572.62
3475.2
3378.54
3246.71
3029.34
2620.92
2173.69
1802.42
1542.42
1254.87
910.082
556.466
243.494
10.2878
-196.584
-356.571
-500.575
-687.657
-983.885
-1288.48
-1579.54
-1841.82
-2094.36
-2162.25
-1917.93
-1524.58
-1235.66
-1108.86
-947.655
-695.725
-563.595
-698.77
-884.33
-825.268
-516.406
-189.277
15.3112
119.128
154.444
154.596
224.923
342.44
327.065
-64.6062
-735.151
-1314.21
-1550.77
-1600.09
-1762.81
-2011.7
-2156.31
-2077.76
-1981.86
-2070.3
-2322.54
-2600.96
-2861.11
-3045.91
-3086.55
-2973.6
-2776.93
-2605.37
-2377.64
-2115.82
-1848.06
-1648.49
-1426.7
-1088.01
-667.564
-301.009
-122.756
23.3791
224.619
511.256
739.591
882.986
1070.37
1313.47
1607.11
1822.36
1855.39
1695.4
1389.59
1028.82
673.222
379.582
107.863
-114.383
-227.942
-91.2453
289.466
701.535
1018.77
1179.52
1319.41
1448.34
1564.95
1639.99
1737.72
2004.11
2436.73
2961.45
3394.83
3636.71
3681.31
3571.25
3412.64
3233.32
3015.64
2793.7
2563.69
2330.18
2003.96
1570.12
1181.19
879.332
591.021
235.427
-139.805
-413.503
-577.448
-722.973
-888.593
-1148.89
-1561.27
-1959.94
-2146.72
-1977.3
-1646.97
-1437.51
-1366.73
-1241.45
-1018.29
-885.548
-960.442
-1140.83
-1239.62
-1182.54
-999.716
-767.423
-527.975
-309.686
-100.988
95.0764
253.541
232.687
0.697739
-315.014
-559.028
-668.325
-765.596
-889.963
-987.081
-1006.87
-939.131
-937.913
-1092.42
-1429.75
-1868.46
-2256.02
-2581.01
-2815.59
-2960.2
-3027.79
-2990.34
-2817.11
-2577.06
-2413.26
-2357.7
-2315.69
-2165.44
-1897.53
-1588.67
-1328.37
-1062.74
-743.523
-353.527
53.0627
423.118
746.898
1023.18
1325.65
1641.67
1960.12
2167.45
2197.59
2109.3
1917.5
1650.5
1300.23
899.426
599.393
521.607
585.845
701.535
784.497
852.693
934.133
971.58
952.856
914.344
906.733
954.988
1158.05
1440.89
1740.77
2011.57
2231.08
2481.49
2743.01
2967.23
3052.63
3026.45
2938.92
2850.32
2730.22
2535.53
2193.48
1761.01
1380.15
1137.2
974.929
772.928
559.967
362.381
238.775
105.884
-156.397
-576.382
-1117.23
-1636.31
-1853.54
-1737.85
-1472.07
-1271.74
-1177.36
-1135.04
-1087.55
-1200.35
-1558.07
-2000.74
-2373.08
-2514.49
-2401.09
-2091.92
-1717.45
-1353.79
-1052.23
-768.945
-529.954
-389.604
-417.308
-547.155
-594.04
-429.486
-144.371
121.259
252.171
308.342
309.712
203.612
-60.4962
-506.816
-1018.9
-1475.26
-1810.92
-2074.57
-2289.35
-2472.17
-2590.3
-2595.17
-2558.64
-2612.22
-2795.95
-2985.02
-2975.73
-2670.83
-2211.72
-1808.18
-1490.79
-1121.49
-619.766
-73.4352
357.053
631.208
848.431
1116.19
1437.99
1773.8
2036.84
2180.69
2188.76
2117.67
2048.71
1922.22
1711.23
1460.83
1324.74
1317.43
1329.76
1223.21
1044.5
922.259
937.786
1007.2
988.629
880.55
756.945
726.195
822.096
993.348
1242.54
1475.9
1767.56
2119.35
2403.55
2543.14
2466.42
2257.72
2016.44
1865.74
1801.96
1775.47
1753.7
1780.5
1851.28
1843.67
1655.37
1351.99
1035.67
750.095
468.938
206.352
5.56889
-66.7373
31.5991
176.516
248.213
101.165
-192.017
-553.701
-901.988
-1263.37
-1690.2
-2132.72
-2437.01
-2506.58
-2444.62
-2391.95
-2415.85
-2476.74
-2469.59
-2389.82
-2307.32
-2224.81
-2108.82
-1863.74
-1496.88
-1061.06
-676.088
-387.016
-205.413
-49.3838
46.517
56.1071
27.0324
-50.2972
-147.568
-234.64
-352.309
-568.619
-857.539
-1174.93
-1430.05
-1706.49
-1985.67
-2268.5
-2471.11
-2460.15
-2308.38
-2098.62
-1946.85
-1815.63
-1587.3
-1292.75
-952.679
-640.773
-442.121
-294.159
-127.931
192.652
546.724
785.41
934.437
1088.79
1320.17
1538
1662.22
1606.66
1461.44
1292.92
1260.65
1313.02
1360.97
1389.43
1434.34
1446.21
1278.61
1027.29
834.883
667.589
624.662
705.189
869.895
1048.15
1235.54
1520.35
1836.21
1976.1
1917.65
1750.36
1530.39
1456.87
1394.3
1340.11
1390.96
1474.07
1557.95
1623.4
1582.15
1463.87
1173.43
802.459
562.86
406.983
345.941
397.545
483.094
608.07
829.403
1009.64
1084.23
1015.88
742.331
358.119
-65.9762
-452.624
-770.467
-995.301
-1115.41
-1145.39
-1140.37
-1128.8
-1117.54
-1217.24
-1408.59
-1656.41
-1869.98
-1980.34
-1958.57
-1857.5
-1756.11
-1614.7
-1494.59
-1365.36
-1241.14
-1214.81
-1266.56
-1397.17
-1551.68
-1610.74
-1575.12
-1535.09
-1538.28
-1609.37
-1655.04
-1656.56
-1702.38
-1778.8
-1880.02
-2002.87
-2048.38
-1933.91
-1651.08
-1236.88
-841.251
-565.422
-367.074
-179.839
-2.34673
70.8728
70.7206
57.9338
74.5262
215.79
489.64
784.649
1022.12
1121.82
1128.37
1102.04
1052.11
976.147
837.014
695.294
594.37
637.754
791.347
991.217
1080.57
1046.17
887.705
661.348
553.422
556.314
597.871
629.99
723.76
900.339
1101.27
1271.46
1401.92
1488.38
1437.23
1342.7
1304.49
1373.75
1492.34
1646.39
1746.55
1812.62
1818.1
1827.08
1823.73
1684.75
1383.19
1043.28
736.851
550.225
528.609
542.918
502.883
393.282
313.974
307.428
278.354
160.533
-35.3793
-302.075
-544.415
-706.381
-780.97
-858.3
-960.29
-984.037
-930.454
-875.501
-840.185
-783.558
-733.324
-673.196
-591.148
-519.907
-414.416
-251.841
-111.796
-44.056
8.30892
6.17779
-55.3205
-127.627
-263.41
-440.903
-683.7
-984.493
-1221.66
-1384.38
-1537.22
-1876.07
-2340.35
-2781.04
-3112.28
-3289.01
-3398.15
-3415.35
-3332.85
-3077.11
-2661.39
-2134.24
-1620.03
-1203.09
-915.384
-710.948
-503.467
-255.038
-54.8639
72.5473
189.759
418.247
733.654
1019.38
1231.88
1349.55
1387.15
1352.14
1262.02
1110.26
966.252
893.489
864.11
876.592
871.417
851.78
833.056
850.562
846.909
823.314
741.418
650.997
616.899
685.856
800.633
876.897
868.981
857.412
869.59
890.749
900.948
860.609
806.113
822.705
973.863
1126.85
1254.26
1373.45
1449.71
1482.29
1445.6
1423.08
1356.25
1262.33
1190.78
1152.27
1123.8
1128.83
1099.14
1007.35
897.447
748.572
579.452
421.9
239.384
129.022
-7.52234
-219.265
-424.006
-626.768
-818.113
-1003.22
-1243.73
-1426.7
-1445.73
-1436.29
-1340.39
-1221.35
-1097.9
-965.465
-884.178
-880.068
-896.356
-866.825
-815.525
-693.746
-481.851
-251.841
-67.8029
-28.6814
-65.5195
-111.643
-272.696
-472.87
-708.055
-1015.7
-1292.75
-1516.67
-1700.55
-1797.82
-1839.84
-1859.63
-1831.16
-1740.59
-1573.6
-1339.63
-1153.31
-1009.15
-883.874
-798.172
-684.156
-532.694
-386.255
-280.307
-168.118
-89.2664
9.37448
119.737
196.305
243.342
269.068
279.724
272.874
248.518
264.653
253.693
233.752
238.167
192.652
206.504
336.046
536.982
717.975
818.139
864.414
953.465
1025.47
1059.87
1150.75
1259.13
1362.79
1446.67
1505.12
1540.14
1560.08
1468.89
1315
1162.77
1039.62
945.55
754.357
611.723
563.773
525.717
518.41
565.904
600.611
603.808
615.072
675.505
662.414
590.716
542.309
492.837
463.914
500.296
614.768
699.861
791.956
896.99
946.006
881.768
682.964
389.172
55.8027
-250.167
-456.125
-573.033
-616.873
-587.951
-553.548
-549.895
-558.42
-579.579
-746.416
-947.199
-1066.85
-1182.99
-1245.1
-1163.81
-1027.88
-929.997
-907.925
-909.447
-980.383
-1130.32
-1263.21
-1405.85
-1657.17
-1901.79
-2102.58
-2142.76
-2064.98
-1952.94
-1850.49
-1739.98
-1660.37
-1571.62
-1423.81
-1222.72
-1049.19
-913.101
-705.163
-391.582
-39.6415
247.3
445.191
523.129
530.436
578.843
609.897
581.735
538.808
473.656
387.346
354.465
419.008
396.784
304.841
171.493
41.4937
-56.5383
-116.21
-83.0252
-19.8524
99.0342
232.078
381.713
503.34
635.318
738.373
790.89
824.227
931.85
1152.57
1439.97
1762.99
2053.28
2213.27
2272.64
2157.71
1931.81
1653.09
1329
1016.79
804.895
732.437
765.469
835.796
879.332
856.499
718.584
508.972
243.19
69.0461
-104.945
-231.139
-279.546
-216.982
3.43776
286.117
530.436
708.385
771.71
708.233
576.712
440.472
330.871
167.839
49.1048
20.0301
34.9481
83.3552
130.392
65.3928
-122.603
-308.012
-540.457
-747.329
-825.268
-811.415
-808.827
-868.195
-870.935
-857.691
-856.473
-853.886
-947.351
-1176.14
-1363.38
-1514.69
-1663.87
-1795.69
-1830.86
-1858.41
-1958.42
-2042.9
-1962.38
-1911.38
-1899.81
-1848.67
-1819.9
-1690.2
-1513.32
-1286.96
-1064.41
-808.066
-570.141
-321.864
-169.793
-48.0138
67.2195
170.579
256.586
315.801
381.409
359.945
317.78
363.142
395.414
384.301
273.939
113.191
-67.3462
-115.144
-90.1798
-110.578
-72.8263
13.1801
157.64
288.857
447.931
524.347
561.49
587.215
603.655
711.43
904.297
1109.19
1369.04
1664.81
1885.83
2020.4
2038.06
1967.12
1832.1
1648.37
1455.96
1250.3
1067.63
975.842
965.339
966.1
974.015
917.845
763.49
600.459
432.404
260.848
125.217
37.5359
24.7491
64.9361
164.947
323.26
392.826
382.627
444.582
472.439
490.401
490.858
425.706
399.524
438.797
460.261
442.451
379.43
255.52
144.701
-27.3114
-176.034
-308.164
-376.512
-442.882
-559.942
-640.62
-701.662
-801.368
-965.922
-1090.44
-1217.85
-1294.42
-1316.19
-1372.21
-1390.93
-1345.87
-1437.36
-1537.83
-1608.91
-1684.72
-1719.73
-1721.86
-1725.21
-1739.52
-1710.3
-1631.75
-1508.75
-1395.34
-1242.97
-1049.34
-879.764
-676.241
-501.031
-319.885
-156.245
-20.4613
97.6642
209.244
279.115
318.541
393.739
376.386
305.754
217.616
99.3386
-104.793
-245.752
-304.206
-329.932
-388.081
-336.782
-219.265
-111.643
46.9737
176.364
284.899
318.388
373.493
415.659
542.614
752.226
1029.42
1277.7
1517.61
1725.54
1841.99
1881.88
1826.62
1763.75
1597.98
1442.86
1294.29
1155.47
1029.12
944.636
905.363
824.532
722.999
626.337
550.529
439.406
357.053
319.454
283.681
261.305
263.131
322.803
283.986
278.049
256.281
287.335
355.988
438.797
519.932
573.211
638.971
631.512
637.601
583.105
469.546
305.297
164.034
36.3181
-114.688
-153.505
-146.959
-256.103
-359.463
-478.502
-618.243
-772.903
-952.831
-1113.58
-1182.23
-1294.42
-1369.47
-1391.08
-1364.9
-1369.77
-1442.38
-1461.11
-1480.74
-1576.8
-1674.68
-1688.07
-1686.09
-1710.45
-1676.05
-1643.47
-1589.73
-1468.26
-1349.68
-1261.08
-1160.16
-959.681
-771.228
-613.829
-396.454
-151.221
-47.7094
88.5308
251.106
308.342
342.744
331.936
275.157
241.972
191.586
128.718
30.2291
-22.4402
-95.9643
-153.353
-196.889
-172.989
-172.076
-141.936
-39.4893
61.8916
113.191
153.53
258.26
447.017
630.599
812.963
1119.85
1317.43
1471.48
1658.11
1816.57
1886.29
1892.99
1835.14
1751.12
1652.48
1552.01
1421.25
1220.92
1073.11
892.88
720.259
613.398
491.314
379.278
318.693
298.752
293.728
293.424
260.239
263.131
255.063
215.029
282.92
333.915
396.936
522.825
647.344
759.989
861.066
867.763
835.644
766.535
590.716
424.945
220.356
119.432
-33.857
-172.533
-258.387
-338.761
-404.826
-565.422
-715.819
-844.143
-974.599
-1102.77
-1128.95
-1147.37
-1138.09
-1153.16
-1156.2
-1155.14
-1139.76
-1060.76
-1063.8
-1089.83
-1147.07
-1226.22
-1383.17
-1488.96
-1536.76
-1569.64
-1577.86
-1537.22
-1444.82
-1322.58
-1237.34
-1085.72
-903.206
-795.584
-714.144
-620.679
-557.506
-455.973
-313.948
-167.662
-72.3696
-55.0161
-2.95563
37.8403
82.2896
45.9082
-9.50124
-51.6672
-177.556
-275.74
-313.948
-313.796
-333.281
-269.042
-174.207
-60.1917
83.5074
252.019
391.912
475.94
630.751
746.898
843.56
947.681
1111.02
1337.37
1493.55
1636.49
1726.3
1764.21
1779.28
1753.55
1710.02
1576.52
1408.16
1291.1
1100.51
872.33
728.022
650.388
560.119
530.436
453.106
416.877
351.878
329.957
322.955
315.953
334.067
324.477
348.376
457.369
525.869
583.562
690.88
776.277
862.588
936.721
997.306
988.02
897.295
761.207
575.342
343.201
103.905
-162.638
-410.306
-580.796
-722.821
-777.317
-772.142
-845.209
-1047.06
-1221.66
-1340.09
-1437.21
-1553.51
-1592.17
-1504.34
-1452.28
-1337.35
-1182.69
-1021.33
-944.915
-975.36
-1092.88
-1242.36
-1376.01
-1401.59
-1337.04
-1238.1
-1124.54
-991.952
-861.04
-687.962
-538.783
-467.39
-438.62
-459.931
-468.151
-456.278
-361.899
-237.076
-110.578
11.5056
82.1374
84.8774
97.0553
23.8357
-51.0583
-202.521
-333.281
-389.908
-425.681
-434.357
-410.458
-385.494
-356.571
-314.253
-306.794
-198.259
-68.7162
22.009
180.169
367.861
562.098
721.629
858.63
1059.57
1235.38
1352.6
1509.39
1597.68
1639.38
1683.68
1729.5
1673.94
1567.23
1445.3
1269.79
1115.89
944.484
748.116
618.573
426.01
329.957
322.346
275.461
249.583
237.71
290.988
237.71
199.958
191.434
160.837
181.692
242.124
328.587
399.219
497.86
672.613
728.479
784.954
864.414
864.262
795.457
705.95
583.866
376.842
179.408
-50.9061
-262.345
-371.032
-406.805
-475.762
-524.93
-622.658
-767.27
-956.484
-1190.76
-1306.75
-1458.06
-1480.13
-1509.06
-1429.6
-1333.69
-1247.23
-1260.78
-1270.52
-1235.36
-1321.52
-1369.47
-1355.01
-1308.27
-1211
-1102.16
-970.032
-792.539
-680.351
-564.204
-442.425
-391.43
-395.084
-404.826
-441.664
-450.95
-374.686
-274.523
-176.947
-87.2875
-6.91344
40.2759
28.098
13.3323
-74.9574
-191.561
-209.523
-245.905
-238.141
-240.424
-203.891
-143.762
-69.3251
7.70002
71.025
153.987
279.267
404.243
489.183
591.173
705.036
812.354
891.358
981.931
1079.2
1141
1192.3
1257.15
1307.84
1319.41
1272.68
1179.06
1098.99
1024.86
920.737
783.127
594.065
477.005
399.828
400.589
437.427
491.771
555.857
592.543
594.674
576.864
511.865
445.343
396.022
324.021
340.461
397.849
446.256
468.938
548.703
640.037
660.739
653.737
636.688
518.106
373.037
185.497
25.2057
-102.358
-263.562
-345.002
-487.179
-579.122
-666.651
-730.584
-842.773
-944.154
-1079.79
-1167.01
-1216.48
-1291.83
-1275.7
-1263.82
-1311.62
-1410.42
-1417.57
-1400.06
-1337.04
-1283.92
-1175.08
-1059.69
-989.517
-895.747
-803.652
-704.402
-589.93
-550.352
-475.153
-409.697
-336.782
-327.344
-319.429
-317.754
-390.821
-421.266
-463.128
-474.849
-505.598
-505.75
-532.694
-556.441
-586.124
-494.79
-393.714
-359.159
-346.981
-369.206
-367.227
-365.704
-310.904
-204.956
-73.8918
109.538
241.363
459.804
633.948
743.701
801.242
848.583
905.819
935.655
1011.92
1102.49
1204.33
1228.99
1345.44
1402.37
1414.86
1372.54
1259.89
1082.4
912.213
754.357
641.102
552.356
450.975
396.936
384.301
397.697
431.795
486.139
480.354
430.729
406.069
364.969
374.711
399.371
404.851
426.01
449.91
508.972
531.654
580.822
630.903
626.793
681.746
719.954
714.322
684.638
641.559
608.679
453.715
302.557
164.034
-19.2436
-227.333
-387.625
-475.61
-553.701
-633.314
-759.659
-889.201
-1000.32
-1062.13
-1165.03
-1317.86
-1461.41
-1543.31
-1697.66
-1791.58
-1759.62
-1666.46
-1501.44
-1373.42
-1202.78
-1021.79
-836.989
-669.543
-555.68
-552.331
-435.423
-334.499
-250.015
-150.308
-20.0047
17.899
-47.2527
-78.3063
-79.6763
-152.896
-246.513
-352.004
-489.31
-524.474
-527.518
-525.691
-504.076
-453.385
-495.095
-533.912
-569.989
-592.974
-562.225
-452.32
-345.307
-232.204
-79.5241
93.7064
262.066
386.128
447.626
449.148
432.252
487.204
610.658
740.809
904.754
1075.4
1188.35
1254.56
1319.11
1322
1203.72
1046.32
877.506
768.057
666.219
640.798
631.36
593.761
599.393
579.909
594.674
602.438
570.166
495.729
466.198
415.05
417.79
475.331
522.672
529.979
515.214
520.846
506.232
429.816
404.547
365.426
307.733
313.213
331.936
328.283
319.15
331.175
273.482
164.643
95.3808
-26.5503
-167.509
-287.766
-368.445
-365.857
-357.941
-393.714
-354.592
-373.011
-474.849
-622.962
-814.307
-946.59
-1075.37
-1148.44
-1156.66
-1175.53
-1210.39
-1148.13
-1083.59
-1055.13
-1052.99
-1049.65
-995.301
-900.466
-841.555
-684.765
-612.459
-589.017
-450.036
-388.386
-343.48
-305.576
-282.134
-299.944
-292.485
-323.691
-365.857
-368.445
-389.908
-370.271
-339.826
-346.372
-329.932
-360.681
-386.102
-356.267
-313.187
-322.625
-244.991
-145.589
12.7234
129.174
155.966
260.239
309.712
307.428
344.114
452.65
486.748
544.288
672.613
791.347
887.552
961.229
1054.85
1050.43
1009.79
966.557
898.208
757.401
635.166
561.49
457.825
445.191
445.952
431.795
423.423
386.585
344.723
336.807
299.817
322.803
378.212
457.216
566.513
682.66
790.586
838.384
875.07
853.15
863.806
800.176
715.692
629.077
548.398
479.898
452.193
426.772
317.475
211.984
70.2639
-13.9157
-148.329
-260.214
-309.382
-418.983
-490.68
-524.169
-475.458
-444.556
-464.041
-565.27
-670.152
-812.176
-914.927
-931.824
-960.138
-970.489
-980.383
-993.627
-948.873
-852.211
-828.464
-758.289
-736.826
-693.137
-654.625
-650.363
-565.422
-482.917
-495.095
-476.523
-448.666
-455.06
-416.395
-371.337
-315.623
-340.588
-368.597
-380.775
-419.135
-448.362
-461.91
-467.999
-452.015
-486.57
-465.868
-426.746
-416.852
-367.227
-300.553
-239.816
-200.39
-120.016
-39.0326
31.9036
72.6995
141.2
146.376
185.802
266.48
341.831
442.146
580.822
687.074
799.415
932.002
1039.17
1128.37
1121.82
1069.31
1016.64
948.746
875.222
801.546
723.151
692.097
649.018
585.845
541.853
451.432
406.678
351.269
331.632
391.151
363.294
396.631
466.35
532.567
596.958
650.693
652.519
658.456
661.196
691.641
699.861
637.906
578.386
480.811
402.264
336.655
294.033
177.734
66.6106
9.22226
-44.5127
-66.4329
-119.407
-135.238
-188.06
-230.834
-228.855
-227.79
-261.584
-354.44
-430.856
-520.059
-599.215
-629.356
-613.372
-601.347
-615.047
-619.005
-615.808
-656.756
-703.793
-712.165
-736.217
-708.664
-696.334
-744.741
-739.413
-711.709
-684.156
-716.884
-731.041
-672.892
-636.054
-598.607
-567.096
-500.879
-453.69
-469.369
-496.465
-462.214
-431.008
-454.755
-420.353
-346.372
-300.248
-307.555
-236.162
-221.549
-209.371
-132.802
-100.835
-73.1307
-70.2385
13.4845
11.8101
39.667
47.5826
87.0085
107.863
151.551
215.79
284.747
381.561
448.844
486.139
560.728
678.093
730.153
745.528
734.111
723.303
644.299
589.499
574.581
572.45
551.138
540.939
531.806
532.11
531.806
562.403
630.599
638.362
642.32
658.913
663.632
676.875
772.319
776.277
803.677
827.272
818.747
761.055
688.901
602.438
510.495
403.329
248.67
150.486
17.4423
-20.0047
-38.2715
-74.6529
-112.861
-125.496
-143.458
-134.172
-148.481
-142.392
-185.472
-278.633
-294.616
-321.712
-392.191
-414.416
-401.934
-397.824
-369.206
-312.426
-320.037
-350.939
-337.695
-357.484
-406.653
-454.146
-461.301
-454.146
-450.341
-459.474
-458.104
-530.106
-636.51
-726.018
-765.9
-789.952
-872.305
-842.317
-802.13
-757.832
-719.168
-648.688
-629.204
-616.417
-646.253
-669.238
-624.18
-617.33
-571.054
-517.167
-417.613
-331.759
-234.183
-189.277
-119.254
-109.664
-106.163
-87.8964
-81.503
-30.8125
36.4703
119.128
175.755
272.874
326.913
344.266
355.988
366.948
377.147
418.247
450.062
478.375
516.127
552.356
572.906
545.202
501.057
449.757
362.838
270.286
224.466
192.347
238.775
302.557
424.488
594.218
683.877
795.153
847.365
836.71
822.096
840.82
871.873
870.351
931.697
972.95
963.208
938.091
891.054
786.933
661.044
502.275
324.934
181.083
55.1938
-41.0115
-110.73
-183.493
-181.971
-217.743
-231.139
-224.137
-266.302
-264.78
-289.593
-345.611
-401.02
-381.688
-392.953
-379.405
-309.23
-278.48
-231.595
-245.905
-283.96
-322.777
-370.88
-407.718
-418.526
-415.482
-359.463
-353.679
-367.683
-318.058
-282.895
-314.253
-347.133
-390.06
-476.98
-577.295
-647.014
-661.779
-659.039
-656.756
-633.314
-605.304
-641.077
-627.834
-638.946
-663.302
-698.77
-707.142
-656.299
-589.625
-520.211
-436.032
-333.433
-265.389
-203.434
-166.596
-149.243
-166.444
-158.376
-92.3109
-2.65118
71.4817
173.167
263.436
309.559
372.884
383.236
393.891
381.561
317.018
271.199
290.227
343.201
390.542
459.652
494.207
492.532
406.069
266.785
182.909
105.275
32.6647
90.9663
155.052
239.841
388.563
507.602
599.241
667.589
726.652
753.291
764.556
783.584
825.141
861.218
852.693
874.918
896.99
857.717
782.975
686.465
566.513
456.912
348.681
218.986
104.819
-6.60899
-76.4796
-87.4397
-85.613
-93.9853
-128.692
-118.493
-147.264
-191.713
-215.308
-208.762
-222.158
-196.584
-165.226
-152.744
-149.699
-160.507
-188.212
-233.727
-254.429
-275.588
-278.785
-295.834
-290.049
-314.557
-348.047
-369.967
-423.702
-444.556
-409.088
-392.344
-387.472
-400.564
-424.767
-495.247
-527.975
-583.536
-598.607
-632.705
-668.782
-674.11
-658.43
-624.941
-647.927
-640.62
-628.595
-609.567
-582.623
-513.514
-448.971
-356.419
-285.483
-219.418
-163.399
-173.142
-179.992
-175.577
-118.037
-88.2008
-13.0024
42.1026
116.692
161.903
204.982
209.549
189.759
193.869
153.53
151.704
184.279
264.653
305.145
405.765
455.999
450.062
396.631
326.913
277.745
228.12
237.558
213.659
241.82
288.553
340.309
414.289
458.13
489.183
555.553
543.07
581.735
651.758
706.863
740.352
721.629
677.941
677.788
617.051
596.805
557.836
481.877
429.512
309.407
275.461
170.427
94.6197
-1.89006
-94.7465
-137.826
-174.968
-180.601
-181.971
-134.933
-102.814
-90.0275
-74.5007
-57.1472
-44.3604
-62.7795
-82.4164
-93.2242
-100.683
-139.5
-96.8776
-99.1609
-66.7373
-63.3884
-117.732
-193.996
-283.96
-386.255
-438.772
-476.219
-508.49
-496.465
-498.139
-435.575
-425.224
-471.043
-535.738
-613.981
-707.142
-778.383
-839.881
-836.38
-850.08
-837.902
-701.358
-561.16
-523.713
-504.228
-482.612
-454.299
-419.287
-383.21
-357.941
-298.269
-260.366
-186.994
-136.456
-118.646
-56.8428
-96.7254
-99.4654
-109.36
-60.4962
-21.3747
21.2479
52.606
103.753
151.704
181.387
227.054
236.644
268.002
280.028
278.962
320.824
368.013
418.399
464.523
459.347
429.512
431.795
418.856
387.193
380.648
385.976
348.833
318.845
357.814
401.502
471.525
526.935
594.826
615.833
625.119
634.1
556.618
531.958
538.504
520.389
487.204
468.481
492.228
430.273
396.175
348.985
264.045
152.465
49.5615
-18.6347
-90.332
-114.536
-130.671
-97.0298
-86.8308
-39.7937
9.52671
44.0815
50.4749
35.1003
-25.4847
-93.8331
-121.081
-113.622
-67.8029
-58.8217
-58.365
-56.8428
-80.5897
-144.219
-210.893
-278.633
-350.33
-419.744
-466.933
-469.825
-479.416
-435.575
-431.465
-485.504
-522.799
-528.888
-588.56
-645.035
-704.402
-759.811
-778.383
-725.104
-627.834
-542.132
-462.366
-405.587
-376.512
-398.433
-415.177
-369.967
-335.869
-297.813
-223.984
-181.971
-181.971
-133.868
-153.657
-213.176
-196.432
-216.221
-252.45
-235.097
-163.095
-127.627
-103.423
-69.1729
-1.28117
33.578
91.423
132.219
130.24
151.551
203.916
239.689
325.543
455.694
541.244
597.871
615.986
671.699
687.987
612.18
549.312
519.932
451.432
441.385
477.767
500.296
485.378
517.649
556.771
512.93
485.225
475.635
467.263
450.214
437.123
426.315
389.02
343.962
337.264
307.428
266.937
276.07
222.031
141.961
77.7229
19.269
-16.5035
-60.3439
-85.0042
-58.9739
-26.5503
-18.178
21.5524
32.0558
14.7023
34.3392
38.7536
48.3437
66.915
47.4304
60.6738
60.5216
16.9857
-4.78231
-71.9129
-174.512
-248.797
-327.649
-420.048
-455.669
-484.134
-538.478
-540.609
-581.862
-595.105
-654.016
-685.679
-702.728
-731.954
-764.074
-733.629
-706.533
-701.053
-629.204
-583.08
-514.275
-447.601
-427.355
-376.36
-349.112
-341.044
-280.916
-226.268
-176.034
-129.453
-125.952
-124.887
-102.358
-100.988
-118.189
-133.411
-141.936
-149.395
-160.203
-142.697
-81.9597
-71.7607
-43.4471
-42.8382
-61.8662
-53.4939
-62.0184
-80.5897
-47.7094
-1.28117
16.9857
107.406
220.052
329.349
424.032
512.017
584.627
626.793
618.726
606.852
575.951
560.881
589.651
561.946
579.147
572.145
558.749
521.759
502.122
519.932
489.488
473.961
465.893
445.343
435.601
389.781
348.985
313.669
263.436
208.026
134.807
109.69
134.35
116.54
71.1773
85.1818
25.5102
-24.2669
-32.3348
-72.9785
-90.6364
-54.4072
-12.5457
64.9361
126.891
170.123
198.284
165.556
123.238
122.477
122.477
60.0649
-5.84788
-88.2008
-142.849
-195.366
-229.617
-265.694
-360.986
-452.776
-508.947
-567.705
-621.44
-693.899
-754.027
-838.359
-849.167
-837.141
-811.263
-805.174
-787.973
-722.06
-707.599
-664.367
-652.95
-621.136
-568.466
-495.095
-425.985
-358.246
-258.996
-196.432
-170.249
-148.329
-137.217
-132.498
-118.95
-125.648
-69.934
-47.4049
-32.1826
22.4657
40.7325
74.374
87.6174
66.0017
34.0347
-18.178
-63.3884
-77.8496
-87.2875
-90.7886
-47.5571
-35.6837
-16.9602
87.4652
121.868
212.289
324.63
401.807
430.577
485.987
502.883
494.816
538.199
558.749
592.695
610.962
594.37
572.754
596.044
594.979
563.164
522.064
497.556
460.565
420.53
451.432
477.005
419.769
376.538
326.152
271.351
229.49
219.443
200.872
186.867
153.378
100.404
33.4258
-4.63009
-55.9294
-126.713
-171.163
-151.069
-125.191
-78.763
-9.50124
66.4583
71.4817
43.6248
55.8027
35.1003
12.5712
36.927
32.8169
-4.63009
-27.9203
-59.2784
-108.142
-179.992
-210.436
-269.195
-360.681
-404.674
-451.711
-542.741
-612.916
-652.494
-699.835
-726.931
-696.943
-657.517
-630.117
-611.546
-612.611
-636.967
-627.072
-596.323
-587.799
-540.153
-488.244
-436.032
-404.522
-382.145
-377.578
-394.931
-378.643
-360.377
-347.133
-329.932
-296.443
-252.45
-207.696
-170.858
-87.8964
-30.0514
-27.1592
11.3534
39.667
35.8614
31.9036
35.1003
43.6248
59.3038
75.2873
140.743
174.233
222.944
226.75
226.75
243.799
250.649
266.632
298.904
368.927
427.381
454.476
500.448
517.497
483.703
518.562
472.286
442.298
419.922
401.502
417.334
413.985
421.444
417.334
404.547
405.765
438.341
413.528
404.243
418.247
389.325
374.407
332.697
289.77
270.134
224.01
189.607
106.189
29.7724
-11.3279
-23.9625
-57.6039
-63.5406
-53.7983
-121.233
-119.407
-108.294
-109.36
-114.383
-88.2008
-62.0184
-35.227
16.8334
44.2337
35.1003
-26.2458
-72.674
-146.807
-206.783
-238.902
-281.677
-355.658
-404.369
-436.641
-458.256
-478.046
-523.256
-537.413
-522.038
-537.108
-570.597
-567.401
-530.258
-521.886
-526.757
-506.511
-460.692
-445.013
-414.873
-342.871
-318.363
-305.881
-320.799
-335.26
-363.726
-352.613
-352.157
-345.763
-289.136
-278.176
-253.363
-242.403
-258.996
-269.956
-245.6
-226.42
-205.413
-150.308
-113.622
-37.3582
17.899
46.2126
95.9897
123.39
145.767
198.132
240.145
277.592
307.885
338.482
349.442
386.432
422.205
467.415
486.9
515.366
505.015
499.991
484.312
451.127
403.025
360.098
375.472
340.004
358.575
349.594
363.751
376.842
373.037
365.273
347.311
364.969
382.17
394.196
386.432
377.147
359.032
351.116
337.873
260.696
213.202
168.905
117.149
66.0017
27.4891
-20.4613
-62.1706
-79.8285
-64.6062
-68.4118
-113.318
-117.58
-154.723
-126.713
-111.034
-82.2641
-72.5218
-86.9831
-52.2761
-59.735
-103.88
-130.367
-230.682
-290.354
-324.147
-364.334
-420.809
-447.905
-467.542
-501.64
-503.771
-480.024
-487.331
-507.881
-489.615
-508.49
-517.776
-538.022
-505.902
-485.048
-432.987
-388.842
-314.101
-277.567
-242.86
-232.052
-240.272
-254.733
-280.307
-277.11
-274.523
-215.003
-197.954
-177.861
-191.256
-220.94
-223.68
-234.944
-279.85
-253.972
-230.378
-220.635
-168.727
-93.8331
-46.4916
-7.21789
49.866
94.3153
167.687
176.364
222.031
221.726
242.581
316.866
339.243
354.618
372.276
394.5
405.46
398.915
429.207
419.769
398.915
391.912
339.395
324.477
306.211
337.721
316.714
320.672
327.522
339.395
358.271
349.594
363.903
370.753
373.189
364.055
366.948
392.826
378.06
326.761
275.157
258.26
238.167
159.924
159.01
121.868
72.0906
61.8916
45.6037
22.7702
39.9714
12.2667
-16.0469
-27.4636
-38.7282
-32.3348
-52.885
-60.4962
-32.6392
-25.7892
-58.9739
-56.8428
-74.0441
-73.1307
-119.254
-167.509
-197.65
-251.385
-331.759
-347.59
-341.805
-347.438
-352.765
-385.646
-454.451
-465.563
-487.94
-576.991
-596.628
-601.499
-586.733
-540.153
-507.272
-490.223
-432.378
-386.864
-359.463
-332.52
-329.019
-308.621
-284.265
-244.23
-181.666
-113.318
-93.8331
-144.676
-148.329
-159.898
-224.593
-207.392
-223.071
-222.919
-211.959
-177.252
-124.887
-50.9061
10.5923
79.5496
102.535
124.151
183.518
168.753
180.322
196.305
208.331
194.631
281.703
317.627
325.238
364.208
363.142
333.459
294.033
274.244
240.907
240.298
245.321
265.262
282.616
318.845
331.48
307.124
303.927
324.934
311.691
284.443
324.934
321.128
324.477
376.386
361.011
341.374
323.412
324.782
278.354
248.974
221.879
214.876
168.448
122.477
119.432
66.4583
56.4116
41.1892
29.9247
21.8568
-9.50124
-51.2105
-60.4962
-76.3274
-85.1564
-62.0184
-55.9294
-32.9437
-23.2014
-62.4751
-57.7561
-45.8827
-109.055
-137.978
-137.065
-208.001
-228.551
-225.202
-275.436
-315.318
-302.684
-336.782
-387.625
-392.496
-441.36
-470.587
-499.357
-506.968
-543.349
-515.645
-455.821
-469.217
-449.275
-444.404
-448.21
-428.573
-394.323
-356.267
-273.609
-204.956
-193.54
-168.727
-139.348
-133.716
-158.985
-185.624
-192.626
-153.961
-149.699
-118.646
-112.252
-90.6364
-33.857
-44.3604
-8.28345
75.744
104.666
94.9242
132.067
163.881
212.593
193.717
190.825
248.822
269.068
304.384
311.082
306.667
295.707
268.459
253.084
249.431
262.218
300.122
347.615
349.138
370.601
392.674
373.341
370.297
368.318
313.517
295.403
331.48
299.056
351.878
350.964
302.709
280.485
243.951
211.527
218.682
191.282
183.823
222.792
168.905
156.879
135.72
106.189
67.8283
43.0159
3.28554
-28.2247
-17.8735
-45.7305
-61.105
-28.2247
-44.5127
-28.5292
-11.3279
-23.8103
-13.0024
-29.8992
-35.6837
-42.5338
-70.8474
-39.7937
-80.7419
-87.592
-67.6507
-112.709
-129.606
-155.027
-210.893
-237.989
-260.975
-309.23
-348.96
-398.737
-403.151
-377.73
-386.255
-421.875
-406.5
-421.266
-461.605
-484.743
-489.158
-499.205
-478.198
-424.006
-370.271
-335.869
-284.722
-254.581
-274.979
-249.406
-234.336
-232.052
-295.529
-268.89
-228.094
-221.244
-194.757
-148.177
-93.3765
-95.6598
-32.3348
-15.438
-15.8946
44.2337
96.7508
88.0741
166.317
215.181
233.752
300.883
307.276
294.794
280.485
276.984
188.237
143.331
155.205
164.49
174.842
220.356
253.389
273.787
277.897
264.806
287.183
272.417
289.923
321.433
309.712
370.144
409.57
415.203
433.469
427.228
373.037
336.807
279.724
233.448
261.305
255.52
252.323
223.705
212.897
194.174
160.685
88.2263
58.5427
41.3414
23.3791
33.2736
18.5079
34.3392
19.1168
17.5946
-2.95563
6.63446
58.3905
50.0182
27.0324
14.0934
32.6647
4.80778
-32.6392
-17.2646
-46.0349
-77.2407
-124.278
-157.006
-167.814
-174.968
-243.773
-309.991
-324.452
-374.686
-400.564
-412.742
-390.974
-378.491
-383.515
-385.646
-366.009
-383.971
-381.231
-348.047
-351.548
-340.892
-319.124
-325.822
-305.119
-249.862
-229.617
-208.457
-209.675
-249.558
-247.122
-252.602
-276.501
-251.08
-236.314
-222.614
-211.806
-157.158
-139.652
-183.493
-137.978
-88.8097
-85.3086
-23.9625
35.4047
87.6174
161.141
194.478
253.237
283.377
291.14
275.309
254.302
250.344
249.888
221.422
186.106
196.762
200.567
201.176
198.284
184.584
155.357
159.467
147.746
173.167
215.637
253.541
272.874
284.138
348.681
364.512
337.416
324.021
314.126
291.597
268.307
259.173
271.199
269.525
228.881
206.504
166.469
107.559
94.3153
88.9874
42.1026
7.70002
9.37448
35.1003
23.5313
15.9201
53.3671
38.6014
34.9481
37.2314
54.2804
75.744
108.168
143.483
189.759
176.668
170.275
157.031
85.1818
52.4538
4.65555
-75.5663
-112.709
-133.107
-170.402
-191.104
-224.441
-300.705
-355.049
-353.222
-391.278
-389.756
-379.405
-397.519
-400.868
-394.17
-348.96
-287.462
-261.127
-246.057
-191.256
-145.132
-133.868
-120.777
-88.6575
-109.36
-148.481
-159.898
-169.488
-194.757
-206.935
-207.087
-250.776
-275.284
-261.431
-234.336
-246.209
-231.139
-190.038
-167.814
-149.851
-120.624
-41.6204
5.11222
40.8848
124.608
163.273
182.909
218.834
271.351
254.759
236.492
236.492
216.551
196.762
195.392
205.134
189.759
180.93
160.228
143.027
139.221
158.706
165.556
189.455
231.469
247.604
239.689
251.714
298.752
323.107
292.054
289.009
301.492
249.279
225.684
216.246
174.08
141.048
120.498
112.278
104.21
104.666
110.299
111.973
97.9686
65.6972
63.1094
2.06775
-39.3371
-55.0161
-48.9272
-11.0235
38.6014
81.8329
120.65
178.647
197.218
170.884
174.842
165.404
103.296
62.6527
58.5427
43.0159
11.5056
-43.4471
-107.381
-157.158
-176.034
-215.003
-288.375
-333.89
-369.51
-401.02
-464.802
-467.085
-459.931
-466.781
-464.802
-415.938
-350.33
-308.773
-293.855
-314.71
-287.005
-260.975
-201.912
-155.179
-121.081
-96.4209
-125.8
-131.432
-149.395
-133.563
-193.54
-225.202
-206.326
-204.347
-201.151
-197.802
-164.769
-175.121
-148.938
-126.866
-87.1353
-60.0395
-72.9785
-49.3838
-1.58562
34.0347
76.8095
103.449
146.528
189.607
202.242
190.368
196.305
193.565
197.675
203.612
218.986
235.579
203.612
215.942
235.579
258.717
280.789
246.234
248.974
282.159
301.492
335.285
341.07
330.719
323.107
313.517
318.236
335.133
329.349
304.841
273.026
204.068
178.19
154.9
125.217
126.739
102.535
112.43
93.5541
97.512
81.224
58.2383
34.1869
7.5478
16.9857
28.8591
64.9361
55.8027
67.3717
97.6642
84.5729
70.7206
88.683
84.8774
54.4327
41.6459
21.8568
-10.1101
-41.4682
-62.9317
-101.14
-138.587
-149.851
-177.099
-180.753
-200.694
-258.996
-301.923
-331.911
-339.979
-341.805
-347.742
-334.346
-314.253
-300.553
-279.546
-247.122
-250.319
-266.911
-285.787
-267.672
-250.776
-201.607
-190.647
-203.586
-217.134
-202.216
-207.544
-200.542
-186.385
-213.481
-213.329
-207.544
-205.261
-190.495
-153.2
-154.723
-162.029
-138.891
-137.826
-148.481
-93.8331
-67.3462
-40.2504
-13.6113
-5.84788
10.5923
34.0347
92.6408
140.439
166.469
143.331
138.308
165.404
178.952
178.799
173.928
170.123
174.689
204.221
228.424
226.598
231.317
219.748
207.874
212.593
219.443
240.754
261.609
272.265
270.134
288.096
257.347
245.169
228.272
211.071
227.968
197.066
181.235
162.816
161.598
174.08
181.235
190.521
188.237
208.483
209.549
189.455
181.235
157.031
145.767
150.486
153.835
130.544
126.282
139.678
101.47
86.2474
39.9714
-33.7048
-53.1894
-84.3953
-89.1142
-115.601
-116.21
-114.536
-127.931
-102.51
-107.077
-113.013
-145.589
-197.802
-208.305
-201.455
-231.443
-239.816
-232.357
-227.942
-197.802
-221.244
-225.659
-252.602
-298.574
-309.991
-281.22
-257.017
-242.099
-194.301
-188.212
-169.793
-154.418
-179.839
-185.472
-167.509
-179.231
-145.285
-130.062
-109.969
-113.927
-139.652
-120.168
-133.563
-176.491
-212.72
-216.83
-185.624
-154.875
-115.753
-83.0252
-55.4728
-22.288
14.0934
32.9691
55.4982
87.0085
92.9452
91.5752
147.594
209.396
212.136
231.164
267.393
257.499
254.607
269.829
217.464
203.46
177.734
167.535
166.621
172.558
192.499
183.062
204.221
208.483
207.722
169.514
143.331
116.844
120.193
112.43
101.622
150.334
181.539
200.111
212.745
230.555
220.052
190.825
170.123
170.123
183.671
187.781
181.235
166.621
134.046
101.165
78.6362
53.0627
37.9925
5.87334
-19.8524
-49.9927
-60.4962
-82.1119
-130.823
-148.329
-164.465
-179.231
-187.755
-196.28
-242.556
-240.577
-241.794
-245.143
-229.921
-207.392
-197.65
-202.521
-188.973
-215.003
-231.595
-251.689
-255.647
-242.556
-223.223
-218.048
-206.935
-204.347
-214.394
-221.701
-229.16
-237.076
-255.495
-242.251
-240.577
-216.221
-213.329
-213.633
-249.71
-251.537
-245.296
-233.118
-215.916
-208.457
-192.626
-202.673
-146.046
-127.931
-105.554
-77.8496
-45.5782
-23.658
-14.6768
26.5758
66.7628
90.9663
111.821
133.893
153.835
166.469
189.151
195.24
196.762
241.059
263.436
262.522
257.803
231.773
198.284
132.371
93.4019
111.06
116.083
143.027
165.708
169.514
154.596
158.554
153.074
127.5
115.931
84.1163
87.6174
108.168
129.327
149.877
163.425
169.057
168.448
196.001
223.858
242.277
254.607
253.846
239.689
224.466
201.937
176.82
161.141
141.352
126.587
113.495
90.5097
43.9292
19.8779
-21.6791
-81.6552
-130.823
-148.025
-163.704
-159.594
-150.765
-175.425
-188.821
-215.003
-239.816
-280.916
-279.089
-245.296
-223.528
-225.963
-218.048
-210.284
-238.446
-241.794
-250.776
-236.619
-230.53
-225.202
-204.347
-195.214
-209.066
-195.823
-190.191
-208.305
-216.982
-189.277
-200.39
-172.685
-171.924
-207.544
-246.818
-299.183
-308.621
-308.773
-326.126
-313.492
-288.679
-293.246
-284.113
-276.806
-245.752
-215.46
-184.254
-152.439
-128.388
-97.182
-28.5292
39.0581
84.5729
119.584
131.762
174.385
222.031
255.52
282.92
286.726
305.602
304.688
285.965
261.913
226.293
204.373
175.45
155.205
152.617
167.687
171.949
185.193
198.741
182.605
163.273
131.306
108.624
98.882
85.3341
78.3318
99.0342
106.493
137.851
147.289
156.422
173.472
170.732
145.006
148.811
197.523
209.092
220.661
254.911
247.757
236.644
231.469
181.539
144.397
111.06
96.1419
84.8774
49.1048
35.4047
1.00219
-30.8125
-68.564
-113.622
-143.915
-172.685
-178.317
-213.024
-234.944
-248.492
-254.125
-230.834
-190.495
-160.812
-137.369
-128.083
-135.086
-165.683
-211.502
-219.57
-246.666
-270.565
-270.565
-261.127
-242.403
-202.977
-175.882
-154.114
-157.31
-183.949
-194.301
-211.959
-206.022
-209.219
-200.846
-188.973
-199.324
-213.176
-227.485
-214.699
-208.001
-233.727
-242.708
-248.492
-233.879
-201.303
-180.296
-153.961
-119.407
-105.554
-91.3975
-75.7185
-48.4705
-27.3114
-13.0024
22.3135
69.9595
117.91
189.607
215.942
241.363
249.888
214.42
201.481
205.743
198.132
207.874
222.335
223.249
239.232
232.839
230.555
200.72
191.738
191.434
155.661
153.074
161.903
146.376
159.924
146.832
113.039
111.06
115.931
132.219
129.479
151.551
143.179
147.441
174.689
165.86
174.233
185.041
181.996
199.045
185.954
169.666
158.706
124.303
91.8797
48.1915
33.578
4.65555
-28.377
-67.0418
-78.3063
-93.5287
-127.779
-152.287
-185.624
-210.741
-224.289
-247.883
-256.712
-216.221
-211.959
-202.521
-178.469
-170.858
-163.704
-177.404
-194.301
-205.717
-227.79
-236.619
-239.359
-244.991
-217.134
-190.343
-185.776
-182.427
-188.212
-213.633
-257.93
-262.04
-261.888
-252.298
-234.031
-231.139
-244.991
-268.129
-270.26
-259.757
-242.251
-224.898
-212.263
-195.214
-197.041
-193.235
-180.905
-191.408
-176.947
-154.418
-125.343
-91.702
-46.1871
3.43776
35.8614
52.4538
59.3038
89.9008
108.472
150.942
191.586
210.614
222.944
219.9
214.724
217.921
216.703
211.223
201.481
188.237
187.172
193.108
192.499
178.647
165.708
126.282
115.17
112.125
95.8375
84.7252
106.341
101.013
119.28
135.72
126.891
142.722
140.439
155.661
169.057
186.411
194.783
205.591
192.804
199.045
186.563
179.56
170.732
146.528
141.809
145.31
131.306
116.692
101.318
73.004
58.086
24.5968
-20.0047
-37.5104
-58.365
-79.2197
-115.449
-145.741
-152.439
-172.533
-174.055
-196.28
-205.87
-211.654
-210.284
-218.504
-221.397
-220.635
-226.115
-223.223
-227.485
-211.198
-208.61
-214.394
-236.619
-241.947
-235.858
-229.16
-190.8
-177.252
-162.334
-155.484
-163.704
-162.334
-175.729
-202.216
-214.851
-218.809
-214.242
-205.261
-185.167
-187.298
-185.32
-196.127
-211.198
-197.041
-198.715
-196.889
-180.601
-165.226
-153.353
-132.65
-123.669
-98.2476
-81.3508
-55.625
-23.8103
10.5923
56.2594
86.5519
107.559
141.505
178.038
209.092
235.427
245.778
258.412
247.604
249.127
228.729
195.696
155.205
131.001
96.1419
85.943
83.2029
99.1864
137.851
129.631
131.61
141.809
148.202
137.09
146.224
129.631
159.163
178.038
192.499
218.834
226.141
234.513
211.223
203.916
183.975
164.338
137.242
124.456
121.259
126.587
107.406
74.5262
57.1727
27.6413
-10.719
-29.5948
-43.7516
-46.0349
-38.2715
-55.1683
-65.9762
-79.8285
-93.9853
-100.531
-106.011
-100.379
-102.662
-122.756
-148.329
-167.662
-189.43
-186.842
-203.891
-203.586
-213.329
-236.162
-246.361
-264.932
-292.028
-296.443
-294.312
-299.944
-277.871
-258.082
-230.378
-211.045
-190.191
-181.057
-167.357
-165.835
-155.788
-166.292
-164.617
-166.139
-175.882
-174.207
-184.254
-185.167
-193.083
-201.303
-198.259
-197.802
-203.282
-213.176
-214.546
-212.415
-191.561
-164.313
-148.177
-121.233
-71.9129
-30.9648
16.2245
61.2827
106.798
138.765
160.837
204.068
230.86
248.518
285.204
294.489
292.663
288.857
268.002
249.127
220.661
204.982
178.952
160.228
147.746
142.875
143.179
121.411
132.676
149.725
155.814
165.404
182.909
178.495
167.991
169.818
181.387
194.022
220.052
221.422
214.876
198.741
191.129
182.301
164.034
166.926
138.612
118.671
102.231
91.1186
80.4629
53.3671
21.7046
7.39558
-4.47786
-21.9836
-32.7915
-35.8359
-42.686
-61.7139
-67.194
-75.1096
-102.51
-94.7465
-89.7231
-100.531
-98.2476
-115.753
-144.98
-150.917
-150.004
-163.856
-163.856
-146.046
-161.877
-156.701
-189.125
-232.052
-240.577
-244.534
-231.443
-227.485
-211.045
-207.849
-201.912
-206.174
-198.106
-196.736
-190.343
-182.123
-170.097
-144.524
-125.648
-125.8
-135.542
-127.322
-132.498
-143.001
-149.395
-142.088
-126.866
-122.908
-109.208
-115.449
-108.751
-97.7909
-102.51
-82.2641
-63.9973
-50.2972
-28.377
1.91553
2.98109
25.8146
50.4749
76.9618
113.191
150.334
180.322
199.502
201.937
175.298
166.317
149.268
163.729
160.685
156.422
188.846
187.324
188.389
184.888
175.298
167.991
160.685
158.706
188.846
194.174
211.223
215.79
192.043
187.628
175.603
151.704
147.898
138.612
139.678
154.596
157.031
146.376
117.91
104.971
82.2896
70.4162
67.2195
55.346
35.1003
24.4446
-14.6768
-43.4471
-42.3815
-77.8496
-102.662
-98.7043
-76.9363
-63.2362
-55.0161
-71.6085
-78.9152
-101.597
-137.217
-172.989
-181.362
-186.69
-178.774
-156.549
-150.46
-159.898
-165.53
-180.905
-193.996
-202.369
-230.834
-235.401
-228.551
-199.933
-193.235
-161.116
-144.98
-160.507
-165.987
-174.207
-180.448
-176.034
-167.509
-156.549
-155.027
-146.198
-149.851
-165.835
-177.252
-192.017
-199.172
-193.083
-172.076
-141.479
-113.013
-110.578
-85.1564
-75.4141
-77.5452
-57.2995
-55.3205
-64.1495
-48.3183
-37.8148
-11.1757
4.19888
15.4634
25.9669
21.8568
28.5547
56.1071
85.6385
108.777
113.191
117.91
131.762
141.2
156.879
160.076
149.572
164.338
183.823
206.2
238.775
253.237
271.351
274.7
263.892
264.349
250.192
251.714
247.3
251.867
229.794
207.265
197.218
197.218
191.586
178.952
168.753
157.031
131.762
113.191
94.163
72.8517
55.1938
46.6693
39.667
44.3859
43.6248
23.0746
18.9646
-5.54343
-11.1757
-17.2646
-24.5714
-20.918
-11.4801
-4.63009
-32.0303
-47.4049
-65.824
-87.592
-88.962
-93.8331
-61.105
-60.1917
-75.1096
-90.7886
-112.861
-130.062
-136.608
-145.132
-170.858
-172.076
-179.078
-200.694
-232.052
-269.347
-267.064
-276.958
-261.127
-230.682
-194.301
-175.121
-157.463
-142.545
-149.851
-142.392
-153.505
-144.676
-126.257
-110.73
-86.2219
-78.0019
-72.9785
-74.1963
-62.6273
-60.4962
-64.6062
-64.1495
-70.3907
-43.2949
-21.9836
-17.4169
-16.0469
-3.4123
-0.824497
-4.93453
6.02556
0.241068
25.8146
48.8004
55.4982
53.976
43.3203
43.3203
28.2502
31.9036
46.9737
57.7816
80.7674
105.884
118.062
130.392
118.519
131.762
136.025
120.193
133.893
135.416
163.12
183.975
171.34
192.195
199.502
214.115
205.438
195.392
203.003
182.301
191.282
183.518
156.575
133.285
117.453
104.058
80.3107
74.374
64.4794
44.0815
29.468
21.7046
-11.3279
-35.8359
-44.3604
-48.166
-59.1261
-85.3086
-80.8941
-77.0885
-80.133
-76.1752
-83.1775
-96.8776
-89.2664
-70.6951
-70.3907
-65.824
-53.4939
-52.1239
-52.5805
-69.4773
-95.812
-114.079
-141.784
-159.289
-168.118
-185.928
-171.772
-207.849
-233.727
-243.012
-265.237
-292.942
-308.773
-295.986
-288.679
-267.52
-241.338
-229.312
-224.593
-215.612
-212.872
-173.751
-151.221
-144.067
-129.453
-121.994
-119.254
-102.053
-101.444
-98.0954
-82.5686
-58.6695
-48.7749
-28.9859
3.43776
6.17779
3.89443
4.19888
10.5923
-3.71675
6.63446
28.2502
34.4914
51.5404
55.6505
64.175
71.9384
84.1163
97.3597
97.0553
115.322
126.434
127.348
130.697
135.872
143.636
155.661
169.361
175.755
180.626
191.738
188.542
172.254
160.533
143.94
136.177
148.355
155.205
153.987
160.837
171.645
198.741
209.092
197.98
184.279
161.141
142.266
118.062
99.3386
79.0929
83.3552
79.854
66.6106
57.3249
30.0769
6.63446
-26.3981
-49.3838
-70.0862
-78.1541
-93.8331
-111.339
-109.664
-109.664
-101.292
-88.962
-75.5663
-81.6552
-83.9386
-89.4186
-90.9409
-99.6176
-107.685
-121.081
-121.994
-112.861
-133.259
-132.041
-142.24
-150.46
-168.575
-185.928
-197.497
-216.678
-218.961
-235.097
-238.446
-240.424
-224.289
-221.244
-201.151
-204.347
-206.326
-196.432
-186.842
-186.69
-195.366
-188.821
-178.622
-176.643
-163.552
-157.615
-165.378
-141.175
-122.603
-106.468
-92.9198
-56.5383
-49.9927
-31.8781
0.545515
-22.1358
-13.0024
-6.30455
14.3979
35.1003
56.5638
83.5074
92.1841
104.21
98.5775
92.3364
86.0952
87.9219
87.9219
106.95
114.104
133.132
143.94
136.329
127.5
126.587
151.704
186.867
202.394
222.64
228.576
214.724
208.179
201.176
172.863
172.558
185.497
182.757
189.151
169.361
148.659
127.5
102.079
97.2075
68.285
58.2383
60.8261
57.4771
73.3084
58.9994
51.6926
44.6904
22.6179
6.48224
18.5079
4.50333
-4.02119
-3.4123
-22.5925
-22.7447
6.33001
22.9224
28.5547
14.7023
6.33001
-6.0001
-24.2669
-51.9716
-70.8474
-101.597
-124.126
-107.99
-123.365
-117.732
-107.533
-112.252
-121.538
-148.786
-169.032
-189.125
-196.736
-195.823
-198.867
-156.397
-146.198
-128.692
-119.711
-122.299
