180
185
70
-36
-137
-140
-170
-234
-239
-197
-3
187
291
393
466
284
82
14
-203
-216
-143
-32
23
71
134
73
22
-162
-181
-242
-197
11
101
157
153
182
72
66
66
119
130
88
55
-42
-119
-153
-232
-222
-160
-223
-224
-276
-249
-283
-320
-425
-392
-310
-277
-196
-140
-115
-56
7
88
152
207
153
122
52
-70
-71
-58
-118
-172
-78
-161
-150
-127
-151
-31
37
7
-42
-117
-35
52
107
174
169
84
138
177
229
374
407
396
318
247
215
148
120
142
129
169
139
118
99
68
18
-104
-44
-7
94
308
441
543
451
297
292
114
-7
-56
-216
-296
-352
-234
-146
-36
100
-82
-13
156
214
219
259
276
147
220
185
215
294
229
135
126
37
-25
-118
-156
74
193
309
345
216
84
-162
-208
-244
-320
-175
-148
9
89
265
321
276
260
129
63
5
6
16
35
-65
-171
-223
-275
-365
-353
-215
-154
-59
-102
-1
116
256
347
341
264
207
136
170
196
174
201
49
84
175
197
311
261
194
5
-71
-117
10
153
279
369
348
338
338
319
233
184
168
240
156
254
177
178
312
351
331
278
183
119
116
-26
-40
19
-93
-88
-85
-106
-34
10
171
298
354
265
285
304
267
225
203
87
26
29
-105
-184
-238
-232
-127
5
104
229
354
179
155
54
50
114
42
-5
-20
0
-71
-20
-45
-56
-109
-256
-270
-257
-154
-26
135
170
168
99
14
-58
-163
-130
-281
-269
-342
-239
-74
-52
129
195
258
79
-27
-117
-181
-157
-163
-119
-155
-77
-123
-255
-445
-527
-480
-373
-116
14
7
-12
-123
-213
-195
-257
-264
-184
-233
-251
-199
-238
-310
-214
-160
-145
-108
-187
-198
-161
-182
-229
-256
-285
-215
-173
-126
-36
79
-3
-122
-147
-257
-291
-340
-240
-103
-32
123
12
48
-3
-23
-108
-304
-247
-94
-43
116
197
46
-43
-42
34
137
289
88
-32
-58
-79
-74
61
175
160
198
86
-35
40
53
135
316
400
533
580
724
581
453
353
99
-35
-153
-52
62
142
114
205
156
42
40
21
-55
-236
-166
-208
-378
-653
-588
-433
-329
-143
0
23
5
99
152
227
191
221
212
240
496
680
862
824
667
544
391
214
-83
-458
-733
-637
-497
-110
-6
112
-25
-153
-77
-231
-359
-517
-538
-536
-313
95
251
414
656
740
891
952
880
844
837
708
688
802
771
889
828
676
330
56
-107
-172
-160
-392
-529
-763
-753
-771
-749
-646
-547
-341
-147
78
207
237
202
122
264
331
486
519
521
548
480
379
381
342
270
188
-3
-79
-180
-232
-119
-5
152
280
309
184
137
146
79
120
-34
-56
-80
78
172
168
157
-99
-174
-120
-65
-9
-76
-112
-91
-144
-73
29
-25
-172
-181
-117
-149
-26
123
267
187
-60
-529
-667
-490
-318
-42
-83
-146
-278
-140
55
93
6
-188
-432
-413
-153
223
515
476
439
463
542
683
882
706
497
463
417
531
549
328
141
-133
-112
-47
-35
-35
-157
-195
-170
-112
-152
-119
-43
57
169
261
343
201
41
-194
-171
-116
-100
-32
-60
-47
-53
63
97
43
-192
-308
-339
-421
-397
-343
-265
-113
173
347
429
342
122
-64
-244
-224
-106
-17
134
180
312
467
518
459
242
53
69
138
312
348
265
111
-113
-267
-300
-502
-628
-570
-605
-479
-386
-400
-522
-587
-710
-691
-522
-301
-125
64
140
271
336
370
378
255
163
107
-58
-290
-483
-628
-562
-296
-80
200
292
112
-5
-192
-181
-187
-37
51
14
7
-14
86
-64
-143
-246
-259
-181
-23
18
23
-32
34
107
274
479
533
597
453
408
223
-6
-254
-520
-588
-576
-469
-231
-114
-140
-221
-187
-136
-317
-285
-207
-228
-162
-41
-11
37
129
171
64
-13
0
-168
-366
-342
-310
-362
-255
-231
-202
-108
40
121
103
-132
-378
-423
-558
-480
-525
-527
-622
-671
-634
-587
-683
-800
-805
-809
-704
-472
-301
-85
122
130
209
358
574
873
1035
1034
903
774
651
600
486
400
301
251
246
111
156
50
-87
-245
-180
-104
1
338
430
627
798
964
1140
1222
1162
1067
1114
1126
1102
1246
1282
1141
1063
885
836
618
613
442
414
432
449
552
532
391
188
236
195
152
162
261
346
344
336
527
631
657
610
532
404
222
60
-171
-422
-797
-1107
-1459
-1723
-2046
-2458
-2844
-3268
-3581
-3956
-4094
-4259
-4369
-4445
-4457
-4455
-4384
-4211
-4114
-3867
-3629
-3296
-2910
-2518
-2092
-1536
-977
-354
64
430
930
1388
1679
1894
1971
2191
2402
2565
2800
3071
3219
3195
3104
2889
2716
2477
2288
2245
2207
2090
2070
2081
2036
1986
1959
1945
1947
2031
2074
2183
2264
2499
2663
2878
3048
3205
3342
3424
3513
3656
3738
3713
3762
3663
3576
3417
3314
3080
2726
2366
1880
1498
1171
663
204
-330
-1120
-2024
-3039
-4097
-5029
-5868
-6577
-7250
-7748
-7993
-8276
-8488
-8658
-8610
-8349
-7875
-7184
-6340
-5188
-4007
-2747
-1516
-275
1080
2291
3236
4018
4671
5116
5027
4605
4018
3480
2834
1824
730
-552
-1690
-2814
-3802
-4612
-5352
-6050
-6417
-6536
-6425
-5847
-5297
-4679
-3879
-2914
-1806
-776
268
1347
2460
3668
4880
5822
6566
7184
7673
8032
8348
8364
8245
8012
7635
7349
7026
6633
6266
5783
5349
4988
4477
3801
3179
2691
2389
2240
2098
2003
2017
2151
2146
1989
1507
1023
505
56
-457
-1270
-2352
-3377
-4398
-5509
-6839
-8082
-9234
-10163
-10928
-11506
-11712
-11719
-11573
-11178
-10432
-9231
-7742
-6268
-4925
-3245
-1055
939
2645
4019
5288
6466
7371
8122
8350
8154
7799
7124
6140
5118
3844
2035
35
-1916
-3408
-4821
-6259
-7695
-8718
-9433
-9863
-10369
-10722
-10605
-10096
-9186
-8025
-6687
-5129
-3393
-1718
123
1971
4104
6039
7597
9190
10611
11896
12570
12767
12566
12257
11756
11007
9974
8922
7935
6826
5680
4474
3470
2542
1575
903
416
175
-3
-113
-129
-20
390
606
959
1325
1747
2168
2385
2488
2738
3010
2989
2433
1705
1011
419
-389
-1876
-3574
-5104
-6604
-8170
-9520
-10587
-11428
-12113
-12618
-12423
-11538
-10393
-9322
-8305
-6631
-4591
-2322
-552
955
2566
4111
5620
6673
7251
7682
7925
7843
7468
6835
5906
4278
2487
918
-490
-1930
-3642
-5120
-6320
-7420
-8320
-9181
-10018
-10551
-10658
-10354
-9842
-9148
-8111
-6918
-5638
-4025
-2316
-682
1014
2675
4298
5822
7243
8437
9106
9570
9968
10181
10030
9445
8725
8016
7249
6494
5604
4869
4261
3731
3185
2697
2219
1757
1339
1137
1009
878
923
873
889
1100
1522
1809
1902
2086
2713
3253
3106
2448
1661
1267
912
208
-931
-2286
-3391
-4550
-6098
-7808
-9367
-10616
-11711
-12559
-12587
-11912
-11024
-10260
-9195
-7332
-4782
-2113
88
1924
4018
6333
8349
9766
10430
10724
10783
10447
9652
8480
6707
4660
2414
302
-1743
-3967
-6204
-8184
-9823
-10936
-11851
-12720
-13324
-13426
-12975
-12166
-11164
-10155
-8961
-7428
-5611
-3737
-1933
-335
1415
3110
4856
6497
7741
8808
9671
10236
10654
10915
10856
10324
9769
9237
8651
7734
6546
5248
4049
3316
2443
1739
815
56
-243
-309
-281
-328
-164
106
814
1764
2698
3440
3920
4594
5608
6430
6564
6023
5430
5082
4775
3779
2273
354
-1677
-3698
-5923
-7920
-9832
-11343
-12549
-13234
-13047
-12280
-11487
-10753
-9640
-7616
-4821
-2333
-456
1291
3348
5407
7323
8489
9096
9550
9832
9780
9282
8243
6506
4429
2350
412
-1635
-3967
-6308
-8709
-10535
-11997
-13495
-14639
-15337
-15576
-15266
-14446
-13584
-12681
-11503
-9792
-7611
-5323
-3118
-938
1426
3784
6139
8018
9431
10535
11422
12041
12321
12261
11617
10676
9485
8562
7491
6158
4673
3475
2570
2073
1644
895
321
-32
101
507
938
1276
1846
2610
3615
4654
5503
6222
6688
7485
8388
8875
8602
7965
7350
6693
5753
4023
1818
-395
-2497
-4622
-6691
-8829
-10758
-12495
-14017
-14537
-14034
-13253
-12494
-11508
-9816
-7124
-4244
-1793
314
2577
5182
7554
9278
10223
10777
10948
10576
9852
8799
7094
5014
2838
553
-1704
-4038
-6646
-9107
-11118
-12510
-13843
-14920
-15918
-16466
-16332
-15675
-14766
-13895
-12616
-10787
-8648
-6288
-4029
-2044
-3
1924
4100
6089
7878
9279
10386
11390
12018
12357
12057
11307
10262
9251
8456
7456
6111
4635
3363
2456
1848
1172
496
-223
-403
-92
286
683
886
1533
2553
3970
5297
6317
7004
7596
8696
9710
10094
9701
8987
8407
7802
6677
4654
2128
-476
-2702
-5022
-7436
-9670
-11740
-13540
-15064
-15486
-15024
-14118
-13400
-12308
-10298
-7420
-4426
-2073
94
2507
5391
8061
9814
10709
11242
11518
11283
10668
9480
7665
5419
3023
883
-1253
-3760
-6559
-9277
-11413
-12918
-14231
-15408
-16566
-17251
-17161
-16570
-15871
-15026
-13970
-12355
-10167
-7704
-5417
-3135
-745
1727
4378
6742
8711
10233
11534
12625
13563
14100
13990
13056
11755
10462
9323
8019
6237
4440
2959
2054
1314
529
-460
-1061
-1090
-720
-226
215
723
1495
2679
4051
5170
6073
6556
7316
8684
9885
10465
10134
9724
9109
8490
7123
4766
2294
-102
-2257
-4537
-6836
-9191
-11537
-13703
-15270
-15492
-14964
-14110
-13328
-11990
-9615
-6399
-3449
-1279
793
3182
5943
8332
9913
10711
11215
11324
10995
10206
8534
6311
3750
1487
-573
-2887
-5378
-8089
-10291
-11933
-13063
-14182
-15402
-16264
-16521
-16111
-15248
-14267
-13605
-12475
-10762
-8590
-6189
-4146
-1859
624
3241
5921
8289
10018
11344
12373
13217
13692
13628
12917
11514
10007
8561
7325
5620
3335
1251
-218
-969
-1482
-2144
-2969
-3179
-2767
-2126
-1226
-485
437
1647
3437
5152
6393
7313
7884
8870
10074
11015
11031
10260
9669
9180
8423
6703
4199
1524
-1143
-3609
-6112
-8502
-10762
-12773
-14441
-15423
-15186
-14429
-13846
-13031
-11337
-8516
-5292
-2738
-727
1395
4107
6888
8982
10186
10743
11214
11249
10875
9894
8262
5995
3443
1070
-964
-2930
-5268
-7638
-9534
-10826
-11975
-13323
-14618
-15620
-15797
-15308
-14389
-13620
-12971
-11961
-10486
-8376
-6288
-4179
-1957
638
3563
6290
8765
10471
11812
12861
13538
14015
14059
13378
11961
10327
8908
7330
5230
2706
638
-609
-1345
-2036
-2912
-3771
-4095
-3702
-2977
-2345
-1692
-746
725
2552
4617
6535
7738
8775
10002
11564
12645
12730
11788
10864
10327
9492
7787
4844
1868
-951
-3525
-5945
-8551
-11012
-13005
-14702
-15564
-15182
-14451
-13592
-12976
-11430
-8868
-5821
-3069
-1089
977
3290
5977
8111
9122
9484
9757
9864
9695
8809
7373
5361
3357
1438
-468
-2344
-4521
-6886
-9094
-10528
-11873
-13326
-14675
-15711
-16166
-15906
-15091
-14616
-13958
-12896
-11030
-8560
-6541
-4263
-1771
877
3718
6628
9037
10727
12135
13251
13854
14062
13869
12954
11378
9666
8232
6714
4547
2097
26
-1192
-1841
-2598
-3476
-4244
-4195
-3570
-2922
-2329
-1633
-629
1158
3193
5294
7170
8542
9555
10394
11720
12886
12879
11992
11278
10845
10037
8268
5320
2154
-988
-3562
-6033
-8732
-11298
-13429
-14927
-15911
-15737
-15200
-14680
-14034
-12495
-9604
-6347
-3380
-1095
1257
3904
6458
8655
9796
10370
10882
11175
10862
9880
8243
6152
3966
1650
-576
-2735
-5091
-7533
-9729
-10959
-12207
-13632
-14878
-15736
-15907
-15473
-14600
-13797
-12953
-11687
-9519
-7161
-4953
-2913
-663
1828
4475
7042
9124
10617
11942
13039
13704
13860
13385
12190
10547
8892
7604
6285
4304
1983
153
-881
-1516
-2157
-3022
-3691
-3451
-2629
-1828
-1110
-368
740
2353
4301
6338
7956
9098
9994
11091
12417
13148
12770
11411
10271
9366
8242
5934
2657
-674
-3590
-6254
-8732
-11403
-13892
-15716
-17096
-17757
-17228
-16291
-15577
-14750
-12893
-9821
-6257
-3230
-818
1941
4975
8115
10247
11458
12076
12652
12967
12460
11442
9780
7477
5042
2467
-71
-2456
-5230
-8019
-10250
-11634
-13031
-14679
-16138
-17241
-17456
-17016
-16170
-15275
-14148
-12427
-9820
-7002
-4578
-1964
699
3563
6520
9246
11414
12853
14029
14906
15320
15092
14398
13102
11371
9860
8607
7138
4955
2544
709
-238
-872
-1612
-2558
-3075
-2690
-1977
-1193
-716
-288
593
1906
3671
5484
6812
7657
8185
9169
10327
10789
9996
8624
7840
7299
6199
3842
1013
-1850
-4485
-6914
-9629
-12247
-14622
-16237
-17418
-17557
-16654
-15658
-14904
-13914
-11469
-7981
-4435
-1691
682
3344
6396
9240
11064
11768
12118
12372
12109
11292
10049
8201
5758
3198
693
-1681
-4178
-7008
-9699
-11586
-12671
-13924
-15350
-16568
-17115
-16774
-15806
-14691
-13612
-12302
-10206
-7405
-4668
-2367
120
2756
5339
8220
10854
12536
13601
14619
15362
15448
15107
14248
12604
10749
9157
7781
5963
3694
1490
-132
-1110
-1626
-2469
-3403
-3763
-3339
-2240
-1216
-598
58
1272
3113
5011
6522
7583
8328
9399
10702
11596
11294
10012
8828
7654
6342
4167
1283
-1852
-4883
-7710
-10254
-12418
-14673
-16398
-17747
-17984
-16961
-15440
-14070
-13064
-11167
-8177
-4648
-1856
351
2745
5601
8536
10639
11551
11860
11923
11864
11265
10210
8740
6689
4344
1947
-240
-2410
-4889
-7745
-10061
-11273
-12461
-13737
-15041
-16149
-16470
-16025
-15294
-14539
-13455
-11757
-8901
-5961
-3362
-939
1557
4117
6794
9491
11522
12844
13876
14528
14758
14336
13461
12110
10330
8751
7532
6413
4514
2455
865
-217
-700
-1097
-1692
-2384
-2333
-1529
-512
110
579
1513
2848
4566
5765
6713
7446
8281
9122
9601
9382
8407
7351
6446
5265
3220
766
-1767
-4180
-6718
-8860
-10863
-12859
-14501
-15873
-15884
-14949
-13688
-12399
-11178
-9424
-6736
-3543
-987
850
2972
5466
7947
9963
11124
11320
11265
10942
10512
9812
8219
6076
3770
1719
-39
-1927
-4428
-7125
-9598
-11215
-12285
-13288
-14437
-15466
-15669
-15235
-14159
-13183
-12187
-10742
-8667
-6017
-3147
-627
1601
3991
6189
8516
10315
11436
12238
12731
13052
13019
12623
11786
10382
8752
7232
5901
4595
3077
1531
444
-20
-142
-509
-1068
-1154
-452
532
1439
2145
3058
4259
5222
6136
6637
7589
8081
8117
7911
7510
7191
6333
4884
2376
207
-1874
-3869
-6199
-8601
-10217
-11520
-12534
-13746
-13981
-13399
-12511
-11344
-10202
-8435
-6054
-3472
-1353
701
2795
4674
6606
8116
9127
9932
10221
9646
8731
7842
6490
4606
2180
-135
-2108
-3945
-5999
-8205
-9886
-11507
-12793
-13771
-14424
-14670
-14619
-14239
-13686
-12680
-11185
-9403
-7455
-5531
-3294
-550
1956
3904
5813
7913
9519
10712
11398
11758
11820
11676
11259
10355
9331
8348
7247
5888
4545
3543
2773
1803
867
570
726
770
761
812
1036
1913
2908
3674
4164
4875
5616
6709
7612
7658
7359
6965
6674
5956
5208
3926
2087
16
-1815
-3700
-6123
-8151
-9935
-11113
-12276
-12579
-11786
-10930
-9922
-8931
-7226
-5049
-2768
-732
792
2643
4575
6442
7631
8271
8709
8696
8220
7364
6453
5267
3574
1492
-874
-2946
-4906
-7045
-9053
-10678
-11767
-12728
-13362
-13661
-13852
-13627
-12895
-11932
-11038
-9725
-7952
-5864
-4053
-2243
-385
1275
3095
4722
6261
7592
8858
9953
10761
11294
11362
11163
10640
9761
9052
8169
7043
5666
4420
3349
2583
1915
1023
428
174
323
677
1128
1528
2055
2848
3454
4083
4349
5100
5795
5952
5608
5119
4924
4354
3836
2481
1034
-258
-1545
-2932
-4770
-6405
-7723
-8745
-9906
-10187
-9653
-8752
-7665
-6630
-5128
-3256
-927
806
1908
3150
4552
6129
7241
7743
7876
7791
7231
6408
5282
3982
2306
-67
-2527
-4538
-6289
-8443
-10696
-12537
-13706
-14337
-14635
-14942
-14642
-13654
-12248
-10598
-9202
-7383
-5474
-3517
-1582
416
2479
4069
5591
6904
8199
9383
10240
10655
10867
11037
11152
11128
10515
9753
8944
8193
7242
6145
4877
3853
3158
2374
1541
707
304
-204
-411
-518
-362
163
417
753
1152
1968
2811
3190
3124
3216
3573
3797
3625
2530
1419
286
-636
-2055
-3669
-4879
-5628
-6005
-6633
-6754
-6011
-5352
-4664
-3977
-2858
-1005
956
2480
3450
4584
5789
6592
6779
6573
6184
5749
5056
3926
2797
1336
-303
-2336
-4701
-6568
-8115
-9560
-11347
-12517
-13359
-13983
-14259
-14524
-14500
-13986
-12496
-10801
-9058
-7263
-4922
-2231
-152
1735
3643
5411
6752
8034
8997
9516
9671
9784
9408
8792
8566
8317
8029
7321
6977
7094
6989
6291
5199
4459
3914
3152
2291
1471
770
323
146
35
-297
-838
-1148
-1295
-968
-559
-316
-553
-1028
-857
-330
-116
-826
-1686
-2008
-1951
-2123
-2599
-3141
-3670
-3555
-3504
-3370
-2727
-2028
-1117
-81
1303
2717
4258
5358
5937
6654
7196
7634
7759
7399
6814
5932
4808
3354
1686
39
-1865
-3651
-5242
-6740
-8200
-9697
-11095
-12129
-12914
-13975
-14696
-14761
-14398
-13696
-12612
-11170
-9324
-7250
-5069
-2341
290
2613
4902
7037
8629
9797
10550
10436
9695
9037
8485
7419
6389
5496
4907
4279
3985
4059
3976
3837
3945
4605
5268
5750
5849
5524
5081
4628
4262
3543
2095
780
-411
-1415
-2301
-3702
-5169
-6656
-7582
-7943
-7542
-7392
-7907
-7959
-7294
-6294
-5938
-5624
-5462
-4789
-3802
-2386
-309
1401
3072
4685
6494
8319
10169
11805
12359
12650
13283
13660
13117
11678
9627
7755
5962
3798
1395
-1118
-3609
-5712
-7711
-9732
-11532
-12920
-14263
-15030
-15337
-15557
-15226
-14737
-14173
-13309
-11545
-9737
-8209
-6337
-3802
-498
2295
4693
6898
9173
11099
12694
13564
13202
12705
12152
11455
9739
7659
5375
3068
1078
-441
-1370
-2183
-2553
-2187
-1013
474
1812
3079
4141
5081
6243
7395
7755
6774
5139
3779
2812
1189
-1692
-4822
-7312
-8877
-10199
-11469
-13125
-14307
-14430
-14015
-13451
-12867
-11817
-10503
-8755
-6571
-3821
-894
1587
3835
6503
9495
12174
14513
16134
17221
18273
18983
19079
18326
16569
14466
12410
9731
6593
3155
-206
-3477
-6919
-10154
-12954
-15071
-16790
-17817
-17981
-18023
-17669
-16676
-15375
-13983
-12054
-9675
-7489
-5543
-3375
-590
1968
3861
5738
7736
9440
11190
12998
14201
14522
14414
14273
13414
11750
9649
7314
4812
2288
512
-1055
-2890
-4631
-5410
-5255
-4797
-3904
-2610
-1106
757
2926
4702
5784
5673
5467
5327
4524
2980
646
-1909
-4653
-7266
-9608
-12196
-15034
-17141
-18267
-18472
-18031
-17301
-15943
-14231
-11686
-8141
-4657
-1527
1319
4861
8832
12521
15474
17384
18885
19914
20777
20983
20703
19528
17959
15834
13414
11041
8142
4290
-260
-4304
-7592
-10158
-13084
-15930
-17750
-18535
-18737
-18621
-17838
-16472
-14455
-11862
-9017
-6209
-3186
-54
2554
4608
6749
8779
9959
10721
11329
11967
12329
12381
11761
10894
10132
9305
8184
6561
4819
3708
2858
1718
305
-1028
-1955
-2464
-2944
-3421
-3146
-2382
-1767
-1801
-1578
-996
-398
-475
-1533
-2579
-3156
-3698
-4921
-7208
-9690
-11439
-13075
-14889
-16835
-17594
-17439
-16712
-15773
-14651
-11929
-8719
-5600
-2730
534
4637
8744
11886
14012
15978
17902
19021
18977
18561
18062
17514
16115
13878
11681
9701
7390
3969
415
-2536
-4918
-7174
-9478
-11748
-13299
-14325
-15091
-15437
-15222
-13825
-11860
-9538
-7193
-4126
-339
3014
5440
7562
10010
12293
13897
14675
14660
14572
14379
13388
11537
9384
7580
5938
4031
2118
1042
549
-17
-1071
-1878
-1853
-1274
-963
-872
-670
171
1260
1392
762
92
13
-200
-1597
-3711
-5299
-6357
-7858
-10230
-12448
-14223
-15850
-17365
-18762
-19391
-18967
-17852
-16679
-15164
-12379
-8457
-4719
-1618
1403
5254
9407
12718
14678
15887
17138
17970
17938
16858
15296
13630
11853
9408
6775
4275
1887
-691
-3649
-6162
-7886
-9334
-11015
-12581
-13065
-12738
-12266
-11729
-10912
-9421
-7052
-4100
-1417
1184
4217
7666
10943
13284
15212
17239
18956
19729
19771
19258
18188
16540
14327
11457
8418
5617
2955
227
-2326
-4240
-5356
-6395
-7409
-7785
-7123
-6128
-5111
-3873
-2292
-909
102
736
1162
1274
879
-107
-1485
-2639
-3763
-5244
-8126
-11261
-13586
-15595
-17861
-20208
-21490
-21642
-21224
-20597
-18753
-15702
-12298
-8689
-5011
-775
3997
8867
12705
15415
18085
20316
21547
21332
20147
18794
16616
13381
9482
5853
2373
-1859
-6258
-10192
-12886
-14756
-16412
-17913
-18697
-18096
-16987
-15431
-14014
-11984
-9069
-5636
-2487
549
4507
8358
11619
14453
17481
19939
22078
23779
24751
25351
25615
25102
23445
21238
18694
15920
12595
8775
5060
1919
-1071
-4148
-6959
-9167
-10549
-11369
-11616
-11218
-10336
-9186
-7838
-6281
-4734
-3209
-2277
-2051
-2291
-2243
-2343
-3118
-5292
-7945
-9875
-11667
-13787
-16144
-18017
-19038
-18825
-18421
-17517
-15545
-12892
-9779
-6631
-3299
506
4808
8529
11431
14099
16499
18107
18595
18164
17296
16147
14148
11356
8292
5413
2120
-1739
-5579
-9019
-12033
-14496
-16604
-18653
-19661
-19682
-19098
-18113
-16655
-14409
-11511
-8015
-4234
-8
4406
8465
12166
15544
18251
20689
22803
24001
24719
25294
25488
25188
24104
22149
20049
17848
15538
12868
10252
7725
5124
2627
-128
-2637
-4811
-6748
-8338
-9684
-10590
-11011
-11059
-11029
-10783
-10529
-10335
-10094
-9903
-9403
-9146
-9820
-11043
-12189
-13207
-14674
-16178
-17737
-18574
-18255
-17636
-16368
-14168
-11363
-8117
-4544
-942
2888
7090
10860
13702
16007
17848
18967
19142
18411
16911
15027
12406
9220
6020
2907
-348
-3919
-7473
-10485
-12962
-14879
-16560
-18229
-18991
-18768
-17916
-16743
-15272
-13359
-10838
-7514
-3899
-91
3963
7580
11146
14334
17104
19636
21530
22752
23258
23560
23520
22893
21719
19922
17936
16302
14460
12294
10220
8237
6385
4855
3350
1810
542
-588
-1296
-2082
-3185
-4251
-5072
-5435
-6018
-6721
-7983
-9169
-9946
-10725
-11606
-13290
-14862
-16308
-17442
-18603
-19683
-20558
-21277
-21169
-20657
-19116
-16127
-12770
-9685
-6118
-1786
2846
7460
11144
14058
17095
19899
21888
22289
21651
20391
18688
15938
12136
8416
4963
1144
-3251
-7520
-11007
-13940
-16748
-19416
-21303
-21820
-21552
-20867
-19955
-18103
-15435
-12289
-8939
-5544
-1433
3396
7906
11669
15295
18738
21720
23618
24455
24916
25307
24914
23746
21662
19431
17333
15211
12434
9258
6669
4714
2898
958
-788
-2086
-2803
-3327
-3775
-4113
-4219
-4394
-4635
-4388
-4236
-4199
-4809
-5755
-6434
-7205
-7756
-9355
-11596
-13544
-15053
-16308
-18103
-19993
-21336
-21561
-21412
-20613
-18932
-16645
-13541
-10009
-6115
-2028
2252
6483
10237
13426
16358
18744
20197
20509
19653
18349
16606
14121
10843
7377
3683
157
-3587
-7184
-10446
-13102
-15120
-16841
-18226
-18951
-18762
-18115
-16925
-15524
-13474
-10579
-7550
-4299
-607
3331
7201
11115
14661
17858
20876
23141
24854
25852
26288
26406
25714
24371
22226
20056
17719
14755
11458
8080
5267
3008
868
-1190
-2813
-3884
-4372
-5102
-5944
-6720
-6670
-5947
-5858
-6434
-7216
-7338
-7680
-8597
-9925
-11679
-13119
-14290
-15495
-16803
-17819
-18421
-18738
-18853
-18514
-16758
-14233
-11587
-8865
-5295
-1151
2859
6385
9245
12046
14678
16592
17667
18128
18017
17285
15371
12373
9353
6661
3472
-514
-4415
-7606
-10140
-12587
-14880
-16817
-17832
-17923
-17542
-16823
-15535
-13505
-11027
-8161
-5484
-2404
1067
4254
7198
10159
13185
15701
17674
19061
19868
20687
21173
20946
19963
18834
18043
17014
15502
13990
12490
10674
8642
6490
4711
3106
1477
130
-1388
-2319
-3403
-4613
-5752
-6436
-6467
-6936
-7972
-8929
-9255
-9689
-10628
-12601
-14465
-16064
-17542
-19211
-20911
-21951
-22687
-22798
-22699
-21510
-18754
-15770
-12639
-8904
-4390
916
6026
10278
14027
17736
21231
23811
24856
24471
23283
21395
18488
14659
10638
6184
1199
-4035
-8482
-12012
-15084
-17952
-20319
-21507
-21580
-20867
-19954
-18688
-16663
-13482
-9634
-5833
-2356
1489
5578
9361
12896
15834
18556
20946
22701
23676
24343
24435
23823
22525
20921
19070
17390
15467
13099
10877
8803
6846
4689
2507
414
-977
-1871
-2609
-3247
-4105
-4682
-5197
-5378
-5382
-6271
-7653
-8523
-8686
-8840
-9678
-11611
-13804
-15314
-16396
-17826
-19653
-21169
-21749
-21481
-21495
-20940
-19081
-16745
-14427
-11647
-8099
-3667
925
4971
8194
11606
15397
18484
20443
21097
21443
21468
20560
18067
15035
11745
7675
2912
-1886
-6233
-10164
-13781
-17211
-19721
-21189
-21695
-21451
-20465
-18705
-15986
-12226
-8024
-3762
841
5595
10132
14076
17484
20393
22801
24466
25177
25442
25077
24099
22843
21280
19339
17250
15518
13854
12005
10469
8897
7045
5035
3437
2129
730
-852
-2896
-4635
-6103
-7305
-8332
-9635
-11515
-12955
-13390
-13639
-13896
-14782
-15791
-16580
-16744
-16864
-17475
-18099
-18706
-18394
-17496
-16488
-14953
-13360
-11370
-9052
-6359
-3360
-472
2436
4997
7588
9964
12113
13789
14627
14641
14143
13357
12049
10282
8021
5264
2146
-880
-3732
-6649
-9303
-11787
-13628
-14532
-15048
-14864
-14317
-13195
-11568
-9251
-6428
-3532
-121
3725
7951
11991
15461
18494
21053
22817
23976
24851
25014
24353
23267
21999
20350
18443
16264
14011
11966
10274
8810
7183
5487
4166
3237
2284
1074
-528
-2166
-3691
-4693
-5475
-6646
-8524
-10629
-11798
-12732
-13747
-15424
-17500
-19054
-19896
-20097
-20649
-21246
-21671
-21246
-19955
-18208
-15686
-13140
-10705
-8019
-4569
-952
2073
4186
5996
7871
9606
10877
11345
11114
10493
9554
8211
6386
4293
2374
196
-2320
-4788
-6907
-8856
-10991
-13160
-14701
-15192
-15271
-15081
-14139
-12530
-10230
-7099
-3656
-293
3403
7365
11355
14755
17744
20645
22967
24174
24470
24657
24130
22787
21328
19836
18286
16679
14954
13558
12087
10999
10223
9186
7966
6759
6092
5233
4138
2384
424
-1690
-3515
-4982
-6920
-9720
-12608
-13899
-14664
-15616
-17172
-18978
-20226
-21082
-21171
-21087
-21128
-21202
-20539
-19173
-17355
-14951
-12439
-10031
-7562
-4151
-102
3289
5764
7676
9517
11096
11932
11858
10702
9194
7461
5632
3397
885
-1704
-4454
-7183
-9484
-10980
-12471
-14096
-15419
-15925
-15701
-15413
-14917
-13865
-12123
-9650
-6403
-2796
1068
5220
9436
13663
17303
20650
23570
25531
26559
27038
27043
26007
24032
21884
19833
17755
15588
13563
11962
10780
9953
9444
8577
7734
7299
7222
7020
6012
4719
3189
1476
56
-1639
-3839
-6808
-9692
-11630
-13605
-15312
-17378
-19623
-21629
-23073
-23628
-23846
-24033
-23917
-22788
-20903
-18072
-14817
-11712
-8917
-5947
-2383
1710
5102
7386
9232
10843
12013
12632
12213
10580
8426
6173
3857
1082
-1677
-4714
-7643
-10475
-13018
-14683
-15989
-17415
-18660
-18725
-18530
-18067
-17058
-15341
-13031
-10202
-6714
-2776
1625
6098
10872
15416
19316
23119
26226
28105
28728
28885
28761
27486
25143
22803
20589
18165
15636
13141
11141
9787
8872
8040
7335
6681
6654
6715
6221
4964
3819
2850
1448
102
-1582
-3465
-5874
-8193
-10165
-11982
-14434
-17275
-19705
-21609
-22833
-23611
-24052
-24422
-24053
-22608
-20328
-17154
-13584
-10021
-6069
-2153
1907
5824
8552
10562
11942
13032
13417
12924
11636
9510
6594
3329
221
-2789
-5873
-9316
-12370
-14694
-16060
-17247
-18311
-19184
-19479
-18807
-18014
-17049
-15640
-13346
-10597
-7586
-4239
-653
3781
8242
12712
17134
21170
24924
27708
29268
29969
30310
29946
28422
26005
23515
21386
19037
16398
13770
11741
10568
9744
8742
7648
7044
7205
6959
5415
3347
1772
713
-980
-3465
-6125
-7915
-9235
-11058
-13281
-15583
-17339
-18828
-20432
-21946
-22728
-22620
-22370
-22007
-20939
-18280
-14832
-11839
-8555
-4504
323
4978
8715
11602
13925
15870
16700
16384
15055
12986
10137
5878
978
-3525
-7513
-11771
-16258
-19907
-21797
-22583
-23231
-23702
-23408
-21770
-19602
-17773
-16045
-13632
-10749
-7878
-4904
-1517
2393
6480
10294
13966
17904
21768
24907
26898
28081
28983
29426
28693
26653
24410
22289
19919
17279
14647
12669
11407
10464
9864
9476
9401
9383
8928
7837
6200
4726
3305
1258
-1768
-4848
-7807
-10453
-12971
-15547
-18175
-20513
-22077
-23051
-23698
-24015
-23736
-23108
-22288
-20658
-17862
-14082
-10570
-7234
-3012
1688
6426
10516
13667
16376
18933
20740
21275
20615
18829
16206
12174
7042
1619
-3710
-9326
-15414
-20908
-25043
-27968
-30345
-32155
-32611
-31329
-29124
-26501
-23414
-19355
-14612
-9625
-4711
-16
4780
9793
14495
18604
22661
26440
29495
31169
31704
31924
31775
30381
27977
25352
22937
20374
17727
15026
12578
10890
9621
8555
7530
7176
7212
7022
5866
4253
2968
1776
-284
-3339
-6313
-8632
-10666
-13018
-15454
-17958
-19776
-20942
-22026
-22948
-23382
-22841
-21993
-20835
-19076
-16069
-12547
-9474
-6306
-2438
1996
6308
10230
13388
16325
19047
20926
21653
21018
19538
17146
13417
8764
3470
-1664
-7318
-13606
-19508
-24446
-28390
-31698
-32768
-32762
-32742
-32768
-31681
-28495
-24488
-19350
-13694
-7996
-2271
4149
10577
16549
21746
26060
30347
32760
32743
32767
32764
32767
32653
30141
26848
23798
20633
17393
14073
11533
9513
8085
6617
5657
5370
5146
4420
3252
1884
919
-297
-2525
-5283
-7919
-10260
-12739
-15303
-18177
-20592
-22269
-23421
-24151
-24412
-23855
-22688
-21033
-18830
-15572
-11419
-7137
-3090
1110
5568
10041
14027
16899
18911
20191
20923
20982
19861
17683
14717
11008
6775
2134
-2645
-7788
-13214
-18189
-22451
-25872
-28956
-31941
-32768
-32747
-32767
-32768
-31836
-28995
-25103
-19929
-14004
-7745
-1514
5156
12013
18975
24986
30317
32767
32674
32767
32707
32767
32689
32767
31578
27813
24254
20489
16758
13271
10331
8245
6922
5992
5038
4347
3744
3103
2288
1096
-757
-3317
-5844
-8391
-10928
-13433
-16033
-18778
-21278
-22909
-23825
-24310
-24804
-24590
-23385
-21562
-19016
-15771
-11972
-7967
-3493
1215
5835
10557
15029
18797
21756
24006
25457
25913
25274
23121
19736
15504
10614
5121
-698
-6719
-12894
-18607
-23686
-28204
-31994
-32768
-32737
-32768
-32768
-32726
-32768
-31867
-28226
-23938
-18563
-12240
-5598
1278
8066
15154
21867
28774
32767
32718
32767
32758
32766
32767
32743
32767
32317
28518
23740
19139
14947
11461
8371
6025
4492
3696
2812
1486
289
-75
-282
-1280
-3702
-6542
-8497
-10077
-12550
-15997
-19436
-21917
-23607
-24974
-26402
-27161
-26792
-25693
-24216
-22272
-18909
-15082
-11190
-6731
-1652
4028
9756
14582
18498
22284
25909
28271
28934
28229
26834
24490
20493
15110
9156
3103
-3406
-10310
-17025
-23018
-27854
-31870
-32768
-32723
-32768
-32752
-32768
-32768
-32462
-28859
-24138
-18944
-13440
-7488
-1184
5384
11819
18079
23888
28973
32504
32767
32743
32767
32741
32767
32727
32767
32353
29086
24674
20320
16277
12502
9345
6628
3824
1165
-887
-2020
-2567
-3461
-5327
-6942
-7806
-8322
-9432
-11747
-14649
-16842
-18214
-19527
-21333
-23100
-23747
-23379
-22760
-21761
-20061
-17526
-14618
-11418
-7492
-2952
1713
6063
10012
14048
18275
21520
23109
23344
23022
22362
20498
16605
12169
7876
3519
-1367
-7010
-12397
-16972
-21058
-24886
-27935
-30134
-31419
-31994
-31853
-30498
-27794
-24344
-20902
-16994
-11593
-5326
727
6156
11244
16845
22345
26342
28762
30808
32552
32766
32767
32230
30931
29571
27668
25256
22519
20445
18304
15500
12210
9358
6818
4027
506
-2694
-5029
-7305
-9874
-12475
-14348
-15305
-16188
-17555
-18538
-18423
-17508
-16972
-17089
-16652
-15273
-13573
-12651
-11709
-9997
-7728
-5632
-4249
-2614
-177
2927
5738
7881
10031
12622
15005
15908
15305
14220
12823
10475
7098
2891
-1315
-5508
-9792
-14144
-18161
-21024
-23313
-25197
-26485
-26611
-25786
-24141
-22003
-19610
-16435
-12506
-7862
-3650
985
6279
11646
16481
20732
24657
27752
29921
31026
31067
30160
28853
26924
24149
21226
18776
16798
14943
12708
10800
9445
8471
7297
5475
3551
1673
74
-1824
-4687
-7867
-10522
-12556
-14513
-16540
-18464
-19692
-20135
-19963
-19229
-18295
-16911
-15158
-13066
-10593
-7601
-4297
-1362
1067
3386
6148
8766
10560
11614
12363
13400
14172
14131
13032
11145
8802
5881
2311
-1564
-5367
-9598
-13934
-17655
-20441
-22339
-24169
-25814
-26701
-26319
-25100
-23902
-22653
-20726
-17729
-14112
-10249
-5997
-1205
4114
9655
15050
20496
25547
30156
32682
32767
32744
32767
32718
32767
32135
28888
24883
20475
15991
12116
8965
6189
3869
2017
473
-1186
-2886
-4293
-5333
-6547
-8583
-11081
-13214
-14650
-16298
-18518
-21136
-22894
-23287
-23080
-22449
-21494
-19505
-16877
-13699
-10460
-6772
-2621
1294
4888
8329
11682
14681
16873
18088
18952
19450
19443
18336
16246
13739
10786
6804
2103
-3021
-8098
-13446
-18674
-23306
-27225
-30235
-32364
-32768
-32707
-32768
-32134
-29892
-27254
-23759
-19271
-14281
-9391
-4124
1679
7815
14000
19995
25106
30405
32767
32680
32767
32723
32767
32732
32767
32720
32767
29833
24834
20099
15429
11351
7757
4639
1838
-723
-3198
-5334
-7217
-8929
-10835
-12931
-14967
-16897
-18528
-19902
-21404
-23077
-24357
-24679
-24446
-23787
-22476
-20394
-17853
-14920
-11562
-7772
-3846
-65
3543
6683
9872
13241
16406
18892
20600
22000
22826
22913
22080
20212
17089
12780
7799
2257
-3662
-9987
-16645
-22753
-28169
-32150
-32768
-32719
-32768
-32725
-32768
-32693
-32768
-30817
-25695
-20370
-14529
-8307
-1608
5341
12115
18740
25029
31157
32767
32672
32767
32717
32767
32726
32767
32719
32767
32685
32767
29665
24059
19077
13797
8648
3794
-522
-4507
-8216
-11545
-14027
-16152
-18300
-20609
-22468
-23648
-24381
-25075
-26122
-27172
-27231
-26413
-25468
-24410
-22724
-20109
-16643
-13039
-9040
-4762
-726
3286
7001
10396
13480
16405
18743
20159
21078
21723
21953
20887
18820
15959
12270
8060
2908
-2728
-8672
-14427
-20206
-25442
-30507
-32768
-32687
-32768
-32737
-32768
-32767
-32758
-32687
-29170
-23551
-17938
-11632
-4868
2179
9231
16490
22899
29348
32767
32715
32767
32744
32767
32757
32767
32766
32764
32767
32757
32705
30122
25820
21382
17067
13073
9173
4957
469
-3662
-7246
-10739
-14706
-18701
-22315
-25064
-27248
-29225
-31291
-32564
-32768
-32468
-31392
-29760
-27381
-24562
-21029
-16992
-12179
-7127
-2426
2048
6464
10797
14712
18046
20618
22381
23520
24106
23786
22482
20161
16814
12520
7812
2740
-2738
-9022
-15109
-20619
-25202
-29839
-32752
-32743
-32768
-32768
-32757
-32768
-32727
-32768
-31975
-27589
-22133
-15830
-8944
-1681
5594
13128
20471
27697
32511
32767
32766
32767
32756
32767
32748
32767
32740
32767
32722
32767
32258
28682
24441
20614
16888
12805
8248
3704
-370
-3954
-7881
-12360
-16801
-20444
-23525
-26387
-29409
-32198
-32768
-32744
-32768
-32729
-31243
-28275
-24927
-20892
-16396
-11402
-6392
-1820
2556
6766
10735
14186
17144
19372
21049
22200
22560
22189
20821
18739
15541
11423
6697
1823
-3343
-9375
-15349
-21266
-26051
-30311
-32768
-32732
-32768
-32768
-32753
-32768
-32709
-32768
-31257
-27094
-22379
-16830
-10336
-3646
3307
10240
17199
23810
30121
32767
32668
32767
32732
32767
32758
32766
32767
32743
32767
32703
32767
31250
27926
24966
21743
18363
14386
10438
6533
2885
-1313
-6156
-11158
-15570
-19469
-23472
-27990
-32057
-32768
-32737
-32768
-32768
-32729
-32768
-30392
-25720
-20872
-15078
-9131
-3032
2492
7821
12753
17108
20759
23271
25051
25837
25904
24870
22662
19797
15578
10493
4917
-753
-6870
-13149
-19351
-24767
-29418
-32615
-32768
-32756
-32768
-32754
-32768
-32748
-32768
-32417
-28711
-23837
-18832
-13196
-7218
-933
5456
11969
17935
23485
28734
32436
32767
32756
32767
32760
32767
32761
32767
32761
32767
32763
32697
30837
28404
25860
22909
19529
16083
12683
9147
5561
1419
-2989
-7357
-11556
-15368
-19194
-23668
-27666
-30432
-32184
-32768
-32746
-32768
-32460
-29797
-25979
-21512
-16683
-11383
-5388
496
6049
10844
15102
18698
21454
23499
24372
24245
23266
21515
18498
14004
8827
3448
-2223
-8723
-15120
-21020
-26109
-30959
-32768
-32706
-32768
-32748
-32768
-32767
-32759
-32768
-32412
-28635
-23520
-17560
-11041
-4810
1587
8363
15010
21004
26103
30719
32767
32699
32767
32730
32767
32737
32767
32727
32767
32177
30452
28684
26573
24411
22384
20034
17222
13955
10542
7591
4327
425
-3885
-7739
-10740
-13858
-17592
-21580
-24319
-26109
-27560
-28759
-29392
-28584
-26906
-24600
-21715
-17659
-12830
-7553
-2420
2612
8013
13170
17759
21046
23727
25768
26404
25576
23551
20581
16529
11137
4947
-1463
-7970
-14713
-21593
-27845
-32241
-32768
-32720
-32768
-32728
-32768
-32717
-32768
-32675
-32768
-30675
-25607
-20458
-14645
-8260
-1565
5041
11392
17675
23597
28830
32421
32767
32746
32767
32751
32767
32749
32767
32739
32767
31042
28593
26352
23778
21192
18899
16648
13925
10884
7675
4834
1750
-2213
-6510
-10040
-12717
-15478
-18804
-22249
-24548
-25800
-26705
-27496
-27599
-26313
-24058
-21297
-18101
-14008
-9382
-4846
-517
3998
8815
13549
17722
21189
24202
26428
27285
26668
24975
22292
18074
12385
5983
-650
-7330
-14797
-22150
-29308
-32768
-32713
-32768
-32760
-32762
-32768
-32739
-32768
-32699
-32768
-31922
-27093
-21548
-15284
-8405
-1670
5150
11621
18222
24268
29553
32647
32765
32767
32767
32758
32767
32747
32767
32721
32767
31886
29365
26729
23969
21046
18408
15738
12614
9382
6111
3372
397
-3428
-7386
-10419
-12841
-15849
-19678
-22945
-24890
-26052
-26880
-27626
-27234
-25527
-22784
-19628
-16021
-11478
-6494
-1430
3011
7534
12271
16522
19834
22209
24203
25564
25871
25052
23077
20029
15948
10766
4832
-1702
-8451
-15388
-22140
-28447
-32526
-32768
-32743
-32768
-32735
-32768
-32718
-32768
-32676
-32768
-31365
-25728
-19476
-12994
-6272
679
7617
13952
19749
24893
29414
32433
32767
32737
32767
32752
32767
32760
32767
32718
31114
28922
26796
24446
22238
19904
17551
14633
11507
8620
6186
3585
406
-3348
-6680
-9436
-12241
-15799
-19785
-22762
-24733
-26221
-27395
-27886
-27194
-25459
-22890
-19652
-15297
-10216
-4843
540
5744
11337
16457
20628
23622
25809
27289
27413
26126
23989
21103
17009
11706
5554
-658
-6830
-13265
-19938
-26170
-31337
-32768
-32686
-32768
-32735
-32768
-32760
-32765
-32768
-32728
-32768
-29386
-23541
-17428
-10535
-3507
3808
10576
17068
23091
28190
31987
32767
32728
32767
32762
32760
32767
32724
32767
31806
29183
27357
25491
23483
21172
18624
16237
13627
10548
7258
4209
964
-2740
-6660
-9984
-12373
-15258
-18850
-22556
-24997
-26440
-27461
-28518
-28841
-27663
-25217
-21981
-18419
-14054
-8722
-2794
2945
8550
14402
20088
25134
28768
31609
32767
32767
32369
29603
25467
20186
13695
6145
-1728
-9929
-17688
-25564
-32036
-32768
-32738
-32768
-32759
-32768
-32767
-32764
-32768
-32745
-32768
-32085
-26154
-19026
-12123
-4869
2762
10248
17073
23039
28521
32526
32767
32762
32767
32760
32767
32754
32767
32750
32715
31033
28672
26543
24480
22532
20073
17409
14852
12460
9825
7034
3774
18
-3789
-7483
-10558
-13770
-17388
-21190
-24267
-26300
-27789
-29176
-30249
-30229
-28951
-26430
-23132
-19195
-14423
-8804
-2835
3282
9507
15561
21456
26509
31023
32767
32697
32767
32725
32758
29704
23802
17062
9235
1201
-7387
-16061
-24957
-31999
-32768
-32706
-32768
-32714
-32768
-32704
-32768
-32678
-32768
-32597
-32768
-29388
-20398
-11939
-2910
5837
14592
22196
29270
32767
32698
32767
32735
32767
32754
32767
32767
32749
32767
30762
27760
25198
22780
20807
18792
16627
14237
11940
9850
7867
5628
3026
-15
-3211
-5963
-9037
-12730
-17226
-21238
-24147
-26436
-28461
-30155
-30963
-30693
-29281
-27142
-24087
-20124
-15412
-9760
-3771
2743
9460
15666
21668
27193
31811
32767
32698
32767
32714
32767
29397
23086
16194
8383
-6
-9158
-17879
-26571
-32502
-32768
-32751
-32768
-32741
-32768
-32727
-32768
-32702
-32768
-32629
-32768
-29434
-20998
-12804
-3819
4860
13622
21390
28578
32735
32737
32767
32765
32758
32767
32738
32767
32700
32767
31843
28240
24820
21828
18771
15534
12514
9618
6985
4767
2541
399
-1939
-4418
-6314
-8013
-10069
-12981
-16127
-18766
-20726
-22441
-24231
-25716
-26229
-25536
-24139
-22151
-19581
-16312
-12064
-7372
-2467
2825
8210
13692
18888
23660
27705
30674
32332
32767
31800
29284
25277
19877
13787
7094
-301
-7900
-15741
-23082
-30119
-32768
-32679
-32768
-32738
-32768
-32758
-32768
-32768
-32761
-32768
-32516
-26963
-18944
-10988
-2338
5930
14511
21882
28481
32667
32759
32767
32767
32765
32767
32767
32762
32767
32746
32764
30534
26762
22947
18912
15070
11048
7057
3812
873
-2389
-5487
-8379
-10367
-11819
-13215
-15284
-17503
-19111
-20162
-20855
-21868
-22542
-22764
-21974
-20370
-18274
-15691
-12824
-9455
-5282
-809
3422
7621
11827
16051
20125
23396
25608
27066
27717
27350
25443
22201
17950
12930
7237
427
-6477
-13392
-19960
-26475
-31940
-32768
-32710
-32768
-32737
-32768
-32753
-32768
-32768
-32754
-32624
-27535
-19692
-12041
-4111
3723
11866
19305
25476
30852
32767
32676
32767
32731
32767
32755
32767
32767
32744
32767
32181
29737
26749
23247
19456
15663
11559
7231
3176
-686
-4577
-8334
-11522
-13820
-15816
-18004
-20353
-22116
-22968
-23187
-23423
-23616
-23161
-21994
-20013
-17766
-15083
-11836
-8184
-4161
119
4629
9007
13163
17106
20807
23872
25740
26586
26718
25948
23800
20291
15901
10873
5522
-471
-6998
-13571
-20048
-25455
-30856
-32768
-32687
-32768
-32748
-32768
-32768
-32734
-32768
-32662
-32768
-29697
-22259
-14874
-7045
934
9024
16675
23254
28681
32417
32767
32743
32767
32749
32767
32751
32767
32750
32767
32596
30732
27909
24704
21237
17865
14109
10078
6105
2539
-1051
-4980
-8550
-11081
-12919
-15000
-17774
-20302
-21900
-22582
-23232
-24236
-24644
-24131
-22471
-20417
-18068
-15025
-11303
-7025
-2703
1896
6498
11062
15448
19537
23478
26445
28168
28504
27863
26017
22600
17923
12530
6769
535
-6081
-12925
-19718
-25622
-31211
-32768
-32684
-32768
-32739
-32768
-32761
-32767
-32768
-32746
-32768
-32261
-26506
-18704
-11042
-2886
5238
13556
21112
27266
31914
32767
32707
32767
32735
32767
32749
32767
32758
32767
32728
31321
28539
25288
21802
18544
15227
11575
7567
4173
1336
-1958
-5711
-8995
-11198
-12890
-14974
-17477
-19421
-20466
-20896
-21633
-22550
-22743
-22107
-20992
-19638
-17676
-14872
-11093
-7217
-3088
1511
6291
10947
15359
19581
23402
26398
28397
29473
29481
27923
24446
19632
14049
7911
1087
-6206
-13855
-20736
-27102
-32246
-32768
-32725
-32768
-32736
-32768
-32730
-32768
-32712
-32768
-32661
-32768
-27573
-18751
-10241
-962
8295
17378
25360
31665
32767
32712
32767
32745
32767
32759
32767
32767
32743
32767
32230
29798
26831
23343
20095
17026
13729
9931
6161
3401
959
-1767
-4877
-7474
-9177
-10418
-12450
-15287
-17593
-18909
-19648
-20499
-21430
-21475
-20579
-19417
-18173
-16255
-13364
-10015
-6639
-3036
1126
5563
10116
14026
17735
21021
23794
25861
26946
27114
25797
23106
19259
14654
9362
3055
-4095
-11369
-18251
-24615
-30991
-32768
-32642
-32768
-32691
-32768
-32700
-32768
-32690
-32768
-32635
-32768
-30707
-22657
-13884
-4403
4898
14042
21921
29188
32767
32669
32767
32716
32767
32728
32767
32724
32767
32689
32767
31315
27537
23880
20552
17441
13879
9870
6314
3877
1485
-1135
-4355
-6741
-8044
-9418
-11468
-14179
-16512
-18084
-19350
-20771
-21810
-21838
-21021
-19614
-17881
-15385
-12049
-8662
-5241
-1720
2320
6762
11106
15116
18764
22023
24496
26283
26915
26573
25078
22340
18639
14228
9010
2808
-4067
-11326
-18052
-24907
-31401
-32768
-32667
-32768
-32702
-32768
-32702
-32768
-32683
-32768
-32606
-32768
-30104
-21733
-13211
-4179
4736
13557
21035
27978
32547
32767
32767
32761
32767
32758
32767
32753
32767
32739
32767
32300
28605
24463
21120
17916
14329
10187
6578
4028
1685
-1235
-4630
-7152
-8710
-10128
-12097
-14762
-16936
-18419
-19546
-20989
-21938
-21957
-21287
-19919
-17887
-14781
-11075
-7245
-3502
475
4859
9332
13612
17346
20841
23917
26403
27993
28368
27837
26003
22793
18715
13885
8185
1637
-5233
-12384
-19181
-26416
-32213
-32768
-32723
-32768
-32727
-32768
-32716
-32768
-32696
-32768
-32628
-32768
-30508
-22274
-13695
-4640
4223
12661
20186
27335
32389
32767
32756
32767
32765
32767
32767
32764
32767
32759
32767
32508
29471
25804
22783
19541
15562
11201
7593
5060
2477
-816
-4299
-7346
-9733
-12128
-15114
-18214
-20604
-22113
-23213
-24395
-24707
-24313
-23226
-21415
-18775
-14905
-10493
-5957
-1332
3504
8601
13480
17702
21347
24545
27197
29121
30011
29873
28979
26712
23112
18808
13622
7931
1281
-5714
-12897
-19716
-26468
-32118
-32768
-32704
-32768
-32714
-32768
-32705
-32768
-32678
-32768
-32593
-32768
-29997
-21457
-13063
-4069
4487
12525
19617
26017
31538
32767
32705
32767
32750
32767
32767
32754
32767
32723
32767
32188
29197
26517
23969
20784
16752
12698
9410
6755
3763
-86
-3797
-6599
-8805
-11783
-15680
-19120
-21794
-23870
-25693
-27126
-27281
-26511
-25015
-22644
-19125
-14632
-9870
-5123
-73
5398
11010
16349
20602
24443
28027
30889
32407
32487
32117
30586
27696
23369
18411
13048
7031
9
-7374
-14903
-21657
-28674
-32768
-32685
-32768
-32739
-32768
-32768
-32756
-32768
-32727
-32768
-32666
-32768
-28754
-20485
-12206
-3427
4936
12846
19727
25601
30861
32767
32697
32767
32746
32767
32767
32751
32767
32711
32767
31432
28420
26141
23862
20960
17018
13183
9994
6754
2872
-1722
-5867
-8775
-11464
-14819
-18551
-21582
-23846
-25600
-27181
-27980
-27507
-26151
-24086
-21117
-17112
-12066
-7010
-1989
3410
9016
14577
19535
23835
27748
31367
32767
32763
32747
32767
31003
26718
21642
15850
9827
3088
-4402
-11954
-18801
-25094
-31218
-32768
-32648
-32768
-32696
-32768
-32707
-32768
-32704
-32768
-32669
-32768
-31398
-24455
-16780
-8917
-749
7373
14738
20960
26373
31002
32767
32700
32767
32730
32767
32737
32767
32725
32767
31795
29342
27016
25156
23186
20420
16816
13486
11041
8297
4480
-126
-3946
-7126
-10491
-14882
-19260
-22627
-25074
-26913
-28784
-29556
-29201
-28056
-26138
-23355
-19285
-13962
-8407
-2889
2913
9236
15385
20782
25374
30149
32767
32753
32753
32767
32688
32767
30741
24948
18755
12180
4635
-3636
-12204
-19684
-26929
-32415
-32768
-32736
-32768
-32729
-32768
-32715
-32768
-32691
-32768
-32630
-32768
-30852
-23382
-15463
-7270
1255
9430
16832
23057
28760
32544
32767
32754
32767
32751
32767
32747
32767
32597
30966
28779
26107
23438
21478
19321
16628
13290
10443
8536
6499
3421
-394
-3666
-6181
-9256
-13121
-17343
-20820
-23332
-25539
-27597
-28827
-28856
-27827
-25963
-23496
-19664
-14812
-9634
-4316
1388
7853
14268
20230
25321
30423
32767
32721
32767
32767
32705
32767
30776
25221
19379
12996
5257
-3194
-11809
-19606
-27241
-32531
-32768
-32755
-32768
-32737
-32768
-32718
-32768
-32688
-32768
-32613
-32768
-30262
-22364
-14187
-5521
3054
10910
17577
23313
28681
32496
32767
32740
32767
32739
32767
32731
32767
32516
30412
27684
24805
22183
20130
17684
14599
11229
8516
6625
4373
1269
-2259
-4823
-6775
-9189
-12503
-16253
-19033
-21352
-23330
-25422
-26743
-26711
-25820
-24086
-21536
-17818
-13055
-8215
-3209
2263
8486
14326
19779
24690
29667
32707
32766
32750
32767
32702
32767
31876
26764
20873
14550
6774
-1667
-10150
-17845
-25456
-31938
-32768
-32693
-32768
-32710
-32768
-32703
-32768
-32677
-32768
-32596
-32768
-29341
-21004
-12685
-3914
4631
12700
19638
25561
30637
32767
32697
32767
32747
32767
32767
32744
32767
31564
29019
26218
23007
20154
17767
15379
12494
9449
6929
5210
3104
38
-3450
-6212
-8426
-11128
-14556
-18000
-20608
-22557
-24243
-25824
-26739
-26794
-26146
-24645
-22141
-18181
-13347
-8215
-2803
3025
9370
14998
20282
24934
29623
32621
32767
32735
32767
32686
32767
31086
25720
20032
13672
6215
-2018
-9984
-17386
-24739
-31432
-32768
-32663
-32768
-32704
-32768
-32709
-32768
-32692
-32768
-32627
-32768
-28898
-20621
-12670
-3936
4729
12950
19944
26267
31580
32767
32681
32767
32727
32767
32745
32767
32616
30502
27717
25012
21894
19218
16993
14871
12209
9595
7423
5782
3820
1142
-1907
-4620
-7360
-10430
-13918
-17708
-20912
-23638
-25885
-27514
-28435
-28385
-27618
-26000
-23227
-19183
-14327
-9174
-3566
2517
9083
15341
21262
26524
31339
32767
32714
32767
32767
32719
32767
31911
26964
21154
14405
6242
-2246
-10693
-18308
-26154
-32328
-32768
-32738
-32768
-32743
-32768
-32738
-32768
-32723
-32768
-32686
-32768
-27637
-19187
-11205
-2393
6136
14248
21087
27385
32113
32767
32701
32767
32716
32767
32700
32767
32040
28674
25390
22207
18853
16212
14263
12646
10553
8389
6413
4961
3292
965
-1777
-4680
-7350
-10469
-13891
-17658
-21322
-24511
-27132
-29023
-29855
-29679
-28861
-26960
-23907
-19740
-14990
-10082
-4628
1130
7529
13841
19773
25170
30285
32767
32723
32767
32766
32751
32767
32341
28229
22526
16036
7739
-860
-9681
-17574
-25895
-32410
-32768
-32761
-32768
-32762
-32768
-32758
-32768
-32752
-32768
-32744
-32632
-26744
-18137
-9924
-1002
7443
15361
22059
28348
32483
32767
32738
32767
32743
32767
32739
32767
32463
29718
26474
23156
19715
16918
14770
13274
11348
9361
7593
6111
4499
1920
-1262
-4721
-8093
-11340
-14841
-18540
-22236
-25609
-28149
-29810
-30839
-30937
-30343
-28578
-25135
-20574
-15355
-10152
-4516
1385
7498
13363
18883
23999
29080
32513
32767
32738
32767
32735
32767
32511
28669
22711
15981
7957
-255
-8450
-16502
-24908
-31953
-32768
-32717
-32768
-32750
-32768
-32766
-32761
-32768
-32728
-32768
-32004
-25535
-17446
-9578
-1067
7150
15199
21938
28427
32670
32751
32767
32760
32767
32763
32767
32755
32736
30386
26854
23672
20055
16792
14337
12502
10587
8662
6884
5455
4226
2291
-319
-3681
-7288
-10786
-14235
-17876
-21790
-25438
-27899
-29323
-30264
-30489
-30099
-28493
-25419
-21236
-16362
-11243
-5560
645
6814
12764
18304
23556
28110
31826
32767
32675
32767
32670
32767
31279
26882
21314
14463
6603
-1435
-9397
-17197
-25190
-31853
-32768
-32720
-32768
-32755
-32768
-32768
-32756
-32768
-32726
-32768
-31985
-25620
-17966
-10430
-2378
5599
13171
19918
26348
31833
32767
32702
32767
32746
32767
32767
32726
32767
31201
27627
24394
20579
17576
14865
12829
10872
8518
6512
4626
3187
1657
-465
-3312
-6646
-10103
-13677
-17243
-21179
-24985
-27813
-29388
-30102
-30376
-29872
-28235
-25286
-21449
-16929
-11970
-6266
12
6130
12135
17813
23166
27974
31728
32767
32680
32767
32675
32767
31120
26930
21714
15227
7890
-146
-8163
-16312
-24622
-31604
-32768
-32699
-32768
-32745
-32768
-32764
-32762
-32768
-32735
-32768
-32055
-25748
-18022
-10246
-2117
5673
13245
20000
26077
31537
32767
32692
32767
32744
32767
32767
32725
32767
31604
27841
24394
20799
17720
15222
13254
11884
10195
8189
6250
4432
2661
533
-2399
-5987
-9356
-12464
-15530
-19016
-22942
-26229
-28283
-29416
-30106
-29895
-28620
-26238
-22906
-19211
-14748
-9559
-3843
1857
7422
13266
19030
24357
28170
31455
32767
32746
32750
32767
31570
27962
23295
17009
10073
2445
-5110
-13372
-21549
-29670
-32768
-32651
-32768
-32715
-32768
-32734
-32768
-32738
-32768
-32734
-32651
-27704
-20695
-13572
-5625
2150
9436
16407
23133
29556
32767
32680
32767
32722
32767
32733
32767
32714
32767
30810
26776
22875
19222
16270
13842
11940
10555
9389
7785
5749
3736
2177
218
-2654
-6301
-9804
-12632
-15405
-18757
-22656
-25685
-27388
-28211
-28624
-28294
-26602
-23914
-20382
-16431
-11540
-6137
-845
4113
8971
14129
19021
23114
26188
28896
31148
32595
32292
30592
28200
24819
19448
12744
5383
-1625
-9254
-17277
-25546
-32147
-32768
-32743
-32768
-32767
-32760
-32768
-32737
-32768
-32679
-32768
-30725
-24572
-18013
-10353
-2655
4542
11735
19144
26489
32025
32767
32735
32767
32767
32753
32767
32705
32767
31426
27072
22700
18888
15916
13106
10928
9415
8732
8251
7307
6032
4747
3698
1953
-1129
-4833
-8509
-11653
-14782
-18080
-21150
-23732
-25212
-25953
-26022
-25333
-23655
-21206
-18244
-14460
-10132
-5384
-749
3719
8137
12507
16536
19869
22712
25122
26868
27585
27636
26823
24880
21540
16487
10587
3754
-3439
-11069
-18557
-25929
-32077
-32768
-32716
-32768
-32744
-32768
-32764
-32760
-32768
-32721
-32768
-29340
-22751
-15996
-8779
-1866
5061
12374
19732
26390
31774
32767
32710
32767
32742
32767
32760
32767
32697
30027
25841
22144
18646
15726
13103
11401
10321
9483
8842
8330
7784
6672
4620
2279
-248
-3132
-6641
-10681
-14407
-17457
-19524
-21306
-22761
-23181
-22265
-20609
-19004
-16808
-14158
-11096
-7974
-4793
-1161
2820
6461
9172
11866
14795
17665
19947
21305
22313
22841
22663
21013
18055
14326
9524
3464
-3803
-10637
-17171
-23438
-30135
-32768
-32646
-32768
-32713
-32768
-32742
-32768
-32764
-32760
-32694
-29085
-22703
-16474
-10465
-4331
2817
10016
16794
22685
28831
32730
32728
32767
32742
32767
32746
32767
32520
28982
25076
21717
18271
15101
12637
11330
10259
9317
8490
8055
8070
7288
5670
3571
1364
-874
-3643
-7129
-10858
-13745
-15835
-16953
-17596
-18101
-18018
-17127
-15226
-13061
-10892
-8862
-7079
-5033
-2667
-288
1794
3845
5732
7609
9826
11810
13328
14327
14738
14819
14396
13345
10898
7351
2959
-1763
-7048
-12703
-18496
-24007
-28902
-32435
-32768
-32725
-32768
-32724
-32768
-32700
-32768
-31952
-28059
-23355
-18091
-12376
-6551
-765
5106
11167
17204
22749
27304
31225
32767
32710
32767
32732
32767
32508
29845
26653
23769
20619
17656
15075
13223
12057
11139
10223
9076
8149
7456
6708
5014
2259
-625
-2879
-4716
-7138
-9952
-12552
-13854
-13946
-13209
-12557
-11926
-10706
-8570
-6367
-4684
-3472
-2608
-1921
-1204
-326
637
1325
1695
2196
3114
4334
5244
5552
5351
5288
5203
4296
2415
-100
-2502
-5365
-8886
-12900
-16766
-20327
-23436
-26256
-28557
-30162
-31214
-31481
-31213
-29996
-27955
-25544
-22904
-19518
-15130
-10308
-5764
-1252
3472
8724
13808
18124
21557
24865
28061
30236
31516
31608
31237
30413
28923
26767
24073
21371
18676
16196
13996
12324
10641
9175
7825
6474
5469
4435
3288
1582
-465
-2249
-3732
-4666
-5611
-6663
-7558
-7641
-6848
-5477
-4213
-3413
-2537
-1496
-551
-340
-656
-1388
-2374
-3269
-4040
-4502
-4817
-5220
-5540
-5484
-5047
-4764
-4773
-4762
-4466
-4068
-4241
-4667
-5460
-6283
-7130
-8373
-10049
-12010
-13813
-15674
-17705
-19615
-21053
-21985
-22590
-22759
-22368
-21207
-19482
-17675
-15254
-12105
-8226
-4482
-899
3096
7094
10975
14431
17581
20537
23415
25841
27569
28447
28782
28624
27606
25742
23465
21046
18422
15572
12905
10619
8453
6384
4567
3205
2018
1209
569
210
121
-173
-476
-635
-108
617
1053
1109
1496
2671
3960
4728
4202
3270
2275
1207
-295
-2598
-5106
-7962
-10490
-12615
-14372
-15892
-17092
-18152
-18648
-18038
-16796
-15532
-14399
-13027
-10870
-8215
-5920
-4363
-3501
-3047
-2978
-3442
-4692
-6432
-8414
-10375
-12182
-13730
-14786
-15348
-15674
-15415
-14387
-12796
-11212
-9721
-7884
-5610
-2664
365
3032
5545
8434
11793
15073
18083
20749
23106
25142
26493
26846
26305
24890
22737
20054
17101
14238
11190
8355
6030
4350
3337
2617
2137
2314
2993
4052
5099
5898
6670
7351
8105
9078
9701
9923
9840
9224
8590
7921
7067
5083
2186
-1018
-3993
-7258
-10993
-15102
-19347
-22792
-25749
-27977
-29480
-30048
-29533
-28202
-25895
-22645
-18884
-14759
-10575
-6518
-2623
1110
3931
5655
6272
6078
5424
3728
1576
-781
-3045
-5145
-7177
-8933
-10263
-11167
-11734
-11975
-11665
-11010
-10215
-8936
-7248
-5393
-3037
-344
2613
5741
9210
12775
16219
19313
21647
23386
23901
23486
22355
20411
17812
14777
11812
9239
6918
4916
3670
3561
4060
5007
6318
7905
9699
11744
13548
14983
15995
16207
15844
15302
14871
13972
12148
9426
6566
4262
1979
-1359
-6047
-11100
-15650
-20038
-24339
-28855
-32322
-32768
-32726
-32768
-32742
-32768
-32539
-29555
-25036
-19554
-13532
-8118
-2966
1866
6448
10288
12927
14173
14479
14162
13048
11067
8425
5396
2156
-1034
-4286
-7302
-9680
-11754
-13358
-14463
-14538
-13741
-12974
-12048
-10438
-7813
-5025
-2214
819
3807
7093
10409
13313
15500
17165
18363
18789
18521
17703
16592
15174
13292
11501
10218
9463
8922
8805
9532
11087
13034
14769
16263
18002
19733
21170
21873
21693
20965
19402
17315
14837
11964
8587
4618
45
-4611
-8728
-12397
-16649
-21888
-26815
-30703
-32705
-32759
-32768
-32756
-32768
-32750
-32768
-32494
-29702
-25456
-20263
-14574
-8478
-2105
3817
9274
13900
17658
20337
21706
21232
19462
17111
14403
11133
6848
2348
-2004
-5421
-8234
-10701
-12657
-13737
-13835
-13487
-12428
-11100
-9666
-7983
-6425
-5106
-3537
-1575
279
1734
3222
5288
7710
9875
11446
12736
14023
15018
15527
15531
15240
15252
15436
15435
15448
15538
16424
17654
18935
20283
21335
22321
22901
22945
22446
21277
19449
16731
12869
8414
4036
-56
-4235
-8985
-13990
-18605
-22059
-24882
-27474
-30350
-32591
-32768
-32768
-32765
-32768
-32756
-32764
-31207
-28209
-24740
-20182
-15258
-9778
-4065
1794
7675
12839
16969
19522
20893
21039
20242
18188
14907
10950
6787
3060
-342
-3260
-5670
-7471
-8467
-8401
-7685
-6944
-6617
-6452
-6147
-5848
-5859
-6618
-7608
-8179
-8111
-7361
-6416
-4985
-3122
-451
2963
6560
10098
13205
15729
17947
19748
21151
22091
22396
22412
22313
22396
22366
22215
22205
22174
22339
22224
21297
19741
17575
14888
11449
7397
3342
-820
-5224
-9750
-14028
-17259
-19444
-21405
-23478
-25037
-25468
-25080
-24216
-23838
-23758
-23183
-22365
-21643
-20764
-19599
-18290
-16525
-14422
-11635
-7931
-3773
35
3050
5708
8618
10971
12212
11854
10427
8903
7267
5595
3772
1941
324
-468
-464
118
922
1236
1103
717
512
95
-1262
-3511
-6145
-8268
-9644
-10670
-11819
-12369
-12014
-10648
-8266
-5222
-1900
1565
5647
9760
14020
18187
21470
23581
25141
26588
27528
27990
27442
25953
24325
22956
21546
19721
17274
14493
11564
8634
5195
1352
-2918
-7027
-10674
-13550
-15511
-17061
-18492
-19595
-19932
-19131
-17231
-15436
-14404
-13721
-12522
-10624
-8436
-7622
-8256
-9253
-9338
-8770
-8262
-8282
-9146
-9526
-9134
-8025
-6699
-5760
-5100
-4438
-3367
-1879
-370
951
1457
1632
2334
3624
5244
6391
6825
7038
7671
8511
9110
8756
7354
5351
3063
1201
-1081
-3911
-7046
-10202
-12351
-13235
-12914
-12764
-12537
-11553
-9229
-5284
-685
3670
7611
12094
16820
21555
25578
28042
28759
28397
27427
26025
23987
21072
16896
12134
8259
5303
2516
-771
-4360
-7389
-8982
-10030
-11216
-12613
-13723
-14163
-13642
-12311
-10643
-9036
-7919
-6851
-5005
-2171
363
1365
1068
747
1129
1872
1186
-1492
-4862
-7920
-10223
-12107
-13961
-16245
-18328
-19617
-19791
-18115
-15183
-12122
-9365
-6742
-3288
883
5047
8113
9615
10168
10705
11984
13672
14696
14098
12590
11554
11729
12187
10992
7541
2982
-542
-2761
-4892
-7800
-11262
-14137
-15447
-14716
-12795
-10679
-8382
-5903
-1957
3663
9644
14537
17293
18697
20016
21607
22416
20915
17120
12667
8779
5853
3384
193
-3253
-5925
-7004
-6441
-5206
-4420
-4791
-5311
-5170
-4551
-3748
-3368
-3842
-4158
-3520
-1706
1082
3399
4280
4314
4730
5884
7016
6533
4044
292
-2991
-5390
-7922
-11128
-15219
-19353
-22562
-23823
-23302
-22209
-21020
-19937
-17878
-13652
-8091
-2870
768
2656
3992
6523
10038
13095
14702
14698
14095
14778
16688
18247
18186
16064
13468
11643
10632
9206
5919
1139
-3781
-7490
-9793
-11030
-11919
-12853
-13374
-13253
-11567
-8192
-4458
-1832
-645
449
2478
5298
7401
7507
6304
4952
4472
4491
4298
3573
2435
1489
1288
2409
3999
5260
5602
5279
4892
4864
4849
4196
2540
463
-959
-1659
-1420
-433
617
1608
2436
3337
4047
4323
4062
3042
1387
-939
-3453
-5997
-8435
-10935
-13339
-15597
-17639
-18815
-18963
-18264
-17186
-15827
-13960
-11605
-8775
-5636
-2449
880
3884
6231
7974
9828
12091
14197
15871
16850
17378
18243
18839
18843
18143
16678
14499
11750
8443
4441
598
-3149
-6969
-10629
-13776
-16156
-17616
-18040
-18168
-18101
-17670
-16723
-14914
-12735
-10553
-8819
-6754
-4392
-1237
2088
4653
6792
8628
11053
13236
14992
16245
16896
17142
16887
15591
13542
11205
8355
5055
1422
-1981
-4744
-6602
-7891
-8700
-8960
-8487
-7128
-4959
-2249
823
3268
4785
5421
5124
4830
3980
2645
582
-1717
-3654
-5323
-6702
-7958
-8975
-9678
-10000
-10095
-10277
-10450
-10221
-9513
-8506
-7257
-5859
-4107
-1890
686
3694
6685
9798
12968
15782
18321
19954
20701
20571
19292
17115
13843
10166
6458
3051
-577
-4541
-8758
-12848
-16395
-19174
-21393
-23290
-24566
-25055
-24612
-23558
-21840
-19256
-15639
-11319
-6572
-1554
3594
8664
13471
17545
20439
22393
23575
23853
22877
20625
17545
14095
10492
6912
3269
-845
-4763
-7850
-9849
-10999
-11611
-11747
-11183
-9543
-7219
-4585
-2143
176
2562
5096
7667
10157
12226
13641
14135
13624
12613
11434
10172
8511
6203
3808
1770
-190
-2705
-5700
-8735
-11521
-13686
-15379
-16538
-16971
-16397
-14895
-12680
-9940
-6655
-2758
1338
4992
8114
10730
12483
13121
12632
11266
9567
7955
6157
4279
2227
203
-1268
-2539
-3833
-5501
-7655
-9962
-12239
-14007
-15570
-17178
-18242
-18216
-16353
-13094
-9426
-5818
-1965
2254
6403
9713
11703
12685
12866
12510
11309
9192
6833
4417
2442
563
-1267
-2464
-3300
-3390
-3491
-3717
-3809
-3554
-2808
-1825
-964
-194
614
1941
3978
5995
7659
9004
10411
12259
14418
16173
17270
17719
17718
17175
15573
12759
9126
5110
1019
-2832
-6051
-8426
-9761
-10298
-10531
-10688
-10827
-11030
-11600
-12578
-13624
-14188
-13680
-12542
-11220
-10209
-9403
-8218
-6671
-5478
-4671
-4169
-3382
-1885
-118
1550
3061
4630
5978
6932
7411
7648
7784
7883
7549
6593
5306
3584
1454
-964
-3210
-4894
-5941
-6378
-5967
-4734
-2930
-1616
-1238
-1697
-2955
-4956
-7291
-9668
-11218
-11606
-10954
-9607
-7280
-4163
-906
2101
4494
6885
8937
10831
12054
12634
13115
13306
13003
12331
11476
11011
10820
10690
10440
10281
10390
10154
9251
7761
6246
4654
2946
810
-1483
-3408
-4852
-5902
-6633
-7147
-7063
-6346
-5482
-4419
-3432
-2474
-1711
-1287
-1421
-2242
-3665
-5322
-6785
-8075
-8980
-9926
-10531
-10012
-8337
-5922
-3189
-398
2192
4564
5932
6121
5306
3732
1640
-1136
-3866
-5774
-6874
-7195
-6952
-6038
-4120
-1657
514
1989
3084
3969
4486
4389
3672
2355
1093
5
-1419
-2649
-3604
-3971
-3625
-3146
-2254
-1164
410
2546
4564
6427
8033
9085
9909
10368
10353
9533
7738
5805
4366
3289
2161
919
-42
-117
706
1958
3018
3836
4105
3880
3080
1274
-1540
-5039
-8587
-11798
-14079
-15531
-15959
-15441
-13672
-11073
-8261
-5623
-3568
-2243
-1757
-1996
-2832
-4017
-5172
-5526
-5064
-3537
-1033
2045
5629
9087
11957
13906
14629
13987
12506
10559
8001
5196
2317
223
-1243
-2180
-2900
-3369
-3522
-3605
-4013
-4866
-5574
-5819
-5421
-4888
-4224
-3177
-1952
-405
1139
2442
3114
3131
3080
3222
3810
4706
5375
5837
6553
7655
9092
9928
9884
9445
9016
8449
7612
6045
3879
1612
-599
-2657
-4397
-5426
-5876
-6033
-5548
-4464
-3186
-1826
-1193
-1237
-1767
-2717
-4099
-5968
-8015
-9867
-11258
-12221
-13074
-13355
-12825
-11447
-9585
-7543
-5262
-3011
-1046
156
428
-130
-1191
-2080
-2848
-3334
-3107
-2319
-620
1783
4304
6803
8645
9986
10437
10255
9381
7501
5129
2598
516
-1039
-2286
-3172
-3609
-3182
-2215
-1038
-196
62
533
1083
1893
2392
2826
3324
4218
5505
6691
7732
8719
9546
10420
11386
12159
12690
12897
13009
12922
12607
11776
10436
8775
7040
5367
3485
1372
-420
-1727
-2678
-3476
-4446
-5326
-6026
-6472
-6905
-7649
-8524
-9579
-10736
-11661
-12778
-13921
-14886
-15655
-15641
-14990
-13806
-12286
-10240
-7897
-5438
-3333
-1837
-1038
-912
-1429
-2637
-4105
-5627
-6564
-6983
-7018
-6450
-5465
-4063
-2251
-646
379
1353
2038
2299
2304
1991
1714
1214
624
-31
-717
-836
-632
-271
391
1481
3160
4946
6884
8676
10382
11783
12900
13393
13443
13210
12253
10836
9150
7847
6829
5991
5326
5287
6364
8155
9798
10712
10962
10625
10026
9108
7284
5127
3194
1802
1096
1015
1630
2353
2933
3428
3784
3683
2934
1347
-832
-3096
-5361
-7453
-9248
-10631
-11193
-11356
-10931
-10569
-10464
-10446
-10923
-11713
-12607
-13318
-13679
-13356
-12404
-11104
-9415
-7473
-6006
-5008
-4683
-5039
-5438
-5775
-5927
-5648
-4898
-3784
-2265
-282
1846
3856
5348
5995
5773
4869
3533
1723
-598
-2778
-4486
-5046
-4484
-3387
-1805
47
2303
4811
6864
8069
8520
8662
8449
7753
6759
5728
4911
4463
4509
4745
5501
6572
7590
8835
9830
10523
10754
10230
9011
7557
6303
5341
4546
4230
4472
4952
5727
6308
6602
6355
5542
4437
2863
1093
-833
-2813
-4803
-6377
-7541
-8143
-7888
-7276
-6184
-5035
-3966
-3085
-2684
-3207
-4366
-5617
-6712
-7445
-8033
-8128
-7889
-6952
-5918
-5048
-4254
-3488
-2623
-1870
-1309
-1071
-608
-307
-540
-1419
-2673
-3904
-5140
-6222
-7175
-7664
-7295
-6089
-4655
-3194
-1705
-400
917
2017
2865
3602
4296
4903
5674
6216
6535
6385
5900
5293
4675
4111
3709
3314
3199
3452
3822
4564
5290
5741
5690
5388
4793
4067
2865
1288
-343
-1665
-2178
-2166
-1737
-934
323
2162
4219
5932
7057
7266
6648
5168
3073
729
-1838
-4251
-6304
-7346
-7521
-6915
-6060
-5363
-4656
-4078
-3562
-3435
-3614
-3908
-4453
-4969
-5367
-5425
-5210
-5003
-4639
-3904
-2639
-1197
-59
736
1902
3307
4442
5181
5657
6157
6949
7557
7623
7260
6876
6636
6149
5617
5135
4829
5010
5249
5220
5131
4883
4141
3086
1928
844
-247
-1807
-3317
-4457
-5027
-5638
-6805
-8342
-9803
-10565
-10780
-10665
-10294
-9098
-7118
-4381
-1295
1484
3487
4818
5537
5761
5543
4827
3885
3246
3505
4542
5866
7020
7977
8826
9458
9346
7924
5340
2061
-1452
-4868
-8075
-10850
-13069
-14180
-14112
-12920
-11138
-9265
-7743
-6305
-5014
-4319
-4347
-5020
-5818
-6516
-6736
-6747
-6431
-5373
-3799
-1692
618
3050
5360
7567
9297
10327
11071
11526
11518
11014
10137
9179
8465
7802
7222
6457
5787
5062
4262
3469
2542
1431
65
-1156
-2185
-2882
-3441
-3925
-4024
-3589
-2893
-2046
-1375
-933
-496
42
407
288
212
919
2099
3547
5166
6767
8511
10026
11203
11507
10797
9441
7474
5195
2786
393
-1829
-3659
-5281
-6515
-7335
-7847
-7823
-7561
-7406
-7419
-7739
-8456
-9281
-10243
-11170
-11794
-11923
-11297
-9919
-8109
-6103
-4028
-1807
268
1617
2306
2361
1939
1225
360
-723
-1509
-1456
-637
872
2771
4858
7078
9545
11676
13081
13481
12859
11483
9440
7193
4714
2077
-160
-1722
-2515
-2542
-2189
-1657
-1042
-313
75
-118
-796
-1977
-3306
-4379
-4915
-5010
-4701
-3963
-2766
-1023
1043
2987
4628
5985
7237
8326
9029
9395
9437
9288
9091
8573
7811
6908
5804
4367
2400
168
-2326
-5076
-7917
-10367
-12340
-13684
-14390
-14304
-13428
-11905
-10044
-8316
-6890
-5660
-4767
-4283
-4092
-4134
-4124
-3887
-3223
-2157
-758
665
2275
3861
5291
6302
6600
6240
5071
3595
1759
-423
-2573
-4245
-4887
-4321
-2923
-987
1479
4066
6466
8037
8690
8423
7250
5354
2831
220
-1945
-3377
-4147
-4091
-3285
-1972
-394
1043
2310
3194
3457
3077
2355
1525
636
-39
-534
-700
92
1491
3193
4932
6554
8068
9282
9774
9271
8281
6791
5084
3303
1327
-407
-1643
-2253
-2632
-2806
-3169
-3779
-4547
-5623
-6534
-7454
-8451
-9140
-9060
-8117
-6602
-4862
-3048
-1010
1058
2948
4143
4725
4896
4720
3967
2592
1122
-383
-1301
-1695
-1567
-1104
-344
528
1195
1176
412
-941
-2737
-4514
-6152
-7237
-7707
-7458
-6318
-4841
-2865
-1016
632
2015
2980
3380
3365
3088
2546
1833
1017
376
29
-110
-123
-8
372
977
1374
1589
1498
1413
1413
1374
1125
692
530
609
677
599
366
152
135
64
58
109
23
32
342
858
1301
1643
1691
1548
1419
1040
567
-53
-886
-1414
-1679
-1775
-1861
-1843
-1438
-734
10
822
1651
2322
2923
3361
3290
2892
2217
1377
368
-762
-1824
-2699
-3020
-2830
-1989
-848
435
1937
3533
4759
5196
4936
4135
3089
2010
604
-819
-1913
-2368
-2153
-1432
-327
893
2059
3212
4128
4615
4410
3668
2541
927
-771
-2581
-4294
-5581
-6243
-6551
-6239
-5631
-4491
-3153
-1968
-1245
-1068
-899
-1174
-1973
-3158
-4513
-5803
-6581
-6953
-6785
-5971
-4492
-2353
11
2441
4619
6152
7133
7429
7256
6633
5556
4173
3111
2157
1579
1221
870
807
945
1229
1110
1047
891
702
517
167
-346
-991
-1500
-2103
-2450
-2770
-2835
-2642
-2422
-2023
-1612
-997
-200
755
1635
2572
3556
4367
4881
4782
4443
3889
3222
2196
1195
454
297
699
1218
2038
3096
4314
5605
6526
6819
6519
5732
4683
3396
1640
-428
-2396
-4301
-5717
-6770
-7636
-8225
-8199
-7735
-7030
-6385
-5969
-5757
-5527
-5522
-5864
-6224
-6641
-6877
-6654
-6128
-4900
-3004
-563
1988
4618
7274
9494
11088
11961
11981
11106
9586
7474
5222
2806
491
-1504
-3306
-4575
-5156
-5225
-4755
-4026
-3143
-2226
-1336
-828
-831
-1353
-2066
-2723
-3373
-3785
-3952
-3770
-3038
-1912
-644
429
1483
2451
3162
3650
3742
3618
3144
2815
2328
2027
1878
1922
2144
2436
2868
3454
4166
4770
5391
5638
5471
5195
4686
3924
3091
1910
684
-752
-2152
-3626
-5402
-6969
-8445
-9447
-10099
-10337
-10141
-9460
-8328
-6937
-5142
-3480
-2036
-804
399
1432
1987
1972
1935
2091
2446
2931
3653
4689
5976
7279
8095
8241
7634
6458
4724
2397
-248
-2834
-4861
-6285
-7133
-7441
-7180
-6079
-4544
-2620
-632
862
1855
2506
2625
2278
1648
465
-880
-1880
-2341
-2502
-2401
-2143
-1392
-461
657
1761
2338
2823
2816
2422
1982
1712
1465
1423
1622
2022
2791
3919
5022
6131
6883
7317
7365
6906
6090
4691
2968
1254
-522
-2234
-3889
-5579
-7064
-8213
-8891
-9200
-9215
-8905
-8263
-7410
-6256
-5078
-3860
-2579
-1264
-42
1109
2434
3695
4755
5454
6087
6613
7084
7552
7688
7555
7241
6490
5398
3965
2309
457
-1353
-2840
-3927
-4750
-5173
-5272
-4942
-4153
-3212
-2382
-1569
-941
-407
135
303
315
336
430
623
592
710
791
713
533
190
-189
-811
-1205
-1507
-1612
-1504
-1133
-651
-119
549
1128
1580
1858
2077
2069
2039
1616
1370
1300
1483
1713
1726
1476
978
351
-790
-2363
-4157
-6044
-8085
-9681
-10650
-11150
-11012
-10480
-9323
-7674
-5842
-3963
-2339
-854
580
1740
2505
3246
3907
4512
5242
5951
6775
7543
8149
8356
8316
8038
7548
6715
5382
3746
2169
1098
283
-155
-480
-580
-463
-50
421
778
939
1051
1027
959
970
997
854
727
616
494
345
26
-200
-331
-397
-454
-312
-198
5
157
163
149
275
491
701
1028
1357
1700
2208
2535
2562
2193
1453
598
-450
-1370
-2600
-3669
-4625
-5320
-5489
-5451
-5224
-5035
-5068
-4801
-4410
-4136
-4084
-4385
-4770
-5104
-5223
-5176
-4844
-4157
-2991
-1387
361
2165
3763
4611
5044
4982
4582
3907
2762
1533
286
-687
-1227
-1403
-1288
-1036
-678
-268
12
55
-7
-149
-347
-198
560
1654
2847
4088
5139
6333
7199
7554
7353
6616
5777
4702
3415
2261
1270
555
351
570
1085
1711
2429
3148
3430
3374
2889
1888
676
-620
-1796
-2700
-3166
-3264
-3002
-2448
-1862
-1287
-1030
-1094
-1495
-2452
-3649
-5054
-6466
-7639
-8401
-8760
-8505
-7908
-7055
-5904
-4742
-3549
-2629
-1789
-1182
-856
-579
-257
44
431
1095
1822
2546
3285
3720
3975
3750
3437
2841
1829
695
-733
-2006
-2976
-3845
-4503
-5047
-5071
-4741
-4156
-3399
-2666
-2003
-1150
-263
677
1620
2587
3693
4923
6155
7272
8277
8880
9284
9251
9081
8682
8133
7420
6469
5440
4546
3593
2696
2020
1580
1224
1007
741
604
417
-16
-269
-642
-1048
-1515
-2066
-2535
-2933
-3193
-3398
-3540
-3260
-2731
-1996
-1332
-880
-551
-461
-490
-815
-1197
-1770
-2627
-3482
-4434
-5089
-5365
-5449
-5158
-4700
-3849
-2959
-2287
-1789
-1496
-1337
-1163
-1046
-1186
-1461
-1619
-1611
-1336
-850
-465
-204
-24
208
245
65
-275
-821
-1279
-1505
-1550
-1463
-1224
-919
-611
-466
-477
-422
-481
-476
-445
-200
253
962
1975
2873
3747
4422
4995
5566
5949
6151
6086
5851
5454
5108
4739
4329
3822
3312
2880
2361
1857
1219
324
-719
-1703
-2503
-3266
-4104
-4686
-5072
-4951
-4497
-3891
-3080
-2273
-1381
-691
-200
54
-27
-261
-601
-1006
-1275
-1578
-1857
-2024
-2109
-2203
-2185
-2122
-2073
-1845
-1415
-921
-541
-141
372
951
1329
1307
1196
912
680
434
224
-20
-197
-371
-442
-607
-855
-1098
-1565
-1820
-1937
-1953
-1867
-1885
-1757
-1503
-1242
-944
-732
-269
367
1011
1734
2401
3207
4133
5053
6070
6753
7307
7542
7569
7464
6905
5986
4533
2914
1496
-22
-1629
-3211
-4462
-5121
-5327
-5111
-4743
-4261
-3669
-2966
-2513
-2332
-2284
-2471
-2600
-2698
-2610
-2150
-1516
-917
-282
532
1232
1844
2037
1807
1451
766
-225
-1429
-2772
-3849
-4700
-5231
-5315
-4890
-4150
-3502
-2919
-2215
-1490
-836
-444
-211
49
431
775
1224
1739
2088
2417
2572
2607
2609
2561
2178
1587
1056
624
304
53
-372
-746
-667
-362
-2
275
568
803
1388
1886
2388
2847
3326
3880
4478
5012
5164
4974
4450
3728
2763
1551
229
-1030
-2217
-3171
-3902
-4225
-4207
-3945
-3678
-3280
-2848
-2367
-1905
-1580
-1384
-1358
-1421
-1449
-1533
-1561
-1442
-1246
-940
-599
-89
422
669
836
752
479
-15
-827
-1767
-2815
-3748
-4546
-5068
-5370
-5261
-4916
-4186
-3057
-1866
-791
298
1360
2118
2738
3085
3094
2902
2743
2468
2216
2300
2619
3097
3693
4200
4668
4966
5067
4974
4577
4117
3524
2953
2438
1847
1351
1237
1369
1766
2186
2678
3097
3144
2926
2441
1704
838
-16
-844
-1586
-2150
-2573
-2761
-2799
-2692
-2317
-1772
-1191
-597
33
572
844
1192
1371
1303
1260
1033
893
746
656
411
-168
-1039
-1889
-2843
-3948
-4936
-5972
-6852
-7484
-7785
-7891
-7733
-7373
-7052
-6575
-6091
-5695
-5376
-5275
-5066
-4700
-3938
-3002
-1850
-552
904
2425
3703
4806
5422
5735
5605
5301
4714
4123
3402
2703
2252
2045
2329
2760
3078
3400
3895
4321
4563
4487
4212
3655
3083
2422
1915
1638
1436
1442
1585
1670
1905
2119
2156
1933
1707
1421
1147
815
432
91
-201
-348
-362
-46
388
907
1295
1679
1945
2058
2041
1883
1581
1248
1058
787
586
169
-420
-1149
-1981
-2838
-3695
-4478
-5146
-5646
-5908
-6023
-6146
-6151
-6185
-6093
-5923
-5739
-5498
-5268
-4895
-4496
-4219
-3868
-3371
-2763
-2214
-1627
-1001
-460
99
550
967
1248
1591
2055
2253
2275
2134
1906
1996
2055
2220
2422
2694
3114
3552
3982
4312
4497
4486
4380
4078
3945
3780
3428
2876
2111
1293
551
-89
-666
-1175
-1229
-880
-251
576
1434
2285
2998
3581
3983
4108
3975
3544
3030
2429
1716
1247
897
592
604
853
1199
1330
1448
1374
1084
381
-665
-1802
-3137
-4206
-5133
-5893
-6340
-6319
-6069
-5606
-4930
-4169
-3558
-3134
-2918
-2934
-2856
-2863
-2728
-2646
-2348
-2036
-1545
-974
-520
-308
-425
-441
-762
-1047
-1284
-1426
-1356
-977
-155
755
1780
2847
3717
4326
4687
4656
4304
3604
2694
1843
919
252
51
104
319
580
950
948
832
547
186
-380
-975
-1368
-1424
-1235
-849
-78
714
1792
2998
4176
5020
5557
5732
5506
4971
3962
2762
1572
555
-328
-858
-1174
-1521
-1799
-1925
-1934
-1922
-1900
-2065
-2346
-2702
-3013
-3354
-3667
-3790
-3739
-3452
-2947
-2379
-1979
-1597
-1313
-1013
-623
-346
-34
91
140
249
370
383
13
-411
-722
-995
-1080
-1114
-1142
-1092
-995
-668
-226
398
1045
1592
1967
2211
2284
2342
2281
2112
1904
1483
1090
721
270
-224
-650
-995
-1202
-1213
-1048
-835
-437
225
1001
1751
2472
3018
3564
3988
4228
4273
4243
4124
3840
3572
3380
3088
2661
2168
1599
867
59
-882
-1721
-2725
-3718
-4542
-5127
-5473
-5535
-5262
-4995
-4508
-4122
-3598
-3031
-2604
-2062
-1620
-1339
-1013
-842
-799
-500
-144
341
895
1410
1905
2407
2543
2531
2316
1694
1145
436
-229
-575
-760
-735
-438
5
436
840
1339
1739
1918
2079
2100
1880
1603
1278
774
246
-358
-815
-1011
-1086
-925
-714
-384
-96
233
634
1018
1425
1776
2021
2211
2326
2470
2669
2674
2683
2835
2977
3219
3164
3076
2886
2579
2407
2055
1602
958
345
-293
-1038
-1905
-2790
-3746
-4400
-4809
-5134
-5394
-5406
-5275
-4887
-4356
-3646
-2830
-2005
-1228
-498
61
414
450
146
-232
-512
-715
-930
-1166
-1281
-1174
-1051
-849
-710
-656
-438
-175
7
221
442
499
534
288
-26
-159
-288
-390
-338
-152
194
696
1193
1452
1720
1792
1757
1718
1580
1520
1536
1545
1493
1477
1712
1993
2442
2898
3327
3769
4232
4567
4489
4428
4067
3601
2896
2113
1265
451
-304
-745
-921
-891
-842
-818
-690
-790
-817
-1037
-1348
-1762
-2033
-2275
-2607
-2824
-2984
-3042
-3103
-3139
-2900
-2671
-2416
-2163
-1920
-1609
-1421
-1210
-1016
-981
-896
-738
-637
-652
-702
-724
-791
-839
-957
-1050
-1017
-873
-514
-55
307
633
863
1022
1171
1109
854
325
-253
-851
-1360
-1749
-2108
-2266
-2302
-1954
-1401
-589
185
1280
2373
3095
3884
4611
5087
5387
5641
5638
5627
5592
5608
5487
5367
5288
4991
4511
3944
3195
2310
1403
265
-807
-1759
-2517
-2953
-3166
-3196
-3070
-2722
-2296
-1950
-1586
-1240
-1059
-822
-874
-954
-1114
-1213
-1208
-1259
-1130
-1052
-853
-592
-399
-346
-478
-530
-758
-1066
-1229
-1386
-1559
-1638
-1649
-1614
-1407
-1114
-884
-573
-315
-172
-95
-10
-21
-137
-534
-848
-1243
-1729
-2078
-2531
-2808
-2978
-3001
-2988
-3114
-3026
-2756
-2318
-1775
-1184
-361
480
1350
2350
3270
4150
4935
5500
5904
5958
5984
5880
5598
5261
4685
4255
3986
3594
3048
2379
1767
1124
452
-292
-1070
-1716
-2459
-3131
-3524
-3910
-3976
-3869
-3553
-3009
-2271
-1414
-549
185
614
854
913
884
866
827
756
601
388
48
-275
-471
-778
-987
-1187
-1241
-1125
-975
-732
-707
-553
-552
-533
-475
-561
-549
-642
-726
-964
-1155
-1505
-1763
-1871
-2182
-2343
-2523
-2664
-2615
-2468
-2220
-2012
-1581
-1110
-604
-73
302
766
1100
1582
2093
2450
2842
3356
3743
4007
4247
4240
4246
4121
3841
3514
3105
2570
1947
1192
637
-69
-593
-954
-1309
-1382
-1495
-1359
-1124
-941
-765
-778
-831
-996
-1059
-1133
-1209
-1218
-1231
-1218
-1199
-1101
-912
-754
-520
-321
-298
-284
-335
-494
-707
-935
-1107
-1429
-1426
-1311
-1074
-764
-404
8
285
459
523
647
468
308
-111
-509
-957
-1466
-1941
-2404
-2744
-3114
-3308
-3341
-3184
-2670
-1889
-1166
-463
220
967
1752
2337
2847
3222
3491
3734
3792
3705
3542
3215
2940
2321
1680
1150
445
-196
-653
-1002
-1347
-1490
-1583
-1460
-1535
-1453
-1228
-1221
-960
-705
-445
-273
-184
128
359
408
538
678
784
808
920
1038
1030
941
812
524
19
-487
-1098
-1659
-2154
-2551
-2832
-2935
-2725
-2404
-1864
-1223
-712
-201
408
974
1315
1535
1383
1297
1086
736
272
-312
-841
-1181
-1440
-1575
-1661
-1646
-1666
-1514
-1217
-977
-781
-614
-323
132
848
1448
2104
2472
2755
3034
3208
3256
3404
3405
3347
3229
2965
2464
1929
1355
566
-209
-933
-1402
-1815
-2119
-2237
-2268
-2114
-1879
-1491
-1047
-519
163
745
1249
1550
1795
1818
1750
1649
1620
1703
1584
1554
1469
1252
1051
652
267
-110
-548
-1071
-1637
-2116
-2417
-2611
-2791
-2958
-2994
-3009
-2868
-2720
-2578
-2384
-2218
-1877
-1695
-1554
-1655
-1627
-1681
-1901
-1996
-2100
-2170
-2238
-2180
-2133
-1989
-1829
-1601
-1327
-983
-476
93
729
1415
2208
2935
3638
4269
4601
4673
4567
4274
3891
3420
2941
2380
1775
1145
440
-171
-640
-997
-1319
-1432
-1514
-1633
-1624
-1639
-1438
-1263
-1086
-937
-547
58
620
1262
1747
2148
2384
2471
2524
2422
2348
2113
1983
1676
1277
943
520
196
-88
-156
-417
-554
-727
-795
-800
-721
-455
-280
-186
-131
-47
22
-87
-162
-48
0
-22
-178
-475
-945
-1546
-2039
-2531
-2877
-3081
-2868
-2581
-2172
-1719
-1481
-1162
-934
-556
-278
97
591
1182
1844
2494
2903
3101
3314
3357
3222
3003
2628
2098
1431
906
420
-124
-531
-968
-1318
-1503
-1509
-1494
-1366
-1195
-1015
-747
-543
-253
-147
49
263
448
765
1097
1418
1634
1877
2000
1983
1987
1770
1611
1445
1169
885
517
105
-314
-551
-646
-675
-793
-602
-338
-218
-67
68
165
109
60
-151
-595
-930
-1120
-1148
-1368
-1437
-1483
-1561
-1491
-1549
-1616
-1986
-2226
-2323
-2282
-2135
-1930
-1715
-1378
-1153
-852
-517
-330
-9
200
472
637
817
781
609
472
377
217
37
-96
-296
-372
-429
-541
-644
-653
-582
-396
-148
236
535
857
1004
1118
1300
1350
1347
1197
944
935
1075
1213
1384
1660
1902
2028
2088
1874
1470
948
421
38
-272
-326
-285
-36
241
545
959
1198
1417
1553
1788
1949
2029
1923
1658
1298
941
495
179
0
-167
-146
-176
-63
-104
-78
-144
-296
-314
-406
-371
-231
76
438
525
534
451
463
333
175
10
-139
-264
-365
-397
-511
-657
-819
-910
-1009
-1242
-1478
-1655
-1854
-1939
-1869
-1904
-1731
-1532
-1351
-1023
-700
-293
280
663
1092
1441
1555
1581
1412
1259
906
445
18
-335
-614
-806
-965
-985
-991
-1079
-1192
-1332
-1459
-1507
-1384
-1353
-1117
-926
-562
-177
146
336
417
474
664
981
1093
1203
1155
1017
739
432
26
-308
-478
-738
-780
-916
-773
-723
-598
-309
8
499
1106
1706
2104
2437
2648
2680
2368
1911
1314
680
64
-347
-796
-1030
-1150
-1285
-1218
-1230
-1253
-1480
-1694
-1906
-2121
-2226
-2108
-1916
-1624
-1215
-766
-180
446
978
1361
1731
2131
2435
2667
2794
2805
2692
2366
2017
1324
436
-382
-1176
-1727
-1953
-2119
-2193
-2146
-1874
-1388
-943
-252
328
845
1199
1358
1452
1223
883
445
22
-395
-600
-566
-510
-273
-84
70
139
144
125
-21
-283
-510
-671
-833
-820
-868
-689
-350
12
414
976
1618
2076
2621
2911
3154
3271
2963
2398
1726
1043
366
-335
-1074
-1651
-2172
-2426
-2588
-2710
-2746
-2585
-2327
-2048
-1715
-1337
-987
-648
-299
-142
76
355
561
668
1052
1279
1551
1757
1818
1688
1421
1235
803
224
-299
-652
-1084
-1255
-1494
-1562
-1606
-1648
-1484
-1354
-905
-548
-36
569
1086
1494
1723
1581
1348
1073
721
503
181
-94
-258
-406
-594
-536
-453
-375
-152
-11
-10
152
173
185
168
199
141
95
186
217
269
263
379
453
701
946
1152
1327
1294
1158
984
656
130
-324
-833
-1173
-1361
-1591
-1604
-1578
-1441
-1227
-1050
-752
-301
108
476
786
904
977
966
833
828
763
749
643
630
539
213
-93
-430
-633
-843
-844
-848
-728
-649
-509
-361
-296
-278
-167
-10
154
351
643
815
960
938
869
724
384
224
-1
-184
-338
-383
-282
-142
-121
92
188
349
535
732
878
1088
1244
1305
1410
1361
1247
978
705
470
97
-235
-516
-759
-963
-1075
-1082
-1115
-1176
-1173
-1024
-940
-822
-601
-461
-205
-42
170
190
239
287
216
208
300
482
683
1067
1422
1502
1372
1116
679
290
-212
-765
-1397
-1881
-2299
-2426
-2380
-2107
-1721
-1286
-659
-77
404
768
1066
1256
1354
1265
1226
1189
1025
778
678
446
265
195
-31
-377
-562
-777
-942
-1021
-954
-869
-687
-215
79
601
1089
1381
1619
1746
1861
2068
2221
2357
2410
2455
2305
2033
1730
1072
476
-218
-953
-1589
-2211
-2670
-3083
-3195
-3265
-3084
-2700
-2223
-1584
-909
-315
178
530
855
945
1031
1093
1126
1151
1115
1104
1022
984
758
451
243
-62
-438
-939
-1413
-1840
-2223
-2486
-2505
-2494
-2522
-2358
-2107
-1767
-1380
-775
-171
432
1012
1499
1982
2205
2225
2130
1764
1415
1014
549
52
-478
-989
-1443
-1720
-1877
-1926
-1684
-1318
-893
-316
235
872
1338
1597
1603
1682
1763
1850
2043
2208
2357
2526
2641
2694
2609
2335
1790
1148
498
-75
-523
-1023
-1408
-1747
-1934
-2053
-2111
-2094
-1999
-1829
-1411
-969
-583
11
543
944
1410
1602
1756
2040
2132
2114
1983
1673
1073
496
-60
-706
-1109
-1477
-1800
-1905
-1824
-1725
-1597
-1570
-1534
-1365
-1336
-1083
-917
-826
-609
-367
-68
179
478
866
1169
1396
1295
1235
947
627
315
-63
-351
-634
-857
-1067
-1056
-944
-653
-227
138
486
904
1143
1276
1276
1210
1213
1232
1311
1367
1290
1228
1085
770
444
110
-209
-458
-690
-772
-816
-919
-1235
-1444
-1535
-1635
-1665
-1568
-1433
-1077
-651
-171
313
629
1070
1175
1406
1435
1318
1160
1008
882
611
317
13
-153
-409
-593
-756
-899
-974
-955
-868
-831
-748
-725
-556
-487
-469
-568
-674
-752
-808
-791
-655
-438
-233
-10
22
97
122
66
-38
-279
-258
-250
-155
-14
-43
53
134
382
690
970
1347
1597
1777
1887
1853
1785
1599
1268
995
695
571
293
33
-330
-701
-869
-1096
-1215
-1115
-893
-624
-201
107
272
352
339
355
198
84
155
247
125
73
84
137
170
8
36
-97
-101
-265
-461
-624
-700
-711
-676
-670
-693
-744
-854
-812
-829
-736
-509
-190
66
344
363
401
298
189
106
-4
-73
-345
-422
-578
-746
-809
-883
-830
-732
-529
-190
201
417
587
720
860
923
948
961
902
981
1006
1161
1404
1529
1679
1631
1624
1537
1266
1007
620
264
-167
-528
-860
-1085
-1237
-1144
-997
-689
-325
-42
336
593
957
1123
1232
1122
771
374
26
-235
-417
-467
-549
-591
-632
-539
-556
-573
-618
-740
-731
-906
-970
-1092
-1285
-1278
-1194
-1158
-1029
-835
-630
-285
-46
222
381
614
733
529
289
-69
-284
-513
-534
-574
-578
-497
-544
-533
-561
-652
-643
-563
-301
55
423
767
1177
1447
1723
1879
1942
1936
1906
1758
1643
1488
1155
955
646
404
240
128
74
85
197
192
249
201
217
100
-103
-192
-237
-130
118
444
789
1286
1630
1940
2008
1890
1618
1085
439
-66
-480
-749
-848
-928
-1127
-1273
-1364
-1451
-1404
-1453
-1439
-1413
-1331
-1158
-1039
-1027
-876
-855
-816
-779
-625
-483
-354
-41
-43
-60
-186
-311
-460
-673
-1018
-1248
-1366
-1460
-1262
-1028
-783
-482
-141
228
648
947
1208
1476
1601
1618
1632
1613
1466
1371
1355
1227
1250
1170
944
778
499
245
-64
-312
-487
-685
-643
-542
-465
-378
-312
-194
-2
233
492
739
981
1033
1150
1287
1291
1314
1176
871
618
366
135
-353
-875
-1206
-1394
-1447
-1496
-1259
-1188
-1051
-978
-934
-712
-566
-469
-458
-448
-489
-671
-823
-955
-1032
-1063
-1073
-1094
-1069
-1142
-1211
-1318
-1490
-1556
-1605
-1487
-1399
-1311
-1219
-1195
-1198
-1080
-877
-668
-471
-236
19
340
719
1135
1381
1644
1806
1830
1624
1186
698
287
-142
-548
-821
-947
-840
-718
-463
-171
122
517
879
1237
1495
1776
1950
1959
1757
1560
1318
1060
861
855
845
805
935
776
796
576
255
-77
-310
-435
-643
-702
-865
-968
-1104
-1248
-1292
-1329
-1279
-1150
-899
-728
-341
27
229
456
557
561
512
341
228
-31
-377
-660
-1077
-1287
-1581
-1711
-1770
-1774
-1548
-1300
-880
-372
-61
129
366
437
443
343
125
1
-81
-26
85
206
505
743
1047
1186
1185
1079
827
619
227
-55
-355
-587
-705
-744
-623
-417
-178
248
671
1023
1420
1752
1918
2027
1971
1784
1449
1258
991
852
688
429
295
60
-64
-169
-248
-205
-93
-100
-61
-67
-268
-497
-859
-1235
-1380
-1408
-1407
-1290
-1060
-831
-767
-642
-711
-677
-488
-421
-474
-514
-505
-646
-794
-884
-955
-940
-1032
-989
-984
-955
-785
-600
-412
-254
52
221
414
429
374
244
87
-209
-420
-597
-883
-1100
-1166
-1122
-1096
-872
-664
-399
-8
415
666
891
1021
927
958
810
620
626
512
602
711
770
1005
1161
1296
1386
1460
1326
1134
978
715
383
109
-267
-482
-646
-748
-615
-327
81
458
772
976
1144
1137
1054
886
552
185
-298
-731
-899
-983
-1133
-1084
-1101
-878
-722
-550
-332
-243
-186
-189
-203
-275
-292
-201
4
36
215
347
574
781
980
1127
1182
1073
945
775
331
-21
-439
-828
-1089
-1225
-1406
-1562
-1453
-1432
-1338
-1117
-907
-517
-261
304
750
1188
1634
1777
1758
1584
1458
1219
903
630
396
275
70
-68
-159
-231
-300
-316
-181
35
223
337
327
337
175
-100
-197
-337
-276
-82
93
298
412
507
664
739
680
465
249
-62
-464
-915
-1355
-1734
-2007
-2194
-2310
-2256
-2118
-1946
-1745
-1439
-1040
-623
-312
60
308
311
358
326
277
301
287
215
151
106
40
-89
-326
-656
-781
-885
-816
-853
-849
-951
-946
-978
-1067
-1057
-923
-667
-400
183
656
1165
1639
2046
2271
2437
2509
2234
1825
1438
1156
724
281
-14
-186
-393
-420
-478
-517
-415
-168
35
315
566
625
712
666
749
639
510
410
265
179
142
162
105
118
266
386
364
263
155
-168
-464
-627
-1055
-1400
-1666
-1797
-1874
-1897
-1686
-1472
-995
-515
-58
424
838
1054
1149
1304
1056
863
632
361
61
-210
-460
-883
-1113
-1339
-1443
-1377
-1397
-1259
-1103
-930
-724
-577
-455
-301
-212
-67
109
364
625
803
879
766
829
799
770
735
576
504
323
149
26
-190
-324
-525
-702
-698
-665
-541
-397
-213
3
265
687
1084
1363
1525
1609
1550
1386
1157
876
695
596
215
89
-46
-360
-512
-735
-894
-926
-1017
-1024
-1004
-1100
-1117
-1219
-1268
-1157
-981
-817
-488
-279
-23
232
480
702
784
779
662
588
430
254
-67
-411
-907
-1253
-1377
-1535
-1662
-1707
-1670
-1488
-1236
-883
-443
-175
126
269
349
336
398
385
401
397
349
333
318
380
251
189
122
-44
-133
-202
-206
-156
-227
-239
-150
69
195
196
251
297
428
500
529
714
723
629
552
274
207
77
-11
-11
-75
-43
-28
-172
-389
-511
-577
-584
-408
-191
-70
138
194
345
487
539
700
778
690
578
484
414
269
139
115
-192
-324
-333
-408
-402
-409
-489
-549
-616
-736
-742
-735
-694
-625
-462
-264
48
248
436
678
741
887
896
850
641
332
-78
-402
-562
-644
-728
-687
-514
-343
-90
98
323
421
500
484
522
525
496
277
118
224
209
291
482
577
688
779
753
620
281
38
-176
-389
-476
-735
-994
-1129
-1271
-1384
-1421
-1416
-1332
-1107
-848
-660
-440
-136
123
329
474
604
759
851
924
886
785
684
426
334
155
-62
-188
-424
-734
-782
-706
-647
-462
-296
-185
-66
12
82
208
311
419
584
757
804
816
936
906
904
807
654
537
439
191
-89
-344
-523
-662
-772
-763
-599
-540
-450
-185
-40
204
496
822
995
1091
1134
1091
1024
991
981
1005
899
709
451
159
-23
-276
-472
-514
-600
-727
-881
-929
-1134
-1379
-1344
-1294
-1069
-828
-674
-505
-346
-196
-110
-34
126
361
592
728
719
662
427
134
-52
-223
-420
-665
-837
-966
-919
-906
-968
-923
-755
-465
-129
171
535
638
761
748
606
492
285
237
27
-46
-128
-155
-306
-429
-457
-450
-534
-552
-467
-490
-476
-533
-467
-473
-277
19
298
575
764
870
953
1121
1224
1146
982
909
776
562
458
278
29
-117
-290
-434
-493
-454
-389
-359
-173
-44
63
106
78
115
11
-78
-81
-55
-50
-10
-96
-70
-65
1
44
-186
-217
-405
-632
-804
-852
-857
-764
-650
-520
-448
-312
-140
-133
-85
-143
-85
105
374
465
509
652
491
341
389
206
6
-35
-140
-236
-330
-349
-471
-612
-553
-471
-172
-25
192
396
437
574
635
584
579
473
493
527
474
369
215
163
-61
-188
-215
-251
-215
-235
-315
-476
-553
-552
-644
-566
-595
-506
-377
-195
32
159
438
641
796
913
899
740
696
594
278
155
-90
-155
-316
-448
-549
-663
-784
-820
-755
-746
-497
-421
-342
-332
-271
-221
-283
-314
-164
-106
50
240
248
321
405
408
256
231
108
43
-87
-271
-486
-821
-992
-1196
-1230
-1230
-1102
-801
-579
-232
-51
134
308
296
506
824
924
1011
1083
1015
945
849
764
724
574
486
280
25
-154
-221
-394
-448
-453
-600
-427
-370
-273
-41
101
311
443
618
731
804
786
847
910
1001
1023
1001
1017
723
501
309
-13
-277
-515
-722
-834
-911
-932
-867
-792
-570
-242
-16
410
678
880
941
1020
941
929
856
731
613
346
190
-8
-150
-294
-319
-443
-502
-483
-632
-775
-893
-1057
-1086
-890
-658
-476
-266
-4
222
460
566
588
709
792
883
930
941
928
823
541
250
-124
-330
-678
-930
-980
-1176
-1274
-1227
-1206
-971
-799
-633
-250
9
224
412
423
533
605
597
534
537
559
450
451
413
342
262
250
238
83
-42
-73
-171
-351
-427
-607
-671
-623
-571
-442
-314
-142
21
94
226
418
578
775
717
606
491
320
87
-159
-547
-875
-1051
-1154
-1076
-1057
-870
-691
-460
-302
-41
174
338
544
575
687
694
808
791
739
860
756
683
604
491
395
226
58
-168
-172
-294
-373
-471
-519
-542
-441
-346
-197
-82
-59
95
167
249
315
386
342
434
369
290
309
386
453
393
342
244
156
10
-139
-170
-214
-169
-148
-264
-301
-273
-330
-173
-53
31
99
106
143
197
297
387
399
370
368
428
433
342
240
74
-38
-122
-215
-289
-296
-377
-389
-420
-395
-287
-152
-122
-100
42
97
171
236
283
221
339
402
525
659
718
752
591
306
-28
-312
-356
-417
-348
-276
-144
-159
-217
-234
-305
-397
-404
-288
-179
-47
98
363
407
449
431
423
384
259
138
-66
-287
-428
-553
-617
-694
-735
-719
-654
-557
-464
-399
-285
-219
-38
163
268
343
441
328
192
35
-58
-110
-134
-70
-113
-9
-23
38
-44
-101
-287
-446
-492
-474
-438
-453
-325
-259
-103
-117
31
190
295
494
632
663
699
682
527
391
197
90
1
-160
-248
-305
-313
-417
-506
-634
-688
-653
-731
-656
-534
-384
-234
-1
175
436
571
680
919
1001
991
924
794
623
481
200
54
-47
-93
-304
-424
-527
-529
-459
-543
-492
-470
-420
-382
-482
-518
-417
-308
-118
22
224
330
428
383
247
307
181
90
-90
-145
-345
-571
-657
-775
-860
-844
-861
-809
-580
-421
-335
-196
-88
-30
104
146
220
226
265
318
247
203
57
-141
-130
-269
-345
-382
-450
-338
-311
-369
-420
-505
-590
-537
-583
-490
-422
-454
-409
-373
-253
-84
222
456
619
758
779
786
784
654
365
190
2
-77
-75
-50
-20
53
67
165
279
226
98
16
-31
-97
-4
-25
-64
-36
-22
23
114
196
68
122
227
246
241
224
295
303
309
241
152
183
248
175
253
314
266
299
409
452
435
364
366
398
422
459
539
632
544
385
181
-5
-101
-200
-190
-229
-245
-314
-209
-328
-489
-525
-575
-492
-387
-283
-110
-42
-9
113
126
232
255
369
433
455
414
334
348
307
277
293
240
123
136
159
178
157
222
290
320
324
234
126
18
-103
-195
-186
-162
128
249
575
719
617
657
470
490
345
273
247
150
68
11
54
-2
135
266
484
526
738
899
901
970
867
778
567
537
453
349
303
248
242
7
-122
-236
-212
-300
-342
-388
-463
-409
-365
-369
-385
-402
-306
-310
-269
-205
-176
-36
140
269
318
417
495
512
466
455
391
246
62
-46
-111
-172
-322
-295
-320
-332
-338
-384
-316
-254
-145
-91
44
188
242
340
228
114
-21
-137
-221
-346
-417
-470
-585
-665
-740
-777
-704
-706
-563
-432
-242
-107
207
502
507
516
477
576
556
632
657
685
691
690
706
704
811
850
864
834
699
460
235
141
-37
-163
-206
-361
-391
-292
-293
-190
-85
-41
52
279
355
358
363
243
180
125
2
73
114
68
91
93
83
-142
-273
-465
-610
-543
-542
-253
42
110
214
254
196
208
300
292
312
385
543
523
371
224
-69
-273
-499
-575
-502
-464
-505
-582
-509
-534
-473
-490
-452
-400
-333
-232
-78
8
123
135
149
217
125
88
-41
-12
-128
-78
28
121
151
187
173
81
55
-15
-87
-235
-253
-221
-120
-25
-1
67
82
42
-30
-36
-36
-103
-129
-22
-17
67
48
-28
-116
-132
-117
-175
-238
-195
-188
-314
-363
-455
-472
-556
-528
-297
-290
-204
-87
-75
-76
-78
-151
-220
-326
-306
-288
-177
-84
-61
-47
-75
-134
-322
-223
