215
208
202
276
402
433
457
415
255
122
68
-8
73
81
113
230
281
272
153
90
96
78
152
307
246
164
142
119
95
151
228
277
199
194
177
88
-23
-92
-123
-167
-80
1
-26
-63
-137
-28
66
95
175
291
337
296
235
150
62
-41
40
65
19
93
26
-162
-131
-96
-139
-65
-143
13
152
190
211
176
100
146
85
-42
39
24
73
-5
-42
-135
-226
-154
-100
-7
26
-18
-156
-107
-85
18
73
54
106
278
270
277
269
182
73
-41
19
33
113
61
61
-70
-133
-227
-132
-158
-113
44
9
183
112
101
56
6
106
172
220
272
265
249
224
152
188
154
77
33
73
42
-61
-21
-98
-76
-28
-44
78
192
199
185
127
49
-68
-93
-93
-180
-251
-112
-61
14
52
29
50
-120
-169
-267
-344
-247
-209
-242
-263
-322
-368
-361
-295
-157
-19
62
86
-17
-190
-228
-119
-77
-8
0
3
156
122
-83
-284
-414
-301
-310
-220
-181
-398
-452
-553
-532
-551
-432
-348
-290
-107
-56
-128
-226
-196
-230
-93
108
10
26
-52
-129
-83
-115
-108
-184
-190
-111
-114
-151
-282
-262
-100
15
212
329
342
319
268
162
202
215
214
170
223
374
430
303
246
145
57
-45
-21
12
-22
-27
-14
184
262
176
118
101
58
16
39
37
149
199
267
285
227
173
23
-50
-88
-31
77
93
153
111
62
57
-4
48
154
198
271
283
271
343
242
265
112
55
86
75
-8
-72
-54
-122
-240
-154
-238
-327
-342
-361
-233
-150
-208
-294
-344
-472
-546
-670
-709
-904
-1005
-1071
-1225
-1303
-1283
-1134
-1183
-1117
-1030
-984
-886
-844
-645
-449
-304
-223
-26
77
192
204
244
331
375
301
330
357
393
457
377
306
345
403
423
635
708
865
760
585
582
570
593
656
792
827
823
785
748
620
587
630
482
464
594
629
648
492
268
226
187
158
264
336
374
366
355
408
571
567
565
558
635
734
798
781
620
495
550
631
759
685
531
636
560
605
579
486
353
272
389
484
456
361
244
309
276
7
-187
-356
-369
-473
-495
-756
-1004
-1275
-1628
-1846
-1937
-2043
-2311
-2551
-2453
-2293
-2310
-2450
-2507
-2311
-2089
-1890
-1704
-1618
-1453
-1303
-927
-485
-303
-262
-210
44
223
304
169
201
217
249
416
304
262
20
-307
-385
-479
-540
-788
-931
-944
-951
-1029
-1080
-1108
-1000
-957
-859
-664
-635
-709
-649
-531
-460
-234
-256
-169
96
313
458
473
552
690
834
963
1081
1008
945
854
936
988
1026
1044
888
846
887
783
656
668
751
710
710
736
677
572
401
458
507
633
788
797
921
1101
1105
1144
1267
1264
1288
1414
1589
1757
1808
1787
1700
1511
1487
1421
1370
1202
1006
974
894
793
581
167
-246
-679
-951
-1155
-1455
-1963
-2456
-2835
-3065
-3324
-3529
-3705
-3896
-3913
-3735
-3518
-3415
-3293
-2939
-2527
-1897
-1345
-874
-531
-323
74
447
882
1168
1539
1711
2007
2192
2058
1923
1749
1727
1705
1736
1711
1337
870
363
54
-287
-648
-913
-1210
-1387
-1450
-1574
-1888
-2117
-2273
-2400
-2512
-2532
-2510
-2560
-2391
-2164
-1882
-1535
-1344
-1109
-770
-434
-82
301
708
941
1314
1571
1830
1979
2076
2198
2137
2156
2074
1918
1698
1548
1498
1345
1150
888
579
412
205
158
3
-154
-87
-189
-163
-126
-78
-63
16
113
128
519
894
1048
1094
1389
1654
1868
2114
2130
2316
2487
2755
2827
2904
2907
2605
2200
1898
1596
1309
1200
1112
739
376
-76
-680
-1245
-1786
-2078
-2487
-2886
-3228
-3513
-3782
-4025
-4243
-4353
-4146
-3873
-3711
-3664
-3432
-3062
-2591
-2105
-1478
-883
-333
146
560
1172
1551
1800
1926
2130
2414
2827
3102
3241
3144
2823
2684
2478
2399
2225
1880
1292
754
406
173
-63
-570
-1144
-1538
-1792
-2075
-2380
-2693
-2977
-3290
-3343
-3127
-2952
-2764
-2722
-2495
-1978
-1490
-1275
-1218
-1003
-544
-91
448
789
1140
1320
1495
1593
1821
1957
1858
1760
1794
1944
1866
1674
1461
1213
896
679
326
83
-101
-222
-319
-303
-441
-425
-366
-313
-22
107
242
295
441
697
984
1357
1705
1993
2253
2590
2895
3038
3024
2971
3038
3241
3306
3177
2848
2304
1830
1573
1452
1308
832
100
-640
-1216
-1526
-1970
-2589
-3086
-3601
-3934
-4052
-4329
-4755
-5347
-5583
-5305
-4848
-4485
-4469
-4404
-4113
-3509
-2752
-2019
-1364
-705
-79
648
1460
1965
2239
2572
3012
3567
4036
3990
3918
3883
3758
3512
3207
3128
2748
2255
1671
1164
581
-88
-542
-794
-1202
-1829
-2505
-3015
-3315
-3633
-3992
-4128
-4063
-3915
-3866
-3733
-3500
-3286
-3120
-2705
-2086
-1421
-925
-556
266
910
1341
1630
1885
2118
2290
2448
2687
2901
3003
2972
2700
2395
2184
1824
1567
1505
1401
1260
846
415
198
266
211
136
63
-12
-137
58
484
723
815
770
949
1331
1749
2072
2264
2479
2810
3086
3188
3294
3490
3716
3916
4115
3933
3666
3178
2667
2116
1798
1798
1462
943
169
-623
-1457
-2198
-2681
-3223
-3803
-4585
-5200
-5437
-5632
-6062
-6768
-6998
-6707
-5964
-5354
-4961
-4625
-4287
-3779
-3071
-2119
-1198
-373
361
1331
2375
3111
3301
3539
4065
4528
4864
4908
4827
4841
4559
4222
3952
3724
3151
2428
1639
741
-183
-1154
-1708
-1981
-2209
-3046
-4109
-4928
-5336
-5439
-5493
-5680
-5806
-5839
-5733
-5136
-4304
-3816
-3593
-3108
-2155
-1063
-215
332
952
1745
2431
2912
3147
3320
3458
3456
3650
3910
3846
3602
3044
2825
2777
2548
2035
1487
982
500
182
-112
-185
-447
-608
-661
-579
-631
-695
-758
-536
34
551
988
1133
1470
1915
2396
2850
3430
3781
4007
4233
4514
4881
5041
5010
4918
4968
4776
4243
3387
2453
1883
1669
1505
775
-457
-1901
-3127
-3887
-4364
-4814
-5600
-6728
-7505
-7642
-7504
-7849
-8614
-9012
-8812
-7805
-6771
-6078
-5482
-4934
-4224
-3025
-1523
-192
933
1935
3301
4583
5444
5679
5821
6181
6831
7578
7828
7674
6937
6118
5326
4876
4379
3617
2587
1371
174
-1097
-2461
-3713
-4612
-5136
-5682
-6278
-6937
-7774
-8233
-8369
-8114
-7760
-7357
-6885
-6310
-5546
-4626
-3584
-2656
-1611
-390
806
1883
2865
3642
4234
4825
5329
5539
5702
5605
5274
4921
4530
3888
3108
2242
1362
671
118
-412
-1192
-2028
-2634
-2958
-3172
-3025
-2936
-3004
-2860
-2433
-1814
-1038
-343
187
842
1580
2393
3230
3980
4547
5168
5856
6596
6953
7002
6838
6848
7276
7482
7450
6831
5975
5192
4437
3185
1611
204
-616
-666
-884
-1906
-3924
-6010
-7638
-8445
-8557
-8671
-9460
-10316
-10437
-10007
-9625
-9953
-10499
-10154
-8534
-6246
-4157
-2748
-1939
-1386
-358
1427
3787
5822
6988
7882
8865
9704
9857
9538
9275
9242
9446
9528
9132
7991
6146
4221
2725
2028
1309
-155
-2394
-4822
-6751
-8087
-8710
-9070
-9397
-9927
-10531
-10726
-10510
-10171
-9768
-9035
-7919
-6236
-4324
-2934
-1948
-1236
-440
997
2747
4691
6097
6868
7275
7473
7360
7017
6422
5955
5700
5435
4696
3384
1585
-246
-1664
-2549
-3000
-3348
-4067
-4998
-5816
-6186
-6171
-5865
-5086
-4155
-3063
-2197
-1365
-629
264
1711
3443
5040
6321
7187
7619
8068
8804
9497
9958
10203
10345
10376
10185
9585
8584
7388
6537
6098
5704
4824
3466
1215
-1532
-4181
-5684
-5888
-5890
-6278
-7458
-8901
-10503
-12035
-12678
-12727
-12493
-12299
-11364
-9530
-7971
-7748
-8652
-8605
-6684
-3431
-4
2803
4670
5481
5640
6193
7589
9322
10512
11253
12263
13044
12630
10854
8435
6661
5852
5308
4953
4056
2015
-923
-3811
-5722
-6579
-7419
-8768
-10076
-10916
-11436
-11502
-11494
-11403
-11253
-10688
-9128
-7024
-4872
-3609
-3024
-2269
-691
1430
3413
4847
5645
6086
6604
7023
7325
7181
6532
5912
5454
5152
4292
2598
507
-1227
-1924
-2238
-2689
-3612
-4917
-6085
-6703
-6756
-6426
-6060
-5794
-5313
-4127
-2597
-1410
-554
139
1104
2512
4149
5907
7343
8393
9144
9577
10064
10109
10130
9920
9703
9694
9607
8874
7728
6352
5131
4273
3544
2861
2106
1479
932
-189
-2314
-4893
-7220
-7818
-7178
-6244
-6383
-7647
-9187
-10689
-11327
-11134
-10865
-10903
-10592
-8905
-5972
-3844
-4007
-5417
-5644
-3718
-212
3626
7041
9059
9249
8602
8265
8650
9079
9177
9727
10790
11669
10724
7837
4510
1614
-30
-415
-35
-144
-1556
-3984
-5965
-7063
-7781
-8793
-10044
-10675
-10085
-8678
-7314
-6412
-6151
-6444
-6181
-4666
-2185
229
1692
2323
2893
3947
4914
5436
5153
4911
4926
5218
5483
5162
3883
2177
879
305
46
-762
-2011
-3401
-4272
-4420
-4363
-4229
-4386
-4585
-4661
-4423
-3676
-2929
-2405
-1901
-919
588
2084
3030
3319
3721
4401
5510
6821
7999
8513
8323
8098
8069
8418
8523
8256
7491
6802
6360
5990
5623
5006
4086
2941
2008
1604
1607
1646
1300
142
-2051
-4687
-6195
-6421
-5917
-5881
-6436
-7238
-8450
-9596
-10489
-10946
-11452
-11820
-10815
-8142
-5032
-3492
-3897
-4539
-3965
-2117
308
3400
6844
9442
10837
10921
10627
9967
8580
7591
7804
8934
9243
7844
5616
3052
441
-2141
-4377
-5662
-6159
-6441
-6489
-6183
-6328
-7638
-9652
-11048
-10666
-8974
-6871
-4939
-3467
-2140
-1305
-670
169
1018
1511
2095
3496
5513
6961
6891
5647
4038
3064
2506
2256
1962
1376
367
-659
-1584
-2399
-3369
-4663
-5473
-5340
-4623
-3877
-3251
-2578
-1609
-729
-203
191
497
701
1130
2042
3484
4758
5140
4718
4202
4068
4149
4259
4621
5237
5928
6389
6203
5524
4850
4286
4075
4562
5490
6098
5804
4985
4327
4134
3986
3666
3316
2840
1606
-773
-3052
-4133
-4187
-4731
-6104
-7353
-8448
-9586
-10510
-11165
-11656
-12668
-13513
-12505
-9515
-6328
-5196
-5505
-5430
-4046
-1775
1010
4430
7784
10091
11006
11160
11364
11020
10072
9115
8430
7608
6013
3858
1882
485
-1090
-3185
-5452
-7100
-7861
-8085
-8003
-7930
-8019
-8180
-7937
-6768
-5075
-3842
-3359
-3008
-2010
-229
1714
3160
3637
3256
2870
2912
3170
3408
2698
1608
784
548
508
146
-726
-1753
-2479
-2930
-3168
-3134
-3029
-2991
-2614
-1976
-896
40
676
996
1393
1992
2654
3421
3898
4213
4170
3465
2399
1317
766
785
874
1063
1075
850
900
968
1157
1232
1232
1467
2288
3773
5129
6135
6607
6589
6616
6974
7533
8083
8241
8223
7371
4894
1286
-1804
-3212
-3415
-3907
-5184
-6719
-8614
-10211
-11592
-12724
-13981
-15718
-16011
-13492
-8953
-5273
-3934
-4120
-3713
-2424
-535
2009
5052
7991
9783
10670
11457
12178
11644
9597
6851
4415
2810
1601
973
403
-865
-2995
-5326
-6747
-7133
-7002
-7181
-7186
-6587
-5516
-3870
-2247
-932
-242
-58
217
1207
2438
3289
3320
2845
2663
2699
2591
2122
840
-1069
-2816
-3921
-4009
-3395
-2729
-2439
-2657
-3094
-3306
-3076
-2408
-1490
-794
-135
818
2198
3769
4931
5542
5604
5584
5796
5876
5479
4853
3935
2759
1548
600
-216
-994
-1852
-2673
-3013
-3116
-2979
-2319
-1215
97
1020
1536
1830
2345
3281
4362
5711
6869
7884
8709
9628
10386
10627
9312
5750
1088
-2610
-3770
-3156
-2699
-3383
-5121
-7496
-9404
-10466
-10644
-11318
-13454
-14941
-13220
-8160
-2762
-146
-251
-985
-768
861
3740
7111
9060
8817
7522
7253
8721
9494
7744
4000
81
-2704
-4087
-4301
-4144
-4730
-6591
-8150
-7895
-5749
-3571
-2938
-3490
-3772
-2951
-794
1813
4246
5405
5114
4404
4552
5690
6145
5232
3149
1095
40
-263
-167
-527
-2120
-4575
-6646
-7001
-6172
-4900
-4271
-4228
-3865
-2840
-1091
707
1643
1709
1167
1170
2315
4040
5298
5541
5312
5367
5940
6379
6179
5115
3622
1993
786
626
764
349
-897
-2042
-2024
-1054
207
890
1079
870
1087
1958
3382
4812
5155
4730
4160
4352
4793
5134
4911
4545
4635
3851
1316
-2704
-6251
-7933
-7909
-7793
-7898
-8064
-8019
-7573
-6736
-6315
-7427
-9772
-10957
-8380
-3169
1722
3681
3787
3931
4839
6236
7691
8452
7424
5608
4211
4620
5874
5494
2758
-1016
-4354
-6557
-7501
-7916
-8372
-9633
-10629
-9945
-7218
-4169
-2468
-2599
-3028
-2317
-476
2249
4622
5678
5534
5132
5594
6747
7299
6265
4088
1873
751
592
489
-230
-2096
-4396
-5866
-5589
-4216
-3119
-3055
-3329
-3215
-2347
-840
444
1055
1225
1150
1337
2069
2796
2797
1876
739
498
1475
2873
3733
3618
3025
2405
1968
1589
915
20
-668
-468
993
3382
5507
6309
6082
5514
5398
5925
6360
6385
6224
6069
5820
5419
4452
2732
820
-341
-642
-2291
-5822
-10352
-13262
-13600
-12664
-11693
-10909
-10310
-9841
-8884
-7536
-6509
-7328
-8668
-7588
-2751
3140
6314
6687
6667
7756
9595
11016
11612
10956
8762
6319
4963
5398
5424
2936
-889
-4338
-6209
-7190
-8144
-9409
-11130
-12551
-12631
-10502
-7109
-4151
-2921
-2912
-2307
-758
1208
2741
3368
3331
3435
4325
5821
7070
6652
4976
3055
2078
2223
2136
987
-1006
-2925
-3618
-2752
-1346
-238
77
-111
-144
400
1272
1684
1333
547
405
1031
1812
2130
1437
-53
-1597
-2577
-2734
-2353
-1942
-1706
-1570
-1022
-352
318
430
217
134
296
1254
2693
4338
5923
7324
8634
9926
10845
11119
10901
10565
10195
9457
8133
6478
4897
3485
2392
407
-3357
-8616
-13284
-15448
-15864
-16291
-17520
-17996
-16862
-13974
-10906
-9072
-9266
-11155
-12012
-9279
-3292
2268
4606
4462
5236
8794
13149
15966
16184
13627
10531
8601
8495
9329
8244
4654
229
-2869
-3710
-3768
-4950
-7732
-11044
-12942
-11770
-8723
-6010
-5022
-5551
-6046
-5272
-3208
-1070
2
-685
-1638
-1139
1604
4700
6117
5168
3154
2000
2143
2677
2441
966
-1379
-2884
-2488
-137
2413
3653
3774
3727
4416
5417
5978
5347
4040
2817
2616
3217
3707
3262
1355
-1111
-3125
-3755
-3683
-3629
-4078
-4443
-4223
-3521
-2813
-2767
-3091
-3331
-2705
-1322
434
2329
3808
4914
6660
9039
11519
13310
13898
13865
13936
14415
14484
13489
11540
9407
6542
2239
-2935
-7837
-10999
-13062
-14779
-16373
-17200
-17123
-16991
-16563
-15935
-15773
-16599
-16492
-13498
-8059
-3245
-1430
-1110
483
4274
8047
10405
11228
10947
10325
9773
9733
9973
8817
5758
2638
1110
948
583
-1571
-4704
-7366
-8531
-7831
-5900
-4089
-2952
-2241
-1432
-224
564
112
-1645
-3868
-5009
-4494
-2847
-1004
169
510
548
694
632
-153
-1529
-3356
-5097
-5731
-5079
-3299
-1617
-24
2038
4891
8079
10121
10664
10112
9339
8829
8523
8015
7364
6728
6167
5609
4667
2959
497
-2195
-4481
-5857
-6550
-7009
-7323
-7394
-6773
-5170
-3683
-2590
-2064
-1713
-1100
4
1796
4169
6859
9084
10885
12296
13840
14806
14859
13801
12187
9787
5597
627
-3769
-5751
-6515
-7820
-10223
-11910
-12239
-11387
-10739
-11364
-12979
-15233
-15796
-13023
-7788
-3553
-2430
-2902
-1848
1908
5679
6880
5679
3355
1739
1838
3192
4157
2899
-389
-3077
-3115
-918
803
75
-2484
-4640
-4842
-3068
-770
319
-74
-408
1123
4316
7432
8125
6041
2332
-658
-1593
-1154
-1048
-2220
-3779
-3938
-2104
-135
126
-2076
-5417
-8408
-9907
-9759
-8588
-7118
-5729
-3662
-224
4001
7375
8739
8787
8996
9652
10308
10169
9454
8784
8531
8284
7912
7223
6134
4601
2447
235
-1633
-3378
-5302
-7058
-7583
-6585
-4838
-3049
-1864
-632
792
2128
3315
4033
4370
4701
5551
7272
9357
11142
12003
11412
8621
3286
-3106
-8043
-10380
-11524
-12978
-14199
-13463
-10735
-7372
-5404
-5257
-6903
-9606
-10062
-6754
-1837
1096
951
1075
4491
10387
14208
13785
10323
5947
2397
-222
-1798
-3207
-6075
-9584
-11109
-9408
-6079
-4547
-6180
-9267
-10457
-9144
-6453
-3611
-1453
426
2726
5996
9632
12380
12491
10233
7174
5095
4520
3985
2276
-86
-1317
-724
922
1615
434
-2188
-4986
-7245
-8409
-8536
-8245
-7897
-7339
-5367
-2218
1112
3031
3504
3566
4418
6098
7110
7491
7491
7656
8027
8703
9134
8733
7475
5731
4273
2939
1403
-683
-3095
-4601
-4778
-4156
-3425
-2713
-1743
-412
942
2107
3256
4400
5858
7261
8839
10720
12442
12929
11920
9050
4144
-1713
-6832
-10249
-13004
-16299
-19553
-20958
-19654
-16261
-13190
-11913
-12277
-13162
-11945
-7321
-1478
1941
2431
2902
6403
12564
17345
18586
16676
13638
11396
9884
8188
4820
-953
-7798
-12400
-13118
-11541
-10818
-12001
-13376
-12909
-10451
-7594
-5809
-5708
-6235
-5558
-2516
2368
6779
9160
9424
9238
9722
10453
10153
8032
4670
1608
519
905
1752
1666
399
-1295
-2765
-3321
-3559
-4710
-6887
-8435
-7730
-4774
-676
2725
4929
6456
7486
7834
7362
6205
4429
2784
2331
3312
5011
6385
6818
6900
6864
6336
4657
1326
-2714
-5883
-7439
-7430
-6670
-5593
-4022
-1688
1046
3428
4882
5295
5350
5686
6912
8956
11019
12694
13574
12478
8997
3982
-900
-4765
-8487
-13025
-17304
-19604
-19486
-17577
-15685
-14839
-15361
-16580
-15761
-11766
-6771
-4178
-4156
-3687
362
7059
13149
16950
18010
17439
16085
14619
12763
9405
3567
-3067
-7602
-8831
-8531
-9102
-10633
-11961
-11792
-10141
-7598
-5585
-5219
-5936
-5974
-3658
191
3650
5787
6442
6859
7664
8691
9050
7926
5465
2862
1841
2288
2954
2409
416
-1307
-2468
-3220
-3852
-4944
-5944
-6429
-5555
-3149
270
3320
5073
6217
7549
8806
9105
8211
6383
4596
3797
3882
4314
4859
5175
5261
5148
4542
3242
1074
-1785
-4218
-5566
-5681
-5609
-5647
-5471
-4369
-2527
-894
525
1635
3203
5267
7829
10338
12281
13407
12997
10727
6743
2420
-967
-3872
-7754
-12187
-15914
-17716
-17244
-15872
-14612
-13870
-14225
-14143
-11525
-6892
-3400
-3464
-4982
-4268
56
5316
8969
10794
11843
13170
14679
15422
14484
10494
4042
-2154
-5692
-6718
-7737
-10023
-12111
-11845
-9178
-5819
-3453
-2898
-3649
-4655
-4611
-2738
-156
1592
2317
3034
4753
7432
9369
9488
7380
4576
2538
1865
2141
1904
870
-283
-396
133
538
-347
-2556
-4423
-5149
-4376
-2532
-707
695
2565
5276
8172
10404
11268
10532
8949
7715
6943
6314
5161
4015
3315
3195
3529
3334
2227
266
-2199
-4393
-5919
-6674
-7269
-7720
-7245
-5119
-2134
169
1502
2165
3131
4784
6880
8770
9912
9945
7929
4801
1904
161
-1319
-4064
-8123
-12311
-14949
-15971
-16500
-17303
-18138
-18770
-17049
-12083
-5229
304
1425
82
-141
2339
5412
6762
6225
5694
6652
8787
10984
11605
9161
3647
-2256
-5640
-6342
-6978
-9663
-12842
-13619
-10859
-6272
-2099
107
780
975
1668
3812
5939
6258
4126
1739
1532
3449
5458
5847
4686
3258
2846
3179
2840
1289
-1677
-4747
-5948
-4939
-2948
-1676
-1695
-2129
-1673
-299
1065
1215
420
165
1650
4809
7926
9852
10384
10542
11069
11409
10800
8910
6426
4601
3999
3999
3621
2364
424
-1253
-2214
-2942
-3995
-5861
-7782
-8439
-7716
-6195
-4485
-2711
-895
1293
4004
6421
8379
9387
9490
8462
5859
2285
-1074
-3369
-5219
-7823
-11502
-15145
-17442
-18144
-17587
-17029
-16920
-17305
-16209
-11722
-5423
-368
1004
1148
3155
7197
11030
12688
12223
10938
9800
9226
8880
7365
3476
-2363
-7384
-9701
-9827
-10343
-12489
-14600
-14694
-12256
-8302
-4291
-1193
720
2305
4603
7974
10951
11487
9707
7302
6074
6352
6818
5932
4202
2609
1893
2181
2350
1477
-901
-3590
-5208
-5251
-4438
-4264
-4818
-5162
-3914
-1376
853
1934
2175
2541
3807
5707
7590
8674
8803
8619
9175
10567
11522
11141
9436
8080
7522
7107
5924
3623
1207
-455
-1391
-2245
-3006
-3928
-4627
-4854
-4614
-3896
-3416
-3504
-3186
-1952
363
3649
7034
9806
10217
7804
3886
458
-1514
-3576
-6983
-11150
-14369
-16058
-16198
-15810
-16144
-17634
-19806
-19513
-14970
-8236
-3874
-3026
-2579
1126
7198
12022
13885
13765
13320
13259
13568
13554
12303
7841
980
-4945
-7368
-7677
-9420
-13149
-16491
-16694
-14245
-11238
-8795
-7242
-5897
-4174
-873
4106
8727
10698
10175
9711
10832
12632
12801
10525
7175
4789
3908
3798
3401
2072
119
-1806
-2735
-2401
-1875
-2547
-4509
-6016
-5653
-3552
-1232
27
658
2141
4646
7033
7976
7339
6016
5277
5448
6439
7567
8114
8439
8910
10255
11136
10094
6742
2587
-233
-1075
-897
-1313
-2535
-3579
-3300
-2073
-1077
-1254
-2324
-3550
-3339
-1300
1824
4639
4956
2787
106
-687
409
675
-2055
-6800
-10660
-12348
-12672
-13516
-15645
-18676
-21180
-20686
-15987
-9265
-5184
-5348
-6261
-3512
2383
7616
9127
7818
7236
8920
11938
14355
14732
12208
7202
2370
-494
-1708
-4040
-8868
-13992
-15987
-13959
-10467
-7994
-7571
-7613
-6706
-4215
-774
2272
3643
3656
3472
4755
7580
10063
10444
8821
7287
7178
7761
7154
4581
887
-2287
-3896
-3736
-2431
-1090
-604
-800
-466
856
1873
1576
71
-828
92
2414
4661
5633
5653
5511
5724
5902
5917
5805
5653
5641
6138
7097
7522
6710
4697
2805
2470
2789
2204
583
-986
-1334
-592
-70
25
-290
-234
-89
238
1040
1412
-119
-3818
-7206
-7676
-5304
-2944
-2639
-4322
-5705
-6454
-6994
-8788
-12498
-17326
-21051
-20304
-14967
-8131
-4229
-3639
-3063
-173
4114
6629
6094
3577
1505
1598
3717
6568
7749
6188
3540
1696
1333
584
-2683
-7498
-11621
-13075
-11478
-8227
-5012
-2744
-1153
683
3347
5535
5710
3925
1579
200
576
1880
2901
3551
3908
4550
5579
6442
6011
3802
335
-2871
-4497
-4445
-3498
-2225
-492
1643
4211
6097
6769
6099
4792
3801
3311
3233
2844
2537
2512
3113
4327
5394
5893
5564
4961
4725
4813
4795
4591
3891
3446
3395
3856
4717
5060
4413
3342
2822
3263
3556
2685
830
-747
-1119
-410
695
342
-2668
-7205
-10658
-10785
-8997
-8426
-9925
-11423
-10624
-7566
-4382
-3895
-6668
-11794
-15126
-13370
-7652
-2844
-2822
-4694
-3583
2223
8425
10578
8292
4361
1916
1667
2683
3411
1876
-2016
-4950
-4482
-1775
-895
-4297
-9529
-12810
-12249
-9287
-6669
-5711
-5402
-4209
-794
4372
8329
8829
6105
3357
3173
5102
6483
5754
3594
2587
3811
5943
6634
4770
1056
-2681
-4842
-5691
-5989
-6320
-6608
-5229
-1600
3136
7190
8706
8192
7662
7853
8247
7638
5761
3725
2720
3304
4393
4908
4353
3107
2271
2248
2767
2749
1927
846
802
2308
4184
5369
5355
4951
5409
6541
7308
6955
5179
2902
1150
682
898
689
-1201
-5181
-9483
-12303
-12817
-12712
-13861
-15970
-16791
-14701
-10534
-6628
-5361
-6838
-9481
-10363
-7877
-3522
-874
-1879
-3643
-2166
3226
8754
10785
9031
6190
5052
5396
5825
4793
1743
-2471
-5306
-4990
-3053
-2869
-6070
-10494
-12607
-11180
-8229
-6024
-5656
-5226
-3469
-452
2994
5283
5674
4742
3871
4540
6432
7383
6602
4764
3851
4685
5935
5963
4172
1529
-739
-2263
-3386
-4404
-5547
-6196
-5373
-2649
1281
4271
5356
5526
6503
8625
10234
9946
8154
6616
6102
6321
6204
4995
3219
1873
1807
2577
3277
3093
1874
790
800
1981
3096
2979
1989
1505
2766
5233
7036
6810
5247
3947
4065
5034
5785
4684
377
-5657
-10773
-12870
-13099
-14335
-17405
-20201
-19842
-16353
-12220
-10190
-10694
-13007
-13970
-10591
-4299
984
1554
-917
-1477
2727
8430
11399
10297
7248
5620
6185
7702
7895
5197
8
-4417
-5733
-4344
-3675
-6500
-10931
-13466
-12381
-8780
-5447
-4175
-4093
-3096
-197
3991
7161
7309
4949
2667
2908
4933
6446
6064
4467
3865
5582
8284
9224
7542
3951
738
-1283
-2502
-3525
-5131
-6719
-7082
-5393
-2077
1149
2431
2104
2194
4106
7033
8537
7739
6176
5773
7060
8614
9110
8066
6369
5314
5208
5417
4581
2288
-720
-2443
-1625
776
2730
2972
2194
2462
4299
5988
6356
5024
3218
2709
3841
5922
7107
5540
1038
-3817
-6718
-7442
-8915
-13104
-18312
-21832
-21683
-19179
-17157
-16877
-18121
-18890
-16197
-9306
-1468
2343
1042
-798
1781
7856
12454
12441
9489
7451
7604
8885
9283
7507
3437
-1668
-4850
-5023
-4325
-6192
-10902
-14902
-15138
-11745
-8357
-6976
-6865
-5771
-2346
2434
6811
8965
8739
7199
6534
7479
8690
8094
5096
2218
2199
4630
6526
5907
3492
1359
842
827
-257
-2544
-4776
-5718
-4711
-2313
161
1479
1353
1229
2558
4806
6119
5254
3576
3215
4756
6817
7801
7367
6753
6630
6966
7263
6406
4059
887
-1447
-1776
-501
627
499
191
1118
3078
4735
4855
3800
2798
2840
3909
5185
5446
3353
-864
-4737
-6066
-5184
-5768
-9559
-14270
-16370
-15528
-14039
-14423
-16838
-19917
-21310
-18802
-12292
-5235
-2382
-3162
-3007
1607
8548
12591
11904
9184
7713
8517
9848
9689
7004
1816
-3265
-5484
-4550
-4032
-6936
-11975
-15176
-14177
-10651
-7606
-6550
-6465
-5220
-2058
2652
7123
9016
8160
6624
6575
8302
9537
8511
6012
4379
5042
6932
7895
6803
4138
1568
24
-621
-1370
-2585
-3932
-4107
-1951
1515
4387
5223
4394
3882
4405
5468
5487
3733
2053
1905
3618
5901
7012
6621
5735
5703
6688
7556
6982
4537
1491
-417
-426
694
1510
1525
1359
2149
4117
5858
6212
4893
3056
1937
2449
3028
1417
-3037
-8082
-9764
-8306
-6701
-8076
-11695
-14246
-14176
-12646
-12232
-14004
-17428
-20078
-18772
-12919
-5687
-1652
-1596
-1440
2283
8348
12260
11762
8831
6705
7022
8283
8891
7403
3647
-726
-3541
-3938
-4030
-6603
-11737
-16050
-16565
-13782
-10392
-8802
-8561
-7289
-3723
1546
6330
8569
8287
7114
7109
8679
10175
9649
7266
4961
4883
7200
9234
8500
5173
1712
103
-172
-689
-2512
-4587
-5119
-3435
-81
3230
5141
5515
5424
6414
8182
8873
7554
4850
2927
3110
4583
5534
5049
4578
5085
6886
8484
8402
6412
3301
697
-474
-189
650
1199
1476
2933
5660
8192
8675
7221
5436
4669
4017
1146
-4258
-10062
-13195
-13044
-11881
-11449
-12187
-13085
-12743
-11364
-10198
-11534
-16012
-20989
-21913
-17056
-9954
-5576
-4396
-2140
3875
11202
15535
15013
11483
7937
5944
5477
5352
4022
792
-2359
-2771
-506
1112
-1080
-6340
-11407
-13718
-13638
-12946
-12723
-12752
-11772
-8422
-2461
4113
8484
9453
8587
8236
9162
9774
8980
6629
4203
3423
4631
6760
7658
6142
3159
902
238
40
-1343
-3489
-4702
-3710
-969
2213
4708
5970
6944
7954
9133
9742
8539
6054
3668
2746
3148
3467
3229
2985
3354
4656
6133
6801
6109
4455
2839
2127
2302
2598
2836
3278
4975
7516
9857
10907
10921
10690
9531
6122
-354
-8157
-14015
-16330
-17130
-18187
-19600
-19558
-17165
-13712
-11236
-11342
-13684
-17022
-17982
-15045
-9939
-6485
-6017
-5184
-713
6413
11961
13429
11709
9553
7900
6396
4830
2636
-1113
-5460
-7676
-6315
-3325
-2775
-5743
-9356
-10329
-8804
-7443
-7667
-8233
-7859
-5810
-2177
1919
5182
6357
6077
6182
7623
8877
8231
5576
3200
3123
4909
6328
6098
4698
3304
2539
1876
555
-1484
-3612
-4836
-4091
-1143
2625
5363
6515
7692
9933
12432
13480
12144
9455
6827
5359
4612
3741
2230
318
-842
-733
606
1799
1488
314
-694
-385
722
1637
2444
3598
6099
9553
13137
15857
17449
17916
17572
15396
10064
1950
-6531
-12708
-16151
-19245
-23016
-26031
-26459
-23929
-20479
-18299
-18350
-19956
-20476
-17409
-10901
-4971
-2882
-2806
-165
6631
13602
16599
14968
11800
9481
7635
5544
2774
-1342
-6875
-11358
-11796
-9165
-7285
-9123
-12700
-13657
-11451
-8318
-7144
-7597
-7457
-5491
-1896
2489
6511
8932
9322
8880
9317
10455
10513
7974
4265
1660
1630
2931
3662
3580
3147
2590
2133
1450
195
-1612
-3718
-4898
-3903
-1141
1632
3725
5414
8175
11863
14734
15490
14522
13485
12696
11792
10085
7678
5277
3907
3116
2282
805
-1665
-4405
-6780
-7619
-6893
-5532
-4087
-1846
1553
6391
11093
14277
15984
16900
18052
18485
16362
10530
2753
-4047
-8313
-11163
-14614
-18882
-22230
-23188
-22043
-20325
-20171
-22393
-25468
-25772
-20762
-12857
-6891
-4940
-3428
1844
10206
16394
17191
14058
10911
9143
7898
6190
3242
-1407
-6572
-9511
-9021
-6951
-7314
-10856
-14196
-14015
-11107
-8837
-8746
-9685
-9486
-7338
-3625
626
4067
5641
5806
6442
8463
10541
10324
7900
5698
5692
7286
8412
7902
6291
4665
3987
3689
3183
1787
-608
-2674
-3071
-1759
55
1057
1407
2995
6613
10807
13633
13917
12736
11883
11854
12028
10954
8701
6595
5768
6109
6553
5782
3352
-217
-3488
-5405
-6271
-6873
-7385
-6392
-2766
3104
8864
12955
15614
17631
19194
18883
14760
7213
-1431
-8372
-12196
-14488
-17119
-20092
-21819
-21128
-18447
-16274
-16878
-21008
-25549
-25458
-19822
-12455
-8244
-7004
-4158
3243
12289
17804
17672
13725
9390
6353
4265
2189
-1288
-6814
-11540
-12084
-8344
-4435
-4783
-8763
-11593
-10558
-7471
-5673
-6136
-7421
-7299
-5021
-927
3382
5722
5329
3227
2356
3563
4655
3378
541
-1073
511
4100
6852
7645
7043
6491
6592
6434
5833
4200
2125
743
1012
3108
5144
5929
5791
6501
8560
11128
12207
11458
10390
10077
10151
9763
8637
7368
6905
7020
7236
7054
5733
3285
148
-2489
-3968
-4764
-5658
-6015
-4401
-406
4456
8829
12018
14618
17087
18170
15808
9658
1920
-4795
-8939
-12143
-15551
-18912
-20882
-20834
-19581
-18272
-18594
-20883
-23975
-24601
-21097
-15172
-10676
-8875
-6318
413
9138
15201
16253
13928
11351
8877
5878
2245
-1830
-6445
-10859
-12915
-11783
-9443
-9240
-11734
-13481
-12255
-9378
-7586
-7750
-7886
-5875
-2183
1860
5387
7955
9407
9694
9626
9433
8334
5229
1009
-1827
-1514
619
2042
1704
1250
2302
3967
4589
3283
1147
-595
-1077
176
2522
4689
6038
6653
8569
12176
15515
16413
14665
12629
11901
11933
11331
9342
7082
5732
5867
6717
7249
6821
4828
2187
18
-1138
-1747
-2545
-3194
-2444
627
5362
9789
12929
15219
16630
15199
10047
2662
-3650
-7623
-11399
-16398
-21147
-22976
-21595
-19175
-17877
-18234
-19502
-21257
-21258
-18446
-13983
-11016
-10566
-8826
-2462
6968
14099
16163
15003
13782
12501
9126
3363
-3348
-9813
-14633
-17023
-16619
-14732
-13876
-14357
-14191
-12076
-9142
-7531
-7845
-8426
-7190
-3916
304
3613
5961
7604
9175
10681
11606
10914
8199
4720
1914
1220
1645
1819
824
-305
-69
1672
3123
3130
2169
1520
2247
3897
5287
5712
5651
5687
6586
8354
10700
11848
11538
10969
11278
12605
13045
11506
9132
7982
8387
9156
8606
6809
4551
2544
1198
189
-613
-1381
-1975
-1677
556
4247
8019
10985
13806
16808
17866
14729
7958
1330
-2642
-6163
-11878
-19151
-24407
-25462
-23604
-22036
-22360
-24013
-24917
-22701
-17506
-11758
-8988
-9420
-8905
-3308
5371
11926
14147
13836
13932
15089
15141
11915
5069
-4084
-12650
-17939
-19625
-20278
-22449
-25083
-24880
-20351
-13856
-8990
-6578
-5142
-2842
767
5285
8786
9904
8889
7620
7996
9625
10092
7746
4007
1298
899
1609
1216
-542
-2597
-3843
-3719
-2743
-1431
-445
318
1758
4964
9058
11827
12013
11126
10956
11798
12415
11724
10547
9938
10309
11321
11871
11369
10134
8449
7452
7221
6777
5616
4189
3098
2665
2538
2177
1639
1452
2124
3375
5141
6965
8717
10799
13065
14375
13096
9116
4101
264
-2869
-6932
-12847
-19184
-23348
-24612
-24055
-24486
-26562
-29051
-28451
-23091
-15498
-10026
-8294
-7068
-2872
4181
10661
13654
13977
14162
14986
15531
14188
10058
2994
-5574
-12316
-16393
-19343
-23354
-28104
-30589
-28708
-23558
-18303
-14346
-11222
-7323
-2185
3918
9716
13204
13849
12946
12460
13201
13581
11596
7443
3136
724
-17
-794
-2677
-5103
-6723
-6712
-5585
-4136
-2585
-1319
301
2982
6725
10156
12035
12390
12754
14230
16133
17052
16414
15075
14034
13489
12519
10575
7865
5480
3958
3366
3608
3866
3651
3122
2953
3514
4265
4570
4121
3912
4593
6569
9255
11610
13888
15947
17471
16274
12069
6766
2358
-1604
-6703
-12969
-18545
-21376
-22076
-22276
-23093
-24627
-26584
-27191
-24699
-19705
-15711
-14982
-15101
-11667
-3720
4477
9423
11692
13928
17017
18805
17693
13787
7788
485
-6354
-11330
-14810
-18553
-23405
-27127
-27448
-24824
-22072
-20561
-19320
-16557
-11833
-6014
-13
5262
9363
12222
14562
16821
17752
16495
13137
9196
6295
4005
1702
-1493
-4400
-6223
-6989
-7171
-7255
-7062
-6537
-4965
-2208
1418
4751
7306
9677
12837
16833
20456
22635
22849
22168
21221
19769
17607
14216
10262
6326
3542
2258
1937
1925
1309
205
-599
-598
-188
-313
-574
201
2845
7104
11253
14829
18260
21274
22091
19109
13505
7946
3898
-359
-5976
-12233
-17076
-19463
-20239
-20689
-22224
-24562
-27236
-27327
-23367
-17808
-14767
-15180
-14946
-10149
-2096
3955
6439
7428
9326
12266
13920
12925
9458
3867
-2232
-6949
-9347
-11331
-15157
-20073
-23406
-23056
-20912
-19521
-19632
-19311
-16952
-12854
-7805
-2863
1519
4793
7408
10219
13085
14879
14303
11727
8948
7291
6449
5002
2349
-516
-2417
-3450
-4193
-5196
-6193
-6620
-6295
-4871
-2161
1340
4190
6257
8668
12278
16589
20164
22092
22934
23571
24053
23500
21544
18573
15013
11195
7243
4058
1876
279
-1449
-3280
-4151
-3791
-2756
-2389
-2276
-1133
1817
6088
10591
14868
18627
20326
19234
16185
13169
10670
6679
67
-7422
-12966
-16155
-18597
-21836
-25644
-28928
-30270
-28063
-22286
-16187
-13086
-13273
-12340
-7135
-321
3505
3369
3194
5870
10123
12684
11831
8739
4048
-1161
-5468
-8707
-12408
-18347
-24582
-27374
-25386
-21370
-19200
-18881
-17444
-13338
-8110
-3742
-1094
586
2121
3848
6412
9297
11265
11398
10199
8947
8380
7446
4680
741
-2592
-4541
-5621
-6534
-7032
-6417
-4890
-2970
-880
1395
3438
4539
5193
6408
8677
11774
14714
17610
20816
24210
26824
27542
25995
22939
19358
15535
11426
7194
3757
1699
799
437
-114
-890
-1712
-2466
-2608
-2095
-373
2523
6130
10085
12737
13095
12394
12272
12748
11341
6509
309
-4821
-8382
-11772
-16124
-20933
-25109
-27817
-27163
-22481
-16587
-13375
-13695
-13404
-8718
-1864
2004
1882
1285
3676
8205
11430
11661
9199
4838
117
-3592
-6487
-10320
-16704
-23716
-27383
-26224
-22919
-21172
-21276
-20470
-17052
-11984
-7159
-3616
-1255
806
3449
6763
10108
11993
11976
11188
10886
10901
9715
6246
1627
-2433
-4874
-6828
-8972
-10815
-11070
-8990
-5541
-1936
950
3053
4353
5392
6712
8627
10481
11780
13198
15606
19182
22400
24204
24466
23801
22661
20943
18226
14266
9895
6017
3557
2511
1911
1157
232
-293
364
1970
3645
4903
5693
5118
3482
1945
1938
3560
4776
4354
2661
1455
1026
-101
-3847
-9810
-16467
-21652
-23041
-20852
-17292
-15172
-14733
-13203
-8533
-2651
788
546
-1211
-1499
395
3046
4252
3389
1221
-391
-261
8
-1996
-7307
-13919
-19114
-21666
-22507
-23180
-24017
-23750
-21371
-16826
-11345
-7232
-5134
-4184
-1978
1463
5019
7012
7602
8354
10291
13062
15052
14485
10904
6175
2152
-751
-3821
-7893
-12089
-14001
-12584
-8749
-4887
-2313
-541
1686
4406
6940
8748
9235
9639
11111
14656
19231
22556
23735
23541
23348
23419
22687
19770
15158
10348
7215
5843
5524
4716
3056
1977
2432
4736
7064
7640
6716
5094
2928
921
-713
-1196
-1383
-1914
-2416
-1952
-940
-906
-3139
-7531
-12148
-16021
-17407
-16247
-13420
-11221
-10230
-8328
-3830
1547
4143
3075
523
-936
-941
-881
-1799
-3280
-4955
-6154
-6280
-5985
-6705
-9561
-13556
-16781
-18272
-18300
-18323
-18541
-18086
-16488
-13526
-9892
-6971
-5940
-6317
-6397
-5326
-3589
-2282
-1337
161
2562
5722
8825
11130
11556
9384
6169
3809
2195
53
-3012
-5561
-5777
-3987
-1703
-173
716
1414
2026
2618
3357
4156
4693
5431
7447
11266
15813
19052
20405
20907
21549
21696
20741
18391
15753
13478
11672
10324
9220
8213
6835
5825
5732
6905
8464
8926
6795
2852
-920
-2294
-1465
-1125
-2469
-4897
-5822
-4778
-3375
-4254
-8150
-13377
-16698
-15778
-11219
-6798
-5981
-7636
-7254
-2399
4028
7103
5153
1893
761
2775
4821
3817
-234
-5537
-9117
-10008
-9980
-11613
-15807
-20227
-22020
-20250
-17085
-15305
-15641
-16257
-14948
-11352
-7231
-5210
-5603
-6608
-5798
-2783
379
1246
100
-1008
-339
1650
3115
2842
791
-1447
-2137
-1187
-243
-796
-2642
-3278
-1423
2008
4266
3638
1783
836
1826
4012
5482
5960
6449
7515
10194
13731
16057
16419
15301
14700
15809
17146
16959
15266
13193
12525
13474
14369
13870
11473
8620
6822
7009
8428
9372
8799
6446
4095
3138
3801
3988
1684
-2140
-5125
-5899
-5861
-6729
-9352
-12771
-15874
-16672
-13656
-8665
-5121
-5182
-6708
-5560
-1331
2762
3774
1993
668
1786
4728
7117
7115
4508
277
-3553
-6160
-8436
-12022
-16988
-21249
-22735
-21281
-18582
-16450
-15617
-15289
-14331
-12433
-10098
-8512
-7935
-7917
-7175
-4936
-2137
-9
854
789
513
576
966
998
-254
-2200
-3818
-4083
-3282
-2446
-2162
-1944
-961
1015
2857
3514
3043
2152
1987
2494
3621
4836
5916
7590
9957
13289
16405
17848
17291
15920
14972
14452
13846
12594
11400
11052
11883
13282
14077
13702
12515
11393
10882
11362
11965
11652
9205
5321
2646
2873
4608
4577
2272
-541
-1739
-2052
-2926
-5620
-10161
-15378
-18352
-16651
-11456
-6539
-4952
-5395
-4297
-780
2995
4681
3627
1498
332
1047
3490
5410
4714
1710
-1243
-2907
-4803
-8595
-13784
-18386
-21751
-23286
-22417
-18881
-15009
-13124
-13067
-12021
-8995
-6313
-5809
-7311
-8512
-8257
-6466
-4032
-1964
-1003
-1479
-1998
-1165
94
-242
-2870
-6259
-8214
-7823
-6012
-4050
-2367
-822
1455
4258
6519
7045
5466
3158
1572
955
1110
1939
3888
6891
10567
13939
16596
17983
17968
16822
15057
13452
12080
11455
11463
12287
13551
14719
15011
14788
14221
13243
12146
10881
9706
7258
4005
1076
192
1108
2095
1886
616
-380
-981
-1557
-3377
-6783
-11328
-14640
-13834
-9698
-5385
-3243
-2783
-1341
1343
3637
4151
2921
1273
-228
-535
597
1855
1972
593
-878
-1670
-3088
-6204
-10238
-13862
-16534
-18703
-19645
-18567
-16420
-14509
-13185
-11673
-9580
-7707
-6960
-6604
-6242
-5952
-5787
-5660
-5074
-4480
-3989
-3721
-3251
-2568
-2590
-3385
-4418
-5434
-6361
-6784
-6271
-4387
-1877
535
2875
5022
6530
7140
6849
6081
4965
3724
2792
2694
4127
6802
9689
12291
13932
14992
15523
15375
14229
12335
10539
9378
9238
9671
10587
11820
13205
14856
16483
17860
18294
16943
13133
8103
3503
270
-1262
-2310
-2838
-2943
-2571
-2070
-1986
-2703
-5079
-9032
-12653
-13325
-11010
-8056
-6192
-4505
-1233
2936
6319
7563
7073
5720
3590
1780
339
-710
-1743
-3064
-3793
-3837
-4124
-5532
-7724
-10246
-12944
-15436
-16789
-16712
-16043
-15596
-14926
-13006
-10044
-7520
-6045
-4985
-4158
-3889
-4324
-4798
-5284
-6377
-7651
-8224
-7223
-5691
-5385
-6011
-6350
-6089
-5971
-6400
-6772
-5866
-4177
-2079
596
3226
5374
6389
6600
6812
6972
6274
4779
3563
3775
5033
6432
7601
8879
10582
12056
12913
13204
13119
12466
11313
10154
9492
9451
9747
10176
11051
12594
14689
16847
18490
18085
14993
10453
6129
3167
1031
-806
-2750
-4078
-4549
-4368
-4144
-5070
-7635
-10750
-12312
-11487
-9585
-8099
-6887
-4474
-968
2448
4999
6796
7454
6691
5127
3804
2749
1401
-461
-1998
-2780
-3395
-4302
-5655
-7034
-9157
-12148
-14494
-14888
-13874
-13213
-13472
-13451
-12019
-9856
-7954
-6654
-6062
-6073
-6234
-5988
-5139
-4729
-5490
-6600
-6822
-6040
-5909
-6976
-8558
-9297
-8686
-7690
-6607
-5576
-4072
-1540
1177
3544
4762
5085
5180
5285
5721
5929
5613
5597
6383
7970
9450
9696
9101
8519
8513
8689
8756
8451
8271
8063
7710
7406
7223
7501
7854
8068
8699
10194
12325
14461
16376
17622
17193
14744
11411
8669
7210
5776
3683
1946
1306
1626
1597
0
-3541
-7981
-11725
-13600
-13444
-12834
-12532
-11425
-8223
-3616
-8
1361
941
-58
-469
-172
-8
-464
-1620
-2023
-538
1944
3285
2303
-372
-2723
-4117
-5213
-6556
-8276
-9496
-9622
-8822
-7852
-7508
-8155
-9098
-9764
-10211
-10500
-11383
-12364
-12709
-12616
-11796
-11217
-10995
-10835
-10324
-9497
-8836
-8136
-6974
-5100
-2676
-430
1524
3438
5447
6808
7019
6153
4972
3928
3870
4975
6392
7667
8436
9055
9207
8968
8142
6946
5923
5302
5178
5185
5303
5240
5165
5385
5716
5943
5690
5330
5821
7149
8545
9627
10726
12228
13711
14890
15811
15895
15021
13310
11947
11061
10161
8642
6870
5255
3692
1591
-1020
-3810
-6822
-9816
-11949
-12477
-11861
-11246
-11221
-11144
-10637
-9751
-8811
-8155
-8012
-8122
-7832
-6775
-5282
-3956
-3403
-2494
-503
1658
3271
3883
3863
3601
3040
2052
766
-465
-1484
-2824
-4216
-5606
-7199
-8807
-10445
-11711
-13322
-15369
-17586
-19311
-19938
-19817
-19022
-17694
-15132
-11803
-7935
-3997
-993
1228
2653
3584
4260
4644
4968
5232
5570
6510
7858
9069
9616
9692
9546
8811
7771
6701
5588
4940
5023
5080
4718
4199
4452
5422
5844
5513
4439
3378
2659
2498
2597
2862
3340
4091
5100
6202
7332
7839
7811
8247
9501
10857
11624
11695
11517
11286
11294
10997
10143
9314
8142
6438
4277
2508
1323
-119
-2108
-4251
-5930
-6581
-6336
-5874
-5793
-6175
-6526
-6884
-7472
-8423
-9725
-10773
-11119
-10696
-9860
-8382
-6978
-5892
-4918
-3999
-3335
-3434
-3970
-4818
-5108
-5000
-4771
-4746
-4883
-4992
-5216
-5921
-7004
-8466
-10235
-11692
-12626
-12982
-12506
-11120
-9133
-6576
-3923
-1723
-491
-335
-315
-126
130
271
436
1261
2567
3981
5136
5555
5386
4778
4118
3679
3233
2803
2663
3054
3693
4042
3868
4509
5700
6585
7037
7357
7942
8136
7974
7370
6767
6150
5777
5846
6260
6853
7339
7614
7810
8169
8337
8216
7506
6555
5959
5754
5389
4909
4080
3130
2047
979
732
406
-574
-2177
-3679
-4263
-4113
-3645
-3157
-2548
-1746
-899
-418
-668
-1347
-1791
-1743
-1132
-157
865
1691
2354
2990
3618
3691
2942
1299
-779
-2349
-3366
-4483
-5949
-7251
-8443
-9439
-10834
-12843
-15118
-16874
-17935
-18430
-18355
-17613
-16272
-14456
-11971
-9236
-6853
-5172
-3977
-3045
-1880
-438
1077
2672
4235
5838
7444
8563
8879
8072
6457
4926
3960
3606
3461
3447
3312
3092
2665
2083
1676
978
208
-160
-185
542
1498
2238
2541
2734
2950
3311
3863
4591
5911
6922
7928
8843
10523
11741
11774
11081
10301
9450
8122
7368
7117
6450
5569
5027
4533
3658
2756
1426
-631
-2793
-4128
-4453
-4558
-4365
-3702
-3075
-2359
-1406
-1227
-1868
-2724
-3614
-4406
-4728
-4336
-4228
-4500
-4029
-2672
-1336
-592
103
689
810
656
247
-560
-1483
-2226
-2895
-3572
-4357
-5161
-5969
-7443
-8769
-9647
-10838
-11907
-12109
-11572
-10654
-9455
-7962
-6603
-6008
-5182
-4358
-3949
-3185
-2303
-1403
-555
779
2348
3631
4043
4165
4714
5218
5546
5240
4619
4114
3315
2452
2532
3368
3862
3904
3957
4769
5736
6183
5756
4538
2924
1540
1132
976
1497
2548
3831
5691
7620
9505
10417
9842
8619
7664
6955
5938
5258
5111
5074
4843
4673
4551
4159
3596
2165
512
-604
-1065
-1673
-1764
-1021
-657
-601
-336
387
817
517
106
-196
-289
-97
121
-500
-1553
-2524
-3395
-4078
-4433
-4806
-5602
-6097
-5786
-5883
-6487
-6693
-6752
-7368
-7816
-7457
-7113
-7260
-7281
-7133
-7219
-7764
-7868
-7363
-7588
-7868
-7004
-6157
-5717
-5284
-4675
-3818
-2782
-1631
-1004
-958
-527
-82
-349
62
963
664
628
1854
2708
2667
2582
2052
1161
784
723
420
-126
350
1621
2775
4079
5663
6496
6009
5532
5401
5186
5298
5612
5963
6439
7653
9079
9335
9052
8774
8003
7218
6865
6581
5956
5316
4856
4550
4231
3750
3389
2323
1490
1391
1381
1310
1140
1118
1253
1789
1414
1253
1467
1446
1579
2414
3059
3627
3965
3971
3999
3326
1906
391
-841
-2305
-2912
-3034
-3586
-4112
-4639
-5161
-5556
-6921
-8437
-10021
-11640
-11990
-11059
-10193
-9329
-8239
-6822
-5667
-5118
-4770
-4980
-5876
-7055
-7396
-7206
-6720
-5812
-4666
-3576
-2344
-957
-359
-520
-1071
-1362
-1798
-1854
-1174
-805
-367
-39
90
179
223
-56
-619
-1399
-1658
-1079
-121
732
1310
2293
3384
4004
4448
5241
6169
6887
7182
7601
8741
9673
9906
9830
9402
8276
6945
6229
5523
4657
3794
3308
3215
3346
3323
2765
2266
2273
2038
1662
2468
3415
3191
2795
2828
2847
2132
1629
1739
1441
784
1282
2107
2549
3191
3817
4086
3477
2384
1793
539
-1004
-1541
-2243
-3377
-3993
-3595
-3841
-4822
-6270
-7367
-8292
-9515
-10067
-10065
-10420
-10198
-9050
-7564
-6438
-5948
-5953
-5893
-5867
-5952
-5869
-5714
-5183
-4301
-3667
-2886
-1981
-1440
-1163
-1138
-1167
-1154
-984
-1159
-1137
-850
-773
-959
-1392
-1274
-644
-266
-358
-693
-1364
-1885
-1294
-591
-367
-257
46
889
2572
4200
5748
7131
7918
8644
9519
10235
9981
9135
8125
7601
7401
7034
6996
6542
5743
4991
4214
3833
2800
1375
727
766
1076
2062
3153
3552
4102
4701
4626
4531
4318
3479
2401
2079
2428
3256
3744
4166
4404
4413
4275
3689
2587
1319
322
-1044
-2064
-2935
-3827
-4658
-5229
-5327
-5651
-6243
-7068
-8050
-8913
-9265
-9432
-9745
-9781
-9500
-8933
-8124
-7266
-6976
-7578
-7910
-7984
-7302
-6419
-6218
-5870
-5038
-3627
-2450
-1349
-408
-388
-698
-586
-485
-447
-1037
-1501
-1697
-2147
-1889
-1527
-1364
-1299
-1608
-1971
-1565
-1300
-1497
-1521
-1623
-1966
-1817
-818
939
2615
4461
6705
8593
10081
10938
11131
10576
9990
9601
9033
8460
7943
7611
7329
6781
6328
5607
4501
3160
1776
660
-199
-813
-471
77
684
1702
2778
3606
3903
4220
4139
3751
3008
2991
3365
3242
3505
3841
3976
4302
4640
4753
4377
3522
2511
970
-1167
-2619
-3593
-4987
-5766
-5524
-5269
-5144
-5147
-5397
-5857
-6436
-6996
-7044
-6998
-7390
-7403
-7288
-7452
-7596
-7861
-7775
-6998
-6282
-5920
-5876
-5582
-4952
-4342
-3653
-3290
-3228
-2978
-2179
-1547
-852
-738
-1356
-1644
-1785
-1718
-1269
-1071
-1587
-1404
-1070
-705
-359
-583
-1175
-1570
-1574
-1046
-418
201
822
1662
3110
4543
5662
6500
6840
6853
7195
7333
6984
6506
6273
5839
5741
6106
5946
5403
4482
3725
3485
3183
2506
2185
1884
1825
2286
3007
3356
3788
4377
4830
5192
5130
4932
4508
4087
3940
4032
3710
3155
2925
2847
2970
2767
1983
939
-649
-2010
-2850
-4098
-5565
-6478
-7110
-7292
-6926
-6712
-7033
-7200
-6597
-6107
-5969
-5999
-5826
-6027
-6390
-6160
-5820
-5633
-5482
-4935
-4127
-3453
-2674
-2113
-1584
-1189
-845
-1036
-1464
-1703
-1878
-2084
-2419
-2961
-3564
-3743
-3753
-3683
-3695
-3945
-4315
-4136
-3656
-3201
-2463
-1973
-2098
-1705
-824
383
1662
2374
3001
4352
5571
6673
7573
8022
7979
7844
7584
7297
7108
6581
5839
5382
5174
5199
5102
4417
3739
3061
2575
2364
2026
1568
1089
915
1397
2098
2633
3088
3452
3617
4168
4716
5003
4492
4047
4042
4260
4383
4345
4368
4050
3897
3949
3818
2996
1563
331
-237
-787
-1751
-2676
-3682
-4662
-5208
-5694
-6409
-6859
-7022
-7057
-7084
-7052
-7195
-7799
-8550
-8744
-8754
-8836
-8730
-8375
-7632
-6127
-4505
-2908
-1377
-31
999
1437
1626
1653
916
27
-367
-609
-1157
-1345
-1454
-1744
-2368
-3133
-3645
-4419
-5062
-5216
-5110
-5130
-4373
-3692
-2742
-1243
22
1055
2248
3780
4703
5491
6107
6435
6582
6630
6553
6357
6136
6270
6225
5439
5176
4953
4561
4077
3649
3083
2269
1821
1998
2326
2178
2414
3094
3524
4231
4996
5337
5127
5238
5584
5718
5505
5213
5024
4718
4639
4491
4010
3325
2379
956
-234
-1066
-1842
-2855
-3398
-3253
-3111
-3259
-3418
-3554
-3926
-4152
-4262
-4251
-4443
-4181
-3910
-4120
-4208
-4498
-4834
-5724
-6372
-6710
-6766
-6669
-6397
-5711
-4740
-3945
-2989
-2445
-2053
-1343
-1165
-1353
-1772
-1696
-1756
-1908
-1822
-2119
-2431
-2692
-3052
-3674
-4029
-4293
-4756
-5047
-4828
-4322
-3843
-2893
-1530
-109
888
2107
3659
4522
4901
5529
6022
6187
6141
6145
6493
6399
6129
6546
6764
6376
5758
5310
4818
3953
3004
2087
979
-25
-433
-436
-604
-509
83
355
1048
1750
2359
2917
3377
4147
5107
5640
6485
7598
7981
8423
8490
7977
6862
5426
4161
2661
1109
-18
-896
-1972
-2608
-2893
-3664
-4265
-4532
-5098
-5457
-5583
-5854
-5872
-5993
-6019
-5888
-6060
-6476
-6199
-6294
-6597
-6126
-5626
-5321
-4869
-4172
-3595
-2707
-1983
-1361
-652
-149
68
281
390
101
168
311
89
-640
-1329
-2092
-2851
-3398
-4232
-5243
-5766
-5917
-6323
-6354
-5820
-5355
-4959
-3910
-2380
-1050
189
1540
2581
3174
3739
4377
4539
4255
4614
5151
5287
5904
6758
6932
6741
6457
6293
5904
5153
4123
3176
2377
1736
1595
1447
1402
1072
645
575
519
738
814
827
1166
2129
3047
4009
5289
6019
6107
6390
6715
6200
5305
4431
3506
2194
1203
524
-568
-1340
-1774
-2232
-2472
-2407
-2597
-3086
-3369
-3239
-3084
-3558
-4269
-4539
-4978
-5539
-5573
-5429
-5277
-4929
-4694
-4240
-3537
-3513
-3754
-3635
-3441
-3252
-3150
-2821
-2498
-2063
-1597
-965
-716
-678
-671
-1101
-1515
-1694
-1770
-2393
-2771
-3188
-3646
-3561
-3601
-3418
-3362
-3113
-2664
-2004
-1164
-370
276
973
1728
1936
1824
1855
1814
1590
1596
1984
2514
3107
3617
4220
4882
5253
5138
4896
4743
4434
3960
3550
3263
2697
2127
1883
1516
988
886
1175
1382
1856
2205
2250
2789
3418
3893
4537
5139
5553
5963
5977
5852
5390
4523
3790
2992
1679
678
-7
-1211
-2102
-2612
-2780
-2738
-2771
-2563
-2285
-2418
-2713
-3179
-3821
-4570
-5531
-5756
-5472
-5386
-4930
-4086
-3826
-3600
-3113
-2560
-2705
-3000
-2735
-2458
-2437
-2245
-1827
-1446
-1095
-786
-549
-588
-881
-1493
-2305
-2985
-3824
-4028
-4119
-4438
-4348
-4000
-3566
-3301
-3126
-2564
-2194
-2058
-996
-19
550
1183
1804
2258
2418
2033
1602
1467
1128
1284
2045
2483
2885
3447
3300
3243
3670
3481
3445
3949
4005
3962
3945
3771
3365
2953
2252
1981
1915
1743
2186
2577
3075
3552
3773
4145
4454
4194
4529
4786
4572
4330
4018
3693
3542
3252
2699
2265
1219
356
-235
-930
-1451
-1945
-2121
-1908
-1350
-860
-562
-732
-1167
-1517
-2257
-3515
-4134
-4274
-4618
-4514
-4421
-4052
-3931
-3989
-3696
-3606
-3608
-3782
-3950
-3759
-3515
-3265
-2658
-2100
-1513
-1114
-834
-519
-1047
-1659
-1989
-2750
-3441
-3963
-4318
-4406
-4173
-3683
-3511
-3181
-2591
-2127
-1708
-1153
-528
-396
-75
401
479
617
825
869
1034
1228
1261
1383
1583
1571
1831
2189
2288
2172
2100
2382
2736
2923
2943
3455
3335
2699
2617
2357
1857
1765
1817
2248
2909
3213
3907
4487
4517
4528
4608
4377
3964
3853
3455
2844
2767
2425
1826
1255
938
70
-818
-969
-1181
-1720
-2072
-2050
-2017
-1794
-1354
-1157
-787
-513
-798
-583
-377
-349
-238
-259
-390
-743
-1145
-1495
-2021
-2625
-3267
-3442
-3605
-3927
-4172
-4159
-4130
-4096
-3892
-3770
-3745
-3317
-3046
-3055
-2693
-2438
-2617
-2924
-3028
-3435
-3840
-3845
-3441
-3133
-2625
-1832
-1085
-855
-724
-342
-107
-240
-512
-184
-417
-790
-524
-298
-152
208
784
1017
1287
1610
1184
911
762
633
755
1189
1625
1896
2480
2571
2767
2810
2738
2774
3127
3212
3492
3931
4361
4966
5057
5295
5515
5580
5379
5515
5019
4355
3839
3014
2144
1539
1103
579
-53
-578
-972
-1488
-1898
-2282
-2206
-2091
-2220
-1943
-1266
-1038
-685
8
517
975
1422
1542
1377
1079
968
486
10
-44
-677
-1236
-1185
-1450
-1816
-2154
-2753
-3171
-3504
-3779
-4101
-4191
-4166
-3768
-3427
-3200
-2853
-2750
-2958
-3236
-3563
-3997
-4229
-4300
-3556
-2831
-2262
-1285
-420
164
319
435
440
138
-348
-419
-274
-284
-4
664
810
1035
1410
1282
869
0
-34
-299
-750
-129
595
664
963
1691
1774
1645
1492
1467
1321
1289
1527
2347
3243
3506
4081
4691
4631
4759
4943
4936
5034
4777
4781
4954
4477
3765
3516
2803
2084
1804
1283
606
-107
-612
-966
-1498
-2015
-2127
-2081
-1974
-1771
-1505
-1151
-490
-39
367
484
743
1077
848
497
514
275
-226
-600
-867
-939
-1132
-1048
-1314
-1722
-1961
-2391
-2598
-2714
-2672
-2849
-3077
-2830
-2981
-3516
-3604
-3752
-4139
-4455
-4358
-4126
-3576
-3079
-2654
-1622
-1149
-844
-570
-377
-451
-662
-703
-573
-238
-406
-376
298
365
70
214
-111
-749
-1069
-1145
-916
-784
-640
-155
471
718
920
1236
1541
1900
2107
2465
2892
3198
3631
3803
3908
3958
3599
3392
3450
3345
3458
3245
3292
3805
3849
3330
3198
3127
2415
2082
2161
1733
1125
999
739
343
11
-227
-578
-1292
-1207
-920
-1238
-984
-865
-684
-169
52
394
866
585
437
682
586
459
211
-8
-291
-541
-671
-830
-1020
-1032
-1049
-1595
-1917
-2031
-2476
-2989
-3321
-3584
-4037
-4503
-4945
-5006
-4830
-4681
-4332
-3828
-3282
-2811
-2322
-1973
-1653
-1509
-1336
-805
-521
-378
74
220
429
619
409
328
278
219
-85
-518
-724
-763
-877
-704
-484
-608
-423
-261
-275
54
371
796
1356
1950
2600
3225
3617
3845
4059
3966
3916
3615
3489
3341
3032
2679
2647
2454
2403
2315
2044
2148
2022
1739
1531
1562
1242
1142
1223
993
959
802
323
144
174
133
100
125
84
-24
-286
-374
-384
-581
-498
-507
-597
-580
-320
-477
-585
-136
-263
-657
-715
-891
-927
-942
-1022
-1268
-956
-1009
-1398
-1636
-2080
-2678
-3493
-4250
-4243
-3945
-3860
-3340
-2797
-2511
-2295
-2050
-1803
-1750
-2012
-2047
-1816
-1424
-1192
-1191
-1217
-963
-634
-755
-778
-500
-515
-382
-183
-113
56
115
-68
-28
-92
-260
-283
-228
192
382
712
1362
1808
2400
2882
3015
3383
3498
3340
3522
3814
3540
3651
3979
3611
3538
3405
3104
2539
1928
1651
1411
1129
1075
1449
1786
1679
1606
1630
1305
1041
1137
1121
994
905
1025
1163
1074
1028
691
514
430
111
-240
-556
-662
-752
-1023
-1103
-1102
-1069
-1040
-1235
-1190
-1233
-1342
-1585
-1773
-1604
-1670
-2188
-2531
-2629
-3081
-3709
-4010
-3891
-3602
-3290
-2836
-2571
-2258
-2018
-1805
-1575
-1381
-1476
-1595
-1506
-1479
-1628
-1703
-1708
-1845
-1926
-2065
-2119
-2122
-2186
-2370
-1915
-1156
-888
-574
14
224
458
596
359
470
287
450
918
1311
1440
1693
2094
2400
2585
2519
2367
2432
2790
2940
2788
2831
3463
3609
3419
3406
3320
2697
2167
1901
1645
1511
1175
1122
1274
1325
1148
1005
1064
1084
1079
1194
1298
1554
1435
983
866
935
806
642
714
661
678
905
599
182
117
-334
-954
-884
-797
-832
-810
-1049
-1285
-1396
-1758
-2275
-2552
-2976
-3495
-3756
-4018
-4150
-4156
-3949
-3495
-3056
-2586
-2179
-2044
-1846
-1755
-1831
-1433
-1245
-1003
-568
-145
-17
-138
-322
-675
-1050
-1638
-1864
-2074
-2159
-1934
-1851
-1773
-1443
-1301
-1238
-1008
-777
-373
-185
-75
187
473
851
1402
1533
1814
2146
2046
1857
2040
2255
2241
2173
2347
2678
2798
2984
3218
3125
2931
2784
2620
2362
2390
2435
2314
2349
2290
2197
2128
1844
1632
1718
1611
1352
1251
1279
1061
589
645
590
592
717
843
1072
1097
1169
1220
905
862
624
284
453
388
317
357
187
-74
-299
-492
-652
-1261
-1929
-2273
-2878
-3496
-3815
-4204
-4216
-4109
-3828
-3382
-3270
-3183
-3043
-3006
-2884
-2676
-2518
-2332
-1836
-1234
-879
-592
-232
-60
-1
-207
-320
-579
-869
-770
-711
-629
-548
-493
-791
-979
-1112
-1176
-1030
-865
-440
240
508
810
1445
1684
1980
2052
2207
2194
2279
2639
2658
2836
2804
2628
2661
2701
2690
2675
2642
2321
2002
1910
1748
1618
1833
2299
2532
2506
2447
2411
2282
2109
2201
2167
1848
1569
1052
710
551
-6
-177
-299
-423
-446
-439
-245
-263
-335
-382
-559
-694
-454
-412
-423
-307
-43
-11
-161
-35
-41
-243
-482
-837
-1320
-1585
-1872
-2426
-2703
-2609
-2705
-2819
-2923
-2932
-3151
-3254
-3277
-3523
-3440
-3266
-2918
-2691
-2158
-1712
-1659
-1593
-1308
-1033
-1013
-802
-648
-458
-449
-404
-560
-677
-972
-1386
-1560
-1568
-1450
-1375
-1163
-637
-185
84
374
751
1154
1261
1432
1914
2230
2400
2773
2940
2896
2809
2650
2476
2204
1872
1599
1295
1147
1219
1232
1263
1569
2049
2095
2101
2240
2229
2250
2268
2321
2397
2513
2490
2198
2222
1982
1577
1399
1016
529
401
164
-116
-188
-355
-306
-543
-669
-581
-619
-801
-853
-774
-814
-847
-734
-518
-510
-473
-385
-277
-336
-526
-539
-727
-1056
-1161
-1293
-1629
-1895
-2180
-2605
-2868
-3022
-3099
-2945
-2784
-2489
-2237
-2307
-2312
-2212
-2122
-1933
-1473
-1122
-685
-276
5
206
246
39
-258
-675
-1006
-1007
-1156
-1253
-1151
-840
-702
-660
-112
440
690
721
1049
1289
1395
1532
1550
1886
2399
2664
2447
2561
2676
2294
1886
1619
1276
1146
1025
1120
1558
1819
1879
2129
2294
2373
2394
2375
2367
2341
2157
1875
1809
1583
1394
1365
1403
1065
806
605
17
-300
-555
-866
-878
-645
-489
-519
-503
-365
-550
-575
-755
-920
-752
-619
-615
-776
-759
-713
-802
-683
-442
-589
-810
-978
-1154
-1161
-1508
-1700
-1908
-2027
-2020
-2212
-2172
-2389
-2651
-2700
-2885
-2875
-2561
-2411
-2155
-1762
-1353
-1134
-771
-315
-220
-222
-270
-345
-572
-479
-434
-446
-352
-211
52
248
552
605
530
619
962
1221
1429
1636
2023
2312
2452
2468
2267
2046
1694
1420
1310
915
561
581
702
989
1216
1390
1681
1787
1844
1979
2014
2251
2515
2649
2667
2741
2758
2769
2512
2215
2022
1598
1388
1079
718
432
185
-91
-315
-142
-110
-24
12
-44
-42
-107
-158
-38
33
-17
99
91
-36
-242
-200
-446
-846
-916
-1018
-1369
-1552
-1554
-1687
-1930
-2013
-2080
-2245
-1985
-1978
-2088
-2049
-1913
-1988
-2060
-1958
-1992
-2015
-1991
-1889
-1778
-1688
-1698
-1637
-1398
-1443
-1445
-1437
-1426
-1259
-926
-834
-864
-666
-626
-585
-494
-184
43
196
610
1007
1240
1465
1672
1699
1910
1938
1840
1705
1423
1193
929
654
659
833
813
862
1057
970
969
1164
1053
1011
1192
1566
1949
2284
2439
2702
2724
2787
2756
2349
2087
1773
1478
1111
716
319
13
-177
-140
-162
-176
-99
-88
-14
-91
-240
-245
-186
-208
73
194
374
649
716
624
241
66
-37
-424
-931
-1200
-1429
-1841
-2010
-2095
-2273
-2231
-2083
-1871
-1742
-1696
-1727
-2038
-2297
-2314
-2174
-2005
-1811
-1475
-1264
-1070
-1034
-1084
-1221
-1518
-1812
-1935
-1976
-2006
-1818
-1674
-1566
-1239
-978
-851
-754
-613
-553
-429
-274
-8
210
494
776
1080
1334
1363
1276
961
844
748
581
548
603
646
707
907
1137
1173
1090
1047
1097
1115
1197
1313
1482
1807
1925
2093
2375
2442
2480
2303
1904
1658
1452
1234
1110
1035
1005
663
315
172
20
66
53
11
42
81
167
327
597
652
583
873
1030
1017
1035
819
597
360
121
-173
-504
-759
-1157
-1463
-1708
-1598
-1464
-1440
-1688
-1879
-1998
-2147
-2128
-2324
-2491
-2326
-2028
-1698
-1189
-912
-743
-620
-765
-882
-1048
-1168
-1314
-1246
-1013
-878
-722
-743
-778
-819
-1083
-1366
-1338
-1293
-1149
-812
-447
-51
268
404
469
658
730
625
705
693
658
649
534
659
837
1146
1362
1437
1523
1396
1326
1241
1208
1093
1125
1249
1570
1777
1923
2029
1941
1859
1737
1786
1760
1724
1602
1278
1143
1042
863
858
784
771
756
752
718
577
410
250
236
232
327
619
730
581
505
579
482
165
-67
-162
-450
-611
-724
-895
-1094
-1183
-1235
-1217
-1220
-1354
-1464
-1549
-1624
-1832
-2067
-2185
-2127
-1938
-1712
-1494
-1299
-1272
-1082
-961
-1089
-1160
-1248
-1316
-1096
-950
-718
-622
-729
-569
-622
-800
-1028
-1101
-1191
-1120
-938
-859
-535
-381
-136
125
162
148
238
487
636
640
640
702
802
906
1002
1103
1219
1283
1394
1614
1576
1495
1530
1500
1487
1349
1274
1300
1185
1128
1112
1070
1164
1234
1190
1133
933
695
559
546
651
690
688
662
709
805
926
982
791
796
842
875
1040
975
814
731
653
566
260
11
-254
-404
-600
-874
-807
-932
-1119
-1220
-1308
-1386
-1425
-1558
-1720
-1708
-1761
-1705
-1617
-1687
-1659
-1681
-1729
-1816
-1689
-1694
-1605
-1558
-1516
-1328
-1209
-1117
-1023
-909
-990
-1035
-1073
-1082
-1144
-945
-869
-783
-632
-596
-533
-630
-867
-971
-817
-705
-494
-529
-305
-124
-83
-111
64
69
272
591
790
1131
1323
1345
1479
1751
1928
2158
2265
2294
2218
2054
1859
1492
1196
1170
986
1116
1324
1191
1005
1038
787
584
617
628
665
735
799
979
1147
1226
1236
1219
1228
1144
1188
1106
1081
1150
1057
1020
959
764
676
425
179
-145
-239
-316
-454
-587
-688
-720
-918
-900
-982
-1188
-1154
-1149
-1129
-943
-816
-710
-698
-716
-744
-862
-922
-976
-1026
-1243
-1299
-1296
-1243
-1111
-1089
-941
-999
-1089
-1201
-1169
-1186
-1021
-729
-559
-404
-412
-471
-589
-681
-680
-580
-454
-319
-223
-128
-238
-400
-346
-467
-359
-61
72
189
440
746
891
1110
1401
1628
1819
1834
1912
1815
1771
1639
1275
1126
1099
1046
980
916
801
754
652
469
460
394
361
417
594
733
713
978
1052
1079
1179
1259
1325
1275
1339
1195
1238
1181
1133
856
521
353
40
-392
-728
-909
-1137
-1231
-1194
-1343
-1410
-1423
-1486
-1434
-1292
-973
-823
-658
-585
-370
-198
-100
-55
-195
-370
-614
-931
-1266
-1392
-1494
-1549
-1522
-1394
-1289
-1323
-1366
-1319
-1227
-1198
-1051
-907
-947
-716
-599
-565
-428
-307
-368
-535
-354
-395
-521
-557
-568
-549
-481
-406
-318
-111
23
78
286
499
552
656
858
1143
1289
1384
1584
1531
1580
1548
1473
1380
1322
1288
1306
1450
1297
1294
1078
945
857
629
636
763
891
955
1050
1141
1169
1101
1146
1255
1338
1354
1290
1397
1432
1340
1206
1008
748
541
349
-39
-215
-410
-733
-1018
-1218
-1386
-1568
-1499
-1376
-1415
-1233
-1093
-988
-856
-731
-462
-293
-75
95
-3
-72
-511
-870
-1061
-1465
-1561
-1608
-1610
-1600
-1629
-1557
-1524
-1545
-1460
-1352
-1387
-1248
-1125
-1158
-1238
-1108
-893
-770
-567
-374
-158
-121
-200
-440
-537
-709
-769
-661
-503
-316
-122
25
-65
-16
-48
-7
199
291
452
489
545
573
624
586
669
896
1037
943
964
1140
1062
931
1000
1038
957
928
1012
1026
984
1165
1277
1380
1530
1596
1591
1644
1727
1642
1507
1377
1187
1007
935
806
611
614
529
451
235
51
-113
-324
-461
-564
-624
-632
-661
-627
-470
-338
-286
-274
-173
-171
-79
-51
-7
53
-130
-377
-516
-835
-1024
-1140
-1136
-1059
-1089
-1210
-1195
-1201
-1255
-1241
-1271
-1307
-1119
-1098
-1096
-1144
-1122
-1099
-1004
-975
-944
-777
-634
-605
-591
-467
-239
-156
-88
205
454
619
697
971
1097
1291
1238
1283
1313
1311
1171
869
668
644
495
253
427
456
460
667
830
904
771
747
690
700
882
1022
1289
1602
1839
1897
2077
2002
1874
1746
1755
1698
1620
1494
1303
1086
692
449
278
127
-87
-104
-149
-337
-383
-581
-775
-742
-726
-885
-906
-787
-798
-717
-584
-500
-429
-481
-405
-489
-505
-488
-523
-602
-781
-860
-989
-1072
-1138
-1345
-1488
-1488
-1544
-1502
-1334
-1320
-1295
-1176
-1100
-1246
-1128
-1044
-1157
-1192
-1227
-1233
-1095
-941
-854
-685
-772
-848
-892
-973
-860
-570
-477
-221
31
190
423
533
709
823
919
984
1111
1089
1011
888
780
739
658
697
743
664
748
858
600
539
405
352
326
471
631
805
1118
1398
1627
1768
1699
1722
1689
1752
1785
1705
1697
1482
1328
1068
809
720
637
467
222
68
-118
-292
-509
-658
-734
-723
-745
-762
-732
-773
-526
-566
-502
-446
-429
-299
-352
-317
-423
-416
-610
-773
-754
-729
-761
-799
-955
-1061
-1108
-1283
-1434
-1624
-1728
-1729
-1682
-1454
-1309
-1378
-1300
-1368
-1419
-1391
-1411
-1342
-1359
-1286
-1282
-1227
-1066
-1022
-1000
-862
-780
-670
-467
-433
-266
-124
1
248
342
484
532
561
663
602
585
457
515
610
659
744
645
698
631
578
488
580
610
515
476
559
822
1008
1224
1235
1160
1181
1349
1417
1478
1596
1675
1662
1496
1450
1395
1310
1175
1148
985
851
775
608
404
182
