0
-1
0
0
1
0
0
0
0
0
0
-1
0
0
0
-1
0
0
1
1
-1
0
0
0
0
0
0
0
0
0
-1
1
0
0
1
0
0
0
0
1
-1
0
0
0
0
-1
1
0
0
-1
0
0
0
0
0
-1
0
-1
1
0
0
1
0
0
0
0
0
0
0
0
-1
0
0
0
1
0
1
0
0
0
0
-1
0
0
1
1
0
0
0
-1
-1
0
0
0
-1
0
0
1
0
1
0
0
1
0
0
1
0
0
0
0
0
0
0
0
0
0
0
-1
1
0
0
0
0
0
0
0
0
0
0
-1
0
-1
0
0
0
0
0
-1
0
0
0
1
0
0
0
0
0
0
0
0
0
-1
1
1
-1
0
0
0
0
0
0
0
0
0
0
0
0
0
-1
0
0
0
0
0
0
0
0
-1
0
0
0
0
-1
0
-1
0
0
0
0
0
-1
0
0
-1
0
0
0
1
0
0
0
0
0
0
1
0
0
0
0
0
1
0
0
0
1
1
0
0
0
0
0
0
0
0
1
1
1
0
0
-1
0
0
0
-1
-1
0
0
0
0
0
0
0
0
0
0
0
0
0
0
0
0
0
0
0
0
0
1
1
1
0
-1
0
0
0
0
0
0
1
-1
-1
0
0
0
0
0
1
0
-1
0
0
0
0
0
0
0
0
-1
0
0
0
0
1
0
0
0
0
0
-1
1
1
0
0
0
0
1
0
0
0
0
0
0
0
0
0
0
0
0
1
0
0
0
0
0
0
1
0
0
0
0
0
0
0
0
0
0
1
0
-1
0
0
0
0
-1
0
0
0
0
0
0
-1
0
0
-1
0
0
0
-1
1
0
0
0
0
0
0
0
0
0
0
0
0
0
-1
0
-1
0
0
0
0
0
0
0
0
0
1
0
0
0
0
0
0
0
0
0
0
0
1
0
0
0
0
0
0
0
0
0
-1
0
0
1
0
0
0
0
0
0
0
1
0
0
0
0
0
0
-1
0
1
0
0
0
0
0
0
0
0
-1
0
0
0
0
0
0
0
0
1
0
-1
0
1
0
0
-1
0
0
0
0
-1
0
0
0
0
1
0
0
0
0
0
0
0
0
-1
0
0
0
0
0
0
0
0
0
1
0
0
0
0
0
1
0
0
1
0
1
-1
0
0
0
0
0
0
0
0
-1
0
-1
-1
0
0
0
0
0
0
0
0
0
0
-1
0
-1
0
0
0
0
0
0
-1
0
0
0
0
0
0
0
0
0
0
0
0
0
0
0
0
0
1
1
0
-1
0
0
0
0
0
0
0
0
0
0
0
0
0
0
0
0
1
0
0
0
0
0
1
0
0
0
0
0
0
0
-1
-1
0
0
0
0
0
-1
-1
0
0
0
-1
1
0
0
-1
0
0
0
0
0
0
0
0
0
0
0
0
0
0
0
0
1
0
0
-1
0
0
0
0
0
0
1
0
0
-1
-1
0
0
0
0
-1
0
0
0
0
0
1
0
0
1
0
1
0
0
0
0
0
0
-1
0
0
0
0
0
0
1
0
0
0
0
0
0
-1
-1
0
-1
0
0
0
0
0
0
0
0
0
0
0
0
0
0
-1
0
0
0
0
1
0
0
0
0
0
0
0
0
0
0
-1
1
-1
0
0
0
0
0
0
0
0
1
0
1
0
0
0
1
-1
0
0
0
0
0
0
0
0
0
0
-1
0
0
0
0
1
1
0
1
0
0
0
0
0
0
0
0
0
0
-1
-1
-1
-1
0
0
0
0
0
-1
0
0
0
0
0
-1
0
-1
0
1
0
0
1
0
0
-1
0
-1
0
0
0
-1
0
1
-1
0
0
0
0
-1
0
1
0
-1
1
1
0
1
-1
0
0
1
0
0
-1
1
0
0
1
0
0
0
0
1
0
0
0
0
1
0
-1
0
-1
0
1
0
1
-1
0
1
0
0
0
0
0
-1
0
0
0
0
0
0
0
0
0
0
-1
0
1
0
1
0
-1
0
0
1
0
0
0
0
0
0
-1
0
-1
0
0
0
0
0
0
0
1
0
1
0
0
0
0
0
-1
0
0
0
0
0
-1
0
0
0
0
0
0
1
0
0
0
0
1
0
0
0
0
0
0
0
0
0
-1
0
1
0
0
0
0
0
0
0
0
0
0
0
0
0
0
0
-1
1
0
0
0
-1
0
0
0
1
0
0
0
-1
0
0
0
0
1
1
0
1
0
0
-1
0
-1
0
0
0
0
0
0
0
0
0
0
0
0
1
2
1
1
0
0
1
0
-1
-1
-1
0
2
3
1
1
-2
-9
-13
-6
1
-4
-8
-8
-7
-7
-3
-5
-6
-2
0
-6
-12
-3
5
-1
-9
-4
7
3
-4
-6
4
6
-4
-4
4
9
-4
1
3
10
-2
0
7
10
1
0
10
6
1
2
10
5
-2
2
8
5
-2
0
7
7
-6
-4
8
5
-8
-9
7
9
-9
-24
13
15
-21
-27
11
19
-24
-29
1
22
-17
-32
-8
18
-7
-31
-15
7
-4
-21
-17
-4
-4
-10
-16
-10
-13
-2
-3
-21
-20
13
7
-26
-28
17
25
-24
-44
17
42
-14
-53
4
60
4
-62
-8
72
23
-63
-30
75
44
-60
-47
68
65
-48
-61
57
82
-31
-66
35
89
-5
-76
14
87
12
-76
-4
72
28
-66
-27
60
36
-52
-41
42
36
-36
-45
20
34
-25
-45
-1
21
-13
-34
-12
5
-11
-28
-21
-12
-12
-16
-20
-23
-17
-5
-14
-31
-24
-1
-7
-36
-30
7
9
-29
-38
6
22
-19
-40
3
32
-6
-37
1
39
5
-33
-9
29
14
-19
-4
33
29
-2
0
32
37
12
7
30
39
23
18
29
34
28
24
27
28
31
32
23
14
19
26
21
7
10
21
18
-1
-4
16
16
-14
-23
4
13
-19
-35
-10
5
-23
-46
-23
-2
-25
-50
-33
-15
-32
-48
-38
-28
-39
-49
-41
-32
-37
-49
-55
-52
-54
-53
-49
-51
-58
-57
-51
-54
-58
-47
-40
-48
-56
-49
-35
-30
-39
-36
-24
-23
-29
-25
-3
-5
-10
-5
4
19
14
16
24
29
35
35
49
51
42
48
60
62
57
63
67
63
59
67
74
63
53
64
72
58
47
48
67
53
36
33
50
46
10
48
21
19
29
16
15
19
2
17
4
-4
0
-7
-16
-17
-24
-30
-39
-36
-45
-62
-61
-61
-73
-77
-86
-92
-95
-106
-110
-112
-119
-118
-125
-130
-127
-122
-124
-127
-116
-115
-105
-94
-96
-82
-68
-56
-46
-31
-16
-6
10
20
37
50
63
68
91
98
109
119
119
132
138
156
139
150
142
151
142
142
140
129
122
119
102
101
87
79
71
63
59
44
41
38
25
28
15
18
21
14
14
8
9
7
7
4
-2
1
-11
-15
-20
-33
-34
-47
-61
-70
-90
-107
-121
-141
-157
-176
-199
-212
-231
-250
-259
-275
-287
-297
-300
-302
-310
-298
-295
-283
-272
-291
-269
-240
-213
-184
-157
-118
-87
-45
-19
20
75
105
150
178
209
236
266
299
316
337
341
348
357
363
366
358
348
332
315
300
287
264
245
221
196
180
159
142
122
106
98
86
76
57
43
33
32
33
34
32
33
40
48
55
48
24
-12
-56
-93
-134
-193
-246
-269
-262
-231
-186
-131
-61
64
232
363
440
508
577
657
783
919
975
909
801
800
925
1056
1073
962
790
657
642
729
788
681
414
153
67
137
186
81
-131
-321
-405
-400
-364
-356
-405
-493
-548
-494
-377
-302
-284
-235
-107
25
93
138
256
452
624
696
710
749
833
942
1047
1105
1056
913
805
826
894
842
614
350
207
153
63
-59
-211
-449
-703
-816
-802
-825
-995
-1235
-1361
-1315
-1209
-1179
-1260
-1354
-1357
-1256
-1095
-947
-880
-907
-939
-843
-612
-410
-351
-371
-317
-194
-131
-126
-61
93
242
278
222
176
179
264
494
775
827
536
193
236
692
1132
1158
815
434
317
570
1037
1318
1074
447
-8
125
660
950
640
56
-316
-347
-157
30
20
-223
-596
-858
-754
-420
-293
-471
-622
-515
-345
-365
-424
-212
195
457
459
383
369
426
680
1236
1719
1557
832
364
751
1585
1941
1477
684
153
65
378
851
908
141
-930
-1319
-829
-279
-395
-1012
-1522
-1658
-1552
-1358
-1181
-1174
-1391
-1583
-1455
-1116
-954
-1057
-1073
-758
-426
-487
-773
-784
-394
14
64
-146
-255
-249
-273
-158
185
365
46
-460
-530
-123
189
200
313
548
361
-265
-372
556
1546
1456
592
102
332
813
1357
1917
1890
924
-79
132
1384
2095
1409
258
-186
83
413
530
513
215
-484
-1084
-940
-283
-62
-637
-1263
-1182
-675
-535
-851
-967
-555
-83
-7
-110
-26
129
199
538
1380
1993
1483
320
25
1100
2294
2356
1516
704
288
250
728
1502
1568
330
-1179
-1383
-369
286
-193
-1031
-1440
-1550
-1626
-1472
-1051
-883
-1355
-1970
-1919
-1287
-942
-1153
-1264
-904
-634
-940
-1322
-1022
-269
10
-400
-725
-519
-295
-476
-589
-163
271
-11
-652
-742
-312
-151
-252
203
1094
1065
-241
-1065
61
1987
2528
1476
428
302
735
1465
2511
3039
1966
61
-381
1241
2767
2301
662
-262
-92
275
373
384
205
-494
-1376
-1577
-999
-628
-1113
-1771
-1671
-1089
-1025
-1588
-1828
-1221
-391
-93
-211
-228
-74
49
372
1303
2436
2614
1507
432
799
2211
3105
2826
1993
1179
488
294
1070
2142
1930
86
-1663
-1707
-587
51
-366
-1211
-1956
-2501
-2587
-1977
-1190
-1171
-2004
-2685
-2454
-1744
-1339
-1256
-1032
-707
-760
-1184
-1319
-748
94
458
159
-319
-501
-367
-123
162
392
323
-154
-662
-673
-244
-20
-195
-94
645
1094
302
-903
-731
991
2424
2173
897
48
172
1052
2380
3401
2943
1005
-460
294
2364
3258
2086
346
-391
-139
324
651
718
147
-1082
-2046
-1840
-944
-701
-1436
-2063
-1831
-1441
-1744
-2226
-1843
-744
-71
-248
-572
-493
-200
275
1351
2758
3136
1812
241
473
2460
4065
3757
2216
968
601
953
1805
2503
1962
80
-1594
-1561
-299
325
-556
-1897
-2417
-2198
-1995
-1983
-1966
-2004
-2159
-2237
-2108
-1921
-1825
-1675
-1181
-509
-304
-785
-1249
-972
-108
593
600
23
-534
-539
16
555
455
-252
-884
-854
-362
-83
-311
-948
-1589
-1354
119
1581
1146
-1127
-2422
-659
2306
3311
1932
152
-346
532
2177
3980
4463
2422
-293
-409
2236
4450
3743
1179
-417
-179
665
1198
1258
619
-832
-2280
-2396
-1231
-571
-1475
-2724
-2679
-1774
-1791
-2865
-3119
-1702
-172
-176
-1186
-1572
-1046
-281
916
2726
3689
2256
-332
-590
2438
5311
4985
2511
674
576
1471
2613
3540
3111
745
-1693
-1744
228
1407
325
-1564
-2441
-2306
-2076
-1969
-1726
-1661
-2235
-2924
-2806
-2050
-1729
-2063
-2035
-1183
-554
-1048
-1829
-1528
-326
391
115
-320
-380
-475
-692
-291
780
1109
-262
-1978
-1918
-205
915
254
-973
-1521
-1601
-1199
418
2393
2017
-1143
-3154
-827
3316
4608
2429
12
-311
932
2641
4403
4859
2593
-470
-644
2256
4540
3541
734
-742
-275
414
454
303
-29
-1080
-2469
-2862
-1911
-1133
-1866
-3194
-3248
-2141
-1720
-2548
-3087
-2163
-628
-17
-463
-854
-584
68
1071
2571
3619
2910
1085
520
2305
4670
5104
3445
1700
1237
1672
2328
3004
3003
1499
-637
-1470
-583
483
297
-814
-1741
-2335
-2792
-2739
-2110
-1563
-1744
-2554
-3064
-2772
-2268
-1929
-1499
-1007
-812
-1186
-1739
-1511
-474
369
459
-13
-469
-583
-546
-133
757
983
-158
-1565
-1686
-380
710
296
-791
-1456
-1752
-1336
464
2431
1908
-1332
-3280
-611
3730
4488
1768
-325
1
1406
2816
4264
4621
2264
-851
-637
2865
5204
3506
-27
-1421
-232
1020
1055
405
-465
-1594
-2671
-2700
-1548
-958
-2145
-3646
-3439
-2014
-1612
-2827
-3513
-2092
-303
-312
-1183
-925
166
645
725
1801
3460
3421
1536
793
2629
4660
4522
3051
2335
2393
1924
1430
2242
3308
2478
55
-1511
-992
112
65
-607
-952
-1612
-3010
-3824
-2861
-1105
-860
-2502
-3754
-3236
-2283
-2083
-1905
-1035
-442
-1212
-2271
-1778
-196
591
213
-179
-16
-183
-994
-845
785
1669
346
-1616
-1911
-523
436
47
-528
-976
-1811
-1793
430
2824
1722
-2305
-3641
330
4620
4132
672
-999
160
1884
3249
4590
4276
1145
-1598
-67
4229
5900
2905
-914
-1524
294
1559
1539
981
-182
-1984
-3239
-2575
-617
-104
-2123
-4092
-3616
-1887
-1661
-3093
-3415
-1558
-124
-911
-2151
-1589
246
1202
1070
1578
2588
2139
787
1347
3887
5122
3495
1620
2061
3428
3198
1922
1764
2578
2318
710
-360
-111
130
-493
-995
-688
-741
-2167
-3755
-3451
-1499
-646
-2067
-3571
-3422
-2630
-2340
-2033
-1072
-455
-1299
-2401
-1909
-425
152
-288
-283
389
165
-1250
-1674
30
1752
1181
-1007
-2172
-1273
-50
98
-121
-432
-1413
-1860
57
2702
1985
-2037
-3598
266
4627
4194
552
-1360
-42
2187
3796
4861
4145
912
-1620
114
4416
6091
3135
-877
-1767
217
1999
2023
928
-484
-1948
-2827
-2170
-519
-116
-1965
-4012
-3803
-2078
-1637
-2886
-3309
-1841
-571
-1149
-2166
-1517
254
1134
993
1237
1977
1918
1114
1583
3688
4711
3310
1856
2329
3422
3162
2116
2129
2887
2410
720
-362
-194
256
18
-593
-821
-1199
-2354
-3356
-3008
-1601
-949
-2059
-3453
-3582
-2919
-2371
-1903
-1240
-955
-1797
-2788
-2209
-530
305
-147
-733
-719
-613
-822
-569
419
779
-261
-1409
-1212
-161
190
-383
-920
-1123
-950
324
2188
1917
-1311
-3373
-514
4342
5236
1583
-1639
-1165
1478
3871
5174
4565
1516
-1550
-865
3260
6015
4273
334
-1682
-741
1144
2034
1627
417
-1243
-2776
-3044
-1614
-138
-722
-2835
-3830
-2931
-2211
-2859
-3225
-1912
-425
-871
-2554
-2820
-757
1590
2101
1306
960
1197
1203
1623
3367
4896
3994
1773
1386
3038
3852
2773
1880
2366
2636
1414
-81
-282
409
605
-5
-656
-1050
-1774
-2886
-3200
-2051
-858
-1398
-3135
-3962
-3180
-2120
-1792
-1707
-1392
-1385
-1899
-2036
-1307
-480
-219
-200
-154
-434
-1090
-1283
-331
957
910
-702
-2061
-1689
-285
567
220
-1048
-2318
-1858
1041
3511
1740
-2807
-3900
719
5469
4840
753
-1536
-532
1936
4480
5974
4420
183
-2139
655
5456
6721
3207
-933
-1581
612
2501
2643
1314
-633
-2188
-2779
-2032
-429
-212
-2306
-4184
-3688
-2185
-2179
-3460
-3567
-1894
-620
-1238
-2472
-2337
-880
585
1501
1874
1674
858
240
1530
4284
5451
3824
1568
1234
2745
3779
3508
3199
2862
1571
126
-1
1011
1578
652
-862
-1478
-1537
-2014
-2431
-2127
-1592
-1694
-2785
-3937
-3753
-2573
-1813
-1682
-1748
-2048
-2455
-2434
-1621
-449
-94
-682
-1107
-1064
-819
-458
-185
45
64
-616
-1408
-1316
-450
293
128
-952
-2022
-1591
891
3170
2074
-1857
-3691
-170
4822
5282
1549
-1302
-641
1855
4000
5365
4843
1359
-1778
-155
4555
6605
3776
-450
-1709
160
2130
2503
1629
-23
-1856
-2872
-2406
-812
-22
-1646
-3932
-4016
-2519
-2147
-3260
-3664
-2195
-770
-1455
-2900
-2543
-531
1128
1422
1016
961
1099
1059
1909
3956
4968
3528
1549
1597
3387
4193
3031
2152
2660
2583
1100
-43
169
863
842
-81
-993
-1456
-2080
-2796
-2643
-1618
-1101
-2269
-4216
-4447
-2706
-1508
-1716
-2103
-2246
-2315
-2254
-1797
-812
-239
-595
-790
-511
-493
-603
-389
47
286
-114
-725
-618
-24
111
-404
-1197
-1456
-159
2192
3258
1184
-2679
-3637
826
6019
5735
1024
-2238
-1302
1991
4909
5900
4134
173
-2394
-155
4633
6328
3299
-883
-2290
-413
2089
2802
1608
-559
-2479
-2946
-1932
-516
-203
-1788
-3598
-3477
-2326
-2373
-3448
-3377
-1457
-58
-1250
-3220
-2981
-566
1819
2519
1560
335
-64
595
2530
4826
5105
2892
842
1219
3180
4172
3309
2305
2240
1848
620
9
588
1080
327
-893
-1010
-747
-1778
-3208
-3098
-1517
-526
-1764
-3892
-4348
-3046
-1783
-1438
-1577
-1914
-2561
-2950
-2216
-534
500
-403
-1824
-1612
-348
169
-371
-813
-269
315
-145
-815
-723
-321
-393
-626
625
3258
3366
-878
-4274
-1324
5133
7162
2764
-1625
-1299
1207
3061
4911
6035
3552
-1454
-2978
1446
6342
5879
1306
-2038
-1754
206
1378
1424
983
-161
-2356
-4059
-3063
-397
210
-2136
-3970
-3153
-2144
-3143
-3989
-2190
331
86
-2516
-3734
-1673
1468
2606
1629
728
826
1054
1398
2889
4775
4611
2279
947
2372
3984
3126
1469
1790
2906
1967
-279
-901
157
521
-357
-991
-1001
-1479
-2749
-3634
-3035
-1410
-599
-1848
-3960
-4619
-3327
-1586
-755
-989
-1814
-2685
-2851
-1870
-416
397
108
-801
-1308
-1083
-617
-216
3
43
-24
-378
-862
-933
-806
-999
-627
1687
4263
2833
-2661
-5439
-575
6895
8051
2276
-2767
-2268
1292
4484
6646
6524
2388
-2768
-2769
2949
7604
5998
705
-2443
-1568
718
1887
1827
1056
-741
-3165
-4098
-2294
69
-253
-2910
-4333
-3206
-2223
-3169
-3841
-2097
22
-539
-2826
-3426
-1282
1480
2557
1852
760
374
1006
2411
4135
5158
3978
1410
782
3025
4970
3954
1579
968
1869
1774
399
-327
141
86
-1132
-1947
-1702
-1511
-2180
-3376
-3855
-2789
-1463
-1890
-3802
-4743
-3502
-1745
-1331
-1880
-2160
-2136
-2148
-1661
-536
20
-570
-1026
-419
236
-163
-939
-821
126
766
462
-342
-964
-1381
-1385
323
3792
5187
982
-4966
-4517
3033
8727
6200
-113
-2625
-548
2469
5101
7026
5585
218
-3495
-546
5566
7280
3130
-1464
-2074
249
2047
1864
696
-532
-2056
-3463
-3013
-703
229
-2165
-4761
-4013
-1855
-2300
-4305
-3656
-563
456
-2002
-4177
-3000
253
2727
3149
1755
-315
-1116
712
4163
6467
5569
2101
-662
350
4176
6367
4603
1433
1
163
536
1031
1488
768
-1114
-2350
-2035
-1364
-1533
-2330
-3050
-3279
-2881
-2369
-2718
-3736
-3896
-2687
-1528
-1686
-2563
-2808
-2194
-1310
-682
-789
-1338
-1311
-652
-231
-359
-570
-486
-371
-395
-90
471
245
-1068
-1970
-350
3610
5695
2058
-3921
-4280
2407
8204
6597
971
-1563
-21
2361
4861
7226
6135
651
-3464
-829
5516
7806
3700
-1539
-2881
-862
1522
2590
1908
-331
-3218
-4968
-3735
-391
951
-1867
-5354
-5181
-2597
-2039
-3730
-3729
-1235
25
-1620
-3452
-2931
-406
2304
3513
2562
352
-984
296
3621
6389
6342
3378
77
1
3387
6086
5042
2089
344
133
338
769
1237
566
-1317
-2460
-2014
-1487
-1930
-2892
-3695
-3734
-2784
-1796
-2292
-4197
-5096
-3426
-1083
-574
-1800
-3166
-3407
-2163
-519
-7
-556
-976
-894
-844
-1123
-1166
-369
612
653
-157
-969
-1430
-1471
-527
1976
4594
3976
-680
-4619
-2254
4882
8795
5357
-453
-2131
404
3746
6525
7751
4955
-897
-3455
938
7207
7966
2837
-2265
-2969
-269
2443
3155
1681
-1317
-4245
-4881
-2523
359
177
-3242
-5779
-4599
-2375
-2727
-4244
-3411
-914
-324
-2227
-3637
-2476
141
2190
3071
2807
1162
-694
-6
3808
7250
6669
2779
-163
735
3952
5850
4944
2514
192
-997
-369
1410
2039
207
-2435
-3379
-2487
-1632
-1901
-2762
-3548
-4069
-3979
-3158
-2560
-3109
-3980
-3565
-2048
-1356
-2267
-3207
-2544
-848
11
-649
-1578
-1319
-128
381
-412
-1122
-498
620
751
-48
-921
-1475
-852
2022
5280
4378
-1233
-4912
-1072
6167
8237
3877
-660
-1287
755
3856
7172
7763
3304
-2443
-2743
2962
7850
6528
1141
-2574
-2155
487
2631
2984
1230
-2097
-4798
-4317
-1094
977
-895
-4522
-5509
-3360
-1859
-3005
-4144
-2804
-814
-985
-2605
-3041
-1706
116
1819
3285
3185
631
-1764
-64
5071
8153
5837
1146
-811
1102
4082
5602
5135
2808
-596
-2537
-893
2385
2917
-273
-3517
-3764
-2195
-1519
-2207
-2973
-3282
-3602
-3889
-3524
-2794
-2853
-3580
-3238
-1520
-827
-2520
-4115
-2792
166
1249
-298
-2050
-2182
-1122
94
956
923
-297
-1660
-1486
179
1118
-55
-1282
425
3790
3838
-626
-3807
-700
5198
6804
3395
127
-325
594
2552
6197
8405
4892
-1778
-3612
1799
7665
7425
2517
-1538
-2209
-476
2035
3659
2677
-979
-4600
-4828
-1489
1381
-21
-4110
-5788
-3579
-1444
-2464
-4355
-3622
-1254
-703
-2097
-2658
-1658
-580
564
2630
4018
2280
-1106
-1369
3097
7705
7279
2867
-158
614
2974
4661
5289
4361
1350
-1907
-2204
663
2906
1544
-1841
-3789
-3485
-2555
-2126
-2179
-2713
-3763
-4614
-4287
-3121
-2717
-3486
-3657
-2267
-1238
-2269
-3694
-2948
-610
526
-378
-1374
-1180
-793
-909
-521
582
806
-367
-1173
-488
244
-507
-1284
701
4466
4774
-452
-5118
-2365
5078
8234
4465
-295
-1441
-214
2056
5929
8758
5701
-1573
-4524
666
7351
7794
2847
-1416
-2091
-505
1682
3376
3000
-200
-4055
-4901
-1852
1397
562
-3560
-5760
-3660
-1070
-1950
-4374
-4103
-1479
-296
-1476
-2414
-1785
-843
-42
1730
3940
3841
794
-1478
667
5539
7890
5535
1672
200
1375
3314
4954
5508
3556
-491
-3089
-1654
1588
2484
257
-2532
-3911
-3938
-3232
-2296
-1932
-2664
-3890
-4525
-4255
-3626
-3139
-2674
-1977
-1516
-2117
-3371
-3494
-1689
418
824
-355
-1533
-1762
-1171
-106
936
1061
-91
-1312
-1159
-163
-22
-672
-80
2400
4002
1739
-2684
-3712
900
6329
6709
2519
-1212
-1715
410
4224
7971
7834
2376
-3286
-2689
3386
7918
6560
1726
-1898
-2281
-147
2691
3991
2125
-1967
-4898
-4098
-782
1091
-744
-4056
-4941
-3041
-1727
-2839
-4102
-3026
-847
-387
-1800
-2823
-2216
-495
1765
3801
3775
1064
-1474
-279
4210
7686
6857
2976
71
496
3169
5538
5725
3336
-76
-1823
-738
1399
1935
193
-2193
-3306
-2884
-2183
-2260
-3044
-3783
-3872
-3308
-2802
-3166
-4207
-4450
-2871
-785
-691
-2720
-4103
-2963
-645
571
202
-840
-1604
-1527
-606
413
558
-278
-1012
-741
-19
-68
-988
-1503
-269
2417
3955
1793
-2535
-3816
386
5846
6785
2926
-1213
-2035
684
5045
8015
6768
1672
-2664
-1665
3724
7653
6127
1217
-2242
-1996
660
3124
3366
1014
-2264
-4032
-3204
-1008
126
-1132
-3499
-4426
-3359
-2414
-3017
-3704
-2654
-793
-515
-2101
-3275
-2278
240
2511
3429
2559
347
-927
934
4844
7218
5811
2190
42
1244
4343
6111
4835
2049
-70
-622
428
1725
1484
-342
-2309
-2843
-1868
-1187
-2067
-3643
-4321
-3582
-2394
-2134
-3264
-4712
-4647
-2643
-615
-720
-2662
-3978
-3086
-989
358
148
-991
-1893
-1703
-571
303
14
-722
-724
-213
-200
-721
-1126
-1128
-378
1570
3518
2734
-1179
-3990
-1354
4811
7752
4381
-994
-2638
232
4557
7428
7075
3124
-1671
-2514
1982
7158
7356
2456
-2461
-3080
129
3366
3607
1020
-2089
-3796
-3521
-1735
-33
-427
-2944
-4924
-4273
-2357
-1973
-3215
-3523
-1914
-624
-1377
-2602
-2082
-185
1322
1857
2052
2239
2017
1385
1616
3658
5864
5591
3083
1332
1902
3353
4077
4083
3453
1605
-863
-1790
-293
1594
1403
-840
-3105
-3912
-3383
-2426
-1802
-1870
-2642
-3837
-4791
-4618
-3019
-1168
-885
-2343
-3619
-3322
-2253
-1511
-828
-35
-114
-1323
-2149
-1454
-127
478
276
-192
-805
-1351
-1114
-41
537
-367
-1474
-533
2166
3336
965
-2305
-2061
2060
5621
4944
1480
-765
-128
2350
5241
6759
4879
417
-2123
303
5007
6723
3807
-554
-2441
-961
1797
3162
1899
-1160
-3786
-4028
-1949
173
-116
-2745
-4893
-4272
-2087
-1379
-2719
-3617
-2553
-1110
-1046
-1677
-1612
-902
-6
1310
2650
2585
1029
234
1865
4511
5492
4163
2254
1610
2508
3874
4415
3617
1973
529
158
826
1459
998
-385
-1550
-1771
-1422
-1378
-2044
-2946
-3252
-2692
-2003
-2123
-3103
-3929
-3562
-2192
-1150
-1352
-2195
-2564
-2305
-1823
-1127
-335
-190
-1039
-1945
-1675
-380
413
-294
-1505
-1461
-277
371
-185
-1245
-1916
-1475
341
2763
3576
950
-3015
-3476
1027
6102
6487
2248
-1755
-1830
1521
5435
7148
5307
1021
-2126
-937
3610
6809
5261
593
-2574
-1753
1342
3311
2412
-466
-3045
-3529
-1953
-156
-155
-2113
-4046
-4023
-2445
-1472
-2200
-3362
-3208
-1793
-657
-776
-1565
-1811
-977
546
1985
2628
2165
1044
461
1400
3498
5164
4991
3112
1160
884
2519
4519
4931
3143
436
-1103
-480
1292
2296
1601
-231
-2090
-3038
-2537
-1043
-97
-860
-2697
-3960
-3847
-2916
-2051
-1722
-1981
-2578
-2998
-2923
-2547
-2069
-1362
-648
-696
-1621
-2361
-2029
-982
-76
242
-121
-1005
-1695
-1378
-238
599
420
-435
-1101
-709
994
2655
2100
-535
-1927
300
3922
4761
2117
-662
-631
1780
4239
4988
3533
763
-1058
-3
3114
5147
3953
598
-1916
-1525
1134
3332
2762
-213
-2927
-3163
-1262
542
426
-1467
-3347
-3548
-2230
-1160
-1522
-2459
-2464
-1586
-1138
-1538
-1862
-1449
-571
408
1246
1342
369
-571
164
2459
4214
3807
1940
629
1046
2716
4239
4374
2942
1071
338
1223
2571
2834
1697
259
-330
-105
45
-275
-597
-693
-1056
-1840
-2348
-2152
-1846
-2069
-2466
-2411
-2218
-2553
-3016
-2663
-1747
-1445
-1966
-2388
-2219
-1855
-1592
-1224
-731
-612
-1125
-1630
-1327
-454
83
-43
-355
-498
-669
-956
-689
783
2566
2559
167
-2201
-1609
1752
4540
4061
1114
-1221
-887
1607
4138
4738
2957
338
-747
651
3049
4100
2949
765
-646
-318
1282
2615
2214
100
-1911
-1928
-223
935
52
-1836
-2722
-2118
-1272
-1366
-2175
-2586
-2133
-1531
-1584
-2126
-2395
-1988
-1148
-394
-51
-140
-441
-519
3
1015
1971
2399
2200
1602
1206
1730
3125
4228
3887
2413
1314
1548
2536
3154
3007
2320
1326
363
-25
314
763
602
-192
-1138
-1899
-2361
-2361
-1886
-1475
-1803
-2775
-3546
-3511
-2908
-2348
-2080
-2027
-2227
-2712
-3018
-2520
-1364
-483
-543
-1250
-1774
-1592
-854
-109
241
210
19
-224
-498
-624
-194
1025
2411
2567
776
-1530
-1742
927
4039
4396
1632
-1346
-1543
1069
3847
4299
2335
-36
-702
715
2722
3444
2342
568
-270
399
1727
2339
1581
77
-900
-679
201
615
-25
-1259
-2060
-1812
-1007
-788
-1632
-2684
-2784
-1919
-1238
-1596
-2516
-2834
-2091
-1006
-570
-920
-1299
-1002
-152
547
735
787
1175
1748
1965
1783
1855
2628
3554
3642
2752
1916
2108
3022
3490
2956
2029
1531
1462
1238
721
427
571
508
-383
-1646
-2206
-1747
-1087
-1139
-1918
-2685
-2883
-2640
-2392
-2292
-2146
-1882
-1841
-2304
-2840
-2612
-1487
-443
-503
-1476
-2159
-1750
-675
66
38
-331
-491
-365
-211
-129
40
276
415
476
581
674
482
18
-36
754
1778
2005
1038
-260
-448
836
2435
2879
1807
317
-142
785
2157
2718
2065
868
131
311
1071
1677
1575
725
-332
-848
-546
54
145
-506
-1367
-1805
-1722
-1508
-1511
-1731
-1946
-2002
-1970
-1998
-2073
-1992
-1630
-1169
-928
-976
-1024
-750
-154
459
803
887
922
1098
1461
1923
2307
2430
2345
2322
2469
2626
2590
2419
2399
2506
2357
1875
1417
1328
1508
1469
968
312
-87
-167
-186
-386
-747
-1115
-1401
-1585
-1659
-1663
-1726
-1942
-2205
-2281
-2079
-1805
-1770
-2020
-2221
-2005
-1443
-1034
-1139
-1516
-1591
-1126
-449
-91
-214
-507
-569
-259
236
583
612
434
291
332
530
748
895
939
849
636
432
437
685
919
870
571
310
300
442
479
352
206
166
221
211
21
-231
-327
-167
90
141
-135
-534
-728
-574
-234
-26
-142
-497
-809
-841
-591
-285
-176
-327
-565
-675
-587
-406
-243
-127
-41
7
-6
-72
-89
79
463
865
967
674
307
314
814
1440
1732
1525
1057
734
831
1352
1925
2083
1634
908
562
879
1461
1671
1332
765
346
213
177
271
472
334
-111
-658
-1102
-1077
-750
-500
-602
-1041
-1495
-1696
-1560
-1225
-903
-812
-992
-1284
-1450
-1296
-867
-389
-134
-197
-445
-622
-513
-99
425
733
624
209
-120
-33
419
854
922
597
145
-137
-116
121
352
359
72
-367
-695
-743
-576
-399
-392
-586
-871
-1104
-1173
-1059
-867
-738
-735
-834
-1006
-1162
-1110
-773
-370
-219
-416
-734
-842
-587
-130
204
213
-53
-334
-358
-58
351
582
511
267
88
129
363
639
811
807
652
470
426
600
910
1151
1163
966
749
698
868
1148
1359
1368
1153
844
675
810
1149
1358
1182
731
387
398
631
752
616
361
171
73
-12
-102
-125
-69
-63
-200
-398
-508
-484
-383
-294
-270
-293
-333
-376
-394
-318
-124
76
138
28
-117
-109
79
275
312
197
79
60
101
123
140
199
239
156
-54
-273
-418
-503
-603
-784
-1055
-1323
-1432
-1295
-1012
-754
-575
-390
-137
137
363
530
632
607
434
181
-56
-222
-321
-418
-581
-770
-859
-821
-790
-843
-837
-647
-447
-470
-583
-475
-188
-22
-14
65
231
258
118
100
343
586
550
340
246
360
568
744
805
738
646
665
808
948
965
868
783
790
861
908
865
740
627
620
685
701
597
432
310
293
332
329
243
122
47
34
40
16
-25
-33
8
52
44
-22
-76
-27
123
276
326
240
132
139
281
487
603
566
454
335
315
464
636
678
585
413
281
282
351
409
395
273
98
-55
-152
-168
-132
-118
-185
-363
-607
-785
-802
-680
-550
-574
-806
-1113
-1274
-1172
-902
-708
-775
-1059
-1326
-1356
-1125
-810
-638
-700
-896
-1046
-1017
-816
-554
-369
-338
-446
-576
-586
-401
-85
184
247
105
-55
-21
238
521
614
503
324
233
286
375
394
383
336
280
229
132
86
101
114
125
36
-117
-230
-257
-208
-189
-230
-337
-452
-475
-436
-375
-349
-389
-444
-474
-447
-383
-311
-260
-241
-233
-231
-190
-120
-27
69
114
142
138
155
220
307
405
439
419
380
367
410
467
501
488
431
373
339
321
317
292
251
199
136
69
9
-39
-67
-86
-104
-181
-264
-357
-388
-296
-326
-332
-407
-488
-533
-472
-392
-336
-352
-398
-433
-398
-314
-210
-154
-148
-152
-118
-46
37
102
148
192
254
308
338
351
372
415
484
547
552
503
455
448
487
536
546
482
391
318
303
311
307
270
187
114
39
0
-40
-76
-118
-156
-205
-261
-333
-382
-400
-380
-360
-373
-419
-482
-510
-504
-445
-396
-374
-395
-430
-427
-382
-301
-230
-190
-183
-193
-182
-151
-75
0
69
78
53
24
26
90
171
230
221
144
73
46
108
190
225
174
66
-27
-44
-5
68
72
15
-93
-181
-198
-166
-110
-93
-131
-214
-287
-315
-281
-205
-153
-147
-211
-278
-303
-252
-136
-36
-9
-54
-134
-134
-62
83
189
219
177
125
138
236
367
465
478
432
384
393
462
554
612
612
562
502
472
476
516
547
520
444
318
234
198
225
239
176
49
-84
-151
-146
-120
-132
-197
-256
-296
-297
-280
-247
-226
-210
-200
-188
-171
-145
-106
-71
-57
-57
-64
-42
-16
9
14
15
-2
-2
5
4
0
-14
-46
-68
-86
-110
-131
-135
-162
-178
-202
-233
-274
-294
-307
-315
-328
-341
-366
-395
-402
-393
-392
-395
-397
-396
-389
-370
-354
-336
-312
-279
-255
-221
-192
-159
-107
-64
-12
34
77
113
168
210
271
325
365
397
425
461
504
542
570
578
591
584
592
595
596
575
569
525
488
452
411
372
338
294
240
172
110
72
22
-13
-55
-117
-181
-217
-252
-267
-286
-308
-335
-354
-362
-368
-356
-340
-317
-313
-293
-284
-262
-236
-190
-153
-132
-116
-93
-71
-45
-5
30
40
37
42
54
65
82
90
80
62
48
37
30
19
9
-2
-26
-63
-90
-109
-122
-138
-161
-192
-224
-253
-266
-292
-290
-302
-335
-359
-383
-360
-387
-369
-356
-370
-389
-391
-377
-350
-319
-289
-262
-237
-224
-185
-142
-74
-34
26
57
95
124
184
249
305
340
371
384
404
431
474
504
511
500
478
460
452
448
440
411
362
311
262
222
193
156
118
57
0
-51
-94
-127
-145
-167
-213
-242
-284
-297
-307
-283
-289
-284
-301
-303
-321
-296
-243
-212
-199
-204
-196
-160
-121
-76
-31
-8
-3
9
22
57
105
133
160
158
139
143
150
175
200
197
175
142
112
104
113
116
98
60
6
-34
-54
-61
-67
-94
-139
-190
-233
-252
-255
-261
-272
-298
-335
-349
-357
-347
-325
-308
-304
-300
-304
-291
-251
-194
-153
-120
-112
-102
-41
-21
52
107
143
150
170
191
232
280
319
346
349
327
332
341
364
369
367
349
302
273
258
252
243
217
180
122
80
47
33
23
-8
-47
-106
-149
-175
-190
-187
-204
-229
-265
-296
-299
-289
-265
-256
-259
-265
-278
-268
-238
-195
-164
-150
-144
-139
-128
-92
-37
3
19
22
26
35
59
102
138
148
141
135
130
144
156
172
164
146
114
88
82
82
76
58
20
-21
-48
-72
-86
-80
-104
-130
-164
-189
-207
-202
-192
-183
-196
-217
-221
-213
-197
-161
-127
-123
-126
-111
-92
-57
-6
26
47
56
60
95
133
165
209
218
213
219
219
251
273
284
286
271
259
280
251
260
259
228
211
179
148
128
117
93
70
23
-18
-56
-82
-102
-126
-147
-181
-218
-239
-265
-272
-275
-279
-293
-309
-326
-327
-294
-277
-264
-254
-255
-235
-216
-178
-138
-110
-82
-70
-41
-15
29
61
102
123
131
143
158
181
212
219
228
201
204
194
188
197
178
167
127
112
111
75
62
47
23
-5
-36
-62
-90
-102
-104
-127
-147
-158
-177
-187
-179
-178
-182
-179
-182
-178
-169
-152
-132
-114
-102
-90
-75
-53
-25
-4
24
40
56
74
102
117
135
163
182
185
190
203
215
227
239
240
231
218
210
208
212
194
179
153
134
102
91
72
44
25
-13
-45
-40
-91
-115
-134
-157
-177
-199
-217
-223
-246
-255
-251
-254
-257
-246
-246
-232
-218
-200
-183
-161
-134
-116
-90
-69
-33
-11
13
49
67
102
112
135
154
170
183
195
200
205
209
213
203
200
185
170
160
148
131
110
93
67
43
25
2
-18
-44
-55
-84
-106
-113
-135
-148
-164
-172
-175
-195
-195
-196
-201
-203
-202
-192
-191
-187
-172
-161
-149
-133
-114
-95
-78
-57
-33
-15
10
34
53
76
98
122
138
155
178
187
200
211
219
220
222
224
216
209
200
187
170
150
130
105
81
54
26
-3
-29
-59
-87
-109
-138
-156
-178
-199
-210
-226
-236
-241
-249
-248
-246
-240
-234
-225
-207
-192
-178
-156
-127
-109
-89
-48
-31
-7
29
51
79
103
127
150
168
188
201
216
229
233
239
247
244
242
244
233
227
219
201
194
175
154
139
118
94
74
47
26
3
-24
-46
-72
-91
-115
-135
-157
-172
-186
-198
-210
-219
-227
-227
-226
-223
-217
-214
-195
-186
-173
-165
-154
-124
-107
-79
-58
-30
-2
21
43
64
84
105
123
136
151
154
164
161
166
160
158
148
138
124
108
93
70
53
30
13
-6
-31
-51
-73
-92
-105
-132
-139
-162
-163
-174
-179
-185
-192
-186
-186
-179
-179
-168
-157
-140
-133
-116
-102
-81
-66
-44
-23
-1
18
44
63
86
97
118
137
156
176
189
208
220
228
238
238
244
242
238
241
225
218
199
189
169
147
126
106
80
58
24
5
-24
-50
-72
-103
-119
-139
-158
-172
-187
-193
-200
-209
-204
-212
-198
-193
-183
-174
-160
-147
-126
-106
-88
-68
-50
-27
-7
18
34
55
64
86
91
109
119
120
131
128
127
135
124
124
118
104
96
84
67
57
36
21
-4
-22
-42
-66
-81
-103
-127
-133
-162
-171
-182
-203
-206
-218
-222
-230
-226
-228
-228
-215
-212
-201
-183
-174
-153
-137
-111
-93
-61
-48
-9
1
43
63
90
117
139
156
183
204
214
234
244
255
264
276
273
269
272
267
256
266
234
232
207
187
174
153
135
108
85
59
36
14
-5
-29
-48
-68
-86
-96
-108
-120
-124
-132
-133
-138
-129
-133
-120
-117
-107
-95
-84
-79
-62
-50
-38
-25
-12
-2
14
17
28
38
41
45
48
50
49
47
38
41
31
26
16
2
-8
-21
-44
-49
-64
-82
-93
-110
-128
-118
-148
-161
-179
-193
-208
-211
-234
-233
-243
-246
-247
-249
-245
-247
-236
-223
-212
-208
-185
-167
-136
-120
-100
-79
-46
-17
16
44
66
94
127
159
183
199
216
234
258
260
274
267
278
269
270
250
247
223
215
189
165
143
121
92
78
43
11
-2
-13
-33
-48
-81
-90
-83
-86
-111
-121
-119
-103
-88
-75
-84
-87
-74
-55
-23
3
0
-4
6
22
47
59
60
63
75
89
95
97
92
97
104
128
140
159
155
158
156
186
210
236
231
229
229
247
258
249
224
201
189
184
160
109
42
-19
-60
-88
-133
-202
-285
-348
-389
-421
-465
-507
-544
-566
-554
-532
-523
-535
-511
-456
-379
-313
-246
-193
-128
-49
44
133
205
262
316
373
424
458
471
466
459
451
440
411
358
283
209
149
100
42
-35
-122
-199
-252
-290
-333
-380
-422
-437
-432
-415
-411
-407
-390
-346
-285
-224
-179
-146
-105
-46
17
65
100
130
160
187
202
202
194
185
176
161
141
107
63
19
-16
-44
-74
-92
-108
-135
-160
-166
-156
-148
-140
-122
-101
-75
-37
-8
11
34
60
91
124
136
139
142
134
123
114
90
67
43
3
-40
-80
-126
-162
-193
-228
-257
-283
-303
-319
-331
-333
-329
-309
-276
-249
-224
-200
-170
-125
-70
-25
13
51
94
139
169
190
208
227
248
261
265
268
262
250
242
233
224
213
187
166
150
126
105
94
82
80
73
60
55
53
49
57
63
67
78
86
86
92
93
97
110
119
121
124
120
111
104
103
101
102
106
92
81
84
74
63
69
66
73
83
78
78
88
94
96
109
129
138
144
155
158
171
186
179
184
190
180
184
174
164
161
138
131
107
86
74
38
25
1
-27
-44
-76
-94
-115
-130
-151
-165
-172
-184
-185
-191
-196
-188
-186
-181
-168
-161
-146
-129
-117
-100
-84
-69
-54
-39
-29
-17
-5
5
18
21
33
35
40
49
39
43
41
36
36
34
38
20
22
18
9
47
22
21
26
13
22
14
7
9
10
-2
4
-1
3
-6
-13
-12
-12
-14
-8
-14
-13
-18
-17
-5
-3
-1
5
11
22
28
35
47
56
65
71
80
85
84
88
90
93
96
91
87
88
75
65
55
45
28
11
-14
-32
-36
-60
-69
-76
-72
-58
-65
-46
-32
-24
-15
1
-1
-3
0
-5
-7
-27
-14
-31
-27
-33
-28
-27
-32
-22
-24
-24
-22
-22
-23
-22
-23
-19
-22
-19
-14
-18
-14
-11
-10
-9
-7
-8
-4
-9
-5
-8
-8
-8
-8
-11
-9
-13
-13
-13
-14
-15
-19
-15
-22
-22
-23
-25
-27
-26
-27
-25
-25
-22
-21
-16
-11
-11
-4
3
5
12
18
23
26
35
42
43
48
58
58
62
66
71
73
73
79
73
79
75
77
73
76
67
71
62
65
54
54
49
47
39
37
34
34
29
29
27
28
25
25
24
27
20
25
23
28
21
18
25
27
20
17
18
18
15
9
1
2
-2
-12
-16
-18
-23
-28
-37
-33
-33
-54
-47
-36
-55
-58
-47
-57
-57
-56
-61
-54
-56
-58
-52
-50
-50
-45
-42
-40
-39
-34
-32
-32
-28
-28
-28
-25
-27
-28
-24
-30
-31
-28
-31
-37
-38
-40
-42
-42
-46
-51
-49
-48
-49
-50
-48
-46
-42
-38
-36
-30
-24
-20
-13
-2
4
8
15
23
30
36
39
45
50
53
60
60
54
60
67
59
55
59
57
49
48
47
37
32
32
26
19
15
8
5
1
-6
-9
-14
-14
-17
-21
-24
-22
-23
-22
-22
-26
-19
-16
-16
-14
-14
-10
-4
-2
-5
1
3
7
9
7
10
12
15
10
15
11
12
8
11
10
4
1
6
-1
3
0
-6
-9
2
-16
-11
-14
-16
-18
-21
-27
-24
-30
-29
-29
-37
-32
-29
-35
-30
-31
-27
-24
-25
-22
-16
-18
-6
-5
-2
4
15
16
19
28
34
36
41
50
51
48
59
62
58
61
66
62
67
65
64
61
63
60
61
51
48
48
46
43
34
31
32
28
27
23
17
18
28
6
12
12
7
5
-1
-4
-2
-4
-16
-5
-14
-12
-15
-15
-16
-16
-17
-15
-18
-17
-16
-18
-13
-16
-15
-14
-15
-16
-14
-14
-13
-15
-15
-14
-14
-14
-13
-13
-15
-16
-15
-14
-14
-17
-16
-17
-19
-19
-15
-18
-24
-20
-22
-24
-24
-18
-26
-29
-23
-27
-28
-28
-20
-32
-29
-30
-24
-30
-26
-29
-24
-28
-23
-23
-20
-24
-20
-16
-11
-14
-10
-5
-1
-3
7
7
12
9
20
19
24
25
30
29
28
33
35
35
33
35
31
30
29
29
25
22
23
19
16
11
10
3
-1
-4
-6
-11
-20
-23
-22
-26
-27
-31
-27
-40
-32
-32
-19
-36
-30
-34
-26
-34
-28
-25
-27
-30
-30
-19
-22
-23
-20
-13
-14
-15
-11
-8
-7
-8
-6
-3
-4
-2
0
2
6
5
1
7
4
-5
-3
-3
-10
-9
-7
-11
-11
-12
-15
-17
-18
-20
-24
-24
-24
-26
-28
-26
-26
-29
-26
-26
-22
-20
-22
-16
-16
-14
-14
-13
3
-7
-3
14
3
9
15
19
25
25
31
37
36
36
40
43
42
45
48
48
49
49
44
47
45
40
42
36
34
33
24
24
22
15
9
10
7
-2
-2
-7
-14
-13
-24
-23
-25
-35
-29
-35
-36
-34
-42
-36
-38
-41
-36
-34
-36
-35
-29
-32
-32
-27
-30
-31
-21
-23
-23
-15
-20
-19
-12
-15
-10
-8
-9
-1
-2
-4
-2
-6
-10
-7
-1
-5
-10
-8
-4
-10
-12
-3
-8
-19
-19
-16
-18
-19
-23
-24
-16
-18
-21
-17
-19
-20
-18
-21
-13
-8
-17
-14
-8
-13
-7
1
-1
2
10
12
11
15
13
14
25
25
18
20
22
27
31
23
25
34
29
28
26
22
22
18
19
20
19
17
7
8
12
4
4
3
-4
-2
-4
-9
-8
-13
-17
-11
-10
-12
-16
-18
-17
-18
-16
-13
-17
-17
-12
-12
-16
-16
-9
-5
-7
-9
-9
-10
-7
1
6
2
0
1
1
-6
-12
-6
-3
-7
-10
-12
-9
-5
-9
-23
-17
-15
-19
-16
-25
-23
-27
-24
-26
-24
-30
-26
-26
-23
-24
-25
-24
-25
-20
-26
-24
-14
-10
-13
-14
4
-12
1
6
4
18
11
17
20
21
23
24
32
29
38
33
36
34
38
40
31
37
37
29
36
30
26
29
24
27
23
16
16
17
12
14
9
24
8
7
13
-1
1
-1
-6
-3
-8
-5
-8
-7
-7
-13
-9
-2
-10
-7
-2
-5
-4
-2
-1
-6
0
-2
-1
-3
5
4
8
2
2
8
2
5
4
7
0
10
4
-7
2
4
4
-1
0
-5
-10
-8
-4
-7
-12
-9
-15
-10
-14
-15
-7
-19
-12
-15
-17
-2
-5
-8
-5
-9
-7
-5
-10
-9
-7
-8
-6
-6
-5
-4
-4
1
3
5
6
4
6
7
5
4
4
4
6
5
2
5
8
8
9
7
5
5
2
-1
3
6
5
5
0
-6
-3
-5
-8
-4
-6
-9
-5
-9
-12
-10
-8
-9
-8
-4
-4
-8
-9
-18
-16
-4
-5
-8
-7
-9
-7
-6
-9
-8
-7
-6
-8
-9
-8
-11
-10
-5
-4
-4
-3
-5
-2
0
-4
-5
-3
-4
-4
-5
-6
-2
0
0
2
0
-4
-6
-5
-4
-2
-4
-4
2
4
3
1
1
0
0
-4
-4
-3
-5
-2
-6
-5
-5
-7
-3
-4
-5
-2
-5
-7
4
-2
1
1
0
0
-1
-1
-1
-1
2
-1
0
0
