1.68795 2.31926 2.21459 1.03382 1.15954 1.77979 0.971922 0.90089 0.642146 0.0282094 0.34283 0.00153951 
2.38627 1.69696 1.55006 1.31714 1.48448 1.68057 1.16044 0.885886 0.495863 -0.0256071 0.145822 0.0401375 
2.78762 1.78414 2.0768 2.20159 1.85114 1.22951 1.11769 0.80675 0.226805 -0.0898034 0.194052 0.0330825 
3.55821 1.99012 0.873861 1.69617 2.07162 0.949043 0.899232 1.31439 0.467758 -0.610694 -0.20288 -0.0117329 
3.2227 0.713286 1.36071 3.77435 3.60454 1.81584 1.65959 1.73379 0.271572 -0.862884 -0.0956118 0.199624 
3.75762 1.01243 0.0218842 2.7749 3.3815 0.902647 0.760349 1.80923 0.362321 -0.922277 -0.0454063 0.137325 
3.81951 -0.22945 0.667531 4.4026 4.02572 1.52278 1.62941 1.68148 -0.194675 -0.808275 -0.0641118 0.242109 
4.78371 -0.271425 -0.371009 3.93362 3.37033 0.879256 1.32841 1.53035 0.0797611 -0.839211 -0.0863849 0.191473 
3.83252 -0.545285 0.463446 4.18109 3.67736 1.27066 1.35216 1.48284 -0.145679 -0.793502 -0.0566925 0.208907 
4.32139 -0.809444 -0.195235 3.80457 3.22733 1.1171 1.5401 1.5522 -0.0755316 -0.923755 -0.123951 0.196573 
4.30012 -1.15886 -0.849292 3.96162 3.95712 1.22286 1.50328 1.76646 -0.260456 -0.866388 -0.0818121 0.243782 
4.05248 -1.02592 -1.16108 3.39534 3.7065 1.29392 1.47792 1.64832 -0.232766 -0.898317 -0.0848069 0.220477 
4.26858 -1.6171 -1.16076 3.29955 3.42112 1.4816 1.83726 1.81367 -0.191034 -0.984712 -0.0928248 0.213634 
4.28584 -1.61936 -1.0847 2.88394 3.20819 1.63133 1.96756 1.91411 -0.14449 -1.00356 -0.0749593 0.204373 
3.45666 -0.716552 -0.687862 2.61274 3.11655 1.64913 1.90496 1.90749 -0.137617 -1.05467 -0.0331483 0.198872 
3.87184 -0.0351308 -0.829974 2.2747 2.87757 1.27792 1.79702 2.0642 -0.119697 -1.0612 -0.0783613 0.184642 
4.17214 -0.973538 -1.4418 2.78265 3.5435 1.5731 2.00231 2.12727 -0.249122 -0.904387 -0.0950962 0.207497 
4.41719 -1.4612 -1.20403 2.57324 3.33441 1.98091 1.9795 1.85219 -0.189717 -0.887419 -0.0422977 0.19002 
3.27703 -0.849342 -0.940238 2.3234 3.20134 2.07358 2.08138 1.64811 -0.302797 -0.875858 0.0499753 0.160277 
4.13154 -0.484204 -1.14445 2.43354 3.092 1.59926 1.97542 1.61644 -0.497165 -0.761579 -0.0259672 0.162352 
4.78865 -1.14666 -1.71335 3.13698 3.88363 1.71163 1.93237 1.61455 -0.646947 -0.656572 0.0252516 0.185161 
5.4146 -2.13431 -1.95593 3.65032 4.07952 1.86663 1.85542 1.51022 -0.3528 -0.696607 0.081284 0.194717 
3.95377 -1.20096 -1.66935 2.82083 3.94642 1.94475 1.74912 1.47197 -0.334249 -0.611398 0.0208428 0.175387 
4.47312 -1.602 -1.766 2.96416 3.95929 2.1347 1.76756 1.41804 -0.239089 -0.640958 0.0136804 0.182523 
6.27204 -2.6691 -1.37981 3.31251 3.49224 1.99109 1.7429 1.3951 -0.133769 -0.674168 -0.00718379 0.18028 
5.41819 -1.31153 -2.03543 3.18234 4.16421 1.87609 1.71288 1.38338 -0.495902 -0.641642 0.0150968 0.181809 
4.50751 -1.15215 -2.08599 3.33367 4.45689 1.78599 1.81446 1.38808 -0.542211 -0.446525 0.0183891 0.186972 
4.63222 -1.23843 -1.83295 3.31324 4.24136 1.95779 1.96352 1.26426 -0.709885 -0.393704 0.108688 0.164756 
4.35155 -0.963564 -1.44328 2.56336 3.56032 2.31411 2.28041 1.27731 -0.623121 -0.40618 0.0792288 0.133391 
3.97257 -0.280821 -0.971018 2.089 3.10164 2.26816 2.19236 1.33326 -0.265709 -0.40856 0.0339394 0.111009 
4.95459 -0.823316 -1.77956 2.99364 3.93878 2.01969 2.08728 1.53603 -0.241365 -0.489854 0.00558199 0.161129 
4.21315 -0.486852 -1.5563 2.30009 3.89125 2.2908 1.82073 1.5829 0.0333683 -0.519104 -0.0705777 0.14751 
4.34471 -0.210782 -1.26468 2.42472 3.73167 2.13662 1.72331 1.52468 0.131828 -0.515715 -0.061904 0.149549 
3.54569 -0.268843 -0.683494 2.52192 3.73606 2.46499 1.78734 1.23361 -0.0795516 -0.50685 0.0884428 0.169231 
4.74319 -0.652625 -1.25734 3.23438 4.19209 2.36863 2.09809 1.27754 -0.482954 -0.332259 0.0830389 0.170957 
4.31514 -0.313727 -1.18211 2.60329 3.75477 2.52524 2.55118 1.24538 -0.648086 -0.315989 0.126362 0.174289 
3.88886 0.108694 -0.826328 1.81754 3.30638 2.89874 2.45512 1.09921 -0.51793 -0.300148 0.106651 0.142015 
4.49532 -0.207572 -1.76672 1.70756 3.75795 2.84421 2.45161 1.36505 -0.506832 -0.374167 0.0615848 0.159401 
3.5998 -0.196084 -1.65886 1.1722 3.70187 3.33729 2.33057 1.29255 -0.187653 -0.502762 0.107294 0.122842 
4.34731 -0.102568 -2.01883 1.42334 4.02663 3.31818 2.22774 1.011 -0.0795308 -0.19081 0.0329145 0.0977728 
3.13406 0.55859 -0.444566 1.37743 3.42968 3.26806 1.79424 0.678566 0.147929 -0.0908255 -0.0371751 0.057838 
3.76998 0.750733 -0.992833 0.802911 3.32152 3.43326 1.96593 0.673919 0.0425632 -0.175222 -0.0276038 0.04293 
2.58792 0.340597 -0.428503 1.09414 3.11364 3.37979 2.01808 0.541334 0.0262993 0.0384909 0.0107953 0.0638659 
3.6984 0.763004 -1.39088 0.501588 3.57837 3.92044 2.39591 0.534127 -0.107507 -0.00675124 0.104489 0.0839545 
3.77137 0.736613 -0.95258 0.370809 3.52025 3.92728 2.30323 0.633629 -0.0689214 -0.0257026 0.030903 0.0673347 
4.37865 1.4108 -0.930004 0.260574 3.29504 3.9472 2.09404 0.769619 0.111888 -0.307382 0.0278462 0.0687831 
3.91359 1.24588 -0.44418 0.708896 3.67194 4.18546 2.41347 0.252538 -0.0317327 -0.138891 0.0241448 0.10672 
3.26249 2.27921 1.07056 0.99749 1.50033 3.1536 2.7769 0.802765 -0.224288 -0.504621 0.116792 0.066312 
2.84982 1.9922 1.28834 1.54047 1.96471 2.62806 1.83138 0.975872 0.131875 -0.190329 -0.0252832 0.0340777 
3.04649 2.50998 1.54365 1.1913 0.864503 2.91546 2.49139 1.53316 0.256992 -0.268122 -0.089895 -0.00369291 
2.84359 2.33496 1.88986 1.00539 1.26304 2.85289 2.73713 1.73365 0.0155677 -0.198441 -0.0299735 0.00618305 
2.60579 2.34442 2.20505 1.71056 1.39472 1.55019 1.60424 1.35983 0.0765847 0.637923 0.129089 0.00565533 
2.54596 2.34361 2.19342 1.8324 1.66987 1.30401 1.05843 1.01386 0.404607 0.364017 0.316342 0.00179396 
2.27487 2.4006 2.38454 1.69143 1.62118 1.33008 1.3291 1.22657 0.416004 0.470523 0.091725 0.00378043 
1.79959 2.55625 2.41553 2.60296 1.4164 1.66162 1.59513 0.871594 0.345297 0.481641 0.0984673 0.00901355 
1.78279 2.54359 2.1372 2.45864 1.41591 2.14161 1.19065 1.20077 0.0618616 0.515832 0.0539934 0.0211388 
1.67875 2.16218 2.14014 2.23211 1.3999 1.81395 0.686037 1.36974 0.103565 0.429151 0.0571061 -0.00712021 