-9.12483
-49.5529
85.7932
-106.24
106.447
-63.1754
37.8948
-11.322
-17.4741
27.7877
-51.7501
64.2609
-60.0993
62.9426
-62.2965
66.0186
-90.4204
80.0806
-75.0402
41.8497
6.25541
-20.1107
45.3652
-31.9755
1.86105
-2.97274
-22.7473
-4.73048
33.9398
-48.2346
87.1115
-85.1472
78.3228
-70.2064
23.3934
-6.48822
-10.0037
29.9849
-10.4431
19.4385
-6.48822
-6.48822
-15.2769
1.86105
-10.8826
4.49767
40.0919
-46.4768
79.2017
-73.7218
29.1061
-9.56427
-49.5529
61.6243
-54.8261
65.1398
-29.3389
24.7117
-14.8375
-22.7473
9.33146
-20.1107
6.25541
26.9089
-17.0347
18.999
-2.09387
-22.3079
-1.65443
-0.336124
-12.2009
17.2413
18.1202
-24.5051
46.6835
-35.0515
-4.29104
9.33146
-61.4177
80.9594
-95.6936
141.602
-134.803
143.799
-114.589
46.6835
-27.1417
-28.0206
45.3652
-20.5502
44.4863
-22.3079
28.6666
-49.9923
26.03
-53.0684
34.3793
-24.9445
57.2299
-36.3698
67.3369
-84.2683
70.413
-89.981
53.275
-30.6572
15.4836
36.5765
-40.3248
64.7003
-97.8908
62.5031
-60.5388
7.57371
51.0778
-56.1444
97.658
-70.6458
63.382
-83.3894
51.5173
-66.2514
37.4553
9.33146
-26.7023
66.8975
-49.9923
27.7877
-15.2769
-41.2036
43.168
-57.0233
77.8834
-43.4008
21.1962
41.4102
-120.302
154.345
-191.051
150.83
-91.2993
47.5623
11.5286
-15.7164
11.5286
-4.29104
-32.4149
40.0919
-84.2683
101.173
-87.7838
91.0665
-30.2177
-19.2318
55.9116
-115.029
116.993
-141.395
136.768
-93.057
83.596
-16.1558
-38.567
57.6694
-104.482
84.0355
-64.4937
51.5173
7.57371
-0.336124
25.1511
-42.5219
0.982183
-19.2318
-0.775559
2.73992
38.7736
-56.5839
109.962
-135.243
121.827
-124.696
86.6721
-64.0543
63.8215
-44.7191
29.5455
-1.65443
-25.8234
30.4244
-49.5529
43.168
-44.7191
82.2777
-80.3134
75.2468
-47.7952
-3.41217
11.0892
-4.29104
-10.4431
13.7258
0.982183
-4.73048
0.103312
19.8779
-53.9473
68.2158
-42.0825
20.3173
-3.41217
12.4075
-42.0825
50.199
-33.7332
-0.336124
22.954
-15.2769
-31.9755
61.6243
-69.3275
49.7595
4.05823
0.103312
0.542747
7.13428
-20.9896
-43.4008
73.9285
-74.6007
50.6384
44.9257
-91.7387
82.7172
-44.7191
-45.598
75.6862
-66.2514
49.7595
-17.0347
46.6835
-73.7218
62.0637
-47.7952
-13.9586
35.2581
-6.48822
-45.598
104.25
-86.4655
44.0469
0.542747
-22.3079
-33.2938
80.52
-89.5415
57.2299
32.1821
-57.4627
34.3793
1.86105
-49.5529
15.0441
33.061
-35.491
17.2413
61.6243
-107.558
77.444
-10.0037
-80.7528
84.9144
-43.8402
1.42162
26.9089
18.5596
-65.3726
62.0637
-45.1585
-13.0798
-4.73048
43.168
-92.6176
136.768
-66.2514
0.103312
27.7877
-50.8712
-24.9445
36.5765
-20.9896
4.9371
81.8383
-57.4627
35.6976
-22.7473
-34.6121
16.3624
-20.5502
58.1088
-56.1444
98.5369
-69.3275
15.923
-13.0798
-18.7924
-32.8543
100.295
-90.4204
82.7172
-6.92766
-48.674
65.5792
-96.1331
80.0806
-124.257
144.238
-105.801
55.0327
20.7568
-76.7979
47.1229
-11.322
-44.2797
35.6976
-4.73048
-18.7924
42.7286
-40.3248
41.8497
-96.1331
100.295
-82.95
29.5455
51.9567
-79.8739
89.3087
-58.3416
44.9257
-62.736
66.8975
-60.5388
38.7736
35.2581
-24.9445
26.9089
3.17936
-28.8994
1.42162
-8.6854
-11.322
14.6047
22.5145
4.05823
-6.92766
20.7568
-44.2797
-22.7473
33.9398
-71.9641
84.0355
-47.3557
72.1707
-71.0852
59.8665
-86.4655
16.8019
-16.5952
8.45259
8.45259
31.3032
19.8779
-59.2205
92.3848
-134.803
91.0665
-55.2656
25.5906
31.7427
-13.9586
60.306
-62.2965
40.9708
-20.9896
-74.6007
126.661
-82.5106
40.5314
106.007
-149.305
165.77
-148.426
55.4722
-39.8853
-24.5051
111.72
-137.001
200.925
-168.2
57.2299
-10.0037
-71.0852
27.7877
24.2723
-44.7191
86.6721
-69.7669
72.6102
-132.167
87.551
-82.95
-4.29104
92.3848
-81.1922
43.168
51.9567
-103.164
83.596
-63.1754
-29.7783
59.4271
-58.3416
104.25
-79.4345
96.7791
-76.7979
6.25541
25.1511
-51.3106
15.0441
96.3397
-135.682
215.427
-191.051
134.571
-114.15
22.5145
23.8328
-88.6627
177.635
-153.699
138.965
-27.5811
-95.2542
117.872
-180.505
101.613
-29.3389
-23.6262
120.069
-111.953
97.658
-59.2205
-82.5106
149.951
-220.933
216.306
-115.468
54.1539
91.5059
-156.336
157.421
-220.054
152.587
-92.1781
48.8806
70.8524
-35.9304
18.999
33.061
-136.122
141.162
-172.595
125.342
-35.0515
15.4836
99.8552
-129.97
88.4298
-93.057
-48.674
110.402
-129.97
124.024
-54.3867
9.77089
11.0892
-75.919
45.8046
-113.271
69.0947
-14.8375
2.73992
41.4102
-47.3557
-29.7783
28.2272
-98.7697
108.644
-133.046
137.647
-97.4514
47.1229
-11.7614
-39.4459
-24.9445
44.0469
-44.2797
58.1088
0.103312
-30.2177
49.3201
-75.0402
72.6102
-119.863
103.81
-77.6768
46.6835
0.982183
8.45259
-13.5192
15.4836
-24.0656
11.5286
-14.3981
23.8328
-17.0347
-25.3839
79.2017
-111.953
110.402
-48.2346
2.73992
26.03
-20.5502
25.5906
-4.29104
25.1511
-2.5333
-28.8994
92.3848
-85.5866
66.0186
-10.0037
-24.5051
41.8497
37.8948
-11.322
-4.73048
37.0159
-45.598
44.4863
-1.65443
37.4553
-80.3134
178.075
-128.212
78.3228
25.5906
-94.3753
61.1848
44.4863
-64.9331
103.81
-80.3134
97.2185
-128.212
137.207
-102.285
-49.5529
184.666
-210.826
193.015
-87.7838
-22.7473
10.2103
-1.65443
-38.567
15.4836
-40.3248
116.993
-205.113
246.187
-229.282
63.8215
88.8693
-226.645
265.962
-245.981
162.694
-104.922
20.3173
18.5596
-86.9049
82.7172
-39.4459
-40.7642
126.661
-212.583
157.421
-97.4514
-55.705
134.571
-208.189
206.199
-180.944
133.252
-86.026
-54.3867
120.509
-165.124
127.1
-26.7023
-132.606
200.925
-249.496
185.106
-94.8147
-30.6572
156.982
-205.992
251.46
-247.299
174.999
-139.198
33.9398
84.4749
-106.68
105.128
22.0751
-128.651
199.168
-183.141
63.382
43.6074
-75.0402
156.542
-140.077
171.923
-200.719
170.604
-66.2514
-66.2514
171.044
-104.482
19.8779
128.858
-190.612
119.63
-99.2091
72.1707
-40.3248
44.0469
79.6411
-167.322
218.942
-176.989
11.9681
84.4749
-81.1922
58.9877
71.7313
-90.4204
73.9285
-104.482
89.7481
-105.801
80.9594
77.8834
-160.73
254.976
-236.752
106.447
-67.1303
-17.9135
51.0778
-21.8685
71.7313
-42.5219
-13.0798
27.3483
-95.2542
51.0778
11.5286
-61.4177
134.571
-130.848
81.8383
-88.2232
-22.3079
63.8215
-113.271
169.725
-100.527
38.7736
22.5145
-122.499
91.5059
-97.4514
91.9453
-41.6431
28.2272
46.244
-98.7697
80.0806
-39.8853
-53.5078
116.114
-109.756
87.1115
-19.2318
-26.7023
32.1821
-89.1021
122.266
-154.139
154.345
-46.0374
-49.5529
98.9763
-105.801
21.6356
20.3173
-39.4459
30.8638
-29.7783
46.244
-67.5697
56.3511
16.3624
-88.2232
120.509
-95.2542
19.8779
24.2723
-33.7332
14.6047
5.81597
4.05823
-6.48822
9.33146
27.3483
-71.9641
95.0214
-74.6007
38.3342
26.9089
-47.3557
32.6215
-47.3557
29.1061
-53.5078
92.3848
-57.0233
53.275
-24.0656
-8.24596
-46.0374
44.9257
-79.8739
81.3989
-38.1276
24.7117
11.5286
-47.7952
58.1088
-111.074
139.844
-135.243
130.176
-61.8571
4.05823
13.2864
-38.1276
-0.775559
24.7117
-6.92766
33.9398
23.3934
-31.9755
40.5314
-100.967
105.128
-144.032
171.044
-103.164
56.7905
44.4863
-125.136
119.19
-104.922
76.1256
-27.5811
54.5933
-32.4149
10.6498
-40.3248
2.30049
-77.6768
113.038
-97.4514
82.2777
53.275
-146.229
171.483
-209.068
138.525
-111.074
86.2327
4.05823
-46.0374
109.962
-154.139
64.2609
-18.353
-49.9923
94.1425
-15.7164
2.73992
51.9567
-114.589
89.3087
-142.713
97.658
-14.8375
-29.3389
168.847
-187.975
169.286
-182.702
69.5341
-70.2064
32.1821
56.3511
-20.5502
59.4271
-23.1868
-58.3416
6.25541
-13.9586
-45.1585
117.433
-89.1021
126.221
-121.62
98.0974
-133.046
19.8779
26.9089
-82.5106
121.827
-30.2177
14.6047
-17.4741
23.3934
-97.0119
79.6411
-39.0064
55.0327
-34.1727
101.173
-93.4964
6.69484
60.306
-150.623
137.647
-48.674
41.4102
4.05823
38.7736
-53.0684
-20.5502
42.2891
-78.9951
40.9708
28.2272
-16.5952
-26.7023
97.2185
-155.017
112.599
-99.6485
45.8046
-36.8093
15.923
58.9877
-151.941
200.046
-235.874
180.711
-126.894
120.509
-101.846
80.9594
-28.46
-21.429
58.9877
-28.0206
27.3483
-39.8853
104.689
-147.108
143.359
-111.074
54.1539
-47.3557
108.204
-90.8598
67.7764
3.17936
-104.482
71.7313
-31.0966
-2.5333
5.37654
74.8073
-139.198
69.0947
-10.8826
-113.71
109.083
-37.2487
-17.9135
70.8524
-20.1107
1.86105
-55.2656
91.5059
-176.55
151.269
2.30049
-56.1444
130.616
-71.9641
-26.7023
41.8497
-11.7614
-40.3248
74.3679
23.3934
-49.5529
115.675
-25.3839
-140.077
169.725
-196.764
91.0665
39.2131
-39.8853
16.3624
-5.60935
2.30049
-118.544
142.92
-123.817
-33.7332
155.663
-156.336
75.6862
42.2891
-157.215
48.8806
29.1061
-41.6431
24.2723
116.993
-138.319
58.9877
57.6694
-116.347
48.4412
60.306
-90.8598
51.9567
165.331
-186.657
137.647
-24.0656
-123.378
96.3397
42.7286
-91.7387
68.2158
60.306
-125.575
83.1566
33.061
-159.851
53.275
54.5933
-149.305
151.709
-38.567
-88.6627
19.4385
60.7454
-151.941
117.872
-4.29104
-112.832
94.5819
46.6835
-136.122
113.038
-47.7952
-106.68
148.193
-42.5219
36.137
-33.2938
118.311
-162.048
132.813
10.6498
-135.243
165.331
-107.998
51.0778
57.2299
-13.5192
-13.5192
-56.5839
94.1425
-173.034
174.559
-80.7528
-16.1558
59.4271
-7.80653
-30.6572
11.9681
-31.9755
-101.846
117.433
-98.7697
111.28
-63.1754
48.4412
-98.7697
63.382
-65.812
25.5906
3.6188
-14.8375
32.1821
-3.85161
11.0892
-54.8261
49.7595
-90.4204
110.841
-40.7642
67.7764
-17.0347
28.2272
-42.5219
50.6384
-43.4008
29.9849
-16.5952
11.5286
69.0947
-55.2656
109.523
-163.806
122.706
-169.519
152.148
-75.0402
11.9681
88.4298
-159.851
145.556
-117.665
19.4385
-50.4318
32.6215
-55.705
53.275
54.1539
-107.998
71.7313
-33.2938
-75.919
89.3087
-13.5192
-31.9755
64.7003
43.168
-117.665
140.723
-92.6176
-60.5388
143.799
-77.6768
64.2609
41.8497
22.5145
-155.896
191.697
-144.032
-30.2177
177.196
-158.093
75.2468
49.3201
-52.1895
-65.812
119.63
-169.958
30.4244
76.1256
-59.2205
-16.1558
142.48
-213.023
91.5059
-6.04878
-108.437
116.114
-60.0993
71.2919
-62.2965
127.1
-154.139
113.917
-100.967
46.244
7.13428
-1.21499
86.6721
-74.1613
85.7932
-66.6909
20.7568
-42.0825
63.382
-78.9951
67.7764
38.3342
-100.088
77.444
-20.5502
-139.637
106.007
-32.8543
-74.6007
136.328
-16.5952
-155.017
140.283
-71.5247
-151.502
240.914
-138.758
-10.4431
145.117
-51.7501
-118.105
199.168
-128.212
-95.6936
262.007
-180.065
40.5314
115.235
-80.7528
-126.015
218.063
-158.093
-2.97274
177.196
-122.939
-63.6148
145.996
-109.316
-94.8147
202.683
-141.395
-42.0825
179.393
-118.105
-117.665
204.88
-152.82
-97.4514
296.722
-191.491
-24.0656
156.982
-104.922
-112.832
272.993
-120.741
-84.7077
284.857
-193.248
-30.2177
206.199
-153.699
-64.9331
227.291
-89.981
-63.1754
228.61
-147.547
-94.3753
146.435
-62.736
-131.727
263.325
-115.908
-95.6936
153.027
-78.5556
-142.274
171.483
-31.536
-133.046
187.303
11.5286
-197.643
186.863
-64.4937
-144.91
165.331
37.0159
-137.44
139.844
47.5623
-252.133
195.213
-30.2177
-129.97
128.418
68.6552
-185.338
127.54
28.6666
-224.448
120.069
0.103312
-126.015
98.0974
74.3679
-181.823
96.7791
8.01315
-182.262
61.1848
60.306
-149.744
87.9904
101.613
-168.2
31.7427
82.7172
-199.84
76.1256
120.069
-159.851
87.1115
88.4298
-162.488
32.1821
126.661
-163.367
67.3369
147.314
-181.384
104.25
63.8215
-130.409
9.77089
115.675
-120.302
62.9426
129.297
-145.789
71.7313
58.5482
-118.544
30.4244
91.9453
-85.5866
36.5765
102.931
-93.9359
24.2723
62.0637
-57.0233
4.49767
113.038
-45.1585
44.0469
91.0665
-50.8712
28.2272
35.2581
-24.0656
-10.0037
95.0214
-31.9755
22.954
71.2919
-57.9022
-15.7164
17.6807
-37.2487
-6.92766
35.6976
0.103312
-36.8093
56.3511
-85.1472
-24.9445
-10.8826
-47.3557
-30.6572
46.244
-16.5952
-21.8685
-2.97274
-47.3557
-59.6599
2.30049
-31.9755
-18.7924
32.1821
-36.3698
-23.1868
5.37654
-52.1895
-15.7164
13.7258
0.542747
-5.60935
23.3934
-22.3079
-30.6572
2.30049
-45.598
-5.60935
5.37654
-36.3698
-17.9135
8.89202
-2.97274
-38.567
-5.60935
-24.9445
-46.4768
10.2103
3.6188
3.6188
23.3934
18.5596
-5.16991
-9.56427
0.542747
-31.9755
20.3173
30.8638
11.5286
57.6694
34.3793
32.1821
31.7427
44.0469
49.7595
43.6074
81.8383
91.5059
96.7791
89.7481
93.7031
78.7623
46.6835
63.382
73.0496
75.2468
88.8693
93.2636
70.413
52.8356
34.3793
25.1511
43.168
49.7595
56.3511
66.8975
45.8046
5.81597
-9.56427
-26.2628
-24.5051
-8.24596
3.17936
21.1962
18.5596
-2.97274
-43.8402
-71.0852
-96.1331
-77.2373
-34.1727
-30.6572
-25.8234
-108.877
-153.699
-141.395
-180.065
-177.868
-183.141
-194.127
-202.476
-226.206
-245.102
-267.073
-303.107
-331.67
-320.685
-328.594
-341.777
-319.366
-326.837
-379.569
-394.07
-364.628
-330.792
-284.651
-249.496
-212.583
-176.55
-167.322
-151.062
-70.2064
70.413
265.962
465.905
563.46
563.899
486.998
494.908
612.676
763.403
941.814
1023.55
1044.2
955.436
808.665
734.4
642.119
582.355
595.099
641.24
611.797
478.209
302.435
99.4157
-83.8289
-181.823
-151.502
-88.2232
-85.5866
-126.015
-206.431
-339.58
-502.611
-586.543
-532.932
-424.391
-314.093
-191.93
-161.17
-255.209
-328.155
-297.834
-220.933
-143.153
-38.1276
74.8073
101.173
52.8356
24.7117
1.86105
-58.781
-89.981
-41.6431
-1.21499
-57.4627
-170.837
-291.242
-436.696
-575.118
-625.213
-617.743
-682.34
-852.841
-1033.45
-1151.66
-1195.16
-1138.91
-999.173
-903.815
-971.488
-1135.84
-1230.32
-1134.96
-740.345
-21.8685
723.414
1066.61
956.315
711.989
608.282
772.631
1272.71
1974.93
2518.95
2646.38
2383.6
1865.51
1209.87
625.859
402.187
621.904
1009.05
1193.17
956.754
236.52
-813.731
-1717.65
-2019.54
-1739.18
-1236.47
-790.002
-572.042
-738.148
-1207.03
-1622.73
-1755.88
-1602.96
-1099.36
-245.541
519.955
711.11
437.342
184.666
213.669
515.122
1002.02
1459.91
1652.82
1632.17
1622.5
1624.26
1431.78
1049.91
757.251
743.189
930.828
1138.68
1148.35
759.448
101.173
-370.341
-445.045
-380.448
-393.191
-400.662
-397.586
-531.174
-775.061
-989.945
-1208.34
-1475.52
-1537.48
-1251.85
-929.303
-919.635
-1105.08
-1231.63
-1275.14
-1243.5
-1128.81
-974.565
-981.156
-1073
-1011.04
-892.39
-896.784
-1064.21
-1128.81
-1048.39
-971.928
-914.801
-938.531
-915.241
-650.261
94.1425
1123.74
1628.21
1323.24
719.899
378.018
563.899
1316.21
2360.31
3175.9
3346.4
2943.88
2292.64
1523.19
794.603
459.753
675.955
1159.33
1492.43
1380.37
606.524
-727.162
-1929.02
-2287.16
-1829.71
-1104.2
-511.839
-253.012
-496.898
-1144.63
-1756.32
-2024.82
-1944.4
-1413.12
-327.716
854.366
1368.94
1073.2
552.913
316.936
452.722
915.887
1546.92
1973.17
1992.5
1880.01
1855.4
1669.96
1154.94
657.059
500.62
589.386
765.16
937.859
806.028
204.441
-458.228
-710.903
-677.067
-672.233
-653.337
-536.447
-532.932
-770.666
-1066.41
-1315.57
-1641.19
-1943.08
-1878.04
-1479.92
-1191.65
-1190.33
-1294.47
-1444.32
-1672.39
-1770.38
-1551.98
-1186.81
-892.39
-666.96
-540.402
-669.596
-997.415
-1180.66
-1023.78
-719.692
-510.96
-419.118
-459.107
-621.258
-505.247
294.525
1401.02
2039.52
2040.84
1730.16
1344.34
1164.61
1546.04
2356.8
3026.93
3259.4
3100.32
2489.94
1413.33
307.708
-253.89
-183.581
191.697
561.702
610.479
-26.7023
-1241.3
-2306.49
-2676.5
-2403.17
-1662.72
-632.244
154.785
188.182
-343.975
-896.784
-1229.88
-1225.04
-612.47
537.093
1541.2
1834.75
1544.72
1085.51
689.578
541.048
783.177
1203.72
1409.37
1390.04
1393.11
1357.08
1057.39
613.555
322.649
222.897
261.128
512.485
847.335
883.808
570.93
273.872
129.737
-30.6572
-153.699
-56.1444
75.6862
-66.6909
-394.07
-710.024
-1120.9
-1654.37
-1992.74
-2010.31
-1981.31
-2053.38
-2092.93
-2092.93
-2144.34
-2172.47
-2089.85
-1957.58
-1768.62
-1426.3
-1016.31
-811.534
-888.435
-1007.96
-998.733
-933.258
-799.669
-458.228
-99.2091
-141.395
-533.811
-792.199
-605.878
118.311
1354.88
2595.85
3039.68
2542.24
1774.98
1338.62
1393.11
1989.43
2984.75
3790.23
3846.92
3135.04
1906.37
418.446
-789.562
-1078.71
-501.732
200.046
437.781
62.9426
-934.576
-2255.52
-3130.87
-3006.51
-2105.23
-942.046
145.996
785.814
644.755
-75.919
-782.531
-1101.12
-885.359
-27.1417
1169.44
1898.9
1717.42
1033.22
380.654
-74.1613
-130.848
415.809
1151.86
1428.71
1320.17
1274.91
1179.11
786.253
484.361
674.637
1090.34
1421.68
1740.71
1884.4
1455.07
693.093
276.508
257.612
185.985
61.1848
75.2468
-113.271
-808.019
-1617.02
-2158.84
-2584.66
-2868.53
-2640.02
-2119.29
-2019.98
-2348.68
-2514.35
-2449.31
-2402.29
-2077.99
-1251.41
-528.098
-386.6
-406.374
-282.893
-371.659
-686.295
-721.45
-525.901
-558.859
-652.019
-451.636
-370.78
-836.582
-1377.09
-1456.63
-1233.39
-731.557
456.677
1974.05
2688.13
2410.41
2043.92
1894.07
1631.73
1680.94
2638.47
3824.07
4176.94
3743.21
2893.35
1462.11
-206.431
-1014.11
-729.799
-303.547
-254.769
-339.141
-725.405
-1790.16
-2959.93
-3312.36
-2874.24
-2104.79
-971.488
349.894
983.12
607.843
-19.2318
-362.431
-494.701
-170.398
877.216
1991.19
2271.98
1873.86
1428.27
870.625
178.954
56.3511
683.425
1293.8
1442.77
1395.75
1252.05
742.31
113.478
66.4581
522.592
866.67
1154.5
1575.92
1576.36
822.287
8.01315
-252.572
-275.423
-336.504
-148.426
103.81
-300.031
-1308.1
-2095.56
-2409.32
-2610.14
-2586.41
-2051.62
-1548.03
-1707.1
-2134.67
-2239.26
-2199.27
-2146.54
-1623.17
-693.326
-150.184
-205.552
-327.716
-388.797
-619.94
-741.224
-453.394
-166.882
-274.544
-385.282
-305.744
-499.535
-1001.81
-1263.71
-1118.7
-886.238
-286.848
1042.88
2413.92
2822.6
2530.81
2257.04
1889.24
1517.47
1593.5
2562.89
3503.28
3586.34
3199.19
2101.48
510.727
-1100.68
-1849.92
-1635.91
-1367.42
-1045.31
-860.751
-1238.23
-2259.47
-3118.57
-3336.09
-2839.09
-1708.86
-113.71
1485.83
1940.21
1692.37
1154.94
534.896
214.548
458.874
1492.43
2304.06
2418.32
2054.46
1472.21
557.747
-162.927
-195.445
181.151
570.051
645.634
988.394
1014.76
706.276
526.108
511.167
746.265
786.693
1234.92
1681.82
1621.62
1236.67
750.22
477.77
-16.1558
-392.752
-491.625
-641.912
-1045.31
-1642.95
-2132.92
-2600.04
-2940.16
-2942.8
-2665.51
-2423.38
-2299.9
-2133.36
-1995.81
-1918.47
-1770.82
-1406.09
-877.01
-380.887
28.6666
230.807
173.68
-97.0119
-330.792
-395.389
-381.327
-305.744
-358.915
-323.321
-494.262
-881.404
-1283.93
-1642.07
-1529.13
-1312.05
-445.045
1039.37
2606.4
3467.69
3089.77
2467.09
1755.21
1431.78
1640.52
2608.15
3771.78
4015.23
3430.78
2001.73
266.401
-1603.84
-2551.7
-2261.67
-1472.01
-826.914
-1022.02
-1492.66
-2475.68
-3344.88
-3347.96
-2598.72
-1063.33
612.237
2225.84
3116.58
2716.25
1825.52
1070.13
551.595
706.276
1413.33
2303.18
2561.57
1797.39
1016.52
73.0496
-778.576
-1098.05
-699.478
230.807
532.699
617.51
684.304
562.141
256.734
64.7003
523.471
991.03
1337.74
1699.4
1820.24
1314.45
385.049
-137.44
-304.425
-562.814
-858.993
-945.562
-1166.16
-1828.83
-2504.24
-2851.39
-2998.16
-2996.85
-2562.24
-1832.34
-1484.75
-1608.23
-1720.73
-1587.14
-1395.54
-932.379
-10.8826
814.377
1058.7
777.904
559.505
101.173
-398.025
-369.901
-135.682
-33.7332
-464.38
-665.202
-907.77
-1484.75
-1870.57
-2022.62
-1927.26
-1949.67
-1121.34
520.395
2080.39
2911.36
2869.18
2443.8
1462.54
940.495
1365.87
2500.05
3671.15
4031.92
3599.08
1968.77
-115.908
-1679.86
-2424.26
-2304.74
-1868.38
-1089.26
-608.075
-839.218
-1453.99
-2318.36
-2738.02
-2488.42
-964.458
1397.51
3244.89
4100.48
3712.01
2777.34
1522.75
666.727
762.963
1288.09
1954.27
2183.66
1872.1
903.143
-407.693
-1410.48
-1911.88
-1793.23
-1236.47
-495.58
147.754
575.324
692.214
481.725
184.227
95.0214
414.93
1000.7
1584.27
1905.93
1701.16
982.242
98.9763
-570.723
-1061.57
-1347.21
-1339.74
-1293.59
-1564.73
-2142.58
-2491.94
-2759.11
-2889.62
-2490.62
-1829.27
-1196.48
-866.024
-533.371
-319.366
-386.16
-168.2
263.325
953.239
1340.38
1190.97
1277.1
980.044
262.446
-277.18
-456.47
-595.332
-1047.51
-1206.59
-1560.33
-1967.69
-2249.37
-2598.72
-2778.89
-2997.73
-2813.6
-2106.99
-170.398
2165.64
3496.25
3632.48
2719.33
1740.27
1063.54
1442.33
2462.26
3777.93
4689.32
4163.75
2726.36
736.597
-1109.47
-2600.04
-2727.03
-1924.62
-1224.16
-557.101
-362.87
-840.537
-2183.45
-2975.31
-2684.41
-1113.87
1299.07
3249.73
4292.95
3947.11
2845.45
1318.85
437.781
363.956
769.555
1459.03
1523.19
1132.53
227.291
-606.318
-1364.78
-1550.66
-1256.24
-1284.37
-987.308
-372.977
303.753
451.843
708.473
930.388
781.859
680.349
698.366
1298.64
1459.91
1078.92
627.617
374.942
-115.468
-857.235
-966.655
-1286.56
-1832.34
-2223.44
-2071.4
-1772.14
-1837.62
-1668.43
-1587.14
-1512.43
-1225.92
-841.855
-488.549
-213.023
117.872
572.688
973.013
870.625
689.138
660.135
323.528
-100.088
-267.073
-439.772
-813.292
-1213.62
-1562.09
-2025.69
-2538.08
-2617.17
-2324.07
-2311.33
-2525.77
-2520.06
-2332.86
-1689.53
65.5792
2613.43
4193.2
3974.8
2985.19
2199.48
1635.68
1549.55
2779.09
4356.67
4840.05
3883.83
2321.64
647.831
-1435.09
-2660.24
-2661.12
-1842.45
-1031.69
-560.616
-339.58
-1194.28
-2468.21
-3323.35
-2796.02
-1145.5
998.94
3176.34
4192.32
3873.73
2466.22
1244.58
397.792
128.418
711.989
1455.51
1898.9
1470.01
794.603
-283.333
-1494.42
-2128.08
-2208.94
-1620.1
-753.089
300.238
863.594
628.935
204.441
-51.3106
-97.0119
68.2158
769.555
1708.19
2090.5
1701.6
1066.61
445.251
-334.747
-929.742
-924.469
-629.168
-625.213
-947.759
-1267.23
-1676.78
-2172.03
-2400.53
-2109.63
-1566.92
-1047.07
-470.093
-173.474
-120.741
-289.045
-255.209
36.5765
207.517
551.155
611.797
535.775
119.19
-488.549
-993.46
-1505.4
-1479.04
-1461.9
-1505.84
-1781.81
-1954.95
-1994.05
-2255.08
-2329.78
-2500.72
-2523.14
-2254.2
-682.779
1849.69
3718.61
4221.76
3465.93
2497.42
1299.07
901.385
2043.04
3843.41
4884.87
4357.98
3280.05
1811.9
-120.741
-1825.75
-2464.69
-2089.41
-1492.66
-705.191
52.3961
-117.226
-1478.16
-2860.62
-3214.81
-2436.57
-644.109
1722.69
3597.32
4019.18
3153.49
1768.83
492.71
-190.612
-0.775559
804.71
1576.8
1894.51
1674.35
893.036
-329.913
-1509.36
-2176.86
-2257.72
-1754.12
-689.81
428.992
901.825
714.186
350.773
-57.0233
-467.456
-368.583
516.001
1542.08
2021.07
2007.01
1628.21
722.975
-391.873
-951.714
-838.779
-602.363
-485.473
-418.239
-630.926
-1285.68
-1964.17
-2217.73
-2128.52
-1896.06
-1463.66
-870.858
-374.735
-102.725
-19.2318
-125.136
-330.792
-375.614
-141.834
144.678
201.365
-7.36709
-343.535
-735.512
-1147.26
-1459.26
-1661.84
-1896.94
-2119.29
-2110.51
-1992.3
-2121.05
-2520.94
-2857.55
-2642.66
-1337.98
1005.53
3262.03
4168.15
3557.33
2228.48
1124.62
936.101
1918.24
3622.81
4953.42
5000
3888.67
2340.54
663.211
-1007.96
-2035.8
-1999.33
-1365.66
-642.791
-58.781
-187.975
-1399.94
-2987.62
-3774.65
-3177.45
-1399.5
857.002
2596.73
3136.35
2593.21
1513.52
616.192
301.995
362.638
792.845
1508.69
1943.29
2060.18
1856.72
906.659
-481.957
-1566.92
-2008.56
-1764.23
-955.669
145.117
872.383
811.741
404.823
-88.2232
-643.23
-893.708
-537.326
420.204
1429.15
1901.1
1991.62
1648.43
606.524
-469.214
-862.509
-781.652
-595.771
-315.411
-104.482
-365.068
-1056.74
-1725.12
-2202.79
-2497.65
-2432.17
-1880.68
-1036.96
-390.994
-260.921
-435.377
-681.022
-982.914
-1033.89
-616.864
-155.896
37.0159
88.4298
16.8019
-313.654
-879.646
-1464.1
-1947.04
-2193.12
-1884.64
-1297.55
-1129.25
-1482.99
-2093.37
-2495.89
-1911.88
-60.5388
2275.94
3752
3749.81
2899.94
2012.72
1536.81
1824.64
2888.07
4107.51
4561.44
4113.66
3344.21
2157.73
386.807
-1147.26
-1765.11
-1627.13
-1083.11
-391.873
-98.3302
-862.948
-2383.39
-3536.47
-3630.51
-2625.52
-964.897
666.287
1727.52
1883.52
1368.94
806.467
387.246
180.711
405.702
915.008
1407.62
1840.9
2077.75
1750.81
907.538
122.706
-434.059
-986.429
-1150.78
-552.267
222.458
687.38
996.304
972.135
355.167
-448.121
-779.455
-383.084
339.347
931.267
1447.16
1736.31
1375.54
584.992
-35.9304
-446.803
-937.652
-1239.54
-958.745
-512.718
-387.479
-557.54
-1119.14
-2042.39
-2779.33
-2868.97
-2298.14
-1442.56
-756.605
-443.287
-485.912
-758.362
-1050.59
-1139.79
-994.339
-795.275
-548.752
-209.947
-48.674
-234.555
-652.898
-1271.62
-1861.35
-1917.59
-1496.17
-1196.04
-1204.39
-1355.56
-1587.14
-1470.25
-364.628
1447.6
2848.08
3158.77
2643.31
1970.53
1611.51
1812.34
2672.75
3788.48
4343.48
3997.21
3195.24
2314.17
1177.35
-118.984
-938.97
-1101.56
-968.852
-703.433
-509.202
-873.494
-1879.8
-2958.62
-3457.37
-3064.52
-1919.35
-568.526
447.009
927.752
922.478
635.088
363.077
271.235
387.246
714.186
1176.03
1693.25
2181.46
2351.52
1984.59
1350.49
755.053
139.844
-394.07
-444.605
-5.60935
518.198
905.78
1059.58
792.405
107.765
-623.895
-924.469
-612.909
24.7117
599.493
977.847
1077.16
739.673
156.103
-267.073
-578.194
-923.59
-1023.78
-724.965
-336.504
-180.505
-394.51
-995.218
-1812.57
-2456.78
-2513.47
-1959.78
-1233.83
-743.861
-586.543
-648.503
-745.619
-822.52
-928.863
-1014.55
-1005.33
-866.463
-573.36
-238.071
-60.9782
-274.104
-921.393
-1541
-1680.74
-1513.75
-1363.03
-1257.56
-1236.47
-1304.58
-1118.7
-172.155
1293.8
2314.61
2452.15
2079.95
1694.13
1504.29
1808.38
2631.44
3555.14
3918.55
3601.72
3091.09
2413.48
1500.78
339.347
-426.149
-803.185
-972.367
-753.968
-618.182
-606.318
-1344.57
-2338.57
-2975.75
-3046.94
-2281.01
-1402.57
-481.957
-51.7501
104.689
88.8693
58.9877
323.088
476.012
689.138
719.899
1158.46
1783.33
2269.35
2453.47
2161.69
1847.93
1150.98
682.107
553.792
719.459
965.543
915.447
940.056
674.197
190.379
-346.611
-693.326
-731.117
-676.627
-461.743
-163.367
67.7764
51.0778
-120.302
-372.977
-653.777
-864.266
-939.849
-779.455
-524.143
-381.766
-372.977
-505.247
-848.447
-1237.35
-1461.9
-1472.88
-1265.03
-937.213
-637.957
-485.473
-457.349
-442.408
-491.625
-598.847
-646.306
-677.946
-713.1
-666.52
-514.915
-372.099
-468.774
-805.821
-1079.15
-1182.86
-1244.82
-1303.7
-1417.95
-1605.15
-1676.34
-1279.97
-329.034
773.51
1521.87
1705.55
1505.17
1153.18
1006.85
1222.61
1723.13
2309.34
2656.49
2830.07
2848.08
2719.33
2264.07
1437.5
603.448
-35.0515
-258.724
-179.626
41.4102
73.0496
-290.364
-925.787
-1576.59
-1815.64
-1731.71
-1496.17
-1305.02
-1086.62
-807.14
-567.647
-275.862
-63.1754
18.999
-126.894
-193.248
82.2777
652.226
1304.79
1736.31
1958.23
1861.99
1576.8
1221.29
975.65
867.988
743.628
719.459
759.448
845.577
750.659
471.618
121.827
-321.563
-657.732
-773.303
-636.639
-451.197
-329.473
-235.434
-212.583
-281.135
-441.969
-623.456
-773.303
-842.294
-817.686
-718.813
-626.092
-632.244
-727.162
-826.914
-863.827
-869.1
-872.616
-840.976
-743.861
-588.301
-383.963
-157.215
22.0751
107.765
97.658
9.33146
-73.2824
-68.0092
-34.1727
-58.3416
-99.2091
-134.364
-238.51
-406.814
-595.332
-871.737
-1262.83
-1619.22
-1800.26
-1768.18
-1502.77
-1037.84
-519.749
-101.406
130.176
158.3
59.8665
-17.9135
57.6694
356.046
850.411
1415.09
1895.83
2185.42
2241.22
2088.3
1816.29
1530.22
1304.35
1171.64
1122.86
1103.09
1036.73
876.338
639.042
393.398
196.97
71.7313
17.6807
-9.56427
-92.6176
-249.496
-415.163
-494.262
-448.121
-343.975
-273.226
-283.333
-358.037
-430.543
-471.85
-466.577
-400.222
-350.566
-352.324
-302.668
-160.291
9.33146
121.827
145.117
127.979
102.052
109.523
240.914
455.358
605.645
632.451
586.75
533.578
475.133
416.688
403.945
433.826
444.373
417.567
379.776
304.632
120.509
-159.412
-426.589
-601.044
-658.171
-598.408
-477.124
-401.98
-452.515
-605.439
-787.365
-935.015
-1008.4
-996.976
-901.179
-749.574
-616.425
-536.008
-496.019
-492.064
-507.884
-517.552
-504.369
-463.501
-452.955
-504.369
-558.419
-590.937
-634.002
-688.492
-711.782
-685.855
-682.34
-746.058
-842.734
-929.742
-946.441
-817.686
-500.853
-33.2938
410.097
647.392
664.53
537.533
364.395
276.069
383.291
678.152
1043.76
1368.51
1616.79
1749.5
1713.46
1521.43
1271.83
1070.57
980.923
1021.35
1145.71
1239.31
1196.25
1016.52
788.011
600.372
469.86
356.046
216.745
43.6074
-142.274
-314.972
-454.273
-560.177
-663.884
-790.441
-893.269
-896.784
-811.095
-725.844
-699.917
-729.799
-792.199
-814.61
-687.174
-384.403
-16.5952
282.66
458.874
514.682
482.603
419.325
397.353
475.572
610.04
773.07
918.523
998.061
940.935
729.127
454.04
231.686
109.962
57.6694
104.25
109.962
33.9398
-151.502
-376.493
-591.377
-713.1
-766.272
-739.027
-662.565
-592.695
-578.194
-637.957
-746.498
-840.537
-855.038
-745.179
-546.994
-338.701
-209.947
-198.082
-279.817
-380.448
-435.377
-416.482
-340.899
-245.981
-162.048
-117.226
-133.485
-227.964
-387.918
-553.146
-648.064
-634.002
-546.115
-472.729
-490.307
-602.363
-721.01
-740.345
-597.089
-318.487
-2.09387
239.596
362.638
379.776
346.378
354.728
431.629
595.538
837.667
1125.5
1403.66
1585.15
1642.27
1553.95
1365.43
1199.32
1090.34
1060.9
1050.35
1035.85
1005.53
849.971
713.307
564.778
416.249
264.204
109.962
-38.567
-163.806
-272.347
-387.918
-519.749
-614.227
-675.748
-687.174
-663.884
-643.23
-649.822
-683.658
-721.01
-732.875
-702.993
-624.774
-497.338
-318.048
-109.756
84.9144
213.669
243.99
183.787
100.734
69.9736
133.692
264.204
388.125
433.387
391.201
303.314
201.804
98.0974
0.542747
-85.5866
-141.395
-144.032
-102.725
-77.6768
-113.271
-202.476
-296.516
-316.29
-237.631
-86.9049
61.6243
133.252
118.751
40.9708
-40.7642
-88.2232
-102.725
-87.7838
-61.8571
-17.9135
2.73992
-5.60935
-37.6881
-167.761
-314.532
-401.541
-433.18
-388.358
-345.293
-344.854
-402.42
-508.324
-599.726
-666.96
-696.841
-705.63
-708.267
-697.281
-691.129
-695.084
-726.723
-775.061
-774.182
-676.627
-467.895
-208.629
5.81597
115.235
125.782
106.447
132.813
241.353
422.84
642.997
867.549
1083.75
1276.66
1418.16
1481.88
1458.59
1387.4
1326.76
1307.86
1305.67
1256.45
1126.38
949.284
801.194
733.082
716.823
661.893
497.105
219.821
-99.2091
-368.583
-543.039
-637.957
-697.281
-755.286
-815.049
-857.235
-874.373
-899.421
-963.139
-1042.24
-1081.35
-1040.04
-920.514
-766.272
-642.791
-565.89
-491.625
-381.766
-249.057
-139.637
-90.4204
-94.3753
-100.967
-53.0684
58.9877
196.092
306.39
370.547
412.733
477.77
576.203
667.606
700.124
658.817
585.431
539.73
545.003
574.006
581.037
548.958
500.181
466.344
450.525
416.249
327.483
185.985
37.8948
-63.6148
-107.998
-138.758
-209.507
-333.428
-462.183
-532.053
-522.825
-474.048
-453.834
-499.095
-579.951
-637.078
-634.002
-584.785
-543.478
-543.918
-584.346
-633.123
-651.579
-654.216
-665.641
-677.506
-689.81
-681.901
-652.458
-648.064
-666.52
-690.689
-687.613
-556.222
-285.09
26.9089
302.874
464.147
495.347
476.012
477.77
534.017
653.544
821.408
1023.99
1244.15
1447.16
1574.6
1568.45
1422.12
1191.85
959.83
797.679
710.67
658.817
603.448
535.775
466.784
393.398
287.494
114.796
-129.53
-397.146
-609.394
-712.661
-718.374
-694.205
-707.388
-781.213
-879.207
-953.032
-972.807
-954.351
-933.258
-926.227
-913.483
-859.432
-750.013
-608.075
-463.941
-337.383
-217.857
-80.7528
66.0186
197.41
299.359
368.35
438.66
541.488
675.955
820.09
914.129
936.98
931.267
900.067
867.549
874.58
870.625
812.619
727.369
628.935
530.062
427.235
300.677
160.058
28.2272
-75.919
-140.955
-191.051
-259.603
-354.082
-455.152
-520.628
-531.174
-507.445
-487.67
-493.383
-518.431
-535.569
-524.143
-483.276
-430.543
-383.524
-337.823
-278.938
-208.189
-153.699
-156.336
-228.403
-339.141
-430.983
-459.107
-416.042
-338.701
-275.423
-253.451
-290.364
-366.825
-478.881
-608.954
-723.647
-782.092
-718.813
-532.053
-247.738
37.4553
225.094
286.176
228.17
129.297
61.1848
57.6694
143.359
287.494
497.544
719.02
912.811
1033.22
1059.14
1046.84
922.478
813.059
724.293
657.499
614.874
600.372
599.054
623.662
637.285
609.6
487.437
277.827
13.2864
-227.085
-398.025
-481.957
-504.808
-514.476
-545.236
-603.242
-676.627
-746.937
-807.579
-855.478
-868.661
-839.658
-753.968
-630.487
-501.732
-369.462
-249.057
-106.24
47.5623
186.863
295.404
342.863
360.88
374.942
412.294
476.012
541.048
592.023
618.389
629.814
633.769
628.496
607.843
563.02
497.105
428.113
385.928
367.911
357.804
344.621
322.649
290.131
246.627
214.108
165.77
92.8242
8.45259
-80.7528
-147.547
-209.068
-247.299
-293
-353.642
-410.329
-464.819
-480.639
-482.397
-469.653
-462.183
-467.456
-459.986
-441.969
-392.752
-340.459
-307.502
-307.062
-347.49
-410.329
-482.836
-541.281
-575.118
-588.74
-595.771
-601.044
-615.546
-661.247
-761.438
-907.331
-1045.31
-1096.73
-999.173
-741.664
-378.251
-20.5502
221.579
309.026
285.736
240.914
256.294
376.26
604.767
905.78
1226.57
1510.88
1704.23
1758.72
1654.14
1427.39
1161.53
938.737
794.163
718.58
675.516
624.981
552.913
459.753
341.545
178.514
-43.4008
-307.062
-554.904
-711.782
-744.74
-686.734
-599.287
-537.766
-541.281
-612.909
-714.419
-795.714
-838.34
-837.021
-772.424
-655.095
-529.416
-429.225
-349.248
-276.741
-197.643
-94.3753
32.1821
156.982
259.81
344.621
435.144
552.034
676.394
771.313
823.605
853.487
870.625
876.338
871.064
840.743
759.008
628.935
490.953
378.897
281.781
171.923
49.3201
-58.781
-135.682
-179.186
-191.93
-205.113
-257.845
-343.096
-402.42
-402.859
-361.113
-307.941
-254.769
-224.448
-226.206
-236.752
-228.403
-200.719
-178.307
-166.882
-160.73
-173.474
-214.781
-284.651
-363.749
-427.907
-488.988
-543.039
-564.132
-572.481
-591.377
-607.636
-608.075
-594.013
-583.906
-586.982
-586.982
-590.498
-633.563
-714.419
-787.365
-791.759
-676.188
-409.451
-27.5811
335.393
527.426
508.53
371.426
246.187
220.26
333.635
582.355
907.977
1224.37
1476.17
1629.53
1635.24
1453.32
1134.29
811.301
599.933
523.91
543.246
591.583
597.296
519.077
367.032
179.832
-42.5219
-310.138
-580.83
-757.483
-793.078
-711.343
-571.163
-456.91
-411.208
-461.304
-572.481
-665.202
-721.45
-723.207
-671.794
-543.478
-353.203
-198.522
-110.195
-102.285
-104.043
-120.741
-163.806
-76.3585
37.0159
95.0214
168.407
252.339
385.049
470.299
482.164
455.358
418.885
420.643
461.95
554.671
618.389
596.857
503.696
403.505
344.181
283.979
207.517
137.207
110.841
128.418
170.604
214.548
208.396
110.841
-53.9473
-197.203
-253.89
-229.282
-169.958
-107.119
-54.8261
-28.8994
-36.3698
-70.6458
-121.181
-181.823
-245.102
-300.91
-340.899
-365.507
-390.994
-430.543
-490.746
-590.059
-740.785
-920.075
-1087.5
-1198.24
-1210.1
-1129.69
-1034.77
-967.973
-901.618
-836.142
-840.976
-945.122
-1089.26
-1160.01
-1057.62
-705.191
-88.6627
668.045
1285.01
1504.73
1328.08
988.394
707.594
612.237
788.89
1230.52
1743.78
2091.82
2197.72
2092.69
1735.87
1085.07
334.953
-155.457
-241.586
-69.3275
181.59
397.353
423.28
160.058
-279.817
-672.233
-888.875
-950.396
-908.649
-741.664
-424.391
-97.8908
33.5004
-36.8093
-185.338
-405.056
-700.796
-890.632
-783.85
-459.546
-136.561
90.1876
228.17
207.956
-43.4008
-388.358
-550.509
-419.997
-140.516
142.041
413.612
645.634
714.625
604.327
475.572
412.294
385.928
402.187
545.003
785.374
1016.08
1113.63
1002.02
720.338
395.156
210.153
136.328
187.303
272.993
301.556
314.3
259.81
214.987
55.4722
-162.048
-345.732
-461.304
-416.921
-328.594
-164.246
-73.2824
-88.6627
-243.783
-483.715
-667.839
-821.202
-818.126
-754.847
-642.791
-579.073
-615.106
-666.52
-823.399
-1020.27
-1222.41
-1322.16
-1302.38
-1235.59
-1084.42
-867.342
-683.219
-659.489
-737.269
-775.94
-760.12
-783.85
-806.7
-685.416
-422.194
-51.3106
502.817
1241.95
1833.87
1907.69
1502.53
1007.73
739.234
745.386
1001.14
1482.76
1989.87
2155.97
1858.92
1343.46
782.298
106.007
-579.512
-880.086
-644.988
-192.809
117.433
210.593
51.9567
-428.786
-1037.4
-1343.69
-1104.2
-556.222
-56.1444
283.539
541.927
635.527
396.474
-60.0993
-431.862
-560.616
-608.515
-500.853
-155.896
245.308
421.082
196.092
-126.454
-476.245
-781.652
-887.556
-586.543
153.906
810.862
1118.03
1009.93
701.003
280.024
-75.4796
-34.6121
380.654
963.346
1312.7
1475.29
1430.03
1125.94
615.752
83.596
-161.17
-183.581
54.1539
420.643
753.296
702.321
179.832
-407.253
-809.337
-887.996
-790.002
-469.653
-81.6317
103.81
74.8073
-130.409
-355.4
-627.411
-839.218
-843.173
-630.047
-329.913
-140.516
-76.3585
-129.53
-383.524
-833.066
-1166.6
-1188.13
-976.762
-827.354
-738.588
-609.833
-649.382
-886.238
-1186.37
-1246.14
-1095.85
-937.652
-714.858
-425.71
-176.55
-199.84
-417.36
-595.332
-636.199
-591.816
-172.155
858.321
1954.71
2403.82
1942.85
1218.66
638.164
293.207
323.528
816.574
1677.43
2223.21
2200.8
1670.4
961.588
102.052
-764.075
-1077.39
-750.452
1.86105
460.192
635.088
523.032
2.73992
-777.258
-1426.3
-1233.83
-539.084
245.748
720.338
953.239
948.844
450.964
-257.845
-918.756
-1076.51
-952.593
-606.757
-147.547
196.531
269.038
-144.471
-560.177
-913.922
-1077.39
-1044.43
-697.281
99.4157
821.848
1208.11
1102.65
704.518
237.838
-104.043
-14.8375
473.375
1092.54
1511.32
1625.58
1423.43
959.391
402.187
-14.8375
-168.64
-116.787
126.661
492.71
733.082
579.719
85.7932
-443.287
-819.883
-993.021
-858.114
-364.189
228.17
496.665
319.573
-64.9331
-421.315
-747.376
-959.184
-832.627
-458.228
-162.927
-86.9049
-162.488
-389.237
-721.01
-1033.45
-1225.04
-1229
-1039.6
-716.616
-557.101
-488.988
-544.797
-805.382
-1013.67
-1174.07
-1109.03
-898.103
-568.087
-235.434
-130.409
-43.4008
-17.9135
-113.271
-332.549
-531.614
-693.765
-638.396
-162.927
820.09
2012.28
2385.36
1790.8
765.6
223.337
168.847
244.429
803.831
1698.08
2449.96
2309.78
1582.95
738.794
-135.243
-849.325
-1075.2
-383.084
482.164
922.039
796.36
447.449
-122.499
-1121.78
-1792.35
-1588.9
-486.352
541.488
999.38
1080.68
784.056
114.357
-796.593
-1248.33
-1047.95
-583.028
-238.071
111.28
414.052
334.074
-209.068
-902.058
-1167.92
-1148.14
-810.655
-169.958
615.752
1152.3
1048.16
696.609
237.398
-81.6317
-120.302
295.404
982.681
1480.56
1773.23
1630.85
1150.55
483.043
25.1511
-34.6121
47.1229
286.176
537.093
758.569
616.192
-33.7332
-707.827
-1091.89
-1057.18
-797.472
-358.476
215.427
447.888
237.398
-216.099
-551.828
-663.005
-782.531
-659.05
-181.384
356.485
490.074
113.038
-291.242
-612.47
-849.325
-920.953
-820.762
-526.78
-327.276
-358.915
-568.966
-836.582
-948.638
-1088.38
-1134.52
-924.908
-619.94
-328.155
-359.355
-432.301
-505.247
-619.501
-573.36
-550.509
-319.806
-158.972
-133.485
-193.688
-413.845
-447.242
-523.704
-340.02
349.455
1270.51
1801.35
1385.2
761.645
505.894
490.513
539.291
828
1597.45
2236.39
2112.91
1532.41
842.501
170.604
-365.946
-446.803
175.438
720.338
825.803
539.291
71.7313
-430.543
-1218.45
-1602.08
-1278.21
-401.541
369.229
496.665
399.111
-90.4204
-781.213
-1345.89
-1418.39
-927.984
-528.538
-200.719
55.4722
87.1115
-191.491
-741.664
-1058.06
-1004.89
-746.058
-262.679
263.765
679.91
843.38
791.966
809.543
686.941
467.663
418.885
746.704
1290.73
1543.4
1593.06
1413.33
1095.18
708.913
437.781
498.423
382.412
249.703
300.677
455.358
505.015
60.306
-406.814
-574.239
-566.768
-459.546
-263.558
104.689
287.055
101.613
-98.7697
-223.13
-277.18
-331.67
-295.637
16.8019
198.289
92.8242
-196.764
-434.059
-472.729
-604.12
-695.523
-703.433
-652.898
-580.83
-646.306
-688.053
-772.424
-943.804
-1105.08
-1081.79
-765.833
-425.27
-262.679
-244.223
-256.527
-296.076
-405.496
-549.191
-560.177
-352.763
-127.333
-60.0993
-78.1162
-58.781
-135.682
-405.056
-651.14
-678.824
-549.63
-316.73
197.849
996.743
1499.9
1196.25
434.705
-60.0993
-45.598
254.976
776.146
1591.74
2198.6
1971.41
1181.31
448.767
-132.606
-611.151
-703.433
-162.488
590.265
826.242
438.66
-163.806
-841.855
-1608.23
-2073.15
-1726.88
-721.889
174.999
516.001
414.491
-10.8826
-757.044
-1463.22
-1556.82
-980.717
-197.203
343.742
614.434
572.688
168.407
-336.944
-667.399
-619.061
-317.609
116.114
650.028
1097.37
1352.25
1230.08
821.848
450.085
296.722
483.922
892.597
1401.9
1808.82
1839.58
1517.47
967.74
523.471
388.125
493.589
740.552
938.737
1016.52
886.445
526.986
70.413
-340.459
-559.298
-539.084
-305.744
26.03
261.567
219.382
-100.088
-501.732
-758.802
-771.106
-596.65
-329.473
-68.8881
58.5482
-49.5529
-374.735
-737.269
-931.939
-890.193
-707.827
-509.202
-367.265
-335.625
-456.47
-682.34
-862.069
-882.283
-793.517
-703.433
-583.467
-370.341
-187.975
-226.206
-406.374
-477.563
-409.011
-355.839
-311.017
-177.429
-67.1303
-150.184
-320.245
-387.039
-411.208
-508.763
-590.498
-560.616
-526.78
-608.075
-744.74
-799.669
-690.25
-397.146
26.03
415.37
556.429
393.837
118.311
-62.736
-62.2965
204.441
722.096
1154.94
1152.74
834.591
543.685
310.345
-5.60935
-261.361
-184.46
161.376
426.795
453.601
314.739
-10.4431
-543.918
-956.108
-847.128
-359.355
22.954
152.587
214.548
231.686
58.5482
-240.268
-393.631
-295.197
-102.285
54.1539
217.184
398.232
449.206
304.193
151.269
162.255
240.914
238.717
248.384
445.691
779.222
1055.19
1194.05
1215.14
1111
916.326
787.132
843.819
1023.99
1190.97
1304.35
1361.47
1286.77
1036.29
720.777
469.42
304.632
236.52
295.404
396.914
381.533
226.413
19.8779
-239.389
-560.616
-765.833
-670.915
-400.662
-246.42
-283.772
-384.842
-487.67
-612.03
-686.295
-634.881
-540.842
-525.462
-550.949
-509.642
-433.18
-432.301
-500.414
-544.797
-539.963
-523.704
-496.459
-438.893
-378.69
-341.338
-298.273
-237.192
-207.75
-237.631
-279.378
-288.166
-267.513
-235.874
-204.674
-192.369
-196.324
-194.567
-210.386
-308.82
-485.473
-624.774
-647.625
-609.394
-607.196
-655.974
-704.312
-735.072
-783.85
-864.266
-921.393
-907.77
-873.494
-894.587
-932.379
-866.903
-658.61
-407.693
-253.89
-286.409
-493.383
-712.661
-684.977
-319.366
123.585
305.072
235.641
218.942
381.533
541.488
549.837
496.226
526.986
689.578
969.059
1267
1367.63
1162.85
856.563
738.794
823.166
899.628
851.29
769.555
775.707
849.532
867.549
756.811
551.595
351.652
258.931
306.39
407.899
435.584
368.79
309.026
336.271
399.111
367.911
189.939
-35.0515
-137.44
-31.536
215.866
434.705
474.254
321.77
110.402
-2.5333
34.3793
154.345
256.294
299.359
328.801
411.415
531.82
588.947
523.032
386.367
280.024
267.72
347.697
470.299
555.989
536.215
401.308
211.032
66.8975
-3.41217
-53.5078
-99.2091
-119.423
-126.015
-150.184
-188.415
-205.113
-255.648
-428.346
-618.182
-681.901
-631.365
-522.385
-420.436
-389.676
-425.27
-506.126
-597.968
-661.686
-693.765
-675.309
-592.695
-483.276
-401.98
-386.16
-436.696
-519.749
-592.695
-626.971
-622.137
-592.695
-532.492
-425.71
-306.623
-265.755
-361.113
-527.659
-648.943
-676.188
-641.472
-577.754
-498.217
-451.636
-498.656
-623.895
-744.3
-804.503
-811.973
-795.275
-769.348
-747.816
-702.554
-560.177
-323.761
-164.246
-253.012
-510.081
-624.334
-390.555
69.0947
442.175
538.412
455.358
414.491
519.955
702.761
806.467
781.42
757.251
885.126
1170.32
1397.51
1335.11
1063.98
835.031
795.481
930.828
1073.2
1079.36
1008.61
962.467
944.011
880.732
713.307
491.392
325.725
276.069
327.483
374.502
298.919
96.7791
-108.877
-202.476
-213.023
-254.769
-362.431
-463.941
-472.29
-368.583
-210.386
-96.1331
-109.316
-234.116
-329.473
-258.285
-28.46
215.866
351.652
389.004
408.778
454.04
520.395
590.705
629.375
620.586
595.538
599.493
630.693
648.271
620.147
531.82
406.142
296.283
239.156
227.291
225.094
196.092
123.585
32.6215
-28.46
-43.8402
-53.9473
-115.029
-227.964
-333.868
-371.659
-357.158
-353.203
-396.267
-466.138
-527.219
-571.163
-609.833
-653.777
-699.039
-724.086
-715.298
-686.295
-680.143
-721.01
-782.971
-810.655
-784.728
-739.467
-708.706
-688.931
-658.61
-621.698
-600.605
-607.636
-623.016
-620.819
-596.211
-561.056
-525.462
-495.58
-481.079
-494.262
-532.492
-569.844
-578.194
-544.357
-478.442
-412.966
-378.251
-373.417
-369.022
-344.854
-321.563
-314.532
-284.211
-170.837
12.8469
158.74
171.483
78.3228
14.6047
92.3848
288.812
474.694
555.55
553.353
559.505
634.209
732.642
757.251
684.744
606.964
653.544
822.726
959.83
947.526
804.71
648.71
593.781
613.116
595.099
520.395
450.525
452.282
512.485
520.395
391.64
170.165
-4.29104
-31.536
50.199
115.235
88.4298
11.0892
-26.7023
-3.85161
12.4075
-43.4008
-151.502
-214.781
-145.35
37.4553
222.897
302.874
254.536
153.027
92.3848
109.523
182.908
276.069
382.852
504.136
610.919
650.028
596.417
498.423
448.327
487.877
571.369
626.299
630.693
621.026
618.389
592.023
493.15
330.119
176.756
113.478
156.103
229.928
229.489
109.962
-71.5247
-217.417
-286.848
-324.639
-391.873
-494.701
-580.391
-604.56
-582.588
-575.997
-637.518
-755.286
-862.509
-900.739
-869.539
-810.655
-760.559
-727.602
-710.024
-709.146
-724.086
-737.269
-730.238
-694.205
-630.047
-549.191
-463.941
-387.479
-333.868
-308.82
-307.502
-314.972
-313.654
-284.211
-220.054
-141.395
-89.5415
-90.8598
-130.409
-178.307
-217.857
-245.981
-256.088
-237.192
-201.598
-185.338
-210.386
-259.164
-298.273
-312.775
-318.927
-341.777
-383.084
-402.42
-347.93
-221.372
-103.603
-84.2683
-166.003
-238.51
-194.127
-30.6572
152.148
246.627
247.945
242.232
310.784
435.144
517.758
494.029
424.159
430.311
555.11
719.899
777.904
699.245
569.172
501.499
542.367
593.341
586.31
512.485
450.964
467.223
501.06
478.209
361.759
228.17
180.272
221.579
281.781
270.356
191.697
124.024
131.934
191.697
219.382
164.892
76.1256
49.7595
124.903
255.415
351.212
367.471
329.24
291.449
294.965
339.347
401.747
455.798
491.392
508.97
519.516
523.471
514.243
480.406
420.643
348.576
298.48
289.252
304.193
309.905
261.567
160.937
44.9257
-43.8402
-85.5866
-98.3302
-122.06
-161.17
-207.75
-215.22
-216.099
-244.223
-314.093
-390.555
-388.358
-407.253
-385.282
-369.462
-375.614
-390.115
-395.828
-409.89
-424.391
-455.152
-469.214
-458.228
-411.208
-363.749
-335.186
-340.02
-362.431
-381.327
-381.327
-361.992
-327.716
-283.772
-237.192
-199.84
-187.975
-204.234
-227.964
-238.071
-237.631
-243.783
-257.406
-263.558
-257.406
-256.966
-283.772
-330.792
-373.856
-399.344
-411.648
-430.104
-458.667
-482.836
-488.109
-481.079
-491.625
-539.523
-596.65
-617.304
-587.861
-546.115
-534.69
-535.129
-516.233
-453.394
-347.49
-272.347
-260.921
-283.772
-268.392
-142.274
31.3032
147.754
209.714
207.077
209.275
347.257
492.271
555.55
564.778
560.823
634.209
742.749
829.318
827.121
747.144
682.107
668.045
708.473
718.141
675.076
614.874
579.279
587.189
577.522
507.651
392.959
297.601
261.567
269.038
266.841
217.624
142.041
84.9144
70.8524
67.3369
36.137
-18.7924
-49.1135
-23.1868
40.0919
94.1425
110.841
91.9453
62.0637
59.4271
92.8242
150.39
207.517
261.567
317.815
373.623
413.612
422.84
437.342
454.48
473.375
494.029
505.015
517.319
518.198
516.44
479.967
429.432
369.229
301.995
287.934
257.173
275.629
315.179
211.911
107.326
40.5314
-42.9614
-100.088
-161.609
-218.736
-266.634
-308.38
-352.763
-404.177
-453.834
-521.067
-585.225
-633.123
-647.625
-629.608
-612.909
-611.591
-631.805
-656.853
-673.991
-675.309
-652.019
-613.349
-569.844
-530.735
-492.064
-454.273
-423.073
-402.859
-392.752
-380.448
-354.961
-322.003
-293.44
-275.423
-268.392
-268.392
-276.741
-292.121
-306.623
-315.411
-312.775
-305.744
-309.259
-333.868
-369.022
-398.025
-410.769
-416.921
-431.862
-458.228
-480.639
-482.836
-467.456
-446.803
-434.938
-435.377
-430.543
-395.389
-331.231
-259.603
-206.871
-192.809
-173.034
-110.634
-6.92766
97.658
164.452
218.503
262.446
330.559
424.598
500.62
547.64
570.93
613.555
678.152
739.673
773.07
758.129
726.49
713.747
727.808
742.749
732.642
699.245
666.287
646.073
624.981
587.189
529.184
470.299
425.916
403.066
392.959
374.942
342.424
301.117
271.674
262.007
262.007
263.765
263.765
273.432
298.041
331.438
360.001
378.018
392.08
402.187
425.477
453.601
489.195
526.108
551.595
565.657
561.262
559.065
551.155
544.124
536.654
506.772
470.299
408.339
368.79
349.015
270.356
189.5
121.827
47.5623
-16.1558
-86.9049
-162.488
-245.981
-326.397
-398.025
-462.183
-517.112
-577.315
-635.76
-691.129
-738.148
-774.182
-807.14
-829.551
-834.385
-823.838
-810.655
-806.7
-801.427
-784.289
-751.771
-713.979
-673.551
-630.926
-583.906
-535.129
-484.594
-431.862
-382.645
-344.414
-312.335
-275.423
-229.721
-185.778
-154.139
-133.046
-120.302
-118.105
-127.772
-148.426
-165.564
-176.55
-191.491
-210.386
-244.223
-283.772
-322.442
-359.355
-402.42
-447.681
-496.459
-532.932
-557.101
-563.253
-575.557
-596.65
-628.729
-643.23
-591.377
-600.166
-571.602
-543.039
-502.171
-459.107
-402.859
-327.716
-260.482
-174.792
-94.8147
5.37654
92.8242
201.804
305.95
412.294
507.651
602.569
697.487
782.298
858.76
929.07
978.726
1027.5
1059.14
1083.75
1099.13
1095.18
1082.87
1056.07
1023.11
983.12
932.585
879.414
818.332
756.372
690.456
620.586
547.64
475.133
405.702
342.424
282.221
224.215
169.286
119.63
81.3989
54.5933
33.5004
20.7568
10.2103
5.37654
8.01315
22.954
48.4412
69.0947
97.658
133.252
156.542
185.985
216.745
239.596
276.508
298.919
293.646
313.421
321.77
316.497
310.784
288.812
270.796
239.156
207.517
166.649
117.433
69.9736
15.0441
-35.491
-97.4514
-154.578
-213.023
-268.831
-324.2
-372.099
-421.315
-462.622
-503.929
-538.205
-568.087
-592.256
-610.712
-622.137
-628.289
-626.532
-623.016
-612.47
-601.484
-586.982
-568.526
-547.873
-521.507
-496.019
-470.093
-442.848
-416.042
-389.237
-367.704
-349.687
-332.11
-315.411
-300.031
-288.606
-283.333
-279.378
-278.059
-282.893
-292.121
-305.304
-318.048
-329.473
-341.777
-355.839
-369.462
-380.887
-392.313
-404.177
-413.405
-416.482
-420.436
-422.194
-415.603
-403.738
-390.994
-375.614
-354.521
-329.913
-301.349
-266.634
-222.69
-179.626
-133.925
-82.0711
-32.8543
18.999
76.1256
127.979
184.227
243.551
299.359
354.288
409.218
456.677
499.302
538.851
576.643
608.282
635.088
664.09
684.744
698.366
708.473
710.67
703.2
693.093
675.955
654.862
636.406
607.843
581.037
554.231
518.198
477.33
440.857
398.232
360.44
323.967
293.646
267.72
237.398
220.26
195.652
180.272
164.892
151.269
147.754
148.193
156.103
164.452
176.317
185.545
203.562
218.503
207.077
236.959
251.9
276.069
294.525
310.784
323.088
328.801
334.514
332.317
324.407
318.255
297.601
284.857
257.612
229.928
192.576
156.542
108.204
58.5482
7.13428
-44.2797
-99.2091
-153.699
-206.431
-259.164
-311.896
-366.386
-415.163
-464.819
-505.247
-542.16
-572.921
-596.65
-616.864
-635.32
-643.23
-648.943
-653.337
-647.185
-637.957
-620.819
-600.605
-572.921
-545.676
-518.431
-485.473
-458.667
-426.149
-394.949
-364.189
-325.958
-294.758
-261.8
-238.95
-213.902
-194.567
-180.505
-162.048
-150.623
-141.834
-130.848
-123.817
-120.741
-110.195
-119.423
-118.984
-122.939
-132.606
-135.243
-139.198
-140.516
-147.986
-151.502
-158.972
-163.367
-171.716
-171.716
-171.277
-167.761
-164.246
-155.017
-147.547
-139.637
-131.288
-120.302
-107.998
-93.057
-73.7218
-50.4318
-25.8234
-0.336124
25.5906
49.3201
74.3679
98.5369
125.342
156.103
185.106
213.669
244.869
272.553
298.041
323.088
346.378
367.032
385.928
407.021
426.795
443.494
457.995
469.86
477.33
483.482
485.679
488.756
489.634
489.634
486.119
486.119
480.406
471.178
455.798
440.857
429.432
407.899
393.837
379.776
377.578
345.06
330.998
309.905
283.1
262.007
240.475
220.7
203.562
180.272
166.649
149.072
131.495
111.28
97.2185
80.0806
65.1398
51.9567
40.9708
31.3032
20.3173
9.77089
-4.29104
-16.5952
-28.8994
-42.5219
-53.9473
-64.0543
-69.7669
-82.5106
-93.4964
-103.164
-117.226
-132.606
-144.032
-155.017
-166.443
-175.671
-185.338
-195.885
-207.31
-219.175
-231.919
-242.465
-250.375
-259.603
-267.513
-271.028
-277.18
-285.969
-285.969
-292.121
-300.471
-299.152
-303.107
-301.789
-304.425
-305.744
-306.623
-306.623
-311.017
-313.654
-312.335
-315.411
-297.834
-310.578
-311.896
-308.82
-311.017
-314.972
-311.896
-312.335
-311.017
-311.017
-309.259
-307.502
-302.668
-301.349
-292.121
-288.166
-279.817
-267.513
-258.285
-242.904
-231.479
-216.538
-196.764
-181.384
-158.533
-137.44
-115.468
-87.7838
-64.9331
-37.2487
-11.7614
14.1652
41.8497
66.0186
92.8242
116.554
138.965
162.694
180.711
201.365
218.942
233.444
246.187
257.612
269.477
273.872
278.705
283.979
283.539
281.342
279.145
274.311
265.083
255.855
249.263
240.914
229.489
218.503
207.517
197.849
188.621
178.075
169.286
165.77
164.013
157.861
152.148
150.83
150.39
150.39
154.785
159.618
163.134
168.847
179.832
190.818
198.289
207.956
221.139
231.246
240.035
251.021
262.446
271.235
276.948
281.342
286.615
291.01
291.01
286.615
280.903
274.311
265.522
252.339
237.398
219.382
200.046
178.075
153.906
127.54
100.734
74.3679
45.3652
14.1652
-16.1558
-46.0374
-77.2373
-107.558
-135.682
-161.609
-187.536
-213.902
-236.313
-255.648
-274.104
-290.364
-303.107
-314.532
-324.639
-331.67
-334.747
-336.065
-335.625
-334.747
-330.792
-323.321
-314.972
-309.259
-303.547
-293
-280.257
-268.831
-256.527
-243.344
-230.6
-220.054
-208.629
-195.885
-184.02
-174.792
-166.443
-158.093
-149.744
-142.274
-137.001
-133.046
-127.772
-124.257
-121.62
-118.544
-115.908
-114.589
-112.392
-107.558
-105.361
-105.361
-103.164
-99.6485
-95.2542
-92.1781
-88.6627
-83.8289
-77.2373
-71.5247
-68.4486
-64.0543
-56.1444
-47.7952
-40.7642
-33.2938
-26.7023
-18.353
-8.6854
0.982183
10.2103
19.8779
26.9089
37.4553
49.3201
55.9116
63.8215
76.1256
83.596
89.3087
98.5369
105.568
113.478
122.266
126.661
131.495
140.723
142.92
140.283
146.435
155.663
159.179
164.892
171.483
172.801
177.635
184.227
184.666
189.5
193.455
192.576
197.849
201.365
200.486
201.804
200.486
201.365
206.638
202.683
197.849
198.289
195.213
192.137
190.379
183.348
179.393
176.756
168.407
160.937
155.663
145.556
138.965
132.813
120.948
110.402
102.052
93.2636
80.52
68.2158
57.2299
46.244
36.137
23.8328
9.77089
0.542747
-9.56427
-21.8685
-32.4149
-41.2036
-50.4318
-58.3416
-65.3726
-71.0852
-77.6768
-83.8289
-86.4655
-89.981
-93.4964
-94.8147
-97.8908
-98.3302
-95.2542
-97.0119
-101.846
-99.2091
-93.9359
-96.5725
-97.8908
-94.8147
-93.057
-93.4964
-92.1781
-92.6176
-92.1781
-92.1781
-96.1331
-97.8908
-97.8908
-100.527
-103.603
-106.68
-110.634
-115.468
-119.863
-124.257
-129.53
-136.561
-143.592
-148.426
-152.82
-158.093
-163.367
-168.2
-175.231
-177.429
-176.989
-181.384
-183.141
-179.186
-178.307
-176.11
-169.958
-167.761
-160.291
-154.139
-144.91
-130.409
-122.499
-112.392
-104.922
-88.6627
-75.0402
-64.4937
-47.7952
-34.6121
-19.6713
-6.04878
9.33146
23.3934
33.9398
47.5623
60.306
70.413
81.3989
93.7031
98.9763
102.492
108.204
116.114
120.948
122.266
121.827
121.827
124.024
121.827
120.069
114.796
110.841
106.886
98.9763
96.3397
88.4298
82.7172
75.2468
69.9736
66.0186
56.7905
55.4722
49.7595
44.9257
46.6835
42.2891
41.8497
44.0469
44.4863
48.0018
53.275
55.4722
61.6243
69.5341
76.5651
83.1566
89.3087
98.0974
108.644
116.114
122.266
128.858
137.647
145.556
150.83
153.466
157.421
160.058
159.618
160.058
158.74
154.345
148.632
141.602
134.131
128.418
116.554
105.568
89.7481
79.6411
65.1398
51.0778
34.3793
22.0751
32.1821
2.73992
-13.9586
-26.7023
-40.7642
-52.1895
-62.736
-75.0402
-80.3134
-96.1331
-102.725
-104.043
-111.513
-120.302
-121.62
-121.62
-120.302
-118.984
-115.468
-110.195
-105.801
-100.967
-94.3753
-90.8598
-86.4655
-83.3894
-77.6768
-76.7979
-77.6768
-74.6007
-77.6768
-75.919
-76.7979
-75.919
-78.1162
-71.0852
-69.7669
-66.2514
-65.3726
-66.2514
-61.4177
-63.1754
-60.9782
-57.4627
-60.9782
-61.8571
-63.1754
-65.812
-67.1303
-66.6909
-68.8881
-75.919
-78.1162
-79.8739
-83.8289
-85.1472
-89.1021
-93.9359
-93.9359
-98.7697
-98.7697
-99.6485
-103.603
-101.846
-97.4514
-102.285
-97.0119
-94.3753
-92.6176
-87.3443
-81.1922
-74.1613
-68.8881
-65.812
-60.0993
-46.4768
-39.0064
-30.6572
-25.8234
-11.7614
-3.41217
6.25541
14.1652
27.7877
37.0159
42.7286
52.3961
63.8215
70.8524
75.2468
80.52
87.551
93.2636
95.9002
95.9002
104.689
101.613
103.81
100.734
105.128
101.173
99.4157
98.0974
95.4608
94.5819
87.551
84.9144
85.3538
77.8834
74.8073
73.489
70.413
65.5792
66.8975
62.5031
61.1848
58.1088
60.7454
57.2299
58.5482
59.4271
61.6243
63.8215
63.382
64.2609
66.0186
66.0186
68.2158
68.6552
69.0947
68.6552
69.9736
70.413
69.5341
67.3369
66.8975
67.3369
58.5482
55.9116
55.4722
52.3961
45.3652
40.5314
33.9398
29.1061
21.6356
13.2864
11.9681
-2.09387
-8.6854
-17.0347
-25.3839
-33.7332
-42.0825
-48.674
-56.5839
-66.2514
-68.8881
-79.4345
-83.8289
-89.981
-93.9359
-102.285
-101.406
-107.119
-111.074
-111.953
-115.468
-114.589
-120.741
-116.787
-119.423
-118.544
-119.863
-117.226
-117.665
-117.665
-115.029
-114.15
-111.513
-111.953
-107.558
-107.119
-104.482
-103.164
-100.527
-98.3302
-95.6936
-95.2542
-87.7838
-89.5415
-84.2683
-82.0711
-75.0402
-75.919
-68.8881
-64.4937
-60.0993
-56.1444
-51.7501
-41.2036
-42.0825
-32.8543
-28.8994
-20.5502
-16.1558
-10.4431
-3.41217
3.17936
8.45259
11.5286
25.1511
26.03
31.3032
39.2131
45.8046
48.4412
55.4722
60.306
63.382
70.413
70.413
77.0045
79.2017
81.8383
82.7172
87.9904
86.2327
89.7481
89.7481
88.8693
91.5059
87.9904
91.0665
89.3087
88.8693
87.1115
87.9904
84.0355
85.3538
84.0355
81.8383
81.8383
80.9594
79.2017
79.6411
77.8834
77.8834
77.8834
77.0045
76.1256
77.8834
74.3679
76.5651
75.2468
73.489
74.3679
73.0496
71.7313
70.413
70.413
66.4581
64.7003
62.5031
61.6243
54.5933
54.1539
49.3201
44.0469
41.8497
32.6215
29.5455
24.2723
17.6807
10.2103
4.9371
-1.21499
-10.0037
-13.9586
-25.3839
-28.46
-36.8093
-44.2797
-49.1135
-56.5839
-64.4937
-65.812
-76.7979
-79.4345
-84.7077
-88.2232
-94.8147
-96.1331
-100.527
-103.164
-104.043
-108.437
-105.801
-110.195
-107.119
-109.756
-104.482
-107.998
-105.361
-102.285
-99.6485
-99.6485
-95.6936
-93.4964
-90.4204
-87.7838
-81.1922
-82.0711
-76.7979
-74.6007
-67.5697
-64.9331
-62.2965
-60.0993
-52.6289
-46.4768
-47.7952
-38.567
-37.2487
-31.536
-24.0656
-22.3079
-20.9896
-6.48822
-12.2009
-3.41217
2.30049
4.49767
7.13428
15.923
17.2413
18.999
26.9089
27.3483
33.5004
36.137
37.8948
44.0469
43.168
51.9567
52.8356
51.5173
60.306
60.7454
62.5031
63.382
69.9736
71.7313
69.5341
75.6862
75.6862
78.7623
79.6411
80.9594
78.7623
83.1566
84.9144
84.0355
83.1566
85.3538
87.9904
85.3538
86.6721
84.4749
86.2327
84.9144
84.9144
82.2777
80.52
83.1566
76.1256
77.444
75.6862
70.8524
70.413
67.7764
62.5031
61.6243
58.1088
55.9116
50.199
47.5623
43.168
41.4102
37.4553
29.9849
24.2723
26.9089
16.8019
14.6047
9.33146
3.17936
-0.775559
-3.41217
-10.4431
-16.1558
-19.6713
-24.9445
-28.46
-34.6121
-39.0064
-42.9614
-47.7952
-50.4318
-54.3867
-58.781
-63.1754
-64.4937
-67.5697
-72.843
-72.843
-76.3585
-79.8739
-79.8739
-80.7528
-86.026
-84.2683
-84.7077
-88.6627
-85.1472
-87.7838
-87.3443
-86.9049
-84.2683
-86.9049
-83.3894
-83.8289
-80.7528
-79.4345
-78.5556
-76.7979
-74.1613
-71.0852
-69.7669
-66.6909
-66.6909
-60.9782
-58.3416
-54.8261
-55.705
-47.3557
-46.9163
-41.6431
-41.2036
-36.3698
-33.2938
-29.3389
-27.1417
-23.6262
-21.8685
-16.5952
-11.322
-13.9586
-7.80653
-3.41217
-2.09387
1.42162
4.9371
6.25541
12.4075
12.4075
14.6047
19.8779
20.7568
24.2723
25.1511
26.9089
31.7427
32.1821
32.1821
36.137
39.2131
39.2131
40.9708
43.168
45.8046
44.9257
47.1229
48.4412
50.6384
50.6384
50.6384
53.7144
54.5933
51.9567
55.9116
56.7905
52.8356
55.0327
57.2299
53.7144
55.9116
55.0327
55.0327
53.7144
53.275
53.275
52.3961
50.6384
51.5173
50.199
46.6835
46.6835
42.2891
40.9708
38.7736
36.5765
36.137
33.9398
31.3032
28.6666
27.3483
21.6356
19.4385
15.923
15.923
10.2103
10.2103
6.69484
4.49767
-0.775559
-2.09387
-6.04878
-9.56427
-12.2009
-14.3981
-17.4741
-19.2318
-22.3079
-23.1868
-25.8234
-26.7023
-29.7783
-30.6572
-32.4149
-33.2938
-34.1727
-35.0515
-36.3698
-37.6881
-37.6881
-39.0064
-40.3248
-41.2036
-41.2036
-42.0825
-40.3248
-41.2036
-39.4459
-39.4459
-37.2487
-38.567
-35.9304
-37.2487
-35.9304
-36.8093
-32.8543
-35.0515
-31.536
-31.0966
-27.5811
-28.0206
-24.9445
-24.9445
-22.7473
-23.6262
-20.9896
-21.429
-18.353
-19.2318
-16.1558
-13.9586
-11.7614
-11.7614
-8.24596
-3.85161
-4.73048
-2.97274
-0.775559
3.17936
0.542747
3.6188
7.13428
8.89202
8.89202
10.6498
15.4836
13.2864
15.4836
15.0441
19.8779
18.1202
20.7568
21.6356
24.2723
24.2723
25.1511
25.5906
26.03
26.9089
26.9089
26.4694
28.6666
28.2272
28.6666
27.3483
29.5455
28.2272
27.3483
27.7877
28.6666
28.6666
26.03
27.3483
27.3483
25.1511
25.1511
23.3934
23.8328
22.0751
22.954
20.3173
20.7568
17.6807
18.5596
15.923
18.1202
15.923
12.8469
14.1652
10.6498
9.77089
9.33146
8.01315
5.37654
6.69484
3.17936
5.37654
-0.336124
3.17936
0.982183
-1.21499
-1.65443
4.05823
-6.48822
-2.5333
-2.97274
-6.04878
-5.16991
-8.6854
-5.16991
-10.4431
-8.6854
-11.7614
-11.322
-10.8826
-13.5192
-13.0798
-13.5192
-12.6403
-16.1558
-14.3981
-14.3981
-14.3981
-13.9586
-15.2769
-14.3981
-15.2769
-14.3981
-14.3981
-13.5192
-13.9586
-14.8375
-15.7164
-13.0798
-12.2009
-15.2769
-11.322
-13.5192
-12.6403
-9.56427
-10.4431
-9.12483
-7.36709
-8.6854
-7.80653
-5.16991
-5.60935
-3.85161
-4.73048
-2.97274
-2.09387
-2.97274
-1.21499
1.86105
-0.336124
-0.336124
2.73992
1.86105
4.49767
4.49767
9.33146
6.69484
5.81597
10.2103
9.77089
8.01315
19.8779
11.9681
13.7258
15.0441
14.6047
14.1652
15.0441
19.8779
16.8019
17.2413
16.8019
15.0441
15.4836
14.1652
16.8019
16.8019
15.923
13.7258
13.2864
12.8469
10.6498
12.8469
11.9681
12.4075
8.45259
11.0892
8.89202
8.01315
8.01315
5.81597
9.33146
4.49767
7.13428
6.25541
2.30049
4.49767
1.42162
3.17936
0.982183
0.103312
-1.21499
0.542747
-5.16991
-4.29104
-2.09387
-2.5333
-4.73048
-2.5333
-2.97274
-6.04878
-5.16991
-5.16991
-5.16991
-6.48822
-8.24596
-5.60935
