3.02845 2.67367 1.84204 1.18442 1.01677 0.233823 1.1776 0.848799 0.966058 0.696149 0.339404 0.0599126 
3.05863 2.46372 2.37701 0.947406 1.20291 0.6047 1.15899 0.877019 0.851356 0.825463 0.363531 0.0527673 
3.0904 2.8423 2.60784 0.646713 1.08742 0.837778 1.49661 1.17282 0.991128 0.752818 0.395336 0.0590423 
3.12592 2.67969 2.57959 0.556675 1.14395 1.18255 1.86166 0.867756 1.35917 0.62018 0.267615 0.0628052 
3.09781 2.68817 2.41616 1.50394 1.56967 1.34641 1.04788 1.06458 0.805009 0.689924 0.192748 0.056305 
3.00935 2.27906 2.14208 1.60054 1.18729 1.28099 1.09037 0.798221 0.854659 0.640893 0.278585 0.0541447 
3.24165 3.04212 2.54378 0.738771 1.43217 0.943468 1.67962 0.808396 1.2765 0.629959 0.313381 0.0967978 
2.92018 2.47813 2.04741 1.21742 1.49396 1.17332 1.39678 1.07548 0.799187 0.66078 0.287781 0.0628158 
3.72815 2.66496 1.47915 0.062592 0.363627 1.10772 1.35295 1.02464 0.956923 0.62584 0.615222 0.107901 
4.30585 3.29081 1.70432 0.37312 0.405477 0.39497 0.730582 0.986358 0.63896 0.749303 0.295592 0.0508105 
3.52498 2.36141 1.24139 0.58746 0.659822 0.830335 0.948632 0.543729 0.350069 0.327696 0.365735 0.0255556 
5.00484 2.93465 -0.265183 -1.2526 -0.0403964 1.50859 2.2408 1.48677 0.462075 0.0321883 0.0124021 -0.0190887 
5.13778 2.39673 -0.472343 -1.25408 0.116426 1.98965 2.23535 1.5672 0.465108 -0.106522 -0.0242586 -0.0261346 
5.83914 2.22778 -1.10255 -1.38088 0.7053 1.98776 2.19848 1.47496 0.627306 -0.14036 -0.059675 -0.0300355 
3.9539 1.99558 -0.157274 -0.537804 0.811887 1.85375 2.17393 1.27638 0.0858414 -0.351261 0.00130414 -0.0425887 
4.08217 2.05275 -0.381921 -0.42514 1.35131 2.44022 2.14762 1.11249 0.0334117 -0.472599 -0.0232885 -0.00746885 
4.01272 1.8145 -0.252738 0.169849 2.08712 2.8185 2.24793 0.806533 -0.26166 -0.499184 -0.0738082 0.0241765 
5.50411 1.61094 -1.46248 -0.0116213 3.07593 2.64689 1.55456 0.888529 0.0623176 -0.408356 -0.103571 0.0257079 
3.90787 1.78441 0.13163 0.609578 2.15552 2.70006 2.07013 0.844361 -0.287098 -0.520259 0.00992194 0.0470364 
3.75357 2.15258 0.383483 0.475919 1.86972 2.33871 1.89079 0.856035 -0.111052 -0.387158 0.0167047 0.0124305 
3.84443 1.57251 -0.0631727 0.810711 2.33043 2.75187 1.82759 1.08996 0.130884 -0.254319 -0.109608 -0.000528567 
3.703 1.79808 0.418372 0.924036 1.94559 1.99302 1.75188 1.20676 0.367857 -0.195542 -0.0681759 -0.0102191 
4.03958 2.04445 0.405622 0.563058 1.48315 1.65067 1.76937 1.60043 0.469481 -0.403484 -0.0708751 -0.0145898 
4.69846 1.82864 -0.235572 0.695697 2.27078 1.939 1.59356 1.70445 1.01967 -0.413608 -0.177478 -0.0232599 
5.21684 2.26669 -0.234461 0.278571 2.57271 1.78797 1.58362 1.70273 0.909171 -0.2147 -0.128192 -0.0100211 
3.31499 1.89807 0.911169 0.849195 1.43945 1.93924 1.82861 1.28937 0.367644 -0.132057 0.0151251 0.00519043 
4.85018 1.87652 0.234861 0.145153 2.22292 2.0564 1.90616 1.52743 0.989518 -0.0361259 0.00769662 0.0106685 
4.80404 2.01224 0.0898971 0.236061 2.17812 1.88282 1.69779 1.70508 0.905293 -0.0316972 0.0535621 0.020162 
4.84725 2.00485 0.094717 0.382893 2.18459 1.19474 1.65287 1.95322 1.0079 -0.072663 -0.0926538 -0.0139888 
4.06297 1.88628 0.312188 0.52686 1.83273 1.64299 1.75035 1.75585 0.703394 -0.0111054 0.00566764 -0.0162683 
3.2888 1.70594 0.797309 1.08533 1.52437 1.80539 1.74807 1.27274 0.615549 -0.0946285 -0.118463 -0.0346152 
4.35005 1.84225 0.131166 0.401016 1.95474 1.73956 1.4762 1.76644 0.695261 -0.173335 -0.0738975 -0.0318546 
3.3561 1.72494 0.68163 0.940974 1.9306 2.12377 1.41086 1.00377 0.403835 0.000511193 0.0423557 -0.00470418 
4.77469 1.3776 0.340924 0.892556 2.27248 2.08864 1.28337 1.82541 0.851321 -0.402905 -0.186454 -0.00449287 
3.63561 1.54316 0.524566 1.31494 2.31779 2.23216 1.76083 1.51182 0.489201 -0.295479 -0.252822 -0.011157 
3.92118 1.46592 0.513155 1.23688 2.6284 2.42756 1.76721 1.41953 0.413771 -0.487099 -0.253456 0.00718652 
3.74119 1.31713 -0.00291335 1.22341 2.70196 2.239 1.66663 1.39193 0.558939 -0.391038 -0.328118 -0.02253 
3.8078 1.25152 -0.192862 1.4258 2.79874 2.57475 1.73334 1.63913 0.666315 -0.465614 -0.335782 0.00421323 
4.90908 1.18614 -1.31637 1.4453 3.67504 2.02985 1.78728 1.82807 0.727928 -0.391482 -0.284053 0.0662487 
4.71931 0.96655 -0.944821 1.14675 3.52547 2.52582 2.02926 1.7121 0.4995 -0.299667 -0.167578 0.071696 
5.32689 0.946255 -1.38062 1.20212 3.34103 2.71604 2.13365 1.58205 0.334153 -0.250153 -0.0988737 0.0947623 
4.54221 1.47665 -0.788109 0.559239 2.80475 2.96779 1.98553 1.39842 0.255309 -0.337694 0.010659 0.0805436 
4.4014 0.85883 -0.887054 0.711777 3.07138 3.43362 2.33342 1.30342 0.206056 -0.225854 -0.00697066 0.0828009 
4.44395 1.36646 -1.15585 0.160974 2.53911 3.28818 2.52538 1.29371 0.042547 -0.356762 -0.0150279 0.0711804 
5.28638 0.821153 -2.0807 0.0138012 2.93055 3.17224 2.73388 1.64373 -0.156807 -0.361722 -0.139769 0.0598305 
5.4516 1.18528 -2.29368 0.041929 2.80295 2.73895 2.30576 1.40763 -0.0390116 -0.38603 -0.215694 0.0271881 
4.76912 0.598778 -1.94596 0.0100597 2.78779 3.32518 2.61673 1.00642 -0.255746 -0.504302 -0.155175 0.0247104 
4.50119 0.871723 -1.66376 -0.12844 2.5211 2.8762 2.1765 1.17201 -0.194749 -0.638126 -0.211705 0.00756151 
4.02699 0.5802 -1.36155 0.17498 2.54988 3.28188 2.47996 0.989028 -0.307998 -0.515842 -0.118915 0.0331663 
4.61186 0.604395 -1.61049 0.257428 2.59941 2.68312 2.18707 1.11762 -0.225662 -0.522274 -0.212626 0.0130578 
4.30565 0.699482 -1.35672 0.293449 2.58862 2.79044 2.12296 1.03358 -0.187405 -0.540759 -0.189167 0.0201916 
5.00125 0.611868 -2.10042 0.194728 3.04487 2.73737 1.99038 1.19301 -0.209457 -0.504911 -0.213649 0.0315155 
4.10507 0.4448 -1.53541 0.227381 2.52378 2.84363 2.05318 0.94905 -0.215213 -0.723874 -0.172268 0.0218734 
4.51697 0.575918 -1.71523 -0.048062 2.34451 2.77278 1.93797 0.839921 -0.426101 -0.676434 -0.188953 0.0154968 
3.99576 0.458024 -1.57348 -0.0840736 2.51322 3.2427 2.27639 0.547097 -0.73113 -0.633167 -0.154749 0.0226279 
6.12983 0.594084 -2.49144 0.378403 3.58505 3.07042 1.96551 1.1642 -1.18276 -0.564914 -0.207476 0.0719654 
6.26305 0.747121 -2.23186 0.706213 3.58732 3.23968 2.18591 1.08924 -1.2809 -0.550524 -0.114692 0.104809 
4.81555 1.31335 -1.25091 0.0850385 2.91201 3.58239 2.28688 0.272002 -0.979095 -0.267964 -0.0540668 0.0761066 
4.51117 1.50098 -0.813107 -0.102751 2.46268 3.63342 2.2528 0.110591 -0.853001 -0.238779 -0.037869 0.0853192 
6.95978 0.961288 -2.01149 0.714525 3.96687 3.01588 2.3347 1.10001 -1.14782 -0.60816 -0.0814385 0.12874 
4.47717 1.7162 -0.710866 0.0408675 2.69246 3.67356 2.14837 0.0349056 -0.814486 -0.209408 0.0497793 0.111716 
4.93848 1.65181 -0.89848 0.109052 2.7041 3.51631 1.9702 0.099368 -0.716838 -0.203056 0.110957 0.103808 
4.69413 1.69022 -0.658447 0.0743082 2.53458 3.49457 2.10623 0.0871847 -0.753865 -0.102806 0.105493 0.101472 
5.23539 2.08947 -0.887502 -0.328511 2.46616 3.76607 2.50889 0.262584 -0.670191 -0.0460397 0.117794 0.107627 
4.21871 1.96453 -0.295782 -0.128626 1.91274 3.14357 2.19218 0.462311 -0.340561 0.0306723 0.189031 0.109948 
6.96832 2.0579 -1.59385 -0.0444746 2.29534 3.15893 2.73363 1.42785 -0.411234 0.00799458 0.140312 0.0998751 
5.53563 2.30264 -0.782548 -0.592287 1.80145 3.33907 2.73767 0.945821 -0.0622062 0.234467 0.176543 0.0904289 
3.76729 2.06324 0.430982 0.277603 1.38174 2.2742 2.07532 1.00816 0.257365 0.135798 0.170092 0.0504757 
3.87665 2.21578 0.424515 0.175867 1.38901 2.37552 2.10898 1.06946 0.152977 0.0888622 0.178662 0.0688976 
6.77895 2.31791 -0.565058 0.220882 3.29014 2.54077 1.90452 1.53823 -0.0171157 0.249928 0.0697362 0.0415104 
4.51708 2.56059 0.730833 0.781835 1.94828 2.35487 1.92013 1.1097 0.394774 0.165175 0.0390892 0.0325467 
3.37676 2.1572 1.16046 1.02194 1.61259 2.0834 1.92521 1.12038 0.35871 0.0404132 0.0433067 0.0322344 
3.8484 2.66264 1.15368 0.668649 1.35053 2.16736 2.06879 1.14669 0.109782 -0.13865 0.0652723 0.0431618 
4.71576 2.58826 0.442319 0.456609 1.86726 2.86791 2.3004 0.949737 -0.0362931 0.0346907 0.0920638 0.0922319 
5.16787 3.0547 0.145601 -0.247251 1.78107 3.3572 2.72856 0.61122 -0.170868 0.10076 0.0845421 0.12157 
4.7649 2.46302 0.328786 0.306642 2.00939 3.08561 2.40282 0.625512 -0.282056 0.0553471 0.130543 0.117342 
4.22514 2.61974 0.630353 0.305341 1.7207 2.70755 1.98002 0.552957 -0.231309 -0.150213 0.178147 0.115714 
3.77301 2.35037 0.831924 0.605225 1.62447 2.40007 1.98497 0.663744 -0.15895 -0.163792 0.110355 0.0756718 
4.40866 2.72844 0.501528 0.193153 1.35826 2.49596 2.44736 1.16283 0.0858475 -0.18227 0.0592234 0.0781731 
6.0399 2.62217 -0.300009 -0.194113 2.02437 2.81425 2.25471 1.00162 0.453157 -0.0973242 0.134518 0.111324 
4.34385 2.34392 0.446371 0.137262 1.25848 2.31687 2.33825 1.37922 0.348325 0.0636737 0.245217 0.103646 
3.61647 2.34029 0.900472 0.395979 1.12741 1.98577 2.11032 1.18847 0.249204 -0.0522656 0.191694 0.0593583 
4.14702 2.70421 0.765864 -0.065562 0.683178 1.92415 2.19523 1.39383 0.299672 0.0298904 0.232481 0.0779241 
5.87296 2.91954 -0.0658747 -0.205732 1.29362 2.02048 1.86579 1.20047 0.561358 -0.127552 0.105483 0.0914321 
4.85071 2.83671 0.471971 -0.159365 1.28876 2.09893 1.84968 1.3247 0.370828 -0.128306 0.0664104 0.0443383 
4.24877 2.46288 0.670936 0.111849 1.14372 2.17463 1.85479 0.978226 0.117091 -0.0741457 0.111202 0.0467852 
4.60668 3.03024 0.622822 -0.0862984 1.16823 2.32173 1.89826 0.683197 0.0999897 0.0850686 0.178423 0.0905765 
3.88422 2.69107 0.981588 0.476894 1.18509 1.88136 1.71587 0.796819 0.145994 0.108025 0.312209 0.082314 
3.87006 2.51933 1.09132 0.924762 1.65407 2.22026 1.76423 0.848007 0.177798 0.0362933 0.378209 0.108416 
4.53502 2.91266 0.861116 0.445097 1.89246 2.53616 1.90496 0.952043 0.352854 0.237598 0.310452 0.123704 
3.94029 2.63086 1.28359 0.790201 1.43591 2.09623 1.93675 1.11645 0.584137 0.250193 0.339743 0.094255 
3.45359 2.62258 1.51773 0.932829 1.31988 1.88311 1.79583 1.04606 0.436979 0.293181 0.326203 0.0719774 
3.731 2.59294 1.42524 1.05646 1.45929 2.17115 1.89791 0.921489 0.311582 0.177115 0.390464 0.104969 
3.7247 2.72202 1.46968 1.04149 1.48433 1.75379 1.67371 1.03363 0.473311 0.220295 0.322378 0.0799304 
3.52116 2.53283 1.63941 1.25757 1.86505 2.03997 1.8022 0.988777 0.28052 0.155361 0.212651 0.0624031 
3.44488 2.50399 1.58411 1.12193 1.34231 1.77235 1.50912 0.923719 0.434393 0.270102 0.286042 0.0544211 
3.79928 2.71733 1.53301 1.03635 1.71777 2.06489 1.78894 0.90895 0.228817 0.0767387 0.169251 0.0556492 
3.12618 2.14505 1.35508 1.13372 1.50902 1.66065 1.25341 0.735219 0.250745 0.204798 0.240826 0.0329835 
3.83322 2.44525 1.15612 0.741656 1.60628 2.07979 2.00707 1.14881 0.155796 0.071321 0.367704 0.1068 
5.0006 2.89554 1.00351 0.14568 1.91787 2.3418 2.3554 0.841716 -0.0112708 0.203342 0.207488 0.127768 
4.49154 2.56351 0.815361 0.611826 1.90318 2.47384 1.96309 0.632668 0.22629 -0.0246141 0.289587 0.124187 
3.39033 2.29148 1.37129 1.05757 1.74133 2.26111 1.89344 0.932568 0.237638 0.0690665 0.0940784 0.0440098 
4.60174 2.80701 0.776374 0.317542 2.19816 2.51388 2.2119 0.455546 0.233383 0.0413226 0.178282 0.0992005 
3.1458 2.08131 1.36788 1.09094 1.30011 1.84506 1.66913 0.976605 0.446772 0.217734 0.230604 0.0406407 
5.31289 2.90148 0.973637 0.120597 1.80404 2.34861 2.62383 0.468836 0.860648 0.351707 0.268988 0.123914 
4.74512 2.89523 1.00875 0.418316 1.55869 2.13968 2.47677 0.578721 0.970017 0.436954 0.323977 0.112226 
4.4436 2.8213 1.34506 0.604429 1.24224 2.08771 2.37074 1.13507 0.599507 0.237671 0.284723 0.101805 
2.9389 2.15524 1.63392 1.43289 1.58892 1.56958 1.45101 0.810892 0.386443 0.101686 0.182105 0.0417013 
4.81418 2.75427 1.11915 0.562937 1.99254 2.42804 2.23806 0.870542 0.273246 -0.193038 0.0925719 0.0865406 
3.16947 2.19657 1.42884 1.27549 1.53551 1.86763 1.56956 0.663457 0.0895699 0.0671398 0.119376 0.0368347 
4.64256 3.20102 1.25871 0.559761 1.83194 2.29649 2.14536 0.804534 0.300409 -0.0768013 0.227163 0.113444 
3.80069 2.8776 1.74716 1.04417 1.73442 2.0878 1.79361 0.967533 0.445696 0.142475 0.32515 0.0889552 
4.44966 3.1974 2.15581 0.997971 1.95657 2.28303 1.56298 0.403696 0.402934 0.227802 0.34449 0.126028 
3.17465 2.57731 2.16428 1.89843 1.8856 1.5147 0.919448 0.706528 0.421567 0.287416 0.355177 0.0602267 
3.99166 3.01571 2.01514 1.09547 1.62157 1.62844 1.87113 0.981681 0.43934 0.299254 0.304785 0.0884426 
3.69855 2.7706 1.63488 1.22434 1.28076 1.77178 2.00641 1.01936 0.639916 0.276172 0.283645 0.0683455 
3.92134 2.99764 1.43434 0.420019 1.35874 1.35207 2.3611 1.21854 0.256489 0.168597 0.326514 0.0982218 
4.26729 3.1059 1.18672 0.0149503 1.57259 1.452 2.18713 1.18926 0.234446 0.190108 0.252529 0.105495 
3.45455 2.4749 1.63508 1.13819 1.61888 1.71371 1.60193 0.818051 0.104477 0.00315291 0.247709 0.0601824 
4.80231 3.07853 1.31136 -0.00216396 2.50657 1.14693 2.13683 0.605747 0.321306 -0.0737329 0.0742837 0.0958534 
4.13266 2.74086 1.70881 0.663912 1.51862 1.89778 1.75514 0.831972 -0.0956945 0.00260228 0.0584444 0.035713 
4.65224 2.76455 1.40019 0.587513 1.79745 1.62531 1.95334 0.919995 -0.205475 -0.169788 -0.0765075 0.0119821 
3.35701 2.3617 1.37519 0.955142 1.59079 1.15329 1.53535 0.7116 -0.0811665 -0.136662 -0.05944 -0.0126267 
4.38255 2.66788 2.18961 0.530776 1.57064 2.02889 2.10147 0.629336 0.380368 -0.401967 -0.0923356 0.0151971 
3.52583 2.77321 2.24661 0.89625 1.4433 1.90844 1.47739 0.919091 0.222585 -0.0993661 0.0419422 0.010014 
4.34631 2.42778 2.46976 0.851034 2.05244 1.94507 2.16734 0.033942 -0.0850666 0.220147 0.169054 0.094737 
3.17058 2.29968 1.69102 1.41458 1.66169 1.81303 1.26753 0.478169 0.356939 0.227448 0.306542 0.061087 
3.91463 2.54098 2.02451 0.897662 2.20397 1.98407 1.98229 0.293929 -0.265187 0.285425 0.423862 0.136905 
3.13605 2.19801 1.74623 0.758014 1.68837 2.06884 1.71705 0.785505 0.248909 0.403267 0.307768 0.0739556 
3.74482 2.58418 1.47173 0.505891 2.14554 1.91192 1.98804 0.783684 0.377561 0.322707 0.37967 0.119513 
3.07238 2.24324 1.53642 1.06707 1.57188 1.90835 1.57528 1.04618 0.635388 0.528525 0.350837 0.067455 
3.29253 2.35794 1.57007 0.944605 1.63749 2.07894 1.72893 1.03567 0.446232 0.342822 0.384767 0.0855843 
3.23912 2.10514 1.69042 0.733078 2.0183 1.7421 1.84235 0.998846 0.602583 0.424973 0.462062 0.0932083 
3.17573 2.07711 1.80538 0.832269 1.64591 1.63309 1.58208 1.06276 0.761766 0.546288 0.341389 0.0666154 
3.75073 2.72433 2.04355 0.34622 1.21875 1.12008 2.17814 1.08471 0.468394 0.572861 0.440458 0.107616 
3.12636 2.38316 1.93736 1.33501 1.08385 1.21714 1.18342 0.923062 0.708033 0.516247 0.351985 0.0644744 
3.69035 2.80524 1.78433 0.570784 1.14155 1.37802 1.67496 0.708594 0.849126 0.576444 0.348631 0.0901541 
3.01795 2.12842 1.68709 1.05021 1.32196 1.49058 1.02826 1.12025 0.811 0.375437 0.248854 0.0438819 
3.78053 2.14578 1.96475 0.233919 1.03587 1.16374 2.09109 1.07638 1.20196 0.228268 0.21209 0.0602411 
3.33777 2.19319 1.5508 0.737355 1.08398 1.15394 1.39118 0.784264 0.82578 0.268245 0.220701 0.0355256 
3.62096 2.09937 1.7932 -0.386181 1.16958 1.56351 2.06635 0.794129 1.08665 0.174273 0.307544 0.0764767 
3.5404 2.4752 1.46066 -0.739497 1.55075 1.31037 1.89983 0.445338 0.609584 0.335537 0.277327 0.0748302 
3.48968 2.6905 1.71222 -0.689483 1.68511 1.55335 1.82709 -0.0760836 0.538789 0.348878 0.320218 0.127828 
3.35009 2.39197 1.92389 -0.143022 1.77708 0.753764 1.65082 0.787425 0.451786 0.612565 0.362901 0.0817135 
3.41916 2.61059 1.96984 -0.213291 1.7048 0.751159 1.81564 0.717115 0.552723 0.893889 0.406086 0.112736 