-26.7994
31.6635
-56.6989
-3.08016
5.10463
-34.149
-26.2982
-12.2672
-41.6656
-63.8815
19.6368
-61.3759
-32.3116
26.6524
-81.5874
-6.75496
-12.7683
-63.8815
-19.9509
-19.2827
-42.5008
-24.1268
9.28055
-35.8193
-17.2783
-4.08238
-48.6812
-27.4675
-1.07572
-41.1645
-11.9331
5.27167
-52.8571
-1.57683
-17.9464
-42.5008
-16.4431
-28.3027
-36.8216
-25.6301
3.10019
-26.6323
-5.25164
3.93538
-50.3515
0.0935356
-16.9442
-14.2716
17.7994
17.9665
13.6235
22.3094
40.0153
6.60796
33.6679
35.8394
17.4653
49.3693
60.8949
54.7145
60.5608
67.2422
35.5053
38.1779
50.8727
39.6812
42.8549
68.9126
39.1801
32.8327
62.8993
1.93094
31.1623
28.3227
-7.92422
27.6546
22.9775
14.7928
20.9731
28.8238
-23.1246
5.27167
-3.58127
-21.4542
26.4853
7.94426
7.61018
18.1335
3.43427
2.43205
-0.908684
9.61462
-6.922
-4.75053
31.9975
-11.599
19.8039
26.3183
-34.149
0.260572
-0.073501
-29.806
-0.407574
37.1757
-40.4964
15.795
13.4565
-50.5186
14.4587
-3.74831
-25.7971
-5.41867
25.149
-27.3005
6.10685
34.6701
-46.3426
8.27833
2.09797
-20.786
2.09797
31.9975
-3.91534
-19.2827
37.5097
-41.3315
-16.6101
32.8327
-43.1689
-15.4409
14.6257
-48.6812
-30.1401
18.3005
-66.387
-30.4742
-9.59459
-59.3715
-31.8105
-5.91978
-38.659
-56.8659
1.7639
-63.0463
-45.5075
9.44759
-66.8881
-19.6168
-27.4675
-30.9753
-56.8659
13.1224
-43.503
-49.8504
16.6302
-66.7211
-20.1179
-14.7727
-16.2761
-61.0419
23.1446
-48.013
-47.6789
32.1646
-72.7344
-16.7772
-17.6123
-43.1689
-25.129
13.6235
-6.58793
-29.639
35.6723
-47.846
-7.59015
30.4942
-12.2672
30.4942
37.6768
23.1446
29.659
51.5408
25.4831
17.4653
48.3671
32.9997
40.0153
89.7922
63.0663
44.0242
72.5874
22.3094
25.3161
62.3982
32.1646
47.866
59.8926
29.1579
34.8371
41.3516
13.4565
9.28055
25.8172
-5.0846
17.9665
41.5186
6.60796
30.9953
1.7639
-17.9464
0.761682
7.61018
9.78166
16.7972
33.5009
-9.26051
15.6279
12.2872
-2.24498
11.7861
7.10907
8.6124
-1.24276
42.8549
-0.741647
16.129
16.6302
-26.6323
8.94648
3.43427
15.4609
5.10463
19.6368
-3.91534
-20.1179
26.1512
-21.9553
11.118
24.3138
-25.7971
26.4853
-8.59237
14.7928
-7.59015
20.305
-21.2871
4.9376
19.3027
6.60796
18.6346
0.594645
-2.91312
-42.1667
29.1579
-27.1334
14.6257
14.9598
-44.8393
2.59908
-60.2067
8.11129
-66.22
0.427609
-16.2761
-83.2577
39.0131
-96.4536
-22.6234
-37.6567
-84.0929
-22.1223
-53.1911
-12.9353
-49.6834
-19.7838
-63.2133
-64.2156
-32.6456
-43.8371
-31.1423
-14.4386
-31.6434
-70.0618
-16.2761
-64.8837
-41.3315
-35.3182
-34.8171
-39.8282
-20.2849
-10.2627
-43.1689
-38.826
-34.8171
-92.2777
-19.1157
0.260572
-24.1268
43.189
-12.7683
-44.8393
-0.073501
-38.4919
-8.09126
33.6679
18.3005
39.8482
53.3782
43.189
24.3138
35.5053
28.4898
16.6302
87.2866
63.9015
97.8099
110.004
54.2134
65.2378
21.9753
46.6967
47.866
68.0774
112.843
43.5231
79.937
51.7078
2.43205
66.5741
-2.57905
30.8283
11.7861
48.8682
23.4787
46.3627
29.826
-24.7949
6.10685
-23.7927
17.1313
21.3072
42.8549
3.43427
25.4831
1.59687
-24.4608
40.6834
-49.6834
42.8549
-4.41645
10.1157
62.5652
-24.962
48.8682
-23.2916
1.42983
9.11351
2.26501
18.1335
12.2872
32.3316
-26.4653
42.8549
-38.3249
-9.09348
10.7839
-45.0063
37.5097
-28.8038
25.3161
2.43205
-9.09348
15.795
-34.8171
-4.58349
1.93094
-12.9353
20.305
6.27389
-25.129
-0.073501
-18.4475
0.928719
-23.4586
24.6479
-61.0419
-2.74609
0.427609
-57.3671
34.169
-77.5785
-44.3382
-28.4697
-82.7566
12.4542
-54.0263
-30.9753
-39.9952
-79.5829
-28.3027
-69.8948
-38.3249
-32.9797
-73.2355
-24.6279
-43.336
-28.1356
-23.7927
-42.5008
-53.1911
-54.5274
-48.5141
-33.4808
-11.9331
-25.4631
-17.6123
-47.6789
-29.4719
-52.0219
-21.6212
-48.3471
-22.4564
-50.5186
-10.4298
-14.7727
-3.2472
10.6168
-40.6634
-27.1334
-33.8149
-32.3116
38.3449
7.61018
46.1956
25.149
5.27167
42.6879
11.6191
45.6945
34.5031
38.0108
58.3893
66.073
88.957
69.7478
73.4226
32.4986
43.6901
41.0175
58.2223
85.6163
54.8815
73.2556
32.3316
25.9842
47.3649
14.2916
26.9864
44.6923
-5.75275
46.5297
32.9997
1.59687
56.2178
-43.8371
25.8172
-2.07794
-4.91756
63.9015
-16.2761
68.0774
-30.4742
6.60796
20.639
-48.013
66.4071
-8.92644
19.6368
38.1779
-0.240538
7.10907
15.6279
-1.24276
-20.9531
15.2939
-6.75496
15.6279
43.6901
5.77278
0.594645
7.27611
-40.3293
-0.073501
20.305
-12.7683
25.149
0.260572
1.42983
5.77278
-11.599
28.9909
-61.543
69.2467
-46.1756
22.6435
60.7278
-88.1018
77.4315
-52.523
-24.962
16.6302
-33.3138
-11.265
17.7994
-18.1135
-47.5119
23.1446
-109.482
5.77278
-38.4919
-50.0174
4.9376
-86.0973
1.59687
-74.9059
-8.7594
-76.7433
-71.8992
-19.1157
-108.48
10.1157
-40.8304
-52.1889
-71.8992
-16.6101
-56.1978
-94.1151
28.9909
-145.395
-17.1112
0.0935356
-95.6184
14.9598
-70.0618
-55.3626
-55.0285
-17.9464
-65.7189
-57.3671
-0.407574
-62.8793
0.260572
-8.59237
-10.2627
-54.3604
19.9709
-38.4919
-44.6723
80.7722
-54.5274
66.7411
56.2178
6.27389
72.7545
46.8638
30.4942
44.6923
92.4648
35.3383
110.505
92.6318
84.1129
81.2733
80.4381
82.1085
26.6524
138.567
40.6834
85.6163
118.355
28.9909
80.6052
62.8993
23.1446
38.679
74.2578
-0.240538
52.0419
57.8882
-8.92644
27.9886
36.6746
-25.7971
7.10907
24.3138
25.8172
19.1357
39.6812
-4.24942
-9.42755
9.78166
-13.1024
14.6257
16.7972
-3.41423
22.9775
21.8083
-7.08904
1.26279
14.4587
-31.6434
15.4609
8.44537
-31.6434
50.0375
-3.91534
-2.41201
20.1379
-39.4941
-15.4409
6.94204
-4.08238
22.4764
14.1246
-53.8593
16.129
7.94426
-35.1512
48.8682
-12.7683
-38.4919
22.3094
-9.42755
-18.6146
28.8238
-46.6767
-30.4742
49.8704
-121.175
79.1018
-83.2577
-10.2627
-4.91756
-101.966
70.75
-176.297
-13.6035
7.44315
-131.197
0.761682
-70.2289
-112.823
-41.4986
-14.2716
-98.6251
-1.40979
-110.485
-63.2133
16.6302
-105.808
-2.91312
-91.9436
-106.142
-16.109
-48.8482
-92.2777
-44.8393
-83.9259
-76.9103
1.09576
-87.9348
-26.9664
-65.7189
-37.4897
-32.3116
-64.7167
-69.2267
-122.678
39.6812
-51.1867
-11.432
48.5341
-57.8682
-22.1223
8.94648
-12.9353
-34.316
111.173
20.1379
76.4293
103.823
-0.574611
108.667
41.1845
54.0464
63.0663
110.004
91.6296
121.696
165.126
51.8749
107.665
56.886
73.5896
95.3044
126.707
137.565
72.0863
122.531
23.4787
28.4898
67.2422
34.169
65.0708
58.5563
73.4226
47.1979
-8.42533
-4.24942
-0.574611
-5.41867
38.1779
16.4631
14.6257
65.4048
8.94648
-10.2627
8.77944
-53.6922
-29.4719
55.0486
12.7883
23.4787
20.8061
7.27611
-31.4764
-11.265
-62.0441
2.93316
23.4787
52.209
35.6723
-38.993
77.2644
-145.228
182.832
-124.516
41.8527
51.0397
-33.8149
120.694
-18.6146
15.1268
-90.7744
114.514
-75.7411
68.5785
43.6901
-125.351
156.774
-98.7921
-8.25829
10.1157
-144.727
89.2911
-64.7167
24.982
-67.0552
-60.3737
-57.033
-61.71
-35.9864
-125.184
42.0197
-138.714
-14.2716
-45.5075
-168.446
-8.59237
-148.736
-1.57683
-85.7633
-42.5008
-61.3759
-93.614
-36.6545
-143.725
43.356
-177.967
11.9531
-92.2777
-98.291
2.76612
-124.516
-75.7411
-111.821
-52.69
-98.4581
13.2894
-91.9436
-87.6007
-27.1334
-143.725
-43.8371
-100.462
-47.846
-16.109
22.3094
23.6457
-75.9081
33.6679
-103.803
15.1268
25.3161
17.4653
84.1129
61.73
78.6007
35.5053
78.4337
15.4609
99.3133
104.157
116.017
146.084
123.701
178.99
48.2001
123.701
64.5697
108.667
141.239
102.988
162.954
60.2267
158.611
-0.407574
79.77
-5.41867
53.5452
129.881
62.2311
111.34
-23.1246
42.8549
-7.08904
-12.4342
26.1512
17.6324
0.0935356
64.9037
79.4359
-39.3271
50.7056
-65.7189
-48.6812
29.9931
-30.4742
86.2844
-8.25829
104.658
-62.5452
-15.4409
2.26501
-95.2844
40.1823
16.9642
30.6612
26.4853
68.0774
-81.2533
-7.08904
31.9975
-107.311
94.9703
68.4115
-101.632
165.961
-134.371
-18.6146
38.679
-127.689
130.048
-70.5629
88.957
-52.69
73.2556
-102.3
41.6856
-26.9664
-145.896
254.156
-254.637
152.598
-22.9575
-136.041
8.77944
-29.1379
-137.712
-48.013
168.8
-310.093
252.152
-273.011
-66.053
-55.1956
-137.211
74.4248
-210.874
122.531
-306.753
82.2755
-76.2422
-181.308
103.489
-277.521
78.9348
-104.972
-0.574611
-82.5896
-81.7544
-58.2022
-119.171
-38.826
-81.7544
-123.347
97.8099
-191.33
103.823
-103.469
-217.221
36.8416
-183.146
15.4609
128.378
-62.0441
45.3605
-54.8615
-126.186
-12.9353
48.033
23.3116
149.257
91.6296
23.4787
98.6451
53.8793
37.5097
101.819
95.6385
132.052
219.246
156.44
141.741
132.052
72.9215
72.7545
110.338
154.268
151.763
186.005
110.672
80.4381
11.452
0.928719
67.0752
40.5164
164.291
59.5586
54.5475
22.4764
-100.128
56.2178
-44.1712
-1.40979
61.396
-32.3116
48.033
10.6168
-28.1356
-29.1379
-95.9525
-42.3338
32.8327
18.4676
92.6318
23.8127
-76.2422
-35.3182
-94.2821
-35.3182
33.8349
17.6324
54.8815
-6.42089
-65.5518
-7.59015
-42.8349
-18.2805
29.9931
-34.6501
64.0686
7.61018
12.2872
46.3627
-92.4447
-32.8127
-26.9664
41.6856
55.8838
47.699
-4.58349
-81.7544
-23.1246
-62.0441
65.2378
-31.4764
-18.6146
90.9614
-124.516
32.9997
-20.452
-200.183
39.5142
8.27833
-90.4403
60.3937
-80.7522
-177.132
17.7994
-91.7766
-97.9569
1.26279
-170.952
-74.9059
5.77278
-86.4314
-46.6767
-177.466
-96.1195
-108.48
-69.0596
31.6635
-116.331
-138.046
-110.652
-118.168
-114.828
-39.4941
-135.206
-93.447
-153.58
102.487
-175.295
-19.4497
-120.006
-243.78
-63.3804
80.1041
13.9576
104.491
9.61462
-204.86
-50.5186
-62.7122
66.5741
156.44
108.667
140.738
-22.2894
92.1307
-12.4342
84.447
165.794
127.375
217.074
141.239
161.284
109.67
167.297
106.663
122.03
164.625
121.028
216.74
190.348
130.716
50.8727
-4.24942
9.28055
84.7811
186.005
149.758
104.825
-17.6123
-91.1084
-0.407574
-118.669
170.471
-31.6434
108.333
-13.9375
-61.71
-46.0086
-102.968
52.209
-150.239
78.7678
-55.0285
53.3782
52.7101
-57.5341
-43.0019
-213.379
31.3294
-18.6146
150.259
27.4875
17.6324
-122.177
-31.9775
28.9909
-72.2333
44.1912
25.8172
-7.25607
90.9614
1.59687
-68.8926
-39.4941
-45.1734
0.427609
-8.09126
253.822
-32.6456
-23.2916
35.6723
-228.245
99.3133
-98.124
45.0264
31.8305
-36.6545
139.903
-213.379
67.0752
-247.288
-91.7766
110.171
-120.34
155.271
-203.357
-64.5496
-232.087
-34.9841
-98.9592
-144.894
118.69
-263.657
194.858
-266.664
-53.8593
-237.6
-292.053
120.193
-281.697
265.181
-273.011
-36.6545
-233.424
-266.163
63.9015
-351.686
208.722
-193.836
-12.9353
-69.0596
-163.769
-179.972
-268
14.7928
-200.851
254.824
82.4426
-11.265
-58.8704
-262.822
-135.206
-35.6523
285.225
231.105
242.798
137.064
-137.879
53.0441
22.4764
234.947
335.336
309.779
284.056
173.645
192.854
90.1263
210.059
138.901
243.132
272.363
320.303
285.893
208.555
88.2889
4.9376
27.3205
104.324
196.195
213.733
145.081
13.2894
-107.812
-136.375
-94.2821
29.492
106.83
113.511
-11.7661
-131.03
-176.297
-158.257
-111.654
-16.7772
-5.75275
-95.6184
-52.8571
-85.2622
-46.0086
-104.638
-152.578
-75.24
-111.153
99.3133
64.9037
26.8194
-11.9331
-182.979
-113.992
-13.4364
175.649
136.729
127.877
71.9193
-115.496
-110.819
77.0974
72.9215
141.574
233.277
-25.7971
38.512
-78.2466
-90.9414
206.718
-52.8571
84.7811
132.888
-161.765
191.517
-143.558
-91.9436
-121.509
85.2822
-84.594
-56.8659
168.132
-426.351
-16.2761
-172.288
-231.419
87.1196
-37.8238
-43.8371
-215.05
-39.4941
-461.429
-143.725
-104.972
-320.951
60.8949
-302.41
-71.3981
-153.914
-328.969
-314.77
-225.74
-223.067
-153.246
109.168
-237.6
-133.703
-200.684
-473.121
-370.394
-89.4381
126.54
420.191
284.056
-251.798
-575.181
-336.819
-83.5918
549.644
678.429
338.844
138.734
-267.332
-192.5
157.108
473.475
735.723
557.495
357.051
61.2289
96.1396
193.021
329.824
553.152
451.76
512.395
348.031
290.069
234.112
68.4115
134.725
97.3088
282.385
353.543
283.889
103.155
-186.486
-310.26
-227.41
10.7839
202.876
206.718
-52.8571
-296.563
-517.219
-408.478
-206.531
-51.0197
82.2755
-100.964
-201.186
-375.238
-298.902
-211.709
-126.186
91.2955
-91.1084
-26.4653
-90.4403
-224.404
-80.7522
-64.5496
3.6013
130.215
176.818
147.42
106.496
-8.92644
-92.6118
60.3937
169.636
230.771
319.969
193.856
-27.1334
-97.6229
128.378
161.952
268.02
265.682
114.514
-79.2488
9.44759
-93.2799
15.2939
185.17
-46.1756
23.4787
-226.241
-223.401
-211.041
-107.979
46.3627
-274.348
56.0508
-115.496
-411.318
-171.787
-252.8
-327.465
-97.2888
-90.7744
-271.174
-203.19
-517.887
-382.921
-212.878
-363.211
-182.979
-350.683
-394.781
-571.84
-438.043
-124.349
-132.868
-193.001
-565.659
-646.505
-287.543
338.677
579.209
177.653
-546.784
-771.281
-248.958
599.922
1041.9
760.444
116.852
-302.744
-365.216
249.145
1045.24
1320.35
993.961
288.232
-99.1262
68.2445
585.39
1043.57
1028.04
713.173
334.167
189.68
315.793
571.526
653.708
431.382
271.361
127.208
207.887
271.194
102.487
-10.4298
-283.702
-227.076
-18.2805
110.839
134.725
-325.294
-653.02
-726.349
-457.754
-17.2783
-4.24942
-249.292
-665.714
-829.911
-564.824
-211.041
80.4381
-30.3071
-358.033
-583.699
-548.622
-158.257
182.497
264.178
53.3782
-227.577
-247.121
-16.7772
312.619
492.517
428.208
213.733
52.376
91.2955
294.913
450.09
394.968
259.334
235.615
334.668
398.977
320.136
167.297
67.7434
76.9304
159.112
230.27
202.041
41.0175
-192.5
-343
-263.824
-121.509
-76.5763
-144.393
-303.913
-433.366
-551.795
-518.388
-323.957
-252.8
-422.175
-578.521
-670.725
-636.483
-449.903
-497.508
-472.787
-597.73
-765.268
-604.245
-459.591
-345.672
-543.945
-585.704
-647.507
-706.638
-566.829
-627.797
72.7545
754.932
574.532
-383.59
-1490.71
-830.914
699.476
1664.11
1570.24
237.62
-511.038
-469.112
49.0353
1424.92
2124.46
1801.42
722.36
-412.988
-164.103
814.731
1825.47
1925.02
1090.01
391.126
-43.503
296.583
841.791
1131.93
1032.21
428.876
96.6407
-67.7233
36.6746
151.262
4.9376
-22.7905
-182.477
-184.148
-251.297
-501.35
-612.263
-822.729
-650.681
-356.196
-260.985
-401.128
-979.242
-1276.23
-1057.58
-450.07
22.6435
-117.5
-552.631
-934.309
-908.419
-418.166
217.241
486.17
178.823
-411.151
-682.084
-280.194
417.184
796.357
616.793
227.43
24.6479
85.7833
316.461
585.056
755.266
711.335
490.68
301.261
277.708
354.545
407.162
415.514
405.992
356.717
231.105
30.1601
-126.186
-142.389
14.7928
116.017
65.906
-130.028
-514.212
-767.941
-646.004
-224.237
-68.3915
-383.924
-854.132
-925.79
-719.834
-565.158
-434.703
-723.509
-810.034
-945
-914.599
-586.205
-700.458
-557.308
-791.827
-732.863
-427.353
-713.654
-892.216
-1209.75
-311.597
1089.17
1218.29
-16.2761
-2064.65
-1642.04
975.253
2605.86
2348.8
134.224
-1198.73
-439.881
674.086
2155.03
2622.57
1767.67
484.834
-624.289
258.833
1872.07
2575.13
1975.3
571.86
196.195
486.003
924.808
1225.98
1042.57
728.206
338.176
172.976
233.778
166.128
-135.874
-301.073
-93.447
230.604
161.618
-539.602
-1255.85
-1321.67
-703.799
-56.8659
-32.1445
-637.819
-1397.84
-1720.88
-1301.12
-405.972
185.838
-108.146
-1032.36
-1623.34
-1212.43
-202.856
431.883
251.818
-322.955
-682.752
-588.376
-132.032
417.518
683.607
488.174
142.576
116.852
417.518
629.654
574.198
516.738
645.523
767.46
671.915
440.736
313.12
377.095
555.657
699.977
650.701
345.859
-84.594
-297.399
-83.4248
346.527
435.892
3.93538
-608.087
-853.296
-558.644
-185.985
-94.1151
-339.158
-752.573
-1212.93
-1199.73
-715.324
-392.944
-544.947
-1003.3
-1108.7
-1175.84
-1061.26
-863.486
-856.47
-708.977
-843.942
-906.414
-1003.96
-854.633
-1003.13
-1351.07
296.751
1627.03
1045.41
-1224.62
-3350.66
-707.641
2989.55
3404.3
1399.19
-1710.19
-1475.51
850.644
2045.96
2834.7
2086.71
984.941
4.10241
-151.409
1696.85
2557.76
2248.24
1157.82
236.784
924.474
1254.54
1129.43
785.166
630.657
1073.8
966.901
401.984
-217.889
-488.823
-354.525
249.646
759.108
217.074
-829.076
-1785.19
-1558.52
-289.381
275.036
48.2001
-1034.2
-1970.44
-1676.45
-1228.63
-287.543
77.2644
-592.218
-1230.47
-1942.88
-1114.71
-109.65
60.2267
-221.063
-893.719
-496.506
-290.717
-146.565
43.189
130.215
459.444
253.822
299.423
369.077
405.658
460.446
577.706
969.741
1069.29
716.346
164.458
137.732
612.45
1135.11
1091.68
546.303
25.149
-100.295
123.367
500.034
766.792
355.881
-244.114
-867.16
-572.007
68.5785
-41.1645
-308.423
-881.025
-857.138
-965.378
-1087.15
-620.113
-559.145
-572.174
-1120.05
-1281.08
-941.826
-1102.35
-993.273
-886.704
-853.965
-817.551
-1001.46
-1089.32
-1000.29
-1143.94
-1314.65
-95.9525
1494.4
1132.77
-1337.54
-3335.96
-974.732
3106.97
3708.31
948.026
-2268.43
-1581.41
1673.97
2861.93
2339.94
1040.06
391.126
582.049
854.319
1960.77
2399.41
1670.96
833.439
706.658
1551.03
1735.27
953.538
424.032
696.636
1580.09
1672.46
296.416
-683.253
-549.958
211.562
1159.33
911.779
-262.989
-1344.55
-1737.76
-779.8
403.654
368.409
-560.314
-1844.16
-2039.92
-951.514
-490.994
-294.893
-695.113
-1323.34
-1151.96
-1340.71
-887.205
-303.746
-506.361
-514.379
-750.235
-539.769
-339.659
-458.088
-42.1667
133.055
475.146
438.732
-163.268
-80.2511
310.615
812.894
868.851
686.113
798.194
521.916
160.616
451.092
1134.1
1221.97
635
224.09
340.347
495.524
484.166
489.511
388.955
192.687
-108.146
-303.579
-193.669
-37.6567
-103.803
-431.529
-620.447
-517.72
-704.467
-998.284
-749.233
-516.384
-659.701
-1045.56
-1347.22
-1116.71
-942.327
-999.62
-868.664
-881.025
-1150.12
-1227.79
-1092.33
-828.575
-1053.41
-1087.98
455.268
1256.71
-179.805
-2519.49
-2522.66
1390.67
3780.47
1764
-1657.58
-2346.27
909.775
3038.32
2153.03
808.384
406.828
1206.77
1430.59
1304.48
1697.02
1699.69
1472.86
1205.1
1443.79
1690.84
989.117
444.578
791.179
1824.63
2056.98
826.591
-471.284
-603.744
582.55
1360.44
1113.89
-107.645
-1189.71
-1057.75
-706.137
161.284
191.852
-682.585
-1356.41
-1803.4
-1024.84
-530.415
-815.713
-1072.11
-1152.63
-856.637
-999.119
-1437.42
-1227.63
-542.775
-334.314
-602.24
-861.648
-836.092
-653.354
-491.495
-53.8593
389.122
282.218
-339.993
-523.232
254.657
942.013
812.225
470.302
434.89
558.664
556.492
537.784
891.234
1164.34
797.359
333.499
316.127
564.176
640.345
456.438
358.554
475.146
270.192
-291.719
-428.689
21.9753
340.848
-18.9486
-529.412
-684.924
-581.027
-635.815
-656.527
-462.765
-576.016
-781.638
-1207.92
-1209.42
-886.537
-916.102
-841.604
-1096.84
-1013.99
-1025.01
-1221.28
-1144.27
-1529.13
-686.594
979.763
873.528
-1201.07
-3255.78
-1820.94
2433.15
3371.23
396.805
-2453.67
-1748.78
2099.74
2866.44
1170.35
-1.74387
320.303
1947.41
1511.44
945.02
1135.61
1357.6
1810.77
1679.65
1627.7
1168.85
484.667
612.283
1614
2156.2
1555.87
348.532
-549.791
191.685
1112.06
1273.25
756.936
-505.693
-744.055
-494.502
-189.66
346.527
-302.243
-834.755
-925.289
-969.22
-547.619
-873.174
-1101.51
-949.008
-810.869
-615.77
-1326.01
-1575.73
-1045.72
-546.116
-277.02
-814.711
-1060.76
-899.232
-764.6
-381.251
17.9665
187.509
-211.542
-725.68
-479.134
424.032
843.628
372.585
-86.4314
185.17
691.625
589.566
328.487
587.394
1002.65
874.53
379.768
251.818
577.539
774.141
573.029
409.834
473.475
383.944
-22.4564
-153.246
158.778
287.564
-37.4897
-432.698
-499.346
-425.349
-398.122
-421.173
-421.34
-659.534
-952.85
-970.89
-953.017
-766.939
-884.866
-972.728
-939.988
-1124.73
-1011.98
-1063.26
-1033.36
-1320.33
-1157.64
430.38
743.406
-809.867
-2752
-2175.73
1717.23
3196.51
504.711
-2417.43
-1982.63
1750.8
2991.72
877.37
-438.879
93.467
1922.18
1932.54
596.748
611.28
1140.29
1948.58
1951.42
1335.89
939.674
575.201
870.855
1520.79
2067.51
1572.41
352.708
-156.42
298.588
1228.31
1313.84
596.581
-240.105
-516.885
-136.375
-64.3826
102.821
-138.213
-560.815
-747.562
-963.039
-452.075
-613.432
-977.405
-865.49
-775.29
-601.906
-1210.75
-1451.12
-941.158
-429.859
-405.304
-1036.2
-1260.7
-840.602
-413.656
-418.166
-426.685
-239.437
-257.978
-574.345
-559.813
118.021
562.172
311.116
-28.8038
118.522
413.676
394.3
364.4
651.536
891.401
666.235
323.81
372.251
684.944
789.341
647.861
532.272
456.772
294.078
131.718
193.021
354.712
268.02
-50.3515
-234.593
-179.471
-169.282
-325.294
-401.462
-329.47
-484.814
-758.587
-801.014
-672.897
-706.137
-1032.03
-1088.82
-808.531
-784.644
-1091.82
-1238.65
-1102.01
-934.643
-1265.04
-1310.64
43.189
727.204
-409.981
-2437.81
-2462.69
1106.04
2943.61
803.54
-1995.16
-2081.02
1215.62
2828.19
1044.41
-571.172
-141.553
1780.04
2076.86
618.463
285.058
926.479
1902.64
2145.68
1244.02
886.39
783.495
887.893
1581.6
1849.52
1551.86
671.414
-109.65
417.184
1345.74
1389.84
604.599
-270.506
-151.743
336.004
124.369
-71.3981
-172.121
-285.372
-433.701
-781.304
-702.128
-602.407
-741.048
-804.021
-831.415
-683.086
-1044.55
-1443.27
-1013.99
-463.934
-440.048
-1069.94
-1234.81
-717.663
-474.792
-526.072
-583.532
-265.328
-114.327
-457.921
-478.633
45.5275
448.253
197.197
-15.7749
247.308
481.994
367.073
223.923
645.523
899.586
632.828
335.67
322.641
779.152
813.729
593.575
557.161
484.166
426.204
188.01
233.778
468.464
344.69
-7.92422
-169.449
-76.4092
-69.7278
-182.477
-389.937
-400.46
-383.924
-631.305
-708.81
-774.956
-861.982
-784.644
-1028.35
-935.311
-755.413
-1137.76
-968.719
-1069.44
-1154.13
-1054.91
-1506.58
-327.966
727.872
-106.977
-1669.77
-2839.7
-359.202
2618.23
1546.85
-1143.61
-2556.4
-143.892
2793.11
1614.67
-323.456
-546.283
1138.95
2458.54
942.681
17.1313
726.87
1840.84
2334.93
1230.82
776.313
906.267
843.127
1319.85
1582.1
1697.85
1229.15
-23.4586
-110.318
1017.85
1631.04
1116.07
-69.7278
-369.725
330.826
238.121
-134.371
-190.495
-168.948
20.639
-656.193
-958.697
-544.279
-758.42
-679.745
-693.609
-678.409
-700.625
-1439.93
-1309.47
-677.574
-393.278
-665.046
-1322.34
-1027.01
-624.289
-518.221
-455.415
-567.664
-322.454
-362.543
-462.765
-127.522
178.322
245.637
70.583
95.3044
328.822
378.431
274.535
434.723
791.68
843.795
460.112
162.286
461.282
880.042
871.022
585.39
382.44
365.236
350.202
383.777
458.609
352.04
131.551
-117.5
-169.449
-62.0441
-171.954
-334.648
-315.272
-409.814
-517.386
-580.359
-838.931
-763.097
-675.235
-833.252
-1000.79
-1005.63
-856.47
-965.545
-970.055
-1127.24
-1057.75
-1277.4
-1279.74
291.572
662.895
-572.174
-2530.84
-2559.91
1232.66
2860.93
765.622
-2079.18
-2362.14
1350.92
2653.8
707.995
-518.221
10.9509
2007.37
1860.38
285.058
234.78
1254.04
2174.24
1797.41
1091.01
1028.7
844.631
747.582
1364.28
1952.92
1898.97
709.498
-514.88
179.324
1417.06
1483.71
528.931
-300.238
-50.8526
365.57
-115.997
-385.26
-59.2045
10.1157
-269.002
-862.483
-797.506
-703.131
-820.724
-635.147
-658.031
-552.798
-1138.09
-1492.38
-1045.89
-636.984
-351.853
-862.316
-1206.91
-1026.85
-655.358
-302.243
-346.34
-403.801
-412.988
-393.612
-276.519
46.0286
280.548
189.179
37.6768
176.15
503.709
498.364
346.193
495.19
774.475
690.623
386.95
462.117
805.21
785.166
432.885
395.302
648.196
612.116
242.13
133.89
373.587
388.287
68.7456
-138.213
-53.3582
-113.324
-365.048
-467.108
-312.933
-269.336
-623.287
-947.338
-854.466
-574.345
-742.217
-1084.48
-1190.54
-876.347
-775.123
-1155.3
-1088.82
-1031.02
-1085.48
-1555.02
-1002.79
659.387
562.84
-826.571
-2904.17
-2051.95
1965.28
2770.06
326.149
-2417.59
-1823.28
1950.08
2613.55
515.067
-498.511
436.56
2275.8
1568.4
-41.8327
572.695
1627.7
2230.53
1639.22
820.243
970.409
954.708
927.982
1278.76
1972.46
1803.25
452.095
-471.451
297.753
1460.49
1314.84
535.78
-444.725
-288.379
156.941
-263.991
-126.52
-130.195
-216.553
-610.258
-1232.47
-872.172
-693.108
-629.634
-694.445
-904.744
-785.647
-1222.61
-1331.52
-994.442
-525.07
-300.572
-914.599
-1045.89
-767.106
-565.325
-488.823
-370.394
-20.2849
-107.812
-452.743
-384.926
159.112
498.364
362.062
138.901
222.92
502.54
546.47
491.014
615.957
839.787
767.293
488.509
489.678
722.861
771.803
631.993
605.267
587.561
384.946
178.823
262.508
385.28
268.521
63.0663
-63.3804
-163.101
-353.022
-417.999
-383.255
-390.772
-615.269
-816.548
-848.619
-840.268
-743.887
-970.89
-1136.09
-1161.31
-1016.83
-888.541
-1181.36
-1170.16
-1072.11
-1015.82
-1470.83
-1262.03
483.999
892.403
-381.251
-2694.54
-2670.49
1563.22
3287.37
1091.68
-1903.96
-2408.41
1397.02
2959.48
1222.97
108.166
208.388
1939.56
1876.58
448.086
896.245
1486.72
1869.9
1847.69
1392.34
1381.65
841.624
444.411
1061.61
1959.43
2230.2
877.203
-687.095
-327.966
924.808
1566.23
1073.3
-262.989
-645.002
-375.906
-372.064
-44.5052
-164.939
-398.456
-674.901
-1309.97
-1028.18
-862.65
-992.438
-819.722
-831.081
-789.321
-1291.1
-1636.03
-1123.9
-623.12
-562.152
-852.628
-923.619
-712.151
-645.002
-689.768
-359.536
109.67
148.756
-251.464
-385.427
151.763
587.561
558.664
419.188
550.312
700.144
628.151
499.366
718.351
1074.47
1088.5
825.755
365.904
635.167
852.481
776.313
757.437
380.77
471.471
218.076
107.498
288.733
145.081
96.1396
-267.332
-391.273
-346.006
-403.3
-574.178
-571.506
-597.062
-799.177
-831.749
-1101.01
-960.367
-996.781
-1200.23
-1190.54
-1421.22
-1067.6
-1073.45
-1200.57
-978.24
-1131.08
-1146.95
-1842.49
-1217.77
1025.87
1160
-346.841
-3015.92
-2787.25
1978.14
3605.24
1437.28
-1777.51
-2279.12
1712.89
2960.98
1601.14
714.175
580.88
2111.77
1799.08
720.856
1408.88
1925.52
2050.8
1606.32
1264.89
1687.33
1284.27
572.862
833.94
1730.59
2261.43
964.897
-828.742
-641.995
606.77
1332.88
863.84
-403.801
-725.346
-658.031
-886.37
-390.605
-167.945
-442.553
-1040.54
-1778.35
-1299.79
-932.472
-1046.56
-1043.89
-1192.21
-982.75
-1203.07
-1623
-1387.65
-811.704
-415.494
-639.156
-873.508
-707.975
-614.768
-604.579
-89.6051
521.749
426.872
-74.0707
-214.548
222.085
742.905
967.57
888.06
771.803
790.177
722.193
615.623
880.543
1360.61
1366.29
841.123
486.504
643.686
908.606
885.22
679.264
508.887
351.539
156.607
40.5164
79.4359
47.5319
-147.4
-336.151
-450.07
-578.688
-799.01
-883.029
-800.513
-857.806
-1079.46
-1091.16
-1126.74
-1274.73
-1208.92
-1324.51
-1341.21
-1322.84
-1322.17
-1145.44
-1315.15
-1198.23
-1207.58
-1317.99
-1155.97
-1579.4
-692.774
1194.41
1316.34
-647.841
-3345.32
-2029.9
2757.53
4118.21
1585.6
-1857.52
-1728.57
1971.13
2925.07
2097.91
1419.74
1376.48
2042.28
1097.36
910.443
2031.43
2487.6
2108.1
1247.86
1315.01
1663.44
1044.24
375.926
661.224
1692.34
2135.99
569.02
-1154.46
-878.853
241.127
997.469
622.973
-493.166
-1230.97
-1639.2
-1431.58
-597.396
-219.894
-587.541
-1498.89
-2213.81
-1785.53
-1155.13
-979.409
-1044.89
-1210.92
-1169.16
-1185.87
-1385.64
-1227.63
-596.06
-507.364
-511.874
-170.284
-248.624
-227.911
-475.627
-238.435
907.269
980.598
727.872
511.393
434.723
928.65
841.791
1244.52
1690
1179.37
723.195
501.704
1088.34
1590.45
1204.93
678.93
342.519
540.791
744.91
535.78
340.514
242.297
5.93982
-211.709
-131.03
-96.7877
-416.496
-918.441
-854.8
-605.414
-872.005
-1006.3
-1251.34
-1239.49
-1182.69
-1323.34
-970.389
-1265.04
-1490.21
-1413.87
-1469.66
-1019.66
-1146.45
-1361.42
-1108.7
-1090.49
-1066.77
-1053.91
-879.02
-1017.83
-1622.33
-277.354
2035.43
2058.32
-650.681
-3800.32
-1781.18
3546.28
4899.61
2068.01
-1636.2
-1397.84
1788.55
2648.46
2572.62
2447.51
2052.81
1723.41
447.585
796.691
2650.63
2990.38
2209.99
976.088
891.401
1504.76
976.255
304.267
325.982
1379.82
1614.5
228.433
-1075.79
-1502.23
-827.239
29.826
352.541
-161.431
-1116.21
-2348.44
-2692.54
-1307.47
-231.085
-105.14
-1370.27
-2570.27
-2243.54
-1865.54
-1099.01
-610.258
-539.602
-480.137
-1566.04
-1951.73
-1044.39
-60.7078
521.916
215.404
152.932
138.4
-277.02
-93.9481
822.916
1742.79
1655.43
822.916
450.591
804.542
1100.03
1160.5
1425.25
1740.28
1490.23
669.91
336.505
849.976
1335.22
1164.84
686.614
395.135
223.589
34.5031
-18.9486
164.792
225.092
-132.701
-697.618
-995.779
-869.165
-675.068
-756.081
-996.948
-1169.5
-1289.26
-1330.85
-1383.3
-1325.68
-1179.02
-1193.22
-1166.99
-1157.47
-1270.39
-1268.38
-1163.65
-1078.8
-949.008
-1178.02
-1189.37
-843.608
-1018.66
-615.436
-438.712
-861.815
-1166.32
-1743.6
478.987
3253.8
2328.25
-713.821
-3822.87
-1231.97
4284.08
5000
2623.9
-1018.5
-1072.11
1705.54
2129.48
2902.19
3021.95
2349.46
1475.86
-291.385
728.039
2684.87
2703.91
1753.64
545.134
845.132
1244.68
227.764
-334.314
106.663
1026.53
1109.05
-111.654
-1224.28
-1548.67
-1301.96
-838.597
-293.056
-136.876
-750.235
-2249.22
-2964.14
-2032.57
-910.256
-178.97
-940.657
-1592.93
-1965.09
-2360.13
-1394.66
-741.716
166.796
-107.645
-1189.71
-998.952
-643.833
198.7
314.958
454.6
1124.75
1012.17
473.141
224.257
904.43
1631.54
1677.31
1415.23
1490.06
1521.63
1093.01
790.511
1109.72
1806.09
1780.2
999.306
488.342
622.305
727.538
462.952
434.389
686.781
401.817
-450.404
-789.99
-356.53
-24.4608
-285.539
-770.112
-1010.81
-975.4
-963.708
-1157.3
-1268.05
-1096.5
-1014.99
-1193.55
-1259.03
-1144.61
-1132.41
-1226.96
-1123.39
-800.68
-723.509
-1040.38
-1259.03
-1004.13
-595.392
-669.723
-1033.7
-938.485
-674.901
-540.771
-474.959
-529.245
-541.272
-1028.52
-1463.65
-223.234
2133.48
3214.71
1081.99
-2881.79
-2979.84
1576.08
4797.89
4255.68
975.086
-1071.95
194.023
1177.87
1979.98
3170.28
3416.16
2450.85
106.162
-656.026
1052.42
2545.73
2409.76
1020.19
572.027
694.131
257.831
-185.15
-416.663
256.996
815.9
290.737
-506.194
-1006.64
-1279.41
-1624
-1460.64
-562.152
51.2067
-570.002
-1900.45
-2684.52
-2372.16
-1347.39
-495.671
-257.811
-706.805
-1603.96
-2219.99
-1818.43
-534.257
469.466
295.915
-553.299
-874.677
-396.785
166.462
406.828
660.222
1110.72
1290.12
917.291
528.096
709.832
1259.88
1657.76
1746.8
1595.13
1306.99
1044.57
872.693
830.432
1017.51
1220.63
1043.24
707.326
592.071
431.716
136.897
166.796
449.088
320.637
-199.181
-533.588
-568.165
-605.08
-640.826
-611.594
-720.335
-948.674
-1211.26
-1243.16
-1067.44
-1179.02
-1339.71
-1278.4
-1045.22
-938.819
-1192.21
-1225.12
-1078.46
-976.068
-829.911
-797.84
-677.741
-733.364
-905.913
-839.265
-743.72
-631.806
-739.545
-754.912
-498.845
-400.126
-382.587
-491.829
-606.082
-897.895
-801.014
875.866
2858.26
2734.82
-272.677
-2889.47
-1357.58
2502.3
4556.85
3019.45
558.163
194.19
556.325
687.282
1192.23
2591.17
3820.55
2481.42
181.495
-375.238
872.86
2056.98
1455.82
615.456
747.081
968.572
464.956
-459.424
-645.837
-197.511
-5.0846
-271.842
-397.454
-293.223
-705.469
-1617.32
-2106.4
-1399.34
-337.822
-248.958
-973.563
-1722.05
-1832.3
-1556.19
-1327.51
-894.053
-488.154
-442.052
-917.94
-1405.85
-1145.11
-511.874
20.305
149.09
-2.24498
-69.5607
-78.2466
275.37
792.682
1031.88
914.619
671.748
896.245
1386.33
1594.29
1382.82
1060.27
1060.78
1230.15
1296.8
1211.78
1133.27
1010.66
740.4
599.254
624.476
712.839
550.813
202.542
33.6679
-114.327
-170.618
-254.804
-397.621
-536.595
-797.84
-839.265
-744.723
-731.861
-881.025
-1110.53
-1083.64
-1028.18
-1099.68
-1119.22
-948.006
-685.091
-768.275
-1075.46
-1145.94
-886.704
-570.503
-591.717
-755.079
-779.967
-661.538
-453.077
-376.407
-380.917
-455.916
-515.214
-380.082
-222.232
-71.5652
-25.129
-58.0352
-63.3804
-123.012
-173.457
-211.876
-1.07572
744.075
1665.62
1819.96
678.262
-752.072
-866.993
587.394
2057.98
2180.26
1395.18
821.58
772.972
627.817
279.212
466.627
1212.45
1750.14
1416.4
623.808
333.666
424.366
391.794
164.792
45.1934
277.875
467.128
362.73
49.0353
-360.371
-629.634
-802.016
-793.33
-516.384
-297.566
-304.247
-578.855
-864.655
-985.756
-1012.98
-850.958
-689.601
-603.243
-571.506
-575.515
-505.192
-494.001
-528.41
-551.294
-503.856
-312.766
-38.993
222.252
305.771
197.531
22.9775
-22.6234
115.015
332.162
644.354
890.399
919.463
688.284
314.958
262.675
542.962
856.657
952.536
719.186
545.969
519.243
487.84
412.34
226.261
180.827
262.007
275.704
232.943
108.333
7.44315
-94.9503
-258.646
-363.044
-339.492
-205.361
-131.531
-236.764
-445.894
-590.882
-624.957
-581.528
-441.885
-342.833
-318.111
-358.367
-492.33
-544.279
-507.698
-433.199
-344.837
-310.929
-293.056
-264.827
-201.353
-145.729
-175.629
-267.833
-295.728
-163.435
55.8838
192.854
122.865
28.6568
51.0397
49.8704
30.9953
20.472
69.9148
182.665
204.379
172.141
100.483
10.4498
-90.2733
-302.911
-419.669
-209.036
282.218
781.825
785.333
150.928
-593.053
-858.642
-462.598
180.66
552.149
583.385
412.674
211.896
-33.3138
-278.858
-296.229
-29.9731
354.211
579.543
574.532
471.638
387.785
257.664
45.5275
-115.83
-105.307
156.273
468.464
638.674
592.739
270.86
-104.805
-324.793
-283.368
-51.0197
92.2977
103.155
45.1934
-23.4586
-73.5696
-181.976
-287.376
-319.615
-281.697
-176.631
-55.8637
57.7212
127.208
99.6473
-55.0285
-237.934
-269.169
-129.36
76.5963
151.763
84.7811
-1.57683
-31.6434
32.4986
46.0286
26.8194
33.5009
42.3538
88.79
148.923
241.127
281.884
180.159
-18.7816
-186.486
-161.598
16.2961
167.631
173.812
79.77
-17.1112
-94.7833
-145.562
-151.075
-103.636
-56.8659
-65.0507
-86.0973
-71.2311
-42.5008
-101.298
-218.39
-212.544
-105.641
-14.9398
-6.75496
-52.1889
-6.42089
45.3605
-19.7838
-107.645
-107.645
8.94648
100.483
53.5452
-53.1911
-73.5696
76.9304
256.662
242.464
43.6901
-140.217
-139.215
21.6413
95.4714
-28.3027
-169.282
-149.404
-34.9841
-40.8304
-198.847
-345.505
-351.184
-310.929
-373.4
-510.537
-537.764
-392.944
-318.445
-468.945
-775.457
-936.481
-644.501
-8.7594
525.09
483.33
-133.035
-779.466
-892.049
-431.863
158.11
512.896
644.855
703.986
645.189
444.077
221.751
157.943
369.244
671.414
870.688
960.053
985.609
984.607
856.991
591.069
340.681
248.811
407.162
667.238
778.651
650.2
351.371
92.4648
-5.41867
-40.4964
-127.021
-254.47
-332.643
-295.394
-208.034
-187.99
-259.147
-377.576
-497.676
-597.563
-642.162
-594.724
-488.99
-408.645
-388.768
-386.93
-354.859
-302.744
-274.181
-294.392
-349.681
-384.258
-321.118
-129.193
117.186
281.383
284.724
168.466
44.8593
7.61018
85.9503
230.938
348.699
382.607
359.389
347.196
376.594
391.293
305.603
146.418
67.7434
149.591
286.728
342.853
310.782
252.653
191.016
122.531
74.5919
79.1018
105.661
94.1351
64.4026
96.6407
179.992
191.183
72.0863
-85.7633
-167.778
-160.262
-117.333
-74.5718
-44.1712
-50.5186
-119.672
-227.41
-313.434
-344.336
-348.512
-364.714
-390.939
-394.28
-357.699
-308.59
-311.43
-425.015
-633.977
-810.368
-807.361
-639.991
-503.522
-541.272
-659.367
-674.901
-590.214
-584.702
-723.342
-841.103
-809.533
-751.07
-774.956
-633.476
17.6324
966.567
1401.53
795.021
-322.454
-802.684
-145.228
962.558
1528.81
1395.52
1186.72
1321.69
1527.98
1385.66
986.946
790.511
975.587
1257.21
1334.21
1251.36
1217.62
1240.51
1104.71
684.777
165.627
-131.197
-108.146
8.77944
-39.4941
-246.62
-396.785
-384.091
-390.271
-659.534
-1144.27
-1509.92
-1513.26
-1264.87
-1049.56
-995.445
-1006.13
-975.233
-935.813
-957.026
-994.108
-943.496
-806.192
-678.242
-578.688
-403.634
-93.9481
231.439
388.12
330.492
197.197
161.284
300.926
575.201
876.869
1103.37
1198.92
1168.68
1074.31
1002.48
996.634
1001.48
921.133
760.945
651.202
676.759
740.066
677.594
473.642
262.675
138.4
58.0552
-43.1689
-153.413
-224.905
-243.947
-233.257
-217.221
-226.408
-292.555
-406.975
-509.368
-542.942
-507.364
-455.248
-433.533
-435.371
-418.5
-364.714
-296.229
-251.297
-258.312
-315.94
-382.587
-397.287
-355.193
-329.971
-365.884
-408.979
-404.803
-402.632
-470.95
-554.468
-572.842
-569
-625.291
-730.023
-796.337
-793.163
-784.811
-791.994
-786.148
-768.442
-730.023
-679.745
-682.418
-802.016
-1002.79
-936.314
-144.059
1169.18
1994.51
1582.43
471.972
-4.41645
656.213
1552.87
1704.03
1341.06
1380.48
1983.82
2389.39
2153.36
1798.58
1885.1
2049.63
1576.08
629.487
171.64
614.788
1223.97
1137.78
459.945
-86.7655
-240.105
-395.95
-846.949
-1332.19
-1480.69
-1372.45
-1382.97
-1614.82
-1776.84
-1643.38
-1388.98
-1350.4
-1597.78
-1856.85
-1824.45
-1510.08
-1191.38
-1023.84
-843.775
-489.491
-104.805
62.8993
58.5563
164.458
468.798
736.224
776.981
741.903
892.57
1208.94
1438.95
1490.56
1551.36
1748.13
1882.6
1694.68
1283.77
1013.5
1017.68
1062.78
924.808
680.601
528.263
479.656
362.062
82.4426
-240.439
-447.732
-535.426
-604.746
-706.471
-793.163
-795.669
-705.803
-607.753
-583.031
-605.414
-604.412
-600.403
-649.345
-692.774
-604.913
-394.447
-224.571
-181.141
-158.424
-63.5474
12.1202
-48.18
-171.787
-203.691
-137.044
-96.6207
-142.723
-203.691
-207.7
-196.509
-249.96
-355.36
-448.4
-523.9
-615.269
-711.148
-765.101
-751.404
-718.665
-754.578
-850.958
-878.185
-793.664
-739.043
-810.034
-883.196
-843.441
-806.693
-870.835
-724.678
90.1263
1357.6
2087.38
1689.67
889.229
824.085
1488.06
1857.37
1509.1
1204.93
1586.77
2136.49
2076.19
1681.32
1823.13
2445.51
2473.24
1405.37
140.237
-249.292
71.5852
159.781
-272.51
-651.349
-627.129
-585.203
-891.715
-1269.22
-1306.3
-1199.9
-1496.22
-2206.79
-2672.99
-2420.27
-1764.15
-1333.69
-1275.56
-1245.83
-1018.16
-756.749
-656.193
-601.405
-366.385
-10.5968
172.475
125.037
189.346
650.033
1301.64
1696.35
1702.53
1590.11
1583.43
1585.77
1436.27
1229.65
1177.7
1237.17
1155.65
928.316
850.477
1016.18
1100.86
827.259
352.541
2.26501
-171.286
-369.057
-669.389
-894.053
-902.071
-820.056
-834.421
-892.55
-810.702
-616.94
-545.114
-685.926
-840.769
-797.339
-600.737
-433.868
-346.507
-241.942
-67.0552
122.698
276.873
404.823
506.548
521.415
397.975
192.854
55.8838
83.4448
195.526
223.087
131.551
38.0108
8.94648
-29.1379
-144.226
-283.869
-377.576
-467.108
-643.498
-850.457
-918.107
-834.755
-786.315
-851.459
-891.882
-807.194
-695.948
-705.636
-826.571
-903.741
-864.321
-830.078
-880.69
-883.697
-777.295
-743.219
-798.508
-520.393
410.001
1533.66
1976.3
1561.89
1120.74
1352.42
1830.81
1741.45
1221.3
1094.52
1461.66
1572.07
1202.59
1128.26
1783.71
2347.12
1876.58
732.549
29.492
35.3383
-3.41423
-537.096
-1087.98
-1155.47
-1019.33
-1167.16
-1417.55
-1246
-754.912
-637.151
-1154.13
-1745.27
-1833.97
-1542.82
-1341.04
-1309.14
-1141.6
-744.89
-394.781
-231.419
5.10463
497.529
943.349
944.184
620.3
466.627
676.592
959.051
1050.92
1075.14
1225.81
1385.33
1327.37
1140.79
1113.56
1239.17
1163.67
717.015
202.375
-14.4386
8.77944
-48.18
-265.328
-417.164
-380.416
-327.465
-431.195
-598.566
-649.345
-626.628
-723.509
-950.011
-1073.12
-938.485
-683.086
-516.384
-422.175
-235.762
59.5586
292.909
377.596
425.202
524.588
576.203
480.825
356.717
389.289
546.804
632.16
587.561
547.64
582.049
582.216
458.442
284.891
142.576
-30.8082
-306.085
-585.871
-703.799
-660.87
-624.289
-681.416
-746.393
-730.859
-685.425
-708.81
-799.678
-883.196
-940.323
-1017.49
-1096.67
-1071.95
-905.245
-721.338
-655.692
-667.218
-601.238
-452.409
-404.135
-514.546
-592.719
-566.328
-621.784
-721.003
-434.87
395.803
1256.38
1576.25
1470.52
1512.44
1864.56
2053.14
1771.85
1408.88
1345.41
1286.11
896.412
566.682
830.599
1415.56
1570.24
1155.49
762.95
730.545
664.732
194.357
-396.117
-703.298
-866.158
-1218.27
-1633.52
-1676.62
-1264.71
-831.248
-760.591
-905.579
-885.033
-684.255
-622.953
-793.497
-925.623
-839.098
-715.324
-749.567
-757.083
-405.471
229.602
689.955
772.638
771.134
937.336
1092.85
997.97
773.473
678.596
661.725
492.35
223.087
153.767
354.712
558.831
563.341
453.097
371.75
309.278
180.326
-15.942
-196.342
-326.129
-463.266
-624.122
-702.964
-607.084
-393.779
-202.689
-106.643
-58.7033
24.4809
128.378
172.475
157.442
155.103
169.97
162.119
161.451
238.789
404.155
584.053
684.275
679.932
629.654
574.198
495.691
390.124
272.363
115.182
-100.462
-309.425
-434.202
-477.798
-499.847
-534.09
-579.356
-630.303
-682.251
-713.487
-713.487
-726.349
-784.978
-851.626
-894.722
-925.122
-908.419
-792.328
-635.314
-546.283
-527.408
-496.005
-407.977
-296.229
-209.036
-175.462
-205.529
-289.047
-377.075
-412.654
-407.142
-417.832
-429.692
-423.511
-455.415
-466.273
-197.344
465.792
1178.2
1478.03
1423.58
1449.14
1669.62
1796.07
1656.09
1463.84
1413.56
1285.27
891.401
563.174
673.919
1046.91
1201.92
1000.14
735.389
609.944
478.82
189.847
-164.939
-451.907
-735.369
-1142.77
-1570.38
-1734.92
-1537.14
-1222.61
-1086.31
-1111.37
-1056.25
-850.29
-679.244
-651.683
-635.481
-547.954
-549.791
-730.859
-837.428
-595.058
-131.197
211.228
357.051
508.72
759.442
981.768
1089.67
1147.63
1195.07
1129.76
872.192
544.8
355.213
349.033
392.797
379.1
336.672
326.483
350.035
383.944
414.344
408.999
314.289
110.505
-155.25
-378.913
-473.288
-462.097
-454.246
-485.983
-477.464
-370.227
-201.854
-14.7727
180.159
336.505
380.269
311.617
224.09
188.344
172.809
116.184
26.6524
-53.3582
-111.654
-131.197
-76.5763
32.8327
111.006
91.9637
-19.4497
-165.607
-288.379
-385.26
-493.834
-617.107
-730.525
-823.731
-880.189
-862.316
-755.079
-590.882
-429.859
-335.65
-318.946
-323.79
-299.403
-251.798
-222.399
-260.651
-369.057
-477.464
-510.036
-447.565
-303.245
-115.997
27.3205
51.3738
-1.24276
-38.993
-51.0197
-88.7699
-185.317
-311.764
-449.736
-606.917
-645.002
-351.519
248.811
848.974
1154.48
1254.87
1439.45
1677.98
1772.35
1712.55
1553.03
1307.82
934.997
461.115
151.596
195.86
402.652
473.475
358.053
251.317
271.194
294.412
204.546
43.189
-163.268
-506.863
-1011.81
-1473.34
-1653.07
-1574.56
-1452.46
-1402.18
-1330.85
-1115.88
-784.811
-446.061
-144.226
113.678
256.996
206.885
30.9953
-72.2333
6.775
167.464
250.815
260.17
327.151
508.72
745.578
987.113
1223.8
1394.35
1392.01
1186.89
885.555
642.182
493.186
321.639
45.8616
-238.101
-394.28
-423.511
-393.278
-294.893
-112.823
52.0419
67.0752
-40.6634
-118.502
-112.99
-134.204
-266.998
-440.048
-544.112
-577.686
-559.479
-429.525
-164.103
109.67
263.009
331.661
424.199
548.308
614.788
559.499
404.489
203.544
-13.7705
-210.039
-317.109
-315.773
-281.196
-275.517
-273.679
-237.767
-177.8
-115.83
-69.7278
-79.75
-176.13
-322.788
-448.233
-524.234
-567.831
-580.526
-541.272
-468.444
-400.794
-326.797
-198.513
-25.7971
108.5
154.602
131.718
68.5785
-32.1445
-155.585
-253.468
-298.902
-322.621
-357.699
-400.961
-431.529
-429.191
-388.601
-334.982
-322.12
-382.754
-470.449
-556.974
-666.215
-726.516
-586.706
-215.718
198.867
442.072
587.728
856.49
1219.63
1478.7
1560.55
1546.18
1496.41
1317.51
964.396
648.864
567.35
602.762
520.58
318.799
195.359
227.263
294.579
296.918
256.996
192.186
26.8194
-286.374
-635.481
-857.305
-936.982
-994.108
-1102.68
-1201.9
-1191.38
-1039.38
-784.811
-494.669
-225.907
-14.7727
115.85
161.952
165.961
196.863
267.519
308.944
261.673
165.961
134.057
221.751
372.418
511.56
630.156
728.039
760.11
708.162
632.327
586.893
532.272
390.458
156.44
-83.4248
-244.448
-312.265
-307.755
-247.455
-167.444
-113.658
-81.7544
-23.7927
64.5697
130.048
137.231
91.6296
1.26279
-121.843
-226.575
-252.8
-200.35
-124.516
-66.5541
-11.432
77.2644
198.199
312.786
396.471
443.075
424.868
316.294
158.611
30.1601
-48.3471
-127.355
-237.6
-341.997
-393.612
-392.944
-365.884
-315.439
-238.936
-169.115
-149.07
-178.302
-213.546
-231.085
-249.626
-295.728
-369.725
-445.894
-496.506
-513.878
-500.515
-454.079
-374.737
-281.029
-208.034
-167.611
-138.881
-109.148
-99.9614
-130.529
-179.471
-220.228
-269.169
-355.694
-454.413
-503.689
-499.847
-503.856
-539.936
-557.141
-518.555
-453.077
-361.708
-172.789
140.237
473.809
715.678
886.891
1075.31
1275.92
1397.19
1402.7
1347.08
1264.23
1114.9
890.566
687.783
599.588
582.049
518.074
390.291
279.045
227.263
194.691
139.402
57.3871
-56.8659
-229.081
-461.429
-701.794
-887.038
-997.449
-1060.59
-1107.36
-1138.09
-1124.4
-1031.02
-852.461
-631.639
-423.678
-250.628
-102.968
19.1357
104.157
165.293
236.45
308.944
330.492
297.586
285.392
349.868
456.103
549.978
633.83
715.678
766.959
758.941
717.015
691.124
657.55
560.835
407.997
251.317
135.727
43.6901
-57.7011
-117.333
-117.667
-121.008
-132.032
-120.674
-82.4225
-29.1379
-6.42089
-25.4631
-51.5208
-80.5851
-122.678
-164.438
-189.326
-193.335
-194.003
-198.012
-182.143
-127.021
-43.1689
36.3405
94.6362
138.4
162.453
152.598
117.353
73.7567
18.3005
-66.8881
-173.959
-263.991
-316.107
-344.002
-359.035
-355.527
-331.14
-300.572
-271.007
-232.254
-182.477
-141.219
-130.529
-146.565
-170.785
-192.834
-211.041
-227.076
-244.281
-257.477
-259.648
-241.441
-192.667
-121.509
-53.6922
-14.4386
-2.57905
0.0935356
-16.9442
-52.69
-80.4181
-114.327
-171.453
-257.978
-361.374
-417.665
-428.355
-466.774
-518.889
-543.945
-551.962
-539.936
-477.464
-321.118
-73.9037
187.676
407.663
593.742
768.963
935.164
1061.28
1126.92
1134.77
1072.13
925.977
735.723
575.535
483.163
428.876
368.409
294.579
228.767
187.175
168.299
162.954
151.095
97.977
-19.7838
-186.152
-357.198
-492.33
-583.699
-656.861
-737.206
-813.876
-844.276
-798.174
-677.741
-510.537
-330.973
-165.106
-21.4542
103.322
222.085
346.527
466.293
540.958
540.457
492.684
451.426
437.061
442.573
453.598
460.613
463.62
458.275
449.756
448.587
455.602
463.62
427.707
317.63
184.502
71.2511
-33.4808
-133.87
-222.232
-290.717
-336.485
-364.38
-365.216
-325.294
-257.811
-194.337
-158.257
-141.553
-119.338
-89.104
-68.0574
-65.2178
-74.0707
-84.9281
-95.1173
-94.7833
-65.3848
-2.41201
74.4248
133.222
161.451
173.31
182.999
188.177
172.976
127.877
60.7278
-23.6257
-121.008
-217.555
-288.212
-317.443
-328.3
-343.668
-351.184
-335.316
-286.207
-216.052
-155.752
-102.968
-65.0507
-63.3804
-83.4248
-107.144
-122.177
-130.195
-157.255
-196.509
-226.742
-236.597
-216.219
-184.816
-151.242
-126.019
-132.868
-137.044
-137.211
-174.293
-209.37
-235.261
-295.394
-374.235
-452.743
-520.058
-560.815
-589.379
-609.256
-607.753
-584.033
-531.584
-436.54
-284.704
-78.4137
150.761
373.42
581.047
776.48
956.712
1100.7
1192.07
1226.48
1200.08
1114.06
984.106
841.123
711.335
595.078
478.987
362.229
261.339
186.673
132.721
89.2911
49.3693
1.7639
-68.3915
-166.275
-277.187
-376.574
-459.758
-539.936
-623.788
-697.451
-737.874
-732.362
-677.24
-577.686
-446.061
-294.559
-140.05
3.10019
141.072
277.875
395.97
467.963
482.495
460.948
422.863
368.91
318.131
280.715
241.795
209.557
189.847
177.152
182.999
210.727
240.292
247.642
226.595
193.689
157.108
108.834
50.8727
-8.25829
-63.7144
-112.322
-151.91
-175.629
-172.622
-143.892
-104.805
-69.8948
-37.3227
-1.24276
35.0042
58.5563
63.2334
52.0419
30.6612
-0.741647
-38.3249
-68.2244
-83.9259
-93.1129
-108.814
-130.696
-145.729
-149.07
-149.738
-158.09
-173.792
-194.337
-220.061
-252.299
-282.699
-301.408
-309.091
-311.931
-315.105
-307.087
-277.855
-232.087
-180.64
-130.195
-79.4159
-32.9797
9.94869
42.3538
63.0663
76.9304
74.5919
63.4004
31.9975
-10.9309
-28.9708
-48.6812
-74.9059
-101.966
-136.876
-163.602
-192.5
-215.217
-237.098
-258.145
-272.343
-292.722
-308.423
-323.456
-335.483
-349.013
-372.732
-398.122
-418.5
-424.848
-415.661
-387.932
-336.819
-255.305
-138.714
10.6168
187.843
380.77
576.537
759.442
916.289
1036.72
1112.39
1139.45
1114.56
1039.73
921.133
772.471
610.612
450.591
301.428
166.128
48.033
-48.8482
-116.999
-155.919
-172.622
-178.469
-186.653
-200.517
-221.898
-246.62
-270.506
-298.401
-330.639
-364.213
-386.596
-392.442
-373.4
-322.12
-249.96
-155.25
-56.0308
43.0219
159.781
271.528
372.919
457.774
506.214
524.588
514.566
486.17
442.741
391.627
335.169
267.853
201.039
140.738
97.4759
75.9282
69.0797
67.4093
59.7256
45.6945
28.3227
11.118
-7.42311
-35.1512
-77.9126
-134.037
-195.172
-250.461
-290.717
-315.105
-325.962
-326.797
-318.445
-297.733
-260.317
-206.197
-140.885
-75.7411
-20.619
21.1401
47.699
66.7411
76.2622
74.0907
57.8882
21.6413
-20.786
-61.877
-93.614
-109.817
-116.832
-113.992
-107.144
-93.781
-70.73
-44.8393
-19.6168
-2.41201
-0.741647
-9.92866
-28.6368
-43.0019
-58.8704
-88.937
-103.135
-113.324
-121.342
-112.656
-99.9614
-77.9126
-59.0374
-48.18
-46.8437
-57.7011
-75.574
-103.135
-135.373
-176.13
-221.564
-268
-310.929
-341.329
-358.367
-364.213
-365.048
-362.376
-354.191
-337.654
-313.768
-288.546
-268.334
-256.475
-249.459
-239.771
-222.065
-195.339
-161.264
-120.507
-69.8948
-3.41423
83.7789
190.181
310.949
435.725
553.987
659.387
752.259
827.092
876.869
895.577
880.878
829.597
745.077
642.85
529.265
406.661
283.555
163.288
51.7078
-46.6767
-121.342
-170.117
-204.025
-224.07
-237.6
-240.272
-239.604
-244.281
-227.243
-212.043
-208.034
-203.357
-207.032
-203.524
-191.664
-170.618
-143.224
-115.162
-81.2533
-42.5008
7.44315
62.0641
117.019
164.123
197.03
218.744
231.773
238.455
234.947
218.911
190.181
154.435
117.186
84.1129
56.5519
33.1668
12.7883
-5.0846
-19.1157
-28.4697
-33.3138
-35.6523
-38.4919
-44.0041
-51.5208
-58.8704
-62.7122
-63.0463
-60.2067
-56.5319
-52.523
-46.3426
-35.6523
-21.2871
-5.41867
8.94648
18.3005
24.3138
28.1557
30.1601
29.9931
21.1401
10.9509
-9.42755
-33.4808
-58.0352
-83.4248
-111.32
-141.219
-173.123
-200.016
-212.043
-235.428
-241.942
-240.439
-231.252
-220.729
-197.678
-175.128
-146.231
-120.006
-97.6229
-79.75
-68.5585
-60.7078
-55.6967
-55.3626
-58.0352
-63.3804
-67.5563
-70.5629
-70.3959
-68.8926
-66.387
-65.7189
-66.053
-67.7233
-70.5629
-76.4092
-86.7655
-101.799
-120.173
-138.046
-152.912
-164.772
-173.29
-178.135
-178.636
-174.293
-164.27
-148.402
-128.692
-107.478
-87.0996
-67.5563
-47.3449
-24.6279
1.09576
29.1579
59.0575
91.7966
129.881
174.814
225.927
280.047
332.496
379.601
419.522
450.424
470.97
478.152
467.963
440.402
397.14
341.85
279.379
213.065
146.084
80.1041
18.3005
-36.6545
-80.9192
-112.155
-130.863
-140.551
-143.725
-139.048
-126.52
-106.309
-80.5851
-52.8571
-25.7971
-1.74387
18.8016
37.6768
53.8793
64.7367
69.5808
69.2467
65.7389
63.5674
63.9015
67.7434
74.7589
84.9481
96.4737
110.672
128.879
148.923
165.126
173.979
174.814
166.963
151.095
129.714
102.153
68.0774
28.4898
-12.7683
-51.1867
-83.5918
-107.478
-123.347
-133.87
-137.378
-134.037
-124.516
-109.315
-92.4447
-77.9126
-67.7233
-60.2067
-55.3626
-53.6922
-54.0263
-56.8659
-64.3826
-73.7366
-80.9192
-86.0973
-89.6051
-90.2733
-87.6007
-85.2622
-83.2577
-78.7477
-72.7344
-67.8904
-64.3826
-62.7122
-64.2156
-67.7233
-71.5652
-73.2355
-74.5718
-76.4092
-77.0774
-76.5763
-73.2355
-66.22
-57.5341
-48.013
-39.6612
-35.1512
-29.806
-28.8038
-27.8016
-29.9731
-38.826
-47.3449
-62.0441
-74.7389
-87.7677
-101.632
-112.489
-126.186
-135.707
-143.391
-146.732
-144.059
-142.222
-140.551
-138.714
-136.709
-136.876
-134.705
-131.03
-130.863
-129.694
-126.52
-118.669
-107.812
-95.1173
-76.9103
-58.3693
-37.9908
-15.4409
6.10685
29.659
47.1979
64.9037
79.937
97.4759
124.202
132.721
145.415
168.132
182.832
204.88
224.758
243.633
259.668
269.691
275.203
271.528
262.174
243.967
220.916
192.353
160.449
129.046
98.144
70.9171
47.1979
29.826
18.8016
13.6235
13.6235
18.1335
24.3138
31.4964
38.1779
42.8549
46.0286
46.6967
45.0264
41.1845
35.0042
27.4875
19.8039
13.2894
9.44759
8.44537
10.6168
15.1268
21.8083
30.4942
40.0153
49.7034
58.5563
65.7389
70.4159
72.5874
72.0863
67.9104
60.5608
52.0419
40.8505
28.9909
18.3005
8.11129
-2.24498
-10.4298
-15.4409
-19.1157
-21.6212
-19.9509
-17.1112
-18.9486
-16.4431
-16.7772
-19.7838
-20.9531
-28.1356
-31.9775
-37.8238
-46.1756
-50.3515
-55.3626
-60.0396
-64.3826
-65.2178
-67.5563
-70.2289
-71.0641
-73.7366
-76.9103
-81.7544
-86.2644
-91.1084
-96.7877
-101.966
-104.972
-106.643
-106.81
-104.137
-98.9592
-91.7766
-84.2599
-74.4048
-64.0485
-55.3626
-47.5119
-39.8282
-35.1512
-32.9797
-32.1445
-33.4808
-34.6501
-39.1601
-41.3315
-42.6678
-47.846
-47.846
-51.5208
-54.5274
-56.1978
-59.2045
-59.5385
-63.8815
-66.22
-66.5541
-69.8948
-71.7322
-72.9015
-74.0707
-70.0618
-67.7233
-61.71
-55.1956
-43.6701
-20.452
-14.2716
-6.75496
7.77722
12.9554
22.6435
28.3227
34.002
39.0131
41.5186
44.1912
44.1912
45.3605
43.8571
42.8549
42.1868
42.8549
45.1934
46.0286
50.3716
55.3826
60.7278
67.2422
75.093
83.6118
91.2955
99.6473
106.663
111.674
114.347
115.683
114.681
110.171
105.661
97.977
90.4603
82.9437
74.7589
69.2467
63.0663
60.7278
59.0575
58.0552
61.0619
63.5674
66.5741
69.4137
73.0885
74.7589
75.5941
75.427
73.5896
69.9148
63.4004
58.2223
50.5386
41.8527
31.6635
21.8083
13.6235
3.10019
-1.9109
-8.92644
-11.432
-3.41423
-10.5968
-13.6035
-10.7638
-12.1001
-8.7594
-9.76162
-7.42311
-8.09126
-10.9309
-11.599
-17.9464
-22.4564
-27.9686
-35.3182
-42.8349
-48.18
-53.3582
-57.5341
-58.2022
-60.2067
-59.2045
-56.3648
-54.0263
-50.0174
-46.5097
-43.1689
-40.1623
-37.1556
-36.3204
-36.3204
-37.1556
-38.659
-40.6634
-44.5052
-47.1778
-49.8504
-53.0241
-54.6945
-58.7033
-60.0396
-61.877
-63.2133
-63.5474
-64.8837
-63.5474
-64.0485
-62.8793
-62.0441
-61.543
-60.2067
-59.8726
-58.7033
-58.0352
-57.5341
-57.3671
-57.3671
-57.7011
-58.3693
-58.7033
-58.8704
-58.0352
-57.8682
-55.0285
-52.69
-49.0152
-43.6701
-38.993
-33.1467
-26.9664
-21.4542
-16.7772
-11.7661
-7.92422
-6.08682
-2.91312
-1.24276
-1.40979
0.260572
0.928719
1.09576
2.93316
5.10463
6.94204
11.6191
16.129
20.639
27.1535
32.8327
38.0108
44.0242
48.2001
51.3738
54.0464
54.3804
54.0464
52.7101
49.8704
47.3649
44.6923
41.5186
40.8505
40.1823
40.1823
42.8549
45.6945
49.3693
55.0486
60.0597
65.0708
70.75
74.4248
77.2644
78.4337
78.0996
76.0952
72.7545
68.2445
62.5652
57.3871
52.0419
47.1979
44.1912
41.5186
40.5164
41.3516
42.1868
44.1912
47.3649
48.8682
51.8749
53.5452
53.2112
53.8793
51.8749
48.7012
46.0286
40.8505
35.3383
30.6612
24.3138
18.9687
14.7928
10.2828
7.10907
4.60352
2.76612
1.26279
0.0935356
-0.407574
-1.07572
-2.07794
-2.24498
-3.74831
-6.25386
-8.59237
-11.7661
-16.4431
-20.452
-24.7949
-30.1401
-34.483
-38.659
-43.6701
-47.3449
-50.5186
-54.1934
-55.8637
-56.6989
-57.8682
-57.7011
-56.8659
-56.6989
-55.3626
-54.8615
-53.6922
-53.1911
-53.1911
-52.8571
-53.5252
-54.5274
-55.3626
-55.8637
-58.3693
-57.3671
-58.8704
-59.0374
-57.7011
-56.3648
-55.0285
-53.8593
-49.5163
-49.6834
-45.5075
-43.336
-40.6634
-37.9908
-35.3182
-33.8149
-31.1423
-31.3093
-29.639
-29.3049
-28.4697
-27.6345
-26.2982
-25.6301
-22.7905
-21.7883
-18.9486
-16.109
-13.6035
-10.0957
-6.922
-4.41645
-0.908684
1.7639
4.26945
7.27611
9.28055
11.6191
14.1246
14.9598
17.7994
18.3005
20.8061
21.1401
23.6457
24.3138
26.3183
26.8194
28.4898
29.3249
29.492
31.3294
31.6635
33.1668
34.169
35.5053
37.1757
38.0108
40.1823
40.6834
42.8549
44.6923
46.0286
47.1979
48.5341
49.7034
50.7056
49.5364
51.2067
50.5386
50.2045
49.2023
48.7012
50.5386
46.1956
46.5297
47.5319
45.1934
43.6901
44.6923
43.8571
42.3538
43.0219
42.0197
41.8527
40.8505
38.846
37.8438
35.6723
31.9975
29.1579
26.4853
21.9753
16.9642
14.9598
9.28055
5.10463
1.42983
-1.57683
-6.42089
-7.75718
-11.265
-12.4342
-13.9375
-15.2738
-16.6101
-16.4431
-17.6123
-18.4475
-19.4497
-19.9509
-22.4564
-23.4586
-26.4653
-27.4675
-30.9753
-32.4786
-36.3204
-36.8216
-39.9952
-41.1645
-41.6656
-43.1689
-42.6678
-43.0019
-41.6656
-42.1667
-40.9975
-40.3293
-38.826
-38.826
-37.6567
-37.4897
-38.659
-37.1556
-38.826
-38.1578
-36.9886
-40.1623
-41.9997
-42.6678
-43.0019
-43.6701
-43.503
-43.503
-42.5008
-39.8282
-40.1623
-38.1578
-34.9841
-33.3138
-29.9731
-28.3027
-24.962
-22.7905
-20.9531
-18.2805
-18.9486
-16.109
-15.7749
-15.4409
-12.7683
-13.9375
-13.1024
-12.1001
-11.7661
-9.26051
-8.09126
-6.75496
-4.41645
-1.24276
1.42983
4.77056
8.94648
11.118
14.4587
17.6324
19.9709
22.9775
24.6479
26.3183
27.3205
27.6546
27.4875
27.4875
27.6546
27.1535
25.9842
26.3183
26.1512
26.1512
26.8194
27.8216
30.1601
32.4986
34.002
37.6768
38.1779
42.1868
44.3582
44.3582
51.3738
47.866
49.0353
47.5319
45.5275
43.8571
41.6856
38.3449
36.1734
34.169
32.6657
30.3272
30.1601
29.9931
30.6612
31.4964
33.8349
33.3338
37.5097
36.3405
38.3449
37.5097
38.0108
35.3383
34.6701
31.1623
26.9864
24.3138
19.4698
15.6279
12.9554
8.44537
6.10685
3.26723
1.09576
0.260572
-0.240538
-0.240538
0.260572
1.59687
1.59687
2.93316
2.76612
2.43205
2.43205
-1.07572
-2.07794
-5.25164
