-13.9658
-73.1102
-87.5266
-8.79063
-90.1142
49.2448
-50.1917
-20.2499
-46.1255
-120.056
5.62581
-100.834
43.3304
-41.32
-32.0787
18.5636
-64.2385
84.7314
-14.3354
40.7428
17.4547
-53.5186
86.9494
-5.83341
138.331
87.319
30.3925
83.6225
-69.4136
70.315
-15.4444
15.9761
32.2408
-76.0674
39.2642
-39.4718
25.587
0.0810259
-71.6315
-55.7365
-123.013
-80.5032
-91.5928
-92.7017
-83.0908
-86.4176
-50.1917
-30.6001
12.6492
-9.16029
22.2602
-11.0085
10.8009
24.1084
27.805
62.1826
28.5443
49.6145
14.8671
19.303
34.8284
26.696
55.8985
40.7428
45.1786
40.3731
23.7388
42.2214
8.21338
30.7622
11.9099
17.085
36.6766
19.6726
44.809
18.5636
24.1084
24.8477
3.4079
27.4353
-13.2265
-6.94237
-28.7519
-43.1683
-18.0319
-43.538
-0.288627
-37.2539
-24.316
-42.429
-59.8027
-47.2345
-62.0206
-50.5614
-43.9076
-40.5807
-23.5767
-9.89959
-9.16029
16.3457
5.99547
24.1084
32.6104
22.6298
56.2682
28.5443
58.4861
38.1552
40.0035
28.5443
9.32234
13.0189
-9.52994
9.69199
-12.4872
9.69199
-10.6389
-3.6155
5.62581
-3.24585
7.10442
-11.0085
7.84373
22.9995
15.9761
52.9413
25.9567
38.1552
13.3885
-3.98515
3.4079
-35.036
-16.923
-41.6897
-40.5807
-25.425
-30.2305
-4.3548
-11.0085
-6.20307
-13.5961
-14.3354
-11.7479
-18.7712
-19.1409
-35.7753
-35.4056
-38.3628
-21.3588
0.0810259
11.1706
41.8518
28.9139
54.4199
51.4627
46.2876
56.6379
5.62581
15.6064
-22.4678
-20.6195
-13.9658
-33.1877
-8.79063
-25.425
2.66859
2.66859
24.8477
22.6298
12.6492
7.47407
-23.9464
-9.16029
-43.538
-26.534
-43.9076
-49.4524
-16.923
-30.9698
19.6726
13.3885
19.6726
36.307
14.1278
27.0657
8.58303
8.58303
-6.20307
-30.2305
-19.1409
-32.818
-13.5961
-11.7479
-2.50654
3.03825
-11.0085
0.0810259
-19.5106
-12.8568
-24.316
-18.7712
-5.83341
0.0810259
32.9801
28.5443
45.1786
28.9139
16.7154
10.8009
-14.7051
-5.09411
-18.7712
-4.3548
12.6492
20.4119
47.3965
34.0891
41.8518
20.7816
5.99547
5.62581
-15.4444
4.1472
-11.3782
12.6492
6.73477
7.84373
13.7582
-11.3782
-5.46376
-28.7519
-20.9892
-17.2926
-18.7712
6.36512
-7.68168
10.4313
-8.79063
-11.7479
-21.3588
-44.6469
-39.4718
-54.9972
-30.9698
-25.0553
-8.05133
11.1706
4.88651
14.1278
-5.46376
-3.98515
-13.5961
-32.4484
-26.534
-43.1683
-26.9036
-29.1215
-12.1175
4.88651
-0.288627
20.4119
13.0189
31.8711
32.6104
33.7194
35.9373
9.32234
7.47407
-23.5767
-30.9698
-40.5807
-54.9972
-40.2111
-50.5614
-18.4016
-17.6623
0.820331
5.99547
-9.89959
-6.20307
-30.6001
-24.6857
-31.3394
-31.7091
-16.1837
-26.9036
-1.02793
-9.52994
4.51686
6.73477
0.820331
20.4119
14.4975
51.4627
59.2254
83.2528
94.3424
85.4707
90.6459
59.9647
60.704
31.5015
19.303
16.3457
7.10442
30.7622
31.1318
54.4199
54.7896
48.1358
41.8518
13.0189
0.450678
-23.5767
-37.6235
-47.2345
-53.5186
-39.4718
-40.9504
-22.0981
-19.1409
-11.0085
-11.3782
-15.814
-8.42098
-19.8802
-14.3354
-18.7712
-20.2499
-20.9892
-38.7325
-42.429
-67.1957
-75.6977
-86.048
-89.7445
-76.8067
-75.6977
-51.6703
-46.8648
-28.3822
-22.8374
-24.6857
-25.0553
-45.7559
-53.1489
-69.044
-76.8067
-74.2191
-81.2425
-68.3047
-68.6743
-53.5186
-42.0594
-35.4056
-23.5767
-34.2967
-35.036
-56.1061
-67.935
-86.4176
-105.27
-113.033
-125.231
-109.706
-96.0286
-66.4564
-32.0787
-7.31202
30.3925
45.9179
71.7936
93.2334
107.65
138.331
149.051
194.149
215.588
260.686
281.756
297.651
308.371
313.177
325.745
314.286
326.484
323.157
326.484
315.395
305.414
298.76
263.643
245.9
212.262
198.215
161.989
137.592
115.413
79.5563
49.2448
-1.39758
-32.4484
-80.8729
-106.009
-123.013
-126.71
-113.772
-111.924
-88.6356
-93.8107
-91.9624
-123.013
-153.325
-185.485
-224.668
-249.065
-279.746
-277.158
-288.987
-284.551
-279.376
-274.94
-263.481
-268.287
-247.586
-253.501
-236.866
-233.539
-225.777
-220.601
-230.212
-223.928
-235.757
-225.777
-230.952
-215.057
-204.706
-194.356
-186.593
-212.469
-204.337
-237.975
-254.24
-281.224
-310.427
-327.431
-352.567
-338.521
-353.676
-343.696
-336.303
-319.668
-287.509
-250.543
-171.807
-90.4838
19.303
140.549
273.624
399.675
526.836
639.58
744.561
820.709
885.399
923.103
940.107
934.562
910.905
869.504
818.122
753.802
686.156
612.595
539.774
465.473
394.87
327.223
256.25
191.191
116.152
48.8751
-25.7946
-95.2893
-149.628
-207.294
-235.757
-271.614
-282.333
-295.641
-307.839
-310.057
-316.341
-289.726
-284.921
-253.87
-220.971
-173.286
-127.079
-93.0714
-39.1021
-2.13689
42.5911
51.4627
130.199
188.604
200.802
247.748
259.577
279.169
218.546
181.95
136.852
40.0035
-40.5807
-130.037
-177.722
-277.528
-354.046
-397.665
-450.525
-504.864
-564.009
-578.425
-609.846
-652.725
-688.951
-712.239
-746.247
-796.52
-823.135
-839.03
-864.166
-888.933
-873.777
-854.555
-839.4
-824.614
-772.123
-720.741
-693.757
-632.394
-555.876
-452.743
-376.225
-242.041
-58.3241
112.086
296.542
504.657
781.157
975.594
1168.18
1380.73
1569.99
1687.91
1716.75
1792.53
1775.15
1689.39
1549.29
1429.9
1299.78
1070.22
900.924
725.709
571.933
376.387
200.802
95.4514
-49.8221
-212.099
-348.501
-420.214
-558.464
-697.823
-790.236
-864.906
-946.969
-1023.12
-1010.55
-984.303
-944.381
-885.237
-733.309
-559.942
-398.404
-201.749
9.69199
237.768
383.411
551.602
694.658
802.227
886.508
933.453
995.555
987.792
990.38
960.438
936.411
887.986
808.881
750.475
649.191
544.949
368.625
210.413
20.7816
-198.422
-408.755
-625.741
-799.477
-1003.9
-1142.88
-1278.55
-1375.03
-1445.26
-1499.6
-1509.95
-1534.72
-1502.56
-1496.64
-1450.8
-1414.58
-1355.8
-1278.55
-1217.18
-1097.79
-1008.7
-867.863
-762.882
-626.85
-511.888
-447.938
-340.739
-271.614
-191.029
-185.485
-107.857
-14.3354
38.8945
147.942
302.457
527.575
694.658
941.955
1247.29
1521.2
1737.82
1935.95
2174.01
2275.29
2272.33
2232.41
2191.75
2047.59
1791.05
1569.63
1345.62
1060.61
751.954
544.209
360.492
112.825
-121.535
-240.932
-346.283
-538.503
-689.321
-759.555
-813.524
-961.385
-1059.34
-1080.41
-1137.34
-1217.18
-1262.65
-1196.11
-1178
-1158.78
-1047.51
-859.731
-675.274
-532.588
-262.372
40.3731
319.461
561.583
849.542
1153.03
1352.64
1555.58
1724.51
1843.54
1845.76
1812.86
1783.28
1643.19
1462.06
1255.05
1030.67
753.063
463.995
206.347
-76.0674
-355.525
-611.324
-863.427
-1128.1
-1353.96
-1532.13
-1699.21
-1867.03
-2001.59
-2072.56
-2116.18
-2146.86
-2129.49
-2061.84
-1996.04
-1925.81
-1783.86
-1599.41
-1454.87
-1317.36
-1125.14
-935.509
-807.24
-664.184
-473.444
-329.649
-272.722
-205.815
-96.3983
-34.2967
-31.3394
22.2602
128.35
187.125
232.962
398.566
656.953
871.721
1072.81
1378.88
1727.47
1980.31
2185.1
2438.68
2648.64
2669.71
2599.11
2565.1
2439.05
2121.15
1770.35
1498.28
1194.8
775.242
398.197
191.931
-23.9464
-356.264
-592.472
-651.247
-733.679
-890.781
-965.082
-945.49
-1011.29
-1166.54
-1217.18
-1172.83
-1224.95
-1353.59
-1371.7
-1294.81
-1286.68
-1299.25
-1164.69
-939.206
-779.886
-622.414
-320.408
68.4667
408.177
727.927
1113.47
1497.54
1789.57
2038.71
2295.99
2474.53
2493.76
2413.91
2317.8
2162.18
1880.87
1517.87
1157.46
786.332
366.037
-50.931
-397.665
-703.737
-1022.38
-1329.56
-1569.46
-1746.16
-1894.02
-2026.35
-2128.01
-2191.22
-2241.49
-2288.44
-2281.41
-2207.85
-2137.62
-2093.63
-2002.33
-1831.55
-1646.35
-1488.14
-1315.14
-1091.5
-869.711
-705.585
-548.483
-337.412
-160.718
-105.64
-78.2853
14.4975
65.5095
-1.02793
-53.5186
-17.6623
-20.2499
-93.441
-61.2813
161.619
414.092
598.548
871.721
1314.93
1726.36
1995.83
2313.74
2707.79
2902.59
2854.17
2841.6
2878.56
2675.26
2249.42
1915.99
1665.73
1238.42
711.662
391.543
214.849
-111.184
-502.277
-658.64
-667.511
-813.894
-999.459
-979.128
-900.762
-1013.88
-1148.06
-1079.3
-1005.37
-1143.99
-1295.55
-1258.96
-1228.64
-1357.28
-1411.99
-1260.43
-1122.92
-1077.09
-921.832
-586.557
-234.279
58.8558
432.205
917.189
1346.72
1705.66
2106.73
2478.6
2692.26
2777.65
2814.25
2775.06
2594.67
2305.6
1960.35
1539.31
1048.79
550.863
76.2294
-378.813
-798.738
-1167.28
-1488.88
-1750.22
-1921
-2024.14
-2113.22
-2170.15
-2168.67
-2152.41
-2147.97
-2096.22
-1975.71
-1873.32
-1837.46
-1780.17
-1636
-1471.51
-1350.26
-1229.01
-1061.56
-890.412
-759.185
-637.569
-487.491
-357.373
-308.579
-314.493
-312.645
-309.688
-362.548
-453.113
-487.491
-476.031
-503.386
-499.689
-298.598
46.6572
318.352
572.303
1025.5
1575.91
1991.77
2337.02
2763.97
3160.98
3300.34
3272.61
3316.23
3297.01
2973.57
2542.18
2242.39
1879.76
1283.14
744.191
482.477
202.281
-287.878
-657.9
-737.376
-839.769
-1085.96
-1189.46
-1108.51
-1159.89
-1354.33
-1368
-1229.75
-1273.74
-1478.16
-1536.19
-1477.42
-1565.03
-1721.02
-1678.51
-1516.6
-1474.46
-1438.61
-1171.35
-778.037
-460.506
-105.64
426.29
964.135
1387.76
1850.19
2387.3
2796.5
3010.53
3151.74
3237.87
3180.94
2985.02
2700.02
2311.52
1811.75
1262.81
709.444
140.919
-422.062
-902.241
-1308.12
-1700.69
-2023.03
-2179.02
-2247.04
-2331.69
-2354.97
-2262.56
-2169.78
-2101.76
-1959.08
-1773.88
-1672.23
-1635.26
-1558.37
-1436.39
-1329.19
-1248.6
-1160.63
-1058.97
-971.366
-904.459
-824.614
-725.547
-637.939
-593.95
-585.818
-586.927
-583.231
-605.41
-670.099
-711.87
-692.278
-681.928
-651.247
-431.303
-34.2967
325.006
656.953
1184.45
1827.64
2294.51
2655.29
3163.94
3624.52
3705.85
3626.37
3708.43
3689.21
3274.83
2780.61
2488.21
2075.31
1361.14
773.394
497.633
112.825
-499.689
-880.431
-938.097
-1115.16
-1445.63
-1511.8
-1365.42
-1441.56
-1660.03
-1609.76
-1421.6
-1499.6
-1699.21
-1667.79
-1577.23
-1725.09
-1884.04
-1765.75
-1595.34
-1612.34
-1584.62
-1304.42
-966.19
-709.652
-349.98
201.911
746.409
1193.69
1701.59
2312.26
2833.1
3168.74
3419.74
3635.98
3706.59
3559.83
3282.96
2948.8
2493.02
1864.61
1169.29
520.921
-105.64
-753.64
-1347.3
-1802.34
-2150.19
-2432.97
-2591.92
-2597.84
-2529.45
-2455.89
-2337.6
-2134.29
-1900.3
-1715.85
-1573.53
-1426.41
-1288.16
-1204.99
-1169.13
-1118.86
-1051.95
-1025.7
-1032.36
-991.327
-910.373
-872.299
-858.622
-775.819
-674.904
-688.212
-761.033
-718.523
-635.721
-714.457
-848.641
-790.606
-644.962
-617.239
-512.627
-115.251
310.959
551.602
932.344
1636.53
2252
2572.12
2988.35
3582.75
3864.8
3768.69
3793.45
3933.18
3675.9
3092.96
2706.68
2401.71
1731.16
952.675
557.887
267.34
-373.638
-1007.59
-1173.94
-1234.19
-1587.58
-1847.07
-1714.74
-1641.55
-1861.86
-1916.94
-1664.46
-1577.23
-1749.11
-1754.66
-1576.49
-1600.51
-1784.97
-1748.38
-1535.09
-1473.72
-1503.67
-1307.01
-924.42
-612.803
-298.598
207.086
790.398
1280.93
1773.67
2349.96
2905.55
3341
3660.38
3871.45
3942.79
3915.44
3694.39
3280.01
2783.56
2186.58
1496.8
700.203
-48.3434
-705.585
-1351.74
-1927.29
-2394.9
-2678.42
-2841.44
-2922.39
-2832.94
-2642.56
-2483.98
-2315.05
-1998.26
-1651.16
-1471.14
-1378.35
-1199.44
-1033.1
-1028.29
-1058.6
-988.739
-937.358
-1022.01
-1087.44
-1007.59
-941.424
-991.696
-970.626
-823.505
-796.89
-924.789
-926.638
-799.847
-817.221
-963.603
-984.303
-891.151
-841.248
-728.874
-378.443
69.9453
404.111
788.919
1462.06
2188.42
2646.42
3060.06
3668.88
4116.9
4131.32
4113.57
4258.11
4120.23
3586.45
3107.75
2739.94
2087.88
1279.82
768.219
395.979
-265.329
-956.21
-1230.49
-1358.02
-1687.01
-1985.32
-1930.61
-1858.53
-2038.55
-2107.68
-1916.57
-1752.07
-1874.8
-1931.72
-1772.77
-1778.32
-1948.36
-1983.1
-1749.48
-1634.52
-1695.51
-1502.93
-1111.46
-744.769
-428.716
70.315
719.794
1193.32
1655.38
2277.14
2937.71
3392.38
3646.7
3966.45
4169.76
4088.81
3819.33
3513.63
3121.06
2454.2
1707.51
1002.21
275.472
-495.253
-1204.25
-1720.28
-2210.07
-2653.28
-2864.36
-2873.6
-2814.08
-2790.79
-2624.08
-2311.36
-2048.16
-1814.91
-1571.68
-1338.8
-1210.16
-1141.04
-1043.08
-993.914
-999.459
-984.303
-972.844
-1037.9
-1093.72
-1046.04
-1008.7
-1048.62
-1032.73
-938.836
-958.428
-1063.04
-1032.73
-942.533
-1037.16
-1187.24
-1116.27
-973.953
-946.599
-754.749
-228.734
274.733
591.895
1120.5
1963.67
2651.6
3052.3
3601.24
4299.51
4584.88
4473.61
4492.84
4648.46
4322.43
3579.8
3103.31
2721.46
1923.38
990.75
538.295
239.246
-548.853
-1311.45
-1503.67
-1561.7
-1967.21
-2341.67
-2227.81
-2136.88
-2398.96
-2512.82
-2244.82
-2084.02
-2311.73
-2370.5
-2116.18
-2095.11
-2282.89
-2189.74
-1798.28
-1616.04
-1595.34
-1264.5
-738.854
-260.154
147.942
638.84
1256.53
1763.69
2235.37
2783.93
3298.12
3678.49
3902.5
4060.34
4101.74
3971.63
3671.1
3244.89
2794.28
2191.75
1421.39
620.358
-97.5072
-694.866
-1358.02
-2008.61
-2463.28
-2734.98
-2913.89
-3041.05
-2961.2
-2746.81
-2609.67
-2461.8
-2133.18
-1733.96
-1521.04
-1406.82
-1177.26
-963.973
-955.84
-969.887
-826.831
-726.656
-806.131
-885.976
-849.75
-833.116
-884.128
-891.521
-842.357
-853.077
-979.128
-1081.52
-1033.1
-1007.22
-1159.15
-1310.34
-1237.52
-1110.35
-1061.19
-834.594
-271.614
289.149
663.238
1270.95
2134.82
2863.78
3310.32
3852.23
4556.79
4770.08
4629.24
4661.03
4764.16
4414.84
3638.2
3163.94
2752.14
1900.09
978.181
446.991
86.9494
-697.453
-1486.29
-1723.24
-1846.7
-2224.86
-2590.44
-2510.97
-2407.1
-2702.82
-2829.61
-2605.97
-2462.91
-2621.86
-2647.37
-2341.67
-2296.94
-2388.61
-2173.48
-1760.94
-1504.77
-1434.91
-1026.07
-404.319
76.9687
522.4
1076.14
1748.54
2256.81
2676.36
3200.16
3689.21
4002.68
4146.47
4235.56
4224.47
4020.05
3660.38
3230.1
2688.56
1974.03
1169.66
395.609
-304.882
-996.872
-1696.99
-2296.94
-2703.56
-2988.19
-3212.2
-3245.84
-3067.29
-2901.32
-2791.53
-2527.97
-2117.66
-1798.65
-1565.4
-1285.57
-1042.34
-944.751
-907.416
-809.458
-703.368
-681.928
-737.745
-769.905
-747.726
-737.745
-792.823
-853.077
-853.446
-910.743
-1025.7
-1085.96
-1061.19
-1066
-1234.93
-1320.32
-1235.67
-1139.56
-1038.64
-738.854
-110.815
469.17
863.589
1453.18
2332.22
3094.81
3495.14
3990.11
4676.18
4926.07
4730.89
4676.55
4779.32
4368.26
3515.11
2972.83
2553.64
1695.68
712.401
204.129
-148.889
-983.564
-1786.08
-1987.17
-2085.5
-2547.93
-2932
-2797.08
-2731.28
-3042.9
-3121.26
-2808.17
-2639.61
-2808.91
-2774.53
-2440.73
-2327.99
-2331.69
-2051.86
-1563.55
-1246.76
-1028.66
-523.716
94.3424
595.961
1077.62
1637.27
2193.97
2616.48
3024.21
3439.7
3779.78
4034.1
4162.74
4123.92
3949.08
3716.2
3376.86
2882.26
2313.74
1703.81
967.461
159.771
-534.806
-1138.08
-1793.1
-2427.43
-2836.26
-3039.2
-3230.31
-3350.08
-3222.92
-2979.32
-2836.63
-2641.09
-2210.81
-1786.82
-1574.64
-1351
-1000.57
-780.625
-722.59
-582.491
-380.291
-310.057
-393.968
-436.109
-441.654
-528.152
-610.954
-668.99
-707.064
-814.263
-988
-1100.37
-1177.63
-1238.25
-1363.94
-1466.7
-1385.01
-1283.35
-1171.72
-880.061
-408.755
194.149
733.471
1292.76
2109.32
2927.36
3583.86
4065.15
4585.25
5000
4961.56
4836.61
4751.22
4530.54
3844.1
3087.42
2594.67
1893.07
993.707
217.437
-206.924
-826.092
-1615.67
-2033.38
-2201.57
-2475.11
-2931.63
-2975.25
-2876.18
-3059.9
-3245.47
-3116.46
-2839.96
-2929.04
-2981.54
-2683.6
-2374.57
-2304.7
-2137.99
-1611.23
-1113.31
-836.442
-427.977
257.729
841.41
1305.32
1828.01
2454.2
2934.01
3296.27
3785.69
4123.92
4300.99
4336.47
4378.24
4271.42
3851.49
3427.5
2921.07
2322.98
1540.42
729.775
-3.24585
-800.956
-1499.6
-2160.54
-2713.54
-3147.14
-3422.16
-3456.17
-3485
-3414.77
-3187.43
-2866.57
-2510.6
-2191.22
-1747.27
-1342.5
-1096.68
-823.135
-609.846
-468.638
-408.385
-336.672
-226.146
-277.158
-323.735
-392.49
-405.428
-404.688
-529.631
-619.456
-730.352
-752.162
-923.68
-1077.46
-1084.48
-1227.53
-1327.34
-1470.4
-1376.14
-1232.71
-1131.06
-724.807
-232.061
358.644
864.328
1509
2383.97
3042.69
3549.11
4038.9
4588.58
4844.01
4703.17
4655.11
4581.55
4168.28
3416.41
2810.55
2337.39
1451.71
534.598
-39.8414
-488.6
-1224.95
-1993.82
-2208.59
-2372.35
-2821.48
-3137.16
-3084.67
-3002.61
-3246.58
-3350.08
-3045.86
-2879.51
-2946.79
-2852.53
-2494.7
-2227.44
-2203.79
-1877.75
-1292.59
-846.053
-536.285
-29.1215
747.518
1260.6
1684.96
2239.81
2898.16
3373.16
3590.15
3991.22
4251.45
4342.02
4306.53
4204.88
4044.45
3559.09
3081.87
2524.81
1825.79
1071.7
237.768
-507.821
-1244.54
-1919.89
-2517.99
-3045.86
-3367.45
-3581.11
-3656.15
-3583.33
-3445.82
-3143.81
-2748.65
-2327.62
-1934.31
-1558.37
-1121.07
-825.353
-570.662
-330.388
-186.224
-98.2465
-70.5226
42.5911
8.95268
-118.577
-176.982
-196.574
-234.279
-455.331
-556.246
-568.814
-686.733
-923.311
-1126.62
-1130.32
-1253.78
-1481.49
-1559.48
-1423.08
-1319.21
-1279.29
-933.661
-286.4
258.098
691.701
1434.7
2368.81
3054.15
3451.16
4062.93
4720.91
4858.42
4699.47
4665.46
4702.06
4188.61
3415.3
2918.86
2379.53
1476.47
463.256
-35.7753
-469.008
-1280.4
-2008.61
-2285.85
-2422.25
-2916.48
-3302.02
-3234.75
-3161.93
-3386.67
-3510.51
-3219.59
-2971.55
-2987.45
-2852.16
-2410.42
-2104.72
-2010.83
-1676.29
-1058.6
-558.094
-216.905
292.846
940.107
1468.71
1938.54
2520.37
3085.2
3474.81
3803.44
4145.73
4373.44
4442.56
4431.1
4301.73
3983.09
3548.74
3036.41
2359.94
1569.63
822.188
51.0931
-863.057
-1721.39
-2310.99
-2805.58
-3368.93
-3768.53
-3832.11
-3787.75
-3793.29
-3604.03
-3109.07
-2635.91
-2339.45
-1914.72
-1300.36
-873.777
-692.278
-385.466
22.9995
135.004
26.696
107.65
302.087
241.094
34.0891
-20.2499
-3.6155
-139.278
-337.042
-416.887
-481.576
-664.924
-883.388
-1023.86
-1135.12
-1284.09
-1471.88
-1594.23
-1571.68
-1543.22
-1474.09
-1247.13
-734.418
-131.885
283.974
839.562
1645.77
2496.34
3075.59
3523.61
4222.62
4690.23
4652.16
4539.78
4658.07
4572.68
3817.85
3103.31
2725.53
2036.13
973.006
176.036
-143.344
-790.606
-1772.4
-2231.14
-2323.55
-2679.53
-3228.83
-3273.93
-3017.76
-3212.94
-3455.43
-3219.59
-2815.19
-2766.77
-2804.47
-2387.87
-1979.78
-1904.37
-1686.64
-1103.7
-498.95
-248.325
122.066
831.06
1389.97
1847.23
2338.5
2988.72
3391.64
3627.48
4073.65
4278.81
4342.39
4289.16
4323.91
4017.46
3365.4
3016.81
2462.34
1702.33
800.379
142.767
-613.172
-1722.13
-2364.22
-2796.34
-3292.78
-3879.42
-4002.89
-3737.11
-3820.28
-3779.25
-3306.09
-2656.24
-2289.92
-2017.85
-1341.76
-746.247
-461.985
-246.847
152.747
460.668
304.675
260.686
473.975
562.322
275.102
105.802
205.608
48.5055
-217.275
-364.396
-318.19
-509.3
-715.566
-852.707
-1080.41
-1244.17
-1397.57
-1427.89
-1701.06
-1755.4
-1625.28
-1561.7
-1403.86
-1039.75
-271.614
101.735
554.56
1468.71
2405.04
2957.3
3242.3
4118.75
4707.97
4570.46
4437.02
4672.86
4703.17
3807.13
3108.12
2915.9
2185.1
975.594
198.584
47.3965
-709.282
-1889.95
-2248.51
-2197.87
-2571.22
-3255.82
-3279.85
-2919.06
-3116.09
-3407.38
-3071.36
-2519.47
-2550.15
-2614.47
-2135.77
-1677.77
-1685.9
-1554.31
-913.33
-393.229
-230.952
98.4086
805.923
1352.64
1791.79
2264.2
2789.85
3250.43
3532.11
3871.45
3967.19
4091.76
4167.17
3957.21
3570.92
3078.55
2755.47
2028.73
1124.56
468.431
-173.286
-1077.09
-2130.23
-2554.96
-2814.45
-3448.78
-3956.31
-3863.16
-3521.6
-3635.08
-3601.81
-2899.84
-2235.58
-2004.17
-1726.57
-966.19
-373.268
-316.341
-77.1763
432.944
594.482
334.986
324.636
611.486
541.252
190.452
105.802
177.145
-20.9892
-276.049
-287.509
-305.622
-517.432
-659.009
-695.235
-903.35
-1188.35
-1273.37
-1341.76
-1665.2
-1846.7
-1760.94
-1739.5
-1763.16
-1441.93
-758.076
-363.287
0.450678
910.905
1930.78
2515.94
2943.62
3857.77
4654.37
4646.24
4574.16
4894.65
4985.58
4272.52
3488.86
3221.6
2599.11
1418.44
510.941
165.685
-427.237
-1541.37
-2146.86
-2134.66
-2393.42
-2992.63
-3136.79
-2791.53
-2800.04
-3106.85
-2977.1
-2514.66
-2387.87
-2471.05
-2232.25
-1837.09
-1685.16
-1565.03
-1141.78
-653.464
-340.369
-0.658279
501.33
1022.17
1500.5
1982.53
2420.2
2806.11
3201.64
3522.5
3657.79
3739.85
3867.75
3821.55
3460.03
3044.17
2749.93
2279.73
1454.66
663.607
121.697
-581.013
-1560.59
-2247.04
-2505.05
-2929.04
-3560.04
-3745.61
-3476.87
-3405.9
-3494.24
-3118.31
-2395.64
-1978.67
-1770.55
-1216.81
-493.405
-155.912
-37.6235
329.811
729.036
713.141
513.528
571.564
700.942
530.163
255.141
206.717
212.262
40.0035
-136.69
-183.636
-270.505
-432.412
-566.966
-761.773
-1046.41
-1209.42
-1321.43
-1624.54
-1953.16
-2009.35
-1998.26
-2129.49
-2069.6
-1585.36
-1003.16
-655.313
-121.904
868.025
1802.88
2341.09
2923.29
3899.18
4513.17
4488.77
4572.31
4924.22
4803.71
4007.48
3445.24
3165.41
2415.76
1268.36
508.353
206.717
-456.07
-1417.91
-1891.8
-1892.91
-2162.02
-2675.09
-2709.47
-2415.23
-2496.92
-2788.58
-2632.58
-2240.38
-2213.03
-2342.04
-2125.05
-1761.68
-1657.81
-1579.07
-1195.01
-729.243
-456.809
-196.944
274.363
835.865
1306.43
1708.98
2133.71
2566.95
2922.55
3160.61
3334.35
3487.01
3567.23
3471.12
3178.72
2861.56
2586.91
2148.87
1443.2
783.375
309.48
-317.081
-1172.83
-1818.24
-2099.91
-2527.23
-3096.5
-3296.48
-3108.33
-3008.52
-3072.47
-2737.56
-2122.46
-1711.04
-1458.57
-973.584
-325.583
-35.4056
94.3424
389.695
721.643
714.989
553.82
622.576
662.868
488.762
258.468
265.122
254.032
17.8243
-136.69
-138.169
-175.504
-382.509
-547.374
-659.009
-930.704
-1248.6
-1456.72
-1694.41
-2075.52
-2335.01
-2376.78
-2449.61
-2503.57
-2189
-1600.14
-1132.53
-643.114
237.028
1278.71
2014.69
2622.03
3474.07
4249.24
4461.79
4431.1
4651.42
4747.53
4227.06
3524.72
3133.99
2644.2
1701.96
849.173
453.645
2.66859
-791.715
-1389.44
-1509.58
-1657.81
-2085.87
-2328.36
-2210.07
-2227.07
-2527.6
-2599.31
-2322.45
-2205.64
-2353.13
-2325.77
-2061.84
-1908.06
-1843.75
-1582.03
-1164.32
-840.139
-561.791
-138.908
384.52
881.332
1328.24
1777.74
2182.14
2507.06
2763.6
2993.9
3176.5
3252.65
3229.73
3043.43
2867.48
2649.38
2311.15
1831.71
1248.77
763.044
121.327
-527.043
-1102.96
-1578.7
-1997.52
-2467.35
-2698.38
-2830.72
-2827.02
-2780.44
-2583.79
-2230.4
-1912.13
-1514.75
-1121.81
-613.912
-276.419
-19.5106
218.915
407.068
547.906
522.03
581.914
555.299
529.793
424.442
373.06
383.041
261.425
176.036
44.809
0.450678
-202.489
-372.529
-534.806
-835.703
-1176.89
-1541.74
-1736.55
-2149.08
-2469.2
-2730.17
-2795.97
-2823.32
-2800.78
-2400.44
-1956.12
-1256
-721.85
227.048
1168.55
2011.73
2767.3
3465.57
4286.57
4492.84
4640.7
4703.91
4722.39
4356.07
3686.26
3291.1
2714.81
2056.83
1244.33
811.098
364.928
-229.103
-714.087
-1012.77
-1094.09
-1505.14
-1733.96
-1874.43
-1910.28
-2138.73
-2383.44
-2290.66
-2335.75
-2395.27
-2563.83
-2378.63
-2225.23
-2120.62
-1887.73
-1555.42
-1062.67
-777.668
-315.233
173.448
751.215
1203.67
1527.48
1950.37
2285.64
2596.15
2685.61
2813.51
2961.74
2928.1
2821.27
2586.91
2541.07
2225.76
1841.69
1414.37
1026.98
558.256
-87.8963
-471.595
-911.482
-1349.15
-1890.69
-2133.18
-2222.27
-2428.54
-2442.58
-2333.53
-2007.5
-1916.57
-1675.92
-1233.45
-851.968
-557.355
-357.743
42.9607
249.227
341.27
422.224
579.696
638.101
519.812
522.03
512.789
502.439
353.469
271.406
168.643
-73.8495
-269.765
-502.277
-757.706
-1083
-1403.12
-1772.03
-2169.41
-2505.42
-2763.44
-3032.18
-3262.1
-3215.9
-3097.61
-2916.48
-2563.09
-1899.19
-1068.21
-405.428
378.235
1396.26
2350.7
3019.4
3644.48
4377.14
4791.52
4787.82
4790.41
4857.31
4565.29
3940.21
3431.2
3034.19
2413.91
1665.37
1181.86
859.893
335.356
-263.851
-606.888
-800.217
-1155.82
-1553.57
-1761.31
-1921
-2244.08
-2588.6
-2705.04
-2777.86
-2924.98
-3018.13
-2941.61
-2767.51
-2625.93
-2315.79
-1894.39
-1445.26
-982.825
-502.646
25.587
507.614
1028.08
1451.71
1780.33
2080.85
2359.57
2540.33
2579.52
2715.18
2823.12
2779.87
2589.13
2489.32
2439.05
2147.39
1750.76
1408.83
1110.89
580.066
-8.05133
-424.28
-824.983
-1363.94
-1909.17
-2124.68
-2263.67
-2472.15
-2527.97
-2297.68
-1996.78
-1861.86
-1589.42
-1108.51
-671.208
-398.774
-123.013
227.787
454.014
531.272
612.595
724.969
723.861
612.225
518.703
449.578
328.702
165.316
4.88651
-204.706
-471.595
-732.94
-1012.03
-1339.17
-1640.44
-1890.32
-2206.37
-2574.18
-2800.04
-2885.06
-3017.76
-3135.68
-3009.63
-2720.93
-2462.54
-2069.23
-1348.04
-539.612
122.436
857.305
1820.25
2714.07
3333.98
3898.44
4514.65
4874.32
4867.29
4791.15
4768.23
4521.67
3998.24
3496.25
3078.55
2538.11
1871.26
1396.26
1036.22
546.797
-11.7479
-445.72
-737.006
-1173.94
-1631.56
-1985.32
-2303.59
-2677.68
-3063.6
-3243.99
-3373.37
-3467.63
-3492.03
-3377.8
-3165.25
-2880.62
-2417.45
-1930.61
-1404.23
-865.275
-295.641
199.693
650.669
1154.14
1523.79
1768.13
1940.76
2210.23
2406.15
2481.56
2589.87
2735.88
2827.55
2725.9
2687.82
2688.93
2558.08
2220.21
1851.67
1516.77
971.158
346.445
-235.388
-727.395
-1305.9
-1865.92
-2209.33
-2402.66
-2481.03
-2498.4
-2294.72
-1991.24
-1644.87
-1282.98
-890.042
-445.72
-94.55
195.997
375.278
537.186
630.338
634.774
597.07
513.159
453.645
286.562
102.844
-51.6703
-155.173
-283.442
-529.261
-722.22
-887.454
-1112.2
-1422.71
-1679.25
-1854.83
-2100.28
-2391.57
-2606.34
-2708.36
-2774.16
-2811.5
-2759.74
-2577.51
-2302.85
-1967.58
-1492.21
-837.551
-111.184
574.521
1279.82
2074.94
2850.84
3483.32
4000.46
4464
4781.91
4836.98
4712.41
4569.35
4358.65
3940.21
3400.51
2925.14
2468.25
1900.83
1326.76
892.792
469.17
-90.1142
-646.811
-1045.3
-1411.25
-1913.98
-2414.49
-2767.51
-3080.97
-3461.71
-3722.32
-3750.41
-3705.68
-3663.91
-3492.4
-3095.76
-2663.26
-2203.79
-1663.72
-1081.89
-514.845
-63.8688
397.088
813.686
1187.04
1471.67
1653.54
1863.5
2042.78
2238.33
2390.25
2567.69
2754.36
2893.35
2973.57
2944.73
2922.55
2764.71
2459.75
1993.25
1473.15
906.099
217.806
-422.062
-1001.68
-1476.68
-1930.98
-2203.79
-2259.6
-2211.92
-2071.08
-1837.83
-1433.43
-1077.09
-754.01
-433.521
-129.667
69.206
129.09
209.304
210.783
164.946
62.1826
-4.3548
-60.1723
-125.97
-138.169
-193.247
-214.317
-256.458
-301.555
-416.887
-590.624
-731.092
-938.836
-1196.11
-1499.97
-1745.79
-1961.66
-2195.65
-2344.62
-2420.4
-2459.22
-2445.54
-2329.84
-2092.52
-1823.41
-1603.47
-1252.67
-816.851
-398.774
118
708.705
1309.39
1842.06
2410.58
3005.36
3471.86
3836.7
4144.25
4374.92
4380.83
4215.97
4067.74
3849.64
3431.2
2921.44
2477.12
1987.7
1378.88
816.643
367.146
-128.188
-704.477
-1210.53
-1629.35
-2051.49
-2470.68
-2811.5
-3077.65
-3315.33
-3490.92
-3528.25
-3446.56
-3312
-3093.91
-2753.46
-2359.04
-1955.75
-1484.44
-953.992
-469.747
-49.0827
355.317
724.23
1029.93
1321.96
1600.31
1807.31
1974.76
2181.03
2390.25
2542.92
2681.91
2837.16
2903.7
2817.57
2664.91
2477.49
2150.72
1667.58
1151.55
649.56
99.1479
-461.245
-901.501
-1207.2
-1466.33
-1652.64
-1655.59
-1518.82
-1372.44
-1203.14
-946.229
-686.733
-532.958
-438.696
-330.019
-270.135
-302.295
-340.369
-333.715
-342.956
-377.704
-366.614
-301.925
-244.629
-196.204
-125.601
-73.4798
-100.464
-190.66
-312.275
-483.424
-704.846
-946.599
-1190.57
-1436.02
-1647.83
-1786.45
-1861.49
-1890.32
-1850.03
-1752.07
-1643.39
-1527.69
-1376.87
-1225.32
-1134.75
-1071.54
-953.992
-791.345
-593.211
-304.143
107.65
595.221
1106.45
1680.89
2326.67
2917.38
3407.17
3831.9
4129.1
4252.93
4207.47
4014.14
3722.11
3302.93
2757.32
2199.51
1645.77
1070.96
541.992
94.7121
-313.754
-721.111
-1110.35
-1451.54
-1767.97
-2084.39
-2394.16
-2695.05
-2975.99
-3203.33
-3347.49
-3390.37
-3320.14
-3133.09
-2841.81
-2457
-1977.19
-1425.3
-846.053
-287.878
207.086
627.751
982.987
1262.07
1465.38
1609.18
1696.79
1732.64
1763.32
1826.16
1913.03
2012.47
2135.56
2258.66
2324.83
2322.98
2269.75
2131.5
1860.17
1473.89
1023.65
541.992
56.2682
-386.945
-751.792
-1037.16
-1236.78
-1321.43
-1279.66
-1135.12
-938.097
-726.656
-528.892
-385.097
-321.147
-299.337
-314.863
-381.4
-497.102
-610.954
-675.274
-703.368
-668.62
-575.468
-453.483
-311.906
-167.741
-26.1643
67.7274
92.8638
41.1124
-109.336
-337.042
-602.822
-873.038
-1141.78
-1388.33
-1575.38
-1679.99
-1721.02
-1677.03
-1545.81
-1368.74
-1205.73
-1085.22
-982.825
-924.42
-919.245
-941.793
-969.517
-970.257
-926.268
-770.275
-461.615
-13.5961
546.797
1189.25
1889.01
2578.41
3189.07
3674.43
4001.2
4127.62
4032.25
3753.16
3337.3
2822.75
2256.07
1682.37
1151.92
683.568
290.628
-17.6623
-260.154
-466.79
-694.496
-948.817
-1246.39
-1609.02
-1966.47
-2336.49
-2702.08
-3000.02
-3216.63
-3293.15
-3210.35
-2957.14
-2559.39
-2072.93
-1524
-944.011
-365.505
142.767
544.209
829.951
988.162
1028.82
988.532
928.278
878.375
855.457
887.247
1007.75
1217.35
1494.59
1815.07
2133.35
2386.19
2518.52
2513.72
2370.29
2079.75
1653.91
1134.17
579.696
45.1786
-412.451
-741.072
-919.984
-958.797
-885.606
-730.722
-529.261
-323.365
-158.87
-72.3709
-93.8107
-214.317
-401.362
-619.826
-822.765
-969.517
-1053.06
-1057.12
-957.688
-758.815
-480.098
-164.414
125.024
351.251
475.824
459.559
326.854
112.455
-183.267
-541.829
-910.743
-1234.93
-1470.4
-1590.53
-1593.12
-1499.23
-1335.84
-1133.27
-916.657
-714.827
-558.833
-480.837
-503.386
-625.001
-816.112
-1029.4
-1220.51
-1349.52
-1384.64
-1301.47
-1079.3
-701.519
-174.395
464.364
1151.92
1814.7
2392.1
2841.97
3143.24
3282.96
3255.24
3068.2
2755.47
2377.69
2003.23
1683.85
1443.2
1279.08
1169.66
1088.34
1009.23
905.73
737.168
465.843
69.9453
-446.459
-1046.77
-1674.81
-2257.02
-2735.72
-3073.95
-3247.69
-3247.32
-3060.27
-2697.27
-2213.03
-1675.92
-1151.02
-706.325
-368.462
-140.757
-26.1643
7.84373
-9.89959
-55.7365
-73.4798
-12.8568
160.141
457.341
839.931
1257.64
1669.06
2032.43
2316.69
2491.17
2528.13
2415.39
2153.68
1776.26
1340.81
910.165
536.077
248.857
58.8558
-33.1877
-35.7753
33.3497
140.179
240.355
286.192
246.27
112.825
-99.7251
-358.112
-628.698
-878.952
-1082.26
-1210.53
-1234.56
-1139.93
-935.879
-657.161
-355.894
-85.3087
123.175
251.075
290.998
244.791
109.498
-89.7445
-324.843
-541.46
-701.15
-788.757
-791.345
-726.286
-613.912
-489.708
-365.136
-273.831
-248.695
-287.139
-425.389
-619.456
-823.505
-1058.6
-1253.78
-1376.5
-1436.02
-1428.26
-1366.89
-1249.34
-1102.22
-944.381
-786.17
-649.029
-531.479
-407.276
-235.757
-0.288627
309.85
697.615
1137.13
1601.05
2059.41
2476.01
2812.4
3030.12
3104.79
3034.19
2842.71
2563.99
2236.85
1891.22
1547.08
1214.39
897.228
597.439
305.784
5.25616
-326.322
-704.107
-1122.55
-1563.92
-1994.93
-2384.55
-2699.49
-2919.06
-3016.28
-2973.4
-2783.03
-2456.26
-2031.16
-1553.94
-1087.07
-666.033
-320.777
-71.2619
103.584
214.11
283.235
327.963
390.434
493.567
647.712
882.072
1150.81
1455.77
1778.11
2020.6
2188.05
2271.96
2247.57
2124.1
1910.81
1643.93
1344.51
1043.98
782.635
563.431
391.913
268.449
191.191
133.156
71.4239
-5.09411
-118.577
-273.831
-463.093
-663.445
-846.793
-986.152
-1064.52
-1075.61
-1020.53
-908.894
-752.531
-563.639
-363.287
-176.243
-28.0126
66.2488
100.626
82.8832
27.0657
-52.4096
-142.605
-229.103
-300.446
-345.914
-361.439
-358.482
-352.198
-364.396
-417.996
-520.02
-659.379
-821.287
-986.521
-1142.51
-1270.04
-1357.28
-1392.03
-1362.83
-1274.48
-1138.82
-977.28
-833.855
-725.177
-644.593
-594.69
-561.051
-535.545
-512.627
-448.307
-303.773
-62.0206
296.912
755.651
1272.06
1796.96
2266.42
2629.42
2858.23
2931.42
2847.88
2622.77
2297.1
1928.56
1564.45
1253.2
1002.95
806.293
646.234
479.89
295.803
61.0737
-239.823
-609.106
-1059.34
-1548.02
-2035.59
-2465.5
-2765.66
-2915.74
-2888.38
-2696.53
-2375.68
-1952.79
-1487.03
-1026.81
-623.153
-319.299
-121.535
-18.4016
35.5677
86.9494
178.623
333.508
559.365
847.324
1169.29
1499.02
1790.31
2006.55
2123.36
2113.38
1991.03
1784.76
1534.88
1286.84
1061.72
893.531
776.721
714.989
699.463
688.004
700.572
683.199
596.33
442.555
210.413
-55.7365
-336.303
-583.97
-769.535
-888.563
-921.093
-879.692
-768.426
-620.565
-463.833
-335.194
-263.481
-250.543
-292.314
-359.221
-424.28
-474.553
-503.386
-498.21
-457.549
-393.968
-314.863
-236.866
-189.92
-196.574
-252.392
-340.739
-443.502
-535.545
-607.628
-657.531
-688.581
-699.671
-686.733
-649.768
-596.908
-546.265
-514.845
-513.366
-536.285
-571.032
-596.168
-598.386
-588.036
-566.966
-537.024
-495.623
-436.109
-371.05
-310.057
-270.874
-239.823
-180.309
-60.9116
147.203
432.944
785.223
1148.22
1454.66
1735.97
1928.19
1991.77
1940.39
1760.37
1509.74
1225.11
960.438
753.802
607.42
519.073
449.209
377.866
269.188
104.693
-135.581
-456.07
-837.921
-1262.28
-1672.97
-2013.05
-2236.69
-2311.36
-2218.94
-1977.56
-1634.52
-1235.67
-829.419
-467.899
-188.442
-7.31202
79.926
92.1245
77.708
87.319
158.292
308.002
531.641
805.184
1097.95
1375.93
1604.74
1760.74
1829.12
1811.38
1724.51
1599.57
1473.52
1355.23
1257.27
1172.62
1091.66
1009.6
912.383
792.246
625.533
417.788
170.491
-107.857
-385.466
-640.896
-829.049
-968.408
-1053.06
-1046.41
-1005.74
-968.778
-927.747
-896.326
-879.692
-875.626
-890.042
-898.174
-866.754
-780.995
-636.091
-446.829
-229.473
-7.68168
184.168
316.134
373.43
361.601
293.215
180.841
48.8751
-70.1529
-140.017
-144.823
-92.7017
-12.1175
69.5757
122.806
123.175
55.1592
-74.9584
-243.89
-427.607
-612.063
-785.8
-925.898
-1000.57
-995.023
-924.789
-832.376
-756.228
-717.784
-722.22
-769.166
-852.338
-958.058
-1054.54
-1096.68
-1033.1
-819.438
-437.587
82.1439
659.171
1195.17
1616.57
1893.44
2023.19
2004.71
1843.17
1574.8
1278.71
1043.24
925.321
918.298
971.158
1019.95
1016.99
932.344
752.324
463.995
65.1399
-419.105
-924.42
-1367.26
-1682.95
-1844.48
-1857.42
-1742.46
-1528.43
-1246.76
-936.618
-645.332
-423.171
-296.011
-250.543
-234.279
-193.987
-101.573
51.4627
275.102
576.739
940.477
1309.02
1605.48
1771.46
1796.22
1705.66
1544.49
1354.12
1167.07
1011.45
910.905
884.659
925.691
991.489
1012.19
931.605
733.102
437.38
89.9066
-266.808
-599.126
-884.128
-1094.46
-1200.92
-1186.13
-1078.93
-944.011
-831.637
-777.298
-776.189
-805.392
-837.182
-850.489
-836.073
-772.862
-645.702
-414.669
-105.27
212.631
499.112
703.16
831.06
885.399
848.803
730.884
557.147
377.496
241.834
174.557
163.098
187.864
228.526
266.231
266.231
184.168
7.47407
-245.738
-528.892
-802.804
-1052.32
-1250.08
-1357.28
-1373.92
-1322.91
-1243.43
-1176.52
-1119.97
-1079.3
-1083
-1117.38
-1151.39
-1171.35
-1172.46
-1164.32
-1131.06
-1020.16
-824.983
-582.491
-332.606
-61.6509
279.169
697.615
1114.95
1415.48
1562.97
1604.74
1629.51
1647.25
1604.37
1489.04
1344.51
1272.06
1299.04
1368.16
1377.41
1255.05
1041.39
768.219
477.672
173.448
-175.504
-517.063
-810.567
-1022.01
-1118.49
-1117.01
-1040.12
-954.362
-897.065
-853.077
-769.166
-615.39
-458.658
-365.505
-337.781
-286.769
-128.188
118
359.753
528.314
639.949
747.888
867.286
956.002
957.481
867.286
737.168
639.58
604.463
607.79
612.225
608.899
606.311
594.113
534.968
397.457
196.366
-27.2733
-234.648
-402.47
-513.736
-556.246
-531.479
-461.615
-381.4
-315.233
-266.438
-235.757
-230.212
-262.003
-325.213
-364.396
-327.431
-213.578
-53.1489
109.128
261.056
425.551
587.828
706.857
736.798
669.152
588.937
540.513
486.544
431.096
370.473
289.889
219.655
158.292
71.4239
-47.9738
-196.944
-356.634
-512.997
-661.597
-788.018
-881.54
-944.011
-981.346
-1007.22
-1032.36
-1068.95
-1122.92
-1189.46
-1257.11
-1312.92
-1351.74
-1372.07
-1352.11
-1259.69
-1080.78
-850.859
-640.527
-514.475
-483.794
-501.907
-508.561
-488.969
-472.704
-457.179
-358.112
-63.8688
441.076
1026.24
1501.61
1764.8
1845.39
1844.28
1819.51
1735.6
1537.1
1266.14
1072.81
1100.91
1337.85
1606.96
1712.68
1581.82
1314.2
1032.89
756.76
424.812
-25.7946
-538.872
-929.965
-1077.09
-998.35
-828.31
-751.422
-795.781
-839.769
-821.287
-777.668
-806.501
-966.56
-1171.72
-1261.91
-1148.43
-881.54
-602.452
-393.599
-227.255
-47.9738
148.681
302.457
348.294
288.41
199.693
186.756
297.282
497.633
712.401
900.924
1063.2
1192.21
1249.51
1200.71
1049.52
836.235
610.747
415.94
287.671
238.877
260.316
323.897
386.368
411.135
378.605
286.931
153.117
-9.89959
-188.072
-354.416
-467.529
-490.078
-408.755
-263.851
-110.445
9.69199
86.21
129.09
149.79
126.872
54.0503
-40.9504
-121.904
-151.476
-123.013
-76.437
-37.2539
-19.8802
-33.927
-63.4992
-106.009
-186.593
-309.688
-456.809
-593.211
-679.34
-712.239
-723.698
-733.309
-742.551
-749.574
-759.924
-785.8
-838.291
-905.567
-958.058
-971.366
-937.727
-870.45
-789.497
-704.846
-608.737
-495.623
-374.747
-274.201
-213.948
-192.138
-185.115
-168.85
-129.667
-63.8688
38.8945
200.063
441.446
753.433
1080.58
1338.96
1459.84
1433.22
1303.85
1130.85
960.068
822.188
746.409
769.328
898.336
1079.1
1202.19
1170.4
954.524
606.311
223.351
-118.577
-399.883
-611.694
-744.769
-796.52
-764.36
-691.539
-654.573
-688.581
-782.473
-887.454
-933.661
-908.894
-860.1
-821.656
-792.823
-733.309
-598.386
-405.428
-216.166
-74.5888
14.8671
82.5135
149.421
202.281
215.588
190.452
177.884
239.246
397.827
611.117
798.161
897.967
905.73
847.694
756.76
656.214
546.427
443.664
390.434
415.201
499.112
592.634
642.537
613.704
516.116
398.197
286.931
177.884
64.0309
-36.1449
-102.313
-122.274
-104.9
-77.546
-62.7599
-69.7833
-93.0714
-124.492
-162.936
-216.166
-286.4
-354.785
-393.229
-382.509
-335.563
-281.594
-239.823
-210.621
-198.053
-209.142
-250.174
-308.948
-357.003
-384.727
-370.68
-326.322
-265.329
-206.555
-178.831
-169.589
-182.897
-201.749
-217.275
-228.364
-213.578
-178.461
-115.99
-42.0594
25.587
83.2528
126.133
164.946
198.215
222.242
230.374
224.09
207.826
190.452
175.666
161.619
145.354
123.175
96.1907
59.5951
11.5403
-47.2345
-114.511
-184.745
-254.61
-318.929
-375.486
-424.28
-466.79
-503.016
-535.545
-560.682
-573.25
-572.88
-551.071
-510.779
-460.136
-402.47
-351.458
-308.948
-273.462
-242.041
-204.706
-150.737
-81.6122
7.84373
100.257
208.565
305.044
378.975
424.442
444.034
485.804
464.734
469.17
487.653
507.244
521.661
529.793
516.116
486.174
421.115
336.465
236.659
147.203
71.7936
19.303
-11.3782
-18.4016
-18.0319
-16.923
-30.2305
-56.4758
-84.939
-120.056
-140.017
-147.041
-139.648
-106.009
-66.0868
-8.42098
50.7234
102.105
153.487
187.495
218.176
244.052
262.165
285.083
300.608
319.461
341.64
364.189
391.543
414.831
431.465
442.555
443.664
435.901
414.831
379.344
336.834
282.865
230.744
184.907
142.397
107.28
76.9687
37.4159
3.4079
-37.9932
-78.2853
-137.06
-194.726
-246.108
-301.925
-312.275
-352.567
-360.33
-357.373
-342.587
-316.711
-286.03
-259.415
-220.971
-191.399
-165.523
-149.628
-128.188
-109.336
-85.6783
-59.0634
-29.8608
-3.24585
15.2368
24.1084
19.303
-1.02793
-32.818
-73.8495
-114.511
-150.737
-180.679
-205.815
-227.255
-248.695
-272.353
-298.968
-328.54
-359.96
-392.49
-422.062
-447.198
-467.16
-479.358
-481.206
-474.922
-458.288
-433.152
-403.21
-369.202
-335.933
-303.034
-271.614
-242.781
-208.773
-173.286
-125.97
-72.7405
-16.923
41.1124
99.1479
147.203
186.016
215.958
244.791
262.165
290.998
315.025
333.877
373.8
359.014
348.663
310.219
271.406
229.635
194.518
163.837
146.094
131.677
111.716
80.2956
45.5483
-3.24585
-48.7131
-90.1142
-106.009
-110.815
-87.8963
-59.433
-19.5106
8.95268
32.9801
49.9841
65.8792
79.1866
102.844
138.701
187.125
240.725
304.675
367.885
419.267
456.602
485.065
497.633
502.808
504.287
501.699
505.026
507.983
508.723
512.789
503.178
483.586
447.73
392.652
333.138
268.818
203.02
152.747
113.564
81.7742
56.6379
30.7622
0.450678
-44.2773
-94.1803
-143.344
-189.181
-222.45
-234.279
-234.279
-227.625
-206.924
-209.142
-213.208
-228.364
-246.847
-265.699
-264.96
-258.676
-236.127
-215.796
-196.574
-181.788
-178.831
-183.267
-188.811
-188.072
-185.485
-178.461
-163.305
-152.585
-146.671
-148.15
-149.259
-153.325
-154.803
-151.846
-150.737
-153.325
-163.675
-184.745
-209.882
-235.018
-256.088
-261.263
-250.543
-227.625
-198.422
-175.134
-166.632
-171.438
-188.442
-209.882
-222.08
-221.341
-203.597
-171.068
-136.321
-103.422
-93.441
-101.573
-130.037
-168.48
-203.228
-230.582
-241.302
-242.411
-235.388
-233.539
-244.999
-259.045
-282.703
-307.839
-323.365
-321.517
-302.295
-281.594
-236.497
-195.465
-147.41
-111.184
-63.1295
-16.1837
32.9801
91.0155
152.747
216.697
276.581
331.659
389.695
441.446
493.937
548.645
598.548
646.603
679.872
697.985
705.008
693.179
680.611
665.825
653.996
645.494
629.229
608.899
570.824
516.485
449.578
377.496
311.698
257.729
221.503
200.063
180.471
155.335
124.654
74.3812
18.9333
-36.8842
-83.4604
-111.924
-114.881
-104.161
-81.6122
-59.433
-52.04
-54.2579
-65.7171
-84.5694
-96.3983
-97.8769
-86.4176
-67.5654
-47.2345
-32.4484
-30.9698
-36.8842
-56.1061
-74.9584
-86.048
-108.966
-110.445
-112.293
-117.838
-120.795
-132.255
-151.846
-170.698
-194.726
-213.578
-227.995
-239.084
-244.999
-250.174
-250.174
-247.216
-246.847
-239.084
-223.928
-212.099
-199.531
-184.745
-180.309
-179.57
-179.57
-176.982
-173.656
-166.263
-152.955
-142.235
-132.994
-130.776
-132.624
-148.889
-163.305
-184.006
-202.858
-220.601
-228.364
-237.236
-246.847
-258.306
-276.419
-305.252
-341.108
-379.182
-416.148
-448.307
-463.093
-464.942
-450.156
-427.237
-403.949
-383.249
-376.595
-376.964
-383.618
-386.945
-376.964
-351.828
-296.38
-226.146
-144.453
-65.3475
0.820331
52.202
86.5797
113.564
139.44
185.277
256.62
348.294
452.905
554.56
640.319
690.592
707.226
703.53
690.961
681.72
695.767
731.623
779.678
828.103
854.717
845.476
798.161
716.467
615.552
517.964
440.337
388.955
362.34
348.294
332.399
296.173
233.332
143.506
43.3304
-49.8221
-120.795
-160.718
-168.111
-151.107
-127.449
-111.924
-116.729
-143.714
-184.745
-226.516
-253.501
-254.24
-225.777
-172.177
-109.336
-47.9738
-0.658279
21.1512
24.8477
15.6064
8.58303
14.4975
40.0035
84.3618
139.81
192.3
236.659
264.013
243.682
209.304
178.254
137.222
116.522
112.825
119.109
126.133
122.436
98.7782
51.4627
-12.8568
-84.939
-149.259
-198.422
-227.255
-238.345
-240.932
-244.629
-259.785
-290.466
-334.454
-383.249
-428.346
-456.07
-467.529
-460.876
-444.611
-428.346
-413.56
-412.821
-417.257
-425.019
-427.237
-413.56
-389.163
-350.719
-308.948
-270.135
-237.236
-216.905
-203.967
-197.313
-191.029
-180.309
-162.196
-141.496
-119.317
-102.682
-96.0286
-96.0286
-103.052
-114.511
-125.601
-128.928
-131.885
-128.558
-124.122
-118.947
-113.033
-110.445
-109.706
-105.64
-95.2893
-91.5928
-79.3942
-61.6509
-39.8414
-13.9658
21.8905
54.4199
85.8404
118.37
144.245
164.576
186.386
206.347
230.005
258.838
292.476
325.006
355.687
376.757
385.998
385.629
374.909
364.189
349.033
343.118
334.616
330.181
316.873
295.064
259.207
214.849
167.903
121.327
86.21
57.7468
42.5911
31.5015
24.8477
16.7154
4.88651
-12.1175
-26.9036
-31.7091
-23.5767
-1.02793
32.9801
76.2294
122.806
161.989
193.04
217.437
238.507
259.577
280.647
312.807
345.706
373.43
396.348
405.59
401.154
383.041
350.142
317.243
293.955
254.032
219.285
188.973
154.596
109.498
63.2916
10.4313
-48.3434
-105.64
-158.13
-197.683
-237.236
-259.785
-278.267
-289.357
-304.143
-315.233
-331.497
-339.63
-345.544
-340.739
-327.801
-299.707
-269.026
-236.497
-205.446
-178.091
-162.566
-149.998
-137.799
-123.753
-108.227
-83.8301
-59.0634
-37.9932
-24.316
-20.6195
-29.4912
-50.931
-73.8495
-97.8769
-114.881
-128.928
-134.103
-141.866
-152.585
-171.068
-193.987
-221.341
-246.847
-266.438
-277.898
-277.898
-268.287
-253.131
-236.497
-223.189
-209.142
-196.944
-181.418
-160.348
-138.539
-109.706
-83.0908
-59.433
-33.927
-18.4016
-4.3548
7.84373
12.6492
19.303
24.8477
23.7388
21.5209
11.1706
-4.72446
-23.5767
-39.4718
-52.04
-61.2813
-63.4992
-69.044
-70.8922
-80.1336
-86.4176
-97.5072
-97.1376
-93.0714
-72.3709
-45.0166
-6.57272
29.6532
66.6185
95.0817
121.327
143.876
170.491
201.172
241.834
288.78
337.574
381.932
416.31
436.641
441.076
440.337
433.314
427.769
430.726
430.356
432.205
427.769
412.244
379.714
341.64
286.562
234.81
182.689
143.506
111.346
85.8404
61.4433
34.0891
0.450678
-39.4718
-83.4604
-123.013
-149.259
-171.068
-170.329
-158.87
-142.974
-127.449
-111.184
-104.531
-102.682
-98.6162
-90.4838
-73.4798
-45.3862
-10.6389
29.2836
59.9647
92.1245
105.062
110.237
112.455
103.953
104.323
105.802
110.977
115.782
118.739
108.389
92.1245
61.813
28.9139
-8.05133
-39.4718
-66.0868
-86.7873
-104.161
-120.795
-140.017
-163.675
-189.92
-215.426
-240.193
-254.61
-263.481
-262.372
-256.088
-251.283
-243.89
-246.108
-247.216
-250.543
-251.283
-243.52
-233.539
-215.057
-201.01
-187.333
-179.57
-177.352
-182.527
-185.854
-191.029
-186.593
-180.679
-164.045
-155.173
-149.259
-144.083
-147.041
-157.021
-169.959
-175.874
-174.025
-165.893
-148.889
-129.297
-110.075
-97.1376
-91.5928
-90.8535
-88.2659
-81.2425
-67.1957
-44.2773
-12.8568
23.7388
58.4861
85.8404
103.953
115.413
122.806
132.417
146.833
168.643
196.736
227.048
254.032
269.927
277.69
272.145
260.686
242.203
231.483
221.133
219.285
217.437
219.655
210.044
194.518
167.534
138.701
101.366
74.0115
51.4627
40.0035
31.1318
33.7194
31.5015
30.0229
17.085
7.47407
-6.94237
-17.6623
-16.5533
-10.2692
5.25616
28.5443
48.5055
64.0309
70.315
81.4046
93.6031
101.366
108.759
118
134.635
153.856
168.643
183.059
195.258
199.324
196.366
190.822
184.168
176.036
168.273
161.989
153.856
142.767
129.459
112.825
90.2762
65.5095
39.2642
11.1706
-15.814
-42.0594
-67.935
-91.5928
-115.99
-137.799
-160.348
-182.897
-202.119
-222.45
-239.084
-252.392
-266.438
-275.31
-284.182
-289.726
-290.835
-290.466
-284.551
-278.637
-272.353
-264.59
-259.415
-250.543
-243.15
-232.061
-218.753
-203.228
-182.897
-165.523
-144.083
-128.558
-113.772
-103.422
-92.7017
-80.1336
-64.9778
-49.0827
-25.7946
-11.3782
13.7582
26.3263
44.4393
54.0503
59.5951
65.1399
66.2488
74.3812
82.8832
95.821
106.171
116.522
117.261
117.631
107.65
99.8872
88.0583
81.4046
75.8598
75.8598
73.2722
75.1205
66.6185
60.3344
43.3304
30.0229
13.0189
2.29894
-5.46376
-6.94237
-4.72446
0.0810259
1.55964
1.92929
-2.50654
-7.31202
-12.8568
-13.9658
-8.79063
1.55964
17.4547
34.4587
49.9841
62.5523
69.9453
76.2294
80.6653
89.1673
99.1479
115.782
133.526
152.378
169.382
181.211
187.125
188.234
186.386
184.907
184.168
187.495
191.561
195.997
199.324
195.997
189.343
172.709
155.335
132.047
114.673
98.0389
88.0583
79.1866
70.6846
56.6379
38.8945
14.1278
-12.8568
-39.8414
-61.6509
-80.1336
-96.0286
-103.422
-110.815
-120.056
-131.515
-142.974
-158.87
-176.243
-187.702
-192.878
-193.987
-190.29
-182.527
-174.025
-165.893
-160.718
-158.5
-157.391
-152.955
-144.453
-131.515
-114.142
-95.2893
-73.8495
-58.6937
-44.6469
-34.6663
-28.0126
-17.6623
-9.89959
4.88651
21.8905
37.7856
50.3538
55.8985
62.1826
61.0737
60.704
57.3772
49.2448
50.3538
48.8751
47.3965
47.3965
35.5677
33.7194
38.1552
13.3885
-9.16029
-16.923
-30.9698
-38.3628
-40.5807
-43.538
-49.0827
-57.5848
-63.8688
-73.4798
-85.6783
-95.2893
-94.9197
-90.4838
-81.9818
-70.5226
-57.2151
-46.8648
-42.7987
-36.8842
-34.6663
-29.4912
-21.3588
-7.68168
8.58303
26.696
47.0269
58.4861
72.5329
80.2956
79.926
83.6225
84.7314
85.8404
94.7121
104.323
112.825
123.915
129.09
127.241
120.588
108.02
94.7121
84.3618
78.0777
78.0777
81.7742
86.9494
90.2762
86.5797
77.3384
61.0737
41.1124
27.0657
15.2368
8.58303
14.1278
22.6298
29.2836
30.3925
21.8905
17.4547
12.6492
-9.52994
-30.6001
-36.8842
-36.5146
-28.0126
-16.1837
-9.89959
-9.16029
-18.4016
-35.036
-53.5186
-71.2619
-82.3515
-83.4604
-75.3281
-61.2813
-46.1255
-35.7753
-33.5573
-41.6897
-54.6275
-67.1957
-74.2191
-70.8922
-57.2151
-36.5146
-11.7479
9.69199
22.2602
25.9567
19.303
8.95268
-0.288627
-2.87619
7.10442
24.8477
42.9607
61.4433
71.0543
65.1399
51.8324
31.8711
8.58303
-7.68168
-15.814
-13.9658
-6.20307
-0.288627
-0.658279
-7.68168
-28.3822
-53.5186
-75.3281
-99.7251
-107.488
-106.379
-94.1803
-84.939
-72.3709
-69.044
-77.1763
-79.7639
-94.9197
-89.3749
-93.441
-79.3942
-55.7365
-33.927
-10.2692
7.84373
14.4975
17.085
9.69199
10.0616
13.7582
25.9567
43.7
62.1826
79.926
92.1245
87.6887
81.4046
71.0543
52.5717
43.3304
41.4821
45.9179
51.8324
56.6379
56.2682
46.2876
31.5015
10.8009
-8.79063
-23.2071
-30.9698
-30.6001
-25.0553
-17.6623
-16.1837
-19.8802
-28.0126
-40.9504
-51.6703
-58.3241
-55.3668
-49.4524
-38.3628
-23.5767
-13.9658
-7.31202
-11.7479
-15.814
-22.0981
-28.0126
-24.6857
-16.5533
-5.46376
6.73477
17.8243
25.587
22.9995
16.3457
5.99547
3.4079
0.0810259
3.4079
23.7388
20.4119
31.8711
35.198
32.6104
25.9567
20.0423
11.1706
7.10442
5.62581
9.69199
14.8671
21.1512
20.4119
20.7816
17.4547
10.4313
1.55964
-2.87619
-5.09411
-9.16029
-5.09411
-1.39758
-3.6155
-1.39758
-5.83341
-12.8568
-19.1409
-26.534
-31.7091
-34.6663
-34.2967
-33.1877
-30.9698
-29.1215
-30.9698
-31.7091
-36.1449
-40.2111
-42.7987
-43.1683
-42.0594
-37.9932
-33.1877
-27.6429
-23.2071
-19.1409
-15.4444
-13.5961
-11.0085
-8.05133
-3.6155
3.77755
9.32234
19.303
29.6532
35.198
43.3304
48.1358
51.4627
53.6806
56.2682
58.1165
59.9647
67.7274
67.3578
72.1633
76.9687
73.6419
74.0115
69.206
64.0309
57.0075
51.0931
48.1358
41.8518
40.0035
36.307
30.3925
22.9995
14.4975
5.62581
-7.31202
-13.9658
-21.3588
-29.4912
-30.6001
-35.4056
-38.7325
-41.32
-47.9738
-52.04
-57.2151
-60.9116
-64.9778
-63.8688
-60.9116
-60.542
-54.9972
-50.5614
-50.931
-49.0827
-47.6041
-46.8648
-46.4952
-40.9504
-35.7753
-30.9698
-22.0981
-16.1837
-12.8568
-9.52994
-8.42098
-8.42098
-7.31202
-5.09411
-0.288627
4.1472
5.99547
10.8009
15.2368
10.8009
11.9099
10.8009
5.99547
5.25616
4.51686
6.36512
2.66859
2.29894
-0.288627
-2.50654
-3.98515
-7.31202
-11.3782
-15.0747
-18.7712
-20.6195
-20.6195
-21.3588
-22.0981
-24.6857
-24.6857
-26.9036
-27.2733
-28.7519
-28.0126
-28.3822
-25.7946
-23.9464
-19.8802
-18.7712
-15.0747
-14.3354
-10.6389
-8.05133
-5.09411
-1.39758
0.450678
6.36512
9.32234
16.3457
18.9333
24.1084
26.696
31.1318
32.9801
38.1552
38.8945
44.0697
44.0697
49.6145
50.3538
55.8985
56.2682
59.5951
59.9647
61.0737
62.5523
63.2916
64.4006
65.5095
64.7702
66.9881
65.5095
67.3578
64.0309
63.6612
58.8558
58.1165
55.1592
53.311
50.3538
44.809
40.0035
31.8711
27.4353
21.5209
16.3457
10.8009
3.4079
-3.98515
-12.4872
-21.3588
-28.0126
-37.2539
-42.429
-51.3007
-55.7365
-61.6509
-66.8261
-67.935
-74.2191
-73.1102
-77.9156
-77.9156
-76.8067
-76.437
-70.5226
-68.3047
-61.6509
-56.4758
-51.6703
-43.538
-39.4718
-31.3394
-26.1643
-18.0319
-12.8568
-4.72446
-1.02793
7.10442
8.95268
13.7582
14.1278
13.3885
13.3885
10.0616
9.32234
5.99547
1.55964
-3.24585
-11.0085
-16.5533
-25.7946
-32.0787
-40.9504
-49.0827
-55.3668
-60.9116
-65.7171
-70.1529
-75.3281
-79.3942
-80.8729
-81.9818
-86.048
-87.157
-81.2425
-76.8067
-74.2191
-66.0868
-58.6937
-51.6703
-42.0594
