-8.30282
38.7796
69.4206
64.9366
35.4166
-0.829413
-26.9863
-31.844
-15.4026
21.9645
69.0469
100.435
96.3249
57.8368
4.0283
-47.9119
-91.6313
-118.536
-112.93
-65.1007
4.0283
51.8581
45.5057
-5.68713
-65.1007
-106.204
-132.361
-155.155
-169.728
-155.903
-112.183
-65.848
-47.5382
-64.727
-87.1472
-85.6526
-60.6167
-23.6233
8.88601
37.6586
67.9259
88.8515
97.4459
87.7304
73.1573
66.4312
66.0576
78.3887
98.5669
119.866
129.955
123.229
103.051
83.6201
71.6626
62.6945
45.5057
20.8435
14.1174
21.9645
29.0642
20.4698
-1.95042
-19.8866
-32.2177
-43.4278
-59.4956
-77.0582
-84.1579
-82.2895
-75.1898
-67.3427
-56.1326
-38.5701
-17.6446
-4.93979
-7.18181
-19.1393
-34.8334
-53.8906
-76.6845
-87.8946
-73.3214
-38.5701
2.53362
28.3169
42.1427
52.9791
59.7052
56.7158
34.2956
22.7118
31.3062
61.5735
96.6985
112.019
107.161
80.257
49.6161
13.7437
-29.9757
-66.5954
-83.0369
-62.1113
-15.7762
35.7903
69.7943
77.2677
66.0576
43.2637
15.9857
-10.5448
-25.8653
-28.481
-20.6339
-13.1605
-25.118
-44.9225
-66.5954
-84.1579
-92.005
-79.6738
-22.876
52.9791
119.119
152.002
137.055
98.5669
45.8794
-8.30282
-57.2536
-81.5422
-60.6167
-6.80814
53.3528
82.8727
70.5416
37.6586
8.88601
-18.7656
-48.6592
-69.2111
-75.5635
-74.0688
-78.5528
-96.1153
-116.667
-118.536
-90.1366
-41.9331
12.9964
66.4312
112.393
137.429
129.955
90.7198
38.406
-2.32409
-16.5236
-13.9079
-5.68713
2.90729
15.9857
37.285
59.7052
72.0363
76.5203
84.7411
95.2039
95.2039
69.0469
23.4592
-16.5236
-38.9438
-47.9119
-49.4065
-47.1645
-32.5914
2.53362
28.3169
17.1068
-10.1712
-26.9863
-26.9863
-16.1499
-11.6659
-15.4026
-3.4451
31.3062
64.9366
74.652
59.3315
36.9113
21.5908
5.14931
-31.0967
-81.5422
-117.041
-121.525
-109.194
-104.336
-108.073
-94.9943
-53.5169
-3.81878
27.5695
41.769
61.5735
92.2145
106.788
81.7517
26.4485
-19.5129
-28.8547
-19.1393
-13.9079
-14.6552
-13.5342
-0.829413
5.52298
-22.876
-71.0794
-105.457
-107.699
-82.2895
-53.5169
-38.9438
-19.1393
8.51234
24.9538
15.6121
-12.0395
-25.4917
-13.1605
10.007
8.88601
-6.80814
-22.876
-27.7337
-26.9863
-45.2962
-73.6951
-92.7523
-71.4531
-49.7802
-20.6339
1.41261
35.4166
74.2783
108.656
113.887
78.3887
30.5589
-22.1286
-56.5063
-94.247
-109.941
-101.347
-55.7589
0.291598
42.1427
55.5948
53.3528
51.8581
48.8687
38.7796
24.2065
18.2278
27.9432
36.9113
27.5695
0.665268
-21.7549
-28.1073
-22.5023
-15.7762
-18.3919
-21.0076
-16.8972
-16.8972
-31.0967
-43.8015
-30.723
6.27032
55.2211
100.809
123.229
115.008
94.4565
64.1892
23.8328
-9.42383
-14.6552
18.6014
64.5629
100.062
115.756
99.3142
61.9472
12.9964
-38.1964
-75.9371
-86.3999
-55.7589
-16.5236
23.4592
43.6374
17.8541
11.8754
2.90729
-8.67649
14.1174
45.132
91.4671
120.987
126.592
109.03
61.1999
-0.0820723
-62.8587
-97.9837
-104.336
-82.2895
-46.7909
-14.2815
11.8754
19.7225
10.3807
-13.5342
-38.1964
-56.5063
-69.9584
-81.1685
-94.9943
-110.688
-120.404
-115.173
-92.3786
-53.5169
-4.19245
47.0004
86.2358
94.8302
68.2996
13.7437
-53.1433
-117.041
-167.86
-195.512
-197.754
-182.06
-159.266
-137.593
-127.504
-128.998
-135.351
-149.924
-165.244
-178.696
-192.522
-202.238
-209.711
-213.448
-217.185
-210.458
-186.544
-160.387
-120.03
-77.0582
-26.9863
5.89665
3.28096
35.7903
52.9791
52.9791
69.4206
77.2677
117.998
164.707
220.01
282.413
351.915
435.244
496.526
562.292
620.211
665.798
697.56
707.649
706.155
684.856
649.357
600.032
543.608
480.084
410.955
336.595
256.629
174.422
87.3568
2.90729
-74.8161
-142.824
-195.885
-231.384
-249.694
-252.31
-247.078
-239.231
-230.637
-223.911
-214.195
-201.864
-187.291
-171.597
-158.145
-152.913
-154.034
-168.981
-209.711
-252.683
-299.766
-335.638
-346.474
-341.243
-313.591
-282.95
-242.594
-210.085
-206.722
-204.853
-220.174
-227.647
-243.341
-240.352
-191.775
-217.932
-237.736
-236.615
-285.192
-321.439
-367.774
-402.899
-432.419
-461.939
-475.391
-486.974
-489.216
-509.768
-537.794
-571.798
-600.57
-614.396
-619.627
-602.439
-560.961
-489.59
-396.92
-287.061
-158.892
-12.0395
161.343
357.147
561.918
761.458
955.393
1142.6
1307.39
1432.2
1514.03
1571.2
1607.45
1607.07
1555.13
1452.75
1321.59
1167.26
984.539
772.294
549.213
340.332
151.254
-21.0076
-183.554
-318.075
-413.361
-472.401
-505.658
-520.605
-503.042
-469.412
-401.404
-346.848
-314.339
-300.139
-284.819
-268.004
-269.125
-284.819
-340.496
-327.791
-312.097
-298.645
-300.139
-281.829
-220.921
-118.162
-1.20308
122.482
252.519
396.008
526.419
635.157
686.35
709.144
698.308
654.588
568.27
428.144
262.234
71.6626
-144.692
-393.183
-652.884
-866.997
-1021.7
-1133.05
-1225.35
-1291.11
-1309.8
-1286.63
-1255.99
-1234.69
-1205.54
-1142.77
-1047.85
-952.941
-879.702
-823.278
-769.096
-727.992
-720.892
-747.796
-778.811
-794.131
-799.736
-813.562
-821.409
-772.832
-657.368
-483.985
-272.861
-16.1499
293.996
648.983
1021.91
1382.12
1710.58
2015.5
2279.68
2497.53
2622.34
2663.44
2659.7
2546.85
2387.67
2140.3
1839.12
1525.24
1229.67
915.41
589.196
283.907
35.4166
-178.323
-379.357
-570.677
-717.529
-809.826
-861.018
-899.133
-935.379
-958.92
-958.173
-943.973
-940.237
-952.568
-948.084
-912.959
-846.819
-779.185
-704.077
-590.481
-441.387
-263.893
-94.6207
86.6094
302.965
547.719
796.583
1007.33
1197.16
1372.78
1528.6
1629.49
1656.02
1617.91
1536.82
1402.3
1205
946.051
623.947
292.502
-68.4637
-436.529
-799.363
-1150.24
-1428.62
-1664.78
-1840.41
-1993.99
-2091.14
-2104.22
-2095.63
-2035.09
-2009.31
-1917.38
-1734.29
-1645.73
-1547.45
-1442.45
-1348.66
-1217.87
-1125.95
-1046.36
-985.824
-910.343
-826.267
-765.359
-690.998
-625.98
-533.683
-429.056
-326.67
-205.227
-53.8906
154.244
402.361
674.019
957.635
1258.44
1574.19
1883.96
2164.59
2399.63
2598.79
2749.01
2837.57
2849.15
2786
2662.69
2481.84
2236.71
1935.9
1608.94
1276.38
949.414
615.727
288.018
-13.1605
-269.125
-491.832
-689.877
-864.008
-1003.39
-1085.97
-1160.33
-1209.65
-1248.89
-1272.06
-1267.2
-1276.17
-1264.21
-1250.76
-1198.07
-1133.05
-1069.9
-956.678
-837.851
-636.443
-444.002
-284.071
18.9751
335.474
653.841
996.123
1305.9
1613.43
1861.17
2078.65
2239.32
2318.17
2334.24
2254.64
2118.25
1887.7
1578.67
1207.25
781.262
334.353
-143.198
-636.443
-1115.86
-1546.33
-1922.24
-2253.69
-2527.96
-2729
-2841.47
-2880.33
-2864.64
-2805.22
-2699.1
-2548.89
-2371.02
-2181.2
-1985.02
-1778.01
-1570.24
-1377.06
-1211.15
-1065.04
-918.937
-785.163
-660.731
-556.477
-468.291
-359.553
-252.31
-138.34
-25.118
91.0935
239.067
416.56
635.157
875.054
1136.62
1422.11
1727.4
2015.5
2281.92
2515.47
2715.38
2868.58
2948.55
3001.61
2922.02
2790.11
2591.32
2323.03
1995.32
1625.76
1243.87
845.534
455.048
69.7943
-276.224
-597.955
-860.645
-1080.36
-1242.16
-1350.9
-1401.35
-1418.16
-1411.43
-1384.16
-1337.07
-1277.29
-1220.49
-1167.8
-1115.49
-1064.3
-1017.21
-975.362
-920.432
-842.709
-730.981
-579.271
-389.447
-155.155
132.571
461.774
815.266
1190.81
1573.82
1937.77
2263.61
2538.63
2734.06
2827.85
2831.22
2742.66
2539.75
2222.14
1820.07
1351.11
819.377
242.43
-347.969
-926.784
-1471.97
-1967.46
-2391.57
-2747.31
-3024.2
-3200.57
-3283.15
-3300.71
-3246.53
-3109.77
-2922.56
-2709.57
-2458.46
-2183.44
-1924.86
-1678.61
-1428.25
-1203.67
-1022.82
-855.04
-700.714
-586.371
-495.569
-403.646
-327.791
-275.477
-215.69
-138.34
-62.1113
24.5802
151.628
308.943
481.205
691.208
944.183
1205.38
1468.82
1756.92
2055.48
2330.5
2585.72
2819.63
2994.89
3096.9
3149.58
3138
3031.5
2849.53
2611.5
2300.23
1933.66
1550.65
1150.08
720.354
296.612
-89.0156
-448.86
-767.227
-1011.98
-1197.7
-1347.91
-1446.19
-1469.35
-1442.08
-1412.93
-1346.04
-1245.53
-1182.75
-1125.58
-1060.18
-1013.1
-970.13
-967.888
-974.241
-917.443
-852.05
-756.391
-577.776
-378.236
-132.735
209.173
583.965
974.824
1412.02
1861.17
2256.51
2585.72
2875.68
3082.7
3151.08
3115.95
2982.55
2698.56
2287.53
1818.2
1279.36
648.983
-13.9079
-652.137
-1287.38
-1887.12
-2377.37
-2776.45
-3126.21
-3375.07
-3493.15
-3523.42
-3482.69
-3335.84
-3111.63
-2878.46
-2619.88
-2298.15
-1972.69
-1699.91
-1436.47
-1179.39
-994.045
-871.481
-742.191
-639.432
-618.133
-627.474
-614.022
-627.848
-666.71
-657.368
-608.791
-568.435
-488.469
-316.954
-96.489
138.55
455.796
842.918
1212.1
1617.16
2097.33
2533.03
2885.03
3229.18
3532.97
3705.61
3776.23
3817.33
3761.28
3536.71
3230.3
2895.12
2453.44
1937.02
1459.1
986.034
449.443
-49.0329
-435.034
-795.252
-1140.15
-1365.85
-1508.59
-1657.31
-1734.29
-1683.47
-1615.09
-1578.84
-1490.65
-1378.18
-1341.56
-1319.89
-1238.43
-1200.31
-1251.13
-1264.58
-1218.25
-1203.3
-1158.09
-979.472
-749.291
-538.541
-220.921
247.661
722.97
1188.94
1738.23
2276.32
2679.88
3033.75
3380.14
3561
3535.59
3432.45
3221.33
2797.59
2267.72
1728.52
1068.61
282.786
-466.049
-1150.61
-1843.4
-2474.9
-2952.08
-3336.96
-3686.71
-3880.65
-3874.67
-3808.16
-3690.45
-3423.65
-3088.84
-2794.01
-2456.96
-2036.96
-1684.96
-1449.55
-1203.67
-971.251
-869.613
-819.541
-733.223
-732.476
-854.292
-936.873
-954.81
-1029.17
-1088.96
-1027.3
-937.247
-873.723
-688.009
-357.311
-26.9863
323.516
790.978
1305.9
1746.45
2234.09
2778.16
3203.02
3516.16
3801.27
4036.3
4079.65
4036.3
3964.93
3713.83
3314
2892.5
2478.47
1927.68
1362.32
873.559
357.894
-185.423
-619.627
-903.243
-1228.34
-1496.63
-1613.22
-1679.73
-1766.05
-1770.16
-1640.12
-1580.71
-1572.11
-1507.47
-1396.86
-1375.56
-1368.09
-1279.53
-1276.91
-1340.06
-1344.55
-1241.04
-1185.74
-1097.55
-858.029
-579.271
-279.214
126.218
703.913
1237.14
1738.23
2308.83
2833.09
3239.27
3541.19
3854.7
3904.77
3771.75
3510.18
3179.1
2618.97
1924.69
1290.58
474.853
-322.56
-1192.46
-1761.94
-2499.56
-3040.64
-3511.09
-3763.32
-4001.34
-4078.69
-3900.45
-3756.96
-3489.79
-3222.61
-2748.43
-2425.95
-2010.05
-1622.56
-1261.97
-1054.95
-860.645
-680.909
-624.111
-648.4
-690.998
-759.006
-939.489
-1059.44
-1115.86
-1174.9
-1221.98
-1198.07
-1034.03
-884.186
-516.494
-140.582
291.007
784.626
1273.01
1877.61
2384.31
2942.95
3404.8
3782.96
4031.82
4193.99
4301.98
4190.26
4065.08
3754.93
3387.24
2882.04
2370.11
1883.96
1272.64
767.063
191.984
-220.174
-692.119
-970.877
-1206.66
-1437.59
-1527.27
-1663.29
-1569.5
-1644.6
-1458.52
-1443.57
-1353.89
-1338.2
-1248.14
-1212.27
-1258.98
-1215.63
-1285.51
-1291.11
-1394.62
-1260.85
-1200.68
-1085.22
-848.687
-573.292
-135.351
205.063
845.534
1373.9
1944.5
2445.22
2966.86
3439.55
3635.73
3914.11
3904.03
3799.77
3409.66
3049.81
2542.37
1791.29
1113.08
298.854
-445.871
-1350.9
-1964.47
-2573.18
-3164.32
-3587.32
-3859.35
-3954.26
-4104.85
-3897.46
-3684.47
-3390.39
-3159.84
-2702.47
-2279.47
-1952.88
-1544.46
-1210.77
-934.258
-866.25
-657.368
-575.534
-596.46
-701.835
-779.558
-878.581
-1078.87
-1139.78
-1203.3
-1227.59
-1279.16
-1140.9
-916.695
-673.436
-278.466
166.575
720.728
1163.15
1803.25
2372.35
2936.22
3379.02
3810.98
4130.1
4239.58
4347.57
4298.62
4160.74
3790.43
3431.71
2979.56
2393.28
1846.6
1287.21
764.821
135.56
-337.506
-748.544
-1101.66
-1395.74
-1570.99
-1649.09
-1750.35
-1719.34
-1669.27
-1524.66
-1452.91
-1344.17
-1221.61
-1163.69
-1113.62
-1126.7
-1102.04
-1194.71
-1249.26
-1292.61
-1255.99
-1217.13
-1122.96
-886.802
-660.731
-275.477
136.681
733.059
1274.13
1838.38
2414.2
2920.9
3383.13
3669.36
3944.76
3937.66
3815.09
3460.85
3039.73
2438.12
1718.05
966.603
122.108
-707.066
-1566.13
-2252.57
-2909.11
-3447.19
-3845.15
-4088.41
-4163.52
-4195.28
-3968.83
-3733.42
-3368.72
-3027.93
-2535.06
-2091.89
-1683.84
-1292.98
-974.614
-728.739
-610.286
-467.917
-462.312
-513.131
-651.389
-779.932
-988.814
-1205.54
-1255.24
-1396.49
-1453.29
-1473.09
-1323.62
-1121.09
-831.872
-378.984
139.297
728.575
1271.52
1977.38
2592.44
3171.26
3691.03
4153.26
4458.18
4563.18
4662.2
4568.78
4337.86
3939.9
3524.38
2956.4
2373.47
1765.88
1218.83
622.079
36.1639
-395.052
-825.146
-1097.93
-1352.02
-1475.33
-1541.85
-1618.45
-1536.61
-1462.25
-1322.13
-1272.06
-1150.99
-1116.24
-1067.66
-1102.41
-1084.47
-1142.02
-1262.34
-1327.36
-1397.98
-1365.1
-1357.63
-1178.26
-958.173
-658.115
-248.199
256.629
880.285
1420.99
2053.61
2599.17
3131.27
3527.37
3817.33
3995.2
3919.35
3735.13
3342.4
2901.84
2244.56
1508.42
722.97
-122.272
-961.162
-1806.4
-2435.29
-3054.09
-3553.31
-3917.27
-4091.4
-4151.93
-4114.94
-3853.37
-3530.52
-3172.17
-2811.2
-2266.39
-1850.87
-1443.94
-1074.01
-736.586
-538.915
-510.889
-337.506
-404.02
-508.647
-738.828
-848.687
-1114.37
-1403.59
-1504.85
-1606.49
-1673.38
-1751.47
-1513.07
-1306.43
-1016.47
-545.267
38.7796
635.905
1136.25
1925.81
2540.5
3129.78
3575.57
4102.82
4388.3
4474.62
4603.91
4553.09
4352.06
3903.28
3571.46
3052.43
2429.15
1878.36
1314.86
768.931
102.677
-275.477
-662.226
-1008.62
-1270.56
-1387.15
-1471.22
-1607.24
-1534
-1472.34
-1356.51
-1382.66
-1214.14
-1196.2
-1174.15
-1178.64
-1168.92
-1210.77
-1359.49
-1387.15
-1441.33
-1432.36
-1378.18
-1220.86
-983.956
-726.871
-266.509
205.063
803.683
1376.52
1993.08
2556.2
3054.3
3498.59
3782.58
3945.13
3901.04
3729.89
3301.67
2839.44
2185.52
1425.47
575.744
-309.481
-1098.3
-1990.62
-2616.9
-3218.5
-3632.9
-4021.9
-4141.47
-4108.21
-4036.84
-3762.57
-3413.93
-2978.61
-2638.19
-2116.18
-1603.5
-1242.54
-893.154
-603.56
-363.663
-393.557
-309.107
-328.912
-478.38
-731.728
-933.137
-1083.73
-1438.34
-1574.35
-1705.89
-1742.13
-1843.02
-1699.16
-1416.67
-1158.09
-767.601
-196.259
430.012
955.393
1646.31
2362.64
2981.81
3434.32
3938.78
4334.87
4447.34
4546.36
4546.74
4404
3988.85
3628.63
3192.56
2588.71
2008.4
1473.67
958.382
296.238
-149.55
-507.526
-845.324
-1150.99
-1300.83
-1343.05
-1502.24
-1468.61
-1359.87
-1254.87
-1273.92
-1186.86
-1090.45
-1133.05
-1153.23
-1106.89
-1121.09
-1331.84
-1344.55
-1375.56
-1368.46
-1376.68
-1183.12
-943.6
-723.508
-272.488
261.861
845.16
1388.85
1953.09
2554.7
3034.49
3436.56
3749.33
3902.53
3779.22
3584.16
3181.72
2657.46
1957.58
1210.61
425.155
-486.227
-1256.74
-2062.37
-2646.79
-3305.57
-3630.29
-3954.63
-4039.08
-4024.51
-3879.9
-3569.75
-3279.04
-2786.54
-2416.61
-1888.24
-1481.68
-1082.23
-743.686
-506.032
-282.577
-314.712
-241.099
-394.678
-533.31
-806.089
-1019.45
-1270.56
-1557.54
-1707.38
-1857.22
-1885.62
-1955.87
-1689.45
-1479.44
-1050.84
-629.343
-0.0820723
605.637
1189.68
1944.87
2589.08
3235.16
3676.09
4175.31
4445.85
4564.3
4643.14
4530.3
4349.81
3842
3532.6
2956.77
2444.1
1811.47
1313.74
717.365
119.492
-299.766
-668.578
-948.084
-1279.16
-1343.05
-1495.14
-1538.11
-1507.47
-1391.63
-1267.95
-1297.09
-1125.58
-1130.06
-1066.54
-1112.87
-1082.23
-1136.41
-1295.22
-1326.61
-1375.19
-1301.58
-1315.4
-1066.54
-839.346
-464.181
-38.9438
577.986
1253.58
1766.26
2467.64
2964.24
3500.46
3711.21
4000.43
3969.42
3723.92
3330.07
2810.67
2192.24
1305.9
526.419
-396.92
-1260.47
-2131.87
-2799.25
-3307.81
-3848.14
-4064.87
-4246.1
-4102.61
-4073.46
-3691.2
-3314.54
-2887.43
-2489.85
-1973.43
-1448.8
-1119.97
-720.518
-446.618
-222.79
-287.435
-245.583
-293.787
-520.605
-751.533
-1036.64
-1205.92
-1599.76
-1738.4
-1844.52
-1899.07
-1927.1
-1796.69
-1451.79
-1174.9
-639.432
-52.3959
651.599
1179.6
1923.2
2648.87
3239.27
3760.16
4158.12
4569.53
4563.93
4685.74
4577.38
4402.13
3927.94
3495.98
2995.63
2346.94
1795.4
1234.52
700.176
34.6693
-397.667
-735.092
-1093.44
-1311.29
-1465.99
-1498.87
-1663.29
-1532.13
-1413.68
-1296.34
-1247.39
-1146.88
-1010.11
-1111
-983.209
-1021.7
-992.177
-1198.07
-1170.79
-1163.69
-1142.77
-1045.24
-852.05
-584.502
-378.61
134.439
651.225
1278.24
1796.15
2388.79
2915.29
3250.85
3655.53
3779.22
3808.37
3481.03
3157.81
2626.45
1942.63
1238.26
361.257
-462.312
-1447.31
-2144.58
-2854.18
-3373.58
-3805.54
-4093.64
-4197.15
-4239.75
-3968.46
-3711
-3279.41
-2939
-2443.89
-2021.64
-1566.51
-1140.9
-770.217
-532.936
-402.899
-307.613
-297.15
-361.048
-499.306
-672.689
-958.546
-1227.96
-1421.15
-1617.7
-1712.24
-1818.36
-1756.71
-1670.76
-1443.94
-1051.22
-612.528
-14.2815
519.693
1184.83
1844.35
2518.83
3157.81
3673.47
4140.18
4376.72
4567.29
4613.62
4578.5
4293.76
3950.73
3464.59
2927.25
2329.75
1759.9
1222.94
576.118
37.6586
-452.597
-791.142
-1118.85
-1324
-1454.03
-1622.18
-1673.75
-1651.7
-1483.93
-1426.01
-1295.6
-1181.63
-1132.3
-1087.84
-1020.95
-903.99
-1000.02
-1038.89
-1050.84
-1026.18
-993.298
-856.908
-637.564
-475.017
-183.928
244.298
820.872
1335.42
1970.66
2524.81
3015.81
3420.12
3751.19
4018.74
3878.62
3681.32
3217.97
2688.48
1932.54
1137.37
307.449
-712.671
-1669.64
-2522.73
-3190.11
-3793.96
-4177.34
-4408.64
-4495.34
-4442.65
-4176.22
-3711
-3344.43
-2807.84
-2383.35
-1827.7
-1403.96
-951.82
-531.441
-306.118
-172.718
-189.159
-129.372
-215.316
-378.984
-569.929
-814.683
-1112.87
-1388.64
-1513.82
-1635.64
-1748.86
-1782.49
-1658.43
-1500.74
-1138.66
-654.752
-71.4531
492.789
1076.46
1808.86
2456.43
3136.51
3616.3
4072.18
4344.96
4436.88
4551.6
4460.79
4281.06
3827.42
3408.54
2912.68
2335.73
1825.67
1299.92
771.547
165.454
-247.078
-619.627
-902.122
-1202.18
-1343.05
-1485.8
-1623.31
-1569.87
-1543.34
-1377.06
-1397.61
-1241.79
-1211.52
-1149.12
-1035.52
-1002.27
-929.026
-1006.38
-966.393
-949.578
-842.709
-621.869
-421.582
-132.361
177.038
651.973
1186.69
1780.46
2321.91
2793.85
3170.14
3499.34
3716.07
3718.68
3574.82
3168.27
2658.58
1923.57
1182.96
410.955
-513.879
-1385.65
-2268.63
-2897.52
-3501.37
-3874.67
-4033.48
-4210.97
-4209.1
-4087.66
-3710.25
-3368.35
-2973.38
-2489.85
-2112.07
-1739.89
-1369.58
-943.6
-693.988
-564.698
-439.892
-379.357
-394.678
-452.597
-510.889
-675.304
-927.532
-1125.58
-1195.45
-1297.09
-1380.42
-1418.91
-1396.11
-1281.02
-1094.19
-690.998
-261.278
186.006
705.407
1269.65
1922.08
2513.97
3078.21
3561.74
3894.68
4102.82
4229.49
4311.7
4235.84
3963.81
3540.82
3108.11
2575.63
2015.5
1474.42
952.777
357.52
-231.758
-631.959
-976.856
-1263.09
-1585.94
-1665.53
-1804.91
-1871.05
-1786.6
-1578.47
-1420.78
-1378.55
-1262.71
-1065.42
-990.682
-860.271
-730.234
-678.294
-732.102
-699.967
-516.121
-357.685
-208.964
65.3102
397.877
721.102
1184.08
1807.73
2367.49
2765.45
3130.15
3467.95
3643.58
3658.9
3553.52
3239.64
2624.95
1966.92
1280.49
496.899
-350.211
-1253.75
-2055.27
-2845.58
-3436.73
-3780.88
-4061.88
-4214.71
-4261.42
-4107.84
-3826.84
-3483.44
-3061.56
-2678.18
-2325.06
-1946.53
-1539.6
-1178.26
-885.681
-670.447
-569.182
-540.409
-499.679
-452.597
-501.548
-618.133
-735.839
-868.865
-995.913
-1040.75
-1027.3
-1067.28
-1113.99
-1025.43
-835.982
-579.271
-202.611
277.181
706.528
1141.11
1714.69
2338.35
2854.76
3251.6
3651.05
3868.9
3989.22
4109.92
4133.83
3966.8
3543.43
3179.85
2720.61
2185.89
1678.82
1137
572.754
-129.746
-587.118
-903.617
-1240.67
-1528.39
-1730.55
-1815
-1918.88
-1838.54
-1619.2
-1452.54
-1405.46
-1260.1
-1072.14
-930.147
-750.786
-631.959
-564.698
-680.162
-600.197
-378.236
-213.074
-15.7762
186.753
555.566
855.623
1344.38
1906.01
2453.06
2908.57
3229.18
3597.62
3781.09
3928.69
3762.4
3405.55
2866.34
2216.53
1448.64
619.837
-247.452
-1122.21
-2057.51
-2824.66
-3410.2
-3829.46
-4128.77
-4268.52
-4305.14
-4216.58
-3953.51
-3533.88
-3149
-2811.2
-2413.62
-2021.26
-1691.69
-1404.71
-1047.85
-817.299
-761.996
-754.149
-650.642
-541.53
-617.385
-637.564
-694.361
-736.586
-903.243
-857.282
-817.299
-877.46
-931.642
-859.15
-702.956
-629.717
-278.84
156.859
526.419
807.419
1305.9
1981.87
2458.29
2908.57
3314.75
3702.62
3812.85
3925.32
4071.43
4012.76
3744.09
3349.12
2998.62
2431.02
1902.27
1444.15
884.395
174.048
-417.472
-753.401
-1130.06
-1474.21
-1739.89
-1844.14
-2038.83
-2029.49
-1857.6
-1631.9
-1467.86
-1433.11
-1211.89
-1073.64
-821.409
-704.451
-559.466
-562.83
-568.061
-391.315
-198.875
30.5589
215.899
582.47
920.268
1354.85
1952.72
2541.62
3063.27
3394.34
3761.28
3949.24
4061.71
3952.6
3579.31
3015.06
2273.33
1546.91
675.514
-172.344
-1096.06
-1954.38
-2719.65
-3381.8
-3789.47
-4077.95
-4146.7
-4220.31
-4149.69
-3921
-3583.58
-3182.26
-2888.55
-2551.88
-2279.1
-1987.63
-1736.15
-1483.55
-1249.64
-1116.61
-1036.64
-1000.4
-840.84
-723.881
-652.884
-650.268
-644.663
-634.948
-635.695
-526.21
-504.911
-543.772
-607.296
-562.83
-502.295
-412.614
-123.02
173.675
507.736
797.33
1354.47
1972.9
2510.61
2954.53
3320.73
3698.88
3859.93
4096.84
4099.83
4012.02
3553.15
3208.62
2697.82
2135.82
1525.99
963.987
353.036
-429.056
-867.744
-1160.7
-1384.53
-1774.27
-1854.61
-1854.61
-1860.21
-1769.04
-1459.26
-1238.8
-1231.33
-1134.55
-935.379
-834.488
-789.647
-688.756
-675.304
-757.885
-704.824
-511.263
-268.377
-60.9903
270.455
671.777
1147.83
1750.19
2428.03
3041.59
3487.38
3800.14
4079.28
4207.07
4171.2
3843.49
3269.91
2567.78
1773.36
998.365
19.7225
-807.584
-1758.95
-2498.07
-3251.76
-3627.67
-3894.85
-4055.9
-4088.03
-4043.94
-3795.82
-3604.88
-3153.11
-2878.84
-2625.86
-2496.95
-2185.68
-1925.23
-1781.37
-1581.08
-1365.47
-1223.85
-1212.64
-1000.77
-707.814
-590.481
-549.377
-407.383
-250.067
-276.598
-238.484
-158.892
-280.708
-494.074
-539.662
-492.206
-618.506
-596.46
-260.904
57.4632
305.954
699.055
1484.88
2074.16
2663.07
3145.47
3756.05
3965.31
4170.45
4304.23
4259.39
3861.8
3365.19
3007.59
2325.64
1629.49
935.962
488.679
-237.736
-819.167
-1099.79
-1229.46
-1400.6
-1603.5
-1516.06
-1522.79
-1434.6
-1292.61
-1033.28
-1001.14
-1044.12
-965.646
-899.133
-862.887
-950.699
-875.965
-927.158
-869.986
-759.38
-433.54
-95.368
272.697
717.365
1256.2
1832.02
2400.38
2982.93
3491.87
3798.65
3935.04
4004.17
3997.44
3707.47
3150.71
2491.18
1788.68
975.197
135.934
-637.937
-1399.85
-2137.85
-2714.05
-3093.32
-3384.79
-3610.11
-3711.75
-3750.24
-3703.9
-3581.34
-3361.99
-3122.47
-2948.34
-2831.01
-2620.63
-2358.32
-2150.18
-2002.58
-1773.15
-1477.2
-1317.64
-1027.3
-759.754
-401.778
-304.25
-115.546
-40.8121
47.7477
-8.30282
-129.372
-249.32
-498.185
-621.122
-831.125
-850.182
-1013.85
-868.492
-577.776
-88.2683
342.2
866.086
1655.28
2326.39
3017.31
3440.3
3974.65
4137.57
4244.81
4166.34
3978.39
3611.07
3000.49
2506.87
1795.78
1272.64
646.368
338.463
-170.849
-498.932
-720.892
-748.917
-752.654
-912.959
-827.388
-1013.1
-949.578
-1108.76
-1029.54
-1248.89
-1394.62
-1451.42
-1522.79
-1464.5
-1549.32
-1275.05
-1276.17
-964.899
-781.8
-245.21
121.361
548.84
1052.17
1490.86
2065.57
2396.27
2966.86
3217.22
3522.13
3544.55
3625.64
3522.88
3305.78
2939.58
2351.43
1807.73
1074.97
570.512
-195.138
-786.284
-1551.93
-2075.82
-2616.9
-2969.27
-3277.54
-3524.17
-3636.27
-3660.93
-3513.33
-3441.96
-3221.87
-3096.31
-2879.96
-2761.51
-2503.3
-2266.39
-2038.83
-1817.24
-1584.07
-1245.9
-999.276
-680.162
-497.437
-265.388
-263.52
-152.913
-103.589
-74.8161
-245.957
-495.943
-679.415
-921.927
-1047.11
-1222.73
-1154.35
-1258.6
-1012.73
-617.012
-77.8055
484.195
1048.06
1860.42
2485.95
3197.79
3575.2
4056.11
4107.3
4128.97
3949.61
3768.01
3410.03
2818.89
2397.39
1760.65
1453.5
971.087
855.249
434.496
192.732
-12.0395
-66.5954
-159.266
-449.981
-585.623
-943.6
-1118.85
-1440.21
-1463.37
-1656.56
-1823.22
-1884.5
-1889.73
-1689.45
-1634.52
-1298.21
-1143.51
-857.282
-643.169
-144.319
222.252
621.332
929.236
1302.16
1673.96
1966.17
2488.19
2801.32
3095.03
3145.47
3333.43
3355.1
3280.37
2996.38
2552.46
1963.93
1249.85
725.959
-12.7869
-667.457
-1480.94
-2000.34
-2529.46
-2904.25
-3124.71
-3283.52
-3325
-3381.8
-3207.29
-3094.45
-2904.99
-2807.09
-2634.08
-2528.71
-2356.82
-2120.66
-1944.29
-1730.55
-1643.11
-1269.44
-1036.27
-669.699
-519.11
-294.161
-180.938
-103.215
5.14931
-33.7124
-186.544
-485.106
-652.51
-955.183
-1096.06
-1328.48
-1348.28
-1440.58
-1275.79
-783.669
-249.694
390.03
957.261
1751.68
2438.12
3110.72
3614.43
4011.64
4107.3
4001.93
3911.87
3649.93
3366.31
2789.74
2425.04
1872.01
1509.55
1225.93
1090.66
848.523
501.757
337.342
201.7
50.7371
-250.815
-419.714
-818.794
-1136.04
-1499.99
-1588.55
-1784.36
-2020.89
-2106.46
-2107.58
-1952.88
-1786.23
-1442.08
-1232.82
-940.237
-713.792
-226.526
74.652
392.645
640.762
901.584
1210.24
1461.72
1940.76
2227.37
2544.99
2669.42
2948.18
3037.86
3068.5
2923.51
2619.72
2147.77
1567.09
1090.66
435.991
-227.274
-1023.56
-1602.75
-2145.32
-2499.19
-2765.62
-2928.54
-3052.59
-3119.11
-3058.95
-2848.57
-2684.53
-2592.98
-2574.67
-2492.84
-2339.26
-2148.31
-1937.19
-1739.89
-1581.08
-1403.96
-1040.01
-739.576
-359.553
-259.409
-68.8374
-35.2071
22.3381
42.89
-61.7377
-332.649
-771.711
-1021.32
-1298.59
-1394.62
-1663.66
-1599.39
-1634.14
-1418.91
-970.504
-318.075
453.927
1011.44
1784.94
2370.86
3114.83
3475.43
3915.24
3873.38
3784.45
3615.18
3485.51
3293.45
2775.91
2466.89
2062.95
1891.06
1608.19
1642.95
1494.23
1230.04
971.087
749.874
671.777
153.87
-146.561
-827.388
-1240.29
-1829.95
-1947.65
-2148.31
-2353.46
-2459.21
-2431.18
-2075.45
-1954.38
-1464.5
-1248.51
-902.869
-819.541
-413.735
-75.1898
100.809
229.725
335.474
666.919
877.296
1425.84
1784.57
2213.54
2453.81
2859.24
3184.71
3230.67
3335.3
3006.84
2637.66
1890.69
1363.81
688.219
79.5097
-788.526
-1402.09
-1937.56
-2272.37
-2357.94
-2534.69
-2524.22
-2693.87
-2597.09
-2531.32
-2407.27
-2388.96
-2384.1
-2491.34
-2533.94
-2383.35
-2275.73
-2017.9
-1978.29
-1593.04
-1356.88
-773.953
-313.591
5.52298
88.4778
133.318
157.233
113.514
-110.688
-369.268
-784.416
-1290.37
-1619.94
-1777.63
-1786.97
-1832.56
-1829.95
-1529.14
-1164.07
-492.58
255.135
848.897
1358.96
1777.84
2405.23
2911.56
3112.22
3263.55
3151.08
2983.68
2882.78
2883.91
2969.85
2809.92
2669.42
2653.72
2642.89
2698.56
2655.22
2506.87
2103.68
1529.35
1158.67
730.443
85.1148
-604.307
-1284.76
-1868.43
-2308.24
-2442.02
-2384.47
-2421.47
-2355.33
-2096.75
-1714.11
-1329.23
-1079.62
-940.237
-1002.64
-1086.72
-1013.1
-945.468
-908.101
-917.816
-790.395
-423.077
53.3528
791.352
1646.31
2354.41
2901.84
3349.12
3800.89
4009.77
3846.11
3473.18
2822.62
2028.57
1339.53
681.866
22.7118
-648.4
-1153.98
-1359.12
-1503.73
-1519.43
-1453.29
-1547.82
-1742.88
-1972.31
-2125.52
-2306
-2620.26
-2905.37
-3138.17
-3217.38
-3095.94
-2758.52
-2262.28
-1817.61
-1268.69
-622.617
-91.6313
337.342
570.139
566.402
302.591
-103.589
-444.75
-890.538
-1406.2
-1767.92
-2013.04
-2087.03
-2017.9
-1820.23
-1428.25
-1111
-822.53
-476.885
-257.167
-39.6911
163.212
322.769
484.568
591.812
887.011
1308.51
1636.59
2050.25
2523.69
3012.82
3476.92
3821.07
4173.44
4346.45
4258.26
4093.1
3771
3358.09
2891.38
2352.17
1804
1186.32
674.019
354.157
-2.69776
-388.325
-718.276
-1040.01
-1354.64
-1616.21
-1776.51
-1962.22
-2263.4
-2532.82
-2675.56
-2731.24
-2758.14
-2710.31
-2586.63
-2468.17
-2169.99
-1709.25
-1276.54
-782.548
-278.466
242.804
764.074
1270.4
1936.28
2437.74
2791.61
3033.37
3289.71
3469.07
3431.71
3309.89
3013.94
2651.48
2107.04
1771.86
1239.38
796.583
184.137
-306.865
-793.758
-1257.86
-1562.77
-1909.54
-2266.39
-2621.38
-2677.8
-2804.48
-2742.82
-2800.37
-2596.72
-2460.33
-2271.62
-1906.17
-1614.34
-1337.45
-1195.45
-903.243
-761.622
-556.851
-577.029
-515.747
-665.589
-799.736
-792.263
-747.049
-786.658
-899.506
-809.078
-802.726
-682.404
-674.183
-614.77
-803.1
-985.451
-1065.42
-1166.31
-1349.78
-1467.49
-1452.16
-1375.56
-988.066
-385.336
361.257
991.639
1662.75
2471.37
3127.91
3742.6
4052.75
4319.92
4174.19
4056.86
3907.76
3844.61
3595
3401.06
3238.52
3049.44
2947.8
2806.18
2667.55
2053.61
1420.24
720.728
54.1001
-796.747
-1655.07
-2434.54
-3154.98
-3658.69
-3857.11
-3783.12
-3730.06
-3558.17
-3317.53
-2952.08
-2561.59
-2195.77
-1874.04
-1920.75
-1823.59
-1668.89
-1199.94
-826.641
-233.626
421.044
1227.8
2031.94
2996.75
3934.29
4434.26
4712.65
4675.65
4605.03
4173.07
3637.97
2881.66
1970.66
1086.92
534.64
142.66
-234.747
-502.295
-725.75
-882.318
-1155.84
-1270.19
-1490.65
-1987.26
-2557.11
-3108.27
-3324.63
-3572.37
-3555.18
-3552.94
-3293.61
-2914.71
-2168.12
-1429.37
-796.373
-366.279
-63.9797
193.105
219.262
312.68
135.934
-90.884
-467.17
-600.944
-570.303
-500.8
-454.839
-415.603
-368.147
-302.008
-180.938
-166.365
-419.34
-868.118
-1288.5
-1639.37
-1949.89
-2086.66
-2121.41
-2045.18
-1812.01
-1203.67
-278.466
674.766
1574.19
2371.6
3081.95
3657.4
4054.61
4272.09
4224.63
4000.81
3770.25
3671.23
3694.02
3726.16
3710.09
3615.93
3477.67
3322.22
3085.69
2595.43
1734.87
685.603
-395.052
-1349.03
-2305.25
-3168.43
-3855.61
-4392.58
-4599.96
-4565.96
-4158.66
-3771.54
-3414.68
-3119.48
-2807.09
-2554.87
-2297.41
-2098.61
-2023.13
-1874.04
-1527.65
-810.947
-65.4744
821.245
1728.89
2572.64
3363.32
4076.29
4751.51
5000
4888.65
4482.47
4076.66
3527.37
2964.24
2316.67
1691.9
1092.53
640.389
405.35
85.8621
-252.31
-773.206
-1311.29
-1973.06
-2474.9
-2842.59
-3240.55
-3716.23
-4006.2
-3950.15
-3660.93
-3193.09
-2638.94
-2019.77
-1564.27
-1041.13
-557.224
-167.486
-26.239
-20.2603
-14.6552
-31.4704
72.7836
267.466
399.371
388.535
317.911
327.627
328.374
272.697
116.129
-195.512
-631.211
-983.209
-1146.88
-1253.37
-1434.6
-1625.92
-1711.87
-1717.1
-1649.46
-1515.32
-1444.32
-1435.35
-1403.21
-1205.92
-782.548
-194.391
547.719
1260.31
1945.25
2752
3552.4
4185.03
4519.09
4580.74
4477.98
4220.52
3955.59
3767.64
3516.9
3177.61
2783.01
2425.41
2157.86
1810.35
1339.53
652.72
-245.957
-1137.53
-1956.25
-2701.72
-3427.01
-4073.46
-4522.99
-4720.66
-4569.7
-4095.88
-3530.15
-3028.68
-2571.68
-2106.84
-1621.44
-1218.99
-917.069
-727.244
-587.492
-268.377
247.288
945.677
1740.47
2508.37
3233.29
3814.34
4331.5
4736.94
4768.32
4437.63
3864.04
3220.21
2543.87
1823.43
1203.14
635.531
70.5416
-380.105
-636.816
-800.857
-1072.52
-1464.87
-1901.32
-2358.69
-2768.61
-3042.13
-3225.98
-3376.57
-3383.67
-3144.52
-2695.37
-2116.55
-1476.83
-916.695
-504.911
-147.682
218.141
475.974
551.082
548.84
549.587
556.687
607.879
759.963
931.478
973.703
874.68
741.28
572.007
314.175
-6.43447
-408.504
-827.762
-1172.29
-1383.04
-1433.85
-1459.26
-1435.72
-1397.98
-1454.41
-1510.83
-1579.21
-1677.49
-1853.11
-2059.38
-2066.11
-1883.75
-1478.32
-759.006
179.653
1198.28
2129.84
2976.95
3693.28
4137.94
4278.07
4129.35
3769.5
3379.02
3090.92
2922.39
2834.58
2786.38
2792.73
2711.27
2483.33
2170.57
1648.18
846.655
-233.626
-1354.26
-2306.75
-3140.03
-3743.88
-4061.88
-4113.82
-3881.77
-3425.52
-2796.26
-2148.31
-1693.93
-1410.31
-1299.33
-1292.61
-1205.54
-1076.25
-904.738
-655.126
-210.832
483.821
1240.88
2017.36
2734.44
3218.71
3426.1
3441.79
3352.86
3121.19
2731.07
2256.14
1787.18
1404.17
1148.95
969.219
746.137
430.76
41.3953
-386.457
-835.609
-1282.14
-1722.7
-2174.1
-2562.34
-2728.25
-2634.83
-2411.38
-2155.41
-1860.21
-1541.85
-1261.22
-1010.49
-753.401
-531.441
-383.841
-244.089
-26.6127
280.544
631.794
958.756
1195.29
1347.75
1452
1460.22
1293.56
987.155
643.004
273.818
-125.262
-455.96
-643.169
-768.722
-909.969
-1029.54
-1099.42
-1209.28
-1431.61
-1730.92
-2032.47
-2296.66
-2499.56
-2629.23
-2674.07
-2600.45
-2397.18
-2117.3
-1798.56
-1411.43
-966.767
-526.21
-53.5169
559.676
1265.91
1884.34
2363.38
2797.21
3200.4
3481.4
3595.37
3583.79
3498.22
3391.35
3291.58
3191.06
3068.87
2904.08
2630.93
2200.46
1679.57
1153.81
552.576
-219.053
-1054.21
-1737.28
-2220.06
-2577.29
-2808.96
-2883.32
-2846.33
-2742.82
-2549.26
-2281.71
-2032.1
-1860.96
-1746.62
-1637.13
-1463.75
-1179.01
-824.025
-455.586
-44.5488
446.828
953.524
1401.93
1795.78
2112.28
2271.83
2279.68
2249.04
2208.68
2073.04
1835.01
1590.26
1380.26
1178.1
966.603
733.433
456.169
147.891
-157.397
-453.344
-717.155
-908.848
-1054.95
-1204.42
-1298.59
-1260.47
-1138.66
-1016.09
-877.834
-697.351
-512.384
-355.816
-191.401
-0.455743
175.169
317.911
463.269
623.574
775.284
885.143
918.773
842.918
680.745
497.647
312.68
108.282
-100.599
-291.171
-474.27
-636.816
-743.312
-833.74
-994.792
-1225.72
-1454.03
-1658.06
-1864.32
-2053.4
-2202.49
-2324.68
-2399.79
-2362.05
-2212.58
-2015.66
-1813.5
-1627.04
-1477.95
-1340.44
-1161.08
-950.699
-750.412
-513.879
-127.504
460.28
1205
1992.7
2688.1
3193.68
3513.91
3695.52
3734.01
3608.08
3377.52
3146.6
2978.07
2890.63
2875.68
2843.18
2657.46
2280.43
1763.27
1146.71
455.796
-282.203
-1022.82
-1699.91
-2225.29
-2508.9
-2578.03
-2567.57
-2519.37
-2434.17
-2341.13
-2231.64
-2119.91
-2054.89
-2018.65
-1949.52
-1782.12
-1488.04
-1099.05
-645.784
-168.607
273.071
659.446
994.628
1256.94
1413.14
1473.67
1517.39
1617.91
1782.7
1965.8
2101.07
2148.9
2116.39
2014.37
1825.3
1532.34
1164.65
786.12
450.564
193.853
25.7012
-83.0369
-170.102
-243.341
-310.976
-399.536
-518.736
-646.905
-767.227
-861.392
-895.396
-828.883
-663.347
-441.76
-212.327
-8.30282
153.496
263.729
294.744
218.141
54.4738
-123.393
-265.014
-374.873
-458.202
-503.042
-513.505
-500.053
-500.427
-564.324
-720.892
-967.141
-1233.94
-1451.42
-1617.7
-1751.47
-1834.43
-1841.53
-1754.46
-1605
-1473.46
-1411.43
-1402.47
-1407.7
-1400.6
-1365.1
-1275.05
-1121.84
-937.994
-750.038
-544.893
-299.018
-31.844
209.921
417.681
655.709
1010.7
1509.92
2059.59
2502.39
2759.85
2891.38
2983.3
3023.28
2920.15
2660.08
2364.88
2181.41
2117.51
2061.46
1923.95
1702.36
1400.81
989.397
467.006
-104.336
-655.126
-1176.4
-1669.64
-2075.82
-2302.26
-2332.91
-2265.27
-2211.46
-2184.18
-2114.68
-1968.58
-1794.07
-1659.18
-1559.78
-1423.39
-1194.71
-880.076
-526.584
-166.739
192.358
552.576
893.737
1185.2
1401.56
1549.53
1666.11
1783.07
1901.53
1999.8
2043.15
2022.6
1952.72
1848.09
1705.72
1515.52
1290.58
1067.12
873.185
695.318
516.33
352.663
214.405
66.0576
-118.909
-302.008
-433.166
-537.42
-682.778
-880.823
-1051.59
-1109.51
-1067.66
-1019.45
-995.54
-928.279
-776.943
-620.375
-567.687
-620.375
-683.151
-703.33
-725.002
-790.768
-855.413
-846.072
-754.896
-642.048
-554.235
-494.074
-449.607
-428.308
-450.355
-515.373
-597.955
-660.731
-686.888
-706.319
-744.807
-776.569
-774.327
-737.334
-713.045
-748.544
-811.32
-847.94
-839.719
-777.316
-698.472
-640.553
-575.534
-485.48
-409.625
-387.952
-405.514
-404.02
-354.695
-269.498
-105.831
230.472
775.284
1395.95
1875.37
2112.28
2198.97
2261
2281.55
2148.9
1873.87
1642.57
1635.47
1821.19
2000.55
2022.6
1891.44
1668.36
1345.13
876.922
297.359
-269.498
-719.397
-1041.5
-1273.18
-1423.39
-1480.56
-1483.18
-1522.04
-1645.73
-1800.05
-1884.13
-1872.54
-1820.23
-1754.84
-1607.24
-1296.72
-861.018
-439.518
-125.635
132.197
432.628
774.163
1050.68
1197.9
1300.29
1499.46
1815.21
2113.4
2258.38
2258.01
2226.62
2218.02
2161.6
1969.53
1667.61
1376.89
1176.98
1019.66
811.156
520.067
202.074
-84.9052
-341.617
-596.086
-850.556
-1080.74
-1273.92
-1430.12
-1540.72
-1580.33
-1547.82
-1491.4
-1462.63
-1450.67
-1392.75
-1254.49
-1083.35
-951.82
-864.755
-748.917
-541.904
-274.356
-41.9331
100.062
188.995
287.644
400.119
468.127
451.312
376.204
307.822
275.313
264.85
240.188
178.532
77.2677
-60.9903
-234.747
-438.771
-646.905
-831.125
-991.056
-1128.94
-1239.92
-1307.18
-1319.89
-1322.5
-1359.87
-1400.6
-1381.17
-1262.71
-1094.56
-964.899
-862.887
-757.885
-651.016
-506.032
-342.364
-209.337
-66.2217
163.586
531.277
1026.76
1528.23
1888.07
2045.39
2046.88
2002.04
1962.06
1894.05
1767
1633.23
1594.74
1684.42
1798.77
1778.21
1544.67
1163.53
758.469
388.535
28.6905
-355.069
-723.881
-984.33
-1080.74
-1064.3
-1059.81
-1156.22
-1333.34
-1494.02
-1562.4
-1536.99
-1460.39
-1357.25
-1211.15
-998.155
-719.771
-414.109
-135.351
83.6201
246.167
392.645
567.897
778.273
994.255
1181.84
1334.29
1470.31
1593.62
1674.33
1672.47
1587.64
1463.21
1342.89
1237.14
1128.78
1001.35
848.897
668.414
459.906
252.145
76.1467
-84.5316
-276.224
-504.163
-718.65
-869.613
-941.358
-970.504
-1017.59
-1098.3
-1165.19
-1167.43
-1104.28
-1017.59
-945.094
-887.549
-808.705
-680.162
-516.868
-361.795
-234.373
-118.909
11.5017
155.365
273.818
326.506
318.659
298.107
311.559
359.389
396.382
378.446
302.591
203.568
114.635
37.6586
-53.1433
-178.696
-325.175
-457.081
-558.345
-649.521
-760.875
-888.67
-985.077
-1014.22
-986.198
-950.699
-946.589
-964.525
-962.283
-911.09
-829.63
-757.138
-704.824
-640.927
-531.441
-387.952
-255.673
-165.618
-101.72
-29.602
63.0682
168.817
284.655
426.276
611.243
825.729
1018.54
1125.79
1116.44
1015.18
887.385
795.462
773.415
819.751
916.157
1032.37
1121.3
1122.8
992.386
738.664
428.891
151.628
-36.3281
-141.703
-202.985
-250.441
-286.314
-309.107
-337.133
-404.02
-523.22
-662.599
-760.875
-771.711
-696.977
-574.04
-436.155
-290.798
-130.867
27.9432
145.649
198.337
207.679
234.957
330.99
488.679
657.204
786.494
857.491
892.243
911.3
915.036
891.122
839.929
794.341
766.316
753.611
735.675
664.677
538.003
393.766
255.135
156.486
92.5882
4.77564
-83.0369
-153.287
-201.49
-220.548
-251.936
-303.502
-367.774
-427.561
-472.401
-503.416
-513.131
-513.505
-489.59
-432.792
-349.09
-258.288
-191.775
-164.871
-165.992
-161.508
-137.219
-82.2895
-3.07143
78.3887
159.475
229.725
276.434
297.359
285.776
239.067
174.796
112.019
66.0576
40.2743
23.0855
5.14931
-17.6446
-44.1752
-77.8055
-131.614
-216.811
-330.78
-452.97
-549.377
-597.207
-593.097
-559.84
-522.847
-494.074
-484.732
-491.458
-512.384
-551.246
-583.755
-591.602
-568.061
-510.516
-452.223
-422.329
-413.735
-428.308
-445.123
-450.728
-466.796
-462.312
-430.55
-379.357
-316.954
-280.708
-268.751
-278.093
-292.666
-297.897
-291.919
-258.288
-208.216
-131.614
-32.2177
68.6733
151.254
197.59
212.163
219.262
245.793
294.744
369.852
469.621
582.844
700.923
799.572
851.139
853.007
816.014
761.458
719.607
703.913
708.397
720.728
725.586
712.133
667.667
584.712
465.885
329.121
201.7
97.4459
18.9751
-39.3175
-89.3893
-140.956
-195.885
-256.794
-322.933
-394.678
-458.576
-501.174
-515
-485.106
-426.814
-354.322
-264.267
-175.333
-93.8733
-17.2709
35.0429
87.7304
155.738
218.515
317.538
441.223
555.939
677.382
776.405
835.445
850.018
829.84
784.626
730.817
696.439
677.008
672.898
666.172
634.784
569.391
466.632
336.221
187.127
37.285
-99.1047
-212.7
-302.381
-377.115
-451.849
-537.42
-629.343
-718.65
-794.879
-857.282
-906.98
-945.094
-963.404
-958.173
-929.4
-884.933
-835.982
-786.658
-736.586
-685.02
-634.948
-585.623
-530.694
-461.191
-374.126
-279.961
-191.401
-114.052
-67.3427
-50.9012
-49.0329
-44.9225
-28.481
-5.31346
19.3488
58.9578
91.4671
112.393
101.183
74.2783
32.4272
-13.9079
-9.42383
-42.6805
-49.4065
-47.9119
-44.9225
-41.5595
-37.0754
-45.6698
-57.6273
-82.6632
-97.9837
-107.699
-100.973
-84.1579
-53.5169
-22.5023
2.90729
20.0961
20.4698
2.53362
-24.7443
-48.2855
-54.2643
-38.9438
-7.55548
24.9538
47.7477
50.7371
36.5376
10.007
-17.2709
-36.3281
-39.6911
-24.7443
8.88601
51.4844
91.0935
116.877
125.471
123.603
119.866
122.482
134.439
157.607
195.347
249.53
314.922
378.82
428.891
458.038
473.358
484.568
499.515
522.309
552.203
592.933
637.026
678.877
708.023
709.891
685.229
644.125
596.296
554.818
523.43
487.184
461.774
434.496
400.866
354.531
288.391
209.173
132.571
57.4632
-6.43447
-52.7696
-88.2683
-115.546
-140.582
-172.344
-204.106
-244.462
-284.445
-323.307
-348.716
-363.663
-365.905
-363.663
-355.816
-349.837
-344.98
-341.99
-341.243
-340.869
-340.869
-337.133
-331.154
-321.065
-304.623
-284.071
-258.662
-225.405
-193.643
-167.486
-146.187
-142.824
-140.956
-136.845
-124.141
-98.3574
-55.3853
-5.68713
47.3741
86.2358
100.062
88.8515
57.4632
20.8435
-9.42383
-19.8866
-7.18181
20.8435
47.3741
55.5948
36.1639
-12.4132
-84.5316
-171.97
-251.562
-309.855
-334.891
-341.243
-334.891
-336.385
-350.585
-390.194
-450.355
-524.341
-593.097
-646.158
-672.689
-669.699
-645.037
-605.054
-570.677
-542.651
-533.31
-529.947
-530.694
-516.494
-483.985
-426.814
-351.706
-265.014
-179.817
-104.336
-44.9225
-1.57675
33.5483
69.4206
115.756
176.29
248.409
322.769
389.656
438.981
467.379
475.6
469.621
465.885
471.116
494.657
533.893
579.481
625.068
652.72
663.183
648.61
618.716
586.954
558.181
544.729
545.477
562.665
580.228
589.196
586.58
562.665
522.309
472.611
419.923
375.083
353.784
330.99
317.538
310.064
284.281
251.398
198.711
142.286
91.8408
41.0217
7.39133
-7.55548
-15.7762
-23.997
-35.2071
-57.2536
-86.3999
-121.899
-154.408
-173.091
-177.949
-165.618
-140.956
-111.436
-87.5209
-70.7058
-61.364
-62.8587
-57.6273
-46.0435
-22.876
18.9751
66.0576
114.635
154.244
175.543
180.774
168.817
148.639
129.582
117.25
116.129
119.866
125.097
116.877
79.5097
15.2384
-70.7058
-170.849
-266.509
-343.111
-393.931
-427.561
-446.244
-462.686
-498.185
-548.256
-616.264
-700.714
-778.811
-832.993
-855.04
-834.861
-784.416
-731.728
-659.236
-595.339
-561.709
-543.399
-541.904
-536.673
-512.758
-459.323
-380.105
-281.082
-175.707
-93.8733
-37.4491
-16.8972
-24.7443
-41.9331
-57.6273
-56.1326
-35.2071
0.665268
38.406
63.4419
64.5629
37.285
-14.2815
-73.6951
-127.13
-163.376
-173.091
-164.871
-140.956
-116.294
-102.841
-99.1047
-109.194
-120.03
-128.251
-119.283
-80.0475
-21.0076
62.3209
155.738
246.167
321.648
373.215
415.066
443.838
475.227
520.067
582.844
656.457
728.201
796.209
836.566
846.281
833.95
797.33
751.369
709.891
676.635
650.852
630.3
604.89
571.26
523.056
454.675
376.951
296.986
218.889
157.607
122.482
104.919
102.304
107.535
113.514
109.403
94.8302
79.8834
66.4312
66.8049
88.1041
124.724
175.169
230.846
274.192
303.338
317.164
308.196
289.886
273.445
261.861
259.245
260.74
259.245
245.793
216.273
169.564
109.777
35.7903
-40.4385
-108.82
-170.476
-218.306
-259.783
-293.787
-324.054
-362.542
-407.756
-459.697
-510.889
-553.861
-587.118
-599.449
-595.339
-575.534
-548.256
-523.594
-504.163
-492.206
-481.369
-474.643
-461.565
-439.892
-412.24
-371.884
-339.375
-297.524
-254.178
-241.099
-229.142
-218.679
-218.679
-213.448
-210.085
-204.106
-192.522
-182.433
-173.091
-167.113
-171.97
-182.807
-198.875
-218.679
-235.494
-244.462
-245.957
-237.363
-226.9
-219.053
-219.053
-226.9
-238.11
-253.431
-262.772
-263.52
-252.31
-230.637
-209.711
-186.544
-174.96
-172.718
-174.96
-184.302
-187.291
-179.07
-161.134
-131.24
-91.6313
-53.5169
-23.6233
-0.829413
8.51234
12.9964
24.2065
43.2637
79.5097
137.055
204.689
271.576
332.111
376.578
401.987
416.56
425.902
444.212
483.447
534.64
591.438
650.104
693.45
715.497
714.749
689.34
659.072
631.794
612.364
611.243
616.848
619.09
610.869
582.096
532.398
462.895
390.03
322.395
267.466
234.209
214.031
200.579
184.137
154.617
111.645
53.3528
-5.68713
-57.2536
-90.5103
-100.226
-92.3786
-75.1898
-59.8693
-56.5063
-70.7058
-98.731
-130.119
-154.408
-161.881
-150.298
-122.272
-88.2683
-60.9903
-52.3959
-63.9797
-89.3893
-115.173
-137.593
-145.813
-132.735
-108.073
-77.0582
-53.8906
-49.0329
-61.7377
-87.1472
-119.657
-144.692
-153.661
-147.682
-124.888
-99.4784
-83.0369
-82.6632
-109.941
-147.682
-198.501
-233.626
-245.957
-265.014
-259.783
-239.605
-236.989
-249.32
-283.698
-332.275
-393.183
-448.486
-480.996
-495.195
-490.337
-478.38
-466.423
-469.412
-493.327
-528.078
-565.819
-593.47
-600.944
-581.887
-540.783
-485.48
-429.429
-383.468
-351.706
-332.649
-317.702
-292.292
-248.946
-184.302
-102.094
-14.2815
69.4206
137.429
183.016
208.426
217.394
224.867
240.188
267.092
310.064
347.058
379.567
388.909
377.325
344.442
299.975
253.266
217.394
193.853
185.632
185.258
181.522
169.938
144.528
109.777
71.6626
32.4272
8.51234
1.78628
10.3807
30.1852
47.3741
65.6839
70.1679
74.652
69.7943
71.6626
80.6307
108.282
142.66
183.016
225.615
259.992
280.918
291.381
299.228
302.217
309.317
323.89
347.431
370.225
385.546
394.514
392.272
385.172
363.499
342.574
318.285
303.712
289.512
282.039
272.324
259.245
241.683
219.262
190.116
158.728
135.56
112.019
98.1932
84.3674
77.2677
67.9259
50.3634
37.6586
17.4804
-8.30282
-28.8547
-48.2855
-59.4956
-72.2004
-81.9159
-89.7629
-103.962
-116.667
-136.098
-156.276
-175.333
-192.896
-206.348
-219.427
-228.021
-230.637
-236.989
-240.352
-239.605
-255.299
-265.762
-271.74
-282.95
-289.303
-285.94
-286.314
-279.587
-272.861
-270.993
-270.619
-271.367
-273.609
-274.73
-272.114
-264.267
-249.32
-234.373
-214.195
-195.512
-185.049
-171.597
-166.365
-160.387
-147.308
-134.23
-111.436
-87.1472
-64.3534
-44.1752
-34.0861
-28.8547
-32.2177
-38.1964
-38.1964
-37.8228
-32.9651
-23.6233
-17.2709
-10.1712
-15.4026
-26.239
-44.9225
-65.4744
-80.7949
-95.7417
-97.9837
-99.4784
-91.2576
-91.6313
-89.3893
-100.973
-106.952
-123.393
-128.251
-131.24
-120.778
-100.973
-79.3002
-54.6379
-34.4597
-20.2603
-14.6552
-14.6552
-8.67649
5.52298
29.4379
57.8368
89.5988
120.24
146.397
165.08
174.796
183.39
188.621
195.347
208.052
223.746
244.672
260.366
270.455
275.687
269.708
260.366
247.288
236.078
228.978
227.109
230.472
229.725
226.736
221.131
210.668
193.853
177.038
161.717
150.881
144.155
141.165
141.539
140.044
135.56
127.339
116.129
107.909
96.3249
89.2251
84.7411
80.6307
81.0044
81.0044
78.7624
78.015
72.41
67.1786
58.2105
52.9791
46.253
39.1533
40.648
34.2956
32.4272
31.6799
29.4379
14.8647
10.7544
-1.57675
13.7437
-10.9185
-24.3706
-26.239
-35.5807
-39.6911
-42.6805
-47.1645
-53.5169
-62.8587
-71.8268
-79.3002
-89.7629
-95.7417
-95.368
-94.6207
-89.7629
-89.0156
-83.7842
-87.8946
-92.7523
-96.1153
-100.973
-102.841
-99.852
-93.4996
-88.6419
-77.8055
-79.6738
-81.5422
-90.1366
-102.094
-114.425
-120.404
-123.393
-125.262
-125.635
-128.625
-134.23
-147.308
-163.376
-179.817
-199.622
-214.195
-222.416
-227.274
-226.9
-226.526
-228.021
-230.263
-240.726
-243.341
-250.441
-242.968
-234
-216.437
-191.028
-165.244
-143.571
-121.151
-99.4784
-83.0369
-63.9797
-41.5595
-21.0076
9.25968
49.2424
83.9937
109.403
130.329
140.044
145.276
148.265
153.496
157.233
165.454
169.938
167.696
165.08
146.77
127.339
98.5669
70.5416
48.8687
31.3062
17.8541
7.39133
-5.68713
-16.8972
-34.8334
-54.6379
-72.5741
-83.0369
-86.7736
-79.3002
-65.1007
-47.9119
-27.7337
-9.42383
4.40197
18.9751
32.0536
48.1214
69.0469
98.5669
130.703
162.465
190.116
210.668
220.01
222.999
227.109
224.494
228.978
232.341
240.562
239.814
241.309
233.462
215.526
191.611
168.07
143.781
127.713
115.382
108.282
104.546
103.051
101.183
76.5203
64.5629
45.132
29.0642
23.0855
28.3169
35.0429
50.3634
60.8262
61.5735
61.5735
47.0004
34.6693
24.2065
21.2171
20.4698
25.7012
26.4485
26.4485
13.7437
-5.68713
-37.4491
-68.4637
-100.226
-119.657
-138.714
-143.945
-153.661
-164.497
-182.433
-200.743
-226.526
-248.573
-263.52
-265.762
-258.662
-241.847
-217.932
-193.643
-177.575
-163.002
-152.166
-142.45
-126.383
-100.973
-66.9691
-27.7337
14.1174
47.3741
71.289
83.9937
87.7304
85.8621
82.8727
89.5988
97.4459
107.535
112.019
114.261
96.3249
69.7943
36.9113
2.15995
-34.0861
-57.6273
-72.5741
-84.9052
-94.9943
-108.073
-129.372
-160.387
-189.533
-214.569
-229.889
-231.01
-218.679
-197.006
-173.465
-150.298
-137.966
-125.262
-121.151
-107.325
-88.6419
-56.88
-17.2709
29.0642
73.531
110.898
134.813
147.518
152.002
154.991
162.091
179.28
195.721
221.504
235.704
243.925
237.199
221.131
192.358
166.949
144.528
131.824
131.45
135.187
135.187
128.461
112.766
85.4884
55.9685
33.5483
18.9751
17.8541
27.9432
45.5057
61.5735
71.6626
70.9153
65.3102
53.7264
44.011
47.0004
58.9578
78.015
101.93
123.603
134.439
135.187
124.35
107.535
90.3461
77.6413
76.894
81.0044
90.3461
95.2039
89.5988
72.0363
46.253
15.9857
-16.5236
-34.0861
-48.2855
-50.5276
-42.6805
-41.9331
-40.0648
-51.2749
-66.5954
-84.1579
-99.4784
-101.72
-99.1047
-84.1579
-62.8587
-43.0542
-25.118
-14.6552
-14.2815
-18.0182
-18.3919
-18.3919
-7.92915
10.007
25.3275
46.6267
56.3421
53.7264
47.3741
27.5695
10.007
-4.19245
-16.5236
-18.7656
-21.3813
-23.997
-31.0967
-45.6698
-66.5954
-96.489
-119.657
-143.198
-156.276
-163.75
-164.871
-162.255
-163.002
-161.134
-171.597
-168.234
-187.291
-190.28
-187.665
-181.312
-168.607
-148.056
-128.998
-117.041
-105.457
-103.962
-95.368
-96.489
-85.6526
-74.4425
-56.5063
-40.4385
-23.997
-11.6659
-4.19245
-3.4451
-6.80814
-10.1712
-12.0395
-12.0395
-6.43447
1.41261
9.63336
14.1174
17.1068
15.6121
10.007
3.28096
1.78628
-1.57675
0.665268
8.88601
16.7331
27.1959
30.9326
33.9219
32.0536
26.8222
25.7012
21.2171
24.2065
27.5695
32.0536
37.6586
39.9006
37.6586
31.3062
22.7118
12.9964
3.28096
-3.4451
-6.43447
-8.30282
-7.92915
-10.1712
-12.4132
-19.1393
-26.239
-34.0861
-36.7018
-40.4385
-38.5701
-32.9651
-22.5023
-16.5236
-9.05016
0.291598
5.14931
8.88601
13.7437
24.5802
33.1746
47.7477
63.0682
82.1254
94.8302
109.03
116.877
125.845
129.582
135.187
139.671
149.012
155.738
163.212
168.443
171.433
169.938
162.465
154.991
144.155
137.429
125.845
120.987
113.514
108.656
95.9512
85.1148
69.7943
52.9791
32.4272
17.8541
3.65463
-7.92915
-17.6446
-23.997
-32.2177
-41.1858
-52.0222
-63.9797
-75.1898
-84.5316
-91.2576
-94.247
-92.7523
-88.2683
-85.6526
-81.1685
-79.6738
-79.3002
-82.2895
-83.0369
-82.6632
-78.9265
-72.5741
-63.606
-53.5169
-43.4278
-38.1964
-33.3387
-32.9651
-32.5914
-34.0861
-30.3494
-26.239
-21.0076
-15.0289
-10.5448
-9.05016
-12.4132
-17.2709
-26.239
-32.9651
-39.6911
-42.6805
-44.1752
-44.1752
-45.6698
-49.7802
-56.1326
-68.0901
-78.9265
-91.2576
-98.3574
-103.589
-103.962
-105.083
-102.094
-105.083
-109.567
-114.052
-124.514
-132.361
-133.482
-133.109
-128.625
-118.162
-112.183
-105.083
-100.226
-98.731
-99.4784
-96.8627
-93.8733
-82.6632
-65.848
-47.5382
-32.2177
-14.2815
-3.81878
3.28096
13.7437
20.4698
32.0536
47.7477
66.4312
86.2358
110.151
116.129
128.834
132.197
132.571
136.308
141.165
144.902
157.607
162.838
166.201
170.685
164.707
153.496
141.913
131.45
121.361
112.393
107.909
106.788
98.5669
89.9725
77.6413
62.3209
43.6374
29.4379
17.8541
10.7544
5.14931
6.64399
6.64399
3.65463
-0.829413
-6.43447
-15.0289
-21.3813
-20.6339
-17.2709
-8.30282
2.90729
13.3701
19.3488
26.0748
26.4485
27.5695
30.1852
30.9326
36.1639
45.8794
55.2211
62.6945
69.0469
66.4312
58.9578
53.7264
43.2637
39.527
35.7903
33.9219
30.5589
32.4272
21.5908
14.4911
2.53362
-14.2815
-27.7337
-36.7018
-46.7909
-50.9012
-56.1326
-58.001
-66.2217
-72.2004
-83.7842
-90.5103
-103.215
-109.941
-114.799
-115.92
-118.162
-120.404
-116.667
-123.02
-129.372
-135.724
-140.956
-147.308
-146.187
-143.571
-139.087
-135.724
-132.361
-131.988
-131.24
-131.988
-130.493
-129.372
-117.041
-112.183
-99.852
-88.6419
-75.1898
-68.8374
-58.3746
-53.1433
-41.9331
-32.2177
-23.2496
-7.18181
8.51234
19.7225
28.6905
41.0217
45.132
50.3634
50.7371
56.3421
60.0788
61.1999
64.9366
68.2996
65.3102
60.8262
56.7158
51.8581
44.011
34.6693
30.5589
35.4166
24.9538
22.7118
21.9645
18.2278
12.249
9.63336
8.88601
9.63336
13.7437
17.1068
27.1959
31.6799
40.648
46.6267
55.2211
63.0682
72.41
81.378
92.2145
102.304
113.514
121.361
129.955
134.439
139.297
139.671
141.165
140.418
140.792
138.923
134.066
131.076
127.713
120.24
108.656
98.5669
88.1041
79.136
69.0469
58.2105
51.4844
42.89
36.9113
28.3169
17.8541
9.25968
6.27032
-1.95042
-8.30282
-8.67649
-11.6659
-13.9079
-11.2922
-15.7762
-17.6446
-16.1499
-20.2603
-22.5023
-23.997
-24.3706
-23.997
-25.8653
-26.6127
-22.1286
-30.723
-36.7018
-39.3175
-48.2855
-55.3853
-57.6273
-61.7377
-61.364
-61.364
-66.9691
-70.7058
-75.9371
-84.9052
-89.0156
-93.4996
-95.7417
-93.4996
-89.0156
-87.8946
-83.4105
-83.4105
-84.1579
-84.1579
-83.7842
-82.6632
-78.1792
-71.0794
-63.2324
-55.7589
-49.4065
-43.8015
-41.5595
-41.1858
-42.6805
-41.9331
-36.7018
-29.9757
-23.2496
-17.6446
-12.4132
-10.1712
-11.6659
-15.4026
-18.7656
-19.5129
-17.2709
-10.5448
-4.56612
4.0283
7.39133
8.51234
8.88601
5.14931
5.52298
3.28096
7.01766
10.7544
23.4592
33.5483
38.0323
41.3953
39.1533
38.7796
48.4951
41.0217
44.3847
54.4738
62.3209
70.1679
76.894
80.6307
78.7624
70.5416
69.0469
67.1786
66.8049
70.9153
78.7624
85.8621
88.8515
88.1041
87.3568
77.2677
72.41
64.5629
63.8155
65.6839
70.1679
75.3993
76.894
75.3993
68.6733
59.7052
50.3634
42.5163
39.527
38.0323
41.0217
42.1427
41.769
38.7796
28.6905
19.3488
7.39133
-2.32409
-7.55548
-12.0395
-10.5448
-10.5448
-10.9185
-13.5342
-21.7549
-29.602
-41.1858
-49.0329
-52.7696
-55.7589
-53.8906
-49.0329
-44.9225
-45.6698
-49.7802
-53.8906
-62.8587
-65.848
-70.7058
-69.5847
-54.2643
-55.7589
-53.5169
-49.4065
-51.6486
-60.9903
-62.485
-63.9797
-67.3427
-64.3534
-59.8693
-59.122
-53.8906
-52.3959
-53.8906
-56.1326
-58.3746
-58.7483
-57.6273
-50.1539
-46.4172
-40.4385
-33.7124
-30.3494
-28.1073
-24.7443
-23.6233
-21.3813
-16.8972
-12.4132
-5.68713
-0.829413
5.89665
8.13867
10.3807
8.51234
9.63336
6.27032
8.51234
10.7544
11.128
11.5017
11.8754
8.51234
5.14931
2.53362
-1.57675
-7.92915
-6.0608
-7.18181
-9.05016
-4.19245
-9.42383
-10.5448
-7.18181
-11.2922
-7.55548
-3.4451
-2.69776
5.89665
11.128
16.3594
23.4592
26.4485
30.9326
34.6693
41.769
46.6267
56.3421
62.6945
69.4206
73.1573
76.894
79.136
78.3887
81.378
82.1254
