2.48756 2.21611 1.88789 1.80264 1.4672 1.72357 0.927582 1.11386 0.749089 0.46587 0.408051 0.058655 
2.65084 2.36528 2.22959 2.12554 1.78468 1.93098 1.41293 1.39893 1.06978 0.456078 0.517412 0.089162 
2.73351 2.16935 2.04556 1.92832 1.63797 1.45451 1.13559 0.869145 0.677155 0.440259 0.233816 0.052027 
2.77512 2.33588 2.1741 2.00385 1.80113 1.5681 1.26826 1.06014 0.734571 0.499345 0.310803 0.0645682 
2.99163 2.71448 2.81058 2.54112 2.42438 2.32156 1.61337 1.46489 0.913144 0.43723 0.251539 0.099666 
2.94783 2.64877 2.78224 2.56111 2.27575 2.05458 1.7007 1.44838 0.844257 0.482763 0.227028 0.0941599 
2.77921 2.23653 2.11448 1.89481 1.72887 1.44966 1.17603 0.946368 0.686238 0.440023 0.242872 0.0579324 
2.74972 2.3079 2.08254 1.9341 1.75079 1.56524 1.24645 1.01835 0.755101 0.523024 0.290342 0.0645067 
2.8375 3.09916 2.59553 2.86278 2.56298 2.13533 1.87758 1.48388 0.871438 0.571138 0.211428 0.112198 
2.74883 2.38708 2.13109 2.13254 1.85892 1.65847 1.47741 1.11228 0.873667 0.628147 0.32571 0.0855155 
2.77439 2.50439 2.27871 2.07325 1.8791 1.74392 1.36026 1.15269 0.758068 0.615884 0.277532 0.0825578 
2.75317 2.41389 2.13937 2.03718 1.81444 1.65517 1.32471 1.11814 0.834463 0.593697 0.332629 0.0814738 
2.79962 2.48655 2.31191 2.14449 1.98822 1.77191 1.46038 1.22936 0.867282 0.599019 0.351134 0.0927204 
2.80404 2.48455 2.26177 2.08429 2.08027 1.61565 1.41046 1.19437 0.81733 0.541039 0.328339 0.0839371 
2.79563 2.58472 2.29071 2.24014 2.10502 1.7678 1.68317 1.25344 0.923241 0.629564 0.319753 0.100784 
2.90879 2.56149 2.49838 2.19514 2.10843 1.7117 1.46979 1.1427 0.827201 0.551285 0.291707 0.0896954 
2.7224 2.22137 1.9995 1.78912 1.60058 1.37111 1.18443 0.904685 0.664404 0.42177 0.244568 0.0534289 
3.05178 2.68794 2.56592 2.21158 1.93106 1.53776 1.07558 0.784147 0.495141 0.383231 0.240898 0.0620381 
3.33201 2.93474 2.56384 2.06992 1.51063 1.09424 0.681909 0.455736 0.319817 0.243493 0.132809 0.0286834 
2.98664 2.44947 2.03222 1.49215 0.939644 0.641271 0.125514 0.0673769 0.0311864 -0.128039 0.0936628 0.0150356 
4.23233 3.95942 3.47219 2.41461 1.49064 0.483516 -0.241047 -0.564062 -0.55696 -0.24006 0.0669993 -0.00631523 
3.27942 2.77281 2.37213 1.83414 1.18043 0.498033 -0.00118764 -0.27227 -0.287748 -0.0436836 0.203125 -0.0205323 
3.309 2.64006 2.08079 1.53954 1.41935 0.385683 -0.398244 -0.619768 -0.541741 0.0438139 0.238836 -0.0158534 
4.48249 3.2388 1.74672 1.07359 1.61103 0.151519 -0.340348 -0.248469 -0.774016 -0.617847 0.170273 0.0305719 
6.21848 2.54923 0.813246 -0.510689 4.49143 -0.251852 -1.09437 -0.0127495 -0.393355 -0.691356 -0.434956 -0.0202718 
4.29741 2.44503 0.77204 0.760172 1.46487 0.589869 -0.452346 -0.386135 -0.423913 -0.648806 0.0478338 0.000724953 
4.1724 2.28717 0.574133 0.632829 1.01116 0.16373 -0.534084 -0.38183 -0.340465 -0.594132 0.0993108 0.00383946 
5.03084 2.24081 -0.123935 0.323014 1.65227 0.171304 -1.44011 -0.278663 0.135335 -0.953912 -0.0585389 -0.00883854 
4.3402 1.85116 0.247742 0.834362 1.4101 -0.35784 -1.26844 -0.406318 -0.141936 -0.510878 0.0562104 -0.00508569 
5.21006 1.95561 -0.629085 0.14112 1.87887 0.073059 -1.8918 -0.396315 0.167063 -0.968897 -0.108446 -0.0122143 
5.49627 1.86792 -1.0288 -0.1179 1.86333 0.0921132 -1.95055 -0.28756 0.286665 -0.869196 -0.146511 -0.00339905 
4.79224 1.46518 -0.7212 0.150111 1.06525 -0.163284 -1.21728 -0.0455642 0.436027 -0.735173 -0.0698929 0.00470306 
4.58958 1.32411 -1.12982 0.146242 1.51747 -0.280745 -1.44497 -0.179509 0.421238 -0.664908 -0.0288052 -0.00088576 
6.32667 0.968987 -1.97208 0.250218 1.57339 -0.247203 -1.44789 -0.389082 0.518628 -0.301742 -0.186859 0.0429622 
5.30813 0.721188 -1.61672 -0.00733306 1.14075 -0.0861731 -1.4064 -0.0962578 0.838864 -0.356435 -0.080063 0.0290129 
5.08879 0.719627 -1.7819 -0.174351 1.30048 -0.263908 -1.48862 -0.0413421 0.839671 -0.404949 -0.069932 0.0130778 
6.07689 0.542147 -2.17618 -0.392509 1.99581 -0.378395 -1.4943 0.410323 0.469964 -0.0284814 -0.127326 0.025038 
3.88054 0.569619 -1.15158 -0.0452115 0.840527 -0.241461 -0.820849 0.339754 0.705355 -0.222869 0.127798 0.00186394 
5.13375 0.260059 -1.77269 0.00253289 1.25356 -0.191139 -1.15359 0.348255 0.987243 -0.241857 -0.0804945 0.00163035 
5.80148 -0.0672867 -2.07745 0.272874 1.71848 -0.472517 -0.817056 0.765353 0.83944 -0.0318986 -0.113669 0.0254399 
4.51872 0.272991 -1.48215 0.349622 1.41455 -0.271442 -0.859475 0.886077 1.15835 -0.155295 0.0483961 0.0170574 
3.61416 0.12382 -1.10487 0.66255 1.21364 -0.361217 -0.568147 1.16594 1.10268 -0.232029 0.11356 -0.00655191 
6.98791 -1.44978 -1.90187 0.889455 2.68847 -1.57875 0.986727 1.00832 0.910516 0.137985 -0.148282 0.125012 
4.73867 -0.215428 -1.47474 0.823106 1.79092 0.273634 0.313295 1.19618 1.12036 -0.227211 0.0803507 0.0910752 
3.86232 -0.114932 -1.41462 0.804868 2.34288 0.759843 0.255398 1.45237 0.848616 -0.216282 0.290382 0.0928089 
5.13266 -0.19147 -2.21723 1.13681 3.29221 2.34757 1.50757 0.984265 0.0519467 0.117727 0.236285 0.104704 
6.33932 -0.230444 -2.9029 1.61972 3.80469 2.1787 1.4336 0.886121 -0.247251 -0.102218 0.117625 0.115846 
4.44026 -0.391572 -1.93877 1.17183 3.70103 3.1656 1.89142 0.774478 -0.207968 0.203279 0.296267 0.0912696 
5.37238 -0.328811 -2.78675 1.44969 4.4261 3.05046 1.78265 0.910743 -0.329267 0.21015 0.216374 0.108727 
5.26274 -0.34935 -2.37569 1.31234 4.18789 3.32341 1.73535 0.607929 -0.203674 0.332459 0.287651 0.0758461 
4.73771 0.120275 -1.58023 1.02489 3.31214 2.76422 1.20128 0.195083 -0.0227668 0.451034 0.32094 0.0439598 
4.72844 0.379796 -2.08116 0.622588 3.93516 3.67842 1.5197 0.178163 0.0686348 0.431187 0.333654 0.0448819 
5.56664 0.365272 -2.41779 0.647663 4.16013 3.76242 1.49333 0.181726 0.1446 0.504448 0.338416 0.0399649 
5.43106 0.34663 -2.0454 0.521543 3.81159 3.73643 1.40524 0.123091 0.394276 0.53021 0.346285 0.0258946 
4.18663 0.391909 -1.23294 0.832366 3.25026 3.15555 1.44807 0.308782 0.329353 0.589338 0.301897 0.00856532 
4.44544 0.913479 -1.49551 0.450362 3.5167 3.52852 1.36141 0.173899 0.420399 0.563619 0.345502 0.0104388 
6.59821 0.270406 -2.55367 0.971854 4.00842 3.1839 1.20235 0.318076 0.583616 0.744039 0.345967 0.00714419 
5.02648 0.630513 -1.46528 0.900461 3.64238 3.28748 1.34931 0.404956 0.520635 0.640878 0.310667 0.00646137 
3.82081 1.0547 -0.501271 1.00435 3.35525 3.46391 1.49394 0.0927231 0.343362 0.732921 0.174423 0.00407659 
4.02886 1.47075 -0.498243 0.935134 3.79618 4.01042 1.56295 -0.0862788 0.147534 0.496838 0.128084 0.035419 
3.9841 1.58172 -0.273686 1.02568 3.75533 4.06873 1.73399 -0.0331528 0.214097 0.684696 0.165502 0.0498673 
4.25054 1.66796 -0.250155 1.21331 4.10102 4.35764 1.82983 -0.0642662 0.185732 0.723978 0.206173 0.0560412 
3.2834 1.56805 0.956144 2.08836 3.23993 2.65833 1.0268 0.261916 0.674797 0.86438 0.251084 0.0343525 
3.73561 2.39717 1.10541 1.6085 3.05458 2.84484 0.94757 0.0336784 0.709064 1.00105 0.272449 0.0495045 
3.02002 2.0763 1.61553 1.96052 2.36279 1.80846 0.671515 0.217441 0.620606 0.847395 0.412687 0.0436745 
3.02757 1.94856 1.49197 2.0818 2.76258 2.27794 1.01045 0.411054 0.740581 0.887508 0.409587 0.0605054 
3.43353 2.61796 2.10598 2.25937 2.61914 2.36124 1.66204 1.04981 0.812833 0.622805 0.274513 0.0961513 
2.93942 2.36719 2.12169 2.16239 2.22053 1.90491 1.36494 0.907459 0.776566 0.694825 0.402357 0.0844085 
2.75134 2.20712 2.00542 1.95845 1.86052 1.58056 1.28514 1.00399 0.809131 0.623753 0.384497 0.0640671 
2.92027 2.47101 2.28799 2.18667 2.07208 1.86695 1.55561 1.19053 0.82548 0.545651 0.317948 0.0849662 
3.00769 2.52608 2.38143 2.298 2.18056 1.814 1.35372 1.027 0.803105 0.624205 0.375871 0.0884571 
2.71858 2.24758 2.0999 1.92573 1.80329 1.59482 1.3835 1.10823 0.903879 0.609927 0.376043 0.0677466 
2.77416 2.29714 2.0949 1.98103 1.91408 1.71823 1.42576 1.08032 0.802403 0.616379 0.39798 0.0738662 
3.27621 2.94385 2.85757 2.84128 2.56381 2.09105 1.53778 1.07208 0.783983 0.573024 0.328774 0.0965438 
2.86206 2.43918 2.27201 2.09146 1.96731 1.84603 1.38595 1.13406 0.845731 0.570214 0.321627 0.0777764 
2.75453 2.31978 2.16112 1.9654 1.76785 1.49226 1.24931 1.04283 0.720788 0.516382 0.281083 0.0567271 
3.08575 2.78943 2.786 2.56317 2.39671 2.09739 1.67867 1.35996 0.838043 0.550356 0.237424 0.0940391 
3.03423 3.04535 3.0249 2.81509 2.63938 2.37525 1.83279 1.52183 0.87283 0.598248 0.191149 0.106585 
2.74679 2.3039 2.18919 1.97713 1.88146 1.51626 1.56408 1.13403 0.803357 0.67862 0.370064 0.0741493 
2.66973 2.20854 1.94092 1.76986 1.58496 1.3028 1.11341 0.82411 0.636339 0.459906 0.23032 0.0480032 
2.78469 2.78786 2.58949 2.58415 1.95574 1.74993 1.71118 1.03917 0.927749 0.460506 0.338055 0.08757 
2.47128 2.32478 1.98092 1.92777 1.44176 1.46337 1.20775 0.842578 0.725241 0.46057 0.269152 0.0446398 
1.99591 2.38305 2.52103 2.29263 1.89369 2.43166 1.24563 0.814996 0.834283 0.233216 0.118114 0.0688997 
0.943847 1.98346 3.12166 3.16302 2.16359 2.23462 1.48811 0.865545 0.638787 -0.0945032 0.167119 0.0689518 
1.52687 2.48354 2.81752 1.84046 1.23407 1.94859 1.13562 0.669863 0.606406 0.331483 0.213554 -0.02178 