2.69274 2.39757 2.21322 2.06538 1.37091 1.45519 1.0882 0.497842 0.721483 0.487737 0.303196 0.0628433 
2.68468 2.25167 2.02536 1.88472 1.67141 1.37545 1.21682 0.895729 0.726284 0.53364 0.28307 0.0619626 
2.87492 2.47124 2.28212 2.02249 1.69099 1.57688 1.14462 0.906171 0.585139 0.343087 0.158417 0.0443388 
2.64975 2.10002 1.81358 1.54522 1.26039 0.983205 0.73018 0.527304 0.340766 0.195947 0.107558 0.0163684 
3.366 3.1945 3.2037 3.01865 2.63986 2.08299 1.59771 1.02206 0.562408 0.270154 0.0711712 0.0313363 
3.79774 3.86679 3.94728 3.50701 3.10627 2.17114 1.51488 0.734068 0.318319 0.328551 0.155393 0.0150995 
3.01923 2.67044 2.50219 2.28765 1.9619 1.60241 1.19058 0.830259 0.515976 0.264864 0.0793877 0.0253861 
2.93882 2.54551 2.34845 2.1137 1.81333 1.4584 1.08822 0.745344 0.452574 0.225395 0.089334 0.0149539 
3.74327 3.70973 3.5779 3.30636 2.55475 1.90846 1.10262 0.578335 0.28444 0.146821 0.175073 0.0117596 
2.99597 2.64979 2.52963 2.31528 2.00932 1.59684 1.1301 0.744778 0.386556 0.163067 0.0566907 0.016444 
3.12507 2.8013 2.61553 2.34393 1.95618 1.5186 1.05541 0.664397 0.379497 0.192421 0.0719258 0.0137573 
3.74411 3.67371 3.65135 3.17742 2.56879 1.68378 0.982077 0.355569 0.108502 0.0515129 0.160071 -0.00455607 
3.64691 3.40011 3.12986 2.67345 2.07065 1.45148 0.879905 0.458227 0.252047 0.137032 0.140984 0.0164266 
3.13316 2.83809 2.70801 2.40426 1.97996 1.47659 0.973369 0.545336 0.246412 0.113558 0.0545771 0.00168402 
3.49639 3.21831 2.97931 2.54035 1.96102 1.33317 0.760298 0.373136 0.152517 0.122989 0.148009 0.0118008 
3.42507 3.25869 3.15541 2.78103 2.19751 1.5041 0.821228 0.353857 0.119726 0.0828351 0.139621 0.00129803 
3.91711 3.7647 3.51107 2.95859 2.20879 1.36628 0.587219 0.108672 -0.0691196 -0.0433932 0.108903 -0.00893619 
3.20311 2.91006 2.7411 2.41065 1.95882 1.44091 0.929548 0.518254 0.251204 0.12661 0.0694384 0.00759613 
3.31026 2.99386 2.75692 2.34944 1.81191 1.28175 0.781195 0.395932 0.194254 0.112033 0.0949765 0.0102407 
3.54766 3.42729 3.35124 2.9586 2.29946 1.48773 0.779866 0.234558 -0.0175925 -0.00491669 0.0875953 -0.0179031 
3.12126 2.71845 2.43555 2.09292 1.67484 1.18542 0.734861 0.423406 0.225709 0.10634 0.0634754 0.0151919 
3.33292 3.05086 2.85454 2.53979 2.0415 1.39271 0.790501 0.380223 0.15447 0.0427676 0.0457964 -0.00344844 
3.73254 3.46919 3.20034 2.81446 2.25629 1.39694 0.551798 0.136668 0.0433414 0.0550473 0.0857935 -0.00781121 
3.29886 2.85044 2.67423 2.48412 1.90427 1.13933 0.690646 0.516496 0.318106 0.0735366 0.00918659 0.000957246 
3.48007 3.0508 2.86764 2.71769 2.13045 1.15612 0.469448 0.296859 0.206335 0.0264467 -0.013515 -0.0247189 
3.5382 2.92601 3.00878 3.05682 2.2806 0.743081 -0.151086 0.170065 0.218413 -0.0388363 -0.0198442 -0.0360453 
2.94696 2.34437 2.05638 1.53026 1.21995 1.03072 0.385617 0.0647451 0.05221 0.00134387 0.0213268 -0.0414074 
3.57518 2.79211 2.70442 2.70513 2.62054 0.716871 -0.620182 0.363891 0.297354 -0.177644 -0.0916412 -0.0745254 
4.13927 2.7031 3.0746 3.13281 2.5132 0.494301 -1.36189 0.185502 0.526657 -0.500174 -0.183776 -0.0721725 
4.16748 3.12318 2.38689 1.51844 3.24132 0.253361 -1.87215 0.614805 0.190597 -0.353077 0.0333203 -0.131231 
3.45052 2.46473 2.33837 2.12078 2.16009 0.133853 -1.3477 0.0951126 0.113015 -0.366647 -0.0359102 -0.0882639 
4.23116 2.39824 2.25604 1.68623 3.14625 -0.211746 -2.74665 0.255477 0.0967067 -0.716414 -0.0285432 -0.12208 
4.78326 1.86079 1.57449 1.09291 4.11577 0.13432 -2.96391 0.296615 -0.290908 -0.794386 -0.0230562 -0.131287 
4.87061 1.66534 1.45493 0.0692939 4.40175 -0.550885 -2.10507 0.267376 -0.361959 -0.974892 -0.179405 -0.0566146 
4.35556 1.35494 0.79596 0.337568 3.24467 -0.727184 -1.78287 0.30354 -0.483139 -0.905461 -0.172545 -0.0225383 
3.93132 1.01109 0.729055 0.790568 2.30138 -0.615162 -1.01377 0.0810853 -0.42235 -0.69261 -0.226115 -0.0164008 
4.62481 0.520958 1.16491 -0.0087482 3.24054 -1.23898 -0.789353 -0.124424 -0.555166 -0.625909 -0.348355 0.0559515 
4.99173 -0.144296 1.63401 -0.158686 2.84413 -1.65966 -0.364006 -0.677047 -0.558517 -0.32593 -0.533814 0.117652 
4.7582 -0.0650937 1.44213 0.345431 2.45075 -1.98955 -0.378559 -0.695933 -0.402299 -0.193437 -0.407685 0.0649376 
3.86554 0.514844 0.845249 1.49594 0.937307 -0.814466 -1.04625 -0.852806 0.0448139 -0.365111 -0.0477951 -0.0213753 
4.8387 -0.422465 1.44837 0.581141 2.32658 -2.26488 -0.663757 -1.04422 -0.143705 -0.083096 -0.349329 0.114909 
4.82644 -0.892348 1.50609 0.369821 2.2014 -1.96661 -1.26443 -0.851573 0.0341562 -0.0737638 -0.325762 0.0879831 
4.22234 -0.723848 0.751876 0.972327 1.40773 -1.32789 -1.04948 -0.519444 0.237433 -0.363322 -0.147875 0.0399095 
4.15807 -0.690519 0.604315 0.991437 1.26871 -1.04202 -1.33424 -0.603081 0.333147 -0.411637 -0.092049 0.0383065 
4.67961 -1.68981 1.55761 0.0665413 1.83775 -1.50693 -1.34883 -0.739002 0.285752 -0.0521305 -0.300423 0.104484 
4.32206 -1.54105 1.38447 0.143609 1.88622 -1.90238 -1.01754 -0.455602 0.357921 0.0403612 -0.252677 0.0956607 
3.21085 -0.144684 0.329196 0.923625 1.08703 -1.41836 -1.12314 -0.144712 0.60306 -0.278466 -0.00652602 -0.0253226 
4.20184 -1.6332 1.52108 -0.0275004 2.06002 -2.42731 -1.13991 -0.363352 0.633301 0.202478 -0.357065 0.0932422 
4.11617 -1.58032 1.44027 0.0468326 2.22245 -2.48579 -0.967164 0.0383774 0.858105 0.270745 -0.327176 0.0905484 
3.42747 -0.38845 0.114004 1.23837 1.35166 -1.80938 -1.06416 0.464095 1.07295 -0.057409 0.0179503 -0.038732 
3.27404 0.0376543 -0.640836 1.92871 0.983497 -1.93135 -1.27349 0.816024 1.08704 -0.129421 0.0170613 -0.0555473 
3.33494 -0.205735 -0.130703 1.15444 1.71113 -2.15828 -0.580392 0.858174 1.00286 -0.0364784 -0.0106457 -0.0326394 
3.36411 0.0512324 -0.545575 1.54319 2.07184 -2.48146 0.010166 1.17534 0.970177 0.059177 -0.109164 -0.0096039 
3.43705 -0.279341 -0.136228 1.25543 2.15731 -2.59737 0.366929 1.12435 1.0986 0.0654528 -0.142412 0.00546027 
3.8817 -0.824241 0.302795 0.832183 2.94212 -2.94527 0.694424 1.09405 1.18059 0.273948 -0.314354 0.0873418 
4.29726 -0.501579 -0.74208 1.92517 2.67116 -2.6103 1.31938 1.10198 1.62728 0.0639374 -0.156846 0.0928537 
4.32374 0.117145 -1.20545 1.18168 2.58548 -0.773179 0.607828 1.69245 1.02161 0.135909 0.0740322 0.0913699 
3.08788 0.143596 -0.697871 1.44925 1.79767 0.364738 0.943827 1.35104 0.751544 -0.286618 0.474868 0.0820932 
6.28375 -0.26424 -1.42356 0.305327 3.71337 0.686625 1.12865 2.01491 0.0282044 0.396513 0.315432 0.108338 
5.87313 -0.0249547 -1.76153 0.71273 3.21712 1.43845 1.48934 1.54304 0.162352 0.477149 0.365147 0.0920054 
3.87439 0.934363 -1.0378 0.230068 2.27289 2.37938 1.49459 0.423756 0.273507 0.631024 0.435607 0.0331241 
4.78121 0.672365 -1.87513 0.210265 2.91901 3.00431 1.63516 0.617025 0.344295 0.490851 0.366926 0.0339238 
4.89554 0.612336 -1.91604 0.104893 3.02999 3.30107 1.70058 0.566959 0.539416 0.532294 0.409629 0.0355904 
4.8512 0.366479 -1.5956 0.281787 2.73984 2.99503 1.62438 0.54672 0.515375 0.558631 0.425979 0.044712 
4.67313 0.733792 -1.86907 0.010554 3.10015 3.34512 1.52487 0.43347 0.522072 0.493758 0.431731 0.0393249 
7.62675 -0.482335 -3.12806 1.06009 3.17017 2.85569 2.31713 0.12334 0.478026 0.6852 0.529319 0.0505737 
3.66545 0.34231 -1.30217 0.499114 2.91118 3.0459 1.61377 0.578477 0.398507 0.473886 0.426896 0.0296958 
4.72909 0.141156 -1.53566 0.706036 3.01898 3.02836 1.67717 0.455267 0.172361 0.589885 0.408493 0.0459203 
4.75816 0.173599 -2.02496 0.718823 3.5824 3.52804 2.09001 0.604398 -0.077768 0.471685 0.363796 0.0732739 
6.46426 -0.869092 -1.71686 1.14668 3.36957 2.77909 1.86745 1.00134 -0.206372 0.174832 0.378634 0.0941188 
3.5496 0.271661 -1.19568 0.754967 3.18311 3.2939 1.76917 0.498643 0.188024 0.411478 0.37567 0.0494435 
5.46863 0.159001 -2.26274 1.03817 3.55234 2.80289 1.94015 1.08356 0.04741 0.393138 0.302101 0.0871548 
5.04427 0.546345 -1.87312 0.854527 3.15932 2.5898 1.76378 0.947766 0.22304 0.566769 0.400362 0.0832062 
5.92863 -0.363646 -1.4305 1.21122 3.04916 2.51646 1.78603 1.06365 0.117164 0.421631 0.417155 0.0818985 
4.20395 1.43213 -0.988007 0.128209 2.77577 3.4084 1.87762 0.301573 0.0827942 0.524308 0.366138 0.076184 
4.32495 0.871508 -1.14848 0.514497 2.94389 3.26005 1.94052 0.63465 0.254831 0.585732 0.392219 0.0639039 
4.65864 1.2118 -1.20582 0.531598 3.07903 3.29218 1.96476 0.566353 0.0622401 0.508688 0.351662 0.0836786 
5.33595 1.0532 -1.20755 0.610369 2.9489 3.18949 2.13495 0.933835 0.295705 0.68638 0.381656 0.0662383 
3.46473 1.69118 0.107336 0.394448 1.93963 2.64718 1.8085 0.631747 0.259152 0.524989 0.477452 0.100173 
3.78549 1.99925 0.117589 0.263264 2.01486 2.96769 1.86547 0.503503 0.408195 0.7518 0.421188 0.10222 
4.6511 2.27679 -0.301258 -0.148454 2.14886 3.25477 1.99473 0.635276 0.606547 0.952377 0.508021 0.116071 
5.88033 1.79734 -0.621946 0.246104 2.85076 3.43809 2.17378 0.605853 0.405582 0.746385 0.485661 0.102477 
3.99448 2.13584 0.316237 0.41001 2.29235 3.06707 2.05038 0.422117 0.360956 0.842855 0.455067 0.136102 
3.3775 2.11445 0.742556 0.675602 1.88484 2.55366 1.75735 0.640562 0.324036 0.568867 0.501667 0.11945 
3.14571 2.07431 1.19171 1.26998 2.0679 2.30337 1.49716 0.541868 0.307264 0.499438 0.41365 0.0882928 
3.86978 2.41418 1.17186 1.47413 2.82218 2.97537 1.6028 0.461263 0.48141 0.831178 0.40486 0.122681 
4.02568 2.82938 1.49283 1.52479 2.66121 3.00454 1.93382 0.724811 0.612692 0.661681 0.234164 0.105573 
3.21083 2.57249 2.0591 1.94964 2.16096 2.02031 1.72964 1.32112 0.855652 0.539098 0.245273 0.0904072 
2.76004 2.21155 1.87745 1.62917 1.49868 1.46614 1.39613 1.15748 0.800114 0.461262 0.233853 0.0610173 
3.03322 2.44155 2.11802 2.12514 2.2154 1.9989 1.55713 1.23333 0.920445 0.633958 0.34545 0.0998152 
2.9383 2.54361 2.42746 2.21224 2.23846 2.03775 1.55971 1.24016 0.936692 0.595565 0.32273 0.10218 
2.86079 2.42146 2.25469 2.16455 1.97737 1.76541 1.47712 1.10592 0.827788 0.558011 0.30791 0.084998 
2.80051 2.38376 2.31368 2.15547 1.95409 1.58913 1.38072 1.11428 0.959894 0.606524 0.327096 0.0872816 
3.14311 3.03952 3.00209 2.65194 2.51952 2.20474 1.89305 1.45469 1.00654 0.527175 0.21903 0.107485 
2.86069 2.42379 2.28036 2.16584 1.94411 1.81388 1.42625 1.21358 0.855492 0.569387 0.319996 0.0896203 
2.69384 2.22227 2.00983 1.83013 1.62488 1.40173 1.1914 0.932797 0.688699 0.461977 0.269135 0.0632993 
2.75658 2.43999 2.22134 2.0828 2.04221 1.68483 1.47683 1.29861 0.943935 0.686095 0.389361 0.0978343 
2.89719 2.61459 2.35669 2.27035 2.14356 1.63704 1.62927 1.30684 0.884247 0.735246 0.413787 0.113266 
2.59879 2.61604 2.82577 2.27535 2.51213 1.36815 2.1469 1.74388 0.903034 0.669924 0.391895 0.129195 
2.62689 2.30378 2.19312 2.21879 1.69031 1.83054 1.41808 1.33874 0.991096 0.625396 0.464193 0.094224 
2.50421 2.20014 1.93827 1.97611 1.58373 1.38043 1.34405 1.07457 0.835901 0.585143 0.341396 0.0689964 