14
15
15
15
10
4
3
7
11
9
3
-5
-11
-15
-15
-14
-14
-16
-21
-30
-34
-36
-35
-36
-37
-40
-43
-48
-47
-48
-47
-53
-54
-58
-60
-60
-61
-56
-59
-58
-68
-64
-66
-54
-55
-49
-58
-59
-64
-59
-56
-51
-50
-49
-47
-44
-42
-37
-34
-31
-30
-29
-28
-23
-21
-14
-14
-11
-12
-9
-8
-2
1
6
8
9
9
10
13
18
22
22
21
15
19
16
27
24
26
17
18
16
21
24
23
22
17
16
13
13
14
16
14
12
8
6
5
5
6
4
0
-3
-6
-7
-7
-9
-10
-12
-14
-15
-16
-15
-17
-18
-18
-19
-18
-18
-18
-19
-19
-20
-20
-21
-21
-21
-20
-19
-22
-24
-25
-22
-20
-17
-18
-18
-19
-18
-14
-13
-13
-13
-9
-11
-5
0
-2
3
8
6
13
15
20
15
22
27
27
27
41
26
42
46
47
45
44
66
54
55
59
61
64
59
62
60
62
61
60
59
57
60
56
55
48
55
50
41
43
37
40
28
31
25
25
19
19
15
12
13
2
8
-4
0
-6
-7
-8
-16
-9
-21
-16
-20
-18
-23
-22
-24
-25
-22
-27
-29
-31
-28
-30
-31
-34
-38
-31
-30
-33
-40
-37
-25
-41
-36
-43
-37
-38
-48
-44
-49
-48
-47
-52
-51
-51
-51
-48
-53
-53
-49
-50
-54
-52
-49
-50
-52
-49
-44
-49
-48
-41
-41
-39
-42
-32
-35
-31
-33
-28
-28
-26
-25
-22
-24
-19
-14
-21
-22
-10
-14
-21
-15
-15
-17
-11
-12
-12
-11
-13
-16
-18
-21
-17
-18
-19
-20
-31
-29
-19
-24
-27
-25
-28
-29
-28
-28
-28
-28
-28
-29
-27
-26
-26
-26
-29
-29
-20
-22
-26
-17
-17
-18
-19
-21
-16
-12
-14
-16
-15
-14
-10
-12
-12
-12
-11
-9
-8
-7
-11
-14
-13
-10
-13
-16
-13
-8
-12
-17
-15
-13
-10
-12
-17
-16
-16
-17
-15
-19
-11
2
-8
-11
-4
-6
-10
-9
-7
-6
-4
-1
3
3
-3
1
9
5
-3
3
8
11
12
7
13
17
9
15
24
17
15
23
20
21
20
22
20
22
21
19
17
16
19
20
24
19
17
19
20
20
19
18
16
16
18
15
18
16
18
19
20
20
18
23
19
26
19
24
16
21
18
21
21
22
24
23
26
25
24
24
24
26
25
25
23
21
20
18
20
17
18
15
17
15
15
14
12
12
10
11
10
10
9
10
14
14
14
12
13
12
15
19
17
22
19
24
21
27
26
33
30
34
33
36
35
39
39
42
39
38
32
31
26
28
26
27
23
20
13
10
4
3
-2
-6
-16
-21
-30
-32
-41
-44
-56
-57
-68
-68
-80
-81
-91
-90
-100
-100
-106
-110
-109
-113
-113
-111
-115
-108
-111
-104
-103
-101
-91
-91
-81
-76
-72
-59
-57
-50
-45
-37
-27
-17
-13
-6
-2
11
18
21
24
31
32
-10
10
40
61
65
54
37
32
31
33
40
37
36
10
-3
-3
-11
-12
-13
-13
-18
-23
-12
-23
-31
-38
-53
-53
-52
-44
-46
-53
-59
-67
-64
-53
-38
-30
-26
-37
-52
-61
-62
-48
-34
-25
-25
-36
-35
-33
-36
-34
-31
-30
-23
-11
-18
-12
-12
-3
-7
0
-8
-21
-61
-54
-6
37
64
48
29
31
50
77
94
96
87
84
90
101
101
95
92
100
109
103
80
62
73
116
163
175
141
79
34
25
47
72
71
44
16
14
43
75
86
65
34
19
28
40
43
27
6
1
5
11
13
17
23
10
8
22
14
14
8
-25
-26
-35
-67
-42
-31
-67
-90
-86
-11
125
206
175
44
-141
-272
-266
-127
66
203
228
143
-1
-121
-173
-129
9
194
356
423
363
221
94
70
171
335
464
513
531
611
808
1054
1189
1067
687
224
-76
-78
179
468
567
373
-82
-564
-846
-845
-644
-381
-219
-272
-499
-754
-1003
-1114
-1166
-1123
-1062
-1080
-749
-579
-440
-431
-533
-538
-672
-615
-454
-321
-102
-72
61
108
115
174
156
129
105
209
401
521
529
540
582
568
510
458
459
406
291
235
291
355
343
302
270
201
81
-3
-41
-79
-98
-71
-27
7
21
-24
-133
-236
-275
-237
-120
36
148
203
246
275
243
177
133
84
-9
-40
80
217
226
191
183
73
-161
-337
-382
-406
-415
-367
-356
-476
-674
-846
-1003
-1202
-1411
-1519
-1496
-1460
-1482
-1506
-1480
-1520
-1683
-1895
-2053
-2071
-1985
-1783
-1584
-1434
-1337
-1223
-1152
-1164
-1193
-1222
-888
-298
725
1911
2775
3103
2684
2522
2613
2929
3316
3606
4149
4317
4428
4516
4736
4806
4076
3229
2634
2483
2416
2335
2309
2014
1530
1005
485
-178
-872
-1412
-1813
-2196
-2430
-2201
-1793
-1752
-2069
-2347
-2581
-2882
-2934
-2582
-2157
-1822
-1375
-782
-276
56
149
42
-89
-118
89
445
856
1163
1314
1270
1045
513
-195
-736
-1240
-1324
-1383
-1361
-1156
-1362
-1713
-2693
-3563
-3849
-4208
-4417
-4759
-4864
-4660
-4399
-3909
-3782
-3878
-4147
-4346
-4242
-3160
-358
2192
3282
2427
2222
3646
4451
4887
4739
5825
6387
6054
6933
8253
9933
9291
7829
6597
5395
5099
4623
4464
3761
2799
1990
1147
181
-674
-1398
-2885
-4468
-5937
-6211
-5721
-5675
-5375
-5329
-5342
-5411
-5901
-5672
-4962
-4575
-4262
-3649
-2114
-209
804
1635
2475
2592
3027
3652
4419
5052
4736
5112
5679
6153
6432
5866
5792
4570
3099
2899
2151
1747
1072
206
-479
-2016
-2924
-3841
-4769
-5703
-7054
-7709
-8099
-7850
-7601
-7906
-8216
-8444
-8664
-8778
-8157
-7763
-7774
-7519
-6584
-5017
-4295
-3934
-2876
-2704
-1632
1820
5612
8577
7434
6766
8532
9090
10098
9580
10803
11899
10337
10628
11360
13069
12572
9810
8344
6605
5258
4335
3225
2360
1114
-973
-2367
-3452
-4339
-4726
-6008
-7790
-9968
-11091
-10145
-9332
-9132
-8622
-8462
-7681
-6711
-6304
-4607
-3674
-3348
-2832
-2072
951
2982
4300
5763
6045
7389
7317
7779
9082
8444
8843
7841
7598
7410
6164
6711
5582
4536
2586
1269
1388
7
-1254
-3147
-4070
-4963
-6201
-6665
-7003
-7736
-9323
-10309
-10393
-9646
-9157
-9249
-9970
-10063
-9488
-8454
-7292
-6926
-6326
-6649
-5434
-4543
-3628
-2113
-2211
-690
-1652
-228
5008
8764
11619
9154
8836
11085
10794
11358
9678
10840
11861
9373
9837
10424
12881
12865
9823
8230
5821
4495
2829
1501
-29
-1963
-3379
-3856
-3859
-4843
-4601
-5992
-7720
-9531
-11283
-10125
-9621
-9342
-8780
-8208
-6437
-5617
-5246
-2943
-2303
-2163
-1792
-1782
1320
2513
3960
5573
5561
7402
7767
9260
10172
9448
8929
7710
7215
6290
6214
5898
4790
3784
2842
2494
1635
669
-561
-2164
-3956
-5201
-6010
-6624
-7114
-7886
-8451
-8844
-8601
-8385
-8423
-8773
-8985
-9681
-9822
-8600
-7798
-6273
-6128
-5365
-4725
-5080
-3472
-3471
-2437
-2821
-3431
-1481
-2258
560
4740
8640
11553
8306
9274
10789
10755
10582
7861
10016
9141
7545
8095
8921
12586
11305
9657
8046
5863
5786
4302
2482
226
-1867
-3033
-3671
-4091
-3108
-2836
-3904
-5198
-7347
-7948
-7894
-7824
-8063
-8801
-8971
-7604
-6926
-5648
-3226
-2683
-1331
-3055
-2642
-932
-1179
2072
1989
3377
4288
5580
9472
8186
8934
8942
7659
6622
4378
5378
4788
3277
3044
2560
3356
3546
3642
3499
1390
-586
-2133
-3387
-4536
-5427
-6251
-7975
-8184
-7150
-6816
-7462
-7374
-6648
-8036
-8729
-8725
-8391
-8274
-9186
-7839
-7439
-7285
-5986
-4833
-3944
-5122
-5502
-4705
-4282
-4389
-2636
1267
5005
7025
6339
7578
10226
11811
11016
8413
9257
9396
7067
7297
9149
12563
12670
11036
12186
11824
10888
9150
6709
4185
920
-1291
-1365
-3471
-3145
-2807
-2631
-3561
-5318
-5000
-5481
-6674
-7380
-9606
-10344
-10185
-10021
-8897
-7978
-5951
-4647
-4698
-3089
-1217
-632
203
111
1551
2491
2825
6398
5383
7848
8718
9021
9595
6951
9331
8125
6588
5506
4249
5818
4610
4679
5163
4367
2942
1712
551
-578
-2801
-5295
-6937
-8635
-8518
-8598
-8281
-8203
-8187
-8909
-9872
-9209
-9051
-8898
-10227
-10030
-9578
-10156
-9864
-8382
-7188
-7463
-6805
-5949
-3945
-4240
-2794
1115
3380
6648
5729
6674
10657
11485
13432
10273
12097
12792
9916
10315
11114
14188
13782
11663
12679
12378
12428
11122
9357
6375
3656
624
-981
-2830
-3983
-3828
-5316
-5710
-7216
-7278
-7403
-8278
-9127
-10758
-11891
-11130
-11670
-11233
-10876
-9962
-8568
-8423
-6083
-3515
-2195
190
513
2455
3254
4804
7339
6400
7856
7990
9066
9229
8446
10265
9119
8370
7203
7971
8119
6950
6798
5658
5115
2696
1896
367
-1307
-1959
-4624
-6511
-8195
-8149
-8903
-10524
-10575
-10118
-10562
-11406
-10543
-9949
-10424
-11272
-10506
-10093
-10333
-10445
-9495
-8456
-9010
-7698
-7234
-4899
-4379
-2782
1545
3728
8444
7238
8781
11787
12813
14429
10964
13173
13369
11627
11192
11576
15054
14435
13659
13690
14222
13527
12243
10555
7632
4898
1149
-620
-3057
-4704
-5102
-6608
-6753
-7931
-8012
-7121
-8039
-8447
-9695
-10971
-11106
-12093
-12699
-12435
-11581
-10493
-9827
-8088
-4952
-1972
-201
1500
3390
4454
6377
5873
7295
6898
6144
7920
5669
8821
7653
9327
9767
8839
10469
8657
9393
8062
6533
4612
2308
728
-942
-2208
-3180
-4105
-6106
-6855
-7496
-7384
-8360
-8549
-9811
-10232
-11477
-11587
-11426
-11769
-11364
-12102
-11230
-10847
-10354
-8551
-8461
-7165
-7107
-6676
-5125
-4519
-3392
1034
3118
7009
5532
8013
12615
12646
14791
12304
14923
14583
11787
12934
12029
15165
13636
12468
13243
13412
14282
12803
11146
8987
6806
3713
1703
-1322
-3040
-5178
-7334
-7231
-8819
-8104
-8120
-7228
-7983
-9233
-9602
-9894
-10581
-12206
-11603
-12427
-11640
-12071
-10155
-7661
-5093
-2549
-121
1738
4467
6370
6774
8208
7361
8218
7133
5840
7998
6798
8123
6951
7464
9485
8383
10073
9031
8641
7875
5276
3742
1439
-293
-2786
-5462
-7130
-7710
-8145
-8631
-8993
-8682
-8443
-9586
-9637
-9707
-11060
-11611
-11989
-12370
-12552
-13227
-12759
-11671
-10742
-9634
-9024
-7631
-5295
-4858
-3147
74
3197
6426
4601
7183
11003
11819
13565
11207
14451
14660
13021
14433
13521
16475
14958
14256
14966
14070
15136
13576
11544
10049
8239
5128
2571
-31
-1426
-3061
-5653
-6109
-8146
-8809
-8362
-8446
-8984
-10664
-10883
-11072
-11681
-12660
-12947
-12399
-12588
-12341
-11446
-9049
-6833
-5136
-2755
-1055
2435
4504
5615
7763
7790
8926
8008
7357
8875
7864
8292
7893
7888
9373
9044
10452
10393
9375
9155
7281
6373
4349
1943
-186
-3787
-5297
-6696
-8270
-9142
-10278
-9671
-10139
-10710
-10164
-10150
-10029
-10885
-11681
-11809
-12402
-13059
-13468
-13447
-12037
-11605
-11669
-9879
-8101
-5859
-4945
-3037
2249
3809
6567
6017
9182
12320
11500
13290
11794
15154
14031
12933
14116
13648
16704
15016
15158
14964
15262
15154
13425
11944
9803
8142
4080
2692
-804
-1767
-3294
-6033
-6700
-9483
-8016
-8939
-8919
-10139
-10642
-10555
-11524
-11878
-12908
-11897
-12965
-12996
-13264
-11538
-9352
-8637
-5248
-4191
-849
874
3600
6230
6850
9185
8778
9590
9064
9430
9659
9300
9178
7969
8998
9191
10449
9910
9875
9912
8822
8238
5817
4759
1901
-386
-3262
-5647
-6849
-8866
-9305
-10917
-10806
-11691
-11341
-10857
-11107
-10613
-11589
-10706
-11806
-11629
-12262
-12861
-12938
-12938
-11537
-11727
-9320
-8633
-5868
-5398
-2583
2451
3742
7705
6884
11175
12330
12794
14495
12486
16299
13761
13736
13288
13488
16258
14414
15021
14469
15638
15241
13914
12264
10973
8746
5028
2974
-694
-1296
-4657
-6855
-8536
-10492
-9361
-11001
-10306
-11107
-11075
-10877
-11792
-11895
-12174
-11691
-13037
-12928
-13724
-11926
-10697
-9345
-5799
-4919
-1064
574
3492
6259
7142
9209
8927
9788
9539
9536
9518
9275
8962
8800
9093
9125
10480
10183
10903
10269
9561
8942
6605
5716
2664
331
-2508
-5034
-6508
-8761
-9604
-10777
-11437
-11864
-11409
-10924
-10530
-10556
-11043
-10911
-11807
-10997
-11412
-11710
-11964
-12664
-11316
-11375
-9800
-8445
-7061
-4866
-3604
-1755
1908
4061
7382
7832
8669
12043
12229
14359
13669
14303
15712
13280
14036
13519
14850
15670
13507
13661
13486
13320
13096
10966
9375
7988
4668
3101
-41
-1798
-2691
-6305
-7416
-10087
-10647
-10150
-11275
-10929
-11907
-12281
-11312
-12379
-11586
-11355
-11630
-11402
-12218
-11624
-9601
-8531
-6657
-5520
-3931
-498
1186
4590
6742
7932
10256
9987
11484
11772
11219
11387
9792
9435
8826
8363
8844
8397
8342
8277
7494
7739
7025
5987
5081
2374
442
-2354
-4883
-6642
-9353
-10720
-12674
-13987
-14003
-14233
-13287
-12469
-12275
-11351
-10855
-10357
-9067
-9027
-8692
-8961
-9850
-9061
-9419
-8699
-7358
-6752
-4442
-3699
-1447
2367
4947
8893
9845
10821
13943
15241
16876
15800
15390
16447
14000
13248
12400
12454
13524
11450
11296
11134
11442
12582
10727
9595
8211
5906
3919
609
-1835
-3493
-6421
-8876
-11312
-12607
-12214
-12768
-12402
-12115
-11842
-10300
-10095
-9646
-9009
-9027
-8723
-9368
-9291
-8053
-7430
-6445
-5502
-3999
-1383
823
3484
5769
7724
9942
10984
12010
12520
12453
12380
10924
9736
9081
8132
7614
6682
6115
6241
5783
5740
5667
4941
4363
2769
846
-759
-3104
-5148
-7430
-9677
-10921
-12684
-13611
-13710
-13566
-12620
-12193
-11100
-9661
-8685
-7485
-7192
-6696
-5931
-6031
-5931
-6453
-6571
-5837
-6041
-5273
-4339
-3229
-1127
-257
1814
4523
6739
9172
9688
11029
12936
13512
13896
12826
12567
12377
10854
10035
9199
9518
9394
8043
7681
7652
8161
7916
6496
5648
4468
2753
823
-1657
-3238
-4784
-7115
-8997
-10691
-10980
-10681
-10954
-10542
-10258
-9421
-8371
-7859
-6710
-6058
-5506
-5530
-6073
-5728
-5492
-4760
-4529
-4146
-2783
-1285
1038
3002
5344
7704
9301
10795
11526
12263
12414
11603
10495
8860
7421
6060
4742
3858
3015
2460
2160
2071
2263
2324
2101
1575
615
-694
-2269
-4184
-5935
-8026
-10155
-11998
-13296
-13504
-13639
-13065
-12011
-10430
-8522
-6971
-5328
-4000
-2729
-2142
-2032
-2646
-3199
-3626
-4350
-4679
-5606
-4856
-4428
-3130
-1901
-275
3093
5091
8049
8713
11203
12626
13475
13230
11820
11746
10067
8748
6690
5901
5570
4821
4170
3884
4942
5502
6062
5555
5622
5122
3952
2311
366
-1366
-3303
-5913
-7754
-9380
-9814
-10073
-10034
-9412
-8504
-7107
-5579
-4393
-3125
-2484
-2114
-2145
-2650
-2780
-3066
-3532
-3861
-4104
-3424
-2061
-1104
1380
2686
5508
7007
8756
10328
10786
11491
10276
9526
7913
6426
4749
3316
1954
1089
206
17
445
967
1574
1592
1524
1393
717
46
-1331
-2904
-4663
-6825
-8414
-9575
-10221
-10277
-10508
-9879
-8907
-7330
-5552
-4076
-2518
-1481
-832
-712
-685
-678
-1050
-2486
-3453
-4789
-4574
-5353
-5164
-4865
-3941
-2416
-1997
395
1944
4508
5663
6096
7451
7681
8847
7800
7471
6653
5710
4830
3499
3705
3651
3956
3283
3713
4503
5707
6130
5858
5871
5516
4766
3712
2211
1468
-162
-1896
-3751
-5038
-5050
-5475
-5495
-5663
-5346
-4423
-3912
-3163
-2522
-2041
-1978
-2363
-3071
-3305
-3703
-4229
-4778
-5642
-5323
-4801
-3723
-2260
-1196
874
2432
3905
5482
6278
7506
7498
6996
6359
5263
4829
3606
2514
1676
1016
958
919
1323
2090
2870
3169
3337
3355
3548
3125
1895
635
-1229
-2643
-4320
-5793
-6417
-7325
-7549
-7720
-7345
-6069
-5190
-3975
-3247
-2671
-2155
-2370
-2255
-2555
-3055
-4183
-5633
-6597
-7198
-7645
-8035
-7755
-7305
-6042
-5267
-3521
-1100
783
3032
3599
5298
6592
7574
8274
7466
7831
7118
6666
6033
5541
6018
6103
6172
6003
6887
7843
8799
8955
8800
8825
8042
7261
5500
4344
3074
920
-1012
-3390
-4397
-5100
-6177
-6638
-7267
-6751
-6258
-6113
-5541
-5374
-4903
-5152
-5660
-5866
-6100
-6307
-7017
-7615
-7609
-6963
-6172
-4992
-3648
-1709
492
2163
4212
5723
7306
8385
8368
8548
8056
7676
7060
5847
5233
4391
4010
3888
3844
4562
4856
5283
5313
5436
5512
5023
4176
2812
1379
-626
-2497
-4605
-5935
-7452
-8481
-9205
-9390
-9000
-8434
-7641
-6633
-5910
-5096
-4701
-4475
-4534
-4851
-5118
-5682
-6578
-7364
-7936
-7931
-7773
-7641
-6859
-5842
-4570
-2900
-1836
827
2268
4530
5478
6571
8153
8715
9720
9093
9378
9010
8834
8317
7906
8150
8118
8176
7626
8026
8292
8817
8509
7721
7303
6182
5193
3430
1791
436
-1478
-3456
-5249
-6672
-7008
-7962
-8417
-8875
-8777
-8095
-7812
-7148
-6732
-6298
-6131
-6406
-6340
-6220
-6063
-6246
-6424
-6372
-5550
-4635
-3338
-1800
-352
1826
3499
5545
7340
8672
10127
10398
10584
10303
9894
9610
8533
7576
6561
5849
5485
5025
5070
5076
5062
4933
4604
4490
3972
3043
1600
-201
-2000
-3938
-5836
-7573
-9130
-10385
-11267
-11737
-11410
-10836
-9979
-9078
-8250
-7141
-6316
-5493
-4814
-4589
-4531
-4879
-5131
-5047
-5114
-5014
-5066
-4674
-4072
-3070
-2319
-861
171
1632
2524
3371
4928
5679
7085
6973
7558
7954
8023
8547
7873
8336
7790
7640
7078
6750
6865
6491
6310
5255
5266
4539
4447
3565
2672
2146
893
224
-1127
-1863
-2547
-3693
-4527
-5672
-5964
-6055
-6299
-6358
-6499
-6372
-5776
-5779
-4968
-4820
-4285
-4149
-4269
-3922
-3775
-3192
-3043
-2630
-2384
-1551
-771
344
1570
2571
4098
4817
6258
6929
7932
8508
8499
8497
7891
7486
6981
6151
5457
4550
3813
3353
2756
2436
2222
1798
1546
836
299
-149
-988
-1855
-3261
-4533
-5536
-6646
-7366
-8214
-8633
-8760
-8902
-8504
-8045
-7084
-6139
-5459
-4673
-4013
-3197
-2596
-2237
-1975
-1703
-1602
-1531
-1401
-1174
-694
-561
-410
-84
240
858
999
1227
1537
1523
1823
1500
1921
2144
2469
2665
2556
3184
3489
4122
4197
4359
4577
4479
4477
3945
4031
3640
3405
2755
2154
2221
1923
2104
1641
1576
1617
1356
1352
890
837
592
-108
-608
-1477
-1631
-2064
-2599
-3025
-3615
-3528
-3665
-3585
-3398
-3270
-2841
-2895
-2690
-2582
-2216
-1954
-2032
-2013
-2103
-1729
-1532
-1138
-705
-193
589
1112
2025
2817
3723
4517
4770
5275
5212
5493
5308
5039
4697
4042
3671
3032
2758
2360
2115
1816
1522
1369
1137
1049
620
267
-452
-1100
-1894
-2688
-3388
-4188
-4875
-5431
-5859
-5891
-5881
-5645
-5193
-4768
-4126
-3603
-3062
-2437
-2122
-1817
-1797
-1812
-1774
-1920
-1962
-2131
-2120
-1861
-1762
-1615
-1282
-920
-535
-227
-17
350
571
756
777
813
1052
1164
1361
1367
1674
2115
2510
2968
3200
3701
3992
4169
4207
4133
4248
4069
3771
3324
2988
2831
2561
2244
1892
1683
1523
1279
1006
806
657
351
-140
-691
-1057
-1384
-1869
-2429
-3026
-3330
-3625
-3923
-4042
-4142
-3954
-3894
-3805
-3500
-3103
-2527
-2218
-1914
-1472
-984
-442
-22
397
844
1314
1770
2184
2685
3274
3803
4132
4419
4732
5097
5360
5346
5309
5098
4872
4516
3978
3586
2971
2384
1679
941
426
-181
-692
-1310
-1911
-2386
-2813
-3180
-3566
-3952
-4323
-4640
-4944
-5073
-5117
-5044
-4971
-4928
-4653
-4315
-3797
-3271
-2809
-2273
-1815
-1349
-950
-589
-209
34
188
289
397
548
638
606
535
488
378
292
210
85
-57
-259
-449
-643
-668
-621
-537
-438
-367
-96
206
572
887
1126
1409
1577
1728
1813
1907
1994
1936
1788
1641
1609
1668
1710
1711
1741
1790
1856
1896
1924
1982
1925
1747
1461
1174
976
693
345
-51
-393
-610
-838
-982
-1072
-1087
-1062
-1134
-1153
-1124
-1023
-938
-975
-1038
-1046
-959
-892
-787
-607
-429
-243
-71
156
499
866
1121
1285
1452
1657
1851
1963
2013
2034
2024
1965
1882
1834
1803
1718
1549
1327
1119
948
762
543
282
9
-244
-511
-729
-896
-1029
-1160
-1353
-1502
-1562
-1564
-1547
-1579
-1583
-1553
-1531
-1511
-1487
-1420
-1360
-1382
-1455
-1519
-1532
-1545
-1618
-1744
-1857
-1938
-2005
-2078
-2138
-2170
-2220
-2325
-2457
-2542
-2572
-2621
-2734
-2847
-2883
-2840
-2762
-2620
-2344
-1930
-1449
-934
-328
406
1186
1905
2526
3106
3645
4074
4356
4538
4679
4762
4741
4641
4566
4559
4562
4513
4423
4354
4298
4183
3975
3704
3379
2950
2375
1683
1004
343
-334
-1065
-1797
-2396
-2897
-3307
-3663
-3916
-4027
-4093
-4137
-4153
-4066
-3898
-3759
-3648
-3531
-3323
-3034
-2752
-2441
-2016
-1527
-997
-439
165
875
1612
2249
2797
3313
3822
4271
4591
4795
4937
5011
4989
4876
4750
4637
4459
4158
3791
3441
3087
2658
2129
1550
965
366
-281
-946
-1559
-2106
-2651
-3212
-3710
-4069
-4319
-4536
-4738
-4861
-4883
-4861
-4835
-4772
-4628
-4446
-4301
-4194
-4043
-3811
-3556
-3344
-3153
-2906
-2586
-2260
-1961
-1646
-1284
-937
-665
-431
-169
92
282
396
472
553
661
777
880
1027
1254
1510
1749
2027
2386
2763
3080
3321
3517
3681
3769
3733
3590
3398
3160
2855
2499
2149
1850
1579
1302
1035
828
688
548
368
165
-30
-244
-522
-854
-1180
-1484
-1804
-2160
-2496
-2740
-2891
-2991
-3048
-3014
-2867
-2654
-2430
-2184
-1869
-1497
-1147
-838
-511
-143
218
548
869
1205
1553
1903
2245
2584
2946
3307
3613
3846
4045
4231
4365
4402
4360
4268
4124
3897
3594
3248
2882
2480
2012
1502
998
505
-2
-531
-1052
-1533
-1984
-2426
-2845
-3195
-3476
-3729
-3952
-4116
-4204
-4215
-4197
-4167
-4071
-3908
-3722
-3511
-3264
-2983
-2664
-2341
-2042
-1714
-1356
-1007
-688
-398
-111
167
410
615
786
943
1077
1147
1169
1182
1141
1077
973
839
701
563
404
254
124
25
-40
-79
-85
-46
21
109
198
300
408
500
558
580
584
560
519
442
380
331
314
305
325
384
488
610
738
870
1010
1134
1213
1240
1226
1176
1078
926
746
564
391
222
63
-60
-131
-167
-181
-176
-127
-60
6
62
107
153
200
228
253
301
344
410
492
597
718
868
1013
1178
1333
1479
1607
1712
1791
1834
1851
1827
1783
1690
1581
1434
1267
1077
874
646
417
168
-90
-346
-602
-854
-1085
-1304
-1494
-1661
-1797
-1901
-1974
-2010
-2016
-1992
-1939
-1869
-1784
-1679
-1579
-1457
-1350
-1232
-1125
-1032
-934
-855
-780
-718
-666
-618
-585
-550
-531
-529
-532
-547
-579
-657
-721
-777
-867
-970
-1086
-1217
-1351
-1470
-1587
-1679
-1748
-1787
-1800
-1751
-1664
-1523
-1336
-1111
-853
-563
-255
60
380
684
970
1231
1467
1680
1866
2040
2184
2320
2428
2535
2622
2703
2761
2789
2792
2746
2676
2552
2392
2169
1903
1586
1238
870
485
109
-264
-612
-946
-1244
-1490
-1692
-1851
-1970
-2044
-2071
-2053
-2002
-1916
-1781
-1651
-1486
-1272
-1065
-823
-560
-292
0
291
598
906
1205
1504
1789
2066
2304
2510
2701
2839
2924
2967
2962
2907
2796
2625
2413
2156
1845
1514
1151
772
393
5
-374
-737
-1091
-1412
-1701
-1962
-2191
-2391
-2567
-2715
-2836
-2921
-2983
-3027
-3052
-3053
-3028
-2975
-2908
-2821
-2712
-2577
-2426
-2245
-2036
-1823
-1604
-1387
-1143
-915
-707
-463
-245
-67
86
206
319
402
450
454
426
399
371
363
352
342
342
360
417
510
632
764
894
1021
1142
1269
1392
1496
1557
1573
1552
1515
1477
1437
1381
1290
1183
1084
1008
955
902
843
755
652
562
486
414
309
189
50
-92
-202
-303
-367
-431
-505
-555
-547
-501
-389
-279
-159
-26
129
427
617
885
1147
1353
1534
1736
1940
2160
2326
2437
2472
2479
2471
2469
2430
2335
2178
1985
1793
1619
1453
1266
1036
781
527
293
74
-156
-422
-724
-1040
-1339
-1605
-1845
-2077
-2308
-2525
-2696
-2794
-2817
-2786
-2731
-2660
-2563
-2427
-2247
-2046
-1853
-1689
-1542
-1399
-1246
-1094
-958
-842
-753
-682
-614
-541
-475
-430
-402
-382
-379
-403
-451
-505
-565
-642
-744
-851
-970
-1102
-1251
-1405
-1558
-1719
-1891
-2060
-2208
-2324
-2408
-2460
-2470
-2442
-2348
-2176
-1937
-1625
-1292
-921
-517
-88
384
834
1275
1657
1983
2319
2624
2908
3148
3341
3486
3597
3725
3862
3962
4010
4015
3965
3881
3800
3689
3524
3293
3003
2684
2374
2087
1791
1475
1147
829
551
345
202
63
-68
-174
-233
-205
-110
28
166
285
418
589
799
1014
1184
1277
1306
1304
1294
1261
1173
1009
779
530
306
124
-48
-230
-441
-652
-821
-948
-1044
-1163
-1327
-1524
-1729
-1900
-2053
-2202
-2375
-2573
-2751
-2879
-2945
-2962
-2959
-2953
-2944
-2904
-2817
-2722
-2635
-2564
-2532
-2505
-2482
-2463
-2453
-2466
-2488
-2517
-2538
-2554
-2538
-2501
-2527
-2527
-2485
-2474
-2446
-2408
-2352
-2270
-2173
-2082
-2010
-1937
-1852
-1741
-1625
-1532
-1473
-1432
-1372
-1262
-1098
-906
-710
-499
-247
84
506
970
1406
1795
2159
2525
2900
3271
3580
3776
3880
3960
4066
4189
4302
4362
4357
4319
4309
4347
4380
4340
4198
3963
3686
3404
3116
2770
2318
1791
1260
776
380
29
-337
-699
-1042
-1302
-1405
-1405
-1390
-1374
-1351
-1265
-1066
-783
-479
-204
43
300
589
915
1241
1498
1660
1766
1860
1956
2042
2083
2052
1973
1899
1859
1852
1842
1796
1708
1604
1508
1419
1308
1142
903
612
305
11
-281
-583
-898
-1207
-1484
-1712
-1888
-2031
-2136
-2216
-2287
-2327
-2339
-2340
-2319
-2293
-2284
-2261
-2230
-2199
-2136
-2070
-2030
-1972
-1897
-1851
-1799
-1715
-1647
-1580
-1483
-1394
-1312
-1202
-1087
-973
-842
-725
-634
-556
-507
-476
-461
-470
-513
-586
-662
-722
-765
-778
-750
-700
-623
-496
-297
-45
222
480
712
934
1163
1395
1597
1735
1797
1817
1837
1881
1925
1940
1897
1834
1794
1809
1847
1858
1812
1721
1630
1578
1555
1515
1446
1301
1164
1056
1030
984
967
837
735
673
664
695
703
671
641
676
764
918
1053
1164
1228
1316
1423
1545
1602
1569
1445
1260
1076
847
577
220
-188
-588
-963
-1281
-1595
-1900
-2208
-2473
-2716
-2892
-3076
-3247
-3444
-3610
-3768
-3883
-3988
-4099
-4180
-4223
-4202
-4123
-4009
-3862
-3681
-3447
-3163
-2840
-2522
-2200
-1897
-1573
-1239
-916
-624
-372
-138
66
283
438
581
668
725
767
799
807
810
775
765
756
749
762
754
746
764
765
761
732
654
573
497
392
289
166
33
-69
-119
-119
-96
-49
22
152
334
568
788
987
1157
1337
1522
1719
1848
1929
1961
1964
2015
2056
2087
2057
1989
1945
1919
1932
1943
1878
1783
1694
1656
1668
1657
1601
1503
1404
1356
1327
1298
1208
1073
925
819
749
699
607
492
398
371
410
477
545
577
623
713
837
953
1003
1004
950
905
878
836
757
628
505
420
379
375
356
334
304
306
341
388
394
358
294
228
155
62
-56
-199
-358
-517
-658
-785
-919
-1060
-1200
-1326
-1438
-1522
-1603
-1671
-1744
-1808
-1841
-1877
-1904
-1961
-1991
-2021
-2060
-2125
-2195
-2274
-2359
-2453
-2547
-2635
-2720
-2770
-2799
-2793
-2766
-2718
-2653
-2565
-2461
-2349
-2242
-2153
-2085
-2026
-1961
-1894
-1851
-1825
-1793
-1733
-1638
-1517
-1370
-1202
-1016
-806
-562
-291
-18
235
470
706
944
1175
1373
1530
1645
1731
1816
1883
1918
1916
1875
1829
1785
1735
1671
1588
1493
1385
1298
1220
1168
1146
1040
930
866
786
710
616
517
423
336
273
221
175
138
131
155
225
326
432
546
662
781
909
1036
1134
1194
1238
1274
1294
1306
1301
1271
1233
1203
1177
1159
1136
1097
1054
1017
975
932
877
797
700
589
461
334
195
25
-156
-338
-539
-734
-912
-1099
-1279
-1427
-1562
-1673
-1749
-1806
-1840
-1858
-1866
-1849
-1800
-1744
-1683
-1625
-1577
-1512
-1452
-1386
-1317
-1253
-1177
-1096
-1004
-895
-776
-646
-510
-370
-229
-86
44
167
275
363
446
499
553
578
600
606
611
612
621
630
643
665
688
736
788
858
935
1011
1096
1174
1264
1342
1417
1480
1521
1557
1566
1567
1545
1512
1471
1411
1373
1315
1260
1207
1154
1117
1114
1062
1029
1013
981
945
915
882
843
792
760
720
671
626
593
568
541
528
521
516
522
516
521
523
515
510
496
479
461
429
389
348
300
245
182
113
45
-27
-102
-181
-258
-332
-406
-478
-547
-614
-683
-750
-823
-890
-960
-1044
-1131
-1205
-1285
-1369
-1440
-1515
-1570
-1607
-1653
-1657
-1662
-1651
-1595
-1570
-1506
-1438
-1361
-1282
-1196
-1111
-1020
-937
-854
-785
-704
-639
-568
-509
-438
-380
-328
-273
-225
-187
-151
-110
-95
-60
-56
-45
-46
-45
-65
-76
-97
-121
-145
-181
-208
-239
-259
-276
-290
-281
-266
-234
-189
-129
-56
42
141
251
373
486
603
724
826
924
1022
1102
1177
1235
1279
1318
1355
1377
1383
1392
1401
1396
1388
1363
1339
1301
1261
1195
1136
1059
976
888
798
697
594
491
382
285
184
80
-13
-106
-191
-267
-342
-410
-459
-494
-527
-542
-554
-542
-527
-509
-486
-463
-423
-402
-379
-352
-337
-308
-299
-292
-267
-267
-244
-245
-227
-219
-219
-211
-217
-227
-235
-252
-280
-309
-333
-367
-409
-437
-443
-504
-534
-571
-612
-654
-674
-719
-749
-776
-806
-830
-845
-854
-859
-856
-841
-823
-799
-774
-746
-719
-690
-668
-650
-627
-602
-581
-561
-535
-506
-475
-435
-383
-330
-272
-210
-152
-96
-41
18
66
106
148
187
213
238
265
288
312
345
374
392
410
441
470
493
516
539
555
571
592
612
625
636
647
655
660
664
661
651
633
617
598
570
543
517
487
468
447
427
417
408
395
390
381
367
356
341
324
315
289
259
243
228
213
202
188
184
189
186
188
194
195
196
194
191
185
177
164
153
138
112
98
72
46
13
-25
-66
-111
-168
-206
-270
-318
-388
-443
-496
-557
-511
-605
-646
-680
-719
-751
-767
-799
-808
-829
-829
-834
-825
-819
-801
-777
-745
-708
-669
-619
-566
-518
-467
-412
-355
-312
-262
-211
-168
-132
-91
-48
-18
7
38
61
71
82
86
79
71
51
39
6
-28
-49
-86
-106
-145
-172
-186
-213
-226
-246
-251
-244
-241
-226
-207
-172
-131
-82
-29
38
114
189
267
345
428
509
590
671
751
827
899
962
1019
1074
1118
1162
1201
1232
1252
1267
1274
1266
1252
1234
1204
1164
1124
1071
1004
937
872
793
701
623
540
455
367
273
202
113
33
-44
-115
-172
-237
-289
-336
-373
-413
-438
-468
-479
-484
-503
-504
-518
-511
-517
-511
-499
-503
-485
-484
-475
-429
-447
-434
-414
-412
-405
-395
-391
-384
-384
-376
-378
-384
-380
-383
-389
-394
-400
-405
-421
-427
-435
-450
-458
-473
-479
-484
-499
-508
-516
-515
-522
-536
-532
-538
-538
-537
-545
-540
-544
-537
-540
-539
-531
-533
-520
-517
-505
-497
-486
-473
-460
-434
-416
-383
-360
-324
-284
-240
-204
-149
-103
-56
-10
18
73
139
201
246
302
343
397
445
489
523
567
599
616
654
663
675
686
685
685
673
666
644
627
597
576
537
512
474
440
407
371
329
296
259
224
189
165
127
108
79
70
59
49
38
35
46
48
58
63
81
93
102
117
122
148
147
152
156
156
154
145
141
122
135
107
90
72
44
27
-3
-38
-71
-104
-144
-176
-218
-251
-292
-334
-369
-404
-438
-465
-490
-521
-536
-561
-577
-587
-597
-602
-605
-601
-601
-590
-577
-563
-545
-527
-503
-480
-454
-424
-405
-370
-347
-323
-298
-277
-248
-233
-206
-185
-174
-152
-145
-129
-116
-103
-100
-93
-77
-87
-68
-65
-51
-46
-51
-49
-35
-21
-10
0
14
39
55
71
97
114
148
175
199
234
258
300
328
366
392
432
462
498
525
559
596
621
642
668
691
706
721
740
747
751
754
751
746
740
727
711
694
673
650
621
590
559
530
494
458
418
381
352
299
266
224
186
145
111
79
39
7
-25
-20
-78
-95
-126
-142
-172
-180
-198
-211
-218
-233
-230
-246
-248
-247
-248
-247
-244
-232
-234
-220
-215
-202
-200
-189
-186
-175
-170
-165
-166
-159
-158
-162
-168
-168
-174
-186
-196
-205
-221
-236
-250
-269
-293
-312
-331
-352
-372
-387
-405
-423
-433
-441
-450
-459
-462
-462
-459
-459
-449
-433
-428
-414
-386
-358
-348
-317
-289
-257
-226
-188
-161
-123
-84
-54
-21
15
47
79
110
137
160
176
204
226
236
251
255
263
268
275
279
267
272
261
251
251
235
227
218
201
192
181
165
158
144
140
133
125
127
112
114
113
109
122
115
113
125
123
130
140
139
147
164
164
170
176
177
208
190
190
200
189
191
185
187
169
165
147
135
124
108
88
68
52
22
10
-16
-40
-63
-83
-109
-132
-149
-172
-196
-213
-229
-252
-263
-273
-288
-300
-315
-314
-322
-326
-330
-330
-330
-325
-320
-323
-312
-300
-296
-285
-281
-275
-258
-249
-244
-230
-230
-214
-203
-195
-184
-173
-166
-166
-159
-121
-144
-137
-131
-126
-128
-118
-117
-124
-120
-119
-109
-115
-108
-107
-98
-100
-89
-91
-78
-79
-63
-63
-49
-44
-31
-22
-10
3
12
30
39
55
65
82
96
106
125
130
147
158
171
180
187
203
205
213
219
227
223
231
233
231
233
227
230
223
220
213
205
206
189
185
176
171
155
148
142
127
120
108
101
87
75
71
53
45
34
22
11
1
-11
-21
-33
-37
-50
-63
-66
-74
-85
-89
-95
-101
-109
-111
-115
-120
-121
-123
-126
-123
-127
-124
-123
-120
-120
-117
-111
-108
-107
-100
-97
-90
-90
-81
-82
-72
-80
-66
-66
-54
-53
-48
-48
-44
-39
-38
-44
1
-16
-24
-16
-20
-22
-25
-32
-25
-31
-32
-38
-43
-49
-55
-56
-63
-59
-75
-75
-82
-80
-89
-92
-94
-95
-96
-99
-102
-99
-99
-98
-94
-88
-89
-89
-84
-75
-64
-62
-57
-49
-38
-33
-28
-15
-10
1
9
31
32
41
48
64
61
66
74
81
84
91
92
89
92
98
94
77
77
76
67
58
45
39
28
17
6
-10
-18
-32
-48
-61
-73
-80
-93
-105
-111
-118
-123
-130
-134
-137
-135
-131
-126
-120
-119
-104
-103
-90
-82
-62
-55
-37
-27
-11
-1
15
32
48
62
68
75
89
98
110
108
109
111
106
109
100
92
82
69
63
51
36
11
-2
-7
-31
-51
-72
-83
-96
-123
-132
-147
-158
-168
-181
-176
-185
-191
-188
-184
-174
-173
-164
-149
-140
-125
-103
-90
-75
-51
-26
-6
12
36
54
73
100
112
121
142
153
161
170
174
175
175
178
176
165
157
153
138
127
114
96
82
66
49
32
18
-3
-16
-30
-43
-50
-74
-75
-73
-92
-91
-93
-91
-84
-92
-83
-69
-64
-55
-44
-33
-19
-2
7
21
41
50
67
80
90
105
111
121
135
133
136
144
142
137
138
134
123
125
113
98
92
80
70
55
36
31
17
2
-11
-23
-36
-50
-56
-75
-78
-86
-89
-104
-97
-105
-104
-111
-100
-100
-100
-94
-89
-78
-82
-72
-67
-55
-57
-46
-34
-30
-26
-20
-10
-13
-8
0
2
6
9
15
13
15
13
11
9
8
4
-1
-5
-9
-19
-24
-30
-33
-41
-45
-51
-58
-64
-74
-76
-87
-87
-97
-97
-102
-105
-107
-107
-107
-112
-108
-109
-107
-108
-106
-99
-95
-89
-88
-77
-72
-69
-66
-55
-53
-52
-39
-32
-32
-25
-12
-11
-11
-2
5
5
7
16
15
15
12
19
9
10
6
6
-1
-5
-10
-15
-21
-27
-34
-37
-42
-51
-56
-57
-67
-70
-72
-79
-79
-80
-87
-85
-83
-88
-86
-82
-82
-81
-79
-73
-69
-70
-63
-55
-57
-52
-43
-44
-42
-36
-34
-32
-33
-29
-24
-29
-26
-23
-29
-23
-21
-29
-25
-20
-25
-26
-24
-25
-25
-25
-26
-28
-25
-24
-25
-25
-24
-22
-19
-18
-19
-18
-16
-12
-11
-13
-6
-3
-4
-3
3
6
6
8
11
11
13
15
15
14
16
16
16
17
15
16
19
17
15
19
21
22
18
19
30
32
21
30
43
36
36
49
47
50
61
61
60
69
72
73
77
76
81
82
83
81
81
80
82
79
70
75
69
68
57
54
54
38
40
27
31
13
13
3
-2
-3
-15
-20
-18
-24
-29
-27
-42
-31
-33
-39
-33
-37
-37
-26
-32
