-3
0
0
-5
-2
0
-1
3
-5
-3
1
2
-5
2
1
0
-4
1
-4
-2
1
0
-2
4
-1
-4
-3
0
1
-6
1
3
-8
0
5
-7
-7
6
1
-9
4
3
-7
0
2
-3
-13
9
1
-10
6
2
-6
1
4
-3
-6
5
0
-8
0
3
-8
-7
6
2
-10
-2
4
-8
0
9
-9
-6
9
-1
-8
3
2
-8
-1
5
-6
-8
8
0
-9
4
3
-11
-1
11
-1
-8
1
1
-8
0
7
-6
-6
5
0
-7
1
2
-6
-3
5
-8
-12
2
0
-3
3
1
-5
-5
1
0
-2
-2
1
-4
-3
0
-4
-4
0
-1
-3
2
2
-1
-4
-7
-6
-1
-7
-9
-5
-10
-11
-1
-2
-4
0
-3
-6
-6
-2
-1
-5
4
7
-3
1
6
-4
-1
10
2
-6
2
5
-8
-3
7
-4
-4
7
-1
-4
2
-1
-12
-5
2
-10
-13
4
-5
-14
2
-4
-19
-9
4
-6
-14
-1
-1
-17
-4
5
-10
-6
1
-5
-4
-3
-4
-3
-4
-2
0
0
-1
-1
2
-1
1
9
3
-3
3
0
-1
3
-3
-1
-2
-6
-4
-4
-9
-9
-6
-10
-11
-9
-7
-7
-5
-4
-5
-13
-17
-11
-8
-7
-8
-8
-9
-8
-8
-7
-7
-9
-9
-6
0
-1
-5
-4
-2
-3
0
2
2
1
-1
-2
1
0
0
-5
-6
-2
-5
-4
-1
-11
-6
-4
-10
-14
-15
-13
-6
-12
-14
-11
-11
-10
-13
-15
-9
-17
-20
-9
-10
-14
-13
-9
-7
-11
-13
-8
-7
-8
-6
-1
-2
-8
-4
-2
-6
-5
-1
1
-2
0
6
0
-7
-2
-2
-8
-4
-5
-4
-1
-5
-7
-2
-3
-12
-20
-17
-11
-15
-17
-14
-15
-16
-17
-16
-12
-14
-25
-26
-15
-14
-17
-15
-15
-15
-16
-15
-12
-16
-15
-9
-11
-13
-8
-9
-9
-5
-8
-7
-5
-10
-7
-1
-6
-10
-10
-8
-7
-8
-7
-6
-8
-8
-7
-7
-12
-15
-11
-10
-13
-18
-16
-14
-15
-16
-15
-14
-15
-19
-21
-17
-13
-13
-17
-19
-17
-18
-15
-14
-14
-17
-18
-19
-16
-13
-15
-15
-15
-17
-16
-18
-14
-14
-15
-10
-16
-19
-17
-18
-16
-11
-12
-12
-9
-12
-12
-12
-16
-17
-16
-17
-16
-15
-14
-14
-12
-12
-13
-15
-16
-17
-16
-17
-17
-16
-16
-18
-17
-15
-17
-18
-14
-15
-20
-18
-15
-14
-15
-17
-16
-18
-19
-14
-15
-17
-16
-21
-22
-15
-17
-18
-15
-17
-15
-15
-16
-18
-15
-17
-15
-15
-15
-17
-16
-12
-14
-15
-16
-13
-19
-18
-15
-14
-18
-18
-14
-17
-16
-13
-10
-13
-14
-12
-16
-18
-15
-15
-16
-16
-14
-15
-17
-15
-17
-17
-17
-16
-21
-16
-16
-16
-11
-14
-23
-20
-22
-19
-18
-20
-19
-22
-21
-19
-20
-22
-23
-13
-18
-19
-26
-16
-23
-21
-13
-21
-21
-18
-22
-20
-19
-23
-20
-13
-16
-15
-18
-17
-18
-16
-9
-19
-17
-13
-17
-17
-18
-11
-10
-11
-14
-16
-13
-10
-13
-12
-11
-12
-11
-12
-8
-2
-14
-9
-6
-11
-7
-6
-9
-4
-8
-9
-7
-6
-6
-8
-15
-12
-12
-12
-10
-10
-14
-17
-12
-10
-14
-12
-10
-12
-15
-13
-14
-16
-16
-16
-16
-14
-15
-16
-16
-15
-16
-19
-21
-9
-15
-19
-17
-18
-18
-18
-14
-13
-17
-17
-18
-16
-12
-15
-9
-10
-12
-13
-13
3
-7
-10
-4
-6
-9
-8
-4
-3
-5
-4
-4
-4
-5
-3
-5
-2
-4
-6
3
-14
-5
-2
2
-11
-2
-7
-4
-3
-5
-3
-5
-3
-5
-4
-2
-8
-8
-8
-11
-8
-8
-8
-10
-9
-8
-8
-7
-7
-8
-11
-13
-11
-13
-11
-11
-14
-10
-11
-11
-14
-10
-10
-19
0
-7
-11
-5
-9
-9
-9
-6
-9
-8
-10
-7
-10
-7
-8
-2
-7
-4
-6
-4
-2
-5
0
-4
-4
-4
-5
-2
-5
-1
-1
-1
0
2
1
0
1
2
0
0
0
1
0
0
0
-1
1
-1
-1
-1
0
0
0
1
2
3
-1
-3
-2
-4
-6
-5
-7
-10
-8
-4
-9
-8
0
-8
-3
-1
2
-5
-2
1
-1
5
5
1
10
5
4
5
3
4
2
3
4
5
6
6
2
-2
6
5
-2
0
3
-3
-3
-11
-2
-6
-6
-12
-11
-5
-9
-8
-12
-11
-11
-11
-13
-11
-16
-11
-11
-5
-7
-10
-9
-1
-7
-11
0
-6
-6
1
-5
-4
-6
0
1
-1
-4
-8
-5
-2
-5
-5
-2
-2
-6
-5
-6
-2
2
-10
-2
-5
-2
-10
-8
-5
-8
-7
-9
-8
-8
-10
-6
-11
-8
-9
-8
-7
-10
-6
-6
-11
-4
-9
-7
-10
-7
-2
-3
-4
-10
-5
-1
-7
-6
-12
-1
-4
-3
2
-5
-5
-4
-5
-3
-2
-6
-6
-4
-10
-1
-5
-3
-2
-4
-3
-3
1
-3
6
1
6
5
7
2
8
7
7
9
6
5
15
9
11
11
6
7
9
9
10
9
3
6
9
9
7
4
-2
0
1
-1
-10
-4
-8
-9
-12
-11
-13
-20
-14
-18
-24
-19
-26
-22
-22
-25
-33
-24
-21
-31
-28
-26
-32
-31
-39
-34
-27
-29
-33
-27
-30
-30
-21
-22
-21
-15
-20
-17
-12
-10
-1
-10
3
-1
5
9
7
16
16
9
18
27
21
21
20
20
20
20
25
18
17
20
17
22
15
15
10
10
6
4
3
-2
-3
-7
-7
-17
-18
-18
-22
-21
-23
-24
-28
-26
-29
-32
-32
-34
-37
-39
-36
-33
-35
-34
-36
-32
-31
-25
-23
-20
-22
-19
-12
-11
-8
-8
-2
-1
4
7
4
7
8
15
14
16
13
14
13
20
19
14
16
15
13
10
14
11
8
4
8
3
-1
0
-1
-4
-13
-12
-13
-13
-16
-21
-24
-26
-23
-28
-22
-22
-27
-25
-23
-16
-29
-23
-25
-19
-28
-25
-22
-20
-18
-13
-8
-15
-17
-15
-11
-11
-9
-4
-3
2
1
-2
-4
-5
-4
5
5
3
3
2
1
10
3
8
1
-6
1
0
-1
-1
-2
-4
1
-13
-10
-10
-5
-8
-13
-8
-3
-7
-19
-12
-16
-16
-15
-20
-16
-17
-16
-21
-18
-7
-22
-16
-13
-18
-20
-14
-16
-18
-15
-13
-15
-14
-14
-15
-14
-12
-10
-11
-13
-11
-2
-5
-7
-5
-4
1
-4
-1
4
2
5
8
0
8
11
4
5
10
13
1
6
6
9
3
5
6
6
-3
0
0
3
4
-7
-8
-4
-3
-4
-14
-11
-10
-10
-13
-12
-1
-20
-16
-6
-16
-10
-12
-17
-13
-13
-9
-9
-13
-10
-10
-13
-7
-10
-8
-10
-8
-6
-9
-8
-2
-10
-5
-2
-5
-6
-2
0
-3
2
-3
1
-1
5
2
4
4
2
-2
4
11
5
3
4
2
0
5
8
4
-3
0
-2
0
0
-5
-3
-5
-4
0
-1
9
-6
-2
3
-6
-4
-2
-11
-4
-5
-7
-7
-9
-7
-7
-9
-6
-9
-10
-10
-4
-10
-12
-9
-8
-8
-7
-7
-9
-10
-4
-4
-9
-10
-7
-6
-3
-11
-8
-12
0
-10
-13
-2
-3
-6
-1
-3
-4
-4
1
1
-1
-1
1
2
0
-2
-2
1
0
-3
-4
5
4
-6
-3
-3
-5
-2
-5
-4
-3
-4
-4
-1
-5
-6
-3
-9
-5
-5
-6
4
-11
2
-7
-10
-4
-4
-4
-3
-4
-9
-10
-9
-9
-9
-8
-5
-10
-8
-7
-8
-11
-9
-8
-12
-5
-10
-6
-10
-8
-3
-9
-5
-8
-5
-2
-6
-3
-4
-4
-1
-4
-5
-9
-3
17
3
5
9
6
1
2
8
6
11
7
12
10
11
7
7
10
8
6
17
1
8
5
9
3
4
4
8
2
4
-3
5
5
-1
-2
4
-3
-7
-3
-6
-4
-5
-3
-10
-9
-4
-10
-9
-8
-8
-18
-9
-11
-15
-13
-10
-13
-12
-15
-9
-14
-12
-8
-23
-15
-16
-16
-13
-18
-17
-13
-16
-17
-17
-19
-12
-15
-13
-18
-5
-13
-11
-12
-12
-12
-15
2
-7
-8
-12
-9
-5
-5
2
-5
-4
3
4
1
11
4
4
1
3
3
5
6
24
7
8
7
7
7
7
7
8
8
9
7
8
5
7
10
8
6
6
15
7
14
1
7
10
1
6
4
2
4
4
2
6
-3
2
6
4
3
1
5
5
2
6
-6
-3
-1
-3
-10
-2
-6
-3
-7
-7
-2
-13
-8
-5
-9
-5
-7
-10
-8
-7
-15
-10
-17
-11
-12
-16
-17
-17
-16
-16
-17
-15
-17
-16
-20
-21
-16
-15
-15
-16
-20
-15
1
-15
-12
-8
-13
-12
-12
-10
-15
-11
-12
-11
-13
-6
-14
-13
-9
-9
-10
-7
-10
-7
-4
-3
-4
-4
-2
-2
-5
-5
-5
-5
10
5
4
6
6
4
4
7
4
6
2
9
2
4
6
8
6
8
6
4
6
4
3
4
0
6
3
2
4
3
9
6
5
-4
2
5
-5
-6
-4
-2
-5
-12
-3
-3
-6
-4
-11
-7
-3
-7
-5
-2
-3
-4
-7
-11
-10
-7
-9
-6
-5
-9
-8
-5
-2
-10
-7
-7
-9
-8
-7
-8
-9
-10
-2
-10
-9
-7
-2
-2
-3
-6
-4
-7
-4
-7
-6
-2
-2
-5
-4
-4
-4
-3
-7
-9
-4
-8
-9
-7
-8
-6
-8
-10
-8
-9
-8
-6
-8
-8
-14
-8
-3
-12
-10
-8
-8
-10
-5
-8
-9
-10
-7
-10
-7
-6
-10
-10
2
-7
-4
-3
-5
-6
-6
-9
-2
-6
-5
1
-2
-5
2
1
-1
1
1
-4
-5
-4
-5
-2
-2
-6
-4
-2
-2
-4
-2
0
8
-7
-3
-1
-4
-4
-3
-4
-7
-2
-8
0
-3
-5
-10
-2
2
-5
-6
-3
-4
-5
-9
-1
-3
-6
-1
-1
-2
-5
-5
-3
1
-9
-5
-1
-4
-6
-2
-5
-6
-7
-5
-7
-8
-7
-6
-3
-4
-2
-2
-7
-13
-10
-8
-8
-7
-9
-6
-6
-8
-7
-15
-11
-10
-17
-14
-10
-13
-14
-9
-11
-14
-12
-12
-13
-12
-11
-13
-12
-14
-11
-11
-12
-14
-14
-8
-12
-13
-13
-11
-9
-13
-7
-8
-9
2
-5
-5
-3
-6
-3
-4
1
-5
-4
-6
4
1
-2
-4
6
4
1
4
6
3
4
6
4
3
5
4
3
1
3
8
14
9
0
9
10
0
4
3
4
5
2
1
3
4
4
5
4
4
-1
0
-1
-3
3
-7
-4
-2
-1
-11
-2
-6
-6
-6
-4
-3
-10
-9
-10
-10
-12
-10
-12
-12
-13
-14
-14
-13
-10
-11
-13
-12
-12
-11
-12
-13
-13
-13
-9
-10
-16
-12
-12
-13
-10
-16
-14
1
-1
-6
-2
-4
-3
-5
-10
-6
-4
-4
-4
-3
-1
-3
-6
-1
-1
-3
-3
-5
-3
-4
-5
-3
-4
-4
-3
-3
-3
-5
-4
-1
1
0
0
0
1
1
-1
0
0
-1
0
0
0
0
0
0
1
0
0
1
0
2
1
-2
1
0
-3
-2
-1
-2
-2
-5
-7
-3
-4
-7
-5
-3
-2
0
-1
0
5
7
4
5
5
3
4
3
1
4
5
3
1
0
-1
-3
-4
-5
-4
-2
-2
-4
-7
-5
-3
-4
-6
-6
-6
-7
-8
-7
-7
-8
-10
-8
-9
-10
-10
-7
-5
-4
-1
-2
1
1
5
4
6
7
4
6
2
3
3
13
10
1
-17
-22
-21
-15
-16
-20
-22
-17
-9
-3
-3
-8
-11
-1
11
16
14
8
0
0
3
6
0
-8
-11
-5
1
-1
-15
-21
-18
-12
-14
-17
-23
-24
-24
-17
-18
-26
-22
-15
4
12
23
15
25
26
26
26
20
13
12
20
26
18
13
13
0
-39
-21
-11
-8
-15
-15
-23
-23
-16
-8
-2
-7
3
4
17
17
-1
-9
-9
-10
-11
-10
-1
7
-6
-24
-26
-16
1
2
-13
-33
-37
-25
-5
-1
-11
-17
-15
-2
-3
-11
-16
-19
-16
-29
-49
-79
-59
-39
-3
5
-4
-2
4
33
24
32
14
13
-8
35
53
70
-54
7
51
108
124
91
14
-44
-95
-90
-87
-63
-58
-18
19
52
67
68
56
47
84
193
327
418
455
496
550
562
478
320
146
0
-88
-125
-154
-218
-297
-336
-330
-333
-365
-377
-309
-146
40
162
167
97
73
171
337
410
341
206
114
67
27
-76
-252
-394
-414
-377
-313
-340
-531
-556
-542
-410
-391
-485
-590
-605
-438
-318
-240
-275
-300
-305
-285
-212
-212
-240
-332
-288
-216
-158
-174
-201
-106
-14
91
72
32
-36
-62
2
60
144
132
181
226
308
364
358
367
327
350
340
389
418
452
486
473
498
466
490
471
481
488
475
478
470
462
422
388
361
313
283
132
168
66
56
44
-22
-1
-173
-199
-266
-254
-273
-398
-438
-512
-463
-504
-467
-556
-481
-505
-533
-548
-676
-589
-661
-658
-645
-704
-627
-744
-706
-718
-716
-799
-913
-965
-1033
-1063
-1160
-1094
-1064
-993
-999
-1019
-952
-995
-901
-916
-842
-712
-572
-322
-59
326
727
1090
1340
1585
1837
2096
2217
2275
2443
2623
2880
3070
3319
3507
3677
3697
3603
3524
3240
3082
2782
2479
2354
1980
1839
1494
1236
924
476
204
-339
-652
-1065
-1514
-1773
-2050
-2325
-2418
-2475
-2639
-2536
-2734
-2592
-2494
-2739
-2562
-2615
-2365
-2222
-2363
-2030
-1791
-1625
-1463
-1447
-1233
-1088
-1257
-1178
-1087
-1062
-1050
-1341
-1339
-1242
-1386
-1514
-1648
-1724
-1706
-1958
-2171
-2078
-2105
-2079
-2286
-2254
-2006
-1877
-1713
-1235
-237
82
632
906
1570
2500
2154
2941
3172
3562
4044
3577
4660
4973
5198
5580
5214
5659
5450
5022
4930
4393
4086
3441
2709
2604
2295
1930
1344
985
837
359
-115
-823
-869
-1506
-2150
-2354
-2805
-2272
-2703
-2528
-2135
-2231
-1621
-1969
-1612
-1421
-1661
-1528
-1546
-1213
-1009
-745
-683
-515
-273
-135
-7
-103
-46
-185
-554
-822
-969
-1022
-1283
-1676
-1846
-1775
-1996
-2350
-2520
-2908
-3303
-3859
-4114
-4157
-4316
-4428
-4682
-4488
-4534
-4209
-4055
-4171
-3571
-3712
-3147
-2988
-2508
-454
-315
764
1144
1877
4312
3320
4947
5472
5488
7086
5155
7442
8054
7766
8924
7270
8827
8528
7727
8256
6882
6755
5621
3981
3794
3165
2489
1608
367
97
-391
-1337
-1780
-2159
-2684
-3626
-4578
-4698
-4430
-4564
-4840
-4874
-4510
-4038
-3741
-3236
-2510
-2010
-1926
-1863
-1365
-703
-374
-382
-118
238
470
723
1061
1484
1429
1080
807
897
668
182
-409
-1002
-1211
-2111
-2252
-2481
-2871
-2981
-4344
-4115
-4542
-4663
-5015
-6129
-5397
-6583
-6467
-6184
-6563
-5762
-5874
-5700
-4579
-4906
-2047
-1809
-891
793
369
4210
2833
4001
6302
5248
7824
5675
7546
9967
9205
10643
9447
10441
11130
9813
10621
9345
8936
8759
5563
6090
5013
4038
3349
1418
1374
306
-688
-1213
-1840
-1908
-3943
-4845
-5258
-5584
-5169
-6406
-6392
-6005
-6103
-5520
-5643
-4255
-3366
-3481
-3050
-3025
-1467
-1086
-1298
-503
-501
224
-80
347
1669
1495
1525
1258
1848
2300
1416
842
371
163
-731
-1582
-2032
-2419
-2902
-4226
-4438
-4657
-4675
-5010
-6275
-5913
-6617
-6987
-7242
-8067
-6912
-7351
-7250
-7029
-6300
-3336
-3036
-1353
-931
667
4120
2658
4997
5739
6424
7688
5335
8752
9420
9500
10650
9349
11852
11882
11486
12346
11123
11479
9954
7672
7792
6359
5455
3815
1789
1729
393
39
-804
-1236
-1333
-3332
-3808
-4668
-4621
-4963
-6564
-6580
-7051
-6777
-7005
-6752
-5238
-5243
-4624
-4239
-3126
-1716
-2015
-1242
-1050
-848
-602
-925
114
335
318
296
453
1362
1370
1525
1361
847
507
-302
-894
-1511
-2065
-3222
-4094
-4615
-5287
-4690
-5577
-6062
-5877
-6776
-6448
-6810
-7102
-6992
-7782
-7511
-7497
-7918
-5389
-4593
-3754
-1925
-2218
2049
2502
2691
6039
5118
7922
7109
6734
10169
8994
10293
9670
9768
12075
10866
12335
11810
11303
12530
10061
9886
9255
8065
7276
3968
3221
2625
1168
62
-1409
-1267
-2358
-3740
-3919
-4165
-4065
-5245
-6042
-6020
-6405
-6380
-6799
-6817
-6486
-6211
-6077
-5805
-4061
-3347
-3249
-2303
-1810
-904
-508
-511
233
497
204
-50
347
796
727
464
432
777
463
181
29
-240
-448
-1460
-2179
-2668
-3145
-3750
-4968
-4962
-5492
-6506
-6469
-6999
-6716
-6923
-7568
-7348
-6866
-6361
-6607
-5130
-4394
-3582
-2151
-1729
1053
1834
2766
4561
4924
7125
7279
7721
9526
9682
10619
10424
10641
12227
11644
11822
11505
11102
12029
9966
9469
9375
7721
7268
4906
3873
3501
1641
413
-1008
-1483
-2332
-3478
-4006
-4636
-4514
-5434
-6227
-5984
-6167
-6054
-6750
-6873
-6091
-6247
-5956
-5674
-4856
-3897
-4082
-3409
-2533
-1666
-1101
-1117
-236
390
560
695
882
1312
1306
929
1055
1043
684
529
-225
-186
-687
-1607
-1644
-2726
-2832
-3626
-4666
-4369
-5307
-5573
-6275
-7031
-6590
-7618
-7855
-7606
-7779
-7018
-7556
-6513
-4844
-4452
-2470
-2263
-96
2341
1932
4578
5331
6363
8051
7035
8894
9765
9778
10464
9666
11151
11643
10952
11752
10930
11711
11314
9150
10054
8815
7721
6667
4139
4165
2553
815
-240
-1629
-1835
-3667
-4294
-4410
-4955
-4815
-6293
-5876
-5761
-6108
-5746
-6607
-5455
-5720
-6156
-5466
-5581
-4376
-4441
-4460
-3130
-2636
-1858
-1231
-1006
525
576
623
1508
1194
2178
1263
877
1286
338
728
-501
-534
-607
-1776
-1648
-2579
-2470
-2839
-3875
-3734
-4486
-4796
-5442
-6535
-6242
-7336
-7802
-7724
-8475
-7400
-8029
-7141
-5320
-5300
-2946
-2525
-664
2038
1995
4370
5243
6197
7973
7195
8770
9659
9313
10322
9486
10627
11496
10603
11702
11007
11544
11836
9956
10774
9725
8618
7841
5332
5446
3613
1694
772
-1352
-1395
-3442
-4347
-4232
-5371
-4765
-6064
-5984
-5193
-5813
-5327
-5910
-5554
-5185
-5926
-5380
-5441
-5084
-4759
-5427
-4147
-3475
-3082
-1966
-1858
-404
296
476
1555
1634
2342
2213
1693
1945
1213
1089
275
-619
-603
-1696
-1930
-2515
-3099
-3005
-4109
-4008
-4270
-5001
-4976
-6153
-6230
-6611
-7844
-7368
-8213
-8100
-7629
-8342
-6406
-6142
-4913
-3066
-2691
490
1328
2960
5165
5690
7884
7995
8802
10024
9857
10551
10163
10282
10963
10417
10728
10666
10585
11200
10186
10265
10240
9457
8965
7270
6725
5434
3757
2498
412
-575
-2246
-3916
-4587
-5621
-6044
-6427
-7049
-6576
-6330
-6273
-5826
-5842
-5078
-5043
-5129
-4616
-4793
-4417
-4793
-4690
-3959
-3987
-3379
-2884
-2235
-1281
-627
141
963
1691
2084
2182
2373
2362
2085
1637
846
340
-381
-1274
-1870
-2584
-3040
-3768
-4291
-4396
-4762
-5042
-5459
-5924
-5989
-6275
-6890
-7002
-7456
-7597
-7551
-7901
-6993
-6489
-5764
-4481
-3502
-1275
244
1712
3893
5271
7152
8307
9009
10599
10915
11223
11478
11063
11676
11221
10776
10900
10293
10542
9979
9514
9722
8967
8685
7574
6644
6198
4529
3430
1707
270
-838
-2909
-3936
-5187
-6056
-6617
-7620
-7524
-7458
-7168
-6814
-6724
-5749
-5140
-4825
-4300
-4063
-3453
-3395
-3366
-2838
-2884
-2546
-2490
-2244
-1496
-1277
-470
27
614
1508
1608
2225
2549
2541
2621
1931
1577
1028
53
-677
-1860
-2630
-3390
-4554
-5069
-5649
-6137
-6418
-6978
-7082
-6938
-7157
-7333
-7282
-7262
-7084
-7121
-6973
-6270
-5813
-5031
-4250
-3081
-1201
-23
1550
3348
4894
6815
7939
9170
10640
11322
11949
12121
12381
12648
12138
11883
11383
10949
10691
9743
9246
8767
8058
7477
6448
5770
5053
3955
2815
1439
523
-679
-2178
-3253
-4397
-5177
-6087
-6965
-7190
-7386
-7329
-7375
-7146
-6342
-5913
-5361
-4792
-4209
-3418
-3103
-2727
-2237
-1876
-1638
-1615
-1301
-1031
-760
-512
-433
120
435
613
934
1127
1447
1306
1152
1044
561
260
-557
-1446
-1985
-2988
-3802
-4600
-5496
-6030
-6758
-7307
-7630
-7870
-7948
-8220
-8040
-7831
-7527
-7149
-6689
-5804
-4983
-3985
-3097
-1685
-200
1103
2449
3965
5371
6897
7881
8986
10057
10866
11459
11704
12199
12473
12227
12145
11755
11498
11221
10349
9736
9202
8347
7448
6434
5512
4519
3420
2140
857
-22
-1209
-2554
-3491
-4385
-5141
-5887
-6520
-6790
-6911
-6889
-6993
-6676
-6027
-5702
-5254
-4718
-4204
-3515
-3131
-2792
-2340
-1844
-1587
-1523
-1164
-911
-531
-452
-210
93
581
656
795
962
1233
1049
861
553
315
-247
-842
-1736
-2270
-2978
-3828
-4754
-5253
-5971
-6473
-7087
-7485
-7733
-7742
-8130
-8121
-7976
-7697
-7508
-7001
-6499
-5516
-4644
-3632
-2543
-1011
342
1807
3138
4733
6206
7551
8612
9696
10667
11486
11820
12241
12383
12643
12289
12142
11628
11430
10804
10125
9354
8884
7939
7256
6094
5477
4441
3531
2095
1126
-59
-951
-2496
-3405
-4450
-5089
-6039
-6646
-7077
-7081
-7169
-7190
-6919
-6351
-5809
-5325
-4850
-4136
-3456
-2996
-2729
-2288
-1817
-1541
-1479
-1318
-1003
-743
-674
-594
-277
116
273
324
515
778
798
570
326
118
-195
-780
-1517
-2096
-2630
-3425
-4298
-4973
-5579
-6191
-6868
-7468
-7695
-7905
-8172
-8326
-8026
-7759
-7387
-6976
-6279
-5261
-4235
-3157
-2033
-446
902
2375
3541
5155
6451
7806
8614
9776
10562
11407
11601
11983
12169
12424
12112
11947
11554
11518
10770
10271
9449
9109
8214
7364
6255
5555
4447
3417
1903
1045
-241
-1191
-2719
-3612
-4576
-5253
-6187
-6777
-6997
-7047
-7158
-7131
-6800
-6203
-5885
-5396
-5049
-4181
-3839
-3309
-3168
-2551
-2252
-2019
-2052
-1740
-1394
-1235
-1112
-896
-437
-123
60
193
530
796
792
676
553
523
41
-441
-1135
-1466
-2279
-2907
-3889
-4291
-5080
-5578
-6450
-6758
-7169
-7416
-7851
-7871
-7725
-7404
-7218
-6758
-5980
-5088
-4141
-3173
-1900
-362
872
2417
3506
5333
6377
7764
8474
9609
10336
10962
11166
11477
11659
11675
11420
11113
10916
10592
10029
9480
8813
8479
7550
6905
5932
5256
4278
3263
1996
1102
-144
-1074
-2556
-3367
-4502
-5159
-6127
-6679
-7083
-7224
-7333
-7298
-6995
-6563
-6039
-5623
-5014
-4399
-3773
-3289
-2941
-2437
-2165
-1780
-1781
-1415
-1350
-993
-1060
-725
-548
-174
6
174
460
674
793
814
720
650
408
-53
-468
-1041
-1553
-2202
-3066
-3625
-4503
-5000
-5899
-6332
-6962
-7208
-7654
-7760
-7761
-7586
-7320
-6916
-6330
-5534
-4556
-3465
-2409
-1028
303
1725
3091
4352
5881
6974
8124
8948
9737
10492
10884
11220
11249
11465
11206
11146
10619
10517
9990
9575
9008
8414
7892
7220
6428
5671
4717
3919
2775
1785
697
-384
-1457
-2670
-3630
-4601
-5351
-6121
-6666
-7024
-7179
-7213
-7134
-6777
-6406
-5808
-5449
-4676
-4195
-3402
-3025
-2497
-2179
-1726
-1631
-1372
-1269
-1085
-876
-951
-732
-647
-375
-181
-117
202
385
620
689
756
663
683
150
-29
-707
-1053
-1819
-2522
-3314
-3984
-4725
-5378
-6077
-6535
-6982
-7317
-7564
-7536
-7398
-7074
-6790
-6217
-5336
-4551
-3191
-2479
-705
227
1939
3050
4435
5846
6834
8016
8534
9568
9871
10534
10418
10720
10617
10509
10290
9845
9752
9241
8887
8275
7800
7321
6699
6028
5280
4557
3616
2852
1559
979
-483
-1149
-2583
-3345
-4323
-5080
-5879
-6414
-6928
-7019
-7238
-7133
-6849
-6563
-5902
-5660
-4786
-4442
-3435
-3259
-2442
-2325
-1638
-1493
-1232
-983
-996
-587
-846
-422
-556
-76
-118
223
265
665
809
973
1105
938
1189
619
676
-63
-221
-1077
-1698
-2530
-3272
-3926
-4811
-5388
-6328
-6500
-7259
-7188
-7780
-7456
-7459
-7159
-6641
-6228
-4965
-4450
-2832
-2329
-420
245
2175
3039
4537
5811
6603
8008
8164
9597
9484
10451
10063
10496
10245
10251
10029
9550
9471
8733
8675
7745
7704
6907
6609
5753
5067
4411
3586
2875
1688
956
-328
-1017
-2421
-3075
-4170
-4774
-5654
-6199
-6656
-6785
-6917
-6918
-6668
-6537
-5824
-5742
-4762
-4538
-3624
-3312
-2843
-2220
-1948
-1210
-1238
-744
-745
-345
-332
-67
4
316
427
582
734
958
1205
1278
1337
1166
1279
899
864
234
-89
-713
-1446
-2074
-2996
-3488
-4420
-4984
-5923
-6256
-6955
-7015
-7564
-7391
-7490
-7250
-6803
-6558
-5310
-5008
-3402
-3045
-1280
-398
1165
2407
3469
5057
5667
7229
7461
8767
8946
9697
9672
9860
9940
9781
9772
9223
9270
8480
8467
7583
7448
6743
6295
5709
4866
4430
3464
3011
1853
1199
105
-690
-1675
-2593
-3383
-4204
-4905
-5585
-6113
-6385
-6594
-6680
-6702
-6528
-6197
-5802
-5383
-4835
-4265
-3656
-3172
-2657
-2102
-1605
-1173
-910
-598
-300
-49
142
292
491
699
813
944
1068
1305
1407
1420
1403
1291
1289
893
721
101
-172
-887
-1481
-2252
-2856
-3464
-4249
-4917
-5686
-5994
-6727
-6835
-7392
-7182
-7333
-7092
-6729
-6433
-5363
-4975
-3589
-3041
-1417
-451
1003
2188
3364
4801
5621
6947
7378
8561
8821
9551
9547
9789
9840
9666
9622
9015
9017
8303
8208
7412
7132
6598
6037
5628
4737
4495
3557
3199
2154
1593
664
-92
-1032
-1945
-2735
-3581
-4311
-5139
-5687
-6197
-6411
-6778
-6779
-6778
-6558
-6247
-6026
-5305
-4909
-4085
-3655
-2972
-2436
-1789
-1262
-862
-450
-106
298
506
741
874
1113
1253
1330
1446
1501
1710
1610
1669
1453
1520
1213
1020
563
240
-246
-834
-1510
-2179
-2830
-3498
-4294
-4954
-5618
-6050
-6604
-6903
-7299
-7170
-7339
-6912
-6849
-6074
-5496
-4634
-3684
-2822
-1406
-455
1050
1998
3382
4454
5588
6547
7250
8118
8500
9235
9118
9569
9361
9536
9208
8961
8725
8271
8043
7326
7149
6376
6241
5325
4967
4171
3613
2944
2032
1353
417
-280
-1311
-2107
-3080
-3714
-4587
-5267
-5950
-6430
-6739
-7053
-7151
-7193
-6831
-6614
-5983
-5611
-4766
-4127
-3460
-2823
-2368
-1695
-1293
-843
-477
32
629
1266
1852
2517
3099
3523
3733
3420
3102
2166
1254
-276
-1568
-2999
-4024
-5081
-5421
-5833
-5140
-4942
-3534
-2820
-1130
113
1421
2810
3722
5229
5725
7026
7418
8396
8845
9367
9784
9898
10195
9989
10046
9527
9425
8736
8441
7643
7142
6463
5742
5191
4199
3773
2683
2251
1139
503
-398
-1242
-1913
-2967
-3497
-4472
-4922
-5696
-6133
-6606
-6875
-7049
-7152
-7038
-6922
-6496
-6193
-5537
-5045
-4219
-3600
-2721
-2077
-1250
-586
80
692
1193
1698
2150
2439
2810
2961
3197
3308
3334
3403
3338
3294
3158
2937
2683
2320
1919
1409
882
218
-391
-1138
-1847
-2612
-3388
-4092
-4825
-5455
-6107
-6547
-7082
-7250
-7673
-7608
-7783
-7541
-7363
-7060
-6482
-6014
-5104
-4492
-3364
-2472
-1275
-95
1021
2434
3408
4851
5721
6887
7687
8508
9173
9559
9981
10055
10192
9935
9798
9309
8949
8284
7747
6968
6289
5558
4730
4068
3111
2588
1614
1034
175
-530
-1165
-2024
-2528
-3403
-3825
-4546
-5013
-5506
-5937
-6151
-6472
-6427
-6561
-6280
-6118
-5661
-5267
-4678
-4012
-3334
-2550
-1861
-993
-310
497
1086
1742
2277
2719
3112
3332
3591
3690
3759
3721
3601
3502
3255
3003
2648
2251
1844
1288
776
149
-470
-1116
-1823
-2464
-3183
-3805
-4499
-5067
-5655
-6111
-6556
-6823
-7197
-7104
-7348
-7233
-7130
-7017
-6557
-6309
-5590
-5179
-4353
-3552
-2751
-1589
-838
536
1415
2702
3751
4752
5956
6654
7760
8212
9019
9336
9699
9837
9729
9692
9253
8979
8310
7817
7086
6461
5643
4921
4132
3419
2720
1894
1355
529
130
-701
-1145
-1809
-2314
-2779
-3437
-3736
-4376
-4502
-5076
-5168
-5522
-5516
-5541
-5493
-5236
-5034
-4516
-4101
-3515
-2979
-2299
-1485
-868
-98
490
1186
1698
2185
2556
2888
3136
3195
3276
3150
3133
2894
2647
2370
1999
1729
1235
858
356
-96
-574
-1159
-1626
-2217
-2664
-3225
-3772
-4225
-4751
-5061
-5521
-5809
-5996
-6205
-6182
-6340
-6161
-6053
-5837
-5479
-5285
-4725
-4398
-3783
-3289
-2732
-1959
-1360
-463
185
1126
1986
2850
3774
4523
5463
6152
6913
7451
7986
8369
8554
8737
8573
8456
8127
7718
7204
6592
6004
5287
4632
3898
3242
2632
2007
1463
894
445
-10
-468
-885
-1297
-1647
-2007
-2416
-2775
-3131
-3443
-3737
-4054
-4202
-4366
-4350
-4396
-4255
-4075
-3751
-3385
-2994
-2466
-1969
-1343
-859
-289
203
715
1144
1455
1765
1935
2152
2126
2162
2040
1981
1800
1573
1349
1046
848
494
200
-122
-483
-785
-1196
-1546
-1921
-2274
-2647
-3018
-3358
-3677
-3938
-4203
-4414
-4568
-4668
-4736
-4753
-4736
-4654
-4528
-4403
-4220
-4033
-3763
-3492
-3188
-2815
-2415
-1911
-1402
-826
-167
520
1308
2061
2877
3701
4487
5276
5923
6571
7082
7502
7804
7919
8000
7866
7691
7334
6922
6466
5896
5381
4729
4188
3579
3034
2508
1959
1560
1065
698
248
-188
-549
-958
-1304
-1735
-2131
-2553
-2961
-3338
-3728
-4046
-4330
-4537
-4662
-4706
-4642
-4488
-4221
-3885
-3456
-2966
-2433
-1851
-1287
-688
-160
366
790
1189
1474
1712
1859
1930
1953
1896
1807
1678
1506
1354
1132
939
699
457
205
-87
-364
-682
-974
-1333
-1656
-2002
-2371
-2711
-3084
-3373
-3696
-3950
-4147
-4356
-4462
-4558
-4551
-4538
-4480
-4251
-4141
-3948
-3742
-3474
-3204
-2879
-2513
-2128
-1685
-1225
-653
-100
556
1232
1954
2689
3448
4204
4930
5613
6227
6760
7195
7519
7729
7816
7794
7649
7404
7061
6634
6136
5585
5003
4400
3792
3191
2601
2035
1481
952
441
-52
-537
-1008
-1480
-1948
-2371
-2818
-3215
-3599
-3943
-4220
-4476
-4628
-4737
-4765
-4679
-4536
-4263
-3969
-3549
-3103
-2786
-2201
-1666
-1112
-588
-77
412
817
1185
1463
1723
1885
2008
2053
2062
2035
1947
1830
1677
1497
1316
1084
864
603
323
23
-310
-641
-1026
-1390
-1780
-2178
-2544
-2940
-3269
-3581
-3855
-4056
-4237
-4324
-4380
-4349
-4272
-4161
-3983
-3813
-3579
-3352
-3095
-2829
-2558
-2268
-1969
-1648
-1291
-924
-471
-7
519
1094
1708
2376
3035
3742
4445
5070
5714
6250
6740
7095
7370
7520
7523
7424
7186
6860
6411
5882
5319
4659
4020
3331
2661
2028
1381
808
247
-251
-726
-1161
-1539
-1929
-2252
-2581
-2870
-3139
-3393
-3591
-3788
-3928
-4030
-4090
-4083
-4034
-3895
-3698
-3456
-3114
-2773
-2328
-1899
-1411
-923
-450
39
463
889
1253
1550
1818
1977
2129
2169
2174
2140
2017
1903
1702
1508
1235
941
666
328
-2
-334
-696
-1016
-1383
-1708
-2053
-2367
-2647
-2940
-3162
-3390
-3550
-3672
-3763
-3774
-3789
-3710
-3631
-3490
-3308
-3130
-2891
-2683
-2436
-2197
-1963
-1691
-1456
-1174
-907
-611
-283
44
443
837
1299
1784
2287
2850
3370
3940
4460
4952
5421
5774
6116
6323
6438
6448
6334
6150
5818
5425
4964
4409
3866
3249
2672
2148
1523
1008
497
72
-367
-710
-1032
-1322
-1557
-1810
-2012
-2216
-2425
-2586
-2790
-2925
-3075
-3188
-3262
-3330
-3308
-3280
-3163
-2984
-2765
-2467
-2146
-1741
-1353
-920
-462
-43
387
759
1117
1404
1616
1812
1894
1936
1914
1819
1704
1512
1311
1077
812
549
264
-1
-287
-569
-827
-1096
-1327
-1590
-1805
-2033
-2225
-2402
-2575
-2699
-2809
-2774
-2868
-2883
-2839
-2792
-2694
-2573
-2419
-2247
-2085
-1868
-1687
-1501
-1345
-1173
-1026
-904
-783
-680
-586
-493
-388
-260
-103
95
330
613
932
1288
1675
2092
2525
2962
3388
3789
4149
4455
4696
4867
4963
4976
4911
4767
4553
4273
3943
3573
3175
2760
2338
1918
1507
1113
743
400
83
-204
-470
-716
-947
-1166
-1379
-1582
-1779
-1967
-2148
-2321
-2481
-2621
-2730
-2803
-2832
-2808
-2734
-2609
-2430
-2207
-1940
-1637
-1308
-955
-597
-248
84
388
652
875
1045
1166
1235
1255
1230
1163
1060
930
777
605
425
243
65
-106
-267
-416
-554
-687
-813
-933
-1051
-1166
-1280
-1390
-1495
-1604
-1699
-1799
-1878
-1944
-2001
-2043
-2053
-2048
-2028
-1990
-1926
-1868
-1763
-1670
-1572
-1401
-1350
-1220
-1114
-1019
-945
-837
-745
-637
-523
-366
-194
8
236
515
826
1167
1542
1943
2353
2766
3168
3554
3905
4210
4461
4650
4772
4820
4794
4698
4533
4300
4014
3678
3304
2901
2478
2046
1611
1176
749
333
-68
-456
-823
-1176
-1506
-1804
-2087
-2345
-2573
-2769
-2932
-3050
-3136
-3170
-3167
-3087
-2981
-2820
-2615
-2368
-2085
-1883
-1498
-1159
-788
-416
-69
260
565
842
1091
1274
1451
1552
1635
1661
1653
1616
1531
1424
1289
1137
970
789
599
395
188
-24
-235
-451
-664
-877
-1085
-1295
-1498
-1691
-1875
-2044
-2193
-2323
-2430
-2512
-2564
-2586
-2579
-2540
-2472
-2376
-2256
-2112
-1950
-1772
-1592
-1414
-1219
-1049
-860
-693
-530
-380
-234
-82
67
215
393
636
778
987
1208
1458
1699
1996
2275
2572
2859
3147
3397
3605
3802
3943
4020
4047
3988
3877
3705
3453
3152
2817
2429
2013
1582
1146
715
291
-107
-481
-827
-1126
-1386
-1620
-1818
-1968
-2089
-2186
-2250
-2275
-2282
-2264
-2221
-2156
-2067
-1958
-1825
-1661
-1474
-1273
-1042
-792
-532
-261
16
290
550
807
1041
1239
1408
1541
1621
1651
1651
1621
1545
1426
1274
1092
885
663
435
198
-43
-279
-508
-726
-924
-1105
-1270
-1417
-1546
-1658
-1753
-1833
-1896
-1948
-1984
-2008
-2016
-2009
-1986
-1947
-1892
-1817
-1726
-1617
-1492
-1349
-1196
-1033
-860
-688
-512
-348
-194
-56
61
168
240
299
324
332
329
308
294
267
262
271
292
350
428
540
674
830
1014
1210
1400
1598
1800
1969
2120
2249
2341
2391
2407
2375
2300
2188
2045
1870
1669
1461
1249
1033
823
626
442
272
121
-9
-124
-225
-305
-371
-430
-484
-525
-557
-581
-599
-605
-596
-575
-548
-511
-459
-396
-322
-239
-145
-48
51
151
238
324
407
461
505
537
538
514
482
421
348
263
151
54
-63
-164
-224
-358
-478
-556
-667
-744
-823
-891
-942
-1004
-1045
-1075
-1111
-1141
-1163
-1185
-1194
-1202
-1216
-1217
-1212
-1208
-1197
-1171
-1143
-1112
-1065
-1011
-962
-901
-831
-765
-693
-622
-554
-492
-434
-387
-348
-313
-301
-291
-289
-302
-309
-322
-337
-338
-329
-293
-252
-181
-84
31
191
364
562
768
1005
1238
1473
1688
1895
2093
2230
2363
2467
2537
2552
2523
2458
2361
2221
2057
1879
1672
1462
1236
1024
811
613
425
255
101
-36
-154
-262
-345
-425
-482
-537
-573
-613
-641
-666
-682
-691
-695
-688
-678
-661
-632
-604
-565
-522
-463
-421
-361
-308
-255
-218
-166
-129
-107
-97
-87
-96
-123
-148
-182
-222
-284
-332
-396
-460
-524
-582
-638
-696
-750
-791
-827
-853
-880
-905
-916
-925
-924
-927
-928
-926
-929
-922
-922
-909
-904
-886
-881
-863
-844
-816
-781
-745
-692
-646
-581
-526
-465
-409
-350
-301
-253
-212
-186
-164
-150
-139
-135
-131
-124
-110
-83
-40
6
95
188
318
470
635
827
1024
1230
1433
1647
1837
2009
2159
2274
2357
2407
2420
2386
2344
2221
2081
1923
1729
1529
1299
1061
841
619
405
198
12
-173
-337
-481
-601
-705
-792
-875
-942
-984
-1027
-1044
-1049
-1042
-1031
-993
-959
-891
-821
-742
-651
-550
-443
-324
-203
-76
42
147
244
339
420
484
526
549
561
541
501
450
390
305
198
87
-29
-142
-267
-380
-500
-609
-722
-806
-886
-946
-1022
-1066
-1092
-1110
-1112
-1118
-1107
-1097
-1088
-1071
-1052
-1015
-990
-951
-915
-878
-815
-758
-683
-594
-520
-424
-329
-235
-127
-31
54
137
198
244
291
304
311
304
265
234
182
131
92
40
11
-13
-18
6
45
114
201
305
429
568
718
877
1031
1173
1302
1415
1508
1582
1624
1640
1609
1564
1487
1377
1287
1127
983
805
632
452
289
143
9
-117
-219
-312
-376
-421
-435
-433
-424
-402
-369
-323
-267
-205
-143
-92
-44
2
45
91
133
156
177
187
193
206
208
203
191
164
132
103
67
24
-33
-107
-191
-281
-370
-465
-572
-681
-802
-912
-1009
-1098
-1177
-1246
-1300
-1337
-1355
-1336
-1303
-1248
-1178
-1098
-981
-888
-745
-611
-474
-360
-236
-136
-30
65
147
208
239
248
253
260
251
219
181
129
66
10
-35
-88
-154
-225
-293
-362
-425
-482
-540
-601
-674
-744
-784
-812
-829
-830
-827
-807
-747
-656
-527
-370
-205
-16
195
428
693
963
1216
1461
1689
1893
2082
2248
2370
2438
2450
2426
2360
2266
2146
1978
1772
1557
1328
1087
857
640
438
252
71
-94
-226
-326
-394
-442
-485
-523
-549
-550
-525
-503
-488
-479
-486
-483
-451
-427
-408
-404
-418
-415
-392
-357
-315
-286
-268
-243
-216
-175
-125
-86
-83
-105
-117
-120
-128
-148
-188
-255
-328
-381
-414
-451
-488
-527
-578
-606
-603
-581
-543
-520
-509
-496
-475
-400
-301
-272
-275
-287
-307
-309
-306
-304
-339
-405
-480
-557
-603
-628
-663
-710
-767
-826
-846
-832
-807
-771
-756
-758
-737
-697
-630
-554
-506
-479
-457
-429
-366
-270
-185
-119
-60
3
100
249
427
597
741
866
1004
1181
1393
1598
1751
1849
1906
1967
2048
2112
2129
2058
1920
1754
1607
1481
1328
1138
878
595
358
161
26
-103
-266
-441
-594
-669
-671
-626
-606
-615
-628
-620
-540
-434
-328
-272
-273
-280
-265
-190
-110
-76
-92
-144
-175
-156
-94
-43
-49
-99
-143
-142
-97
-45
-37
-80
-148
-204
-224
-218
-227
-287
-390
-491
-555
-579
-603
-645
-722
-796
-838
-847
-817
-792
-775
-777
-768
-726
-670
-601
-558
-521
-488
-484
-472
-450
-451
-464
-483
-514
-552
-590
-620
-642
-664
-678
-685
-692
-691
-673
-636
-586
-539
-503
-472
-435
-384
-323
-262
-215
-188
-176
-149
-97
-26
39
82
119
173
263
384
517
637
738
837
962
1121
1291
1432
1514
1567
1629
1691
1746
1780
1750
1665
1550
1429
1329
1236
1102
923
721
535
405
302
185
72
-25
-115
-170
-179
-162
-152
-157
-153
-134
-96
-46
-15
-5
-12
-29
-41
-34
-41
-73
-116
-185
-224
-247
-270
-285
-326
-359
-384
-390
-377
-371
-373
-386
-400
-408
-407
-409
-422
-451
-490
-522
-553
-574
-599
-627
-653
-675
-685
-681
-665
-644
-631
-598
-566
-525
-471
-430
-397
-356
-333
-311
-278
-285
-282
-278
-292
-314
-330
-362
-372
-381
-398
-406
-408
-409
-396
-372
-345
-313
-284
-260
-230
-204
-178
-152
-134
-128
-129
-129
-120
-109
-96
-90
-79
-54
-13
46
120
203
295
391
505
635
769
903
1026
1130
1237
1337
1412
1481
1509
1512
1501
1466
1423
1349
1262
1157
1037
921
796
686
571
451
334
226
144
65
-11
-79
-138
-185
-230
-280
-321
-367
-410
-454
-504
-547
-603
-644
-696
-735
-777
-806
-833
-847
-852
-848
-834
-810
-778
-734
-692
-635
-585
-524
-480
-425
-385
-336
-303
-273
-248
-230
-218
-210
-206
-205
-205
-202
-203
-195
-192
-181
-185
-167
-172
-154
-161
-150
-167
-168
-182
-202
-230
-255
-271
-325
-371
-405
-455
-488
-524
-561
-587
-606
-617
-627
-622
-613
-600
-580
-551
-522
-496
-461
-428
-398
-369
-336
-308
-283
-252
-222
-196
-157
-108
-59
-7
58
137
223
310
408
513
627
740
847
963
1060
1163
1240
1316
1366
1408
1427
1436
1415
1384
1333
1269
1191
1099
993
891
779
662
541
423
315
221
97
-3
-91
-185
-264
-342
-400
-467
-516
-566
-593
-628
-659
-678
-682
-687
-687
-671
-649
-630
-596
-561
-514
-476
-426
-379
-328
-269
-228
-174
-135
-97
-65
-36
-22
-1
4
11
4
-1
-29
-43
-73
-91
-120
-151
-171
-208
-223
-254
-282
-298
-326
-332
-355
-362
-377
-385
-393
-401
-407
-409
-419
-406
-422
-414
-421
-414
-410
-400
-397
-383
-379
-364
-348
-340
-314
-309
-284
-268
-251
-234
-220
-199
-184
-167
-154
-141
-120
-101
-87
-61
-41
-1
24
65
112
158
218
269
332
407
468
535
605
680
747
813
865
923
965
999
1027
1038
1035
1019
997
967
928
864
800
738
670
584
501
431
344
294
199
116
50
-23
-88
-147
-210
-254
-303
-335
-385
-407
-426
-452
-469
-486
-501
-505
-505
-511
-515
-516
-498
-494
-483
-476
-448
-439
-418
-397
-376
-359
-336
-320
-308
-288
-279
-271
-258
-252
-249
-246
-249
-252
-246
-255
-255
-253
-258
-256
-254
-257
-247
-241
-238
-227
-223
-212
-213
-199
-196
-193
-196
-165
-187
-192
-194
-195
-203
-210
-217
-232
-241
-259
-253
-276
-283
-289
-296
-303
-305
-314
-313
-303
-305
-300
-288
-285
-266
-252
-234
-213
-188
-163
-128
-97
-56
-15
34
85
139
192
251
304
369
431
490
547
605
650
699
736
770
802
818
821
830
823
803
782
750
719
667
623
567
508
437
394
313
253
187
123
63
9
-47
-103
-152
-200
-230
-271
-297
-330
-354
-369
-379
-391
-394
-389
-388
-384
-367
-352
-339
-317
-287
-261
-235
-204
-175
-144
-109
-76
-48
-23
3
26
47
64
79
85
87
88
84
77
67
57
44
24
2
-22
-46
-71
-96
-120
-142
-164
-188
-210
-228
-244
-261
-280
-294
-303
-308
-314
-319
-323
-322
-319
-316
-309
-296
-283
-276
-270
-262
-246
-230
-214
-197
-182
-170
-153
-137
-126
-111
-97
-88
-80
-66
-53
-49
-46
-39
-29
-20
-12
-10
-6
2
15
28
45
58
66
79
96
113
127
139
154
168
174
180
191
201
202
204
209
208
202
200
198
184
176
170
171
166
159
159
149
156
150
153
147
150
145
145
146
143
139
142
141
132
137
128
127
120
118
108
104
95
91
78
77
59
60
49
38
36
29
15
17
5
-3
-4
-17
-20
-27
-35
-40
-48
-51
-59
-66
-67
-76
-82
-79
-92
-90
-90
-95
-96
-96
-95
-103
-109
-98
-125
-121
-129
-147
-160
-171
-186
-206
-222
-238
-256
-277
-290
-305
-326
-333
-349
-360
-361
-373
-376
-367
-374
-366
-354
-348
-333
-318
-302
-281
-261
-240
-212
-187
-166
-131
-110
-80
-51
-26
5
26
55
82
101
126
144
161
175
190
201
208
212
222
212
215
206
209
192
187
175
170
152
135
122
116
109
98
89
87
85
86
79
82
84
91
98
100
115
119
134
145
155
172
175
194
206
221
230
236
250
254
274
276
276
287
284
284
291
291
284
281
268
261
259
247
235
220
208
185
174
154
139
121
98
75
58
40
19
1
-25
-34
-60
-67
-99
-107
-126
-97
-138
-152
-160
-175
-195
-199
-212
-209
-221
-224
-231
-230
-235
-233
-233
-232
-228
-222
-216
-209
-201
-195
-193
-179
-164
-158
-154
-142
-132
-126
-117
-108
-95
-95
-91
-86
-87
-76
-81
-79
-78
-81
-78
-86
-84
-86
-88
-89
-94
-94
-93
-93
-96
-94
-91
-88
-89
-79
-75
-74
-63
-57
-47
-41
-29
-15
-8
4
22
29
48
51
72
80
89
101
112
122
121
138
137
142
141
148
147
140
145
139
132
129
124
116
109
103
93
89
79
72
62
62
50
41
41
38
24
29
22
25
14
20
17
12
17
11
16
15
13
12
14
10
12
4
10
1
-2
-2
-15
-10
-27
-27
-43
-42
-60
-68
-76
-87
-99
-108
-115
-125
-138
-140
-149
-157
-159
-168
-167
-174
-172
-175
-173
-169
-167
-162
-155
-146
-142
-130
-121
-111
-104
-91
-82
-73
-64
-53
-47
-41
-27
-24
-17
-13
-7
-4
2
3
7
5
3
5
4
2
2
-1
1
0
-5
-9
-3
-2
-1
-2
-11
-3
10
7
13
24
25
27
38
49
58
65
71
76
90
103
101
110
125
127
134
145
144
145
152
158
159
160
162
156
158
162
158
153
150
148
148
138
134
136
124
119
119
109
106
104
93
90
88
79
75
73
64
60
57
48
39
42
40
27
19
22
15
-2
-14
-17
-20
-22
-29
-34
-43
-49
-46
-48
-56
-62
-62
-64
-67
-70
-70
-70
-70
-65
-64
-66
-64
-64
-59
-51
-49
-52
-45
-44
-39
-35
-37
-29
-25
-27
-25
-23
-22
-20
-23
-23
-23
-27
-28
-33
-37
-40
-44
-50
-51
-60
-63
-70
-68
-77
-79
-84
-86
-93
-90
-91
-93
-82
-89
-81
-84
-82
-86
-79
-82
-69
-70
-57
-56
-50
-46
-41
-38
-27
-22
-18
-7
-6
2
9
13
17
27
25
32
34
36
37
42
41
47
47
46
48
43
42
38
39
33
34
29
28
23
22
15
11
11
1
-2
-4
-16
-17
-23
-32
-38
-36
-51
-47
-55
-60
-64
-65
-73
-76
-78
-83
-85
-86
-85
-85
-81
-81
-78
-76
-73
-71
-67
-64
-57
-55
-45
-40
-33
-30
-20
-24
-7
-9
-1
0
4
10
15
16
15
13
15
16
9
6
-1
-1
-4
-13
-23
-27
-34
-35
-50
-59
-60
-69
-71
-84
-84
-90
-90
-99
-100
-97
-100
-99
-99
-96
-88
-85
-85
-74
-68
-61
-50
-46
-38
-23
-17
-4
1
13
19
39
38
49
53
65
71
74
76
82
87
87
83
89
85
87
80
82
73
75
69
63
59
55
44
46
39
31
28
22
22
16
13
9
4
3
4
-2
0
-4
-4
-5
5
-4
-5
5
4
9
14
11
5
35
14
22
25
23
30
24
23
23
25
24
19
16
25
10
17
10
11
4
3
4
-4
-7
-6
-11
-10
-14
-19
-19
-16
-24
-25
-20
-25
-28
-28
-32
-34
-34
-34
-33
-33
-36
-35
-32
-32
-38
-43
-42
-41
-45
-41
-35
-40
-46
-43
-44
-47
-45
-43
-43
-45
-50
-45
-40
-50
-49
-46
-48
-41
-40
-46
-44
-43
-39
-35
-39
-38
-32
-32
-27
-24
-28
-28
-25
-23
-20
-20
-14
-8
-12
-11
-4
-9
-9
-4
0
0
-1
-1
-1
-2
3
6
4
8
12
7
9
10
8
6
7
10
7
2
2
3
4
2
0
-1
-5
-6
-7
-12
-14
-3
-2
-12
-11
-5
-6
-7
-12
-8
-2
-11
-11
-7
-8
-5
-6
-10
-8
-5
0
5
-1
5
2
2
5
5
1
9
8
8
11
8
5
9
9
8
6
4
1
2
-1
2
-7
-5
-12
-16
-20
-18
-26
-23
-24
-29
-30
-34
-39
-41
-40
-49
-43
-52
-50
-46
-48
-44
-45
-52
-49
-44
-46
-35
-38
-43
-32
-35
-27
-18
-20
-18
-9
-11
-2
4
1
7
6
7
11
17
14
27
21
25
28
24
22
24
21
20
24
20
23
22
16
20
14
16
11
12
6
5
6
3
5
-4
-2
-13
-8
-15
-13
-14
-13
-15
-10
-15
-15
-13
-14
-18
-4
-19
-7
-7
-11
0
-3
3
2
8
11
11
22
19
23
30
30
31
39
40
43
39
50
41
47
45
50
45
43
46
38
40
31
32
26
21
12
12
5
-4
-7
-14
-20
-28
-34
-37
-47
-45
-58
-54
-62
-62
-70
-63
-68
-68
-72
-59
-66
-64
-56
-54
-49
-48
-32
-39
-24
-24
-11
-11
-2
5
9
14
19
26
27
31
36
35
38
35
40
37
34
38
29
32
21
24
18
10
7
0
-1
-13
-14
-21
-22
-32
-32
-35
-38
-41
-44
-41
-45
-46
-44
-44
-43
-41
-41
-34
-36
-28
-23
-23
-13
-13
-4
4
4
12
14
17
29
26
41
31
38
36
42
41
40
36
38
39
41
40
35
30
26
25
23
18
14
12
6
7
-2
-2
-13
-15
-17
-23
-20
-28
-27
-31
-34
-32
-38
-38
-38
-37
-35
-33
-35
-32
-39
-31
-31
-26
-25
-25
-27
-22
-22
-14
-15
-11
-14
-11
-12
-3
-8
-1
-4
-8
0
-6
10
2
10
4
0
-3
-9
-7
-11
-12
-10
-16
-13
-19
-15
-23
-20
-25
-23
-22
-22
-20
-25
-25
-26
-23
-18
-19
-16
-20
-16
-15
-8
-11
-5
-8
-2
-5
3
2
6
2
5
6
12
12
15
10
15
12
21
13
16
8
14
14
14
16
15
18
20
19
17
12
8
11
16
14
15
12
11
14
16
17
17
17
16
19
20
19
22
22
23
24
21
20
17
17
17
16
17
17
15
15
13
9
9
7
4
3
-1
-4
-4
-5
-8
-12
-15
-19
-18
-17
-23
-25
-25
-30
-26
-23
-25
-25
-29
-30
-29
-29
-23
-24
-28
-22
-22
-20
-9
-11
-13
-7
-12
-10
-6
-5
-4
-1
2
0
3
4
3
5
8
3
3
3
-1
1
-1
-6
-6
-7
-13
-9
-8
-12
-11
-13
-18
-17
-19
-25
-23
-25
-27
-23
-24
-30
-27
-26
-24
-20
-22
-23
-18
-18
-19
-16
-13
-12
-11
-9
-6
-8
-1
-1
1
8
8
11
25
21
16
18
17
19
21
20
25
27
25
23
22
22
17
18
19
13
10
10
11
14
7
1
5
2
-2
-6
-9
-7
-7
-11
-14
-16
-17
-21
-23
-23
-22
-23
-19
-25
-27
-26
-29
-28
-27
-26
-24
-24
-23
-22
-21
-22
-26
-23
-17
-21
-18
-16
-15
-10
-13
-12
-1
-1
-5
-4
-1
4
4
1
3
7
4
3
5
9
14
15
11
12
13
11
11
9
6
5
4
4
11
9
4
5
1
0
6
2
0
0
-4
-3
-4
-3
-8
-12
-9
-9
-7
-5
-9
-8
0
-6
-6
-3
-4
2
-5
0
-1
1
6
11
7
14
10
8
34
25
25
24
23
21
35
27
29
33
27
26
30
30
32
33
29
28
29
23
25
23
18
19
15
9
13
7
2
7
2
-4
-1
-10
-8
-6
-14
-14
-20
-19
-21
-19
-24
-23
-31
-22
-24
-28
-23
-26
-23
-22
-25
-26
-23
-19
-16
-17
-13
-14
-14
-13
-9
-10
5
-3
-2
-4
-1
-1
6
7
5
7
4
5
7
9
6
8
9
4
7
3
6
8
4
1
4
3
2
3
-2
-1
-2
1
0
-14
-7
-4
-10
-8
-7
-11
-8
-13
-11
-13
-13
-12
-11
-20
-6
-14
-14
-10
-11
-14
-13
-6
-8
-8
-11
-5
-12
-6
-9
-9
0
-5
-4
-4
-5
-5
-3
-6
-5
-5
-2
-4
-4
-4
-4
2
3
1
1
-4
-4
-4
-7
-6
-5
-1
-3
-3
-3
-5
-3
-1
-5
-16
-7
-6
-7
-9
-10
-11
-9
-9
-10
-1
-2
-11
-8
-11
-3
-8
-10
-5
-8
-9
-7
-7
-6
-9
-7
-8
-8
-8
-8
-10
7
2
3
5
5
4
4
5
4
3
2
6
3
4
5
11
3
6
4
1
8
3
8
6
8
7
7
10
9
9
9
7
8
3
6
3
1
6
2
4
5
3
2
6
4
3
7
-1
9
6
3
6
3
4
5
5
5
5
5
2
3
5
10
4
16
6
9
11
2
10
7
7
10
10
5
10
5
9
9
7
7
8
7
8
9
9
8
8
8
8
8
9
8
8
8
8
9
7
8
7
8
8
8
8
8
9
10
-1
4
3
3
4
4
4
3
3
4
4
4
4
5
5
4
3
3
2
1
4
4
1
-2
-4
-3
-5
-6
-4
-1
1
2
1
2
0
0
-3
-1
0
0
0
0
0
-6
-2
-11
-4
-6
-4
-4
-4
-5
-2
-4
-3
-1
-6
-10
-9
-7
-7
-8
-7
-9
-10
-9
-8
-9
-9
-8
-8
-10
-9
-11
-12
-12
-10
-12
-11
-12
-13
-11
-12
-16
-17
-13
-9
-11
-12
-12
-13
-13
-11
-10
-16
-13
-8
-11
-14
-12
-3
-8
-8
-5
-7
-6
-11
0
-4
-3
-4
-5
-4
-3
3
0
-1
-2
0
-3
2
-3
-1
0
3
0
0
3
17
-3
2
6
5
3
5
4
5
4
2
1
7
4
-8
-4
0
-4
-5
-4
-3
0
-13
-10
-4
-7
-10
-5
-13
-14
-15
-12
-11
-11
-9
-12
-16
-13
-11
-14
-14
-13
-17
-20
-16
-10
-10
-12
-13
-13
-13
-14
-11
-11
-13
-13
-10
-6
-7
-8
-9
-10
-11
-6
3
5
0
-1
0
-1
-1
4
9
6
3
5
3
2
5
5
4
2
5
10
15
10
7
8
10
2
2
5
5
3
3
4
4
4
7
2
-3
-3
-1
0
2
2
-4
-10
-11
-9
-8
-7
-6
-10
-14
-13
-12
-12
-12
-12
-13
-13
-10
-11
-14
-11
-13
-19
-16
-6
-9
-13
-11
-13
-17
-13
-8
-11
-12
-13
-11
-13
-5
-7
-8
-5
-9
-6
-10
4
1
0
-2
1
1
-3
5
3
3
2
6
4
3
4
4
3
4
2
16
-2
12
9
8
-3
5
5
8
2
4
3
7
2
2
5
7
0
-1
0
0
1
1
0
-5
-2
-5
-3
-3
-5
-3
-8
-6
-6
-10
-8
-7
-6
-4
-7
-8
-10
-8
-15
-14
3
-7
-5
0
-2
-5
-3
-4
-4
-5
-4
-4
-4
-6
-3
-4
-4
-5
-3
-2
-4
-4
-1
0
1
0
0
0
-1
1
1
-2
-1
1
0
1
-1
-3
-1
6
1
-4
4
7
0
-1
1
-2
2
-1
-1
2
-1
0
1
-1
-1
0
0
0
0
0
-1
-1
1
0
0
0
0
-1
0
1
0
0
0
-1
1
0
1
0
1
-1
0
0
0
-1
0
0
0
0
0
0
0
0
0
0
0
0
0
0
0
0
0
1
0
0
0
0
1
0
0
0
0
0
0
0
0
0
0
0
0
0
0
0
0
0
0
0
0
1
0
0
0
0
-1
0
0
1
0
0
0
0
0
-1
0
0
0
0
0
0
-1
0
0
-1
0
0
0
-1
0
0
0
0
-1
0
0
0
0
0
0
0
0
0
0
0
0
0
0
0
-1
0
0
0
-1
0
-1
0
-1
0
0
0
0
1
0
0
0
0
-1
1
0
0
0
0
0
1
0
0
0
0
0
0
1
0
0
0
0
-1
0
-1
0
0
0
0
0
0
0
0
0
0
0
0
0
0
0
0
0
1
0
1
1
0
1
0
0
0
0
0
1
0
1
0
0
0
1
0
0
-1
0
0
1
0
-1
0
0
0
0
-1
-1
1
0
0
1
0
0
1
0
0
0
-1
1
0
0
0
0
0
0
-1
0
0
0
0
0
0
0
0
0
0
0
0
0
0
0
0
0
0
0
0
-1
0
-1
0
-1
0
0
0
0
0
-1
0
-1
1
0
0
0
0
0
-1
0
-1
0
-1
0
0
0
0
-1
0
-1
0
1
0
0
0
0
0
0
1
0
0
0
0
0
0
-1
0
0
0
0
0
0
0
0
1
0
1
1
0
0
0
0
0
0
0
0
0
0
1
0
1
0
0
0
0
0
0
0
1
0
0
0
1
0
1
1
0
0
0
0
-1
0
0
1
0
0
0
0
0
0
0
0
0
0
0
0
0
-1
0
0
0
0
0
0
0
0
0
-1
0
1
0
0
0
0
0
0
0
-1
1
0
0
0
1
0
1
0
0
0
0
0
0
0
-1
0
1
0
0
0
1
0
0
0
0
-1
1
1
0
0
1
0
0
0
0
0
0
0
0
-1
0
0
0
0
1
0
0
0
0
0
0
-1
-1
1
0
0
1
0
0
-1
0
-1
1
0
1
0
0
0
0
1
-1
0
0
0
0
0
0
0
0
0
0
0
0
0
0
-1
0
0
0
0
1
0
0
0
0
0
0
0
0
-1
0
0
0
-1
0
0
1
0
-1
0
0
0
0
1
1
1
0
0
-1
0
0
-1
0
0
0
0
-1
0
0
0
0
0
0
1
0
0
0
0
0
1
0
0
0
0
0
0
0
-1
1
-1
0
-1
0
