-1
0
0
1
0
0
0
0
0
0
0
0
0
0
0
1
1
0
1
0
0
0
1
1
1
1
0
-2
-2
-2
-4
-4
-4
-4
-4
-4
-4
-5
-3
-5
-4
-4
-3
-5
-3
-4
-4
-4
-4
-4
-4
-4
-5
-4
-3
-4
-4
-4
-3
-4
-4
-4
-4
-5
-3
-3
-4
-4
-3
-4
-4
-4
-4
-4
-4
-4
-4
-5
-4
-5
-3
-4
-4
-2
-3
-5
-4
-3
-5
-9
-3
-2
-6
-2
-1
-3
-5
-4
-3
-7
-3
-4
-3
-4
-4
-4
-4
-3
-5
-4
-4
-4
-4
-4
-4
-4
-4
-4
-4
-4
-4
-4
-4
-5
-4
-4
-4
-4
-3
-4
-4
-4
-4
-4
-4
-5
-4
-5
-4
-5
-4
-5
-4
-5
-3
-4
-5
-4
-1
-3
-4
-2
-4
-3
-5
1
-4
-4
-7
-3
-4
-4
-6
-4
1
1
-1
-1
-2
6
2
4
2
2
7
2
4
5
3
4
1
1
1
1
1
-1
0
-3
-3
-5
-4
-4
-3
-4
-4
0
-1
-2
-1
1
0
-2
5
5
2
2
3
5
4
4
7
2
4
2
6
7
3
10
8
1
-3
6
7
-9
-10
-9
-8
-6
-11
-10
0
-2
-8
-1
-9
-7
-3
-3
5
4
6
3
-1
-1
-1
5
9
8
9
4
1
-1
3
6
3
4
6
0
1
2
-9
-7
-1
-4
-4
1
3
-4
-7
-10
-3
2
-7
2
7
5
1
0
5
0
3
10
10
4
-5
-7
-9
-10
-9
-7
-5
-6
-10
-15
-15
-16
-18
-19
-15
-10
-8
-12
-16
-17
-17
-16
-16
-12
-9
-9
-9
-13
-15
-14
-10
-8
-7
-7
-7
-8
-10
-13
-15
-13
-13
-13
-13
-10
-13
-19
-22
-22
-23
-23
-23
-20
-19
-20
-24
-26
-27
-27
-27
-24
-19
-20
-30
-43
-44
-32
-18
-9
-11
-19
-31
-41
-48
-47
-42
-38
-34
-31
-29
-27
-27
-28
-35
-44
-48
-43
-33
-25
-24
-31
-37
-44
-44
-37
-24
-14
-12
-15
-22
-28
-26
-22
-11
-1
6
7
2
-6
-11
-15
-19
-9
-2
19
22
11
6
-13
-8
-11
-11
-2
-7
1
-6
-1
4
-3
6
20
18
10
24
30
25
30
38
24
22
42
36
11
8
33
25
15
8
17
30
13
25
24
28
11
14
45
13
1
6
26
16
-11
10
7
6
4
4
-6
-15
2
-3
-25
-28
-12
-18
-42
-49
-39
-23
-26
-20
-1
-9
-29
-39
-33
-22
-7
19
2
-85
-157
-82
13
2
35
68
66
82
50
25
-19
-33
28
41
25
21
94
135
74
38
42
62
53
74
100
55
31
44
71
120
232
437
567
500
337
113
-99
-256
-313
-180
87
580
1155
1497
1431
1106
721
355
153
43
122
102
-47
-220
-536
-590
-504
-201
48
-101
-358
-861
-1081
-1107
-1179
-904
-782
-676
-651
-829
-787
-733
-515
-421
-542
-627
-733
-542
-298
-173
-188
-320
-374
-373
-220
-70
127
189
188
104
-38
30
138
179
284
497
546
650
505
789
647
571
540
469
550
419
694
734
781
760
784
828
654
699
489
485
302
288
354
309
394
327
447
316
275
133
66
-60
-275
-37
-103
-106
-167
-129
-245
-361
-384
-422
-533
-778
-698
-920
-878
-1057
-988
-971
-1220
-1209
-1328
-1418
-1410
-1418
-1570
-1725
-1900
-1693
-1668
-1780
-1511
-1636
-1433
-1740
-1636
-1597
-1577
-1645
-1659
-1432
-1089
283
825
1410
1534
1361
2558
2253
2783
2237
2259
2750
2365
3882
3782
4194
4210
4247
4695
3434
3452
3100
2726
2147
1427
1580
1352
1312
1147
1302
882
24
-261
-996
-1081
-1908
-2267
-1841
-2710
-2259
-2109
-1697
-1457
-2123
-1332
-1500
-1671
-1563
-1599
-1239
-1191
-746
-220
162
441
783
980
1034
904
724
790
654
435
65
24
111
-19
-20
-275
-938
-1355
-1681
-2346
-2413
-2962
-3438
-3677
-3995
-3970
-4451
-4165
-4194
-4228
-4923
-4815
-4738
-4872
-2379
-1766
-395
-1102
-644
2063
1422
2809
2124
2835
3387
2642
4580
5054
6055
6262
6922
7251
6786
6661
7019
6827
4554
4223
3595
3377
3132
2359
3179
2044
919
359
-385
-666
-1607
-3325
-3394
-4515
-5337
-4543
-5558
-4416
-5377
-4799
-4109
-4580
-3803
-3424
-3052
-2643
-2061
-1479
-98
354
1486
2143
2158
3110
2770
3579
3518
3531
3722
3677
3951
4067
4552
4113
3994
2646
2338
1594
413
-366
-2028
-2241
-3392
-4179
-4689
-4950
-5440
-5647
-6420
-7057
-6983
-7876
-8267
-8872
-9125
-8168
-9281
-8037
-7689
-6948
-3860
-3011
-403
-677
-591
2878
2744
4946
3952
4988
6401
5702
8044
8804
10192
10556
11045
11501
11274
11129
10930
10714
8376
7311
6168
5659
4823
3582
3308
2338
948
-545
-854
-2285
-3268
-5274
-6288
-6925
-8511
-7696
-8787
-8101
-8311
-8488
-7587
-7502
-5820
-5863
-4627
-4092
-2754
-1730
-996
592
547
2807
2544
3798
4777
4047
5793
4987
5852
5969
5868
6574
5942
6320
5680
5098
4287
3230
1632
848
-747
-2438
-3079
-4816
-5124
-6376
-7001
-7089
-8350
-8897
-8520
-9745
-9936
-10664
-11154
-10503
-11238
-10765
-10311
-10001
-7054
-5104
-2358
-1318
-1357
2384
3399
4916
5869
5545
7744
6687
7704
9426
9922
11850
12149
13034
13568
13588
14222
14056
12179
10496
9500
8023
6521
4795
4066
2769
1318
632
-283
-1016
-2013
-3515
-4741
-5789
-7554
-8252
-9886
-10360
-10077
-11012
-9655
-9865
-8580
-7355
-6927
-4800
-4434
-2803
-1851
-824
597
685
2203
2817
3485
4172
4673
6072
5589
6625
6903
7335
6996
6866
6977
6185
5280
4357
3686
1763
668
-940
-2172
-3410
-5213
-5548
-7294
-7155
-8170
-8963
-8923
-10527
-9646
-11592
-11463
-11667
-11982
-11732
-11642
-11065
-9498
-6743
-5284
-3052
-2965
638
2987
3948
5918
4809
7836
6861
7422
9149
9435
11863
11163
12819
13454
14255
14736
15098
14395
12603
11686
9965
8984
6227
5875
3980
2153
734
75
-311
-978
-2022
-3041
-4252
-5646
-7031
-7972
-8944
-9690
-10830
-11101
-10655
-10288
-9391
-8787
-6949
-5662
-4345
-2259
-1177
620
373
995
1570
1700
2594
2070
3342
3501
4031
5039
5707
6983
6765
7401
7066
5969
5024
3953
2843
827
-990
-2139
-3478
-5103
-5647
-6317
-6551
-7017
-7834
-7288
-8544
-8830
-9746
-10560
-10497
-12341
-12503
-12712
-12710
-10540
-8018
-6479
-3735
-3628
1309
2766
4097
5554
4752
6990
5823
6705
7250
7635
8941
9405
10484
11935
13141
14364
15251
14568
14221
12945
11621
9894
7247
6680
4182
2816
1286
471
528
-542
-699
-1578
-1837
-2942
-3720
-5077
-6014
-7431
-8970
-10056
-10645
-10257
-10036
-9125
-8100
-6460
-4695
-2743
-869
442
1702
1651
2726
2009
2731
2042
1872
2131
1588
2991
3159
4427
5420
5922
6821
6861
6712
6018
4838
3214
1414
-887
-2631
-5025
-6059
-7364
-7940
-7386
-8292
-6988
-7348
-7230
-7026
-8226
-8121
-9437
-10551
-11107
-12255
-11862
-9973
-9132
-6721
-5692
-2992
914
2024
5333
5507
7292
8011
7068
8132
6907
8088
7328
8029
8892
9359
11528
12482
13980
13856
14160
13666
13095
11010
9836
7863
5401
3073
653
446
-1228
-1461
-2050
-2402
-1921
-2734
-2311
-3580
-3873
-5318
-6354
-7563
-8444
-9262
-9862
-9906
-9388
-8337
-6773
-4953
-3404
-1471
-493
1183
1678
2390
2441
1962
1744
958
895
827
849
1582
1981
3100
3757
4360
5091
4912
4609
3296
1835
369
-1680
-3553
-5374
-6779
-7668
-8443
-8559
-8269
-7808
-7233
-6950
-6379
-6168
-6541
-7312
-7427
-8176
-7163
-7242
-6162
-5879
-4875
-1243
-5
2810
4189
6327
8544
8233
9598
9553
10015
9749
9060
9192
8997
9215
9873
10527
10414
11002
11089
11570
10737
10126
9911
7507
5892
3464
2502
707
-1457
-2146
-3849
-4261
-4872
-4772
-4929
-5143
-5135
-5539
-5842
-6308
-6512
-7405
-7493
-7942
-7524
-6936
-6013
-4467
-3491
-1329
-272
1772
2899
3898
4801
4387
4875
3795
3853
3046
2639
2715
2135
2740
2401
3258
3269
3285
2820
2036
1228
-387
-2024
-4017
-5510
-7642
-9066
-11081
-11354
-12300
-12425
-12339
-12517
-11016
-11224
-10537
-10038
-9971
-8015
-7889
-6838
-6351
-6022
-3309
-2137
-431
917
2196
4722
5400
7033
8533
9635
10899
11130
11849
12044
12186
12841
12687
12052
11760
11230
11109
10353
9786
9743
8095
7283
5982
5023
4047
2128
1271
-649
-1802
-2918
-3931
-4435
-5623
-5781
-6356
-6528
-6506
-6683
-6209
-6245
-5722
-5310
-5226
-4363
-3743
-2988
-2384
-1913
-883
-413
339
1292
1724
2333
2743
3382
3908
4175
4637
4749
4438
4416
4100
3811
2877
2060
1297
-29
-654
-2357
-2897
-4472
-4914
-5785
-6993
-7442
-8295
-8589
-9610
-9800
-10225
-10548
-11109
-11324
-10813
-10248
-8064
-7936
-5737
-5750
-2662
-203
399
3151
3133
5898
5692
6305
7620
7415
8706
8270
9568
9422
10481
11309
12288
12883
12431
13224
12489
12721
11083
10854
9550
7142
5786
4043
3427
1010
578
-1152
-2035
-2717
-3607
-3474
-5130
-4678
-5825
-6379
-7077
-7485
-7620
-8434
-8484
-8410
-7664
-8015
-5619
-5384
-3839
-2539
-1991
1044
27
2403
2345
2459
3057
1862
3480
2386
3050
2578
3059
3076
2596
3792
3284
3585
2058
2307
1075
-510
-1539
-3325
-4194
-6681
-7696
-9231
-9775
-11280
-11418
-11536
-12416
-11261
-12055
-10661
-11183
-9275
-7528
-7415
-5614
-5569
-2248
-1749
-67
1362
2054
4213
4372
6757
6740
8240
9353
10027
10877
10950
12934
12581
13580
13218
13645
13163
12099
12397
10464
10582
8327
7350
5710
4023
3829
1661
1225
-768
-1242
-2574
-3595
-4109
-5123
-5401
-6992
-6685
-7749
-7500
-7993
-7918
-7445
-8067
-6569
-6788
-5014
-4968
-3636
-2673
-2399
-835
-617
1083
771
1686
2044
2721
3037
3519
3896
4270
4094
4208
4097
3988
3645
3123
2042
1191
79
-1060
-2399
-3965
-4710
-6079
-7176
-8345
-9099
-9803
-10888
-11109
-11913
-11657
-12526
-12183
-12088
-12029
-9805
-9468
-7631
-7182
-5050
-2112
-1086
1329
2266
4436
5416
6190
7448
8098
9024
9441
10140
10258
11275
12029
13466
13380
13407
14223
13513
13884
12403
12424
11198
8997
8070
5903
5163
3387
2309
781
-825
-1532
-2428
-3268
-4322
-4473
-5508
-6188
-6882
-6850
-6860
-7519
-7069
-7447
-6928
-6393
-5634
-4225
-4558
-2707
-2500
-1123
-734
72
1480
1029
2167
2064
3094
2993
3512
4370
4046
4244
3741
4732
3805
3629
2860
1827
954
-1004
-1269
-3076
-3845
-5075
-6184
-7181
-8263
-8398
-9557
-10016
-10988
-10623
-11349
-11415
-11080
-10788
-8940
-8833
-6750
-6336
-4280
-1493
-172
2528
2744
5012
6054
6534
7750
8036
9175
9145
9696
10200
10904
11440
12644
13043
12993
13612
13243
13685
12247
12124
10945
8976
7615
5270
4529
2232
1082
-537
-1996
-2932
-3721
-4326
-4920
-5418
-5774
-6400
-6954
-6960
-7182
-7633
-7998
-8127
-7809
-7922
-7478
-6665
-6044
-5243
-4363
-3031
-2013
-1072
399
1109
1603
2126
2770
3274
3333
3816
4049
3887
3986
4056
4070
3485
2954
2483
1427
739
-362
-1131
-2545
-3652
-4630
-5994
-7043
-7880
-8510
-9525
-10211
-10785
-10995
-11601
-11845
-11296
-11165
-9302
-8463
-6822
-5731
-3874
-813
603
2532
3541
5327
6297
6651
7633
8051
8727
8700
9262
9405
10165
10992
11983
12639
12614
13690
13293
13620
13015
12476
11686
9314
8252
5872
4497
2756
1131
-178
-2164
-2633
-3664
-4176
-4985
-5178
-5607
-6316
-6589
-6973
-6950
-8040
-7800
-8146
-8037
-7777
-7354
-5914
-5892
-4481
-3491
-2299
-1340
-336
1155
1322
1899
2368
2811
2882
3092
3778
3631
3676
3581
4076
3651
3224
2839
2072
1323
22
-719
-2065
-3498
-4419
-5919
-6940
-8383
-8719
-9589
-10551
-10865
-11175
-11151
-11624
-11257
-10964
-10503
-9298
-7951
-6711
-5745
-3525
-1075
620
2067
3818
5781
6565
7446
8298
9110
9375
9659
10110
10021
10480
11211
12160
12224
12365
13053
13005
12830
12299
12063
10859
9073
7787
6041
4382
2484
980
-793
-2631
-3558
-4341
-5032
-5738
-5792
-5943
-6416
-6665
-6460
-6331
-6798
-6846
-6976
-7066
-7204
-6857
-6336
-6361
-5735
-4848
-3824
-2896
-1665
-354
534
1446
2425
3432
3943
4533
4910
5141
5059
4870
4910
4355
3854
3114
2477
1568
535
-119
-1118
-2208
-3269
-3932
-4667
-5555
-6376
-6947
-7740
-8515
-9180
-9756
-10264
-10668
-10953
-11076
-10787
-9724
-8489
-7130
-5607
-3756
-1303
913
2861
4584
6250
7716
8545
9189
9599
9918
10155
10122
9699
9675
10273
10790
11087
11206
11748
12068
12138
12144
11780
11221
9966
8443
6620
4779
3112
1242
-656
-2566
-3983
-5075
-5975
-6552
-6762
-6778
-6955
-7078
-6922
-6491
-6443
-6449
-6551
-6508
-6466
-6540
-6165
-6089
-5577
-5170
-4448
-3743
-2762
-1468
-334
629
1377
2591
3494
4343
4770
5067
5332
5106
5139
4477
3886
2941
2034
1139
-168
-994
-2145
-2982
-3999
-4658
-5139
-5884
-6368
-6993
-7324
-8050
-8703
-9188
-9832
-10059
-10756
-10823
-11060
-10330
-9070
-7862
-6287
-4932
-2372
-240
2094
4066
5941
7837
8870
9972
10202
10827
10883
11081
10626
10219
10373
10502
10987
10829
11279
11538
11681
11793
11604
11549
10642
9450
7898
6249
4725
2822
959
-1271
-3047
-4660
-5912
-6826
-7313
-7450
-7855
-7967
-7827
-7238
-6812
-6550
-6203
-6121
-6002
-5919
-5590
-5349
-5246
-5053
-4739
-4222
-3446
-2382
-1252
-165
784
1910
2963
4038
5012
5651
6070
5959
5927
5637
5162
4425
3325
2178
734
-382
-1574
-2463
-3477
-4470
-5229
-5899
-5940
-6349
-6473
-7090
-7562
-7964
-8666
-9028
-9850
-9946
-10646
-11041
-11125
-10705
-9249
-8292
-6535
-5419
-3077
-709
1795
4132
5695
7807
8644
10188
10219
11201
11081
11125
10485
9864
10140
9965
10793
10316
10618
10611
10869
11214
11079
11270
10408
9558
7901
6584
4937
3432
1397
-676
-2922
-4694
-6146
-7059
-7792
-8215
-8695
-8780
-8614
-8120
-7479
-7020
-6642
-6462
-6234
-5863
-5492
-5085
-4875
-4682
-4402
-3927
-3180
-2257
-1233
-205
739
1846
2997
4177
5201
6110
6445
6709
6577
6532
6193
5426
4777
3165
2290
601
-70
-1424
-2269
-3310
-4379
-4860
-5701
-5532
-6143
-6253
-7034
-7700
-7980
-8857
-8748
-9874
-9862
-10854
-11212
-11124
-11032
-9096
-8760
-6616
-6160
-3620
-1358
1154
3744
4924
7253
8100
9857
10294
11108
11500
11526
11431
10604
10691
10543
11098
11067
10816
10891
10643
11325
11048
11225
10400
9568
8391
6930
5707
3988
2440
250
-1706
-3803
-5157
-6542
-7389
-8403
-8983
-9399
-9501
-9131
-8614
-7904
-7603
-7247
-6868
-6146
-5475
-5050
-4659
-4544
-4008
-3859
-3023
-2627
-1566
-1034
45
836
2165
3231
4551
5405
6211
6669
7002
7275
7174
6868
6074
5011
3931
2619
1595
367
-807
-1814
-3194
-3677
-4814
-4871
-5648
-5859
-6172
-6787
-6817
-7787
-7703
-8586
-8875
-9489
-10294
-10227
-11306
-10534
-10946
-9161
-8468
-7017
-5528
-4120
-982
621
3634
4594
6862
8356
9654
11116
11035
12257
11688
12224
11119
11220
10917
10986
11002
10224
10530
10079
10962
10528
10675
9999
9324
8457
6976
5847
4100
2713
331
-1542
-3984
-5266
-6891
-7954
-9063
-10036
-10257
-10554
-10027
-9590
-8734
-8239
-7699
-7439
-6632
-6068
-5239
-5039
-4743
-4239
-3853
-2991
-2435
-1612
-650
169
1239
2285
3705
4912
5879
6396
6934
7381
7776
7827
7413
7015
5999
5222
4140
3165
2154
754
-310
-1755
-2630
-3705
-4441
-5142
-6083
-6601
-7226
-7179
-7807
-7954
-8628
-9031
-9363
-10271
-10109
-10708
-10240
-10967
-10754
-10442
-9008
-7408
-6022
-4421
-2925
25
1878
4829
5951
8224
9580
10824
11862
11899
13008
12660
13019
11893
11855
11443
11640
11398
11018
11016
10495
10770
9982
10163
9300
8614
7269
5544
4273
2502
1171
-1015
-2974
-5100
-6555
-7784
-8927
-9597
-10622
-10559
-11225
-10726
-10652
-9786
-9262
-8743
-8327
-7801
-6955
-6372
-5485
-5240
-4296
-3952
-3079
-2216
-1331
233
722
2090
2625
3983
5193
5998
7087
7370
8145
8278
8601
8379
8084
7240
6346
5408
4190
3461
1804
891
-868
-1888
-3029
-3930
-4305
-5402
-5737
-6974
-7106
-7773
-7559
-8236
-8545
-9074
-9679
-9771
-10604
-10403
-11003
-10415
-10746
-10287
-9648
-8216
-6395
-5093
-3134
-2218
1064
2596
5722
7068
8557
10550
10739
12932
12142
13648
13138
13353
12902
12100
12366
11798
12311
11057
11191
9985
10536
9888
9536
8985
7493
7084
4878
4081
1955
716
-1244
-3497
-5305
-7380
-8168
-9847
-10401
-11679
-11893
-11913
-12092
-11225
-11215
-9827
-9768
-8834
-8520
-7361
-6544
-5641
-5128
-4599
-3431
-3061
-1307
-1035
817
1722
3018
4498
5319
7186
7809
9053
9361
9744
10038
9900
9827
9126
8469
7309
6505
5246
4384
2971
1879
633
-786
-1612
-3044
-3628
-4913
-5756
-6753
-7558
-8322
-9000
-9331
-9745
-9780
-10699
-10639
-11160
-10678
-10736
-10780
-10743
-10522
-9896
-9476
-8631
-7899
-5985
-4694
-2736
-1224
536
3475
4872
7789
8437
10568
11721
12727
13761
13537
14304
13735
13751
13023
12605
12461
11983
11638
10636
10287
9439
9169
8263
7432
6342
4983
3608
1876
524
-1336
-2813
-4920
-6459
-8160
-9366
-10233
-11429
-11594
-12557
-12171
-12328
-11980
-11281
-11071
-9791
-9628
-8550
-8039
-6921
-5721
-4914
-3730
-3092
-1418
-308
1348
2458
3758
5183
6162
7530
8208
9359
9921
10156
10424
10098
10464
9910
9583
8706
7811
7103
6025
5182
3935
2816
1507
189
-1110
-2316
-3455
-4666
-5958
-7230
-8213
-8987
-9627
-10135
-10733
-10818
-11139
-10724
-10733
-10144
-10021
-9657
-9314
-9159
-8405
-8316
-7271
-7149
-6351
-5662
-4779
-2639
-1797
838
1605
4190
5983
7801
10354
10994
13507
13496
14768
14659
14634
14839
13748
13452
11598
11103
9751
9237
8151
6975
6365
5126
5042
3753
3548
2403
1629
455
-989
-1847
-3424
-4214
-6136
-7235
-8867
-9713
-10395
-11125
-11162
-11924
-11320
-11565
-10504
-9914
-8939
-7721
-7347
-5871
-5615
-3731
-3057
-1503
-799
0
1263
1924
3856
4242
6020
6228
7363
8082
8457
9956
9417
10632
9535
9768
9341
8656
8799
7232
6990
5154
4451
3069
2279
1238
-23
-1218
-2758
-3495
-4564
-5159
-6202
-7184
-8015
-8776
-9183
-9481
-9683
-9661
-9942
-9803
-9711
-8995
-8286
-7697
-7321
-7067
-6580
-6057
-5398
-5002
-4438
-4078
-3736
-3069
-2481
-1039
238
1313
2846
3492
5852
7067
9108
10221
10872
11896
11772
12518
11961
11985
11178
10114
9152
7501
7116
5874
5577
4448
3504
3007
2331
2580
1933
1755
908
266
-513
-1414
-2073
-3147
-3967
-5551
-6481
-7759
-8043
-8517
-8855
-8881
-9397
-8620
-8558
-7333
-6685
-5901
-4995
-4628
-3535
-2877
-1904
-974
-744
219
248
1450
1954
2845
3754
4008
5202
5250
6503
6865
7518
8033
7636
8143
7390
7727
7108
6586
6054
4761
4347
3180
2688
1810
882
127
-842
-1434
-2153
-2751
-3419
-4027
-4729
-5261
-5867
-6240
-6598
-7022
-7261
-7652
-7512
-7442
-7152
-6862
-6647
-6051
-5671
-5057
-4690
-4331
-3951
-3948
-3718
-3830
-3596
-3365
-3349
-2899
-2929
-1975
-1179
-174
1184
1921
3770
4730
6267
7394
8068
9212
9099
9664
9187
9055
8780
7924
7473
6209
5837
5166
4832
4461
3887
3790
3440
3467
3178
2983
2646
2051
1327
341
-548
-1476
-2468
-3667
-4889
-6016
-6713
-7325
-7753
-8015
-8252
-8044
-7878
-7359
-6708
-6139
-5362
-5002
-4465
-3925
-3415
-2617
-2315
-1758
-1440
-937
-117
449
1563
2182
3193
4048
4917
6141
6807
7918
8240
8666
8833
8799
9019
8438
8170
7290
6506
5745
4726
4168
3124
2331
1443
513
-10
-784
-1321
-2024
-2892
-3589
-4474
-5073
-5709
-6392
-6982
-7725
-8190
-8556
-8707
-8636
-8589
-8394
-8171
-7835
-7224
-6647
-6039
-5569
-5281
-4842
-4624
-4158
-3826
-3484
-3073
-2910
-2265
-1661
-499
613
1714
3068
4121
5762
7076
8539
9666
10360
11122
11222
11446
11227
10894
10343
9296
8374
7261
6469
5701
4828
4038
3118
2529
1996
1535
1154
587
67
-710
-1508
-2283
-3080
-3835
-4873
-5952
-7012
-7831
-8392
-8870
-9239
-9476
-9470
-9195
-8674
-7991
-7089
-6236
-5308
-4425
-3453
-2310
-1300
-256
472
1225
1982
2777
3715
4431
5223
5821
6462
7061
7641
8302
8690
9038
9061
9075
9071
8804
8481
7860
7102
6176
5145
4135
2982
1881
673
-568
-1724
-2829
-3719
-4599
-5391
-6101
-6766
-7256
-7685
-7968
-8194
-8351
-8445
-8534
-8505
-8337
-8042
-7712
-7364
-6943
-6387
-5720
-5025
-4306
-3571
-2822
-2113
-1477
-860
-290
231
656
997
1294
1627
2018
2377
2805
3274
3840
4414
4971
5616
6185
6763
7131
7345
7399
7248
7051
6541
5978
5311
4485
3641
2757
1978
1260
667
129
-366
-726
-983
-1129
-1251
-1353
-1493
-1704
-1961
-2250
-2553
-2890
-3256
-3670
-4100
-4434
-4641
-4719
-4711
-4607
-4400
-4055
-3579
-3025
-2354
-1690
-986
-369
222
820
1326
1841
2150
2454
2686
2905
3187
3360
3642
3800
3995
4159
4287
4517
4609
4730
4674
4558
4419
4154
3893
3434
2913
2341
1699
1121
476
-146
-749
-1382
-1913
-2414
-2817
-3135
-3454
-3692
-3919
-4055
-4128
-4170
-4157
-4158
-4112
-4065
-3969
-3814
-3656
-3457
-3313
-3123
-2889
-2631
-2307
-2039
-1762
-1531
-1334
-1095
-901
-707
-605
-592
-603
-674
-692
-725
-769
-805
-869
-815
-680
-429
-63
313
770
1209
1707
2247
2758
3243
3558
3779
3902
3953
3957
3862
3704
3440
3162
2905
2661
2476
2341
2227
2098
1995
1938
1914
1891
1824
1665
1409
1092
727
318
-140
-663
-1241
-1829
-2370
-2826
-3184
-3464
-3674
-3809
-3835
-3727
-3493
-3170
-2810
-2453
-2101
-1712
-1308
-875
-479
-139
161
416
707
1018
1347
1667
1944
2220
2490
2795
3116
3416
3659
3826
3917
3950
3955
3878
3701
3414
3030
2579
2082
1591
1052
504
-75
-724
-1237
-1668
-2049
-2344
-2644
-2891
-3095
-3227
-3280
-3312
-3330
-3374
-3411
-3436
-3419
-3370
-3320
-3269
-3220
-3137
-3003
-2813
-2585
-2339
-2087
-1837
-1574
-1306
-1040
-820
-662
-564
-516
-496
-495
-506
-519
-531
-525
-471
-335
-109
185
522
903
1326
1787
2266
2708
3100
3423
3653
3799
3855
3843
3738
3536
3268
2951
2635
2312
2041
1783
1477
1301
1173
1057
1014
949
897
800
660
483
252
-12
-340
-711
-1136
-1566
-1969
-2338
-2649
-2910
-3103
-3220
-3243
-3162
-2986
-2739
-2445
-2113
-1749
-1363
-973
-593
-239
66
327
556
762
945
1108
1249
1374
1493
1625
1782
1952
2122
2284
2437
2574
2697
2790
2834
2811
2717
2556
2333
2055
1725
1348
940
512
82
-323
-687
-1009
-1278
-1486
-1632
-1725
-1758
-1742
-1705
-1660
-1614
-1585
-1581
-1602
-1644
-1722
-1829
-1953
-2079
-2195
-2285
-2336
-2357
-2346
-2296
-2200
-2069
-1917
-1760
-1617
-1504
-1426
-1375
-1353
-1370
-1420
-1484
-1550
-1604
-1608
-1546
-1415
-1216
-928
-559
-119
389
948
1522
2083
2604
3069
3471
3788
4009
4135
4159
4080
3938
3761
3556
3327
3097
2873
2659
2477
2341
2226
2112
1991
1851
1681
1473
1222
913
538
107
-365
-867
-1384
-1893
-2373
-2809
-3187
-3481
-3680
-3789
-3792
-3689
-3494
-3224
-2881
-2494
-2083
-1653
-1223
-818
-432
-69
250
527
780
1010
1226
1432
1647
1871
2116
2375
2640
2914
3195
3459
3689
3874
3997
4038
3997
3876
3665
3350
2940
2459
1921
1344
749
156
-418
-951
-1442
-1876
-2244
-2547
-2790
-2982
-3129
-3242
-3340
-3428
-3517
-3617
-3729
-3853
-3986
-4117
-4237
-4333
-4392
-4403
-4355
-4243
-4063
-3819
-3509
-3148
-2751
-2328
-1895
-1471
-1069
-696
-362
-71
178
392
577
745
904
1069
1260
1474
1722
2013
2338
2682
3044
3412
3746
4037
4292
4472
4564
4561
4457
4262
3973
3602
3173
2682
2168
1656
1129
671
278
-134
-497
-769
-1010
-1206
-1362
-1505
-1628
-1753
-1889
-2029
-2186
-2349
-2514
-2673
-2808
-2904
-2952
-2931
-2834
-2652
-2385
-2031
-1589
-1080
-519
79
694
1305
1886
2415
2881
3268
3571
3788
3917
3964
3941
3864
3748
3596
3421
3243
3065
2878
2699
2525
2335
2118
1879
1601
1271
893
465
-24
-560
-1123
-1710
-2302
-2877
-3419
-3907
-4336
-4694
-4940
-5078
-5127
-5089
-4963
-4766
-4510
-4202
-3863
-3510
-3162
-2817
-2481
-2160
-1858
-1567
-1284
-998
-709
-412
-99
241
599
973
1353
1736
2106
2456
2776
3047
3255
3393
3462
3462
3389
3246
3053
2820
2554
2263
1975
1712
1468
1252
1081
949
858
806
771
756
744
716
684
628
534
417
276
113
-64
-247
-420
-581
-697
-764
-821
-822
-766
-685
-566
-423
-266
-117
19
133
209
240
224
174
89
-29
-160
-306
-445
-573
-681
-757
-795
-800
-763
-700
-608
-495
-389
-286
-188
-120
-87
-75
-94
-148
-225
-314
-413
-515
-599
-661
-699
-700
-669
-605
-512
-405
-273
-151
-19
98
176
235
254
235
187
100
6
-128
-250
-377
-507
-559
-658
-708
-727
-722
-700
-659
-613
-551
-501
-455
-426
-413
-425
-446
-498
-561
-644
-735
-836
-938
-1027
-1115
-1172
-1231
-1246
-1271
-1254
-1247
-1203
-1164
-1107
-1054
-995
-947
-903
-867
-846
-824
-807
-802
-778
-762
-741
-701
-651
-560
-464
-333
-187
-11
186
382
600
809
1030
1227
1431
1594
1756
1872
1991
2064
2120
2136
2157
2165
2145
2090
2016
1949
1870
1792
1691
1583
1462
1337
1205
1079
955
812
687
548
422
304
210
123
47
-22
-70
-83
-78
-60
-33
6
64
136
236
336
447
541
660
769
897
1007
1125
1214
1299
1354
1406
1436
1451
1432
1375
1304
1205
1093
963
804
625
435
218
16
-196
-419
-643
-870
-1098
-1286
-1496
-1682
-1868
-2046
-2214
-2369
-2494
-2597
-2687
-2759
-2823
-2856
-2859
-2847
-2815
-2759
-2703
-2626
-2523
-2409
-2282
-2144
-2013
-1868
-1722
-1569
-1410
-1246
-1092
-948
-804
-658
-501
-355
-209
-82
51
177
325
448
585
681
790
879
959
1040
1096
1146
1177
1183
1206
1214
1228
1226
1235
1243
1257
1285
1317
1364
1406
1433
1484
1567
1585
1592
1617
1590
1564
1508
1441
1372
1278
1176
1056
944
844
746
663
584
515
461
420
402
392
383
373
362
357
362
363
361
356
333
318
310
300
303
305
297
305
317
331
365
383
391
397
386
373
357
322
264
194
96
-8
-120
-239
-354
-492
-617
-738
-855
-946
-1031
-1100
-1168
-1216
-1234
-1247
-1245
-1239
-1226
-1207
-1187
-1149
-1106
-1059
-1008
-965
-904
-833
-750
-656
-554
-452
-346
-218
-80
53
182
305
407
496
582
652
689
699
685
647
588
517
435
332
214
90
-34
-148
-263
-373
-482
-588
-684
-765
-828
-889
-947
-1002
-1046
-1087
-1113
-1120
-1128
-1123
-1119
-1078
-1011
-931
-828
-705
-563
-415
-205
-21
193
432
658
894
1123
1357
1564
1767
1947
2115
2249
2367
2465
2528
2580
2606
2605
2606
2569
2522
2467
2388
2291
2191
2067
1934
1789
1620
1448
1251
1048
829
599
377
141
-80
-299
-502
-688
-858
-1007
-1133
-1233
-1313
-1368
-1401
-1397
-1395
-1372
-1334
-1273
-1217
-1151
-1070
-987
-906
-809
-717
-628
-529
-428
-336
-224
-149
-59
23
101
160
202
240
248
243
214
174
104
27
-68
-179
-311
-441
-572
-710
-853
-1001
-1141
-1271
-1395
-1514
-1628
-1727
-1817
-1892
-1958
-2013
-2057
-2084
-2101
-2097
-2078
-2051
-2004
-1944
-1869
-1765
-1649
-1532
-1397
-1253
-1099
-937
-777
-610
-445
-276
-111
39
199
338
478
602
729
843
941
1031
1116
1188
1202
1272
1305
1348
1355
1352
1345
1340
1316
1281
1247
1216
1159
1125
1067
1009
970
918
876
836
776
730
692
644
598
557
515
477
431
389
348
311
276
238
205
177
149
125
102
89
75
62
59
50
43
46
39
38
50
48
53
66
70
80
82
101
112
117
129
141
154
171
167
174
219
188
181
174
159
125
105
75
46
4
-30
-67
-109
-149
-181
-219
-263
-297
-327
-362
-396
-427
-461
-500
-529
-557
-584
-614
-641
-670
-706
-728
-753
-775
-803
-831
-846
-863
-874
-889
-896
-902
-899
-889
-891
-872
-860
-850
-823
-816
-796
-778
-768
-748
-733
-721
-713
-696
-689
-675
-670
-642
-627
-599
-589
-557
-524
-477
-441
-394
-354
-295
-244
-181
-114
-50
18
89
169
254
343
432
520
618
710
808
904
990
1085
1174
1250
1323
1380
1433
1483
1508
1523
1533
1530
1520
1494
1459
1419
1374
1325
1270
1222
1163
1116
1058
1013
967
926
890
861
833
807
791
771
764
759
742
746
738
738
733
731
720
736
708
686
662
631
602
561
514
469
414
356
284
226
155
75
-4
-84
-163
-248
-327
-408
-487
-562
-645
-712
-788
-857
-917
-987
-1038
-1103
-1160
-1206
-1264
-1306
-1353
-1386
-1427
-1453
-1487
-1509
-1532
-1545
-1559
-1565
-1567
-1565
-1568
-1562
-1559
-1558
-1547
-1528
-1524
-1515
-1496
-1488
-1471
-1439
-1427
-1399
-1369
-1335
-1300
-1222
-1189
-1138
-1073
-1018
-937
-859
-783
-690
-595
-493
-396
-286
-179
-71
41
155
266
375
488
591
695
791
881
970
1046
1117
1178
1231
1282
1321
1347
1369
1379
1385
1386
1374
1358
1339
1314
1285
1250
1214
1171
1126
1081
1031
984
940
887
840
793
742
701
651
606
566
518
475
439
403
374
337
307
284
258
250
226
222
213
208
201
204
199
199
200
196
199
197
190
187
180
169
159
147
132
107
94
57
40
2
-31
-71
-107
-153
-189
-236
-284
-326
-376
-414
-461
-498
-545
-573
-611
-632
-665
-680
-701
-713
-708
-722
-707
-706
-691
-667
-646
-621
-586
-554
-508
-465
-408
-366
-302
-244
-193
-117
-73
-8
47
105
159
219
270
321
373
417
462
499
536
567
597
618
637
646
656
659
650
645
630
613
594
575
541
515
477
444
409
376
333
302
260
230
192
167
131
113
84
69
50
36
26
18
19
14
26
21
40
46
62
71
93
101
122
139
152
166
182
205
211
241
235
241
248
240
239
238
214
199
176
152
124
91
56
17
-33
-79
-132
-181
-240
-300
-349
-404
-458
-520
-569
-609
-658
-701
-740
-764
-787
-811
-826
-828
-826
-820
-808
-788
-755
-723
-688
-640
-593
-541
-480
-424
-361
-294
-237
-171
-99
-35
28
82
141
199
247
286
334
359
387
412
418
486
458
456
462
450
430
408
390
357
330
293
274
221
186
146
107
64
30
-10
-45
-78
-114
-137
-158
-182
-192
-199
-204
-203
-193
-182
-167
-147
-123
-95
-70
-37
-1
27
66
107
144
176
215
262
285
314
354
368
394
405
421
435
435
435
426
420
402
390
359
341
301
279
233
256
186
147
113
62
19
-24
-66
-111
-141
-186
-211
-252
-274
-307
-326
-349
-362
-375
-381
-386
-387
-383
-375
-365
-349
-333
-310
-287
-262
-233
-204
-176
-146
-114
-86
-59
-27
0
21
48
73
87
105
126
133
141
152
149
147
149
144
129
120
112
87
63
48
23
-1
-35
-63
-96
-120
-110
-166
-182
-206
-228
-254
-262
-285
-296
-300
-312
-319
-310
-310
-302
-293
-283
-268
-256
-239
-213
-200
-182
-152
-134
-109
-92
-66
-45
-36
-3
12
27
42
51
62
68
81
80
81
84
76
69
63
58
42
26
18
2
-23
-37
-52
-71
-84
-104
-116
-127
-142
-158
-165
-169
-179
-181
-180
-187
-198
-189
-173
-171
-153
-141
-130
-105
-86
-60
-30
-6
17
50
84
101
139
161
184
213
225
251
261
275
291
287
299
300
296
288
287
275
253
239
224
198
176
152
119
99
68
39
19
-14
-40
-65
-90
-113
-124
-142
-153
-158
-169
-166
-170
-168
-152
-146
-133
-117
-98
-69
-45
-38
-17
16
43
80
103
126
154
175
200
222
244
261
271
285
289
289
293
288
279
269
257
238
214
195
168
142
109
74
43
15
-9
-52
-83
-109
-138
-162
-194
-210
-230
-246
-252
-266
-269
-268
-265
-256
-250
-235
-214
-196
-171
-146
-125
-86
-55
-24
9
44
79
105
131
164
183
182
209
246
258
271
287
297
303
302
307
306
300
289
273
256
247
222
199
184
149
118
99
65
31
9
-21
-50
-75
-105
-123
-143
-166
-175
-181
-199
-205
-201
-203
-200
-194
-184
-173
-161
-140
-117
-99
-79
-55
-37
-5
15
35
72
90
107
131
154
164
180
193
204
218
209
213
208
201
197
175
169
153
132
113
87
66
34
4
-21
-53
-85
-116
-152
-171
-203
-232
-256
-279
-292
-317
-330
-341
-352
-356
-366
-357
-351
-347
-336
-322
-305
-287
-264
-246
-219
-194
-175
-144
-114
-90
-60
-42
-5
5
35
54
66
85
94
107
110
118
126
118
123
123
117
112
99
88
108
74
66
59
48
36
29
24
9
-1
-4
-13
-21
-28
-25
-29
-29
-29
-29
-26
-18
-13
-7
1
9
26
28
38
49
61
73
81
96
107
119
125
130
142
154
164
170
181
184
184
196
193
203
206
205
206
203
193
193
186
190
174
165
159
144
145
127
120
97
84
99
56
43
27
5
-10
-22
-50
-61
-81
-98
-112
-130
-134
-149
-148
-164
-179
-172
-178
-176
-173
-175
-178
-167
-162
-153
-142
-138
-129
-115
-107
-92
-84
-71
-68
-56
-50
-40
-33
-34
-18
-20
-22
-15
-22
-19
-24
-26
-27
-40
-41
-45
-52
-57
-60
-69
-69
-71
-77
-78
-83
-76
-84
-61
-66
-66
-54
-57
-50
-41
-35
-21
-21
-11
9
21
31
52
60
75
83
100
114
126
135
148
152
167
169
180
185
188
194
189
197
189
188
186
178
177
162
161
143
131
127
111
103
85
75
63
47
37
20
10
-4
-8
-23
-28
-45
-49
-55
-63
-69
-71
-74
-69
-81
-46
-73
-73
-62
-71
-71
-66
-63
-68
-67
-74
-61
-70
-72
-72
-72
-78
-82
-89
-93
-94
-112
-116
-122
-135
-145
-156
-164
-174
-189
-198
-204
-222
-232
-240
-250
-258
-266
-269
-273
-281
-280
-278
-282
-278
-272
-267
-259
-249
-239
-229
-214
-198
-188
-169
-149
-137
-114
-92
-79
-57
-35
-20
-4
18
33
45
64
81
92
103
119
132
138
146
160
168
168
177
187
186
190
195
199
201
202
208
214
214
218
225
226
227
229
235
234
239
248
245
251
258
252
257
260
254
258
255
251
252
243
237
232
219
212
198
186
173
155
139
123
104
89
66
46
32
3
-21
-38
-65
-90
-111
-130
-145
-165
-182
-191
-207
-224
-233
-242
-252
-259
-267
-271
-271
-278
-275
-281
-277
-274
-276
-270
-266
-269
-257
-259
-248
-250
-246
-237
-238
-231
-229
-227
-228
-223
-220
-220
-225
-222
-222
-225
-226
-227
-230
-232
-236
-237
-239
-241
-245
-247
-248
-247
-246
-254
-252
-246
-239
-246
-244
-236
-223
-231
-216
-215
-207
-199
-191
-176
-174
-160
-150
-135
-116
-110
-95
-80
-60
-44
-34
-13
3
19
39
54
73
86
99
124
138
151
157
182
193
208
214
231
236
246
259
264
270
271
284
282
287
284
289
284
284
282
277
277
264
263
253
254
242
225
226
215
209
192
188
180
172
157
155
141
143
126
127
119
105
100
97
96
98
86
76
78
79
72
72
73
75
66
66
70
66
63
62
62
64
62
59
55
50
48
47
46
44
40
34
28
19
17
13
7
5
-1
-13
-20
-26
-36
-39
-42
-48
-52
-60
-69
-68
-71
-79
-75
-77
-87
-88
-81
-81
-80
-81
-79
-73
-70
-66
-56
-54
-51
-38
-34
-24
-10
-11
-1
16
24
35
45
48
56
64
70
80
88
95
99
100
110
113
110
113
113
117
127
125
117
115
112
108
104
102
103
96
87
83
75
69
67
67
62
56
53
38
36
31
27
22
25
24
15
15
7
20
11
15
4
14
10
8
7
6
10
6
6
12
6
13
3
12
11
7
9
4
9
3
4
-1
0
-5
-6
-8
-15
-12
-22
-19
-26
-27
-35
