0
1
3
2
-3
-1
0
4
-1
2
3
-2
-1
1
5
-10
-3
-5
-3
-7
-6
-4
-5
-3
-4
-5
-2
-5
0
-4
-3
-1
-2
1
-1
1
1
2
5
5
5
9
4
1
9
10
6
6
5
9
12
10
10
13
12
11
12
12
13
13
16
17
16
16
17
16
14
15
16
15
14
15
17
18
17
16
17
20
17
11
10
14
13
9
10
14
12
8
12
13
13
12
10
13
17
12
11
11
10
9
7
11
15
14
10
13
10
7
12
10
9
8
4
10
8
0
7
9
3
3
4
7
7
-2
0
7
4
0
2
3
0
-4
-5
-4
-2
-5
-9
-4
-3
-5
-2
-5
-7
-7
-17
-21
-15
-15
-15
-15
-19
-18
-15
-13
-14
-15
-17
-17
-17
-14
-14
-14
-13
-13
-12
-11
-11
-10
-9
-7
-7
-7
-7
-7
-8
-8
-7
-8
-8
-5
-6
-4
-2
-3
0
0
0
0
0
-1
0
-1
-1
-1
-1
-1
-1
-3
-3
-5
-5
-2
-6
-6
-2
2
6
11
7
8
6
2
8
6
4
9
9
9
12
8
6
7
4
6
8
8
8
8
7
4
4
-1
2
0
-3
-6
-11
-2
-10
-12
-14
-14
-10
-21
-19
-21
-23
-22
-26
-29
-25
-26
-31
-25
-29
-30
-28
-27
-29
-33
-27
-25
-28
-32
-15
-19
-15
-13
-12
-14
-16
-69
-26
7
22
22
3
11
17
10
14
4
21
21
34
55
55
55
42
31
29
31
55
63
44
16
25
39
57
48
12
5
-4
29
45
32
11
-26
-15
4
12
-12
-42
-49
-39
-18
-18
-22
-40
-43
-39
-35
-11
-9
-19
-19
-31
-16
-9
12
22
20
14
9
12
-59
13
13
28
28
38
49
34
28
5
39
52
83
58
57
51
58
91
57
72
22
45
41
66
56
35
-3
-32
-24
-14
17
-24
-56
-92
-80
-39
-40
-36
-97
-93
-110
-44
-39
-28
-80
-113
-115
-102
-58
-78
-83
-139
-127
-91
-31
-23
-101
-118
-138
-100
-111
-59
-43
-86
-164
-155
-96
-54
1
89
189
145
-28
-23
180
513
666
511
379
341
563
845
792
563
236
188
462
665
836
874
856
726
223
-350
-632
-224
816
1723
1751
660
-821
-1559
-1054
130
890
561
-500
-1348
-1418
-943
-722
-1119
-1707
-1929
-1615
-1312
-1386
-1575
-1569
-1197
-881
-994
-1388
-1729
-1430
-746
-205
-130
-498
-427
-110
174
384
275
233
264
480
735
1062
1441
1617
1532
1017
671
735
1149
1528
1464
1269
1042
1025
1175
1252
1087
749
619
700
714
566
521
619
670
547
330
145
17
-64
-101
-88
-184
-264
-270
-107
140
161
81
-175
-397
-478
-493
-350
-276
-257
-314
-433
-499
-564
-641
-827
-1152
-1487
-1626
-1469
-1163
-1005
-1161
-1547
-1962
-2212
-2304
-2385
-2490
-2632
-2635
-2616
-2713
-2703
-2583
-2388
-2358
-2594
-2960
-3223
-3082
-1555
962
2662
2947
1773
1471
2131
2298
3034
3664
4879
5613
4828
5291
6109
6916
6974
5356
4501
3657
3133
3502
3602
3999
3545
2430
1486
557
141
-240
-917
-1787
-2668
-3174
-3131
-2851
-2519
-2429
-2922
-3780
-4586
-4522
-3798
-2983
-2175
-1871
-1639
-1088
-737
-117
559
408
297
197
370
1423
2053
2330
2488
2264
2197
1925
1167
946
470
-165
-217
-865
-717
-934
-1578
-1806
-2964
-3469
-4421
-5270
-5522
-5898
-5819
-6297
-6089
-6030
-6048
-5904
-6337
-6200
-7020
-5547
-2025
476
2376
696
1129
3221
3037
4606
4658
6453
8451
6589
7474
8983
11359
12872
10613
10029
8515
7307
7442
5765
6394
6455
5145
4311
1906
1469
1332
-99
-1415
-3751
-5618
-6459
-6728
-6795
-6180
-6199
-6654
-6802
-7805
-6909
-6252
-6169
-4961
-5095
-4067
-3376
-2912
-135
1380
2402
2491
2010
3267
3771
4279
5083
5527
5889
5278
4827
5240
5670
5153
3846
2445
1509
697
-620
-1586
-2008
-2660
-3942
-5425
-6349
-6698
-7570
-8895
-9456
-10003
-10607
-11080
-11302
-9997
-9479
-10234
-9641
-9783
-9242
-8689
-9103
-4999
-967
2455
3552
1884
5392
6686
7572
9032
8856
12691
12068
11118
13166
13914
17641
17792
15914
14982
12103
11416
9824
8166
7902
5936
4321
2489
911
516
142
-1313
-3863
-6594
-9119
-9981
-11134
-11635
-10927
-11319
-10562
-11311
-10864
-8116
-7748
-6300
-5905
-5544
-4146
-4513
-2303
466
1694
3086
3390
4595
6594
7122
7976
8532
8453
8178
6812
6790
6998
6374
6101
4492
3968
3524
1578
480
-1315
-2176
-3754
-6334
-7141
-8204
-8502
-9782
-10862
-10645
-11131
-10843
-11984
-12434
-11991
-12231
-11575
-12473
-11815
-10480
-10111
-8423
-6924
-2013
2928
5026
6394
6346
8920
10702
11029
12560
13350
15469
15268
14856
17097
18992
21412
20355
18529
17457
15114
13692
10802
8736
7275
4882
2934
374
-430
-444
-1564
-3366
-6021
-8034
-10023
-12003
-13001
-13501
-13450
-13836
-14204
-13359
-11542
-9503
-8228
-7324
-6284
-5379
-4919
-4359
-2992
-1288
-55
645
1833
3780
5557
6701
7478
8094
7928
6731
5135
4249
3988
3275
2375
1291
859
407
-794
-1674
-2856
-3999
-6090
-8570
-9851
-10789
-11403
-12633
-13703
-13120
-13278
-13341
-13932
-14277
-13359
-13921
-13665
-13730
-12965
-11846
-10940
-9120
-3939
936
5124
6946
8972
13558
14624
16456
16558
17605
19658
17904
17970
18300
20227
22022
20619
18724
16920
14143
12312
7830
3830
-39
-4692
-7712
-10869
-11347
-10298
-10101
-9856
-10453
-10563
-10193
-10070
-10473
-10155
-10452
-10884
-10838
-10783
-7726
-5375
-3647
-957
368
2916
3955
4993
7986
9000
10267
10414
11294
13999
14502
15647
16426
17004
17686
16223
15068
13841
12803
11350
8672
6998
5833
5203
4493
3948
4120
3438
2516
1345
501
-662
-2898
-4848
-8018
-10261
-12517
-14580
-14887
-16763
-15973
-16014
-16286
-14797
-15863
-14467
-15421
-14499
-9917
-8334
-4947
-5184
-2838
2934
4748
9599
11930
15522
19107
16944
18130
17275
18344
20078
16774
16752
15339
14731
14747
11697
11184
9181
6112
3343
-466
-1553
-2664
-4500
-5830
-7724
-8567
-9449
-10210
-10327
-10397
-11153
-13162
-14331
-14770
-13777
-12970
-12623
-11051
-9986
-7803
-6484
-4603
-1250
37
934
618
1190
3255
3830
3981
4670
5828
7078
7219
7055
8113
8393
7879
6137
4230
3545
1360
-637
-2809
-4668
-5025
-7271
-8625
-9737
-10933
-11143
-13362
-13701
-14454
-15427
-15916
-17903
-17004
-16963
-16908
-16363
-16146
-14252
-13255
-12421
-10234
-5995
-1910
1115
2423
4512
8205
10190
12092
12677
14386
16358
15710
15648
15959
18106
20542
19987
19400
19515
19090
18578
16281
14395
12852
9131
6215
2733
637
-140
-2495
-3549
-5130
-6702
-7375
-8529
-9060
-9332
-10517
-11972
-13608
-14756
-13902
-13252
-12246
-11608
-10378
-7682
-6227
-3762
-1663
573
2172
1913
2830
3577
4717
5302
5153
5898
6666
7417
7820
8467
9319
9329
8267
7074
6113
4681
2698
160
-1572
-2968
-5075
-6601
-8035
-8594
-8863
-9940
-10287
-11238
-11173
-10854
-12460
-13055
-14279
-14291
-14109
-15172
-13783
-13912
-12612
-11416
-10594
-5208
-2257
1200
3511
4342
8805
9803
11504
13083
12902
15441
13717
13209
15316
15539
18499
17957
17587
18972
17048
18074
16325
14260
13302
8857
6928
3115
253
-897
-3833
-4482
-6378
-7699
-8049
-9129
-8612
-8849
-9551
-10483
-12067
-12658
-12814
-12342
-11657
-11456
-10536
-8889
-7091
-4877
-2171
225
1838
2682
3629
4804
5755
6176
6498
6816
6631
7043
7090
7711
8433
8307
8341
7090
6950
6362
4653
3421
800
-851
-3446
-5786
-6483
-8709
-9000
-10044
-11167
-10375
-11489
-10308
-9995
-10928
-10382
-12276
-12142
-12555
-13646
-12128
-13004
-12140
-11196
-10609
-5811
-2638
1099
3951
4969
9359
11011
12499
14370
14183
16124
14756
13338
14155
13967
16544
17042
16503
17490
16758
17622
17015
15305
14949
11706
8549
4975
1016
-110
-2487
-4817
-6317
-8677
-8690
-8903
-9066
-7753
-8304
-8342
-9337
-10552
-9809
-10106
-9739
-9988
-10232
-9382
-8616
-6589
-4407
-1737
385
1648
3177
4671
6392
7305
7769
7600
7112
6799
5935
6156
6269
6088
6065
4976
5231
5360
5051
4999
3027
1700
-334
-2840
-3917
-6186
-7396
-8988
-10976
-11213
-12061
-11405
-10320
-10271
-9814
-10454
-10800
-10279
-10731
-10801
-10892
-11735
-11715
-12028
-10837
-7069
-4062
-357
1899
3947
8563
10598
13633
15008
14948
17009
14542
13912
13318
12757
15146
13215
13164
13060
12514
14677
13554
13646
13326
10390
8873
4894
2161
987
-2418
-4232
-7944
-10646
-10663
-12009
-10912
-10799
-10641
-9324
-10432
-9744
-8954
-8417
-7519
-8877
-9144
-8964
-8874
-7644
-6798
-4840
-2895
-1819
35
2122
4467
6421
7067
7284
7359
6942
6538
5905
5355
4960
3932
3001
2448
2517
3111
3158
2548
1911
825
-220
-1491
-3343
-4349
-6300
-8226
-9902
-11641
-11236
-11379
-11324
-11132
-11530
-10281
-9962
-9361
-8876
-9350
-8751
-9650
-9621
-8941
-7381
-4093
-2222
196
1992
5064
8707
11186
13921
14999
16484
16388
15436
15305
15103
15858
15111
13580
12692
12321
12825
13107
12705
12619
11560
9736
7788
5528
4541
2390
-477
-3546
-6642
-7904
-9546
-10351
-10650
-10918
-10471
-10928
-10514
-9118
-7860
-6858
-7142
-7581
-7180
-7133
-6612
-5871
-5229
-4014
-3651
-2667
-818
1112
3393
4626
5592
6370
6672
7078
7121
7070
6651
5621
4514
3603
3127
2953
2714
2211
1754
967
271
-358
-1364
-1822
-3446
-5033
-6447
-8440
-8916
-9971
-10370
-10313
-11039
-10936
-11366
-10716
-9674
-9720
-8926
-9038
-9093
-8129
-8399
-6799
-4343
-2851
-53
1115
3401
7196
8791
11745
13019
13922
16131
14634
14835
14940
14528
15812
13419
12809
12659
11852
13119
11560
11442
11476
9377
8640
6193
4956
4355
1227
-663
-3714
-6193
-6616
-8644
-9002
-9559
-10457
-9921
-10806
-10258
-8882
-8432
-7959
-8280
-8227
-7192
-6941
-6384
-5419
-5276
-4189
-4083
-3143
-1138
-100
1877
2352
3225
4446
5151
6211
6252
6723
6320
5607
5174
4482
4274
3653
2953
2167
1351
853
429
-87
-918
-1868
-3272
-4451
-5556
-6621
-7286
-8684
-9255
-9875
-10137
-9707
-10248
-9595
-9596
-9332
-8919
-9516
-8704
-8703
-8207
-7678
-7383
-5044
-3184
-890
1268
2843
5949
7981
9947
12043
12852
14417
14175
13368
13429
12812
13447
12836
11931
11714
10972
11582
11311
10923
11011
10017
9053
7419
5420
4366
2758
295
-1995
-4588
-6041
-7193
-8601
-8836
-9426
-9650
-9917
-10160
-8985
-8265
-7715
-7368
-7546
-7041
-6749
-6495
-5797
-5225
-4528
-4260
-3903
-2495
-878
667
2150
3144
4300
5380
6048
6930
7318
7330
7085
6286
5537
4915
4566
4057
3199
2404
1702
1146
549
-13
-813
-1754
-2791
-4333
-5455
-6238
-7067
-7895
-9198
-9583
-9571
-9717
-9169
-9301
-8931
-8710
-9098
-8299
-8380
-7870
-7090
-7361
-6585
-6519
-5199
-2731
-1166
1372
2641
4512
7319
8653
10943
12051
12898
13946
12910
12955
12829
12687
13147
11680
11075
10746
10156
10767
10054
9738
9624
8185
7260
5495
4222
3524
1436
-602
-3247
-5323
-6247
-7740
-8662
-9411
-10085
-10162
-10593
-10328
-9332
-8498
-7671
-7451
-7213
-6439
-5840
-5111
-4401
-3938
-3297
-2870
-2149
-912
521
2138
3203
4267
5408
6451
7574
8107
8389
8338
7865
7230
6428
5684
5037
4237
3229
2140
1106
599
78
-490
-1167
-2057
-2797
-3955
-4873
-5533
-6230
-6892
-8004
-8662
-9038
-9277
-9090
-8871
-8342
-8240
-8309
-8043
-7602
-6937
-6877
-6704
-6531
-6420
-6026
-5741
-4253
-2445
-710
1050
2305
4540
6951
8901
10740
11688
12664
13236
12767
12518
12060
12020
11727
10200
9353
8676
8738
9090
8356
8230
7764
6983
6161
4588
3707
2595
562
-1585
-4143
-5860
-6905
-8352
-9152
-9832
-10181
-10067
-10242
-9337
-8215
-7374
-6549
-6494
-5773
-4968
-4675
-3932
-3664
-3223
-2592
-2384
-1264
-61
1197
2639
3335
4497
5498
6361
7317
7466
7715
7404
6796
6334
5534
5057
4306
3388
2676
1793
1275
897
200
-394
-1240
-2059
-2699
-3728
-4479
-5230
-6082
-6688
-7478
-7843
-7920
-8088
-8047
-8079
-7873
-7442
-7296
-7196
-7165
-6992
-6625
-6601
-6512
-6249
-5763
-5166
-4838
-3986
-2433
-552
1210
2495
4037
6031
7921
9491
10635
11562
12477
12583
12208
11858
11653
11769
11008
9916
9135
8664
8608
8100
7570
7160
6612
5832
4639
3575
2816
1857
290
-1713
-3616
-4914
-6015
-7105
-8087
-8906
-9262
-9565
-9547
-9004
-8209
-7263
-6762
-6379
-5713
-4930
-4009
-3431
-3045
-2577
-2213
-1653
-986
-79
1096
2034
2964
3870
4920
6131
6937
7519
7755
7709
7587
7128
6675
6179
5406
4524
3413
2476
1905
1282
651
-173
-1097
-1783
-2576
-3276
-4001
-4868
-5619
-6536
-7290
-7801
-8158
-8155
-8277
-8371
-8363
-8238
-7623
-7064
-6584
-6293
-6299
-6072
-5886
-5722
-5429
-5235
-4889
-4592
-4253
-3201
-1642
239
2031
3406
5070
6901
8739
10403
11496
12420
12803
12573
12118
11616
11521
11170
10247
9200
8276
8035
7921
7560
7178
6573
5931
4968
3691
2750
1815
534
-1233
-3430
-5206
-6562
-7727
-8602
-9567
-10237
-10631
-10829
-10435
-9785
-8838
-7997
-7556
-7045
-6464
-5508
-4455
-3753
-3114
-2655
-2005
-1114
-199
1109
2329
3368
4301
5003
6031
7036
7863
8398
8364
8210
7880
7465
6998
6327
5486
4416
3204
2126
1254
484
-316
-1404
-2456
-3451
-4302
-4919
-5611
-6105
-6799
-7542
-8145
-8613
-8612
-8570
-8507
-8475
-8442
-8233
-7911
-7319
-6514
-5748
-5286
-5048
-4749
-4239
-3684
-3337
-3125
-2890
-2570
-2224
-1676
-620
932
2569
3942
5218
6780
8638
10365
11627
12459
12981
13098
12702
12014
11423
10963
10239
9006
7618
6704
6411
6290
5968
5499
5093
4640
3917
3011
2249
1565
512
-1122
-3015
-4484
-5483
-6313
-7119
-7913
-8358
-8488
-8410
-8030
-7371
-6459
-5820
-5583
-5436
-5169
-4453
-3798
-3567
-3425
-3282
-2873
-2207
-1383
-287
877
1831
2546
3230
4117
5015
5493
5494
5061
4506
3917
3202
2573
1889
1164
328
-641
-1296
-1717
-2001
-2365
-3019
-3655
-4291
-4902
-5459
-6061
-6536
-7015
-7532
-7957
-8145
-7924
-7458
-6974
-6513
-5946
-5181
-4331
-3591
-2937
-2232
-1504
-955
-718
-615
-452
-265
-192
-316
-444
-390
-242
-55
259
830
1793
2933
3937
4895
6009
7232
8319
9064
9494
9690
9551
9003
8208
7470
6888
6246
5336
4324
3585
3270
3160
3001
2766
2559
2333
1927
1331
709
126
-605
-1678
-2955
-4055
-4762
-5212
-5634
-6022
-6180
-6019
-5640
-5127
-4441
-3570
-2702
-2077
-1684
-1275
-735
-207
111
228
348
643
1089
1623
2312
3247
4314
5317
6228
7147
8092
8919
9450
9635
9565
9324
8910
8328
7664
7015
6386
5742
5142
4735
4584
4556
4475
4311
4154
4013
3783
3397
2905
2365
1767
1100
454
-52
-391
-641
-866
-1018
-1011
-821
-539
-302
-219
-293
-459
-684
-973
-1365
-1959
-2776
-3712
-4627
-5471
-6256
-6950
-7510
-7934
-8192
-8177
-7716
-6780
-5583
-4375
-3266
-2160
-951
203
1103
1681
1944
1967
1710
1218
868
805
758
558
320
312
694
1311
1904
2348
2632
2751
2628
2271
1807
1276
491
-709
-2182
-3572
-4679
-5574
-6403
-7141
-7662
-7928
-7986
-7831
-7410
-6795
-6232
-5938
-5870
-5802
-5614
-5422
-5379
-5466
-5505
-5373
-5046
-4502
-3667
-2515
-1155
236
1607
3034
4540
5964
7072
7751
8045
8056
7841
7404
6823
6221
5605
4925
4266
3775
3507
3413
3362
3223
2984
2722
2393
1877
1157
321
-634
-1758
-2991
-4110
-4892
-5301
-5485
-5466
-5120
-4364
-3333
-2252
-1236
-314
365
569
230
-451
-1252
-2188
-3369
-4691
-5805
-6493
-6820
-6986
-7049
-6974
-6857
-6871
-7019
-7083
-6871
-6476
-6140
-5879
-5404
-4492
-3219
-1800
-301
1325
3016
4637
6142
7626
9251
10934
12314
13222
13792
14250
14554
14324
13436
12137
10495
8458
6110
3652
1359
-711
-2774
-4866
-6755
-8181
-9115
-9785
-10349
-10751
-10907
-10856
-10688
-10405
-9946
-9394
-8966
-8772
-8664
-8416
-7970
-7480
-7069
-6674
-6113
-5270
-4097
-2587
-726
1385
3517
5512
7403
9269
11024
12398
13184
13384
13122
12492
11557
10392
9083
7691
6224
4737
3375
2257
1375
591
-247
-1139
-2056
-2990
-3961
-4993
-6115
-7330
-8606
-9832
-10874
-11612
-12001
-12097
-11951
-11505
-10699
-9556
-8181
-6684
-5189
-3815
-2602
-1530
-593
148
688
1094
1449
1786
2101
2419
2826
3364
3983
4591
5153
5710
6281
6818
7270
7657
8024
8346
8529
8525
8379
8180
7946
7632
7181
6614
5978
5284
4528
3762
3109
2631
2258
1906
1632
1575
1798
2199
2641
3127
3609
4033
4310
4450
4526
4473
4251
3741
3027
2309
1641
978
160
-734
-1630
-2500
-3332
-4131
-4782
-5296
-5743
-6201
-6578
-6686
-6477
-6088
-5695
-5325
-4902
-4365
-3742
-3069
-2325
-1513
-753
-167
303
798
1340
1803
2024
1959
1723
1458
1171
829
468
143
-196
-586
-937
-1094
-1056
-1014
-1137
-1399
-1658
-1895
-2203
-2620
-3130
-3688
-4336
-5032
-5669
-6058
-6141
-6117
-6049
-5913
-5541
-4749
-3795
-2833
-1881
-991
-178
479
1010
1473
1866
2100
2063
1871
1719
1726
1795
1769
1665
1584
1570
1569
1568
1629
1757
1827
1745
1610
1628
1892
2284
2632
2909
3230
3686
4252
4835
5379
5868
6250
6471
6565
6662
6816
6915
6790
6438
6025
5699
5483
5262
4988
4651
4250
3811
3358
2987
2672
2311
1749
960
143
-617
-1210
-1732
-2456
-3254
-3977
-4590
-5053
-5392
-5573
-5642
-5705
-5790
-5802
-5593
-5185
-4720
-4358
-4077
-3737
-3267
-2677
-2033
-1367
-711
-94
486
1085
1755
2445
3031
3414
3613
3734
3855
3967
3995
3893
3676
3388
3064
2734
2408
2091
1730
1256
675
55
-529
-1074
-1647
-2275
-2917
-3513
-4017
-4413
-4668
-4766
-4776
-4754
-4677
-4505
-4188
-3757
-3328
-2921
-2536
-2198
-1860
-1505
-1167
-865
-637
-488
-348
-177
36
284
510
661
722
718
693
659
603
496
313
74
-160
-314
-338
-231
-16
270
615
1023
1515
2079
2653
3159
3546
3803
3932
3955
3915
3839
3704
3477
3171
2859
2612
2453
2351
2275
2181
2046
1886
1732
1599
1438
1194
840
347
-232
-788
-1308
-1795
-2277
-2804
-3271
-3605
-3838
-3924
-3885
-3824
-3759
-3685
-3553
-3289
-2959
-2659
-2416
-2220
-2028
-1804
-1518
-1162
-773
-404
-75
242
620
1093
1608
2078
2447
2724
2960
3175
3351
3461
3477
3389
3193
2918
2603
2285
1960
1578
1128
638
177
-224
-574
-906
-1219
-1500
-1748
-1960
-2119
-2197
-2242
-2271
-2318
-2384
-2381
-2339
-2241
-2140
-2047
-1923
-1772
-1653
-1509
-1222
-1089
-975
-791
-706
-598
-555
-498
-457
-479
-524
-636
-768
-967
-1189
-1438
-1692
-1926
-2169
-2380
-2536
-2596
-2540
-2346
-2039
-1629
-1103
-502
165
888
1625
2323
2939
3440
3844
4162
4395
4556
4646
4656
4628
4589
4567
4594
4664
4754
4851
4928
4982
5030
5042
4983
4829
4569
4220
3825
3425
3037
2675
2343
2054
1837
1730
1748
1884
2113
2399
2694
2971
3233
3464
3610
3636
3514
3224
2784
2235
1643
1057
512
66
-228
-323
-202
120
604
1170
1721
2175
2479
2572
2392
1913
1150
136
-1086
-2425
-3789
-5127
-6382
-7517
-8508
-9321
-9956
-10419
-10714
-10885
-10944
-10902
-10786
-10597
-10367
-10118
-9836
-9539
-9221
-8870
-8485
-8047
-7577
-7076
-6534
-5991
-5432
-4869
-4355
-3883
-3505
-3245
-3027
-2872
-2804
-2781
-2820
-2899
-2987
-3093
-3183
-3246
-3298
-3328
-3349
-3345
-3297
-3205
-3059
-2858
-2614
-2323
-1985
-1575
-1091
-544
44
657
1284
1920
2549
3161
3742
4270
4731
5119
5448
5737
5986
6195
6361
6483
6571
6630
6667
6676
6631
6523
6351
6106
5795
5419
4981
4475
3905
3271
2598
1925
1260
619
35
-513
-1003
-1383
-1702
-1948
-2063
-2088
-2044
-1910
-1724
-1489
-1202
-882
-545
-184
192
591
1009
1441
1880
2326
2767
3203
3633
4051
4438
4782
5077
5324
5517
5649
5715
5706
5617
5453
5214
4898
4515
4062
3542
2965
2350
1712
1058
408
-234
-865
-1475
-2051
-2591
-3085
-3527
-3926
-4285
-4601
-4870
-5094
-5280
-5432
-5555
-5638
-5682
-5702
-5665
-5567
-5427
-5230
-5003
-4744
-4416
-4057
-3694
-3322
-2968
-2628
-2296
-1992
-1716
-1460
-1234
-1033
-862
-711
-581
-463
-344
-226
-117
12
176
385
637
935
1281
1667
2080
2511
2941
3353
3728
4037
4275
4438
4523
4529
4469
4346
4168
3950
3712
3465
3217
2984
2750
2515
2291
2057
1825
1561
1275
956
577
158
-314
-812
-1356
-1900
-2432
-2961
-3418
-3843
-4144
-4305
-4465
-4496
-4402
-4251
-4004
-3699
-3340
-2946
-2524
-2073
-1605
-1113
-620
-103
427
953
1480
2001
2508
2978
3416
3809
4136
4390
4568
4667
4682
4619
4481
4276
4009
3696
3350
2994
2640
2301
1994
1724
1499
1310
1158
1031
921
819
710
592
452
282
80
-151
-419
-715
-1013
-1332
-1600
-1825
-1967
-2014
-1947
-1747
-1431
-1038
-564
-4
415
815
1112
1275
1270
1183
967
726
470
260
138
113
194
359
567
786
964
1066
1048
901
621
229
-254
-772
-1288
-1752
-2126
-2378
-2491
-2451
-2259
-1913
-1429
-823
-119
651
1447
2230
2958
3596
4110
4480
4694
4750
4661
4451
4144
3774
3376
2977
2601
2255
1940
1650
1376
1100
815
515
196
-146
-510
-897
-1310
-1750
-2218
-2716
-3242
-3794
-4363
-4927
-5454
-5906
-6245
-6435
-6455
-6292
-5946
-5432
-4778
-4017
-3192
-2347
-1511
-707
51
753
1398
1994
2542
3035
3472
3841
4128
4314
4395
4371
4257
4056
3777
3441
3071
2669
2224
1733
1217
680
106
-496
-1105
-1684
-2206
-2663
-2988
-3174
-3203
-3092
-2866
-2576
-2258
-1967
-1754
-1667
-1691
-1851
-2090
-2416
-2748
-2975
-3271
-3387
-3385
-3254
-3037
-2721
-2372
-1979
-1588
-1189
-795
-381
56
542
1067
1631
2218
2792
3309
3733
4024
4157
4115
3900
3540
3071
2544
2007
1506
1080
741
486
294
132
-43
-261
-547
-909
-1342
-1822
-2315
-2781
-3182
-3484
-3659
-3686
-3568
-3317
-2933
-2443
-1889
-1293
-670
-66
485
989
1424
1762
2008
2176
2252
2233
2135
1964
1712
1389
1013
594
151
-289
-706
-1066
-1347
-1534
-1611
-1575
-1437
-1216
-939
-647
-378
-168
-40
-10
-73
-208
-386
-569
-715
-790
-779
-673
-485
-233
57
362
650
900
1085
1182
1173
1047
808
471
50
-433
-955
-1500
-2058
-2609
-3149
-3651
-4097
-4458
-4704
-4814
-4762
-4571
-4239
-3840
-3392
-2964
-2564
-2206
-1878
-1539
-1205
-814
-431
8
405
820
1156
1449
1619
1661
1525
1203
680
-28
-883
-1829
-2791
-3697
-4479
-5078
-5488
-5704
-5764
-5703
-5564
-5385
-5181
-4959
-4731
-4484
-4212
-3894
-3507
-3018
-2398
-1608
-637
509
1782
3093
4324
5350
6048
6359
6298
5950
5463
5011
4728
4709
4957
5433
5995
6509
6873
6984
6918
6707
6496
6390
6475
6791
7273
7815
8290
8634
8470
7980
7078
5888
4539
3147
1875
737
-136
-811
-1283
-1640
-1911
-2172
-2408
-2663
-2880
-3062
-3176
-3206
-3145
-2988
-2746
-2424
-2036
-1618
-1169
-723
-315
49
335
530
636
639
555
411
202
-46
-292
-542
-776
-964
-1110
-1214
-1272
-1287
-1266
-1231
-1181
-1111
-1059
-1008
-945
-902
-855
-798
-758
-706
-643
-587
-517
-439
-358
-276
-201
-128
-73
-30
22
59
100
159
206
265
328
370
419
461
478
497
513
515
519
528
538
546
557
567
561
543
509
454
380
289
187
79
-27
-129
-225
-309
-383
-448
-495
-524
-523
-485
-404
-280
-117
78
291
519
749
966
1151
1307
1426
1500
1542
1517
1453
1354
1230
1084
932
789
673
631
524
440
424
389
401
402
423
452
478
516
539
571
581
587
571
538
501
444
384
313
245
175
104
45
-9
-65
-109
-147
-196
-231
-269
-316
-348
-384
-424
-445
-464
-475
-468
-450
-419
-372
-317
-253
-189
-127
-70
-25
9
22
18
-6
-51
-113
-202
-301
-412
-546
-678
-798
-917
-1012
-1106
-1215
-1269
-1320
-1359
-1386
-1422
-1432
-1460
-1482
-1513
-1559
-1593
-1649
-1696
-1757
-1821
-1879
-1944
-1994
-2029
-2048
-2050
-2034
-1991
-1929
-1853
-1769
-1677
-1582
-1488
-1403
-1329
-1267
-1217
-1180
-1153
-1134
-1131
-1131
-1135
-1136
-1143
-1148
-1142
-1119
-1086
-1034
-960
-870
-741
-598
-434
-242
-50
159
360
570
779
964
1150
1299
1438
1547
1648
1783
1787
1777
1786
1724
1671
1578
1479
1362
1222
1100
956
833
734
652
601
598
619
676
774
874
1005
1146
1275
1403
1509
1583
1625
1633
1604
1551
1475
1390
1298
1216
1149
1101
1080
1088
1125
1190
1276
1373
1480
1580
1668
1732
1765
1771
1734
1660
1559
1424
1263
1080
878
673
469
266
82
-84
-251
-363
-461
-570
-588
-575
-549
-466
-382
-268
-133
10
156
293
422
522
605
662
689
701
684
642
587
523
446
378
317
256
228
203
193
216
231
268
317
353
402
445
469
493
500
484
464
414
359
285
200
119
12
-84
-180
-278
-351
-422
-478
-500
-504
-487
-444
-392
-323
-237
-150
-63
0
79
107
56
84
93
59
37
-9
-40
-101
-139
-173
-218
-253
-304
-340
-388
-430
-485
-551
-608
-685
-758
-848
-937
-1023
-1110
-1189
-1262
-1328
-1388
-1438
-1473
-1494
-1502
-1495
-1474
-1452
-1419
-1376
-1334
-1293
-1255
-1220
-1194
-1188
-1190
-1198
-1228
-1263
-1292
-1339
-1377
-1405
-1433
-1448
-1450
-1438
-1416
-1374
-1335
-1285
-1232
-1188
-1138
-1106
-1070
-1060
-1061
-1052
-1055
-1060
-1073
-1064
-1061
-1057
-1038
-1010
-971
-932
-881
-825
-770
-710
-660
-615
-573
-541
-515
-502
-503
-503
-525
-551
-584
-638
-680
-745
-808
-871
-943
-1004
-1062
-1116
-1159
-1180
-1189
-1173
-1127
-1037
-919
-779
-585
-378
-138
138
429
732
1035
1351
1649
1934
2200
2443
2652
2828
2980
3080
3163
3196
3170
3148
3099
3010
2893
2747
2582
2401
2204
1998
1772
1544
1318
1075
857
647
432
248
76
-90
-222
-343
-453
-539
-614
-674
-725
-770
-794
-807
-812
-804
-782
-739
-682
-626
-560
-482
-414
-366
-328
-311
-331
-385
-473
-595
-731
-877
-1032
-1183
-1288
-1346
-1347
-1272
-1103
-826
-471
-22
497
1082
1714
2363
3018
3646
4268
4748
5131
5430
5563
5589
5437
5148
4732
4202
3580
2864
2122
1367
654
-17
-639
-1159
-1566
-1872
-2111
-2265
-2342
-2373
-2384
-2372
-2341
-2307
-2266
-2213
-2147
-2073
-1981
-1867
-1741
-1600
-1446
-1288
-1133
-980
-829
-691
-569
-462
-372
-297
-237
-199
-184
-178
-195
-226
-265
-320
-381
-451
-526
-596
-655
-703
-751
-759
-764
-728
-639
-601
-548
-444
-371
-282
-188
-109
-26
45
114
184
237
290
345
391
439
484
523
558
580
598
607
604
590
562
521
471
409
340
265
189
121
59
-2
-59
-106
-141
-161
-181
-197
-203
-201
-205
-212
-218
-222
-228
-243
-246
-267
-288
-303
-336
-362
-398
-427
-461
-507
-533
-583
-626
-675
-707
-688
-753
-811
-821
-874
-895
-919
-950
-962
-980
-992
-1002
-1001
-996
-986
-972
-947
-910
-871
-822
-772
-708
-637
-562
-483
-406
-329
-256
-185
-118
-57
-7
38
77
107
132
151
164
176
183
189
186
189
178
159
149
118
91
52
14
-35
-78
-142
-181
-228
-274
-320
-348
-368
-390
-403
-404
-401
-385
-350
-335
-298
-256
-210
-145
-74
-7
83
165
260
365
462
564
667
759
855
941
1019
1091
1156
1207
1254
1290
1314
1330
1340
1339
1325
1309
1279
1237
1195
1144
1074
1029
945
877
801
726
651
576
511
439
368
316
255
194
149
98
46
5
-37
-71
-111
-140
-158
-179
-194
-196
-192
-185
-175
-155
-118
-118
-101
-79
-60
-53
-47
-42
-42
-49
-54
-69
-84
-112
-131
-160
-186
-217
-246
-276
-303
-333
-367
-390
-424
-441
-479
-499
-526
-549
-565
-591
-612
-626
-644
-656
-674
-680
-687
-698
-703
-694
-697
-690
-681
-657
-651
-620
-607
-570
-557
-521
-500
-479
-452
-428
-405
-389
-370
-343
-318
-293
-275
-243
-191
-178
-146
-110
-75
-50
-17
18
56
85
126
156
192
225
250
294
325
361
398
445
473
524
561
596
645
682
711
746
775
797
812
833
837
838
844
837
825
809
797
780
758
738
717
699
676
651
629
604
573
555
520
487
454
408
371
325
272
217
165
116
61
14
-53
-97
-121
-196
-242
-270
-317
-371
-402
-439
-470
-508
-538
-565
-601
-634
-660
-690
-717
-746
-766
-785
-805
-823
-834
-839
-845
-845
-837
-833
-828
-810
-798
-787
-764
-750
-747
-725
-710
-706
-694
-683
-674
-667
-659
-643
-631
-629
-611
-592
-584
-565
-554
-544
-529
-531
-524
-519
-522
-536
-538
-557
-576
-601
-617
-642
-682
-704
-719
-746
-760
-762
-775
-789
-778
-774
-754
-736
-707
-676
-633
-594
-536
-482
-427
-359
-287
-216
-138
-55
29
116
208
296
385
472
555
640
719
785
855
916
965
1011
1044
1071
1092
1102
1108
1104
1087
1073
1051
1028
1001
957
919
881
832
793
735
685
633
582
536
480
424
381
328
284
276
210
176
149
117
75
65
40
30
16
15
14
5
4
6
17
22
32
35
53
57
69
75
85
95
106
111
117
122
127
131
131
135
141
136
137
134
123
115
109
91
78
65
39
16
-4
-33
-58
-80
-109
-138
-158
-187
-215
-235
-264
-288
-298
-322
-348
-365
-382
-392
-395
-414
-426
-421
-422
-415
-404
-397
-383
-362
-346
-319
-286
-261
-232
-199
-168
-129
-93
-60
-18
25
62
100
145
184
219
255
298
331
360
402
433
454
482
508
525
547
563
565
578
575
587
585
590
587
571
575
552
551
530
525
503
489
474
458
441
424
401
390
380
370
348
332
323
360
324
323
310
306
303
292
282
270
285
267
269
257
256
240
237
231
218
205
195
178
165
147
132
114
94
69
51
29
5
-19
-44
-52
-91
-116
-120
-157
-174
-191
-212
-232
-249
-266
-280
-293
-309
-318
-327
-336
-349
-357
-359
-368
-371
-377
-382
-378
-384
-382
-386
-391
-384
-394
-382
-365
-382
-381
-371
-382
-386
-384
-385
-390
-399
-399
-400
-410
-414
-418
-420
-425
-430
-434
-433
-432
-432
-427
-424
-420
-408
-399
-385
-364
-350
-328
-301
-282
-254
-222
-187
-158
-118
-73
-49
-2
36
70
118
146
189
223
247
290
316
340
368
389
409
420
436
454
451
461
469
466
463
456
456
436
432
420
408
398
376
368
347
332
317
295
283
259
243
225
205
189
170
154
137
120
106
90
79
64
56
43
36
29
19
19
8
10
3
7
-4
6
-10
1
-13
-11
-18
-26
-30
-42
-50
-63
-81
-94
-111
-126
-149
-169
-192
-212
-223
-247
-268
-291
-305
-330
-344
-360
-374
-318
-369
-387
-388
-397
-406
-414
-414
-420
-406
-416
-397
-397
-386
-376
-367
-356
-334
-328
-302
-286
-272
-248
-231
-205
-189
-168
-138
-123
-99
-75
-51
-31
-9
16
38
57
81
104
116
143
157
167
193
194
211
225
229
244
250
263
272
281
295
303
314
320
334
351
357
365
379
398
406
410
425
439
448
455
464
469
470
468
461
448
436
422
394
363
335
298
253
210
162
110
59
2
-58
-111
-168
-229
-286
-335
-387
-435
-473
-515
-554
-580
-603
-629
-645
-650
-657
-659
-654
-648
-638
-623
-609
-589
-563
-541
-519
-488
-466
-447
-418
-392
-376
-353
-330
-316
-293
-265
-252
-240
-212
-189
-178
-159
-132
-114
-95
-66
-37
-13
18
56
91
129
170
214
259
308
357
404
452
502
551
600
646
694
741
787
826
858
891
917
934
949
962
966
962
959
949
925
895
868
832
784
735
685
628
568
506
440
369
304
238
166
98
32
-35
-100
-161
-219
-275
-328
-375
-423
-463
-506
-548
-572
-605
-629
-642
-669
-675
-688
-702
-704
-715
-719
-722
-721
-723
-726
-727
-726
-722
-722
-720
-719
-715
-711
-707
-702
-698
-685
-674
-664
-647
-636
-610
-594
-572
-541
-522
-482
-451
-420
-380
-342
-298
-255
-211
-169
-120
-74
-29
15
59
108
147
185
226
260
286
319
343
363
395
396
412
438
433
438
439
431
431
415
396
387
367
344
320
294
274
245
220
198
175
155
135
117
101
83
66
57
47
39
31
24
27
25
22
18
18
21
23
19
20
24
22
25
16
12
14
6
0
-9
-21
-27
-30
-50
-54
-56
-74
-73
-81
-81
-88
-88
-77
-79
-73
-69
-52
-47
-42
-21
-6
14
32
61
83
103
127
159
184
204
229
250
271
288
311
320
338
346
359
354
364
362
368
354
356
346
338
321
311
296
288
268
252
237
218
206
190
174
166
138
140
119
116
96
91
82
78
69
61
59
51
47
38
42
30
21
14
10
4
-10
-17
17
-21
-33
-40
-55
-68
-91
-101
-121
-124
-152
-160
-184
-190
-214
-223
-245
-252
-260
-266
-269
-275
-279
-287
-273
-274
-265
-245
-245
-221
-213
-196
-165
-135
-115
-76
-53
-15
18
56
93
129
160
197
229
261
295
322
345
368
384
408
422
426
436
443
440
435
426
417
408
390
369
356
339
313
296
278
259
243
218
208
196
182
167
160
163
150
150
161
168
172
187
200
211
230
247
254
262
284
288
288
286
277
273
255
237
211
180
145
89
49
6
-57
-120
-185
-243
-312
-381
-442
-516
-577
-642
-705
-761
-815
-858
-902
-942
-975
-999
-1014
-1029
-1030
-1023
-1020
-1002
-986
-985
-964
-922
-885
-852
-819
-776
-729
-686
-638
-591
-548
-504
-458
-404
-361
-328
-290
-239
-202
-169
-133
-107
-59
-30
4
47
80
120
160
194
227
271
302
342
377
408
435
473
497
524
547
567
590
614
630
642
650
649
653
654
652
647
630
617
598
584
572
544
533
515
492
468
449
465
431
410
401
380
364
351
339
329
312
301
288
281
272
266
256
245
239
232
227
220
214
212
206
206
206
204
209
216
217
227
240
244
263
273
286
306
320
343
356
377
390
