-214
-147
-34
80
177
133
-38
-154
-52
-40
75
107
113
94
92
-43
-116
-266
-312
-236
-112
57
100
79
-20
-106
-165
-278
-274
-163
-168
25
108
35
-39
-141
-141
-136
-215
-204
-212
-232
-131
-28
32
129
67
41
64
55
-23
-73
-167
-199
-171
-186
-51
18
78
123
126
176
154
146
73
-26
-134
-221
-277
-313
-346
-367
-396
-322
-234
-256
-154
-49
38
60
60
57
102
255
271
289
214
115
111
42
-90
-147
-139
-213
-200
-97
-91
-64
-39
-131
-159
-216
-232
-269
-105
3
-29
-41
-132
-179
-220
-221
-223
-212
-202
-127
109
130
110
82
99
101
52
67
47
-3
-96
-151
-191
-150
-185
-152
-128
-107
-146
-197
-224
-212
-120
-124
-53
-20
-102
-210
-339
-361
-452
-397
-185
-107
-18
209
250
204
100
37
86
-21
55
56
98
131
-3
-23
-54
-125
-230
-105
-83
33
-39
-14
17
-102
-129
-52
-19
3
101
149
258
256
200
126
165
104
10
31
143
125
169
150
212
165
161
168
33
-11
-83
1
29
63
122
161
196
232
262
168
-35
-117
-239
-283
-252
-137
-175
-132
-6
55
74
93
204
69
12
13
47
188
238
227
181
152
32
44
5
-141
-162
-68
-80
-72
-39
14
-98
-238
-326
-329
-205
-122
-6
-110
-40
23
-37
-91
-57
38
110
214
197
99
52
-27
-89
-79
-54
-26
26
77
-79
-186
-299
-383
-351
-273
-166
-7
-56
10
83
-18
-22
-165
-184
-213
-339
-312
-321
-257
-191
-151
-103
-114
-69
-117
-229
-336
-401
-424
-337
-202
10
225
268
352
257
140
62
53
142
216
221
204
196
104
-72
-191
-180
-104
-92
-11
66
71
209
215
192
282
377
356
389
438
449
499
452
433
391
322
206
126
15
25
9
3
95
182
293
335
346
402
420
416
321
185
105
51
119
48
65
16
-1
55
137
251
213
159
245
319
182
91
31
-81
-63
-68
-127
-44
-32
76
185
184
178
153
66
-152
-156
-216
-138
-43
-39
23
110
141
76
9
-44
-96
-118
-76
-54
-3
0
-27
-79
-168
-89
9
71
76
36
-39
-173
-216
-231
-169
-110
-44
17
-41
-36
-71
-222
-117
-75
111
201
148
127
69
8
-77
-65
-6
22
28
-65
-14
1
-15
-83
-135
-238
-262
-266
-227
-204
-280
-352
-388
-341
-231
-153
164
326
289
318
123
80
-74
-115
-164
-230
-209
-249
-263
-337
-391
-413
-329
-249
-153
-104
-58
6
-51
-163
-241
-272
-169
-31
-3
180
182
69
13
10
63
3
-45
-63
-25
-38
-79
-95
-47
-53
-46
-37
28
74
142
164
144
222
286
284
330
382
400
438
421
347
401
337
204
232
99
-25
-68
-92
-82
-108
-39
46
59
82
71
140
166
329
399
395
502
523
425
373
355
156
98
-48
-75
-60
-58
-98
34
58
63
96
-43
-233
-308
-323
-395
-341
-313
-184
-125
-17
-24
-61
25
-30
4
-29
-160
-222
-241
-234
-313
-436
-575
-636
-646
-566
-366
-279
-193
-85
-137
-241
-347
-297
-312
-397
-480
-485
-541
-485
-379
-280
-146
-129
-148
-152
-126
-162
-259
-289
-255
-173
-171
-109
37
123
170
136
178
221
222
186
138
139
190
87
87
52
-21
-105
-163
-124
-30
16
-48
-87
-153
-181
-147
6
75
166
141
17
17
-90
-180
-255
-331
-303
-250
-184
-67
-16
-13
62
191
265
219
271
248
168
53
191
211
144
102
138
184
165
216
52
70
170
241
173
142
35
-151
-199
-251
-230
-240
-201
-180
-167
-129
47
200
313
272
282
205
157
291
487
571
539
435
330
362
269
46
34
-129
-133
-54
5
136
214
255
183
214
215
236
281
397
400
446
256
122
8
-83
-25
-84
-141
31
102
145
232
327
291
186
208
97
115
109
-39
-137
-163
-106
-16
137
296
111
41
-47
-54
-79
-234
-210
-231
-338
-343
-287
-439
-666
-862
-1124
-1018
-806
-573
-320
-258
-168
-118
-178
-154
-202
-332
-362
-168
227
497
631
823
892
922
938
1044
997
811
682
441
217
39
-257
-571
-802
-990
-882
-896
-860
-938
-857
-797
-664
-573
-556
-515
-675
-644
-588
-350
-125
57
76
-35
-11
-2
136
106
114
229
239
330
433
555
421
232
109
-20
54
179
186
127
162
44
74
155
153
293
302
412
548
641
659
508
325
202
173
76
-18
-22
-113
-188
-43
-10
-110
-223
-247
-411
-416
-331
-151
83
198
297
372
338
275
243
76
12
-5
-11
150
277
331
294
195
105
191
218
241
298
207
-13
-78
28
-46
-92
-78
-65
-126
-69
61
106
48
53
33
114
184
150
151
61
18
64
124
156
130
54
-82
-200
-266
-250
-277
-227
-28
23
251
394
400
278
196
157
19
-32
-86
-72
-69
-149
-259
-323
-476
-604
-605
-577
-424
-319
-195
12
-32
-4
43
-61
22
75
176
62
124
122
26
-130
-424
-465
-468
-504
-455
-367
-314
-243
-130
-116
-193
-182
-72
-136
-156
-145
-245
-213
-274
-261
-312
-243
-278
-210
-211
-267
-167
-113
-71
-128
-62
-5
56
66
14
-111
-56
-70
-155
-145
-175
-143
-32
84
125
220
375
342
305
278
232
257
259
172
61
32
-67
-76
-68
-19
144
231
255
303
266
210
133
105
141
237
302
442
475
476
502
513
448
438
422
399
358
86
-111
-161
-162
-107
-142
-80
-45
-116
-121
-122
-177
-219
-367
-320
-192
-114
-194
-296
-345
-409
-362
-321
-330
-430
-575
-679
-760
-919
-861
-827
-795
-683
-531
-314
-257
-187
-158
-115
-126
-45
151
253
385
423
397
290
197
192
188
173
229
253
243
296
308
307
331
302
357
425
482
576
500
438
371
296
346
364
372
248
267
315
420
406
393
413
422
449
449
534
569
622
593
522
515
539
693
805
806
998
917
780
702
566
519
478
451
361
250
125
-4
-188
-310
-359
-233
-152
-225
-784
-1501
-2077
-2547
-2851
-3374
-3847
-4086
-3963
-3517
-3048
-2557
-2212
-2050
-1858
-1507
-980
-385
-74
108
285
724
1339
1905
2148
2076
1544
795
-137
-923
-1673
-2634
-3644
-4704
-5541
-5824
-5428
-4647
-3875
-3282
-2733
-1979
-875
429
1732
2620
3110
3621
4128
4809
5354
5306
4635
3645
2512
1492
724
-110
-1172
-2266
-2951
-3051
-2528
-1513
-451
432
1355
2229
3251
4395
5207
5407
5065
4396
3655
3103
2492
1851
1126
416
116
139
669
1265
1788
2134
2520
2790
2999
3108
2863
2301
1421
559
-286
-943
-1671
-2602
-3414
-4024
-4207
-3964
-3614
-3220
-2873
-2561
-2112
-1787
-1579
-1813
-2235
-2756
-3118
-3030
-2695
-2137
-1701
-911
152
1464
2538
3343
3689
3696
3243
2575
1949
939
-152
-1329
-2368
-3396
-4108
-4438
-4334
-4091
-3607
-2872
-2107
-1219
-438
60
63
-226
-533
-759
-403
151
569
922
1052
1433
1640
1510
1032
-129
-1598
-2797
-3272
-3317
-3126
-2798
-2416
-1576
-127
1541
2901
3865
4206
3997
3439
2975
2311
1450
537
-349
-1107
-1217
-634
183
1186
2014
2791
3348
3769
4251
4161
3613
2688
1645
753
30
-493
-701
-728
-442
226
1211
2544
3823
4960
5747
6129
6277
6041
5216
3672
1306
-1861
-4893
-7301
-8604
-9226
-9508
-9313
-8694
-7312
-5386
-3374
-1803
-761
-346
-259
454
1530
2152
2098
1996
1908
2547
3626
4422
4675
4208
3077
1453
-286
-1843
-3214
-4800
-6483
-7672
-7947
-7162
-5353
-3247
-1158
724
2615
4283
5642
6565
6771
5689
3688
1081
-1140
-2663
-3523
-3851
-4127
-4157
-3735
-2732
-1732
-948
-868
-1535
-2426
-2573
-1962
-1156
-27
757
1291
2305
3911
5306
5967
5902
4851
3037
1486
500
-403
-1126
-1587
-2047
-1950
-808
871
2474
3833
4737
4974
5139
5247
5010
4222
2930
1415
-54
-1030
-1362
-1405
-1218
-838
-177
1075
2808
4683
6461
7750
8313
8322
7845
6796
5297
3188
159
-3610
-7480
-10594
-12200
-12449
-11827
-10890
-9605
-7801
-5365
-2653
-617
625
744
-93
-633
-282
412
849
900
590
809
1716
2683
3061
2660
1239
-838
-3021
-4621
-5625
-6305
-6927
-7305
-6881
-5629
-3301
-617
1728
3550
4901
5560
5832
5936
5244
3528
796
-2124
-4397
-5667
-5555
-4868
-4250
-3722
-3037
-1896
-595
532
895
199
-519
-261
567
1511
2785
3581
3704
4089
5106
5432
5169
4639
2902
763
-621
-1278
-1604
-1534
-1015
-641
-23
1552
3545
5223
6344
6892
6711
5887
5146
4154
2658
952
-867
-2592
-3796
-3984
-3555
-2728
-1391
400
2503
4897
7185
9196
10508
10597
9666
7659
4855
1859
-1209
-4297
-7457
-10787
-13208
-14094
-13091
-10938
-8668
-6521
-4472
-2138
37
1725
2399
1921
392
-1357
-2114
-1835
-1377
-1159
-1230
-881
297
1822
2899
3091
2583
1019
-1116
-2914
-4094
-4972
-5766
-6498
-6818
-6082
-4345
-1900
675
2955
4595
5839
6595
7046
7093
5869
3494
825
-1598
-3182
-3570
-3292
-3137
-3227
-3065
-2532
-1923
-1468
-1123
-1533
-2036
-1111
395
1836
3380
4706
5100
5361
6009
5970
5093
4168
2331
-278
-1912
-2998
-3793
-3937
-3307
-2718
-1704
225
2716
4922
6949
8481
8708
8204
6998
5074
2554
-401
-3264
-6032
-8191
-8980
-8635
-7339
-5184
-2350
739
4262
7546
10254
11999
12615
11710
9498
6356
3006
4
-2766
-5602
-8715
-11627
-13148
-12844
-10995
-8605
-6644
-4963
-3332
-1254
616
1734
1672
313
-2153
-3478
-3275
-2228
-1047
-374
265
1477
3631
5538
6387
6017
4247
1396
-1537
-3991
-5673
-6685
-7561
-8171
-7730
-5796
-2627
852
4162
6653
8171
8869
8762
8267
6766
3981
455
-2741
-4694
-5225
-4299
-3000
-2137
-1557
-926
-211
31
8
-736
-2114
-2574
-1559
-452
1004
2935
4261
4965
5767
6334
5703
4630
2707
-274
-3129
-5043
-5664
-5455
-4183
-2220
-95
2641
6010
8981
10980
12002
11490
9528
6471
3009
-814
-4676
-8110
-10832
-12617
-12721
-11108
-8541
-5233
-1233
3099
7375
11182
14242
16165
16482
15249
12591
8784
4413
-142
-4232
-7410
-9728
-11492
-12945
-13894
-13560
-11527
-8743
-5546
-2921
-1051
496
1591
2254
2028
699
-1796
-4550
-5823
-5110
-3368
-1489
66
1884
4034
6050
7342
7336
6062
3352
-273
-4178
-7264
-8887
-9632
-9699
-8721
-6707
-3530
359
4380
7562
9482
10275
9740
7939
5062
1916
-1400
-3818
-4622
-4151
-3205
-2122
-871
14
190
-252
-1115
-3011
-4813
-5116
-4207
-2837
-526
2229
4243
6360
8644
9422
8444
6768
4057
349
-2656
-4488
-6041
-6637
-5669
-4145
-2099
1215
5000
8058
10183
11362
11031
9645
7458
4337
368
-3600
-6837
-9381
-10893
-11013
-9935
-8015
-5254
-1973
1965
6116
10051
12902
14478
14880
14010
12082
8863
4744
51
-4426
-8036
-10127
-10306
-9329
-8358
-7763
-7085
-5658
-3168
-433
1518
2303
2057
1363
523
-673
-2309
-4663
-7525
-9518
-8920
-6486
-3323
-205
2395
4562
6793
8701
9307
8506
6202
2280
-2485
-6303
-8746
-9502
-8870
-7753
-6171
-3596
-332
3185
6271
8109
8377
7258
4482
1177
-1349
-3035
-3391
-2522
-1150
-29
1254
2502
3075
2100
118
-2899
-6505
-8382
-7677
-5814
-3290
291
3441
5961
9145
11859
11684
9313
5900
1170
-3464
-6067
-7499
-8634
-8316
-6632
-4309
-533
4565
8918
11546
12935
12774
11204
9054
6376
2485
-2091
-6348
-9817
-12099
-12712
-11993
-10461
-8355
-5511
-1736
2506
6857
10710
13226
14232
13844
12241
9947
6706
2964
-910
-4381
-6805
-7539
-7044
-6580
-6893
-7396
-7224
-5963
-3888
-1884
-610
-292
-446
-1007
-1837
-2883
-4524
-6686
-8144
-7215
-4548
-1452
1642
4311
6458
8424
10080
10126
8771
5896
1536
-3718
-8192
-10949
-11995
-11496
-10179
-7993
-4892
-803
3461
7152
9542
10199
8701
5250
1490
-1345
-2917
-3350
-2458
-1125
-168
967
2220
2533
1268
-1202
-4624
-8179
-9178
-7531
-5178
-1903
1826
4702
7113
10197
12047
11120
8213
4008
-1104
-5302
-6789
-7235
-7477
-6676
-5275
-3099
826
6072
10583
13435
14979
14826
13285
11099
8055
3719
-1739
-7194
-11923
-15026
-15971
-15098
-13043
-10110
-5894
-723
5010
10627
15283
18244
19078
17886
14853
10658
5979
1015
-3552
-7144
-9157
-9346
-8588
-8196
-8233
-8027
-7303
-5688
-3705
-2299
-1652
-1337
-1245
-1354
-1872
-2794
-4358
-5990
-6160
-4628
-2018
536
2741
4750
6651
8585
9869
9595
7700
4520
-1
-4789
-8486
-11094
-12508
-12798
-12153
-10524
-7299
-2598
2512
6938
10266
11569
10294
7320
4093
1468
-244
-828
-1122
-1894
-2583
-2275
-1686
-1975
-2989
-4825
-7445
-7930
-5697
-2777
478
3756
5923
7189
9174
10953
10657
8824
5517
699
-3788
-6315
-7565
-8263
-8239
-7632
-6243
-2965
2287
7888
12567
15890
17243
16662
14915
11886
7177
904
-5855
-12068
-16837
-19219
-18989
-16574
-12594
-7323
-1042
5766
12173
17286
20338
20873
19040
15323
10307
4596
-1010
-5829
-9549
-11471
-11591
-10266
-8586
-7574
-7193
-6791
-5875
-4215
-2254
-892
132
852
1279
1390
1128
144
-1662
-3394
-4133
-3705
-2765
-1763
-605
750
2779
5427
7471
8333
7994
6105
2848
-707
-4144
-7032
-9358
-11055
-11706
-11024
-8407
-4442
261
4719
7835
8976
8188
6597
5022
4030
3280
2122
450
-1316
-2413
-2882
-3266
-3828
-5284
-7216
-7319
-5362
-2591
528
3215
4727
6139
8223
9894
10336
9474
6924
2933
-948
-3480
-5498
-7222
-8506
-9694
-9756
-7195
-2404
3229
8993
13704
16534
18036
18561
17336
13911
8641
1789
-5622
-11822
-15945
-17857
-17872
-15998
-12347
-7231
-611
6650
13039
17597
19637
19234
16763
12857
7920
2346
-3094
-7672
-10528
-11423
-10636
-9462
-8754
-8257
-7568
-6537
-5140
-3799
-2725
-1952
-1583
-1101
-827
-846
-1095
-1909
-2484
-2164
-921
162
669
747
1026
2142
3355
4321
4795
4443
3062
1026
-1192
-3431
-5301
-7162
-9214
-10706
-10673
-9243
-6453
-2646
989
3432
4661
5438
5896
6439
6965
6308
4516
1946
-570
-2619
-4342
-5551
-6845
-8375
-8385
-6157
-2810
940
4042
5513
6165
7408
8676
8695
8011
6317
3178
207
-1553
-2653
-3498
-4299
-5883
-7532
-7461
-5411
-1770
2797
7537
11602
14662
16792
17955
17339
14714
10499
4863
-1255
-6791
-11153
-14550
-16236
-15665
-13088
-8470
-2396
4228
10229
14806
17658
18330
16671
13189
8362
3029
-1685
-5458
-8069
-9583
-10595
-11258
-11110
-9846
-7846
-5855
-4599
-3993
-3809
-3554
-2921
-2342
-2271
-2849
-3761
-3684
-1730
1106
3485
4646
4469
3909
3781
3646
3236
2638
1545
-189
-1822
-2745
-2932
-2868
-3255
-4741
-6711
-8065
-8136
-6852
-4726
-2779
-1546
-469
1052
3461
6742
9604
10698
9757
7397
4526
1126
-2865
-6761
-10386
-12792
-11793
-8124
-3219
2116
6359
8550
9666
10264
9568
7677
5191
1901
-1506
-3085
-2943
-1963
-739
-148
-724
-1576
-1838
-1369
-633
620
2557
4769
7704
11034
13910
15265
14854
12650
8833
4328
-410
-5080
-9312
-12473
-14150
-13694
-10876
-6238
-861
4356
8929
12368
14531
14912
13609
10437
5891
1266
-2675
-6313
-9775
-12631
-14580
-14819
-13328
-11151
-9132
-7429
-6292
-5624
-5027
-4694
-4535
-4669
-4597
-3089
-168
3683
7011
8783
9267
8821
7533
5384
2486
-1022
-4656
-7634
-9149
-9055
-7540
-5060
-2915
-1721
-1148
-1045
-1277
-1676
-2493
-3380
-3947
-3996
-3059
-1206
1205
3618
5685
7247
7755
6731
4486
1235
-2627
-6306
-8509
-8843
-7225
-3814
440
4194
7258
9420
9782
8395
5875
2903
-166
-2323
-3298
-3383
-1908
123
1817
3000
3654
3836
3518
3166
2573
2019
1792
2337
3452
5298
7488
9150
9463
8678
7226
5317
3041
485
-2334
-5055
-6818
-7058
-5709
-3383
-451
2432
4733
6559
7909
8221
7623
6107
3331
-497
-4806
-8434
-10473
-10782
-10217
-9703
-9565
-9768
-9686
-9151
-8582
-8439
-8646
-8775
-7543
-4024
716
5643
9442
11531
12193
11830
10329
7793
4224
-360
-4928
-8663
-10677
-10503
-8795
-6739
-5167
-4179
-3671
-3072
-2628
-2763
-3105
-3374
-3131
-1922
560
3123
5180
6541
6775
5720
3642
923
-2297
-5204
-7062
-7811
-6947
-4604
-1287
2163
5186
7390
8198
7945
6439
4122
1512
-831
-2302
-2489
-1524
380
2775
4876
6651
7611
7926
7515
6397
4606
2576
1110
288
306
1011
1880
2605
3090
3455
3730
4130
4517
4241
3682
3123
3100
3985
5314
6520
6866
6161
4898
3412
1356
-972
-3436
-6113
-8878
-11247
-11867
-10343
-6975
-3123
-331
929
147
-2226
-4700
-7891
-11090
-13747
-15948
-15776
-12134
-6088
453
6204
10106
12219
13111
12113
9109
4677
-654
-5847
-9903
-11682
-11155
-8811
-5875
-3508
-1559
-373
-128
-719
-2303
-4291
-6063
-7425
-7226
-4998
-1789
1987
5731
8418
9419
8617
5821
1440
-2957
-6569
-9024
-9640
-8287
-5419
-1565
2461
6125
8962
10301
9759
7698
5154
2594
718
-383
-738
-159
1156
2897
4992
7060
8594
9335
9032
7723
5699
3725
2039
1155
915
1106
1542
2002
2430
2739
2778
2360
1395
472
-5
459
2253
5006
8191
11310
13425
14525
14056
11771
7831
2045
-5053
-12779
-19515
-23704
-24247
-21445
-16290
-10259
-4549
147
3322
4561
3473
460
-4033
-8459
-10766
-10118
-6908
-2639
1807
5757
8663
10209
9425
6017
570
-5800
-11556
-15203
-16103
-14212
-10404
-5948
-1498
2502
5891
7904
7835
4926
111
-4894
-9046
-10273
-8557
-5010
-1046
2479
5214
6798
7072
5865
3020
-1305
-4919
-6444
-5845
-3309
298
3023
4507
5457
5757
4953
3683
1563
-1257
-3349
-3575
-1786
1361
4955
7838
9441
10410
10965
11011
10849
10099
8116
5309
2923
911
-230
-389
-208
86
649
1690
3073
4408
5192
4965
3771
2290
1260
1384
2692
4487
6647
8986
10805
11648
10958
7597
1496
-5975
-12834
-17482
-19325
-18947
-17594
-15593
-13404
-10527
-7294
-5110
-4306
-5241
-6797
-7078
-4853
-1048
3234
6898
9363
11021
11806
11062
8174
2844
-4576
-12556
-19172
-22781
-22911
-19817
-15086
-9995
-4459
1217
6240
9783
10626
8376
4251
-101
-3378
-4110
-3110
-1525
-22
818
1229
1396
920
-128
-1994
-4476
-5581
-4484
-1613
2638
6836
9577
10456
9857
7929
4723
961
-3041
-6851
-9518
-9918
-8132
-4115
1080
5980
9979
13246
15763
17220
17606
16487
13917
10224
6108
2238
-964
-2983
-3968
-3883
-2958
-1404
478
2290
3882
4974
5463
5639
5990
6633
7703
9198
10639
11967
12433
11556
8794
3050
-4709
-12090
-17258
-19893
-19824
-17902
-15199
-11705
-7909
-4575
-2723
-2992
-5323
-8919
-11663
-11559
-9001
-4955
-178
4616
9679
14768
18304
18630
15322
8236
-1662
-12053
-20364
-25383
-26986
-25670
-22547
-17908
-11723
-4853
1351
5864
8263
8240
6772
5053
3793
3379
2897
2573
2188
1456
798
182
-754
-2005
-3154
-4058
-4547
-4180
-2424
-138
2487
4826
6009
6058
5455
4439
3366
2528
1950
1523
1191
1778
2595
3535
4476
4880
5091
5390
6213
7468
8715
9687
9713
9068
7986
6448
4704
3035
1535
424
-305
-92
628
1453
2445
3231
3714
4436
5561
7133
9202
11520
13392
14426
14378
11402
5545
-2513
-10751
-17016
-20735
-22335
-22275
-20425
-17422
-13035
-8291
-5057
-3396
-3420
-4412
-4598
-3176
-1142
830
2677
4701
7201
9722
10843
9383
5586
-256
-6691
-12136
-15841
-17827
-18294
-17899
-16639
-14089
-10649
-6955
-3788
-1758
-982
-692
-130
1111
2810
4276
5164
5466
5024
4325
3720
2564
829
-706
-2272
-3520
-3646
-3020
-1958
-481
964
1886
2165
2106
1621
1263
1534
1746
2467
3845
5613
7501
9143
9991
9768
9417
9127
8908
8712
8461
7930
6965
5570
4375
3422
2389
1310
223
-936
-1456
-1092
-102
1245
2683
3979
4912
6349
8109
10138
12858
15600
17779
19064
17905
12899
4598
-4746
-12998
-18738
-22081
-24112
-24589
-23325
-19936
-14957
-10292
-7409
-6412
-6743
-6066
-2691
2325
6789
9410
10470
11207
12292
12504
10555
5524
-2392
-11134
-18715
-23524
-24576
-22734
-19670
-16584
-12910
-8191
-2611
2752
6254
6930
4901
2071
-160
-704
-81
824
1138
316
-827
-1562
-2089
-2883
-4168
-5715
-6480
-5585
-2554
1667
5634
8547
10079
10066
8671
6363
3213
-132
-2987
-4598
-4470
-2555
907
4816
8198
10420
11486
11894
12335
12572
12521
12026
10907
9723
8920
8194
6975
5401
2993
-107
-3000
-4988
-6239
-6893
-6829
-6044
-3969
-643
3536
7960
12376
16398
20088
23186
24649
23040
17000
7646
-2357
-10701
-16160
-19548
-22259
-24349
-25278
-24276
-21623
-18647
-16416
-15294
-13960
-10507
-4280
3763
10976
15828
18717
20070
20483
19100
15068
7885
-1822
-12032
-20848
-26570
-28499
-27456
-25194
-22401
-19014
-14534
-9088
-3610
666
3230
4189
4294
5157
7291
9637
11562
11744
9531
5228
68
-4772
-9358
-13346
-15983
-16785
-14896
-9467
-2406
4656
10370
13541
13956
12304
9818
6615
3289
593
-1122
-1561
-94
2804
5675
7859
8586
8055
7057
6798
7180
8208
9672
11182
12903
15067
16946
17443
16150
12710
7545
1725
-3162
-6778
-9501
-11124
-11616
-10738
-7681
-2593
3332
9568
15293
19803
22272
21282
16726
9856
2674
-3103
-6680
-9061
-10998
-12743
-14308
-15265
-16498
-18707
-22003
-25479
-26480
-23270
-16152
-6689
2629
10777
17983
24372
28928
29873
26266
17684
5478
-7244
-18242
-26070
-29912
-30698
-29391
-26437
-21761
-15922
-9528
-3674
513
2047
1149
-193
-806
137
2773
6069
8773
9770
9074
7079
3570
-1294
-6368
-11240
-14610
-14163
-10160
-4035
2617
8080
11272
12335
11939
9707
5755
834
-3893
-7230
-7766
-5221
-590
4942
9868
13226
15203
15942
15944
15242
13507
10897
7934
5931
5146
5457
6227
6802
6942
6952
7401
8101
8316
7338
5169
2059
-814
-2882
-3895
-3530
-1659
1550
5107
6863
5655
2936
485
-660
-608
-913
-2247
-4257
-6253
-7874
-10046
-13567
-18380
-23762
-26894
-24935
-18577
-9937
-1466
5271
10438
15513
19907
22301
21469
16049
7298
-2378
-10806
-16804
-19990
-21596
-22728
-23435
-22857
-20357
-16614
-12540
-8920
-6509
-5088
-3103
-233
3117
6833
9924
11795
11848
10029
6822
2311
-2965
-7880
-12034
-14596
-14019
-10600
-5515
191
5586
9505
11389
11170
9167
6125
2567
-654
-3058
-4005
-2892
92
3879
7765
11081
13552
15289
16155
16115
15168
13420
11105
8708
6578
5105
4240
3877
3762
3659
3711
4110
4744
5469
6232
6949
7546
8067
8351
8111
7513
7275
7970
7559
4673
-237
-5819
-9349
-9877
-8330
-6522
-5599
-6115
-6906
-8013
-9798
-12612
-17114
-21843
-23799
-21189
-14721
-6553
1137
7546
13018
17964
21267
21689
18369
11543
2345
-6857
-14204
-18811
-20991
-22163
-22863
-22679
-21044
-17998
-13946
-9855
-6835
-4754
-3161
-1321
974
2960
4300
4674
4298
2920
1234
-590
-2692
-4051
-4480
-4361
-3375
-1477
354
1916
2973
3257
2602
1258
-568
-2402
-3638
-3926
-2993
-1153
1164
4031
6689
8628
9931
10792
11463
12276
13160
14228
15277
16152
16490
15827
14178
11398
7997
4150
545
-2278
-3736
-3646
-2100
594
3983
7833
11495
14489
16032
15766
14336
11786
6851
-295
-7628
-12423
-13388
-10535
-5967
-2097
161
1113
974
-1227
-5774
-12503
-20850
-27585
-28771
-24434
-16608
-7705
121
7049
13576
19219
22619
22027
16588
7511
-2977
-11885
-17206
-18652
-18232
-18373
-19222
-19858
-19176
-16510
-12569
-8716
-5780
-3750
-1545
1185
4352
7002
7985
6698
3321
-1173
-5666
-9322
-11769
-12831
-12398
-10368
-6325
-1059
4045
7791
9690
9832
8657
6833
4809
3026
1529
659
318
697
1567
2141
1911
804
-619
-1320
-450
2152
6301
11451
16757
21848
26006
28196
27816
24567
18567
10637
2368
-4259
-8491
-9883
-8814
-5997
-1465
4091
10326
16069
20170
21566
19941
14355
4993
-4919
-12148
-15121
-14026
-10612
-7320
-5325
-3929
-2411
-1787
-3091
-6892
-12617
-17358
-17368
-12554
-5360
1327
5283
7337
8794
9782
9761
7994
3500
-3184
-10062
-15007
-16595
-14989
-12105
-10980
-12457
-15282
-18094
-19585
-19304
-17428
-14469
-10584
-5132
1783
8808
14722
17683
16595
11856
4528
-4087
-12351
-18921
-23064
-24152
-22181
-17117
-10162
-2589
4134
8462
10181
9929
8185
5778
3838
3059
3550
5332
8001
10512
11997
11779
9269
4624
-812
-5364
-7551
-6905
-3657
1679
8359
15711
22554
27281
29029
27567
23532
17907
11767
5944
1075
-2047
-2869
-1230
2344
7141
11941
15741
16518
12731
5109
-3693
-10075
-12274
-10606
-6886
-3319
-1037
563
1102
-1024
-6305
-14330
-23636
-28569
-25678
-15956
-2375
11026
21176
28160
32177
32688
28260
18633
4359
-11208
-25558
-32680
-32768
-32111
-25947
-19135
-13882
-9785
-6965
-5632
-6097
-7999
-11395
-14074
-13965
-10104
-2784
6524
15067
19897
19819
15921
9185
312
-9429
-19198
-27884
-32352
-30538
-23482
-13381
-2907
5216
9582
10708
9906
7583
4115
507
-2734
-4243
-2505
2717
9436
15562
19148
19508
17349
13504
9318
5174
1673
-1121
-2647
-1844
1300
5959
10980
14623
16096
15927
14766
12815
10485
8191
6694
6798
8882
13118
17979
20295
17703
10300
675
-7460
-11810
-13584
-13919
-13659
-12814
-10343
-7012
-4463
-4283
-7553
-13142
-17087
-16496
-11289
-3482
4428
11494
17974
23789
27699
28538
25414
17935
7646
-3691
-13721
-20373
-23879
-26052
-27956
-29089
-28875
-26812
-23311
-19011
-15006
-11567
-7963
-3644
1727
7665
13230
17568
19480
18390
14774
8860
1539
-5964
-12855
-18556
-21823
-22429
-20825
-17829
-14353
-10792
-7609
-4696
-1856
350
1733
2480
2668
2908
3892
5457
7125
8652
9570
10491
11959
14145
16245
17253
16447
13582
9917
6771
4563
3113
1879
733
310
1553
4527
8065
10848
12227
12434
12608
14289
17913
21207
20855
15481
7271
-228
-4163
-4789
-4482
-5052
-7839
-11092
-12853
-13834
-14647
-16124
-18828
-20036
-16146
-7540
3218
13087
19269
22024
22630
21401
18279
13296
6505
-923
-7081
-10504
-10107
-7012
-4056
-4130
-7580
-13201
-19349
-24754
-28661
-30729
-30805
-27865
-21287
-11348
-45
10492
18453
22387
22240
19341
14805
9198
3199
-2933
-8824
-13524
-15815
-15505
-13463
-10788
-8949
-8973
-10523
-12151
-12615
-11893
-10139
-8100
-6051
-3703
-477
3206
6577
8974
9941
9991
10240
11332
13314
15692
17280
17703
17194
15791
13741
11217
8139
4430
369
-2778
-4454
-4483
-2291
1002
4622
9209
14460
18204
18451
15033
10518
6755
5014
5157
5630
4849
2868
211
-3032
-7956
-14589
-23402
-31194
-32768
-30269
-20221
-7912
3390
13309
22558
30939
32767
32578
32767
25513
12761
705
-9168
-15200
-18980
-22042
-25153
-27004
-26692
-24182
-19746
-15176
-11532
-8875
-6561
-3774
-807
1297
2138
1764
820
277
741
1855
2829
3351
3007
2136
1188
305
-1406
-4288
-7469
-9605
-9770
-8055
-5271
-2647
-1476
-2266
-4769
-8602
-12883
-16278
-18240
-18197
-15357
-9502
-757
10030
20700
29079
32767
31976
26938
19063
11070
4180
-915
-3934
-4973
-3820
-434
4072
8616
11961
13998
14717
12423
6428
-1571
-7945
-9109
-5123
1304
6949
9967
10907
10521
8402
3693
-3818
-13611
-22737
-26179
-21924
-11766
-227
8455
13310
15863
17611
18922
18693
15477
9551
3083
-922
-764
2618
5378
4159
-2083
-10875
-18698
-24125
-26527
-26436
-24708
-20959
-14455
-5094
5515
14332
18166
16230
9524
774
-6946
-12332
-15051
-15107
-12894
-8883
-3007
3630
9126
11496
9949
5075
-1297
-6993
-10520
-11536
-11017
-8882
-5070
-560
3976
6916
6713
2714
-3656
-9898
-13758
-13847
-10651
-5420
519
6676
12836
18157
21505
21934
19251
13959
7776
2463
-1153
-2715
-2718
-1010
2062
4999
5899
4201
1030
-1029
-963
186
1297
1759
1660
2005
2497
1440
-1524
-6861
-12708
-14416
-9528
-769
7469
11806
12313
12706
14668
16548
15976
11407
3801
-3631
-7817
-6746
-1375
3960
5540
2269
-3490
-8129
-10332
-10949
-11222
-12279
-13596
-12847
-8554
-1499
5198
8320
6977
3079
-12
-575
141
-14
-1852
-5523
-8890
-9054
-6175
-2530
-529
-1169
-3200
-3988
-2295
54
537
-1077
-3685
-4685
-2492
2267
7047
9285
8051
4491
1368
1
89
-313
-2592
-5868
-8005
-7096
-2903
2612
6956
8991
9247
8961
9734
11027
11150
9107
4897
120
-4846
-9794
-13137
-13273
-9858
-4332
956
4137
5057
4806
3777
1550
-2054
-6985
-12127
-13817
-9156
-33
8870
12535
9914
5449
3805
5758
8501
9145
7204
5190
5721
10079
16556
20696
18633
9305
-3642
-14780
-21377
-24299
-26115
-28242
-28965
-25513
-16593
-3606
8931
16645
18073
15562
12763
12013
12457
11350
6872
-379
-6354
-8039
-5670
-1921
-858
-3932
-8750
-11464
-10237
-6539
-4111
-5043
-8484
-11154
-9582
-3675
4052
10237
12828
12466
11949
13181
15196
15402
12220
6505
273
-3634
-4367
-3587
-2995
-3359
-4170
-4258
-2520
627
3866
5441
5223
3479
282
-4236
-8444
-10445
-9968
-7575
-4811
-2531
-1429
-715
-542
-2114
-5721
-10738
-15296
-15916
-10053
320
9817
14128
13026
10206
9386
10368
10805
8815
4424
310
-753
1922
6314
9051
7129
933
-5918
-9651
-8908
-6206
-4586
-5383
-7160
-7681
-6245
-4200
-4171
-6853
-10241
-11095
-7445
356
8948
14341
15805
14634
13004
12430
11527
8028
1281
-6777
-12703
-13916
-11057
-7117
-5304
-6236
-7942
-8196
-5532
-1375
1643
2522
2461
3193
6792
12370
17027
18621
16994
13834
11427
10067
8283
5141
215
-4516
-6939
-6493
-4103
-1188
775
1305
1654
1593
-672
-5425
-10720
-13362
-11314
-6129
-917
1774
993
-1365
-3646
-6932
-12076
-18650
-24634
-25036
-16687
-2718
10051
15544
13208
8343
5962
6984
8742
8002
4167
289
240
5293
12767
17027
13865
3972
-7110
-13933
-15401
-14660
-15334
-17782
-19017
-15716
-7947
1286
7683
8746
6821
5412
6657
9427
10752
8390
2730
-2492
-3495
-990
1849
2688
422
-2444
-2426
764
4482
5753
3340
-1415
-5654
-6895
-5670
-3726
-2148
-1286
-88
3019
7663
11981
14366
14433
12953
11447
10382
9732
8844
7245
5788
4874
4664
4668
3729
1738
-517
-2279
-2918
-3868
-7005
-11471
-14456
-12829
-6632
621
5533
6562
4521
1577
-1519
-6025
-12243
-19962
-26084
-25385
-16381
-3353
6975
10057
7676
4317
3255
4469
4940
2833
-918
-3190
-1549
4162
9974
11333
6467
-1771
-8261
-10076
-8615
-7441
-8606
-11574
-13407
-11967
-7792
-3321
-1532
-2170
-2219
227
5264
10002
10787
7370
2455
-786
-733
1919
4829
6070
5703
5286
5777
6297
5501
2258
-3078
-8774
-12351
-12929
-10992
-7825
-4527
-1373
1931
6434
11157
14852
16919
17318
16671
15824
14844
13228
10960
7982
5458
4150
3715
3435
2918
1912
878
438
-159
-2040
-6604
-12821
-16842
-15973
-10661
-3952
539
1884
1246
532
41
-1603
-4842
-9547
-13188
-11418
-3676
6092
11777
10130
3530
-2758
-4897
-3551
-1821
-2208
-4211
-5412
-3704
796
4969
5399
934
-5674
-9736
-9131
-5373
-2069
-2420
-5988
-10123
-11467
-9328
-6442
-5189
-6293
-7620
-6676
-3276
444
1684
-163
-2909
-3495
904
9018
16236
18691
15655
9734
4635
1736
-110
-2684
-6152
-9116
-10032
-7789
-4030
-1262
-1323
-3574
-5263
-3464
1946
7976
12361
14365
15094
16251
18199
20312
20769
18609
14399
9991
7073
5772
4468
884
-4200
-8707
-10935
-11471
-11925
-11833
-9504
-3988
2963
8628
10655
8614
3848
-1583
-6147
-10143
-13268
-15818
-15763
-10564
-1430
6942
9872
6800
1444
-1009
1356
6829
11485
12519
9387
4212
250
-1271
-1831
-4317
-9255
-14331
-15746
-12584
-7883
-5001
-5663
-8842
-11531
-11540
-8948
-5802
-4382
-4855
-6017
-6263
-5105
-3882
-4280
-6109
-7463
-6224
-1861
4063
8986
10592
9210
7193
6350
6826
7826
7703
5132
609
-4323
-8328
-10662
-11574
-12145
-12455
-11269
-7070
-51
7919
14326
17237
17403
17071
17688
19467
21026
20921
18587
14325
9591
5846
2870
180
-2097
-4187
-6301
-9012
-11376
-11686
-8984
-4293
-150
1392
587
-1067
-1913
-2303
-4048
-7405
-11155
-12349
-7686
2685
13065
17791
14856
7851
2367
1604
4654
8013
8857
6721
3611
2055
3330
5630
5593
944
-6746
-13074
-15156
-13817
-12198
-12683
-15332
-17581
-16539
-11045
-3753
1588
2838
685
-1857
-2366
-1675
-2126
-4468
-8117
-10648
-9577
-5378
-772
1239
-716
-4607
-7037
-5690
-1003
3641
5987
5767
4447
3863
4447
4967
3511
-692
-5686
-8707
-7712
-3829
148
2241
2397
2716
5411
10482
16185
20073
20464
18360
15985
15004
15160
14495
11951
7355
757
-7073
-14198
-18093
-17601
-14088
-10236
-8345
-8208
-8159
-6492
-3386
-935
-449
-2293
-4240
-3069
2009
7786
9676
6522
1655
214
4549
12573
19912
22744
20270
14423
8609
5005
3736
2644
-609
-5565
-10012
-11664
-11649
-12012
-14261
-17755
-20155
-18870
-13574
-7068
-2185
-671
-887
-1046
122
2957
5114
4648
2469
-240
-2604
-3459
-3220
-3770
-5648
-7458
-8307
-7582
-5742
-4245
-4376
-5947
-7234
-7369
-6091
-3341
-216
1701
2061
1523
1013
1895
4500
7612
9581
9880
9037
8402
8991
10882
13002
13847
12628
10602
9395
9862
11039
10547
6426
-1130
-8776
-12597
-11422
-8011
-5607
-7280
-12425
-17916
-20125
-18026
-13291
-8688
-6482
-4886
-736
6593
13587
16264
13831
10044
9687
14010
20697
25173
24241
17882
8861
1297
-1905
-952
1405
1890
-65
-2763
-4635
-5297
-5774
-6919
-8853
-10205
-9749
-7700
-5775
-5866
-8348
-11358
-11840
-9290
-4507
472
3150
3605
3503
3887
5118
6766
7628
6917
5632
4686
3497
1064
-2575
-7287
-11931
-14476
-14654
-13269
-11561
-10336
-10683
-12051
-12376
-10317
-5708
658
6766
11026
12989
13656
14311
15354
16906
18325
18543
16992
14073
11048
8991
7091
3112
-3723
-11080
-14766
-12544
-6969
-2740
-3646
-9683
-17368
-21668
-21213
-17367
-12862
-10640
-10154
-8525
-4692
165
3156
3349
2707
5107
12218
22526
31026
32767
31483
24801
17972
14721
14702
15403
13158
6949
-2050
-10722
-17200
-20705
-22123
-22250
-21141
-17997
-13013
-8049
-4837
-3859
-3388
-1691
2822
9159
14147
15350
12367
6847
1321
-1092
27
2525
4713
6097
6409
5732
4710
3057
-232
-4450
-8179
-10652
-11058
-9621
-7916
-7536
-8509
-9814
-10236
-8856
-5713
-1880
798
1580
1477
1933
4015
8260
12960
16374
17877
17592
16282
14289
11367
6101
-1073
-7270
-8980
-6533
-3350
-2715
-7143
-15299
-22540
-25824
-25161
-22495
-20385
-19371
-17734
-13364
-7358
-3363
-2722
-3433
-2052
2874
10900
18799
23491
24534
23089
21995
23186
26476
29255
28580
23385
15685
7410
-422
-7512
-14031
-19032
-21852
-21820
-19650
-16139
-13788
-13762
-15165
-15548
-12699
-7646
-1186
3958
6314
7717
9698
12469
15609
18277
18980
17621
15656
13527
10812
6812
2048
-2817
-6708
-7936
-7164
-6465
-6253
-5783
-5856
-6351
-6705
-7515
-8204
-8456
-7938
-6918
-5449
-3412
-746
2692
6594
10712
13890
15689
16323
16522
16248
13941
7939
-519
-7382
-9327
-6706
-3604
-4489
-10195
-17851
-22928
-23869
-22283
-20602
-21216
-22946
-22390
-18133
-12499
-8949
-8504
-8698
-5082
2995
12795
19428
19996
16421
12927
13258
18105
24154
27081
24715
18495
12185
8472
6683
4295
-673
-7257
-11733
-12292
-10153
-8310
-9922
-14716
-19166
-19890
-16164
-10317
-5397
-3278
-3072
-1112
4320
11109
15714
15964
12824
9898
10861
15155
19781
21888
20061
15298
10389
7006
4333
18
-6522
-13680
-18949
-20055
-17470
-13370
-10042
-7447
-4563
-799
3939
8260
10765
10753
9353
8054
7541
7613
7838
7941
8389
7657
4062
-1444
-6132
-6804
-3792
-459
-805
-5576
-12082
-15984
-16112
-15097
-16023
-20132
-24982
-26676
-23592
-18599
-15582
-15559
-16137
-13154
-4628
7008
15853
18256
15401
12116
12852
18379
25017
27975
25044
17589
9731
4811
3205
1699
-2616
-9814
-15983
-17486
-13544
-7593
-4913
-6113
-8264
-7450
-3842
25
1087
-2543
-8032
-10315
-7094
-154
6339
8877
7198
5402
7654
13367
18692
20006
17084
12459
10017
10866
12725
12787
10205
6219
2383
363
-397
-2069
-5623
-10183
-13606
-14577
-12491
-8609
-5139
-2617
266
4354
8967
13374
16955
18945
19128
16607
11347
4794
775
195
567
-945
-6181
-13709
-19955
-21514
-19560
-17384
-17733
-21022
-23666
-22271
-17017
-11595
-9430
-9731
-8977
-4476
2350
7857
8583
4699
167
-726
3676
11078
17386
19173
16751
13440
11853
12838
13924
11838
5974
-1878
-8288
-11831
-12864
-13461
-15055
-16959
-17381
-14826
-11020
-7551
-5829
-6014
-5417
-2321
3184
8252
10879
11357
10487
10239
11746
13368
13535
12207
9700
7270
6099
5503
4435
2340
-125
-1262
-1110
-393
782
1723
2371
3540
4953
5965
6393
6243
5519
4667
4083
3285
1810
491
485
1637
1668
-180
-3212
-4143
-1551
2317
4297
1314
-4863
-9933
-10529
-7622
-4473
-4522
-8954
-14025
-16275
-15634
-15040
-16924
-20383
-21537
-16697
-7593
939
5165
4428
2268
3124
8190
15324
20372
20062
14650
8282
4950
5482
7252
6579
3224
-1386
-4519
-5609
-6683
-9695
-14322
-18017
-17763
-13609
-9300
-7099
-8173
-10010
-9078
-4289
2434
7191
8627
7457
6528
8526
12934
16078
15451
11426
7043
5838
8177
11295
11750
8601
3817
-207
-1760
-1215
-292
-1214
-3134
-4166
-3337
-324
3091
5006
5280
5339
6744
9605
12636
14016
12742
8706
3192
-1045
-2130
375
3877
4769
1243
-5781
-13234
-17408
-17276
-15912
-15487
-16891
-18705
-17192
-12049
-6310
-4099
-6182
-8389
-6163
1331
9846
13537
10266
3514
-1074
7
5862
11885
13550
10043
4000
63
128
2027
2655
1180
-980
-1613
-361
870
-486
-4848
-9892
-12390
-11964
-10899
-10910
-12849
-15378
-14773
-9774
-2807
2555
4425
3734
2804
4461
8793
12773
14478
14203
13156
12150
12216
12738
11802
9454
6487
3512
575
-2497
-5489
-7990
-8754
-6755
-3214
239
2770
3949
4484
5187
5789
6392
6693
7429
8629
9043
6480
1767
-2857
-4281
-1734
1416
1886
-1777
-7076
-10546
-10310
-9008
-9434
-12602
-17001
-18374
-14938
-9224
-6004
-7977
-12793
-15236
-11879
-4546
1347
2539
395
-513
3318
11946
21249
26268
25562
20747
16224
13784
12213
8511
1639
-5832
-10628
-11658
-11127
-11515
-14153
-16773
-16304
-11635
-6275
-3502
-4334
-8338
-10829
-8489
-2804
2402
3941
2262
22
167
4150
8823
11181
11303
10698
10696
11637
12554
11942
9402
6193
3803
2755
2209
1197
-1300
-4055
-4820
-3660
-1669
-796
-1762
-3420
-3901
-2083
893
3666
5711
7451
9585
10918
9714
6462
3446
2153
1759
98
-4706
-11194
-16458
-16947
-12930
-8657
-7085
-9914
-14386
-15570
-12098
-6807
-4778
-7438
-11073
-10952
-4956
3659
9073
8695
4631
1471
2306
6712
10605
10678
7140
3195
2806
6521
10772
12249
10059
6690
5126
5841
6387
3437
-3310
-10387
-14149
-14034
-11557
-10431
-12470
-15556
-16222
-12763
-6637
-1265
1537
2177
2610
4672
8444
12320
14915
16119
16125
15441
14238
12191
9377
6700
5025
4098
2922
539
-2598
-5617
-6705
-5404
-3087
-1002
-921
-2379
-3599
-3373
-1902
-482
-201
-317
865
3617
6005
5665
3612
2580
4002
6712
7350
3345
-3808
-11135
-14665
-14355
-13416
-14401
-18224
-21543
-20523
-15474
-10109
-8805
-11359
-12957
-9465
-1366
6903
10843
9634
6688
6187
9747
14939
17532
15746
10545
5756
4386
5536
6195
4514
1405
-968
-1289
-465
-682
-2858
-6296
-8029
-7080
-5013
-3285
-3722
-5694
-6662
-5269
-1941
1751
3970
3749
1897
168
-404
652
2834
5529
8304
10703
12193
12452
11901
11170
11218
11732
11515
9595
6052
1984
-1196
-2531
-2244
-1199
-532
-887
-2148
-3329
-3876
-3906
-3383
-2590
-1256
657
2556
2579
280
-2194
-2452
383
3350
3707
-206
-6337
-11035
-11499
-9124
-8005
-10141
-15437
-19662
-18838
-14018
-9489
-9847
-14351
-17634
-15382
-7650
684
5468
6098
5829
8271
13808
19724
22241
19754
13977
8877
7210
8029
8091
5627
1450
-1876
-3214
-3233
-3580
-5669
-8825
-10768
-10370
-9031
-7197
-6406
-7310
-7557
-6227
-3248
447
3695
5967
7038
7352
7973
9080
10323
11904
13078
13161
11813
9441
6880
4723
4150
4775
5120
4177
2310
166
-849
-309
734
1151
1252
1497
1754
2286
2205
1256
-342
-1160
-346
1153
1749
-356
-3770
-5683
-4300
-1090
683
-1235
-5705
-9867
-11062
-9218
-8216
-10386
-15926
-21919
-23478
-19370
-12682
-8614
-9261
-11575
-10978
-5909
881
5283
5405
3388
3423
7416
13784
18853
19642
15834
10489
7631
8033
9172
8373
5233
1264
-1360
-1991
-1962
-2854
-5568
-8276
-9265
-9197
-8887
-9109
-10497
-11419
-9735
-6022
-2118
652
1877
2350
3017
4916
7870
10554
12532
14085
15222
15889
15927
14832
12406
9383
7162
6146
5701
5095
3904
2219
1032
194
-612
-1698
-2618
-2953
-2531
-2100
-2358
-3137
-3558
-2216
901
4051
4515
2589
283
413
2666
3975
1278
-5559
-12180
-14838
-12084
-8054
-7115
-10680
-16944
-20583
-19652
-16585
-14956
-16720
-19369
-18151
-11576
-2286
4564
6384
5195
4975
8079
13616
17998
18711
16257
13036
11839
12816
14031
13374
10521
6696
3107
-32
-3848
-8731
-13825
-16888
-15770
-11797
-8451
-7669
-9306
-11512
-10939
-7520
-3444
-613
186
202
720
2482
5248
7433
8697
9850
11522
13518
15134
15358
13587
10731
8135
6513
5530
4743
4178
4049
4199
4601
4309
2272
-600
-2689
-2908
-1519
-61
-370
-2004
-2922
-1602
1373
2568
320
-3499
-4664
-2019
1808
2791
-1555
-8002
-12259
-10854
-5911
-3165
-5191
-11222
-16060
-15854
-12477
-10579
-13798
-19840
-23100
-19831
-11502
-3235
829
885
1288
4736
10805
17203
19995
18724
15182
12348
12239
13630
14425
13042
10538
8205
6718
5036
1610
-3684
-9354
-12407
-12791
-12026
-11379
-11980
-13666
-14911
-14045
-11205
-7499
-3828
-1196
316
2150
4823
7763
9864
10877
11387
12092
13310
15295
16928
16876
15421
12457
8538
4571
1554
14
-301
686
1699
1852
1105
-139
-1099
-1394
-1026
-783
-916
-1084
-702
106
-74
-2342
-4902
-5306
-2714
868
2249
-167
-4503
-7418
-6532
-3357
-2384
-5471
-11691
-17133
-17861
-14801
-11934
-12652
-16469
-19109
-16728
-9888
-3351
-897
-2263
-3542
-1161
4911
11710
15660
15971
14935
15026
17250
19601
19285
15538
10364
7006
6207
6576
5014
667
-5300
-9692
-10373
-9113
-8122
-9208
-11712
-13938
-14037
-11496
-8812
-7729
-8048
-8018
-5776
-1271
3965
8190
10391
11428
12567
14109
15561
16307
16017
14630
13239
12476
12078
11045
8833
5857
3004
1278
65
-1276
-3458
-5761
-6957
-6887
-5437
-3421
-1607
-172
1062
1128
-981
-3798
-5143
-3971
-2175
-1705
-4312
-8970
-12538
-12096
-7876
-4247
-4112
-7915
-12567
-13492
-10260
-6395
-5940
-9589
-13579
-13666
-8980
-3074
-420
-2241
-5718
-6947
-4480
740
5478
8400
10049
12268
16228
20438
22267
20533
16840
13188
11496
10410
8725
5550
1132
-2171
-3687
-4636
-6511
-9815
-13802
-16909
-17523
-15789
-13329
-11459
-10096
-8064
-4714
-218
3855
6197
7332
8245
9442
11032
12242
12835
12826
12904
13554
14517
14969
14035
11743
8790
5807
3519
1556
-586
-1913
-2241
-2328
-2353
-2610
-3066
-3667
-3519
-2580
-2233
-4219
-7807
-9808
-8439
-4216
-1049
-1483
-5303
-9365
-10540
-8177
-5619
-5751
-9412
-14588
-16400
-13449
-8534
-5962
-7840
-12031
-13770
-10780
-5338
-1451
-1123
-2419
-2129
566
4499
7366
8096
7076
6632
8856
13014
16242
16318
14099
11709
11221
12461
12994
10248
5127
687
-418
733
1137
-1174
-6539
-12040
-14132
-12169
-9004
-7618
-8553
-10833
-11913
-9694
-4751
195
3181
4414
5141
7036
10580
14238
15620
15326
14498
14019
14076
14354
14124
12788
10877
9024
7715
6078
4183
1586
-1295
-3413
-4116
-4012
-4499
-5591
-6605
-7564
-9675
-11642
-11888
-9561
-6140
-4758
-6493
-9578
-11062
-8907
-3855
-467
-1278
-6245
-12401
-15007
-13152
-10074
-9384
-12540
-16755
-17534
-13407
-6994
-2477
-1722
-2305
-825
3239
8180
11556
12141
10504
9014
9572
11193
12477
12511
11248
9905
9445
9245
8012
5328
2540
1354
2265
3721
3766
1456
-1843
-4479
-6038
-6911
-7992
-9549
-10682
-10317
-8756
-6647
-5009
-3504
-973
2528
6272
9146
10631
10912
11209
12511
14233
15098
14643
13392
12048
11310
11226
11010
9915
7655
5120
3294
2294
1874
1377
382
-838
-1575
-1725
-2458
-5667
-10316
-13605
-12955
-9685
-7379
-9411
-14954
-19793
-20147
-14954
-9040
-6660
-8888
-13082
-13929
-10032
-4833
-2724
-5340
-9380
-10181
-6361
-1274
614
-1892
-5476
-6127
-3244
1145
4274
4844
4228
4844
8209
12769
15337
14447
11372
9168
9305
11029
11153
8147
3629
-75
-938
-111
770
-205
-3228
-6263
-7903
-7457
-6047
-5257
-5505
-5795
-4832
-2340
440
2122
2587
2510
2564
3316
4754
6122
7306
8785
10075
11064
12018
13061
13986
14274
13907
12891
11484
9779
8521
7877
7359
6368
4421
2088
875
765
911
-1341
-6632
-12090
-14444
-12816
-9891
-9062
-12526
-17965
-21456
-20005
-15443
-12336
-12975
-16655
-18589
-15754
-10190
-6444
-7306
-10598
-12121
-8766
-2206
2814
3389
807
-385
2291
6851
9995
9296
5869
3181
3863
7340
10670
11654
9824
7205
6054
6771
7870
7323
4855
2019
310
188
712
177
-1605
-3372
-3467
-2058
-718
-432
-1972
-4153
-5576
-5168
-3612
-2142
-1266
-841
-402
844
3128
5821
8010
9382
10114
10331
10557
11229
12181
13111
13873
13974
13305
12470
11832
11046
10259
9406
7800
5177
2679
848
-203
-1654
-3741
-5445
-6308
-6694
-7989
-10185
-13348
-16465
-18106
-17504
-16795
-17968
-21179
-24658
-25024
-21476
-16715
-14272
-15342
-17534
-16628
-11480
-4412
831
1963
1064
1501
5438
11431
15788
16338
13608
10485
10068
11975
13504
13355
11478
8689
6720
5690
4568
2967
1343
294
-659
-1514
-2680
-4293
-5342
-5307
-4704
-4397
-4820
-5979
-6502
-5837
-4238
-2225
-706
233
1365
3225
5523
7218
8135
8574
8838
9410
9863
9098
7496
5987
5533
6865
8943
10773
11456
11028
10684
11505
13108
13953
13280
11041
8272
6156
3661
322
-2307
-3358
-2686
-2839
-5293
-10160
-15384
-18615
-19219
-18630
-19576
-22380
-25795
-26912
-23794
-18679
-15234
-15677
-18731
-20236
-17897
-12654
-8333
-6969
-7073
-5615
-445
7516
15137
19303
19456
17365
16237
17380
19328
20146
18617
15044
11448
8876
7307
5997
4689
3689
2890
1868
195
-2417
-5384
-7094
-6854
-5547
-4618
-4822
-6259
-8052
-8678
-7842
-5828
-3629
-1819
-200
1192
2327
3806
6226
8801
11160
12929
12906
11791
10718
10833
11937
12720
12178
10211
8019
6931
7197
8219
9088
8777
7002
5033
4540
5307
5154
3016
26
-1824
-2004
-2549
-4414
-8857
-13906
-17159
-17187
-15778
-16250
-18901
-23004
-25613
-24462
-20948
-18716
-19515
-22156
-22755
-19115
-13340
-9606
-9766
-11759
-11448
-6187
1874
9335
13374
13981
13703
14963
17868
20803
22301
21928
20094
17550
15274
12793
9613
6601
4803
3811
2566
472
-2951
-6162
-7651
-7527
-6824
-6505
-6869
-6893
-6064
-4489
-3102
-2833
-3618
-4536
-4382
-2968
-808
1508
3535
5299
7526
9948
11564
12166
12316
12622
13238
13817
12969
10699
8112
6602
6403
7180
7970
8057
7215
6303
5635
5228
4091
1928
38
-574
189
77
-1909
-6427
-11601
-15344
-16460
-16320
-17668
-20368
-23931
-25490
-23867
-21040
-19426
-20487
-22457
-22157
-17881
-11750
-7603
-7521
-9901
-10862
-7442
-860
5512
8896
9264
8850
10295
13761
17091
18805
19093
19110
19428
19806
19284
17331
14589
11963
9994
8371
6070
3148
579
-1574
-2997
-4200
-5565
-7411
-9288
-10132
-9554
-8143
-6506
-5349
-4488
-3128
-1276
949
3141
4977
6181
6996
7586
7929
8043
8557
9886
11521
12781
13068
12253
10793
9115
7760
7106
6329
5387
4664
4846
5470
6205
5686
4334
2659
1555
1071
-450
-3049
-6510
-9881
-12373
-13535
-15140
-17960
-21010
-23690
-24098
-22220
-20581
-20939
-23437
-25758
-24938
-20840
-15776
-12570
-12272
-13279
-12811
-9038
-3428
1523
3787
4583
5513
8921
14160
18323
19456
18225
16490
15779
16944
18279
18120
15951
13523
11535
9936
8331
6401
4128
1931
202
-1168
-2339
-3635
-4816
-5746
-5837
-5298
-4505
-4302
-5044
-5973
-6427
-5779
-3952
-1349
1115
3269
5270
7330
8718
9812
10931
11691
12357
12689
12617
12178
11725
11306
11086
10371
8977
7248
5048
3459
1942
595
-21
32
-51
-1461
-3866
-6259
-6821
-5946
-4675
-4787
-8335
-13705
-18556
-20972
-20187
-18817
-19249
-22522
-26645
-28408
-26540
-22441
-19182
-18053
-18201
-17063
-13125
-7185
-1205
3049
5240
6176
7643
10671
14435
17313
18455
17870
16402
15071
14492
14515
14677
14377
13534
12487
11199
9719
8216
6767
5577
4678
3776
2505
780
-1607
-3874
-5120
-5354
-4794
-4471
-5024
-6328
-7326
-7145
-5114
-2040
222
1180
1316
1667
2965
5526
8434
10129
10052
9305
8816
9301
10427
11883
12973
13484
13546
12278
10063
6656
3583
2387
2877
3325
1548
-2541
-7726
-11208
-12065
-10695
-9231
-10429
-13749
-17470
-19400
-18768
-17444
-17080
-18911
-21766
-23356
-22202
-19209
-16796
-15902
-16159
-16313
-14517
-11084
-6936
-3556
-1192
430
2522
5982
9631
12551
14283
14820
15668
16596
17203
16858
15735
15074
15013
15544
15457
14344
12517
10475
8506
6801
5196
3537
1853
42
-1851
-3725
-4848
-4965
-4550
-3808
-3113
-2870
-3068
-2970
-1695
302
2065
2999
2785
2280
2277
3181
4512
5622
6066
6045
6139
6589
7137
7772
8394
9302
10490
10890
9577
7154
4893
4253
4417
4109
2111
-975
-3832
-6105
-7024
-8426
-10943
-14030
-16968
-18376
-18427
-18669
-20293
-22791
-24031
-22947
-20386
-18365
-18114
-18617
-17911
-15041
-11204
-7998
-6366
-5898
-4852
-2566
812
4802
8268
9983
10523
10423
10890
12738
15072
16916
17499
16963
15867
15206
14867
14246
13101
11165
9212
7234
5297
3115
1413
601
495
255
-313
-1072
-1525
-1363
-474
191
256
-258
-1115
-1066
58
1704
2854
3251
3241
2971
3162
3429
3501
3796
4462
5627
6781
7415
7641
7317
7136
7132
6925
6983
6761
6163
4250
1218
-2239
-4388
-5250
-5263
-5180
-7244
-10522
-13560
-15168
-14520
-13669
-15122
-18750
-22906
-24915
-23367
-20174
-17851
-17750
-19015
-19017
-15968
-11231
-6777
-4987
-5391
-6252
-5514
-2579
1446
5009
7295
8503
9053
9856
11343
13471
15537
16615
16350
14928
13305
12639
12732
13006
12867
11553
9604
7470
5798
4909
4224
3394
2042
126
-1477
-2001
-1537
-368
782
1286
1074
599
247
362
796
1251
2106
3495
4751
5410
5306
4824
4722
5769
7147
8142
8303
7424
6020
4338
2882
1894
1212
1505
1873
1641
759
-773
-2596
-4260
-4891
-5551
-6989
-9174
-11784
-13486
-13717
-13759
-14622
-16838
-19199
-20473
-20179
-19496
-19582
-20201
-20744
-19831
-16891
-12984
-9164
-6511
-4767
-3322
-1366
1627
4603
6613
7640
8071
8246
8781
9705
10778
12317
13697
14206
13474
11955
10760
10508
11157
12173
12256
11117
8931
6692
5988
6166
6331
5683
3554
1036
-471
-569
-30
614
799
358
-96
4
692
1596
2298
2773
3404
4352
5499
6433
6648
6380
6135
6391
6812
6845
6826
6373
5920
5050
3726
2597
1874
1083
70
-1161
-2593
-3368
-4396
-5580
-6990
-9434
-11742
-13391
-13849
-13194
-13108
-14664
-17778
-20582
-21055
-19394
-17448
-17130
-18605
-20395
-20160
-16871
-11837
-7547
-6165
-6801
-7239
-5934
-2097
2405
5398
6391
6250
6567
7605
9237
10626
11630
12395
13059
13586
13341
12677
11806
11191
11501
11890
11564
9765
7256
5227
4544
4677
4978
4703
3266
2042
1880
2609
3188
2956
2146
1407
1126
1512
2053
2230
1627
1190
1247
1740
2582
3510
3972
4352
5004
6002
6795
6905
6449
5909
5859
5928
6280
5938
5474
4317
2455
109
-1986
-3277
-4657
-5930
-8021
-11114
-13661
-15309
-15993
-15948
-16408
-17897
-19934
-20871
-19961
-17813
-15744
-15249
-16232
-17679
-17449
-14803
-10625
-7069
-5344
-5185
-5388
-4287
-1454
2038
4060
4366
4032
4418
5929
8280
10550
12379
13313
13871
14452
15101
15170
14575
13524
11978
10460
8988
7648
6261
5587
5129
4829
4545
3900
3501
3349
3457
3738
3497
2742
1712
499
-641
-1002
-559
-8
820
1319
1397
1352
1237
1453
2133
3051
3979
5024
6337
7450
8397
8654
8071
6727
5353
4176
3765
3766
2952
1152
-1648
-3872
-4968
-5150
-4769
-5834
-8318
-11407
-13780
-14486
-14702
-15645
-18215
-21270
-22828
-21946
-19303
-17146
-16637
-17357
-17637
-15640
-11997
-8125
-5703
-4888
-4495
-3265
-522
3093
5382
5965
5515
5271
6364
8484
10304
11163
10983
10367
10560
11782
13300
13634
12551
10797
9290
8939
9265
9028
7738
5953
4331
3516
3594
3897
3970
3420
2538
2103
2486
3207
3448
2929
1432
335
162
644
1082
1240
965
890
1233
1652
1759
1335
1099
1159
2142
3604
5001
5652
5540
5224
5301
5897
6586
6950
6161
4211
1693
-778
-2446
-3351
-4059
-5653
-8188
-11321
-14190
-15836
-16357
-16919
-18542
-20939
-22515
-21955
-19646
-16816
-14483
-13518
-13239
-12303
-10349
-7454
-4658
-2950
-2194
-1968
-1069
1174
4250
7074
8498
8753
8356
8497
9309
10228
10654
10189
9680
9700
10468
11236
11306
10351
8972
8145
7889
7452
6469
4737
3156
2673
3403
4583
4807
3535
1386
-407
-555
595
1754
1640
240
-1570
-2127
-1089
726
2223
2292
1620
960
1128
1783
2288
1981
1134
644
587
880
1231
1663
2228
2647
2830
2492
1689
1370
1664
1969
1817
928
-603
-2508
-3927
-4766
-5660
-6889
-9105
-12084
-14864
-16573
-17228
-17305
-17344
-17646
-17561
-16664
-15257
-13673
-12037
-10498
-8675
-6187
-3329
-888
640
1089
1529
3006
5576
7902
9096
8948
8278
8296
9210
10498
11131
10323
8737
7752
7909
8850
9443
8887
7176
5632
5053
5451
6048
5951
5052
3334
1883
1302
1667
2834
3558
3454
2126
463
-413
-370
440
1228
1372
649
-776
-1665
-1729
-603
468
626
-102
-1134
-1536
-771
676
1426
1455
1115
896
970
1341
1360
963
295
-956
-1981
-2654
-2724
-2303
-2245
-2452
-2718
-3031
-3477
-4065
-5032
-6636
-8042
-8939
-9050
-9046
-9416
-10047
-11177
-12194
-12226
-11042
-9378
-8042
-7484
-7148
-6462
-4690
-2063
688
2908
4313
4932
5161
5594
6207
7050
7603
7699
7308
7115
7393
7973
8536
8292
7405
6227
5430
5530
6085
6296
5687
4459
3219
2574
2485
2715
3109
3129
2872
2472
2178
2478
3191
3663
3310
2157
803
-12
-424
-550
-943
-1908
-2786
-3376
-3334
-2883
-2308
-1883
-1752
-1647
-1494
-1391
-1096
-1184
-1490
-1565
-1598
-1522
-1533
-2001
-2678
-3051
-2791
-2261
-2144
-2613
-3292
-3579
-3066
-1778
-454
154
-418
-1696
-2937
-3654
-3580
-3102
-2962
-3504
-4491
-5311
-5557
-5196
-4378
-3429
-2522
-1853
-1296
-869
-170
1039
2030
2547
2704
2680
2938
3405
3845
4228
4592
4773
4863
4612
4032
3356
3045
2987
3091
3373
3413
3319
3134
3207
3630
4275
4549
4157
3361
2743
2500
2661
2978
3158
2740
2085
1505
1272
1266
1047
262
-654
-1186
-1751
-2348
-2992
-3874
-4715
-4941
-4679
-4064
-3767
-3822
-4003
-4176
-4088
-4059
-4234
-4846
-5410
-5360
-4632
-3687
-3139
-3164
-3469
-3772
-3327
-2379
-1143
-211
346
404
156
-10
121
717
1588
2297
2765
3038
3136
3286
3381
3588
3781
3948
3470
2848
2961
3644
4559
4678
3943
2424
1181
1092
1785
2613
2681
1628
-91
-1445
-1767
-1249
-718
-849
-1530
-2110
-1766
-696
473
1366
1399
1206
1113
1403
2168
3324
4193
4594
4439
3741
3162
2971
3352
3596
3496
2840
1593
628
110
113
151
-301
-1443
-2954
-4168
-5246
-5867
-6579
-7047
-7094
-6792
-6282
-6211
-6497
-6771
-6970
-6795
-6248
-5817
-5698
-5756
-5938
-6005
-5576
-5067
-4537
-4226
-4011
-3716
-2889
-1433
362
1756
2869
3382
3587
4107
4917
5869
6317
6352
6016
5718
5322
5000
5114
5637
6353
6963
7311
7382
7207
7129
7208
7259
7006
5857
4306
3025
2543
2442
2098
964
-807
-2673
-3996
-4379
-4180
-3974
-3931
-3934
-3742
-3118
-2019
-575
646
1605
2250
2421
2156
1987
2024
2196
2387
2134
1784
1265
631
413
458
736
706
143
-688
-2139
-3590
-4767
-5566
-5849
-6191
-6705
-7477
-8150
-8317
-7908
-7439
-7085
-7206
-7679
-8043
-8037
-7592
-6715
-5677
-4696
-4137
-3787
-3575
-3449
-3021
-2347
-1392
-656
-186
22
603
1729
3250
4835
5785
6007
6077
5964
6201
7046
7809
8217
8031
7417
6881
6883
7341
7704
7398
6232
4877
3948
3726
4113
4323
4067
3426
2475
1884
1717
2037
2441
2737
2887
2802
2813
2744
2811
3211
3613
3719
3441
2902
2277
1911
1893
2175
2256
2034
1502
794
282
-377
-1071
-1788
-2728
-3799
-4841
-5831
-6794
-7424
-7689
-7657
-7554
-7703
-8056
-8497
-8742
-8646
-8349
-8193
-8324
-8420
-8344
-7778
-6814
-6028
-5817
-5884
-6071
-6233
-6152
-5921
-5440
-4730
-3823
-3097
-2298
-1320
-314
854
1898
2772
3305
3526
3780
4028
4262
4574
4812
4903
5141
5328
5318
5480
5411
5016
4466
3846
3130
2813
2883
3145
3462
3625
3603
3354
2944
2583
2409
2486
2470
2449
2483
2637
3033
3724
4499
5206
5761
6053
6093
6113
6260
6430
6478
6434
6140
5972
5919
5575
5096
4453
3405
2239
991
-390
-1642
-2684
-3571
-4477
-5192
-6053
-6782
-7214
-7666
-8033
-8662
-9364
-10160
-10634
-10774
-10622
-10251
-9850
-9459
-9192
-8729
-8044
-6973
-5812
-5159
-4921
-4777
-4705
-4359
-3483
-2434
-1353
-620
-345
-327
-337
32
780
1712
2241
2635
3134
3656
4238
4689
5041
5125
4884
4393
3918
3302
2502
1597
764
362
150
163
168
48
-33
276
819
1133
1111
1051
1413
2201
3321
4316
4885
5133
5153
5443
5850
6586
7201
7559
7706
7607
7751
7966
8256
8244
7648
6785
5738
4769
3714
2781
1831
775
-165
-1406
-2714
-4013
-5035
-5504
-5664
-6269
-7306
-8376
-9019
-8814
-7954
-7336
-7174
-7501
-8034
-8121
-7325
-6100
-4932
-4391
-4199
-3818
-2928
-1688
-605
-47
221
408
661
757
591
463
551
975
1240
1008
474
4
127
925
2035
2715
2519
1681
699
189
349
629
656
295
-357
-910
-1481
-1929
-2123
-1968
-1710
-1294
-1028
-1018
-714
-329
572
1667
2600
2896
2890
2632
2630
3378
4334
4885
4727
4301
4085
4264
4970
6033
6889
7275
7038
6394
5585
4920
4398
3746
2885
1974
840
-712
-2300
-3556
-4223
-4238
-4078
-4140
-4636
-5304
-5786
-5752
-5209
-4572
-4319
-4693
-5323
-5619
-5107
-3900
-2532
-1855
-1675
-1626
-1296
-639
230
1016
1449
1568
1572
1493
1508
1908
2489
2985
2861
1931
625
-333
-617
-343
19
68
-296
-527
-453
55
548
596
279
-385
-1190
-1697
-1794
-1483
-1028
-673
-692
-788
-852
-812
-401
191
752
893
794
601
507
979
1991
3095
4078
4600
4545
4173
3842
3703
3648
3561
3297
2686
1886
1288
872
640
406
52
-333
-784
-1360
-2031
-2610
-3196
-3586
-3844
-3902
-3843
-4075
-4327
-4633
-4753
-4540
-4154
-4023
-4249
-4312
-4009
-3001
-1652
-372
456
639
549
694
1296
2292
3261
3851
3893
3669
3418
3257
3327
3552
3892
3866
3419
2646
1929
1523
1397
1304
1159
740
19
-660
-1005
-1039
-904
-869
-1367
-2041
-2521
-2598
-2139
-1344
-736
-562
-808
-1031
-860
-257
517
1067
1236
969
777
605
918
1567
2132
2599
2617
2275
2099
2103
2177
2061
1499
562
-240
-713
-646
-203
-35
-432
-1421
-2561
-3319
-3497
-3547
-3917
-4785
-5957
-6855
-7100
-6610
-6049
-5626
-5259
-4896
-4366
-3735
-3202
-2712
-2153
-1443
-344
932
1978
2828
3295
3782
4254
4796
5497
5847
5920
5796
5811
5897
5902
5844
5642
5607
5410
5075
4366
3457
2602
1499
691
-181
-931
-1641
-2190
-2307
-2130
-1593
-1258
-1223
-1627
-2130
-1992
-1100
65
813
824
210
-230
-61
645
1676
2227
2287
2199
2236
2509
2759
2927
2955
2843
2663
2585
2555
2435
2130
1527
624
-397
-1200
-1731
-2016
-2197
-2445
-3056
-4145
-5082
-5629
-5764
-5850
-6214
-6747
-7567
-8159
-8282
-8279
-8169
-7821
-7594
-7254
-6494
-5602
-4691
-3855
-3042
-2425
-1628
-356
855
2016
2897
3354
3835
4558
5345
5849
6134
6245
6185
6200
6062
5863
5808
5632
5336
4757
4050
3188
2577
2022
1511
1250
524
-279
-872
-1266
-1288
-1248
-1363
-1696
-2191
-2236
-1899
-1327
-682
-441
-249
186
898
1628
2091
2455
2587
2839
3313
3831
4065
3992
3676
3138
2948
2918
2696
2320
1729
943
352
-385
-1092
-1652
-2197
-2641
-3152
-3302
-3452
-3771
-4155
-4660
-5265
-5839
-6246
-6479
-6539
-6588
-6732
-6848
-6803
-6536
-6062
-5623
-5245
-4942
-4471
-3789
-3051
-2533
-1877
-972
186
1419
2422
3124
3627
4010
4332
4832
5307
5618
5666
5465
5149
5022
5026
5221
5006
4336
3426
2503
1934
1685
1528
1229
469
-469
-1191
-1408
-1367
-1292
-1317
-1376
-1370
-1269
-1045
-842
-660
-331
340
897
1261
1354
1407
1798
2308
3074
3682
4092
4223
4289
4487
4644
4530
3901
2966
2074
1401
1012
593
-48
-759
-1423
-2069
-2494
-2625
-2962
-3552
-4249
-5038
-5464
-5653
-5780
-5956
-6288
-6552
-6560
-6355
-5989
-5996
-6290
-6700
-6731
-6119
-4806
-3338
-2266
-1593
-1215
-344
1044
2587
3767
4098
3724
3341
3147
3607
4225
4658
4685
4329
3938
3610
3540
3796
3723
3448
2813
1839
1132
628
592
514
338
-212
-873
-1634
-2205
-2489
-2424
-2293
-2333
-2436
-2653
-2695
-2178
-1286
-448
306
817
1176
1649
2204
2774
3029
2982
2904
3002
3318
3573
3727
3714
3662
3717
3878
3872
3628
3274
2886
2395
1883
968
9
-776
-1302
-1499
-1757
-2305
-3177
-4018
-4666
-4957
-5134
-5320
-5415
-5202
-4892
-4698
-4780
-5093
-5056
-4623
-3851
-3275
-2942
-2743
-2507
-1724
-281
1451
2781
3481
3730
3896
4596
5721
6726
7381
7365
6754
6018
5559
5458
5235
4864
4092
2829
1754
851
383
341
372
200
-165
-572
-1000
-1445
-1754
-1843
-1984
-2316
-2857
-3388
-3692
-3417
-2917
-2389
-2091
-1877
-1583
-1353
-843
-359
166
597
980
1392
1615
1641
1697
2070
2369
2585
2289
1572
991
562
677
1048
1193
1113
657
-40
-618
-803
-721
-652
-951
-1652
-2518
-3233
-3581
-3603
-3775
-4146
-4563
-5105
-5150
-4910
-4282
-3427
-2801
-2525
-2518
-2509
-2139
-1378
-455
341
752
1171
1502
2161
2935
3791
4571
5081
5214
5287
5353
5568
5922
6163
6202
5857
5270
4554
3725
2993
2182
1334
493
-376
-996
-1448
-1587
-1611
-1529
-1553
-1802
-1861
-1840
-1622
-1385
-1268
-1247
-1295
-1239
-1297
-1261
-1249
-1152
-1093
-789
-532
-448
-425
-651
-635
-331
347
902
1140
810
173
-319
-416
-151
-22
-249
-698
-1167
-1424
-1318
-1127
-833
-838
-1159
-1460
-1769
-1835
-1504
-1476
-1682
-2087
-2826
-3470
-3920
-3984
-3897
-3574
-3256
-2897
-2510
-1953
-1272
-477
428
1074
1642
1905
2256
2651
3006
3419
3846
4202
4397
4426
4485
4623
4766
4763
4443
4115
3804
3707
3804
3727
3382
2824
2025
1119
298
-477
-1076
-1774
-2341
-2524
-2434
-2186
-1804
-1801
-1920
-1684
-1051
-174
515
873
768
730
874
1176
1423
1535
1138
432
-204
-616
-808
-891
-1194
-1753
-2279
-2646
-2694
-2556
-2345
-2415
-2769
-3262
-3546
-3552
-3302
-2867
-2356
-1961
-1895
-1900
-2122
-2358
-2385
-2460
-2704
-3074
-3571
-3870
-3770
-3359
-2842
-2334
-1650
-934
-562
-442
-205
114
520
878
1321
1580
2043
2767
3607
4284
4581
4498
4153
3895
4073
4426
4812
5092
4874
4398
3900
3539
3422
3309
3017
2486
1752
922
266
-178
-556
-901
-1323
-1383
-1180
-790
-642
-608
-624
-643
-387
-37
195
381
614
863
1108
1313
1462
1400
1378
1306
1215
1128
1074
1057
892
655
484
240
-13
-412
-866
-1350
-2108
-2821
-3419
-3761
-3979
-3960
-3794
-3565
-3282
-3033
-2773
-2615
-2521
-2601
-2830
-3011
-3162
-3040
-3008
-2889
-2774
-2681
-2365
-1917
-1497
-1266
-1150
-1047
-912
-644
92
760
1341
1908
2530
3215
3726
4140
4595
4699
4620
4647
4365
4219
4202
4004
3800
3569
3266
2820
2391
2060
1496
1077
645
186
-345
-896
-1289
-1648
-1919
-1964
-1757
-1572
-1381
-1239
-1197
-1146
-885
-525
-129
293
518
748
905
1265
1772
2149
2302
2260
1973
1563
1415
1328
1239
1037
631
6
-440
-707
-920
-1029
-1169
-1465
-1916
-2506
-3093
-3483
-3547
-3475
-3420
-3507
-3756
-3975
-4114
-4067
-3782
-3625
-3643
-3745
-3766
-3320
-2507
-1722
-1170
-1114
-1044
-933
-596
-42
266
232
161
357
840
1609
2411
2982
3112
3167
3230
3383
3670
4023
4123
3963
3632
3327
3214
3171
3251
3162
2784
2057
1294
707
293
77
-180
-626
-1199
-1671
-1773
-1538
-1294
-1233
-1139
-1133
-1126
-993
-776
-340
-60
243
443
895
1475
1853
1976
1758
1607
1571
1567
1708
1658
1278
927
704
694
738
724
391
-6
-381
-704
-834
-756
-860
-1276
-1825
-2301
-2729
-2938
-2881
-2832
-2840
-3006
-3114
-3205
-3148
-2840
-2683
-2609
-2612
-2559
-2317
-2056
-1770
-1433
-1249
-1040
-718
-302
237
688
1105
1336
1466
1507
1665
1976
2269
2494
2564
2452
1951
1504
1146
1031
1097
1225
1270
1123
881
558
415
366
249
75
-217
-553
-828
-1084
-1290
-1463
-1533
-1507
-1388
-1155
-840
-571
-419
-430
-292
-99
78
346
489
606
726
832
941
1141
1119
1032
965
947
1108
1437
1692
1738
1503
1227
905
778
594
59
-404
-1090
-1626
-1918
-2007
-2087
-2059
-2191
-2381
-2578
-2494
-2293
-2111
-1843
-1833
-1631
-1203
-643
-28
321
175
37
36
259
856
1259
1523
1579
1735
2073
2557
3001
3126
2978
2680
2352
2074
1788
1412
1053
727
528
497
562
596
488
183
-310
-747
-1175
-1512
-1721
-1767
-1856
-2037
-1947
-1861
-1710
-1414
-1086
-955
-1091
-1349
-1520
-1492
-1268
-969
-681
-211
119
410
1030
1391
1567
1448
1359
1310
1265
1258
1093
822
573
569
507
422
581
633
547
175
-267
-657
-969
-1119
-1103
-1116
-1258
-1140
-1078
-773
-605
-670
-960
-1375
-1685
-1892
-1761
-1448
-1027
-722
-413
21
586
1270
1776
2057
2161
2197
2358
2686
3002
3212
3372
3410
3550
3724
3798
3559
3044
2525
2095
1690
1447
1197
821
407
-61
-608
-1367
-2085
-2684
-2913
-3029
-3128
-3282
-3523
-3623
-3609
-3248
-2620
-2183
-2142
-2423
-2711
-3105
-3175
-2920
-2836
-2765
-2665
-2582
-2042
-1191
-380
180
574
810
973
1238
1486
1658
1726
1591
1356
1034
714
508
411
162
-129
-554
-979
-1293
-1384
-1343
-1261
-1031
-932
-717
-625
-556
-487
-586
-632
-657
-643
-600
-522
-324
49
605
1165
1673
1964
2177
2490
3005
3310
3620
3869
3760
3709
3604
3614
3854
4156
4316
4295
4131
3654
3205
2783
2313
1970
1652
1155
627
33
-556
-924
-1377
-1670
-1956
-2275
-2766
-3252
-3461
-3514
-3337
-2960
-2596
-2345
-2259
-2440
-2513
-2605
-2626
-2719
-2711
-2714
-2575
-2316
-2130
-1708
-1314
-936
-630
-381
-193
46
255
505
699
696
699
501
374
129
-126
-198
-426
-553
-865
-1024
-1157
-1246
-1073
-1057
-1135
-1111
-1105
-1258
-1258
-1317
-1091
-853
-620
-215
194
624
995
1302
1684
2245
2682
3145
3443
3675
3788
3794
4037
4023
3964
3876
3768
3829
3912
3742
3470
3264
3088
3002
3049
2930
2639
2310
1937
1537
1091
541
-59
-647
-1076
-1464
-1874
-2356
-3050
-3481
-3655
-3516
-3202
-3255
-3386
-3543
-3497
-3294
-2846
-2279
-1996
-1897
-1954
-1861
-1499
-915
-475
-252
-380
-766
-983
-991
-893
-800
-788
-913
-1071
-942
-731
-446
-182
-100
-264
-817
-1311
-1602
-1575
-1357
-1210
-1065
-1126
-1107
-879
-742
-628
-656
-673
-747
-562
-248
31
331
431
670
1008
1423
1844
2207
2401
2519
2815
3110
3276
3254
3197
3197
3435
3863
4113
3933
3446
2975
2703
2537
2319
2036
1651
1373
1164
1212
1226
1013
626
180
-275
-531
-814
-1197
-1544
-1876
-2011
-2141
-2347
-2802
-3191
-3317
-3184
-2766
-2359
-2050
-1880
-1863
-1495
-862
-169
405
638
501
334
207
388
592
607
403
109
-262
-509
-527
-415
-124
-19
-312
-793
-1135
-1217
-942
-722
-584
-771
-1069
-1263
-1139
-671
-258
-164
-281
-376
-477
-256
203
442
400
218
169
203
434
587
714
789
836
1018
1273
1614
1716
1864
1944
2070
2291
2532
2507
2530
2502
2428
2353
2263
1968
1513
1406
1442
1431
1278
711
42
-563
-915
-1078
-1252
-1400
-1883
-2252
-2621
-3019
-3053
-2882
-2626
-2284
-1968
-1877
-1895
-1776
-1618
-1160
-645
-414
-499
-906
-1145
-1159
-816
-363
-9
165
159
109
217
516
607
543
379
127
5
-72
-34
172
337
401
291
55
-242
-505
-435
-271
-270
-325
-546
-747
-689
-188
323
647
730
632
630
644
683
795
930
940
879
907
980
1186
1359
1401
1462
1208
997
826
710
872
1117
1336
1321
1122
742
518
306
492
843
945
749
99
-466
-707
-771
-636
-594
-801
-1275
-1718
-2090
-2221
-2092
-1796
-1580
-1757
-1920
-1929
-1771
-1613
-1210
-778
-567
-509
-363
-195
92
528
816
915
720
591
694
840
1030
1087
815
328
-210
-489
-443
-202
85
345
482
479
548
745
860
1032
1076
1038
933
732
740
812
1114
1227
1079
861
611
406
378
354
525
536
461
407
96
-116
-333
-303
-30
300
392
164
-194
-675
-866
-642
-410
-173
-85
-107
-265
-432
-426
-484
-388
-548
-907
-1271
-1500
-1569
-1420
-1196
-1215
-1406
-1864
-2290
-2352
-2008
-1592
-1241
-1085
-1294
-1354
-1092
-620
-166
-4
-54
-286
-423
-347
47
483
882
1116
1104
962
974
988
879
764
494
339
253
332
457
726
960
1142
1026
815
640
469
578
790
974
1124
1168
1203
1327
1431
1664
1728
1594
1519
1415
1349
1244
1075
1014
1017
1146
1286
1286
1063
677
360
133
93
-127
-327
-855
-1156
-1127
-1029
-631
-585
-715
-890
-1130
-1087
-1010
-885
-819
-857
-998
-1245
-1544
-1865
-1898
-2009
-1970
-2135
-2407
-2566
-2718
-2553
-2221
-1753
-1501
-1176
-908
-726
-421
-224
-33
93
252
345
507
663
865
874
874
762
601
602
685
979
1130
1417
1502
1449
1236
991
784
679
818
819
726
671
627
658
741
834
1019
1232
1328
1411
1311
1051
827
657
653
855
1092
1266
1354
1260
1270
1160
1231
1230
952
784
561
486
531
706
667
423
37
-319
-416
-566
-615
-837
-1299
-1718
-2170
-2536
-2657
-2477
-2119
-1959
-1899
-1833
-1805
-1910
-2016
-2037
-2118
-2119
-2056
-2044
-2056
-2119
-2307
-2364
-2270
-2043
-1721
-1339
-1060
-904
-624
-522
-290
114
466
665
824
955
1016
1177
1344
1420
1219
1026
763
718
812
969
1187
1145
899
674
574
534
717
789
786
771
822
857
958
973
926
836
660
612
587
724
781
968
1093
1049
1082
929
938
922
802
726
576
480
333
142
120
97
150
259
253
124
-164
-384
-568
-584
-639
-758
-1022
-1336
-1632
-1853
-1951
-1943
-1873
-1781
-1854
-2010
-2163
-2203
-2174
-2057
-1991
-1926
-1953
-1917
-1732
-1349
-845
-393
-179
-186
-70
77
336
744
1024
1081
1094
1001
1071
1078
1180
1144
1037
1018
782
615
549
545
555
693
760
650
563
393
309
293
112
-28
-237
-281
-125
-36
76
312
439
335
276
214
222
238
548
739
746
771
560
514
417
524
555
446
403
263
124
115
82
131
212
143
157
-39
-175
-336
-505
-659
-787
-1044
-1387
-1576
-1659
-1699
-1613
-1396
-1362
-1448
-1745
-1983
-1892
-1813
-1605
-1458
-1426
-1460
-1611
-1608
-1424
-1164
-838
-554
-384
-185
129
449
814
992
1027
1141
1242
1410
1624
1761
1771
1788
1653
1689
1602
1620
1512
1330
1120
691
498
250
-30
-255
-250
-163
45
175
144
-105
-268
-385
-304
6
206
246
291
62
-29
7
147
376
310
98
-211
-518
-582
-510
-394
-289
-265
-269
-258
-124
71
304
505
516
323
8
-217
-432
-501
-495
-548
-738
-1078
-1433
-1668
-1730
-1644
-1609
-1619
-1585
-1746
-1699
-1748
-1545
-1401
-1221
-1104
-1109
-933
-856
-700
-514
-130
173
408
559
663
732
1001
1282
1525
1657
1770
1845
1945
2049
2258
2418
2490
2378
2240
2098
1966
2016
2020
2094
1863
1584
1116
638
198
113
133
109
-131
-528
-796
-906
-625
-384
-245
-338
-575
-704
-597
-390
-278
-216
-312
-485
-616
-592
-354
-180
25
72
-37
-163
-324
-456
-452
-410
-303
-160
-87
-23
-40
131
278
311
302
20
-358
-666
-888
-916
-714
-675
-907
-1214
-1418
-1631
-1773
-1801
-1716
-1776
-1837
-1835
-1622
-1330
-936
-472
-60
140
223
346
415
676
1011
1400
1643
1717
1653
1705
1786
1846
1987
1993
1957
1986
1987
1959
2063
2134
2076
1704
1337
960
686
537
488
463
344
209
-152
-483
-589
-443
-232
-142
-391
-767
-1111
-1351
-1190
-971
-796
-801
-923
-966
-1088
-1159
-1110
-945
-916
-809
-759
-833
-795
-766
-659
-554
-409
-388
-429
-439
-466
-387
-304
-251
-346
-543
-649
-580
-521
-471
-364
-460
-605
-757
-981
-1182
-1360
-1368
-1354
-1302
-1302
-1259
-1231
-1162
-887
-575
-267
-183
-65
67
288
540
851
1050
1155
1336
1580
1891
2131
2251
2314
2261
2168
2132
2192
2311
2319
2392
2307
1961
1678
1358
1154
986
922
977
934
823
652
413
276
238
358
238
-50
-352
-703
-931
-1005
-842
-771
-714
-866
-1046
-1137
-1260
-1232
-1077
-989
-921
-943
-1022
-925
-723
-487
-419
-427
-616
-748
-780
-637
-350
-40
149
153
162
114
132
77
-8
-159
-353
-506
-750
-1028
-1123
-1166
-1186
-1138
-990
-957
-937
-899
-812
-643
-501
-328
-256
-182
-38
190
314
471
626
690
743
686
607
611
616
738
797
822
1017
1216
1525
1761
1678
1643
1519
1273
1134
1034
1015
835
683
471
220
-62
-272
-298
-278
-242
-202
-134
-180
-261
-468
-555
-610
-743
-798
-774
-937
-986
-959
-940
-783
-866
-1088
-1190
-1183
-1077
-811
-524
-307
-278
-131
-39
125
285
278
173
4
8
-102
-206
-196
-312
-190
44
113
-6
-79
-132
-250
-159
-117
-118
-177
-281
-368
-395
-470
-575
-684
-686
-604
-545
-347
-146
18
241
462
669
847
1072
1257
1298
1296
1179
903
676
500
534
625
625
615
602
607
755
880
848
894
830
661
657
616
591
523
498
421
324
155
-95
-241
-510
-727
-864
-819
-862
-778
-793
-777
-585
-530
-454
-480
-554
-667
-614
-487
-452
-413
-332
-362
-306
-134
61
225
429
377
260
184
78
99
235
418
463
492
502
423
302
249
197
117
-56
-218
-348
-471
-508
-426
-364
-265
-240
-253
-269
-430
-464
-448
-399
-183
-90
88
230
271
329
377
317
217
188
160
269
532
655
782
774
803
843
847
755
537
354
150
118
56
68
39
-218
-333
-515
-429
-397
-448
-409
-527
-612
-669
-640
-652
-638
-719
-815
-789
-901
-1109
-1137
-1163
-1181
-953
-863
-817
-753
-609
-431
-198
50
264
382
476
545
529
673
851
963
846
690
602
397
307
258
273
218
104
94
98
278
502
656
806
804
675
448
320
195
170
238
175
179
177
347
473
513
426
260
148
80
156
187
344
422
315
282
191
70
83
255
430
521
592
514
457
446
505
626
632
484
312
242
132
48
-12
-48
-47
-74
-159
-226
-488
-736
-799
-828
-848
-879
-808
-974
-991
-944
-931
-997
-962
-1014
-1128
-1033
-790
-522
-364
-199
-99
-112
-52
165
358
652
816
863
769
611
512
563
654
766
895
925
861
679
483
370
273
383
386
411
469
699
856
706
496
238
-15
-121
-5
77
41
6
-20
43
72
93
44
76
169
159
154
142
-19
-142
-91
-93
-33
8
53
-101
-98
-106
-181
-151
-27
-27
-136
-14
-37
22
-18
23
37
-77
-95
-344
-639
-790
-994
-1107
-1255
-1299
-1260
-1111
-1081
-896
-652
-462
-286
-383
-502
-550
-561
-512
-346
-258
-212
-135
-62
57
249
430
526
479
365
361
373
451
542
722
767
712
730
674
685
685
667
657
569
472
470
512
679
862
995
1206
1254
1057
974
758
671
623
555
609
595
524
425
490
519
549
625
599
537
531
391
278
321
313
259
151
11
-53
-24
-145
-1
115
54
-63
-75
-86
27
243
237
136
57
-165
-283
-229
-313
-406
-603
-802
-838
-862
-794
-840
-841
-789
-728
-587
-534
-521
-525
-560
-561
-566
-683
-840
-923
-828
-598
-348
-182
-130
-67
54
-27
75
282
488
441
334
145
-55
-72
-60
81
65
-66
-232
-365
-496
-465
-294
-144
-69
-165
-203
-284
-182
49
143
166
35
-205
-253
-174
-131
23
-17
-107
-134
-225
-64
119
235
365
358
222
139
75
-20
59
-70
-135
-127
-68
-1
-122
-131
-180
-195
-145
-148
-71
37
96
101
14
-105
-186
-336
-310
-237
-332
-297
-440
-431
-491
-481
-359
-277
-50
32
140
141
42
-86
-66
9
225
418
571
601
621
638
547
592
521
565
635
588
520
430
315
271
142
177
216
113
57
-4
41
-35
-54
-28
-81
-3
183
353
503
528
430
168
83
156
188
246
167
112
102
12
14
37
-155
-321
-410
-342
-132
71
142
148
5
-100
-123
-179
-272
-389
-569
-708
-664
-699
-617
-476
-398
-359
-328
-388
-346
-402
-450
-427
-341
-319
-382
-400
-406
-442
-437
-351
-327
-505
-490
-425
-301
-48
207
167
170
177
79
141
211
309
296
353
284
273
336
519
625
528
453
395
367
222
139
189
208
209
231
201
61
-205
-362
-443
-476
-494
-626
-773
-943
-850
-522
-172
106
224
186
-92
-231
-230
-88
77
144
220
326
271
381
496
453
389
204
38
-120
-102
10
2
29
11
181
272
345
253
131
-54
-159
-219
-228
-100
-93
-97
-26
124
176
81
7
-99
-228
-165
-161
-166
-171
-318
-446
-359
-309
-81
196
392
363
349
426
398
569
690
675
727
782
802
893
873
759
830
848
632
448
360
233
275
420
329
228
71
-97
-289
-306
-317
-308
-337
-355
-510
-541
-369
-344
-218
-170
-228
-479
-489
-416
-387
-350
-335
-262
-273
-202
-201
-124
-25
9
61
12
-58
-16
26
-12
74
5
-121
-194
-183
-187
-134
-92
67
53
47
135
126
123
-21
-58
-125
-187
-242
-212
-288
-419
-443
-453
-304
-299
-193
-165
-203
-98
15
132
159
80
31
20
151
400
732
940
949
966
951
884
923
967
1084
1039
977
826
602
625
535
360
324
160
-185
-318
-431
-398
-254
-117
-73
-75
-128
-170
-194
-160
-158
-166
-227
-393
-394
-432
-526
-676
-698
-782
-799
-705
-582
-416
-241
-162
-202
-198
-198
-273
-308
-139
28
236
266
158
39
-39
41
174
315
374
329
218
188
97
63
198
171
102
-85
-288
-394
-453
-358
-272
-153
-241
-218
-329
-334
-3
324
598
802
811
656
621
585
557
628
703
725
777
790
919
1081
1187
1202
1216
1144
1111
1058
1005
946
910
823
794
645
401
433
537
579
473
366
174
-152
-188
-212
-130
-153
-237
-434
-536
-508
-591
-514
-547
-476
-549
-639
-774
-919
-949
-963
-833
-664
-527
-431
-426
-435
-376
-287
-344
-360
-320
-220
-6
69
223
349
263
54
-186
-126
-69
-135
-105
-213
-295
-425
-524
-612
-714
-649
-529
-476
-496
-535
-553
-579
-568
-417
-167
-18
38
84
31
136
247
368
491
472
549
488
567
791
745
843
684
581
421
435
341
394
410
268
201
167
274
458
700
811
932
781
558
374
197
33
-47
-139
-230
-223
-126
-211
-355
-473
-535
-649
-720
-785
-772
-833
-818
-852
-869
-715
-567
-400
-235
-189
-165
-196
-281
-210
-214
-241
-208
-133
-90
56
101
9
15
79
83
74
-38
-186
-278
-389
-504
-515
-427
-309
-91
40
162
201
145
80
75
121
171
135
183
264
349
347
432
406
362
351
285
316
381
506
702
920
882
896
775
633
613
569
576
572
411
272
182
58
9
-21
-171
-328
-367
-318
-306
-285
-286
-360
-411
-335
-271
-260
-228
-248
-285
-376
-561
-741
-849
-961
-1096
-1087
-1090
-1119
-1065
-917
-778
-658
-486
-440
-495
-359
-364
-357
-203
-97
-11
-41
-79
-182
-311
-603
-664
-814
-853
-830
-755
-593
-646
-565
-598
-746
-634
-571
-600
-548
-489
-393
-341
-343
-353
-218
-66
73
189
327
436
576
643
674
497
311
266
164
105
49
45
194
250
312
443
504
396
331
343
276
425
555
643
699
634
477
335
214
-6
-251
-274
-368
-328
-122
-148
22
29
28
155
54
-97
-94
-156
-204
-195
-86
-82
-122
-108
-88
15
94
151
248
325
357
375
451
413
330
230
187
132
269
373
430
586
728
888
775
722
533
338
187
76
51
28
123
142
172
220
197
142
-51
-154
-119
9
193
314
517
674
652
704
766
745
703
673
694
554
345
207
114
161
124
141
174
155
30
-114
-198
-103
-53
-99
-21
-23
80
115
25
30
-32
-112
-80
-169
-298
-364
-590
-758
-776
-711
-791
-840
-869
-988
-895
-905
-778
-709
-689
-501
-430
-131
81
263
328
250
263
131
28
-67
-155
-150
-154
-81
-140
-133
-181
-283
-289
-270
-199
-134
-103
-104
-24
108
59
69
-22
-28
13
146
260
282
217
210
241
288
383
499
707
774
983
1058
1061
994
860
692
575
441
