-126
-67
-114
-91
-141
-133
-100
10
125
172
215
134
9
-27
103
219
362
292
142
95
-9
-150
-142
-167
-216
-92
2
26
134
70
-78
-134
-208
-259
-210
-205
17
60
-5
100
28
89
117
173
156
136
185
135
65
125
27
-12
22
85
124
194
230
230
274
226
201
170
169
109
156
184
238
302
345
305
163
75
54
-79
-161
-100
-21
80
246
434
541
625
565
420
420
356
324
351
272
340
310
223
291
289
217
175
54
97
4
-141
-183
-182
-10
63
49
84
35
5
-72
-117
-81
-55
34
157
29
75
170
183
124
114
4
-97
-181
-255
-127
58
178
259
331
365
358
213
204
175
205
175
78
13
59
138
201
245
181
177
113
80
125
106
193
172
108
-52
-33
-37
36
215
270
384
380
471
502
343
282
253
206
214
150
177
264
166
103
40
-24
-116
-53
50
119
153
173
128
155
178
227
388
465
530
485
539
424
406
364
262
235
244
172
76
-59
-70
27
-37
93
129
139
150
187
240
139
126
130
141
168
164
151
201
269
264
324
391
383
373
320
208
17
-48
-255
-227
-265
-261
-177
-124
23
132
228
217
178
163
184
266
271
396
402
318
248
92
42
-14
-47
-57
-81
-64
-52
5
45
-30
-111
-186
-185
-181
-122
-47
-3
148
247
193
184
150
97
95
150
89
-31
-80
-63
-187
-172
-53
81
86
-23
-141
-326
-363
-398
-443
-356
-246
-172
-94
-10
118
106
71
-20
82
-9
-98
-150
-226
-155
-113
-26
19
38
152
321
457
652
513
335
118
44
-39
-6
20
-10
-57
-45
-112
-146
-237
-283
-180
-187
-52
57
117
191
257
223
109
16
48
38
28
108
45
-247
-559
-540
-204
-35
-22
-170
-134
-240
-217
-118
-134
-443
-653
-586
-355
344
753
729
426
310
388
609
763
639
382
186
108
158
448
518
371
109
5
95
79
18
-25
-125
-26
32
134
233
130
117
152
221
274
281
218
96
95
125
224
251
194
145
112
40
14
-5
52
-47
-105
-138
-255
-52
42
-1
-13
56
-9
24
25
-40
-153
-145
-69
55
105
39
-42
-165
-143
-115
-111
-81
-125
-120
-34
107
87
58
70
-69
-86
-12
-51
-89
-67
27
-8
10
-44
-82
-159
-199
-168
-163
-42
-28
-81
-166
-143
-228
-216
-171
-117
178
279
175
50
53
-106
-127
-11
127
182
98
114
91
32
-6
21
72
269
354
408
429
406
431
353
418
375
433
445
476
488
510
448
411
322
246
94
80
277
230
211
258
199
80
178
222
353
566
659
792
750
637
512
368
325
329
278
266
253
178
92
-29
-134
-294
-489
-714
-996
-1251
-1506
-1855
-2137
-2305
-2412
-2464
-2423
-2380
-2318
-2270
-2240
-2159
-2074
-1928
-1748
-1655
-1342
-997
-536
-115
140
274
468
709
796
841
950
1095
1214
1359
1637
1734
1756
1954
1976
2113
2271
2213
2185
2175
2133
2159
2205
2310
2505
2634
2821
3138
3274
3392
3517
3553
3496
3523
3627
3583
3538
3399
3372
3329
3360
3457
3485
3336
3022
2756
2375
1716
850
42
-837
-1572
-2506
-3411
-4301
-5124
-5700
-6355
-6825
-7060
-7023
-6929
-6661
-6135
-5346
-4455
-3690
-2756
-1614
-535
655
1800
2865
3702
4545
5194
5596
5748
5672
5234
4356
3346
2130
638
-1186
-3132
-4918
-6432
-7686
-8730
-9464
-9760
-9570
-9192
-8569
-7520
-6571
-5368
-4114
-2896
-1434
15
1346
2610
3728
4719
5833
6748
7154
7308
7102
6660
6194
5491
4554
3366
2188
960
-87
-900
-1458
-1779
-1883
-1532
-778
355
1674
2917
4166
5358
6682
8011
8940
9774
10238
10368
10394
10232
9934
9232
7900
5712
3204
841
-1249
-3353
-5942
-8992
-11697
-13338
-14226
-14824
-15118
-15403
-15326
-14511
-12893
-10206
-7162
-4616
-2523
-110
3327
7338
10817
13005
13909
14216
14440
14454
13691
11868
8895
5206
1577
-1739
-4688
-7747
-11123
-14367
-16781
-17575
-17135
-16192
-15355
-14251
-12369
-9735
-6336
-3256
-604
1434
3185
5119
7120
8987
10215
10783
10630
10347
10085
9749
8764
6717
4064
1515
-622
-2486
-4276
-6009
-7316
-7828
-7549
-6501
-4916
-3015
-1087
981
3329
5985
8365
10022
11162
11760
12382
12919
13182
13057
12451
11515
10310
9087
7777
6306
4513
2825
741
-1803
-4652
-7112
-8805
-10272
-11854
-13380
-13978
-13407
-12019
-10400
-8981
-7663
-6617
-5511
-4028
-1888
518
1751
1915
2267
3997
6889
9257
10068
9712
9200
9125
8879
7758
5383
1730
-2700
-6917
-10206
-12144
-13725
-15727
-17481
-17790
-15646
-12027
-8159
-5193
-2663
2
3073
6243
8216
8708
7905
6480
5176
4570
4360
3912
2705
1123
152
163
392
-47
-1579
-3952
-5886
-7001
-7405
-7506
-7448
-7141
-6071
-3994
-952
2550
5731
8280
10144
11788
13297
14343
14176
12754
10695
8702
7117
5751
4398
3007
1741
1027
886
1067
1255
1277
1217
1368
1701
1230
-173
-2083
-3402
-3756
-4013
-4646
-5644
-6006
-5554
-4571
-3511
-2979
-3222
-4334
-5497
-5604
-4593
-3594
-3915
-4698
-4146
-1350
2562
5738
7692
8595
9110
9588
9875
9269
7031
3108
-1660
-5749
-8259
-9742
-11231
-12942
-14221
-13386
-10504
-6829
-3711
-1708
-388
789
2309
3465
3984
3316
1755
389
-270
129
740
944
689
307
291
723
976
171
-1620
-3853
-5579
-6379
-6307
-5975
-5451
-4523
-2744
-27
3175
6116
8372
9765
10430
10760
10660
9814
8099
5730
3303
1450
445
-51
-371
-455
-107
871
2504
4401
5642
6309
6838
7001
6561
4790
2061
-649
-2516
-3898
-5042
-5881
-5894
-5087
-3960
-2841
-2272
-2163
-3414
-4984
-6272
-6363
-5783
-5901
-6068
-5147
-1770
2962
7315
10164
11917
13288
13907
13598
12031
8994
4361
-1327
-6735
-10798
-13355
-14839
-15914
-16115
-14543
-11248
-7114
-3228
-247
1821
3187
4308
4946
4797
3620
1848
188
-1351
-2313
-2718
-2603
-2625
-2735
-2873
-3008
-3096
-3486
-4291
-5489
-6592
-6858
-6242
-5055
-3483
-1517
758
3169
5841
8065
9866
10773
10504
9307
7374
5358
3163
855
-1331
-2810
-3181
-2484
-1057
784
3111
5493
7930
10043
11238
11597
11071
9966
7799
4528
661
-2425
-3926
-4507
-4643
-4751
-4105
-2873
-1313
-154
-160
-1321
-3860
-6802
-9156
-9774
-8836
-7872
-6829
-4859
-520
5682
11532
15434
17228
17561
16736
14900
11760
7058
1178
-5340
-11159
-15053
-16736
-16765
-16145
-15128
-12946
-9276
-4885
-1001
1723
3033
3170
2912
2452
1689
517
-1160
-2687
-3797
-4248
-4004
-3368
-2911
-2763
-2813
-3124
-3058
-2997
-3054
-3579
-4459
-4715
-4026
-2636
-1085
538
2134
3547
4799
5799
6448
6324
5324
3522
1604
4
-932
-1156
-1405
-1270
-355
1691
4599
7788
10428
12623
14122
14462
13638
11780
9272
6822
3774
-179
-4244
-6595
-6524
-5029
-3790
-3364
-2737
-1710
-360
418
-185
-2345
-5535
-9010
-11186
-10312
-7469
-4690
-2600
-62
4845
11705
17577
20416
20219
17968
14656
10998
6825
1677
-4624
-11415
-17167
-20077
-19939
-17879
-15644
-13892
-11489
-7415
-2533
1884
4867
5641
5064
4141
3743
3475
2773
1081
-1006
-2963
-4108
-4202
-3862
-3704
-4273
-5364
-6398
-6697
-6233
-5728
-5972
-6634
-6691
-5230
-2699
237
2657
4366
5519
6462
7408
7941
7492
5943
3418
779
-873
-1491
-1325
-1052
-444
948
3395
6699
10046
12417
13283
12739
11093
8660
5806
3389
646
-2682
-6287
-8499
-7833
-4850
-1591
254
1233
2287
3800
5084
4553
1963
-2324
-6947
-10081
-10257
-7661
-4912
-2834
-592
3612
10158
16374
19734
19599
16466
12232
7961
3884
-802
-6594
-13021
-18632
-21117
-19792
-16429
-13210
-10918
-8725
-5050
-257
4069
6676
6916
5278
3600
2471
1946
1191
-735
-3622
-6223
-7594
-7253
-6036
-5580
-5987
-6575
-6603
-5757
-4262
-3006
-2564
-2846
-3007
-1972
308
2787
4584
5466
5824
6416
7323
7533
6369
4068
1356
-1216
-3045
-3729
-3470
-2791
-1858
-412
1947
5452
9156
11827
12600
11841
10302
8107
5547
3085
299
-2996
-6292
-8052
-6982
-3740
-303
1424
1861
1942
2425
3066
2306
-516
-4740
-9087
-11599
-10411
-6625
-3035
-619
1805
6108
12399
18118
20659
19565
15722
10790
6160
1868
-2566
-7741
-13556
-18267
-19806
-17720
-13877
-10688
-9029
-7483
-4229
268
4547
6795
6658
4804
3047
2435
2384
1876
-384
-3480
-6248
-7504
-6699
-5192
-4632
-5325
-5919
-5432
-3738
-1483
-430
-956
-2092
-3048
-2487
-721
1173
2353
2789
3226
4632
6924
8406
7991
5889
3172
990
-424
-1397
-1964
-2433
-2335
-999
1248
4493
7683
9730
10267
9478
8148
6467
4885
2943
-107
-3860
-6983
-7567
-5788
-3160
-1397
-981
-781
-240
918
1410
127
-2964
-7052
-10220
-10713
-7776
-3571
-639
1133
3851
9360
16104
20387
20599
17614
13091
8493
4297
2
-5021
-10569
-16194
-20176
-20317
-17234
-13430
-10891
-9412
-6805
-2218
3110
6885
8003
6927
5226
4301
4246
3979
2212
-1041
-4445
-6694
-7190
-6229
-5337
-5910
-6867
-7058
-5615
-3332
-1623
-1659
-3008
-4157
-4172
-2909
-1352
112
1284
2276
3710
6164
8834
10310
9819
7810
5638
3835
2325
678
-1250
-2898
-3436
-2468
-406
2116
4252
5287
5323
4579
3670
3274
3113
1766
-1305
-4672
-6042
-4443
-1598
91
-143
-1113
-1276
44
1316
659
-2134
-6288
-9773
-10332
-7071
-2413
334
1310
2499
6514
12679
17517
18461
15484
10870
6894
4259
1704
-1767
-6571
-12026
-16015
-16435
-13727
-10337
-8664
-8512
-7607
-4380
350
4604
6524
5603
3638
2794
3326
4047
3360
651
-3157
-6084
-6644
-5360
-4389
-4786
-5975
-6527
-5456
-2926
-472
100
-1153
-2876
-3291
-2101
-430
781
1349
1843
3088
5612
8660
10519
10488
8989
6887
5072
3633
1880
-620
-3183
-4717
-4719
-3213
-1072
823
2146
3276
4359
5122
5547
5976
6004
4899
2238
-503
-1430
-940
-329
-885
-2451
-3935
-4299
-3422
-2750
-3145
-4990
-7427
-8647
-6999
-2857
949
2540
2645
3971
7692
12016
14433
13494
10082
6181
2947
778
-1274
-4277
-8497
-12786
-14910
-14027
-11227
-9151
-9001
-8760
-6618
-2209
2557
5723
6812
6347
5751
5929
6403
5784
3440
-362
-4232
-6414
-6555
-6071
-6357
-7312
-7722
-6710
-4459
-2287
-1030
-1087
-2132
-3022
-2991
-2050
-979
-207
349
1641
4524
8261
11231
12315
11806
10583
9235
7545
5074
1858
-1738
-4403
-5686
-5686
-4584
-2963
-959
1028
3165
5258
6950
8412
9548
9244
6768
3378
965
-57
-664
-1799
-3985
-5984
-6892
-6191
-4785
-4286
-5121
-7363
-9127
-8243
-4077
554
2608
2574
2706
5646
10430
13418
13390
10722
6773
3324
1057
-397
-2353
-5601
-10095
-13644
-13821
-11109
-8492
-8215
-9349
-8825
-5424
-632
3429
4859
4017
2989
3248
4453
5083
3946
1212
-1968
-3952
-4273
-3906
-3889
-5039
-6377
-6343
-4796
-2673
-1196
-1341
-2507
-3263
-2925
-2146
-1270
-338
787
2405
4923
8278
11362
13243
13249
11885
10076
8035
5595
2166
-1941
-5543
-7467
-7566
-6446
-4577
-2400
843
4698
8023
10509
11970
11967
9695
5361
772
-1964
-3391
-4452
-5996
-7538
-7493
-5557
-3140
-2320
-3309
-5268
-7108
-7505
-5728
-2547
51
1325
2415
5140
9616
13506
14402
12007
7759
3692
573
-2388
-5746
-9158
-12397
-14541
-14566
-12087
-8544
-6289
-5564
-5144
-3574
-968
1349
2046
1141
-103
-560
136
1351
2166
1629
-169
-2054
-2686
-1891
-1540
-2433
-3997
-4783
-4119
-2596
-1171
-949
-1698
-2777
-3394
-2933
-2018
-1374
-1083
-709
1068
4370
8366
11629
13362
14092
13807
12716
10497
7069
2886
-1563
-5415
-7963
-8699
-7611
-5316
-2645
412
3938
7376
10085
11045
9587
6207
2268
-1111
-3169
-4235
-5166
-5692
-6106
-5707
-3793
-1873
-1851
-3841
-6667
-8464
-6937
-3428
-309
1990
3592
6064
10141
14071
15489
13424
8437
2443
-2279
-5413
-8050
-10778
-13653
-15418
-14628
-11086
-6239
-2214
-531
-216
685
2203
3715
3727
1476
-1926
-3968
-3785
-2498
-1390
-1623
-2833
-3852
-3865
-2561
-925
-495
-1036
-1298
-594
1313
3414
4182
2988
862
-1135
-2720
-3662
-4307
-4746
-4633
-3436
-403
4312
9416
13375
15658
16566
16512
15237
12424
7837
2268
-3102
-7277
-9675
-10111
-8681
-6013
-2949
403
4038
7644
9480
8119
4418
673
-1777
-2801
-3665
-4870
-5676
-5846
-5038
-3506
-2743
-3520
-5713
-8314
-9140
-6636
-2289
1668
4218
6552
10239
14736
17734
17627
13969
7560
720
-4963
-9244
-12262
-14545
-16395
-16744
-14491
-9432
-3491
1129
3221
3884
4166
4316
4226
2960
324
-2776
-5105
-6156
-5774
-4763
-4105
-4138
-4935
-5504
-4709
-2532
-162
1436
2294
3217
4740
6571
7479
6312
3423
-688
-4611
-7819
-9771
-10344
-9706
-7809
-4289
1330
8461
15408
20121
22236
22151
20391
17249
12622
6414
-101
-5578
-9337
-11161
-10499
-8047
-4792
-1601
968
2642
2796
1582
-276
-2301
-3832
-4511
-4643
-4368
-3480
-1806
-679
-1316
-3480
-6144
-8042
-8031
-6192
-3459
-551
3072
8250
14437
19766
22440
21523
17078
10401
3286
-3551
-10078
-15868
-20274
-22425
-21363
-17093
-10771
-3965
1684
5759
8989
11181
12038
11038
7955
3830
2
-2562
-3698
-4237
-5368
-6681
-7736
-8556
-8155
-6769
-5646
-4777
-3330
-667
2994
6619
8902
9329
8125
6047
3327
-247
-4629
-9050
-12343
-13596
-12407
-8753
-2874
3837
10429
16336
20968
23570
23682
20872
15667
9209
2613
-3275
-8031
-11118
-11766
-10376
-8099
-5171
-2723
-1794
-1837
-2562
-2925
-2584
-2231
-2112
-2039
-1536
-62
1620
1264
-1403
-5171
-9046
-11305
-10714
-8467
-5446
-2017
2118
8167
15744
22342
24977
23002
17380
10337
3264
-4202
-11863
-18864
-24004
-25869
-23875
-18117
-10069
-1879
4800
10065
14466
17726
19047
17158
12587
6761
1647
-1758
-3679
-5402
-7471
-9863
-11908
-12507
-11477
-9594
-8123
-6683
-4432
-1164
3199
7701
10718
11857
11026
8667
5833
2640
-1314
-5803
-10163
-13131
-13161
-10108
-5241
543
6590
12046
16700
20049
21370
20239
16613
11342
5862
802
-3134
-5760
-8006
-9228
-9325
-9702
-10950
-11874
-11667
-10034
-7257
-4961
-2565
318
3665
6939
8203
6606
3071
-1333
-6016
-9074
-10086
-10090
-9130
-6908
-2641
4550
12757
18962
21683
20391
16482
11566
5755
-1181
-8863
-16453
-22317
-24699
-23217
-18220
-11681
-5348
915
7445
14032
19380
22159
21758
18628
14520
10574
6935
3266
-696
-5044
-9430
-12867
-14667
-14813
-14171
-13031
-11184
-8304
-4143
539
5048
8391
10185
10681
10163
8988
7019
3933
73
-3516
-6057
-7169
-6629
-4832
-1930
1693
5726
9974
13725
16332
16703
14849
11916
8647
5421
2035
-1961
-6042
-9469
-12880
-16638
-19648
-20752
-19557
-16368
-12454
-7842
-2540
2841
7794
11328
11947
9977
6511
2001
-1631
-3388
-4792
-6748
-8015
-7237
-3403
2186
6737
8974
8993
7851
6129
4094
1111
-2756
-7289
-11999
-15016
-15100
-12519
-8761
-5568
-2936
438
5201
10532
15020
17227
17184
15829
14241
13249
11724
8914
4401
-1275
-6813
-10527
-12013
-12748
-13302
-13419
-12281
-9329
-4651
437
4445
6857
7750
7952
8175
8387
7676
5508
2436
-218
-1213
-678
543
1597
2603
4209
6357
8871
11318
12725
12203
10090
7316
4753
2678
214
-2801
-6702
-11713
-17071
-21182
-22873
-22325
-20020
-17017
-13065
-7451
-424
6868
11981
13119
11029
7676
4622
3212
2640
889
-2265
-5011
-5008
-1846
2747
5653
5474
3216
282
-1607
-2634
-4034
-6479
-9991
-13185
-13836
-11087
-6105
-1434
983
2018
3538
6574
9867
11875
11877
10264
8673
8571
9949
11132
10596
7758
3389
-565
-2714
-3960
-5454
-7789
-10264
-11170
-9718
-6337
-2435
499
2372
3693
5269
7527
9273
9575
7839
4929
2550
1374
1116
980
889
1163
2288
4244
7037
9997
12021
12372
11373
9380
7378
5530
2974
-1196
-7459
-14743
-21192
-24849
-25672
-24260
-22064
-19114
-14513
-7842
195
7006
10525
9949
7022
4090
2882
3387
3546
1785
-1226
-2788
-1213
2642
6006
6373
3163
-1349
-4485
-5876
-6665
-8682
-12098
-15514
-16472
-13881
-8532
-2898
886
2770
4078
6388
9791
12211
11986
9407
6230
4889
6053
7808
7931
6204
3078
113
-807
-206
460
-65
-1644
-2976
-2790
-1234
487
677
-873
-2500
-2993
-1719
985
3837
5379
5736
5988
6884
8398
8934
7948
5804
3463
2268
2468
3703
5215
6652
7540
8256
9361
10395
10529
8496
3230
-4899
-14175
-21801
-26490
-27924
-27313
-25438
-21997
-16163
-7740
1535
8627
10999
9215
5464
2743
2630
3820
3604
1469
-1000
-1049
2537
7213
9510
7253
1616
-4129
-7739
-9326
-10821
-13399
-16743
-18791
-17104
-11607
-4040
2033
4745
5228
5918
8031
10236
10672
8415
4604
1886
2320
4974
7786
8321
6041
2074
-785
-1041
-199
82
-929
-2160
-2260
-18
3588
6243
6337
3919
463
-1978
-2468
-1676
-1175
-1630
-1773
-151
3468
7770
11274
12874
12777
12134
11475
11158
10607
9391
7399
4957
3103
2691
3384
3705
1686
-3659
-11515
-18720
-22965
-24452
-24309
-23555
-22065
-18856
-12495
-3522
4555
8421
7494
3875
1609
2832
6076
7819
6469
3565
2463
4953
9248
12005
10330
3772
-4529
-11007
-14562
-16696
-19614
-23441
-26031
-24760
-18136
-7884
1702
7642
10223
11744
13992
16340
16894
13886
7842
2184
-124
837
2880
3873
2578
-699
-3013
-3076
-1687
-493
-648
-1694
-1855
204
4151
7994
9248
8203
5910
3831
2801
2267
1016
-1573
-4413
-5544
-4041
-453
3419
6582
8742
10739
13350
16130
18102
18272
16268
12653
8788
5454
2693
-125
-3862
-9280
-16327
-22951
-27139
-28154
-26550
-23763
-20366
-16340
-10271
-2058
5827
10720
11123
7768
3489
1153
1616
2812
2725
866
-384
1536
6270
11521
13780
11257
5278
-1216
-6564
-11109
-15969
-21421
-26376
-28749
-26611
-19406
-10065
-1655
4335
8557
12482
16353
19428
20119
17528
13151
9467
7444
6838
6433
4593
628
-3875
-7034
-8455
-8355
-7639
-6976
-5900
-3771
86
5159
9724
12272
12502
11280
9543
8049
6371
3270
-795
-4592
-6664
-6569
-4681
-1818
1141
4300
7618
11446
15465
18662
20342
19783
17308
14179
10548
6526
1640
-4911
-13655
-22989
-30633
-32768
-32768
-31774
-27714
-22912
-16465
-7754
2794
11557
15948
15500
11370
7647
6226
5917
4679
1734
-1895
-3097
-830
3495
7687
8831
6253
1526
-2933
-6232
-9110
-13373
-18619
-23180
-24741
-21350
-14393
-6667
-875
3157
6526
10148
13760
16361
16295
13357
10366
9123
9769
11071
11228
8637
3901
-838
-3907
-5990
-7828
-9673
-11311
-11435
-9197
-4542
1072
6229
9786
11949
13347
14187
14452
12994
8907
3271
-2038
-5448
-6836
-6701
-5788
-4056
-943
3659
8943
13831
17326
18742
18313
16363
13786
10630
7021
2280
-4528
-13398
-22448
-28956
-31510
-31117
-29428
-26968
-23611
-17717
-9074
173
7306
10882
10713
8997
9150
11116
12712
12027
8488
4271
2447
3697
6158
7145
4529
-687
-6095
-9829
-11323
-12072
-13961
-16924
-19251
-18197
-13103
-6275
-357
3057
4256
5430
8089
11126
12909
12556
10426
8133
7791
9776
12070
12416
9758
5293
903
-1952
-3556
-5064
-7296
-9682
-10764
-9381
-5666
-884
3474
6306
8213
10311
12938
15063
14826
11792
6993
2243
-1275
-3364
-4597
-5166
-4668
-2863
139
4684
9611
13532
15611
15643
13948
11105
7759
3988
-963
-8069
-16493
-24388
-29189
-29356
-26425
-22345
-18431
-14674
-9610
-3110
3181
6819
6603
3031
-765
-1634
687
4260
6740
6896
6750
8454
11923
15576
15906
11554
3779
-4535
-11215
-15688
-18748
-21421
-23108
-22437
-18457
-11516
-3481
3043
6777
8134
8191
8512
9405
9996
9850
9396
9113
9948
12063
13797
13708
11196
6631
1602
-2617
-5621
-7542
-8885
-9537
-8992
-6768
-3123
1342
5259
7891
9466
10201
10647
10556
9282
6923
4084
1601
-147
-814
-580
429
1847
3413
5246
7602
9585
10763
10923
9762
7349
4440
1451
-2583
-8535
-15846
-22485
-26894
-27767
-26028
-22728
-18996
-14956
-9468
-2904
3202
6843
7051
4018
454
-1096
-387
1284
1831
1224
1351
3774
8300
12899
14868
12863
7515
665
-5285
-9812
-13359
-16962
-20213
-21184
-18359
-12361
-5119
1056
4901
6881
8157
8930
9101
9055
8230
6897
6222
7140
9242
11729
12978
11826
8487
4402
745
-2551
-5453
-8090
-10166
-10730
-9181
-5497
-335
4892
9049
11601
12880
13283
12854
11188
7781
3363
-794
-3591
-4729
-4059
-2063
590
3370
6487
9597
11952
13056
12692
10630
7173
3386
58
-3404
-8233
-14352
-20764
-25370
-26661
-24974
-22225
-19225
-16083
-12189
-6670
-889
3362
4862
3364
858
-272
706
2275
2799
1673
-4
349
3324
7646
10838
10838
8080
3875
-126
-3399
-6775
-10607
-14470
-16853
-16382
-12769
-7351
-2240
1651
3993
5419
6460
6951
6602
5553
4475
4356
5482
8084
11454
14119
15370
14926
12850
9514
5212
151
-4943
-9569
-12906
-14204
-12942
-9502
-4239
1928
7991
13133
16744
18383
17783
15053
10523
5282
55
-3799
-5851
-5821
-3692
-268
3765
7774
11317
13573
14286
12807
9753
5321
441
-4249
-9516
-15477
-21528
-25681
-26924
-24962
-21328
-17733
-14516
-11096
-6906
-2159
1681
3202
2402
411
-523
541
2577
4057
3727
2337
1756
3006
5208
6927
6636
4326
1119
-2019
-4536
-6617
-8706
-10708
-11873
-11146
-7994
-3427
1243
4882
6754
7495
7395
6364
4601
2479
302
-1144
-954
977
4200
8087
11831
14378
15383
14785
12408
8411
3677
-1473
-6544
-10621
-12801
-12663
-10335
-6200
-1188
4204
9135
12802
14742
14289
11924
8404
4332
561
-2036
-2941
-1939
647
4158
7917
11098
13136
13225
11468
8263
3975
-561
-5121
-9524
-14178
-18887
-22595
-23961
-22721
-19585
-15816
-12603
-9560
-6069
-2076
1568
3164
2150
-102
-2079
-2471
-1452
-143
343
-254
-430
588
2742
5019
5767
4378
1406
-1965
-4654
-6775
-8640
-10420
-11575
-11155
-8600
-4171
1221
5745
8736
10505
11252
10976
9906
7446
3721
284
-1675
-1888
-563
1907
4609
7199
9525
11310
11942
11222
9004
5528
1250
-2840
-5929
-7481
-7438
-5891
-2903
809
4839
8033
9780
9809
8096
5546
3082
1008
-430
-479
754
3273
6864
10699
13973
15706
15528
13183
9147
4124
-1335
-6382
-11170
-16238
-21113
-24623
-25642
-23706
-19920
-15764
-12052
-8678
-4748
-92
3976
5787
5062
2396
-42
-745
187
1042
836
-245
-1071
-497
1148
2872
3244
1657
-1136
-4155
-6659
-8181
-9451
-10976
-12038
-11519
-8455
-3110
2921
8165
11796
14079
15356
15393
13847
10391
5626
932
-2424
-3797
-3150
-1026
1421
3920
6387
8682
10444
10694
8994
5808
1878
-1929
-4810
-6494
-6683
-5404
-2750
1122
5585
9661
12312
12707
10620
6993
3058
-327
-2612
-3652
-3039
-458
3848
8816
13143
15883
16208
14001
9934
4814
-645
-6552
-13235
-20052
-25371
-27772
-26679
-22706
-18027
-14034
-10790
-7934
-4698
-1628
-166
-718
-2594
-3920
-2893
284
3955
6642
7383
7000
6503
6337
5652
3356
-847
-5914
-9842
-12027
-12563
-12454
-12491
-12313
-11206
-8513
-4102
1047
5531
8496
10413
12452
14729
16087
15521
12805
8788
4894
2150
416
-767
-1436
-1586
-973
782
3439
6269
8059
8101
6669
4595
2527
537
-1371
-3058
-3796
-2847
18
3959
8069
11106
12020
11152
8796
5668
2638
-189
-2359
-3399
-2268
1301
6188
11074
14292
15427
14416
11550
6884
538
-8351
-17963
-26900
-32189
-32768
-30936
-25454
-19304
-12912
-6680
-354
4714
6894
5587
1699
-2582
-4696
-3957
-1964
-129
918
1746
3448
6082
8075
7516
3976
-1005
-5327
-7811
-8680
-9313
-10794
-12649
-13244
-11612
-8091
-3628
282
3237
6071
8869
11953
14877
16224
15236
12472
9185
6098
4041
2437
470
-1496
-2408
-1806
496
3789
6728
8146
7702
5982
3770
1713
-307
-2484
-4337
-4951
-3182
877
6016
10759
13546
13999
12471
9688
6240
2555
-1234
-4544
-6141
-5187
-1239
4629
10146
14410
16774
17084
15191
10637
2685
-8191
-20034
-30196
-32768
-32545
-32768
-31092
-25040
-17580
-8696
477
7411
10716
10145
7338
4838
3986
4012
3612
1834
-766
-2192
-1949
-1069
-959
-3056
-6812
-10173
-11216
-9973
-7798
-6350
-6062
-6237
-5471
-3033
-131
2066
3175
3955
5512
8052
10641
12413
12598
11257
9391
7525
5856
4226
2402
155
-1373
-1382
364
3319
6140
7946
8579
8261
7053
5040
2255
-832
-3524
-4979
-4331
-1461
2825
7784
12057
14251
14526
12968
9781
5403
258
-4403
-7260
-7491
-5085
-435
5022
10460
15076
17846
18444
16058
9900
326
-11422
-22502
-30465
-32768
-32625
-32768
-30664
-25215
-17606
-8934
-1458
3259
4675
4503
4539
5808
7691
8909
8640
6965
5333
4428
3748
1587
-2713
-8731
-14640
-18134
-18859
-17314
-14989
-12632
-10118
-6818
-2318
2479
6329
8379
9082
9668
10847
12781
14192
14000
12147
9299
6617
4064
1503
-1416
-4578
-6852
-7116
-4923
-811
4204
8701
12060
14241
15004
13956
10756
5887
168
-4833
-7766
-8068
-5651
-1443
3469
8282
12159
14597
14998
13156
9225
4386
-142
-2870
-3536
-2383
276
3734
7731
11466
14599
15663
13419
6905
-2718
-13036
-21876
-27711
-30946
-32339
-31922
-29236
-24034
-16634
-9106
-3356
-155
1072
1997
4300
7710
10458
11508
10490
9040
8045
7281
5378
1006
-5317
-11847
-16658
-19188
-19292
-18258
-16540
-14513
-11684
-7656
-3115
1608
5112
7312
9006
11180
13915
16583
18189
17889
16189
13378
9888
6079
1769
-3079
-7693
-10757
-11475
-9283
-4839
660
6226
10985
14611
16795
16814
14398
10117
4882
-48
-3330
-4140
-2881
53
3555
6581
9071
10573
10699
9208
6355
2802
-288
-1805
-1378
769
3691
7139
10644
13559
14802
13381
8060
-726
-10652
-19782
-26281
-30103
-31890
-31934
-29833
-25494
-18772
-11620
-6074
-2807
-1184
547
3504
7160
9894
10729
9524
8007
7169
6624
5152
1259
-4915
-11314
-15501
-17195
-16720
-15646
-14561
-13171
-10778
-6989
-2833
771
3233
4426
5439
7349
10204
13304
15478
16222
15765
14524
12843
10523
7024
2179
-3026
-7171
-9162
-8469
-5841
-2137
1875
5412
8527
10840
11560
10428
7402
3097
-1017
-3131
-2821
-401
3299
6868
10184
12653
14293
14367
12130
8134
3083
-1672
-4940
-5976
-5064
-2729
616
4811
9064
12406
13614
11495
5996
-1627
-9381
-16180
-21804
-26254
-29227
-30501
-28950
-24997
-20036
-15398
-11587
-8121
-3825
1809
7863
13013
15781
16143
14996
13402
10966
6977
578
-7754
-15786
-21389
-23586
-23089
-21058
-18264
-14781
-10094
-4039
2218
7062
9586
10116
10125
10444
11597
12958
13510
13158
12372
11753
10857
9366
6669
2441
-2206
-5761
-7402
-6819
-4325
-569
3589
7558
11161
13795
14511
12882
8952
3657
-1602
-5423
-6902
-5901
-2931
1302
6169
10913
14873
17263
17356
14795
10246
4851
38
-3476
-5381
-5593
-4467
-2233
1054
4672
6879
6620
3529
-1317
-6658
-11285
-14758
-17767
-20376
-22073
-22403
-21003
-18841
-16807
-15484
-14391
-12095
-7648
-1391
4913
10076
13379
15485
16702
16537
14175
8651
324
-8955
-17101
-22497
-24771
-24914
-23956
-21902
-18451
-12985
-6061
741
5902
8888
10756
12702
15252
17810
19408
19577
18346
16752
14781
12166
8521
3321
-2853
-8570
-12361
-13454
-11774
-7772
-2448
3522
9707
15230
18985
19972
17936
13221
7146
1102
-3542
-6085
-6590
-5325
-2599
1336
5802
9925
12726
13590
12435
9747
6500
3370
943
-351
-694
-298
677
1953
2642
1744
-1172
-5377
-9807
-13633
-16412
-18603
-19941
-20121
-18807
-16270
-13454
-11620
-10963
-11029
-10485
-7699
-3378
940
4544
7162
9458
12008
13917
13568
9994
3435
-4342
-11119
-15848
-18354
-19567
-20176
-20141
-18514
-15011
-9627
-3950
723
3949
6108
8541
11721
15165
17978
19244
19276
19120
19041
18574
16574
12022
5414
-1662
-7488
-10985
-12331
-11741
-9598
-5963
-642
5700
12074
16625
18241
16836
13533
9789
6423
3707
1424
-555
-1498
-935
740
3274
5565
6657
6826
6462
5773
5356
4690
3959
3371
3189
3470
3954
3584
1074
-2912
-7706
-12227
-15623
-18219
-20509
-22177
-22760
-21299
-17773
-13832
-10590
-8697
-7867
-6442
-2988
1523
5281
7277
7482
7249
7664
7993
7025
3220
-3263
-10199
-15290
-17480
-17217
-15624
-14043
-12468
-10509
-7377
-3215
502
2628
2993
2705
2961
4677
7370
9883
11625
12868
14287
16230
18107
18584
16603
12261
6916
1973
-1623
-4031
-5616
-6503
-6031
-3711
270
4790
8453
10219
9899
8346
6634
5497
5003
4785
4350
4106
4386
5102
6252
6887
6453
5364
4064
2990
2553
2584
2363
2121
2002
2357
3138
2886
746
-3106
-7904
-12201
-14979
-16814
-18403
-19975
-21203
-20949
-18736
-15473
-12608
-11249
-10770
-9011
-4991
801
6485
10245
11442
11291
11079
10657
8716
3874
-4026
-13114
-20588
-24618
-24735
-22378
-19106
-15500
-11159
-5446
1338
7444
11176
11857
10340
8574
7739
7688
7932
8029
7843
8507
10308
12522
14291
14228
11915
8313
4839
2451
1058
198
-365
-416
767
3392
6557
9000
9617
8315
5755
3212
1469
841
1128
1833
3042
4665
6732
8788
9935
10082
9226
7778
6367
5030
3879
2771
1724
844
258
-344
-1768
-4387
-8086
-11739
-14472
-15933
-16670
-17049
-17546
-17540
-16079
-14074
-11964
-10744
-10588
-10609
-8954
-5330
-730
3885
6927
8804
10239
11514
11837
10232
5544
-2120
-10582
-17896
-22567
-24548
-24285
-22736
-19900
-15175
-8659
-1357
5276
10181
12677
13354
13333
12847
12031
10982
9639
8229
7521
7741
8703
9303
8623
6789
4605
2982
2015
1578
1300
1109
1637
3107
5697
8742
10876
11442
10138
8000
5886
4028
2332
939
89
-156
590
2361
4527
6164
7181
7943
8292
8407
8370
7855
6584
4680
2613
287
-2425
-5984
-10350
-14853
-18245
-19930
-19649
-18379
-16956
-15460
-13837
-11712
-9788
-8570
-8793
-9744
-10247
-8882
-5344
-1102
2880
5756
7637
9373
11069
11575
9702
4953
-2173
-9711
-15882
-19862
-21882
-22412
-21535
-19105
-14919
-8941
-2597
2917
7045
9673
11368
12566
13370
13424
12684
11310
9969
9355
9347
9575
9188
7702
5492
3467
2251
1887
1700
1471
1410
1956
3602
6222
8888
10575
10853
9947
8467
7273
6219
5075
3793
2465
1818
1898
2806
3945
4752
5069
5126
5528
6370
7201
7670
7454
6614
5240
3373
89
-4650
-10536
-16284
-20602
-22847
-23089
-22463
-21245
-19587
-16876
-13506
-10503
-8667
-8231
-8859
-8729
-6444
-2441
1893
5251
6888
7664
8557
9441
9404
6958
1790
-4891
-11397
-16148
-18742
-20009
-20470
-19955
-17930
-13719
-7621
-1043
4549
8624
11247
12974
14210
15014
14625
12968
10586
8372
6959
6570
6498
5850
4558
2654
1493
1737
3012
4605
5312
5278
5477
6609
8364
9847
10065
8818
7108
5703
5125
5271
5464
5108
4547
4078
4290
5179
5811
5830
5317
4561
4631
5350
6592
7611
7862
7573
6315
4191
774
-4501
-10975
-17348
-21941
-24228
-24480
-23588
-22127
-20194
-17356
-13990
-11032
-9143
-8806
-9118
-8556
-5759
-1375
3335
7041
9139
10221
11158
11348
9926
6172
-117
-7760
-14564
-19226
-21557
-22139
-21840
-20506
-17485
-12311
-5454
1645
7275
11101
13386
15067
16344
17062
16482
14535
11761
9010
7168
6065
5216
3931
2197
496
-2
941
3031
5389
7125
8114
8855
9947
11301
12143
11492
9489
6748
4336
3056
2683
2639
2589
2750
3011
3930
5395
6670
7515
7558
7074
6804
6872
7452
8373
8465
7663
6177
3532
-619
-6068
-12068
-17756
-21997
-24567
-25557
-25006
-23616
-21216
-18000
-14732
-12301
-10769
-9911
-9406
-7477
-3930
486
4812
8002
10053
11446
11915
11126
8485
3277
-3354
-10147
-15774
-19561
-21381
-21917
-21585
-20093
-17089
-12467
-6835
-908
4257
8661
12518
15798
18517
20086
20212
18976
16489
13358
10174
6958
3510
126
-2968
-4835
-4558
-2121
1627
5386
8615
10972
12803
14109
14835
14393
12456
9447
6151
3407
1766
847
374
300
529
1453
3229
5073
6614
7349
7547
7884
8617
9453
10168
10608
10549
9804
8208
5215
457
-5971
-13058
-19026
-23138
-25266
-25930
-25589
-24492
-22186
-18579
-14864
-12008
-10452
-10351
-10296
-8538
-4795
48
4383
7315
9161
10769
12032
12135
9957
4771
-2422
-9810
-15550
-19060
-20775
-21042
-20633
-19246
-16200
-11548
-6289
-1564
2260
5339
8096
11150
14443
17270
19036
19200
18073
16523
14493
12191
8969
4418
-715
-5057
-7255
-6814
-4395
-981
2494
6049
9620
13397
16691
18145
17701
15265
11806
8326
5426
3056
697
-1417
-2945
-3269
-2292
-213
1796
3468
4517
5646
7320
9104
10764
11806
12207
11798
10768
8550
4526
-1535
-8621
-15580
-21233
-25114
-27039
-27767
-27821
-26480
-23549
-19507
-15381
-12192
-10358
-9072
-7022
-3349
1306
5567
8171
9060
9480
9935
9918
8507
4705
-1316
-8087
-13635
-17228
-19052
-19700
-19718
-18824
-16622
-12735
-7807
-2843
1507
4816
7440
10087
12852
15424
16965
17165
16318
15046
13572
12141
10276
7378
3732
0
-2665
-3400
-2364
-446
1589
3520
5740
8559
11718
14284
15337
14428
12315
9984
7933
6162
4464
2305
272
-1193
-1418
-461
1195
2644
3509
4145
5146
6768
8483
9990
10489
10296
9034
7011
3997
-558
-6057
-11910
-17121
-20961
-23103
-23936
-23906
-23617
-22607
-20500
-17924
-15419
-13242
-11572
-9194
-5100
256
5574
9576
11644
12385
12302
11294
8878
4451
-2068
-9015
-14849
-18573
-19887
-19470
-18179
-16399
-14085
-10900
-6942
-2863
923
3836
6239
8507
11063
13756
15720
16495
15948
14443
12547
10971
9046
6424
3239
-255
-2764
-3416
-1922
781
3895
6797
9272
11589
13601
14927
15001
13159
10118
6874
4251
2634
1604
686
-72
-369
278
1939
3983
5990
7046
7346
7206
7299
7860
8335
8551
7795
6166
4016
1282
-2344
-6768
-11928
-16831
-20163
-21951
-22468
-22124
-21891
-21157
-19573
-17562
-15408
-13298
-11441
-9325
-5711
-852
4363
8512
10783
11602
11534
10598
8582
4540
-1481
-8235
-14294
-18463
-20384
-20547
-19318
-17211
-14540
-11111
-7097
-2878
1012
4016
6112
8056
10191
12588
14592
15318
14963
13753
12193
10649
8731
5977
2684
-665
-3088
-3913
-2880
-335
2814
5996
9126
12007
14437
16173
16336
14766
12055
8654
5307
2609
405
-1371
-2444
-2778
-2099
-352
2102
4662
7000
8900
10211
10965
11419
11300
10710
9404
7481
4932
1584
-2415
-7174
-12425
-17102
-20441
-22399
-22812
-22539
-21862
-20831
-18960
-16624
-14497
-12812
-11552
-9956
-6796
-1942
3494
8404
11438
12784
13054
12411
10328
6252
113
-7323
-14300
-19428
-21666
-21561
-19987
-17537
-14576
-10997
-6693
-2282
1729
4615
6144
7293
8603
10424
12403
13778
13987
13184
12192
11290
10376
8748
6117
2684
-675
-2506
-2416
-683
1974
4772
7422
9992
12716
14941
15890
14937
12337
8917
5653
3234
1536
263
-829
-1481
-1039
774
3355
5836
7607
8729
9368
9982
10786
11319
10913
9651
7632
4896
1632
-2217
-6935
-12378
-17286
-20776
-22449
-22575
-21863
-21138
-20381
-19089
-17538
-16121
-15054
-13960
-12340
-8901
-3383
2898
8964
13377
15887
17081
16815
14314
9261
1691
-7269
-15681
-21961
-25190
-25583
-23580
-20093
-15674
-10714
-5340
-248
3706
6278
7325
7764
8604
10140
11879
13286
13910
13511
12589
11319
9671
7309
4047
340
-2953
-4769
-4303
-2050
1447
5188
8799
12125
14966
16925
17387
15965
12662
8700
4935
2212
454
-698
-1427
-1599
-935
1024
3839
6575
8566
9647
10150
10444
10848
11115
10669
9113
6640
3735
625
-3013
-7383
-12506
-17453
-20896
-22115
-21447
-19869
-18393
-17278
-16312
-15192
-14298
-13922
-14146
-14245
-12586
-8272
-2279
4124
9453
13133
15459
16455
15532
12013
5670
-2690
-11017
-17622
-21360
-22274
-21034
-18561
-15664
-12214
-8020
-3668
170
2678
3970
4928
6402
8892
12210
15139
16536
16865
16019
14428
12422
9510
5286
465
-3856
-6719
-6691
-4415
-598
3532
7470
11309
14889
17732
19016
18033
15079
11031
7009
3969
1990
542
-706
-1363
-1270
296
2807
5528
7744
9001
9593
10164
10724
11328
11308
10061
7566
4198
327
-4306
-9313
-14623
-19357
-22523
-23590
-22701
-20639
-18256
-16051
-13912
-12506
-11927
-12036
-12459
-12263
-10527
-6749
-2132
2626
6778
9758
11863
12930
11889
8378
2435
-4962
-11953
-17051
-19480
-19501
-17630
-14909
-11805
-8456
-4948
-1632
731
2056
2394
2695
4036
6440
9646
12560
14468
15470
15524
14915
13425
10681
6500
1722
-2691
-5275
-5610
-3966
-1157
1957
5119
8409
12019
14810
16187
15559
13210
10278
7768
6009
4853
3742
2451
1251
818
1540
3137
5023
6429
7265
8108
9112
10083
10853
10942
9853
7348
3862
-652
-6014
-11647
-16919
-20970
-23198
-23214
-21682
-18993
-16387
-13825
-11595
-10706
-11032
-12311
-13762
-14016
-11785
-7637
-2550
2344
6269
9602
12197
13315
12097
7983
1118
-6880
-13955
-18660
-20416
-20042
-18115
-15335
-11803
-7387
-2760
881
3020
3558
3169
3138
4107
6121
8542
10664
12380
13660
14584
14879
13983
11381
7048
2257
-1723
-3789
-3846
-2290
-87
2405
5394
8640
11849
13908
14354
13005
10519
7818
5723
4512
3820
3227
2968
3085
3732
5138
6753
8080
8931
9315
9606
10105
10299
10184
9276
7536
5045
1837
-2599
-8157
-13714
-18545
-21601
-22433
-21527
-19477
-16971
-14489
-11914
-9826
-8988
-9451
-10964
-12776
-12939
-10510
-6430
-1872
2247
5564
8166
10383
11593
10285
5874
-946
-8409
-14566
-18200
-19153
-18474
-16701
-14314
-11072
-6903
-2659
860
3039
3942
4240
4853
6181
8086
9734
10891
11766
12433
12805
12777
11836
9486
6004
2382
-294
-1413
-956
371
1955
3972
6498
9230
11750
13288
13277
11803
9457
7123
5459
4190
3282
2535
2121
2475
3488
5163
6840
8274
9090
9760
10344
10757
10938
10535
9576
7870
5286
1657
-3509
-9643
-15626
-20563
-23595
-24327
-23387
-21326
-18456
-15442
-12491
-10049
-9048
-9327
-10595
-11738
-11310
-8608
-4490
-313
3107
5665
7852
9475
10057
8502
4227
-2082
-8791
-14221
-17292
-18101
-17595
-16222
-14149
-11276
-7429
-3406
-114
2042
3148
4139
5573
7677
10065
11735
12596
12957
13001
12839
12423
10768
7803
4241
1149
-460
-727
261
1727
3194
4890
7287
10060
12468
13681
13353
11864
9839
8036
6634
5300
3909
2662
1806
1928
2846
4432
6107
7432
8553
9636
10714
11551
11733
11042
9675
7588
4602
839
-4082
-9973
-15571
-20369
-23379
-24159
-23217
-21071
-18774
-16323
-13768
-11541
-10363
-10199
-10886
-11333
-10148
-6967
-2529
1743
5217
7383
8807
9556
9035
6521
1778
-4375
-10548
-15287
-17673
-18124
-17037
-15125
-12762
-9617
-5892
-2144
869
3083
4467
5564
7018
8646
10115
11138
11350
10787
9950
8993
8159
6947
5253
3303
1738
1286
2200
3956
5595
6879
7783
8839
10098
11314
11881
11422
9980
8122
6631
5571
4747
3716
2445
1517
1156
1899
3524
5696
7790
9544
11023
12225
13128
13263
12389
10449
7645
4048
-134
-5223
-10829
-16043
-20284
-22734
-23273
-22387
-20685
-18923
-17328
-15688
-14207
-13487
-13528
-13830
-13436
-11097
-6472
-754
4348
8026
10017
10845
10908
9791
6569
1186
-5620
-12005
-16367
-18160
-17815
-16496
-14812
-13147
-10874
-7522
-3823
-440
2175
4319
6452
9290
12429
14891
15852
14799
12560
9716
7084
5035
3343
1480
-149
-740
256
2682
5574
7784
8914
9362
9792
10674
11705
12090
11259
9576
7654
6229
5319
4453
3127
1557
171
-294
498
2379
4769
7240
9751
12010
13970
15321
15612
14337
11832
8242
3648
-1430
-6927
-12633
-17677
-21520
-23746
-23920
-22815
-21095
-19242
-17765
-16539
-15439
-15002
-15045
-14687
-13498
-10336
-5056
1086
6609
10520
12438
12804
11923
9613
5410
-724
-7500
-13662
-17723
-19157
-18577
-16987
-15045
-12686
-9956
-6786
-3335
-409
2036
4441
7215
10610
13993
16452
17344
16374
14089
11191
7890
4712
1732
-1000
-2626
-2733
-1233
1666
4727
7202
8698
9744
10571
11208
11609
11423
10675
9585
8527
7646
6537
4987
2852
557
-1132
-1877
-1483
176
2698
5803
9106
12419
15211
16793
16832
15019
12106
8532
4632
29
-5117
-10825
-16138
-20008
-22336
-22781
-22163
-21321
-20319
-19027
-17588
-15784
-14304
-13974
-14149
-13433
-10858
-5765
410
5646
8947
10474
10837
10716
9580
6578
1411
-5182
-11260
-15260
-16522
-15820
-14608
-13465
-12160
-10755
-8542
-5861
-3503
-1410
758
3685
7892
12505
16347
18449
17980
15599
12419
9150
6165
3286
502
-1687
-2557
-1459
1267
4339
6617
7817
8295
8731
9673
10847
11299
10910
9900
8935
8135
7116
5355
2737
-376
-2935
-4213
-3825
-1664
1467
5091
8889
12415
15457
17556
18005
16655
13656
9654
5260
876
-3387
-7727
-12276
-16871
-20508
-22442
-22899
-22380
-21572
-21144
-20854
-19992
-18498
-16843
-15187
-13185
-10456
-5927
345
6532
11205
13389
13209
11502
9065
5575
783
-5147
-11160
-15824
-17961
-17398
-15494
-13324
-11664
-10427
-9022
-7017
-4545
-1895
703
3755
7470
11724
15596
17960
17833
15230
11514
7570
4227
1914
194
-926
-998
255
2785
5558
7647
8679
8587
8181
8097
8383
8938
9053
8686
7981
7215
6533
5335
3562
1299
-1006
-2353
-2241
-680
1974
4907
8146
11161
13645
15212
15622
14581
12204
9131
5306
1389
-2728
-6879
-11204
-15413
-18710
-20680
-21727
-22064
-21996
-21912
-21484
-20718
-19555
-18626
-17399
-15199
-11335
-5668
1413
8163
12811
15159
15259
13958
11331
6918
695
-6322
-12548
-16559
-17874
-17068
-15201
-13424
-11901
-10181
-8045
-5331
-2694
-300
2202
5013
8937
13489
17015
18359
17417
14495
11042
7797
5020
2408
-309
-2183
-2674
-1298
1591
4608
6827
8011
8637
9472
10497
11369
11466
10641
9333
7762
6501
5271
3558
1091
-1497
-3590
-4145
-2997
-684
2305
5530
8707
11812
14543
16199
16310
14726
11858
8325
4977
1748
-1348
-4665
-8345
-12735
-16965
-20157
-21846
-22129
-22129
-21768
-21215
-20255
-18417
-16358
-15161
-14205
-12622
-9652
-4495
1980
7637
11416
12784
12214
10744
8366
4425
-1176
-7655
-12986
-15719
-15579
-13543
-11437
-10211
-9668
-8893
-7451
-5500
-3470
-1768
22
3084
7890
12986
16829
18026
16348
13258
10010
7269
4794
2151
-271
-1365
-714
1615
4519
6926
7950
8206
8637
9609
10738
11189
10729
9196
7213
5477
3841
1918
-411
-2605
-4121
-4271
-2584
258
3586
6944
10297
13538
15886
17013
16426
14295
11513
8506
5587
2731
-338
-3917
-8041
-12638
-17141
-20826
-23429
-24389
-24209
-23127
-21249
-19185
-17094
-15296
-14087
-13413
-12090
-9263
-4428
1719
7655
11686
13388
12966
11265
8477
4241
-1140
-7182
-12493
-15501
-15608
-13740
-11198
-9517
-8835
-8435
-7430
-5668
-3504
-1384
957
4126
8388
12900
16261
17286
15693
12573
9472
7056
5215
3453
1502
332
453
1946
3826
5246
5909
6261
7224
8890
10980
12606
12850
11670
9496
7037
4374
1598
-1216
-3535
-4643
-4050
-1700
1595
5023
7972
10243
12165
13719
14434
14150
12788
10802
8577
6466
4716
2826
190
-3642
-8852
-14704
-19726
-22735
-23534
-22760
-21509
-20063
-18372
-16434
-14478
-13290
-13320
-13998
-13117
-9761
-3595
3857
9751
12606
12387
10674
8354
5346
999
-4701
-10455
-14292
-14816
-12566
-9396
-7493
-7690
-9110
-9946
-8927
-6518
-3805
-1317
1300
4752
9461
13743
15896
14947
11658
8104
6061
6005
6431
6085
4431
2698
1861
2316
3498
4448
4904
5710
7754
11047
14429
15951
14677
10889
6182
1916
-1136
-3079
-4396
-4915
-3989
-1308
2717
6863
9640
11100
11731
12161
12805
13283
12817
11169
8767
6302
4199
2495
642
-2245
-6592
-12003
-17343
-21100
-22452
-22147
-21338
-20424
-19533
-18374
-16899
-15389
-14539
-14430
-13863
-11226
-5973
1276
8226
12305
12915
10919
8171
5425
2403
-1426
-6238
-10473
-12263
-11165
-8610
-6587
-6792
-8780
-10781
-10923
-8735
-5355
-2042
803
3472
6706
10387
13081
13735
12131
9995
8769
8808
9782
10144
8796
6098
3354
1748
1527
2336
3504
5130
7332
10437
13492
14791
13693
9999
5030
523
-2208
-3155
-2742
-1785
-381
1781
4360
7206
8975
9574
9643
9862
11170
12550
12957
12030
9514
6253
3271
637
-1137
-3011
-5839
-9432
-13370
-16876
-18938
-19685
-19880
-19785
-19389
-18579
-17516
-16215
-15097
-14439
-13936
-12349
-8586
-2726
3974
9128
11303
10512
8221
5726
3094
159
-3446
-7014
-9367
-9580
-7663
-5397
-4663
-6214
-9006
-10759
-9469
-6078
-2444
238
1655
2725
4626
6957
8421
8067
6346
5434
6270
8831
12029
12806
10563
6837
3728
2966
4314
6767
8566
9382
10428
12000
12855
11459
7262
1031
-4913
-7939
-7209
-4307
-1384
798
2491
4518
7662
10823
12545
12417
11523
11202
12004
13246
13015
10343
5896
1330
-1534
-2589
-2819
-3913
-6855
-11128
-15334
-18078
-19237
-19310
-19434
-19984
-20095
-19195
-17581
-15985
-15087
-15216
-14969
-12546
-7416
-334
6457
10402
10964
9004
6379
4110
2067
-451
-3565
-6270
-7536
-6922
-5379
-4811
-5989
-8167
-9742
-9319
-6721
-3384
-1015
201
758
1639
3186
4646
5682
5914
6070
7310
9392
11554
12274
10981
8396
6153
5216
5731
7573
9473
11073
12283
12921
12634
10522
6442
952
-4330
-7871
-8767
-7465
-4770
-1781
1069
3973
7152
10360
12956
14656
15499
15618
15451
14832
13099
10223
6281
2126
-1026
-2894
-3486
-3793
-5347
-8764
-13259
-17181
-19397
-19620
-18758
-18088
-18426
-19332
-20130
-20136
-19194
-17975
-16660
-14217
-9660
-2712
4925
10589
12223
10143
6397
3775
2958
2971
2532
488
-2395
-4986
-6303
-6751
-7385
-9061
-11359
-12503
-10926
-6946
-2701
-276
-230
-1225
-1174
1133
4868
8105
9614
9989
9988
10388
11424
11827
10224
7096
4702
4445
6847
10733
13725
13944
11792
9012
6571
4079
1407
-1822
-5475
-7892
-7725
-5206
-1819
1112
3214
4701
6632
9609
13070
15561
16443
15857
14215
12157
9900
7279
3863
552
-1819
-2827
-2846
-3363
-5804
-10027
-14897
-18439
-19476
-18515
-17284
-17127
-18228
-19948
-21188
-21237
-20309
-18971
-16365
-12012
-5984
957
6399
8641
8112
6137
4802
4664
5184
5217
4148
2143
-114
-2166
-3925
-5604
-6906
-7459
-7226
-6326
-5778
-5799
-6421
-6803
-6155
-4363
-1811
784
3540
6373
8824
10681
11841
11975
11317
10679
10773
11230
11663
12076
12235
12201
12311
12107
11012
8623
5309
1596
-2109
-5333
-7593
-8577
-8337
-6434
-3327
254
3464
6094
8550
11146
13740
15740
16442
15587
13512
11011
8602
6340
3937
1799
-7
-1190
-1887
-3250
-6187
-10933
-15557
-18602
-19183
-18317
-17942
-19082
-21573
-23927
-24618
-23080
-20305
-17001
-13134
-8608
-3399
1782
5391
6117
4900
3815
4382
6447
8475
8511
6344
2844
-164
-1793
-2134
-2360
-2713
-3138
-3435
-3687
-4893
-6925
-9264
-10378
-9115
-5636
-1574
1715
3461
4189
5090
6678
9014
11190
12675
13807
14743
15693
16092
15757
14752
13580
12771
12400
11569
9143
5141
380
-4202
-7616
-9170
-9174
-7882
-5696
-2918
191
2950
5155
7153
9046
11174
13110
14198
13720
11809
9456
7536
6279
5387
4075
2408
1373
754
-129
-2138
-6006
-10566
-14231
-15599
-15719
-16510
-19136
-23034
-26107
-26729
-24318
-20584
-16979
-14074
-11266
-7449
-3251
497
2577
2822
3242
5120
8185
10625
10929
8607
5289
2914
2697
4122
5166
5081
3448
637
-2078
-4542
-6760
-8912
-10175
-9782
-7993
-5561
-3604
-2808
-2989
-2667
-400
3631
8458
12715
15283
16003
15785
16044
16862
17711
18300
17925
16221
13499
10016
5814
1120
-3443
-6835
-8467
-8219
-6462
-4283
-2723
-1834
-754
747
2812
4958
6743
7493
7371
7024
6626
6265
5811
5284
4763
4353
4739
5852
6713
6201
3794
-365
-5153
-8827
-11256
-13328
-16167
-19977
-23545
-25465
-25236
-23295
-21343
-20122
-19163
-17187
-13692
-8983
-4561
-2021
-854
199
2409
5561
8159
8950
8214
7402
7981
10228
12506
13129
11277
7818
4192
1323
-503
-1776
-3437
-5251
-6519
-7083
-7039
-6974
-7387
-7804
-7324
-4877
-544
3946
7516
9410
9830
9959
11094
13499
16277
18142
18328
16677
13832
10892
7932
5067
2301
23
-1045
-706
541
1634
1734
864
-181
-617
-231
546
1011
726
-166
-928
-1337
-1442
-1372
-1077
-528
563
2765
5763
8824
10687
10188
6889
2221
-1869
-4172
-5049
-6262
-8784
-12937
-17022
-19287
-19775
-19034
-18693
-19121
-19362
-18280
-15202
-11475
-9109
-8694
-9120
-8217
-4850
-16
3956
5938
6476
7236
9461
12287
14309
14306
12632
10382
9012
8496
7663
6036
3433
939
-942
-2095
-3203
-4921
-6628
-7256
-6142
-3475
-680
1006
1282
1087
1735
3523
6000
8533
10101
10527
9861
8868
7545
5798
4458
4160
4855
6522
8495
9905
9850
8659
7232
5760
4503
3413
2149
333
-1552
-3365
-4955
-6301
-7318
-8045
-8262
-7895
-6430
-3715
-478
2735
5310
6316
5683
3657
1078
-726
-1246
-973
-1399
-3344
-6613
-10031
-12186
-13074
-13373
-13810
-14711
-15070
-14240
-12386
-10432
-9767
-10524
-11586
-11137
-8345
-4416
-1238
392
1117
2093
4046
6512
8347
8837
8316
7642
7392
7408
7179
6380
5207
4163
3608
3445
3210
2517
1779
1582
1879
2335
2509
2156
1252
262
-227
-251
97
603
932
823
148
-1122
-2377
-2476
-882
2086
5614
8607
10153
10250
9536
8605
7855
7329
6877
6055
4704
2769
459
-1834
-3576
-4878
-5411
-5538
-4852
-3446
-1639
103
1152
1424
1203
1234
1199
607
-901
-3124
-4737
-4880
-4338
-4264
-5599
-8054
-10401
-11248
-10494
-8852
-7780
-7921
-8262
-8100
-7183
-6351
-6486
-7414
-7829
-6281
-3045
514
2487
2548
2034
2261
3633
5527
6802
6675
5476
4170
3692
3610
3514
3441
3464
3814
4513
5184
5439
5407
5305
5356
5628
5450
4720
3603
2471
1276
24
-852
-1671
-2111
-2378
-2398
-2448
-2505
-1528
706
3690
6599
8143
7949
6613
5238
4407
3966
3544
2659
1313
-529
-2298
-3727
-4620
-4984
-4455
-3128
-1253
851
2548
3545
3746
3633
3358
3588
4036
3965
2861
361
-2926
-5764
-7259
-7278
-7037
-7522
-9076
-10803
-11385
-10826
-9286
-8108
-8398
-9092
-9341
-8892
-7977
-7871
-8268
-8147
-6554
-3146
382
2552
3136
3097
3514
4683
6127
6935
6688
6085
5413
4790
4556
4401
4095
4263
4501
4950
5245
5215
4939
4729
4508
4415
4189
3355
2322
703
-989
-2674
-3869
-4288
-3931
-3027
-1840
-641
435
1971
4097
6465
8319
8927
8141
6501
4759
3273
1749
145
-1745
-3581
-4826
-5431
-5574
-5440
-4866
-3598
-1594
469
2220
3202
3726
4151
4685
5599
6353
6670
6141
4181
1361
-1648
-3742
-4466
-4363
-4499
-5907
-8249
-10217
-10687
-10009
-8593
-7991
-8595
-9482
-10071
-9883
-9641
-9774
-10001
-9408
-7199
-3672
-599
1083
1448
1398
2228
3890
5677
6891
7340
7447
7418
7263
6879
6478
6334
6935
7805
8526
8535
7700
6388
5211
4402
3710
2708
1060
-848
-2875
-4638
-5808
-6408
-6309
-5111
-3135
-980
949
2608
3859
5260
6765
7745
7900
6893
5352
3669
2144
824
-294
-1544
-2682
-3655
-4340
-4949
-5224
-4812
-3444
-1456
712
2368
3349
3946
4293
4997
5716
6380
6434
5610
3613
1116
-1291
-2663
-2785
-2658
-3113
-4515
-6201
-7153
-6817
-6025
-5582
-6293
-8274
-10185
-11102
-11024
-10157
-9778
-9658
-9178
-7980
-5968
-4273
-3505
-3417
-3089
-1667
764
3276
5136
5997
6418
6822
7378
8174
9079
10010
11216
12351
12694
11885
10049
7726
5874
4338
3213
2102
515
-1288
-3087
-4832
-6263
-6786
-6085
-4321
-1846
736
2519
3384
3633
3925
4227
4542
4206
3276
1753
341
-625
-1452
-1927
-2402
-2909
-3242
-3327
-3233
-2789
-1823
-199
1464
2907
3675
4049
4478
4947
5608
6178
6287
5585
4375
2447
223
-2068
-3512
-3603
-3105
-2566
-3227
-4548
-5559
-5647
-5365
-5324
-6064
-7549
-8716
-8718
-7957
-7219
-7346
-8610
-9533
-9450
-8107
-6424
-5638
-5415
-4732
-2979
-504
1649
2675
3034
3583
5053
7368
9570
11245
12186
12741
13151
12890
11512
9351
7158
5339
4369
3722
2692
1140
-872
-2729
-4356
-5099
-4576
-3158
-896
1597
3493
4319
4064
3268
2568
2211
1881
1114
-196
-1889
-3207
-3922
-3946
-3595
-3105
-2805
-2650
-2672
-2748
-2395
-1470
-19
1568
2998
4179
4918
5327
5587
5515
5241
4833
4479
4050
3229
1545
-715
-2335
-2703
-2028
-1587
-2171
-3705
-5189
-5645
-5397
-5006
-5663
-7176
-8564
-9175
-9075
-9060
-9836
-10982
-11495
-10444
-8206
-6375
-5722
-5737
-5214
-3583
-1276
940
2126
3011
4424
6812
9415
11470
12384
12220
11574
10988
10393
9137
7691
6341
5309
4260
3257
1864
229
-1407
-2421
-2722
-2032
-509
1602
3794
5122
5450
4508
2818
1208
153
-446
-604
-1160
-2269
-3500
-4483
-4710
-4622
-4026
-3298
-2971
-2779
-2744
-2464
-1751
-543
974
2358
3297
3956
4257
4268
4211
4140
4060
4159
4526
4579
3822
2191
97
-1174
-899
239
853
320
-1250
-2675
-3476
-3752
-4112
-5436
-7255
-8889
-9901
-10545
-11174
-11907
-12365
-12163
-10993
-9467
-8590
-8149
-7602
-6386
-4265
-1858
317
2241
4081
6217
8388
10002
10595
10681
10486
10504
10601
10395
9523
8279
6882
5522
4048
2250
843
-342
-1038
-950
-232
897
2369
3949
5263
5785
4972
3236
1084
-962
-2043
-2589
-2930
-3389
-4110
-4810
-5171
-5182
-4652
-3948
-3133
-2514
-2029
-1611
-1151
-661
175
1102
1891
2569
2847
2948
2938
2897
3092
3463
3773
3774
3256
1938
245
-1028
-914
663
2438
3109
2473
897
-512
-1294
-1944
-2780
-4281
-6213
-7828
-9008
-9700
-10050
-10479
-11000
-11227
-10760
-9984
-9380
-9040
-8420
-7072
-4821
-2374
-69
2015
3683
5234
6692
7772
8516
8955
9217
9619
10193
10255
9648
8488
7029
5695
4328
3179
2434
2151
2331
2823
3404
4007
4680
5128
5057
4136
2708
1003
-677
-2007
-2736
-3032
-3226
-3657
-4087
-4580
-4748
-4321
-3508
-2512
-1731
-1270
-1156
-1033
-898
-849
-389
165
917
1543
2097
2431
2456
2560
2625
2846
3081
3233
2700
1742
708
567
1805
3823
5446
5374
3991
1722
61
-1130
-2093
-3129
-4799
-6583
-8028
-8958
-9238
-9421
-9814
-10299
-10739
-10544
-9884
-9506
-9051
-7987
-6153
-3743
-1322
513
1761
2647
3261
4051
4921
5591
6351
7054
7579
7868
7800
7203
6432
5492
4580
3873
3551
3838
4621
5562
6269
6401
5811
4934
3774
2788
1829
786
-214
-1529
-2689
-3555
-3973
-4306
-4430
-4287
-4194
-3883
-3393
-2776
-2195
-1881
-1811
-1851
-2087
-2009
-1774
-1433
-1026
-442
151
602
707
680
648
638
918
1295
1772
1692
1330
1328
2059
3738
5541
6689
6398
4808
2819
1258
-3
-1222
-2192
-3479
-4860
-5941
-6856
-7468
-8151
-9024
-9823
-10207
-10069
-9235
-8271
-7265
-6145
-4677
-3075
-1671
-473
205
972
1735
2772
4163
5612
7041
7694
7929
7680
7260
6732
6351
6046
5723
5560
5636
5967
6470
6549
6239
5279
4265
3152
2023
1286
578
-114
-1050
-2072
-3149
-3689
-3434
-2611
-1610
-696
-83
7
-123
-355
-387
-486
-802
-1045
-1486
-1769
-2183
-2511
-2619
-2227
-1438
-587
37
131
222
186
316
878
1643
2519
3081
3521
4175
5075
5830
5918
4961
3174
1558
529
54
-294
-818
-1414
-2462
-3526
-4521
-5287
-5982
-6896
-7659
-8091
-7728
-7265
-6912
-6935
-7061
-6798
-6088
-4904
-3652
-2378
-1142
-44
1505
3180
4801
5939
6347
6357
6300
6427
6611
6666
6511
6506
6698
7111
7220
6860
5810
4337
2860
1551
849
261
-233
-837
-1648
-2448
-3174
-3388
-3086
-2214
-870
275
889
931
577
87
-156
-229
-363
-646
-1113
-1743
-2535
-3228
-3415
-3179
-2530
-1666
-927
-816
-902
-1070
-1148
-890
-63
1177
2365
3308
3688
3413
2830
2482
2161
2203
2259
2201
1820
1218
939
379
-413
-1657
-3249
-4269
-4502
-3821
-3227
-3556
-4487
-5457
-5791
-5689
-5614
-5880
-6299
-5991
-5210
-3996
-2888
-2243
-1821
-1016
359
1929
3161
3620
3586
3835
4711
5887
6809
6971
6710
6642
6788
7048
6651
5245
3220
1266
114
-657
-1206
-1772
-2429
-2789
-2663
-2007
-1388
-505
296
1307
2448
3135
3154
2197
1035
399
219
-60
-636
-1915
-3212
-3894
-3947
-3416
-2796
-2180
-1804
-1537
-1412
-1233
-1148
-954
-231
698
1887
2717
3001
2844
2174
1537
1003
947
1504
2462
3115
2784
1693
264
-426
-266
374
620
233
-326
-713
-565
-517
-1206
-2764
-4833
-6293
-6632
-6184
-5663
-5571
-5851
-5889
-5137
-3645
-2109
-848
78
746
1299
1998
2751
3689
4530
5046
5524
5651
5593
5458
4966
4200
3243
2037
1032
-27
-906
-1720
-2579
-3047
-2876
-2143
-987
90
589
947
1422
2390
3468
4035
3855
2747
1476
475
-7
-642
-1586
-2453
-3129
-3318
-3391
-3168
-2858
-2557
-2357
-2395
-2563
-2791
-2709
-2312
-1722
-1331
-1138
-1350
-1783
-2205
-2325
-2241
-2011
-1768
-1253
-540
-142
-146
-727
-960
-221
1297
3200
4658
5189
4956
4341
3614
2712
1644
493
-355
-845
-1220
-1546
-2100
-2768
-3032
-2709
-1548
-288
538
944
1159
1494
2035
2762
3611
4371
5078
5400
5386
4876
4034
3129
2069
1099
-77
-1369
-2679
-3508
-3764
-3687
-3647
-3597
-3625
-3305
-2636
-1789
-596
611
1738
2685
3245
3212
2682
2119
1507
1130
794
290
-389
-1233
-1656
-1655
-1604
-1683
-1811
-2104
-2395
-2521
-2845
-3266
-3853
-4509
-4999
-5374
-5646
-5966
-6314
-6531
-6373
-5763
-5115
-4857
-4777
-4806
-4380
-3328
-1843
-138
1484
3043
4402
5340
5998
6312
6070
5489
4677
3771
3207
2967
2973
2941
2800
2661
2817
3325
4084
5209
6116
6679
6906
7022
7317
7589
7797
7763
7744
7723
7432
6560
4966
2989
1086
-438
-1488
-2200
-2991
-3836
-4787
-5465
-5796
-5800
-5430
-4911
-4314
-3749
-3240
-2612
-1957
-1173
-429
-166
-220
-518
-1106
-1652
-2242
-2618
-2763
-2732
-2519
-2106
-1728
-1493
-1346
-1541
-1674
-2063
-2683
-3328
-4104
-4784
-5070
-5299
-5419
-5767
-6352
-6845
-7249
-7178
-6949
-6701
-6439
-6125
-5470
-4368
-2948
-1297
463
2305
4016
5468
6474
6847
6754
6267
5641
5089
4460
3859
3347
2822
2654
2828
3116
3304
3654
3982
4266
4387
4275
4483
4998
5884
6698
7263
7402
7257
6715
5818
4534
3186
1974
1353
1197
1343
1365
859
100
-706
-1099
-1205
-1214
-1042
-704
-412
23
76
-27
-244
-440
-474
-584
-1119
-1914
-2754
-3618
-4001
-3895
-3443
-2619
-1697
-939
-319
-225
-433
-810
-1020
-1125
-1523
-2241
-3251
-4403
-5189
-5707
-6071
-6685
-7397
-8193
-8941
-9254
-9412
-9462
-9426
-8995
-8292
-6913
-5362
-3802
-2093
-320
1356
2715
3464
3503
3200
2915
2956
3105
3412
3595
3637
3644
3695
3841
4147
4452
4771
4958
5144
5083
5082
5523
6341
7433
8060
7921
7208
6168
4876
3592
2556
1900
1607
1756
1944
2013
1656
1131
792
641
802
1125
1256
1111
941
1115
1262
1094
788
136
-637
-1398
-2036
-2801
-3544
-4084
-4190
-3857
-3172
-2180
-1447
-722
-148
330
663
789
807
887
1093
810
123
-939
-1959
-2532
-2784
-2932
-3324
-4267
-5325
-6356
-7127
-7568
-7947
-7915
-7449
-6704
-5708
-4656
-3739
-2717
-1588
-476
198
411
63
-280
-141
315
1168
1861
2384
2655
2788
2834
2818
2668
2614
2966
3424
3984
4503
4750
5138
5555
5796
5622
4895
3672
2178
924
103
-257
-395
-233
-153
-82
-141
-500
-626
-455
25
901
1614
1907
2089
2218
2401
2550
2395
2001
1510
939
306
-372
-1065
-1544
-1638
-1213
-464
268
990
1514
1893
2424
2888
3057
2881
2471
1882
1326
443
-683
-1704
-2541
-3082
-3287
-3521
-3995
-4797
-5695
-6398
-6964
-7102
-7017
-6772
-6244
-5370
-4324
-3359
-2756
-2417
-2163
-1920
-1541
-1344
-1217
-974
-399
297
1022
1500
1624
1685
1621
1610
1503
1612
1928
2400
3065
3673
4154
4430
4469
4648
4530
3939
3140
1899
773
44
-345
-554
-753
-789
-892
-1002
-1188
-1450
-1459
-1272
-774
-126
517
857
962
862
907
986
872
630
33
-691
-1329
-1845
-2271
-2439
-2192
-1512
-717
324
1375
2386
3428
4053
4431
4550
4420
4074
3582
3099
2614
1993
1165
533
34
-295
-699
-1384
-2388
-3486
-4094
-4423
-4460
-4233
-3890
-3508
-3106
-2702
-2286
-2071
-1972
-1893
-1750
-1410
-1242
-1122
-909
-553
83
596
695
557
269
78
22
437
1027
1763
2342
2688
2779
2523
2194
1878
1631
1050
226
-713
-1592
-2144
-2329
-2082
-1808
-1741
-1787
-1962
-2172
-2347
-2428
-2267
-1879
-1318
-669
-227
-66
-49
-175
-391
-517
-864
-1222
-1700
-2153
-2461
-2748
-2766
-2358
-1818
-1158
-452
265
1086
2085
3165
3956
4500
4657
4541
4511
4537
4744
4930
4828
4239
3291
2358
1309
379
-532
-1322
-1982
-2513
-2895
-2989
-3043
-2922
-2758
-2545
-2248
-2262
-2364
-2604
-2694
-2337
-1753
-1181
-758
-507
-302
-44
150
274
348
461
839
1424
2208
3028
3599
4081
4213
3995
3355
2461
1473
596
-138
-699
-1090
-1337
-1490
-1800
-2044
-2200
-2148
-2021
-1987
-1956
-1963
-2015
-1985
-1697
-1268
-809
-598
-584
-810
-1306
-1701
-2076
-2352
-2577
-2796
-3094
-3243
-3405
-3341
-2944
-2482
-1811
-1256
-592
-153
302
737
1113
1611
1932
2302
2734
3275
3775
4147
4090
3857
3415
2800
2094
1609
1190
923
646
175
-168
-498
-783
-906
-801
-771
-850
-1018
-1052
-1015
-824
-523
-190
60
60
-35
-231
-459
-446
-217
488
1291
2136
2990
3692
4243
4597
4601
4179
3558
2802
2056
1243
606
122
-14
-7
-168
-336
-660
-1004
-1352
-1489
-1569
-1573
-1608
-1752
-1777
-1619
-1397
-985
-659
-391
-467
-858
-1177
-1561
-1820
-1766
-1812
-2008
-2289
-2718
-3012
-2970
-2698
-2333
-2122
-1880
-1680
-1442
-912
-366
248
534
882
1304
1728
2266
2515
2652
2523
2318
2061
1666
1290
870
552
321
65
-102
-614
-976
-1035
-789
-353
40
188
114
-47
-107
-15
226
540
686
435
-84
-765
-1200
-1033
-301
939
2059
2940
3454
3685
3803
3751
3543
3168
2621
2149
1519
973
626
306
506
862
1017
910
299
-456
-1024
-1282
-1186
-939
-842
-992
-1132
-1231
-1147
-982
-845
-917
-1359
-1749
-2084
-2274
-2171
-1894
-1838
-1809
-2011
-2548
-2892
-3001
-2784
-2353
-1870
-1492
-1252
-1067
-727
-401
-179
350
965
1525
2048
2198
1963
1508
1205
978
693
481
110
-290
-473
-715
-766
-918
-1093
-1384
-1645
-1740
-1513
-1223
-924
-475
-402
-334
-415
-592
-915
-1289
-1442
-1530
-1273
-775
-68
908
2025
2877
3322
3403
3290
3211
2993
2775
2431
2139
1859
1724
1773
1849
1906
1934
1856
1711
1382
932
445
-4
-226
-166
-14
109
54
-46
33
-20
-70
-88
-263
-589
-890
-1224
-1553
-1836
-2070
-2082
-2130
-2280
-2559
-3002
-3338
-3230
-2811
-2361
-2002
-1772
-1476
-1030
-439
83
597
1030
1464
1647
1525
1215
818
547
371
450
351
157
-99
-507
-882
-1094
-1244
-1521
-1676
-1756
-1514
-1138
-736
-490
-542
-628
-767
-960
-1442
-1718
-1885
-1956
-1630
-1121
-466
300
869
1419
1894
2195
2420
2597
2633
2466
2072
1539
1138
1116
1386
1699
2044
2215
2101
1631
1151
707
209
-185
-291
-242
-113
5
24
80
211
347
539
496
401
389
316
138
-198
-666
-986
-1087
-1017
-1068
-1190
-1534
-1932
-2138
-2154
-1998
-1851
-1413
-1155
-849
-332
-3
339
523
576
700
787
740
710
684
695
794
791
682
385
28
-423
-802
-1107
-1202
-1259
-1261
-910
-693
-316
-70
-3
-168
-483
-664
-1073
-1521
-1773
-1860
-1672
-1152
-676
-104
366
838
1274
1384
1528
1437
1202
958
666
559
682
913
1407
1813
1966
1793
1410
1132
832
667
582
457
335
220
95
123
212
383
552
564
542
376
393
447
528
456
224
-111
-491
-684
-793
-789
-850
-1017
-1248
-1581
-1670
-1774
-1674
-1486
-1239
-924
-561
-148
197
540
616
656
758
794
798
879
853
1014
1067
1137
1028
722
418
54
-119
-291
-251
-95
117
374
628
805
876
701
266
-196
-600
-881
-912
-917
-870
-726
-446
-137
51
316
446
608
598
497
548
534
634
596
660
713
826
937
980
878
545
107
-232
-384
-493
-581
-784
-862
-891
-728
-439
-242
-162
-294
-321
-278
-168
-206
-234
-398
-714
-908
-1223
-1368
-1454
-1514
-1648
-1823
-2021
-2129
-2065
-1695
-1343
-1066
-767
-689
-406
159
753
1332
1753
1926
2038
2069
1977
1863
1845
1854
1845
1892
1763
1273
864
403
45
73
350
589
790
962
1188
1375
1371
1124
487
-7
-607
-927
-1023
-1092
-902
-365
-16
303
495
458
516
608
974
1272
1505
1457
1373
1402
1576
1817
1901
1896
1729
1534
1225
688
217
-114
-307
-422
-569
-707
-1027
-1302
-1255
-1017
-870
-705
-756
-783
-784
-798
-876
-1080
-1272
-1497
-1619
-1844
-1971
-2126
-2267
-2235
-2332
-2529
-2856
-3251
-3265
-3006
-2411
-1766
-1225
-673
-259
213
614
860
1033
1202
1546
1872
2197
2498
2660
2740
2527
1981
1489
986
788
977
1183
1608
1807
1895
1739
1380
992
605
179
-92
-328
-558
-732
-770
-675
-514
-67
224
371
435
379
504
790
1150
1473
1591
1632
1843
2033
2289
2201
1999
1778
1560
1492
1455
1249
873
565
107
-203
-488
-745
-864
-992
-898
-753
-695
-756
-820
-908
-1126
-1144
-1128
-1266
-1328
-1445
-1680
-2120
-2456
-2667
-2798
-2951
-3168
-3406
-3873
-4074
-3931
-3467
-2813
-2249
-1778
-1377
-945
-507
9
407
706
1153
1421
1642
1903
2013
1953
1928
1886
1647
1537
1690
1980
2350
2760
3090
2992
2790
2303
1721
1104
685
488
317
194
52
-37
-346
-470
-376
-174
-55
41
-112
-55
88
337
538
809
1194
1534
1859
1996
2001
1761
1420
1325
1360
1570
1710
1460
1172
845
623
479
195
32
-24
-135
-101
-2
51
-52
-158
-327
-516
-629
-797
-882
-1052
-1207
-1346
-1709
-2138
-2609
-2935
-3201
-3524
-3849
-4024
-4003
-3802
-3424
-2988
-2586
-2322
-2156
-1890
-1579
-1136
-749
-535
-181
59
252
305
268
352
451
585
884
1216
1585
1956
2367
2724
2842
2740
2355
1977
1582
1249
1003
757
645
447
116
-104
-565
-918
-1207
-1294
-1269
-1199
-914
-779
-561
-407
-13
430
891
1252
1499
1626
1431
1355
1286
1269
1488
1704
1646
1459
1105
752
546
330
200
74
-112
-210
-305
-252
-111
129
305
427
544
495
304
-78
-283
-308
-407
-621
-936
-1401
-1744
-2090
-2259
-2351
-2363
-2250
-2261
-2074
-1992
-2023
-1960
-1855
-1687
-1386
-1050
-789
-650
-520
-414
-241
-107
137
478
719
1093
1339
1611
1656
1555
1544
1360
1196
1019
935
1028
1067
1133
1026
806
461
-16
-450
-798
-1154
-1507
-1680
-1721
-1587
-1288
-914
-617
-348
58
361
672
1011
1244
1467
1560
1696
1779
1847
1923
2061
2078
1871
1551
1179
971
753
691
547
514
648
812
1015
1146
1013
829
738
622
498
299
82
-69
-158
-152
-260
-403
-592
-810
-915
-918
-890
-810
-752
-811
-845
-857
-770
-858
-1097
-1251
-1358
-1266
-1161
-1150
-1070
-994
-897
-646
-293
-25
360
687
1110
1235
1288
1088
868
695
606
630
591
575
529
531
459
412
226
-22
-545
-1137
-1844
-2274
-2507
-2431
-2251
-2040
-1818
-1825
-1801
-1661
-1411
-1231
-906
-631
-295
27
322
597
716
813
806
876
841
721
519
301
313
438
601
702
804
1020
1182
1267
1398
1387
1317
1212
1030
896
658
466
478
589
583
452
114
-282
-440
-419
60
340
465
393
163
26
-94
-142
-281
-451
-516
-520
-468
-401
-400
-494
-377
-129
56
328
469
684
933
1117
1219
1207
1120
918
839
886
1110
1326
1433
1537
1504
1280
927
516
-84
-563
-1121
-1546
-1669
-1648
-1470
-1306
-1383
-1582
-1754
-1882
-1902
-1741
-1553
-1309
-975
-517
-81
234
347
326
277
237
212
185
121
-95
-271
-224
-274
-111
13
-42
48
228
585
962
1070
935
926
932
1053
1202
1224
1112
790
341
32
-255
-334
-205
-10
341
526
348
44
-442
-760
-718
-542
-370
-249
-92
-89
-91
-242
-334
-285
-144
46
191
394
598
813
1030
1218
1212
1184
1112
1204
1503
1758
2053
2050
1908
1572
1040
605
316
-109
-337
-535
-650
-627
-714
-863
-1064
-1168
-1445
-1615
-1810
-2028
-2238
-2248
-2206
-2087
-1920
-1640
-1234
-915
-785
-852
-877
-958
-1112
-1198
-1082
-1086
-1036
-972
-1041
-1123
-1066
-1058
-983
-857
-627
-383
4
369
731
1111
1107
985
637
239
7
-94
-108
-24
80
239
367
211
46
-120
-281
-478
-535
-336
-122
-12
35
49
-99
-223
-280
-200
-187
-34
71
157
246
394
642
787
1106
1319
1694
2112
2483
2724
2914
3063
2824
2405
1850
1275
656
204
-2
-107
-83
92
240
195
111
0
-209
-425
-456
-503
-729
-993
-1091
-1019
-872
-707
-590
-449
-467
-556
-874
-1149
-1287
-1408
-1365
-1301
-1344
-1376
-1570
-1637
-1456
-1390
-1201
-938
-800
-549
-207
144
284
404
463
389
307
158
131
151
399
606
636
513
174
-59
-400
-548
-649
-536
-256
-80
15
-87
-235
-359
-574
-691
-550
-366
-153
-124
-154
-218
-239
-192
-187
-55
299
787
1345
1957
2387
2683
2653
2479
2277
2144
1940
1642
1289
1145
1093
1142
1246
1121
1015
798
516
245
102
28
-137
-115
-155
-215
-278
-155
21
216
216
67
-110
-316
-453
-672
-940
-1206
-1161
-1275
-1424
-1536
-1879
-2180
-2177
-1984
-1767
-1475
-1176
-871
-618
-398
-240
-174
-92
9
200
346
527
619
699
1029
1149
1033
821
596
273
59
-97
-253
-331
-449
-564
-631
-730
-725
-686
-584
-511
-482
-454
-478
-507
-685
-687
-566
-387
-108
187
655
1084
1503
1757
1774
1769
1727
1656
1530
1562
1502
1407
1396
1535
1730
1855
1865
1695
1480
1384
1181
1152
1133
1082
998
983
1064
1088
1193
1290
1290
1233
1191
883
546
40
-367
-779
-999
-995
-1105
-1208
-1459
-1677
-1673
-1534
-1252
-984
-656
-429
-225
-166
-115
-170
-438
-602
-537
-288
-101
375
630
863
1094
1124
1054
872
696
500
416
382
214
-45
-244
-610
-1000
-1306
-1422
-1543
-1388
-1220
-1192
-1214
-1358
-1401
-1445
-1422
-1233
-874
-597
-214
-3
202
461
650
803
843
764
761
639
602
491
390
455
617
931
1050
1212
1227
1094
959
801
771
898
1048
1317
1566
1728
1717
1661
1578
1512
1505
1523
1361
1063
782
402
11
-319
-636
-876
-1057
-1253
-1341
-1326
-1210
-1078
-881
-760
-743
-733
-694
-658
-575
-499
-383
-185
-95
64
282
458
827
1029
1182
1331
1294
1033
815
662
472
503
612
569
340
44
-213
-500
-579
-547
-566
-575
-823
-1024
-1181
-1325
-1434
-1263
-1054
-710
-505
-317
-281
-215
-94
93
302
167
144
7
-153
-159
-69
186
350
483
583
672
818
858
951
1081
1216
1349
1560
1527
1541
1513
1560
1609
1606
1579
1538
1536
1379
1208
972
635
506
359
63
-209
-569
-740
-1048
-1094
-1162
-1378
-1569
-1649
-1667
-1645
-1603
-1537
-1568
-1499
-1112
-761
-353
72
533
718
991
1232
1322
1406
1449
1416
1307
1189
1146
1102
1080
1172
1158
1054
831
576
458
293
206
181
44
-79
-218
-350
-406
-607
-794
-648
-694
-632
-567
-518
-451
-434
-329
-249
-271
-420
-615
-742
-855
-735
-553
-626
-623
-635
-686
-638
-552
-350
-158
4
214
365
484
459
551
661
738
723
535
458
261
191
48
-91
-49
-104
-141
-91
-70
-162
-152
-281
-308
-419
-556
-661
-792
-930
-1046
-1203
-1343
-1126
-879
-476
-158
143
313
382
602
722
792
909
942
1095
1338
1540
1697
1583
1464
1342
1385
1524
1643
1724
1596
1472
1408
1306
1114
811
328
-69
-344
-485
-509
-447
-376
-407
-544
-623
-654
-655
-613
-558
-613
-671
-733
-824
-882
-1006
-1060
-1140
-1194
-1265
-1318
-1292
-1281
-1102
-947
-759
-381
-87
102
300
413
370
345
296
230
78
26
-132
-156
-42
19
-49
-153
-222
-346
-504
-628
-847
-1061
-1214
-1416
-1551
-1657
-1872
-1895
-1905
-1912
-1657
-1378
-1045
-804
-538
-472
-342
-223
-155
-39
1
165
342
568
846
1037
1140
1159
1204
1353
1466
1668
1675
1627
1582
1524
1523
1445
1287
1033
879
741
539
232
-61
-264
-378
-396
-411
-478
-718
-946
-951
-963
-968
-917
-1066
-1357
-1535
-1613
-1565
-1496
-1553
-1528
-1447
-1378
-1228
-1104
-1002
-849
-529
-302
-173
1
68
167
154
181
138
119
165
378
536
500
465
363
243
159
71
-40
-18
-111
-323
-419
-702
-837
-1015
-1205
-1188
-1189
-1024
-735
-594
-417
-405
-483
-371
-425
-308
-204
-92
145
342
623
795
921
960
916
954
1104
1334
1647
1723
1746
1853
1825
1702
1722
1482
1318
1236
1136
977
805
685
400
194
139
97
41
-228
-500
-769
-1050
-1252
-1357
-1385
-1503
-1659
-1712
-1812
-1848
-1807
-1827
-1667
-1490
-1137
-584
-283
-136
-43
106
264
300
247
239
261
396
457
441
381
304
284
131
165
177
22
-25
-16
-59
-127
-297
-492
-688
-804
-817
-830
-691
-656
-574
-530
-493
-551
-578
-601
-776
-864
-1037
-1078
-1133
-980
-876
-555
-269
74
309
316
414
493
670
833
1005
1203
1272
1316
1267
1217
1119
1245
1353
1321
1280
1164
872
573
300
51
-76
-1
16
25
-87
-224
-541
-764
-912
-1141
-1306
-1372
-1571
-1793
-1884
-2013
-2028
-1922
-1672
-1343
-1016
-678
-432
-251
-160
-187
-179
-68
97
195
235
383
560
695
878
984
995
866
891
958
836
666
508
261
44
-123
-147
-128
-200
-84
49
157
257
273
164
93
48
-19
-30
23
-83
-256
-379
-447
-266
-210
-80
-21
-159
-112
-90
-79
98
264
614
914
1014
1110
1205
1204
1277
1401
1427
1426
1467
1436
1329
1225
1001
794
529
407
336
213
13
-309
-681
-936
-1089
-1058
-1159
-1406
-1820
-2256
-2460
-2590
-2454
-2182
-1833
-1566
-1295
-1196
-1239
-1189
-1092
-947
-814
-491
-290
-228
-52
89
173
298
335
569
921
1268
1466
1419
1298
1072
873
758
600
458
394
462
484
425
490
381
279
221
88
61
-148
-336
-465
-434
-315
-134
123
195
196
55
-101
-393
-585
-649
-619
-423
-149
87
300
408
391
390
326
357
341
403
427
403
404
271
152
7
-30
23
28
39
146
165
103
18
-214
-463
-672
-911
-1083
-1395
-1830
-2131
-2326
-2434
-2368
-2077
-1860
-1600
-1346
-1196
-1096
-1163
-1081
-870
-710
-426
-177
-125
-43
-48
-89
-36
207
568
871
1063
1093
1069
1004
861
687
620
701
813
1052
1186
1410
1538
1459
1384
1289
1255
1320
1300
1257
1076
846
759
586
431
296
169
60
-40
-46
80
35
-12
-16
-66
-58
146
300
361
518
577
681
802
821
833
748
566
527
347
179
17
-98
-171
-288
-280
-276
-181
-219
-164
-305
-445
-705
-1005
-1211
-1429
-1644
-1836
-1990
-1875
-1688
-1535
-1369
-1197
-1102
-992
-1004
-1085
-1053
-1193
-1124
-1064
-1004
-811
-633
-487
-285
-22
163
427
663
865
949
970
861
