76
146
164
237
271
165
119
-36
-59
-18
-98
19
123
145
193
284
318
332
374
311
362
387
335
85
-38
-221
-231
-129
-81
87
75
128
135
125
112
118
-31
30
79
-4
71
-10
-8
-91
29
123
279
371
383
434
366
259
87
102
0
32
78
69
39
-33
-91
-176
-225
-197
20
67
192
296
255
211
129
236
156
75
23
-26
13
0
-41
-13
1
53
91
104
174
102
-35
-204
-465
-783
-838
-747
-607
-325
-278
-226
-210
-333
-456
-505
-555
-623
-592
-542
-352
-158
-77
-259
-264
-159
-10
75
73
39
-187
-190
-151
-178
-159
-141
-67
-88
-87
-106
-192
-258
-361
-381
-294
-244
-169
-130
-216
-210
-241
-136
-117
-255
-136
-63
56
114
231
369
315
334
354
257
344
296
231
203
152
196
194
165
144
165
96
55
158
220
329
277
197
176
164
249
221
260
246
341
291
276
267
350
326
186
84
-35
-53
-17
9
132
317
332
319
344
422
412
336
306
279
309
278
285
197
213
188
137
121
78
93
153
277
267
321
234
224
148
-8
9
38
27
25
101
187
187
234
212
250
276
342
373
441
412
257
322
217
82
38
-29
-15
-48
-53
-43
-134
-97
-68
-70
37
98
136
272
443
323
297
203
51
10
-130
-195
-309
-384
-300
-110
40
77
129
136
117
114
94
61
-12
-121
-57
85
211
237
291
188
104
136
6
78
-11
14
39
-32
54
-68
-140
-227
-270
-327
-357
-334
-267
-195
-109
-89
-55
7
-35
-33
-63
-111
-78
-38
-87
-4
-18
-78
-209
-184
-108
-145
-115
-58
57
132
68
-34
-99
-189
-137
-69
69
105
112
41
-25
29
-43
-113
-160
-217
-224
-254
-179
-100
-90
-3
139
314
381
436
461
435
316
284
287
428
509
539
569
577
588
633
671
504
408
377
223
224
267
189
145
152
187
260
375
467
552
568
509
391
380
428
310
367
404
355
301
264
158
142
69
133
221
206
252
179
140
93
76
-52
-72
-76
-97
25
-4
8
24
8
0
-14
-47
-138
-176
-253
-280
-307
-284
-391
-492
-488
-457
-572
-598
-431
-389
-250
-105
-50
-18
64
45
86
99
43
-27
36
6
-14
-4
8
-10
-128
-114
-182
-107
-64
-106
-100
-67
62
97
315
389
502
510
445
423
390
503
409
393
216
238
215
41
-14
-105
-135
-60
-52
63
71
-143
-129
-217
-267
-95
26
152
283
462
495
499
549
497
501
577
501
462
391
478
505
590
727
870
1081
1071
1179
1200
1073
887
725
661
700
590
610
571
346
221
49
-151
-409
-748
-1183
-1503
-1687
-2020
-2329
-2602
-2790
-2915
-2979
-2906
-2852
-2617
-2581
-2424
-2150
-1949
-1611
-1268
-844
-420
139
533
778
1018
1148
1108
1055
936
761
480
83
-240
-619
-989
-1137
-1285
-1425
-1174
-1006
-526
39
520
930
1460
1845
2115
2315
2366
2291
2236
2238
2123
1925
1740
1518
1270
1046
921
943
887
756
755
733
705
780
831
991
1003
1105
1143
1190
1367
1562
1845
1944
2067
2124
2064
1997
1872
1742
1538
1392
1207
938
640
397
169
31
-193
-489
-890
-1338
-1746
-2281
-2860
-3447
-3793
-4078
-4180
-4208
-4097
-3741
-3192
-2601
-2028
-1339
-773
-244
143
610
1045
1498
1750
1646
1731
1741
1588
1408
1072
750
423
181
-59
-456
-996
-1556
-2107
-2637
-3100
-3376
-3398
-3448
-3540
-3675
-3488
-2935
-2443
-1780
-1178
-590
41
732
1370
1575
1734
1403
1161
991
861
964
826
646
450
520
873
1457
1858
1906
1884
1574
1266
1047
673
236
-237
-559
-608
-337
188
857
1406
1922
2306
2888
3493
3842
3781
3431
2980
2505
2059
1492
806
84
-349
-565
-499
-99
460
961
1373
1642
2044
2308
2434
2461
2294
1985
1698
1455
957
468
-292
-1183
-2058
-2778
-3519
-4106
-4356
-4546
-4768
-4772
-4500
-4110
-3632
-3208
-2671
-2098
-1477
-602
247
1181
1905
2449
2937
3132
3311
3343
3105
2685
2028
1479
815
216
-423
-1271
-1942
-2566
-3071
-3400
-3443
-3226
-3024
-2626
-2044
-1386
-859
-581
-469
-388
-246
-117
-205
-359
-528
-585
-567
-582
-750
-945
-1194
-1365
-1285
-1195
-1163
-1172
-1158
-792
-131
674
1367
1775
2105
2274
2491
2645
2551
2062
1571
923
230
-61
-186
-213
-335
-51
512
1357
2245
2789
2980
2948
2813
2443
2026
1506
852
151
-519
-1061
-1291
-1147
-794
-33
749
1703
2705
3474
4036
4159
4141
3693
2931
2147
1217
354
-742
-2016
-3370
-4588
-5514
-6081
-6213
-6206
-5953
-5518
-4724
-3703
-2695
-1846
-1428
-1241
-1040
-586
-102
283
522
688
884
1209
1834
2356
2738
2528
2120
1535
937
506
-143
-785
-1593
-2216
-2578
-2586
-2223
-1786
-1371
-920
-342
296
782
797
305
-551
-1084
-1306
-1254
-1288
-1380
-1205
-826
-128
386
613
370
-122
-256
79
678
1034
1051
1172
1448
2329
3321
3799
3708
3227
2647
2167
1880
1365
648
4
-637
-935
-536
361
1271
1954
2569
2926
3425
3865
3724
3201
2139
942
-59
-653
-1214
-1804
-2198
-2641
-2585
-2024
-1129
174
1416
2612
3575
4617
5376
5547
5147
4094
2694
1144
-178
-1472
-2732
-3783
-4547
-4977
-5233
-5549
-5725
-5655
-5406
-4757
-4107
-3653
-3107
-2543
-1891
-1317
-1126
-1246
-1519
-1875
-1970
-1664
-1307
-1023
-881
-578
76
1075
1882
2351
2477
2329
2131
2024
1865
1561
884
-180
-1042
-1607
-1752
-1717
-1437
-1018
-536
88
957
1372
1311
1004
489
148
71
43
6
-15
-100
70
359
385
88
-485
-1087
-1089
-720
-190
364
760
1211
1989
2912
3618
3796
3241
2414
1509
702
103
-406
-855
-1165
-1139
-455
592
1715
2681
3223
3364
3202
2935
2434
1412
112
-1292
-2412
-2960
-3237
-3212
-2888
-2394
-1696
-666
512
1905
3284
4353
5225
5698
5911
5736
5133
3908
2404
705
-950
-2325
-3289
-3660
-3797
-3450
-2841
-2442
-2197
-2113
-1911
-1534
-1363
-1530
-2132
-2512
-2574
-2530
-2488
-2575
-2789
-3182
-3101
-2359
-1146
-195
147
137
475
1285
2473
3320
3728
3804
3701
3601
3589
3593
3115
2134
671
-844
-2092
-2876
-3264
-3492
-3679
-3502
-3162
-2587
-1872
-940
38
1032
1824
2258
2505
2582
2505
1936
766
-693
-2266
-3239
-3330
-2776
-2078
-1472
-646
191
1436
2850
3660
3594
2933
1937
956
268
70
-198
-528
-836
-928
-378
789
1790
2304
2341
1861
1272
871
457
-242
-1294
-2522
-3261
-3414
-2875
-2102
-1499
-1151
-834
-176
896
2191
3223
3981
4045
3895
3825
3629
3322
2489
1073
-437
-1536
-2119
-2096
-2090
-2120
-1970
-1466
-340
1051
2088
2033
842
-866
-2152
-2928
-3784
-4666
-5748
-6244
-5770
-4678
-3310
-2373
-1751
-1636
-1493
-866
-53
722
1037
1148
1614
2734
4230
5534
6407
6634
6168
5465
4473
3160
1511
-848
-3248
-5217
-6290
-6419
-5667
-4337
-2803
-1131
265
1256
1815
2106
2149
2090
1774
1085
412
-15
-321
-716
-1380
-2256
-3114
-3512
-2972
-1816
-689
342
1259
2197
3357
4821
5613
5314
4268
2686
1008
-59
-871
-1858
-2783
-3536
-3845
-3237
-1543
196
1653
2667
3196
3513
4011
4132
3536
2475
954
-474
-1383
-1814
-2212
-2503
-2822
-3060
-2743
-1825
-724
495
1625
2442
3140
3864
4425
4689
4506
3758
2621
1487
720
64
-183
-278
-491
-721
-664
-139
541
838
466
-985
-2943
-4314
-4996
-5372
-5471
-5308
-5107
-4191
-2685
-1282
-322
-154
-832
-1680
-1930
-1334
-641
63
867
1913
3650
5608
7408
8296
8081
6783
4724
2189
-390
-2706
-5072
-7033
-8226
-8320
-6933
-4493
-1561
746
1912
2388
2541
2639
2718
2554
1608
218
-963
-1494
-1626
-1868
-2533
-3653
-4580
-4481
-3208
-1444
230
1428
2229
3372
5014
6351
6715
5982
4068
1424
-1038
-2947
-4715
-6153
-7269
-7816
-6940
-4440
-1250
2006
4824
6624
7377
7610
7056
5721
3522
651
-2082
-4187
-5467
-5893
-5583
-4699
-3443
-1858
215
2347
4109
5382
5928
5637
5209
4881
4381
3689
2748
1717
1002
578
167
-255
-508
-732
-661
-283
51
301
325
-303
-1559
-2607
-3290
-3843
-4279
-4467
-4385
-4027
-3350
-2544
-1973
-1858
-2101
-2551
-2802
-2450
-1879
-1371
-676
531
2365
4729
6989
8428
8943
8374
6950
4928
2527
-235
-3058
-5735
-7845
-9044
-8857
-7557
-5471
-2936
-639
1074
2275
3228
3685
3665
3104
2095
678
-579
-1456
-2334
-3419
-4528
-5564
-6146
-5306
-3387
-1046
1235
3124
4636
5839
7146
7625
6667
4537
1812
-1380
-4179
-6007
-7209
-7864
-7608
-6413
-4339
-1017
2682
6090
8469
9656
9810
9092
7398
4656
1339
-2156
-5319
-7398
-8278
-8019
-6791
-5089
-3009
-691
1779
4336
6208
7172
7126
6492
5562
4516
3425
1894
483
-743
-1367
-1481
-1230
-1045
-904
-332
175
834
1331
1557
1530
981
-150
-1711
-3107
-4202
-4872
-5179
-5121
-4676
-3870
-3080
-2619
-2486
-2705
-3141
-3375
-3115
-2227
-1125
60
1468
3213
5347
7447
8949
9155
8267
6499
4193
1411
-1559
-4257
-6640
-8224
-8622
-7771
-5919
-3294
-441
1649
3031
3978
4504
4624
4299
3370
1725
-100
-1804
-3105
-4340
-5427
-6586
-7719
-7593
-5956
-3222
-240
2538
4689
6211
7626
8682
8470
6802
4215
840
-2424
-4539
-5786
-6443
-6471
-5702
-4150
-1556
1628
4776
7199
8401
8612
7962
6632
4642
2172
-575
-3154
-4897
-5749
-5660
-4734
-3268
-1708
-91
1692
3499
4967
5974
6240
5637
4563
3732
3066
2151
1388
428
-408
-857
-1007
-812
-370
126
586
869
1246
1620
1277
-18
-1880
-3749
-5189
-6043
-6356
-6280
-6062
-5216
-3998
-2752
-1699
-1302
-1701
-2256
-2251
-1846
-1145
-614
26
1023
2604
4624
6254
7006
6593
5462
3494
1271
-994
-3319
-5585
-7677
-8969
-8994
-7673
-5284
-2509
-146
1405
2351
3212
4025
4349
4159
3179
1459
-59
-1203
-2385
-3969
-5832
-7857
-9181
-8621
-6100
-2504
1240
4616
7142
9094
10717
11118
9683
6477
2169
-2287
-5690
-7541
-8148
-7837
-6776
-5187
-2848
705
4550
7843
9878
10293
9467
8092
6241
3876
1100
-1781
-4414
-5955
-5940
-4927
-3393
-1814
-504
850
2545
4340
5895
6677
6567
5615
4311
3288
2222
935
-408
-1661
-2382
-2214
-1120
271
1440
2098
2216
2111
1507
172
-2009
-4723
-6792
-7691
-7902
-7442
-6308
-4859
-3245
-1041
759
1518
1440
410
-1042
-2181
-2707
-3090
-3198
-2866
-1576
539
3004
5015
6212
6543
5952
4523
2528
473
-1862
-4137
-6285
-7725
-7829
-6741
-4813
-2406
-405
938
1929
2768
3698
4543
4985
4518
3432
2214
1012
-501
-2601
-5187
-8008
-9744
-9443
-7208
-3758
26
3573
6491
9185
11318
11882
10634
7477
3016
-1564
-5082
-7147
-7980
-7729
-6591
-4878
-2192
1296
4846
7703
9299
9285
8422
7169
5437
3299
703
-2289
-4963
-6350
-6331
-5295
-3771
-2226
-678
1035
3053
4955
6354
7007
6690
5875
4788
3518
1907
-4
-1867
-3134
-3512
-2947
-1518
-27
1603
3062
3506
2739
492
-2376
-4727
-6464
-7365
-7818
-7977
-7576
-6212
-4036
-2098
-797
-322
-604
-681
174
1043
1167
537
-388
-867
-416
492
1178
1392
1268
886
715
1030
1397
1513
565
-962
-2381
-3328
-3829
-4060
-4393
-4469
-3822
-2321
57
2773
5525
7181
7973
7871
6549
4315
1320
-2099
-5382
-7995
-9274
-9131
-7295
-4309
-791
2558
5478
7643
8631
8423
6843
4246
1337
-1323
-3327
-4153
-4148
-3268
-1919
-31
1966
3770
5128
5874
5680
4810
3667
2591
1775
1201
694
216
-455
-1467
-2098
-2516
-2662
-2569
-2129
-1394
-199
1342
3029
4721
5815
6156
5956
5109
3630
1900
363
-1087
-1953
-2110
-1801
-907
357
1586
2395
2048
263
-2259
-4668
-6277
-6983
-7194
-7256
-6901
-5948
-3967
-1783
-106
219
-597
-1637
-2168
-1622
-567
-6
-185
-8
716
2079
3434
3758
2916
1251
-709
-2198
-2812
-2731
-2383
-2036
-1761
-1344
-357
675
816
-518
-2674
-4687
-5425
-4485
-2091
828
3210
5219
6776
7603
7341
5358
1694
-2952
-6707
-8353
-7840
-5571
-2599
499
3332
6319
8720
9587
8781
5915
1453
-3077
-6262
-7632
-7059
-4965
-2185
976
4417
7817
10321
11389
10567
7884
4447
953
-1926
-3936
-5044
-5332
-4737
-3263
-1396
729
2231
2961
2934
2411
1835
1303
1110
1134
1412
1723
2054
2233
2170
2179
1770
1088
275
-397
-694
-483
-13
183
-267
-1749
-4052
-6153
-7363
-7622
-7562
-7470
-7072
-6187
-4693
-2955
-1590
-1107
-1419
-1746
-1439
-307
943
1566
1686
1808
2289
3164
3591
3223
1937
82
-2052
-3855
-4814
-5083
-4741
-4327
-3640
-2234
-451
1269
2552
2743
2029
763
-451
-1344
-1507
-967
-127
744
1714
2433
2770
2647
1801
198
-1512
-2720
-3008
-1875
192
2660
4829
6516
7415
7350
6347
3977
428
-3446
-6907
-8971
-8964
-6985
-3773
72
4061
7802
11182
13395
13791
12115
8467
3905
-720
-4572
-7325
-8701
-8757
-7835
-5897
-3076
177
3211
5229
5978
5398
4425
3303
2039
978
-420
-1687
-2386
-2560
-2262
-1513
-610
218
988
1479
2278
3024
2927
1665
-945
-3889
-6462
-7996
-8626
-8903
-8837
-8443
-6989
-4846
-2674
-820
-73
-94
87
1011
2189
2914
3179
3174
3311
3923
4452
4131
3089
1236
-1273
-3526
-5286
-6532
-7279
-7476
-7325
-6544
-4907
-2726
-346
1834
3379
4461
5185
5558
5464
4861
3635
1894
205
-1292
-2466
-3403
-3839
-3898
-3494
-2557
-1173
735
2918
4783
6253
7084
7203
6525
4999
2744
-16
-2693
-4918
-6413
-6996
-6454
-5077
-2657
488
3895
7250
10062
12037
12756
12069
10144
7121
3461
-308
-3992
-7090
-9385
-10535
-10232
-8672
-6140
-2993
153
3019
5470
7234
7919
7531
6286
4175
1575
-722
-2484
-3513
-3688
-2982
-1631
-76
1750
3446
4290
3632
1294
-1972
-5246
-7652
-8950
-9588
-9538
-8781
-7435
-5367
-3165
-1559
-1011
-1198
-1486
-1253
-286
758
1434
2184
3432
5090
6820
7594
7082
5325
2577
-658
-3611
-5994
-7924
-9195
-9913
-9734
-8237
-5636
-2595
353
2628
4075
4980
5253
5428
5015
4099
3126
1976
1152
461
-11
-600
-1587
-2444
-3101
-3284
-2432
-825
1003
2893
4656
6228
7359
7805
7024
5140
2342
-882
-3894
-6127
-7231
-7289
-6079
-3430
204
4437
8647
12044
14022
14159
12666
9745
6086
2051
-2042
-5605
-8371
-9764
-9703
-8431
-6173
-3721
-1429
459
1919
3177
4154
4543
4267
3510
2442
1444
743
105
-185
-214
-106
107
534
738
107
-1300
-3382
-5509
-6913
-7601
-7978
-7892
-7697
-7313
-6445
-5108
-3469
-1927
-843
162
1359
2356
3027
2976
2446
1853
1662
1879
2029
2127
1979
1522
949
342
-417
-1559
-3258
-5267
-7180
-8584
-8960
-8203
-6590
-4105
-943
2370
5470
7816
9234
9356
7985
5836
3102
315
-1814
-3049
-3442
-2979
-2055
-788
883
2220
3324
3916
3692
3321
2774
2445
2247
1984
1516
942
515
109
-172
-509
-836
-982
-756
81
1725
3682
5868
7685
8876
9292
8908
7471
5139
1981
-1514
-4805
-7230
-8394
-8174
-7064
-5085
-2674
-258
2415
4719
6396
6934
6366
4854
2811
931
-875
-2322
-3390
-3922
-3796
-3443
-3384
-3751
-4285
-4635
-4315
-4219
-4251
-4521
-5029
-5078
-4942
-4891
-5111
-5223
-5057
-3954
-1433
1375
3622
5125
5691
5800
5771
5108
3411
1018
-1511
-3900
-5153
-5216
-4565
-3367
-2662
-2270
-2153
-2065
-1949
-1941
-2064
-2564
-2725
-2010
-375
1833
4005
5465
6268
6354
6153
5655
4595
2862
736
-1122
-2143
-1972
-1027
173
1047
1582
1886
2368
2928
2966
2668
2155
1355
1132
1462
2017
2590
3165
3137
2595
2100
1459
937
381
-91
-238
327
1637
3521
5513
7128
8009
7796
6846
4987
2694
16
-2977
-5781
-8022
-9123
-8559
-6535
-3629
-487
2383
4639
6240
7078
6836
5351
3068
110
-3362
-6646
-9316
-10977
-11390
-10782
-9416
-7752
-5824
-3795
-2003
-912
-938
-2048
-3723
-5050
-5148
-3770
-1781
286
2125
3829
5811
7614
8235
7205
4439
525
-3483
-6711
-8691
-9679
-9702
-9173
-7985
-5854
-3136
-238
1994
3393
3744
3630
3297
2819
2319
1402
626
219
454
1263
2027
2797
3039
2795
2347
1764
1471
1320
1143
989
1081
1458
1978
2783
3111
2953
2633
2098
1749
1779
1993
2574
3023
3304
3656
4022
4328
4265
3885
3151
2219
1145
55
-760
-1194
-1212
-859
100
1498
2944
4429
5082
5012
4098
2686
1428
401
-291
-876
-1403
-1861
-1628
-1027
-222
546
1011
681
-778
-2905
-5351
-7257
-8036
-8225
-8282
-8215
-7956
-7295
-6245
-5297
-5096
-5701
-6189
-6180
-4896
-2439
167
2580
4492
5968
7013
7737
7489
5696
2831
-755
-4279
-6824
-8305
-8872
-8764
-8587
-8311
-7479
-6288
-4652
-2960
-1392
-82
1253
2733
4287
5692
6677
6851
6245
5346
4075
2766
1433
94
-1227
-2152
-2226
-1248
295
2051
3587
4375
4642
4206
3431
2406
1408
521
-63
-151
705
2382
4611
6789
7983
8414
8028
7066
5526
3712
1900
-127
-1747
-2468
-2308
-1353
-141
1007
2021
2738
3204
3517
3529
2977
1964
931
372
797
1901
3117
3962
4113
3629
2881
1711
439
-1057
-3454
-6603
-9602
-11427
-11658
-10435
-8885
-7563
-6716
-5965
-5015
-4049
-3585
-3963
-5051
-5668
-4881
-2643
439
2997
4553
5301
5688
5667
4814
2852
-23
-3328
-6370
-8193
-8723
-8335
-6950
-5439
-4024
-2781
-1760
-1039
-491
-38
21
51
127
629
1231
2162
3067
3809
4220
4246
3865
3025
2042
857
-503
-1788
-2373
-2116
-1039
461
2236
3798
5029
5828
5900
5309
4551
3241
1924
979
776
1473
2546
3732
4585
5164
5797
6466
6741
6204
4908
3103
1282
25
-855
-1111
-1098
-1058
-635
6
767
1541
1920
1968
1859
1886
2367
3110
4304
5512
6203
6162
5545
4127
2330
361
-2318
-6068
-10417
-13629
-15390
-15198
-13379
-11317
-9285
-7328
-5086
-2944
-1256
-651
-1167
-2019
-2290
-1590
-262
1028
1896
2246
2404
2579
2300
1057
-899
-3439
-6165
-8236
-8971
-8214
-6564
-4611
-3212
-2509
-2128
-1617
-1210
-804
-751
-950
-921
-265
1409
3249
4590
5124
4712
3861
3375
3108
2543
1902
851
-482
-1135
-873
-346
70
384
135
-135
367
1419
2617
4045
5208
5843
6745
7933
8704
8924
8655
7354
5621
4389
3634
3180
2694
1940
1228
1079
1818
2842
3743
4047
3398
2441
1749
1140
539
34
-710
-1096
-709
668
2350
4005
5579
6373
6201
5562
4240
2425
56
-3332
-7184
-10328
-12031
-12646
-12042
-10989
-10420
-9842
-9234
-8278
-7281
-6414
-5937
-5920
-4857
-2455
801
4196
6583
7323
7277
6396
4860
2604
-366
-4262
-8384
-11713
-13540
-13415
-11867
-9913
-8164
-6403
-4562
-2570
-400
1451
2632
3041
3190
3749
4400
4749
4658
3987
2861
2083
1815
1535
1351
1108
869
973
1457
2164
2923
3329
3167
2588
1906
1451
1221
873
524
113
28
495
1676
3241
4703
6174
7203
7909
8456
8738
8493
7940
6946
5178
3362
1761
386
-398
-712
-765
-566
116
994
1711
2486
2911
2963
2832
2925
3406
4136
5209
6276
6754
6689
5640
3669
781
-3034
-7485
-11673
-14308
-15139
-14174
-12168
-9868
-7982
-6614
-5344
-4877
-4779
-5281
-6180
-6251
-4935
-2383
550
3332
5523
7045
7752
7178
5116
1687
-2628
-7285
-10923
-12940
-13045
-11418
-9462
-7779
-6572
-5439
-4328
-3191
-2019
-1360
-833
-14
1344
3008
4712
5888
6200
5918
5103
4015
2984
2080
879
-330
-1257
-1542
-928
376
1900
2933
3489
3873
4164
4348
4557
4664
4411
3878
3605
3509
3926
4620
5060
5275
5316
5365
5245
5243
5077
4715
3989
2943
2003
1249
918
849
862
974
1284
1960
2819
3669
4399
4669
4750
4959
5367
5817
6232
6176
5423
4475
2948
396
-3254
-7308
-10801
-12941
-13248
-12453
-11543
-10890
-10452
-10281
-9913
-9219
-8819
-8708
-8103
-6389
-3249
932
4903
8095
10059
10738
10155
7997
4463
-412
-6164
-11515
-15421
-17140
-16923
-15443
-13681
-11928
-9890
-7191
-4120
-1206
1029
2238
3025
3958
5296
6317
6494
5920
5024
3985
3269
2299
1075
-328
-1656
-2457
-2559
-1812
-619
526
1537
2358
3028
3515
4036
4133
4074
4212
4458
5129
6038
6995
7635
7914
7648
7206
7033
7085
7126
7246
7098
6654
5932
4900
3491
1589
-460
-2271
-3490
-3991
-3445
-2587
-1268
317
2042
3831
5835
7840
9765
11511
12666
13074
12068
9660
5542
-166
-6049
-11113
-14609
-16415
-17008
-16934
-16566
-15677
-14262
-12833
-11594
-10362
-9185
-7077
-3684
738
5205
8782
10954
11840
11797
10561
7810
3675
-1789
-7670
-12483
-15352
-16251
-15775
-14714
-13855
-13157
-12017
-10129
-7629
-5081
-2667
-564
1587
4065
6517
8658
9690
9495
8047
5823
3310
552
-2067
-4054
-5103
-4856
-3304
-797
1842
3848
4816
4763
3855
2778
1712
639
61
279
1496
3475
5855
8091
9438
10050
9870
9100
8121
7272
6649
6533
6948
7509
8173
8625
8544
7611
6106
3925
1381
-1125
-3229
-4791
-5689
-5765
-4820
-2971
-427
2802
6285
9410
11487
12606
12365
10599
7549
3254
-1219
-4680
-6989
-8405
-9531
-11038
-13151
-15405
-17367
-19101
-20171
-19862
-18114
-14382
-8368
-1218
5656
11449
15162
16718
16395
14140
9961
4427
-1709
-7600
-11813
-14114
-15052
-15241
-15565
-16394
-17145
-17205
-16050
-13709
-10565
-6839
-2755
1955
7236
12246
15778
17335
16697
13908
9792
4809
-564
-5356
-8546
-9844
-9323
-6793
-3226
391
3370
5242
5768
5336
4236
3003
2060
1705
2193
3416
5524
7922
9828
10813
10785
10087
9057
8051
7179
6584
6286
6414
6810
7325
7910
8487
8740
8330
7179
5318
3148
1305
0
-886
-1537
-1892
-2030
-1409
235
1941
3141
3523
2969
1211
-333
-987
-782
256
987
453
-1568
-4210
-7315
-10664
-14469
-18777
-22328
-23470
-20945
-14903
-6828
727
6602
10629
12985
14112
13515
10590
5596
-613
-6845
-11232
-13130
-13144
-12621
-12893
-14447
-16230
-16923
-16110
-13948
-11261
-8723
-6178
-2992
1059
5433
8837
10302
9791
8141
6271
4569
3019
1580
-98
-1512
-1803
-689
1159
2830
3385
2201
8
-1689
-2402
-2217
-1357
-364
852
2877
5812
8908
11580
12838
12378
10885
9388
8517
8455
8800
9215
9268
9022
9061
9283
9089
8146
6338
3824
1770
989
1371
2507
4049
5784
7351
8992
10530
10992
9778
6299
229
-7253
-13196
-15633
-14065
-9522
-4363
-495
1356
1360
59
-2971
-7743
-13914
-20005
-23017
-20922
-14001
-5181
3032
8891
12138
13855
14006
12273
8349
2720
-3560
-9070
-12150
-12552
-11119
-9765
-10277
-12796
-16374
-19352
-20556
-19474
-16906
-13416
-9059
-4079
1530
7036
10920
11970
10069
6206
2070
-1065
-2549
-3067
-3312
-3187
-2430
-502
2386
4719
5344
3668
341
-2978
-4983
-5147
-3870
-1852
186
2597
5707
9131
12227
13890
13288
11017
8578
7026
6663
7540
8696
9520
9910
10464
11261
11998
11904
10337
7482
3807
1022
-414
-595
20
1113
2624
5368
9207
13253
15510
13833
7375
-1091
-7622
-10455
-9419
-6887
-5221
-5131
-5555
-5675
-6346
-8355
-12546
-18262
-22102
-20737
-14054
-4557
4456
10388
13397
14545
14305
12594
8826
2808
-4329
-10837
-14595
-15037
-12968
-10783
-10111
-11277
-13798
-15988
-17260
-17420
-16121
-13734
-10272
-5371
453
6372
11217
13560
12837
9262
3641
-2256
-7011
-9968
-11161
-11272
-10341
-8007
-4273
42
3975
6583
7105
6047
4601
3365
2880
2726
2125
1455
1099
1894
3632
5475
6932
7359
7686
8245
9520
10945
11765
11449
9990
8278
7395
7838
8729
9725
9820
9095
8304
7953
8303
8882
9186
9505
10324
11569
11985
9517
3636
-4076
-10210
-12646
-11444
-8110
-5093
-3361
-2699
-3003
-4754
-8394
-13952
-19558
-22238
-19693
-12384
-3193
5226
11593
16235
19484
20887
19588
14734
7003
-1530
-8912
-13292
-14913
-15372
-16301
-18642
-21609
-23835
-24135
-22543
-20121
-17486
-14425
-10390
-4951
1219
6833
10442
11471
10821
9442
7895
6079
4044
1174
-2243
-5231
-7263
-8265
-8592
-8929
-9816
-10519
-10197
-8890
-6569
-3517
-751
1428
3103
4520
5970
7482
9027
9990
10885
11899
13285
15289
17262
18319
17342
14276
9537
4504
436
-2274
-3125
-2779
-1255
1164
4256
7529
10475
12629
13701
14605
15954
17820
18374
15827
9933
2822
-2279
-3776
-2939
-1867
-2049
-3544
-5486
-7151
-8979
-12381
-17754
-23202
-25035
-20865
-11605
-1285
6424
10777
13267
15500
17492
18136
16297
11848
6264
1666
-520
-525
-997
-4422
-11119
-19657
-27436
-31918
-32531
-30252
-26416
-21765
-16205
-9270
-1701
4671
8453
9022
7384
5259
3975
3697
3868
3691
2232
237
-1153
-1886
-2405
-3307
-5050
-6925
-7944
-7598
-6443
-5168
-4391
-4952
-6027
-6701
-6472
-5201
-3392
-1328
1248
4598
9209
14844
20580
24682
26107
24455
20463
15936
11950
8596
5444
2285
-506
-2003
-2005
-660
981
1926
2921
5214
9067
13187
15017
12388
7113
2766
1808
3894
6798
8003
6587
3708
813
-1658
-4771
-10032
-17314
-23138
-23651
-17638
-8404
-296
4536
6765
8938
12136
15394
16966
15780
12195
7710
4567
3125
1827
-1279
-7230
-15194
-22244
-25798
-25437
-21892
-17474
-13689
-10628
-7509
-4250
-1676
-1379
-3322
-6438
-8878
-8569
-5069
161
4591
6897
6814
5569
4308
2691
-323
-4624
-8954
-11720
-11477
-8312
-3730
431
2734
2996
1769
70
-1881
-4621
-7816
-10835
-11856
-9417
-3498
4613
12351
17884
20523
20960
20309
18971
16866
14143
10698
7489
5567
5133
5431
5362
4462
2983
2598
4043
6004
5498
1510
-3950
-6941
-5016
350
5777
8594
8647
7268
5828
3803
28
-6460
-14123
-18944
-17425
-10023
-1063
5039
6916
6718
7267
9318
11266
11349
9045
5817
4045
5122
7709
8582
5034
-3448
-13803
-22097
-26003
-25841
-23513
-20740
-17705
-13106
-6502
1011
7053
9149
7362
3405
-106
-1487
-1498
-2178
-4348
-7523
-9783
-8824
-5075
-941
922
-311
-3237
-5299
-4943
-3095
-1525
-1089
-1734
-1715
126
3260
5566
5157
1500
-3738
-7898
-9368
-7560
-4297
-1062
2179
5617
9649
14012
17267
17879
15742
12331
9275
7314
6342
5406
3869
2120
2007
4730
8752
10460
7495
960
-4478
-5005
-1584
2568
4699
4001
2300
1569
1235
-394
-4930
-11893
-17222
-16424
-9267
-195
5777
6967
6123
6825
9940
13896
15770
14183
10087
6330
5745
7724
8939
5737
-2657
-13374
-21707
-24694
-22991
-19156
-15713
-13117
-10183
-5618
-380
3267
3338
295
-3171
-4640
-2826
945
3957
4131
1975
-631
-2480
-2913
-3133
-4996
-8047
-10598
-11228
-9648
-6625
-4054
-3143
-2684
-1310
1545
5584
8825
9136
6375
1970
-1800
-4032
-4229
-3580
-3130
-2691
-1497
1275
4964
8507
9846
9502
8290
7495
7808
8077
7581
5575
2816
427
414
2360
3704
1899
-2615
-6093
-5026
191
6423
10251
10340
8379
6058
3886
873
-4292
-11672
-17906
-18634
-12903
-4360
1904
3542
2711
3307
6839
11843
15254
15652
13799
11958
12634
15430
17001
13616
4223
-8274
-19293
-25527
-27040
-25955
-24235
-21714
-17014
-9338
48
7693
10833
9387
6455
4717
5251
6338
5645
1980
-3472
-7584
-8658
-7048
-4728
-4118
-5248
-6275
-5856
-4112
-2482
-2784
-5450
-8123
-8138
-4545
1558
7214
10007
9289
6742
4329
2804
1939
637
-1353
-3091
-3185
-1000
2639
5916
7340
6515
4987
4282
4878
6079
6503
5666
4400
3585
4251
4719
2277
-3548
-10038
-13081
-10199
-3419
2768
5670
5025
3052
1433
107
-2600
-7699
-13631
-16014
-11499
-1901
7107
10254
7701
4315
4107
7515
11673
13017
10822
7111
4895
6265
9962
11792
8222
-213
-9371
-14673
-14839
-12835
-12202
-14705
-17956
-18560
-14886
-8063
-2022
664
1147
2345
5965
11385
15337
14567
8946
1626
-3585
-4519
-2651
-1009
-1851
-4321
-5931
-5424
-3721
-3327
-5738
-10392
-13964
-13539
-8336
-725
5347
7945
7507
6166
6283
7881
9486
9613
7775
5340
3641
3210
3452
2786
1059
-1112
-2166
-1075
1598
4116
5150
4567
3526
3674
5563
6921
4576
-1401
-7680
-10143
-7476
-2747
178
-482
-3320
-5341
-5491
-4944
-5614
-8769
-12773
-13098
-7363
1669
7876
7327
2314
-1324
448
6727
13664
17166
16147
12357
9049
8181
8632
7010
878
-7648
-14399
-15773
-12451
-8162
-6592
-8572
-11868
-12932
-10320
-5893
-2580
-2104
-2729
-1752
1937
7281
10754
9750
5685
1748
471
2518
5924
7201
4718
687
-2277
-3321
-3331
-4313
-7379
-11124
-12350
-9698
-4011
2048
5485
5311
3266
2006
2655
4856
7083
7936
7746
7753
8324
9154
8941
6786
3226
-102
-1721
-1340
166
1478
1788
1508
2127
4257
6068
4913
-168
-6092
-8792
-6780
-2794
-580
-2092
-5871
-8886
-9769
-9219
-9266
-10761
-12894
-11796
-5598
2651
7172
4844
-1379
-5317
-3083
3906
11204
15242
14925
12005
9553
9115
9655
8415
3088
-4822
-11208
-13192
-11478
-9465
-9985
-13206
-16427
-16806
-13107
-7378
-2788
-1098
-1094
-95
3125
7737
10946
10462
7348
4210
3322
5122
7481
7504
4014
-1283
-5167
-6048
-4780
-3300
-3868
-6192
-8221
-7962
-5172
-1165
2216
3540
3487
4063
6149
9124
12120
13494
13015
11362
9595
8346
7415
6286
4617
2295
241
-1030
-1139
-462
-48
249
635
2227
3735
2898
-675
-4263
-4985
-2375
1101
2205
-132
-4495
-8041
-9857
-10044
-10089
-11321
-12635
-11013
-4738
2415
4829
323
-7260
-10860
-7424
1082
9545
13788
13273
10159
7485
7268
8592
8416
4613
-1557
-6426
-7772
-6949
-7518
-11627
-18053
-22935
-23272
-18496
-11182
-5033
-1829
-536
1230
4153
7377
9107
7930
4919
2659
2963
6152
9979
11601
9095
3972
-437
-2837
-3604
-4412
-6554
-9659
-11740
-11098
-7877
-2913
1715
4666
6279
7837
10270
12708
13950
13272
11421
9703
8933
9137
9268
8620
6943
4851
3061
2192
2639
3677
4183
3901
2888
1403
-1465
-5473
-8438
-8245
-4656
-170
2178
1098
-2575
-6464
-9278
-11117
-11784
-11699
-9901
-5155
2821
10210
11612
4982
-5998
-14053
-14507
-7881
543
6061
7604
6521
5405
5602
6846
7048
5154
1351
-2254
-3660
-3665
-4670
-8576
-14419
-19627
-21917
-20831
-17774
-14687
-12739
-11570
-9776
-6305
-1143
4049
7633
9635
11350
13339
15212
15832
14247
10360
5749
1916
-857
-2965
-5448
-8632
-11853
-13341
-12130
-8981
-5320
-2030
539
2760
5405
8375
11408
13825
15009
14355
12813
11310
10511
10526
10658
10203
8945
7424
6012
5620
5889
6360
6434
4707
775
-4777
-9781
-11651
-9267
-4692
-856
267
-1655
-4679
-6840
-8055
-9477
-11811
-14246
-14032
-8433
1576
10912
14228
10446
3682
-210
1245
5939
9331
7974
2603
-3119
-5058
-2708
1360
3041
816
-3342
-6391
-6841
-6188
-6452
-9071
-12734
-14675
-13425
-10709
-9611
-11675
-15347
-17608
-16330
-11350
-5444
-966
1448
2167
2649
4759
8534
12638
14969
14972
13487
11050
8559
5789
2063
-2962
-8455
-13247
-15756
-14878
-11846
-8785
-7095
-6449
-4858
-802
5808
13250
19117
22140
22285
21148
19887
18842
17371
14536
10171
5088
993
-790
-590
953
2763
2711
-214
-4585
-7417
-6653
-3343
-974
-2083
-6044
-9616
-10007
-7608
-5239
-5061
-7512
-10273
-8955
-2170
6167
10835
9538
5129
2742
5381
11194
15358
14665
9051
1651
-3433
-4212
-1977
301
-552
-3853
-7483
-9070
-8462
-7517
-7504
-8509
-9296
-8857
-7708
-7777
-10077
-13780
-16394
-16302
-13281
-8969
-5684
-4166
-3594
-2863
-1316
1062
3731
6012
7478
8395
9208
9665
9405
8519
6629
3995
1058
-2206
-5966
-9637
-12241
-13721
-13691
-11688
-7631
-2855
1932
6163
9229
12064
14943
18430
22104
25161
26350
24464
19728
13578
7692
3753
2299
1548
-1221
-6766
-12305
-13649
-10011
-4690
-2490
-5291
-10195
-13076
-11303
-6756
-3604
-4402
-8247
-10541
-6726
1954
9373
10490
5902
1773
3631
11319
19513
22613
18821
11032
4807
3786
7134
10950
10651
4956
-3172
-9817
-12956
-13793
-14828
-16593
-17701
-16733
-13598
-10102
-9234
-11044
-13175
-12647
-8137
-1966
2285
2211
-972
-4037
-4092
-650
4626
8461
9029
6645
3434
1075
-262
-1243
-2257
-2600
-2011
-1007
-1249
-3446
-6902
-9754
-10822
-9692
-6570
-2399
1461
4026
4787
4184
3562
4252
6851
11471
16915
20918
21868
19633
16277
14499
15193
15792
12734
4209
-6300
-13423
-14098
-10660
-8396
-10723
-16910
-22407
-22695
-17205
-10122
-6576
-8221
-11315
-10123
-2778
6267
10654
8676
5028
5648
12082
20604
25427
23361
16339
9519
7268
9923
13424
13671
8921
1316
-5322
-8508
-9218
-9210
-9580
-10130
-9589
-8039
-6847
-8607
-13641
-19914
-22664
-19938
-13065
-5383
-1241
-1548
-3318
-2908
786
6716
11459
12746
10984
8517
7451
7299
7045
5641
2633
-736
-3366
-5342
-6996
-8975
-11450
-13990
-15199
-14157
-10870
-6456
-2201
974
2378
2850
2956
3745
5805
9215
12831
15279
16347
16373
16202
16866
17765
16713
11523
3337
-2777
-3765
-438
2040
-1352
-10483
-20689
-26723
-26582
-22579
-18824
-18073
-19676
-19679
-15227
-8328
-2935
-691
518
5272
14565
25035
31361
30587
24381
17842
15367
17439
20957
21452
16921
8983
1504
-3005
-4939
-6631
-8930
-11710
-13026
-12328
-10498
-9605
-10857
-12906
-13345
-9956
-4915
-1031
-635
-4014
-8293
-9859
-7173
-2047
3233
6490
7351
7229
8241
10336
11716
11527
9471
6579
4327
2813
666
-2288
-5141
-6811
-7692
-8301
-8864
-9699
-10124
-9173
-6823
-3632
-874
275
-120
-716
383
3207
6434
8626
9124
9029
10130
11920
11503
7580
2692
1459
4770
8988
9365
3353
-5993
-14189
-17034
-15401
-13118
-13685
-18464
-23764
-24690
-20404
-15617
-14304
-15909
-15507
-9251
1448
11799
17308
17510
16227
17534
22886
29905
32767
31097
24110
16232
11094
8602
6225
2161
-3054
-7303
-8724
-7953
-7176
-9098
-13292
-17750
-18543
-15330
-10995
-7828
-7456
-8835
-8767
-5261
87
4883
7330
6827
4878
4203
6170
9014
10891
11128
9951
8628
8014
7116
5452
3354
1959
1109
-259
-2637
-5354
-7695
-8160
-6691
-4517
-2645
-2268
-2889
-3574
-3558
-2183
-393
562
1416
2998
5480
7934
7924
3526
-2240
-4608
-855
5908
10458
8511
1042
-7394
-11453
-9210
-4670
-2555
-5972
-13061
-17773
-16766
-12355
-10166
-12713
-16734
-16657
-10797
-2683
2511
2593
217
1
4719
12627
19767
22525
20637
17286
16162
17857
19491
17859
12674
6656
2924
1903
1680
-127
-4414
-9763
-12775
-11602
-8873
-7501
-8963
-12719
-15605
-14583
-9759
-4383
-376
1812
2460
3554
6646
10474
12429
11745
9571
7474
6366
6036
5063
3383
1988
1890
2263
2414
2429
2095
1797
1846
2459
3159
3052
2073
558
-619
-949
-814
-1347
-2739
-3872
-3931
-3124
-2810
-4977
-9527
-12611
-10370
-3023
4057
6185
2388
-3227
-6508
-5078
-1249
454
-1813
-7564
-12348
-12355
-8347
-5142
-6589
-11273
-13892
-10820
-4344
208
-324
-4236
-7010
-5043
1088
7488
10815
10362
8283
7723
9324
11235
11191
9163
7074
7321
9413
10749
8795
3593
-2276
-5494
-4495
-1802
84
-694
-3368
-6121
-7220
-6756
-6250
-6171
-6420
-6139
-4444
-1360
2174
5056
7175
8809
9913
10622
10674
9526
7602
6053
5352
4707
3841
2468
723
-212
484
2082
3832
4228
3555
2678
2521
3506
4174
4160
3466
3379
4687
6574
7071
3603
-3719
-10623
-12704
-9432
-5165
-4415
-8864
-14932
-18194
-16312
-11119
-7244
-6805
-9340
-11242
-9342
-4131
-362
-1268
-5019
-6754
-3274
3089
7259
6307
1792
-1723
-1247
2783
6760
7850
5605
2290
1130
2582
4140
3045
-453
-4072
-5078
-3078
162
2465
2406
429
-1145
-1142
-53
1440
1525
-71
-1911
-2860
-2422
-991
1180
2862
2962
1657
279
-128
1027
3284
4794
4707
3886
3446
3696
4576
5661
6552
6087
4837
3468
3155
3940
5208
5551
4975
4324
4125
5115
6391
7314
6666
4947
3245
3132
4238
5077
3098
-2773
-8938
-11350
-7803
-2042
798
-1926
-7286
-10515
-9239
-5351
-4358
-8080
-14268
-18417
-17010
-11430
-7715
-9849
-15384
-17961
-13668
-5003
2192
4167
2520
2069
6038
12777
18427
19128
15168
10052
7567
8158
8878
6988
2237
-2876
-5993
-6947
-7438
-8489
-9866
-10684
-9821
-8176
-6711
-6252
-6219
-4781
-1844
1597
3616
3798
2751
1804
2027
3014
3693
3971
4200
4936
6467
8196
8815
8447
7609
7113
6990
6677
5675
3788
1662
261
-90
426
990
1135
1280
1879
3338
4664
5563
5731
5516
5251
5795
6728
7865
7324
4051
380
-1534
-763
-292
-2350
-7377
-12710
-15801
-15118
-12866
-12223
-13565
-15625
-14997
-10748
-5584
-3677
-6056
-9673
-9490
-4893
224
1554
-1578
-5653
-6227
-1577
5099
9726
10327
8085
6183
7185
10340
12863
12406
9842
6957
4844
2748
-446
-4710
-8467
-10116
-9686
-8631
-8766
-10389
-12282
-12802
-10783
-7417
-4396
-2095
-529
986
2429
3699
5002
6794
8972
10812
11715
11163
9641
8006
7235
7550
8165
7852
6200
4233
2846
2500
2942
3665
3969
3601
2097
220
-1345
-1631
-311
1772
4270
6135
6679
5517
2993
-346
-1544
253
3812
5041
1868
-4478
-10046
-12017
-10211
-7244
-7068
-9487
-13009
-15004
-14125
-11660
-10807
-12366
-13804
-12004
-6464
-469
2401
1338
-564
196
4380
9313
11884
11221
8836
6931
6784
7267
6831
4962
2698
2045
3090
4318
4328
2110
-1217
-3853
-5352
-5477
-5326
-6540
-8677
-10384
-10616
-9018
-6616
-4336
-2908
-1962
-906
201
1300
3323
5981
8277
10056
10734
10845
10527
10257
10141
10204
9562
7932
5694
3332
1977
1781
2422
2911
3561
4306
5039
5141
4410
3428
2312
2187
2684
3314
2792
-167
-4069
-6467
-4792
-1124
835
-1569
-6952
-11595
-12911
-10435
-8351
-9622
-13710
-17321
-16905
-12046
-6866
-5571
-8143
-10966
-9959
-5072
-281
984
-813
-2460
-553
4720
9865
11958
10599
7729
6482
7960
10535
11705
10070
6660
3597
1545
331
-490
-2053
-3571
-4309
-4195
-4102
-4841
-5728
-7163
-8405
-8628
-7709
-5802
-3034
-298
1607
2535
3127
4112
5494
7125
8353
8859
8713
8609
8808
8961
8679
7964
7018
5948
5367
5364
5554
5511
5018
3563
871
-1863
-3927
-4073
-2450
-251
1063
1901
2834
4111
4882
3503
1204
53
1021
1855
239
-4707
-10760
-15206
-16221
-14383
-13017
-13932
-16871
-19378
-18928
-16211
-13863
-13497
-13460
-10656
-4460
2064
5388
4821
3204
3589
6664
10336
11680
10100
7785
6735
7777
9206
9163
7080
4550
3247
3547
4271
4162
2600
-52
-2296
-3900
-4874
-5154
-5198
-5066
-4656
-4087
-3650
-3453
-2600
-1348
-770
-606
-192
1073
3713
6546
8378
8976
8627
8716
10092
12068
13826
14013
12466
10275
8902
8313
7988
6922
4994
2863
1361
1069
1398
1683
859
-517
-1687
-1904
-1203
-875
-1853
-4707
-7138
-7254
-4487
-1045
357
-1750
-5835
-8814
-9516
-7919
-7920
-11535
-17237
-21198
-20545
-16218
-12630
-13223
-16710
-18628
-16037
-10116
-4938
-2918
-3065
-2024
2803
10345
16853
19095
17086
13629
11682
12059
12912
11866
8769
5194
2700
1272
668
-415
-2180
-3164
-3783
-4270
-4839
-6200
-7503
-7594
-6445
-4526
-3015
-2219
-1488
-436
1045
2762
4144
4860
5677
6475
7431
8353
9242
10432
11842
13412
14006
13048
11037
8650
6990
6757
7320
7628
7067
5469
3609
2509
2085
2344
2626
2236
1482
366
-849
-1777
-3725
-5696
-6845
-6013
-5107
-5217
-7411
-10833
-13457
-14485
-13458
-13278
-15136
-18269
-20349
-19356
-16060
-13889
-14240
-16253
-16753
-13760
-8675
-4830
-3711
-3822
-2747
1726
7818
12681
14144
12860
11762
12235
14381
16127
16212
14750
12695
10459
8075
5444
2219
-940
-3450
-5428
-6218
-6754
-7757
-9085
-10359
-10586
-9967
-8615
-6359
-3766
-2065
-1581
-1340
-43
3501
8386
12580
14424
13895
13016
13282
14660
16717
17685
16450
13922
11481
10272
10241
10117
8920
6737
3886
1668
542
925
2247
3365
2781
1287
-527
-2020
-4044
-6477
-7693
-6786
-4015
-2862
-4698
-9274
-13613
-15828
-15043
-13442
-13551
-15348
-18261
-20018
-19355
-17450
-16619
-17844
-19105
-17600
-12821
-8036
-6092
-6927
-7797
-5754
-340
5568
9732
11632
12381
13621
15680
17929
18904
18451
17364
15705
13350
10149
6460
2822
397
-1203
-2500
-4044
-6507
-9440
-11386
-11847
-10949
-9647
-9415
-9463
-8985
-7199
-4475
-1312
1511
4040
6119
7435
8288
9038
10354
12583
15451
18227
19882
19969
18893
17092
15925
15559
14857
12989
10315
7570
5436
4008
2782
1833
710
-332
-1271
-2165
-3407
-5210
-6480
-6955
-6304
-6494
-8281
-11116
-13107
-13825
-13624
-13899
-16364
-19635
-21800
-21804
-19505
-16112
-13906
-13505
-14285
-14202
-12267
-9423
-7376
-6628
-6245
-4723
-1331
2761
6236
8455
10131
11818
13631
14940
15233
14526
13757
13539
13925
13734
12545
9978
6854
4419
3104
2669
1200
-2017
-6580
-10372
-11626
-10602
-9061
-7971
-7482
-7137
-6373
-5261
-3984
-2054
406
3218
5535
6932
7700
8728
10450
13332
16365
18056
17729
16163
15081
15655
16989
17607
16297
13186
9924
7783
7254
7499
7181
5480
2148
-1915
-6243
-9519
-9906
-7862
-5602
-6032
-9617
-14751
-18582
-19682
-18230
-16748
-17324
-19380
-21407
-21805
-19844
-17412
-16810
-17741
-18432
-16732
-12835
-9109
-7440
-7415
-6886
-4434
-107
3979
6522
7171
7188
7840
9857
12830
15515
16832
16169
14677
13930
13965
13846
12234
9471
6595
4471
3515
2189
-265
-3259
-5722
-6629
-6271
-6014
-6318
-7131
-7821
-7586
-6140
-4034
-2019
-942
-592
-86
1158
4079
8130
11874
14106
14727
14241
13922
14459
15925
17578
17884
16868
14990
13466
12854
12450
11162
8772
6059
3389
1506
-241
-2427
-4221
-4786
-4186
-4462
-7280
-12796
-18057
-20779
-20292
-18466
-19033
-22543
-27086
-29427
-27643
-23684
-20928
-20990
-22346
-21806
-17658
-12173
-7948
-6222
-5418
-2954
1438
5891
8308
8382
7817
8527
10848
13179
14341
13616
12147
10976
10244
10046
10278
10312
10068
9451
8121
6782
5296
3607
2134
960
147
9
-272
-728
-1362
-2499
-3639
-4681
-5090
-4157
-2386
-207
1552
2647
3506
4419
5751
7349
8885
10486
11848
12988
14237
15866
17294
17564
17064
16121
15653
15349
14688
13309
11660
9520
7515
4758
1432
-1350
-3471
-5628
-8814
-12689
-16092
-17707
-18715
-19042
-20288
-22846
-24604
-25005
-24362
-23814
-24630
-27169
-29318
-29092
-25903
-21386
-18177
-17221
-17022
-15073
-10141
-3566
2503
6709
9164
11334
13627
15872
17012
16761
16171
16569
17734
17957
16251
12902
9190
6513
4503
2913
1191
-611
-1634
-1612
-728
765
2210
2509
1853
716
-192
17
1026
2652
4289
5141
5224
4763
4473
4882
6130
7753
9045
9814
10375
10709
10657
10501
10999
12768
14986
15975
14614
11966
10117
10691
13248
15295
14663
10769
5856
2837
3058
4615
4131
-458
-7546
-12519
-14526
-13925
-14444
-18702
-24508
-29759
-32466
-32620
-32046
-32209
-32595
-31901
-29178
-25306
-22144
-20621
-19548
-17114
-12426
-6511
-1623
1394
2853
4034
5651
7784
10201
12341
14207
15996
17772
18964
18927
17713
15603
13815
12555
11848
11171
9410
6559
3203
218
-1656
-2718
-3589
-4856
-6153
-6773
-6342
-5090
-3423
-1683
-93
1628
3577
5818
8443
11265
13857
15912
16846
16935
16450
15591
15359
15778
16659
17007
16199
14511
12631
10988
10423
10454
10354
8914
5745
2257
160
-3
278
-882
-3898
-6510
-7920
-8160
-8256
-10788
-15478
-20209
-23053
-23213
-22113
-22568
-25385
-28939
-30838
-29713
-27249
-26112
-26832
-27772
-26591
-22755
-17869
-13769
-11327
-9330
-6257
-1724
3800
8987
12757
15007
16302
17175
18158
18725
18251
17173
16225
15778
15647
14557
11692
8517
6426
5619
5231
3955
1314
-1790
-3983
-4840
-4469
-3642
-2996
-2517
-2377
-1898
-1129
508
2668
4907
6733
8102
9058
10278
12137
14637
17263
19133
19761
19462
18978
18711
19185
19827
20477
20030
18001
14214
9233
4781
2545
2249
2059
-404
-5180
-10389
-14301
-15829
-16480
-18156
-20738
-23524
-24752
-23659
-22093
-21651
-22833
-24476
-24498
-22459
-20231
-19550
-20192
-20665
-19228
-16648
-14219
-13012
-12326
-10821
-7842
-4003
-584
1447
2585
4280
6632
9290
11080
11708
11575
12114
13535
15067
15593
14717
13236
11636
10717
10617
10617
9871
7911
5376
2686
705
-79
68
572
901
541
-382
-1136
-897
680
2971
4878
6139
6890
7680
8792
10423
12292
13878
15213
15991
16682
17457
18242
18806
18599
17158
14895
12345
10495
9749
9616
8663
5667
1397
-2670
-6555
-9249
-11262
-13732
-16306
-19425
-22549
-24695
-25835
-26824
-27582
-28130
-28144
-27054
-25866
-24946
-23871
-22506
-20597
-18035
-15604
-13629
-12009
-10063
-7083
-3366
126
2220
3045
3450
5026
7680
10243
11567
10726
9139
7913
7859
8776
9354
9105
8065
7196
6792
6916
6693
5853
5071
4631
4866
5732
6703
7280
7155
6362
5535
4721
4536
4723
5308
5711
5759
5443
5006
4932
5705
7349
9282
11031
12302
12690
13110
13725
14760
15344
14994
14343
13094
12062
11272
11196
10599
8748
4892
-123
-4224
-6928
-7626
-8459
-10463
-13487
-17016
-19982
-22046
-23374
-24416
-25275
-25992
-25762
-24724
-23799
-23606
-24161
-24026
-21911
-18011
-14168
-11839
-11036
-10674
-9253
-6415
-2721
656
2984
4302
5230
6358
7483
8189
8060
7762
7737
8345
9189
9355
8981
8230
7412
6927
6970
7232
7554
7623
7327
7036
6767
6372
5737
5512
5770
6334
6615
6308
5862
5808
6038
6497
7129
7569
7960
8381
9445
10733
11968
12898
13121
12856
12561
12327
12090
11977
11663
10859
9893
8858
8131
7069
4750
1510
-1631
-3887
-5200
-6072
-7969
-10934
-14204
-17243
-18869
-19090
-19417
-20593
-22674
-25131
-26621
-26824
-26263
-25417
-24675
-23694
-21969
-19441
-17034
-14922
-13201
-10668
-7677
-4393
-1430
228
935
1196
1911
3410
5172
6558
7380
7917
8636
9320
9814
9386
8164
7030
6467
6829
7295
7358
6680
5576
5061
5174
5553
5929
5677
5065
4668
4750
5482
6688
7865
8640
8995
9213
9853
10859
12292
13459
13843
13496
12586
11592
11018
10769
11010
11046
10419
9498
8285
7440
7076
7246
7420
6577
4151
970
-1699
-3198
-4105
-5301
-7513
-10416
-12686
-14342
-15264
-16137
-17526
-19400
-21485
-23066
-23497
-22618
-21532
-20823
-20539
-20335
-19834
-19107
-18110
-17233
-15943
-13986
-11760
-9581
-7264
-4995
-3031
-968
1550
4206
5825
6802
7582
8384
9568
10846
11211
10989
10487
10281
10334
10193
10041
9574
8483
7239
6683
6681
6591
6264
5546
4592
3790
3240
3370
3882
4431
4789
4785
5215
6286
7778
9637
11216
12585
13489
14001
14067
13985
14371
15141
15865
15402
13958
11842
9774
8455
8050
8017
6619
3438
-543
-3736
-5662
-6356
-7097
-9266
-11939
-14362
-15808
-16309
-17015
-18611
-20901
-22948
-23370
-21964
-20490
-20170
-21066
-22116
-21888
-20058
-17084
-14650
-13410
-12732
-11673
-10247
-8032
-5441
-3207
-1735
-999
-479
614
2125
3505
4624
5232
5483
6008
7262
8332
8861
8837
9090
9647
10101
10165
9382
8442
8144
8849
9856
10244
9361
7685
5990
5103
5533
6542
7075
6632
5292
4285
4330
5204
6647
7690
8457
8646
8589
8724
9537
10800
12264
13441
13393
12604
11394
10569
10161
10526
10386
9041
6314
2830
656
-372
-724
-1674
-4215
-7924
-11552
-14139
-15567
-16651
-18628
-21250
-23757
-25102
-24882
-24076
-23799
-24140
-24358
-23468
-21433
-18667
-16081
-13941
-11912
-9994
-8407
-6851
-4602
-2310
-320
979
1280
1377
1469
2078
3365
4960
6330
7482
8284
8312
7860
7570
8201
9862
11815
12731
11999
10072
8669
8604
9359
9956
9568
8046
6185
4902
4649
5499
6467
6965
6551
5818
5633
6368
7714
8873
9610
9702
9309
8479
8243
9079
10131
10941
10582
9067
7506
6262
5647
5927
6627
6694
5148
2399
145
-535
-149
223
-1055
-4259
-7678
-10153
-11166
-11311
-12179
-14406
-17170
-19646
-20890
-20995
-21478
-22532
-23677
-24121
-23196
-21217
-19161
-17744
-16752
-15599
-13764
-11270
-8592
-6367
-4847
-3540
-2038
-235
1867
3843
5764
7417
8412
8738
8477
8103
7796
7781
7832
8420
8987
9543
9552
8697
8103
8404
9516
10738
11129
10093
8211
6611
6205
7166
8230
8483
7716
6179
4727
4213
5032
6723
8315
9121
9092
8492
7946
8469
9539
10860
11158
9817
7531
5266
4206
4277
5350
5798
4851
2686
204
-1029
-1484
-1547
-2044
-3961
-6288
-8187
-9386
-9760
-10455
-12051
-14490
-17449
-19186
-19354
-18678
-18433
-18847
-19521
-19277
-17931
-16135
-14565
-13730
-13074
-12190
-11213
-10386
-9739
-9229
-8314
-6759
-4682
-2315
-224
1087
1958
2680
3837
5470
7186
8435
9539
10581
11328
11760
11383
10570
9598
9216
9453
9573
9443
8740
7776
7004
6854
7158
7435
7528
7267
6967
6965
7154
7040
7181
7504
8395
9472
10074
9643
8188
7192
7221
8043
8714
8614
7145
5515
4637
4642
5538
6017
5148
2903
105
-1725
-1807
-1629
-1798
-3008
-5326
-7436
-8883
-9761
-10301
-11275
-13085
-14811
-16118
-16346
-15674
-15291
-15900
-17000
-17857
-17476
-15522
-13062
-10972
-10248
-10534
-10784
-10687
-9599
-7984
-6740
-6250
-6023
-5645
-4751
-3510
-2350
-1033
489
1872
3001
3893
4674
5580
7007
8838
10178
10691
10592
10034
9308
9061
8942
8572
8151
7746
7653
7803
8023
8005
7844
7571
7418
7486
7715
8244
8707
9261
9650
9733
9442
8919
8541
8803
9352
9262
8498
7120
5646
4938
4747
4513
3854
3003
1763
66
-1818
-2853
-2822
-2748
-2942
-4345
-6329
-7734
-8823
-9507
-10204
-11367
-12983
-14535
-15335
-14800
-13596
-13180
-14001
-15454
-16075
-14922
-12374
-9958
-8914
-9397
-10206
-10119
-8840
-6488
-4108
-2848
-2384
-2620
-2617
-2295
-1475
-147
1073
1694
1596
704
101
549
1962
3834
5057
5082
4402
3975
4289
5381
6450
6936
7026
6977
6929
7176
7683
8251
8925
9626
10020
9999
9646
9139
9098
9429
9981
10189
9909
9259
8549
8361
8404
8809
8888
8528
7613
6639
5954
5404
4769
3906
2770
1540
153
-1207
-2050
-2651
-3570
-4934
-7147
-9379
-10374
-10502
-10501
-11155
-12293
-13447
-13933
-13563
-12773
-11886
-11275
-11484
-11955
-12206
-11664
-10269
-8599
-7687
-7691
-7954
-7914
-7250
-5805
-4183
-2861
-1995
-1989
-1904
-1335
-144
1229
2106
2504
2539
2508
2966
3393
3303
2958
2446
1906
1885
2328
2807
2838
2525
2605
3205
4191
4857
5002
4927
5282
6459
7904
8981
9307
8978
9064
9734
11081
12047
11978
11192
10070
9665
9723
10198
10702
10656
10052
8681
7214
5903
4898
4047
3196
2351
1164
-900
-3239
-4942
-5511
-5269
-5141
-6195
-8096
-9711
-10409
-10195
-9901
-10277
-11665
-13292
-14055
-13758
-12607
-11804
-12006
-12349
-12095
-10716
-8434
-6367
-5692
-6047
-6645
-6685
-5278
-2932
-750
210
-360
-1625
-2672
-2587
-1334
-80
293
154
-264
-168
729
1814
2416
2710
2784
3252
4254
5038
5287
4849
4288
4222
4694
4797
4279
3039
2125
2342
3405
4657
5432
5651
5717
6136
7075
8267
9251
9772
9826
9815
10074
10811
11299
11465
10989
9873
8662
7348
6369
5646
4817
3840
2958
1874
600
-937
-2496
-3408
-3963
-4507
-5732
-7934
-10005
-10889
-10804
-10469
-10693
-11963
-13463
-14124
-13519
-11713
-10004
-9698
-10186
-10527
-9892
-8044
-6045
-4787
-4801
-5499
-6018
-5616
-4400
-2733
-1685
-1771
-2250
-2590
-1964
-627
744
1718
1827
1248
1160
1437
1920
2212
2049
1507
1071
1068
1586
2257
2698
3003
3150
3226
3485
4002
4650
5383
5770
6126
6382
6414
6405
6419
6227
6031
5844
5749
6178
7004
7933
8332
8436
8202
8100
8317
8593
8508
7549
6334
5265
4737
4734
4906
4748
3591
1504
-533
-1769
-2358
-2868
-4010
-5967
-7948
-9064
-9256
-9075
-9194
-10070
-11400
-12606
-12835
-12045
-11081
-10994
-11750
-12549
-11866
-9553
-6729
-4754
-4149
-4205
-4162
-3295
-1924
-395
313
-281
-1464
-2503
-2730
-2248
-1621
-1339
-1482
-1755
-1998
-1918
-1436
-726
155
594
615
522
1238
2484
3873
4816
5033
4677
4487
4994
6120
7349
7670
7122
6066
5473
5874
7002
7793
7746
7081
6502
6280
6414
6665
6666
6224
5736
5473
5566
6059
6614
6986
6624
5985
5413
5231
5043
4690
4475
3711
2505
996
-434
-1360
-2197
-3186
-4559
-6289
-7609
-8500
-8869
-8910
-8957
-9379
-10102
-10588
-10439
-9507
-8417
-7937
-7994
-8296
-8578
-8111
-7120
-6053
-5340
-5214
-5309
-5259
-4562
-3204
-1977
-1489
-1574
-1857
-1875
-1448
-634
-69
-99
-430
-770
-541
72
292
-225
-1260
-2094
-2084
-1085
523
1857
2476
2991
3433
4362
5951
7472
8465
8792
8449
7980
8047
8554
9312
9707
9380
8406
7568
7069
6655
6346
5447
4627
4121
3919
3900
3883
3882
3622
3155
2661
2432
2411
2391
2329
2101
1592
791
-386
-815
-723
-686
-659
-1307
-2628
-3945
-4760
-5161
-5527
-6300
-7676
-8916
-9706
-9660
-8719
-7891
-7985
-8710
-9361
-9217
-7905
-6118
-4749
-4542
-5180
-5699
-5719
-4931
-3665
-2762
-2941
-3839
-4626
-4546
-3461
-1989
-1137
-1321
-2178
-3181
-3260
-2384
-764
893
1725
1602
989
649
1068
2326
3650
4531
4918
4707
4548
5003
6030
7145
7894
8309
8674
9418
10057
10135
9776
8977
8590
8514
8457
8051
7136
5881
4706
4216
4256
4245
3760
2617
1326
204
-319
-429
-637
-1092
-1598
-1450
-800
-66
235
173
-350
-679
-413
-118
33
-888
-2476
-3876
-4277
-3814
-3509
-3651
-4884
-6512
-7495
-7810
-7456
-7208
-7577
-8111
-8290
-8002
-7426
-7031
-6980
-6876
-6368
-5515
-4583
-4320
-4777
-5568
-6166
-6037
-5416
-4730
-4391
-4260
-3789
-3010
-2011
-1126
-645
-245
150
871
1917
3150
4300
5072
5624
6037
6384
6952
7541
8117
8334
7974
7503
7087
7104
7160
6957
6555
6041
5702
5834
6052
6102
5953
5498
5256
4935
4441
3757
2844
1761
798
317
-76
-769
-1701
-2380
-2405
-1937
-976
-233
-128
-466
-1094
-1170
-500
543
1635
1952
1408
394
-487
-418
-37
-67
-1034
-2783
-4556
-5502
-5699
-5574
-5787
-6634
-7681
-8284
-8047
-7135
-6310
-6160
-6904
-8345
-9505
-9586
-8557
-7145
-6179
-5953
-6270
-6350
-5832
-4750
-3367
-2285
-1526
-957
-445
-154
634
1696
3145
4777
6288
7232
7530
7618
7880
8532
9241
9694
9644
9109
8331
7759
7523
7261
6896
6330
5586
4980
4586
4326
4227
4189
3963
3337
2307
1239
679
519
395
-117
-618
-1070
-1202
-814
-378
-295
-401
-530
-814
-605
123
1233
2038
2396
2110
1656
1442
1551
1987
2315
2235
1386
-36
-1413
-2253
-2561
-2486
-2826
-3866
-5077
-5978
-6633
-6725
-6992
-7753
-8886
-10128
-10965
-10885
-10435
-9856
-9506
-9576
-9394
-9238
-8665
-7576
-6276
-5146
-4159
-3467
-2750
-1874
-589
931
2297
3517
4191
4581
4687
4777
5292
6167
7246
7985
8209
8295
8181
8317
8681
8859
8907
8528
7643
6423
5327
4808
4496
4153
3443
2211
648
-501
-1096
-1049
-743
-843
-1481
-2267
-2852
-2525
-1278
-2
957
1235
953
997
1492
2272
2922
2803
2251
1753
1911
2593
3511
4029
3846
3078
2312
2209
2479
2705
2458
1212
-266
-1403
-2021
-2214
-2482
-3328
-4945
-6811
-8503
-9496
-9761
-9819
-10013
-10329
-10761
-10918
-10689
-10152
-9246
-8305
-7585
-6984
-6592
-6056
-5289
-4033
-2135
-343
1063
2176
2951
3658
4590
5543
6477
7015
7083
7031
7098
7187
7229
7068
6881
7026
7250
7267
6589
5503
4653
4348
4634
4908
4600
3575
2129
898
144
-274
-706
-1701
-2968
-3873
-4093
-3370
-2274
-1392
-977
-841
-534
35
893
1787
2322
2371
2644
3035
3516
3746
3554
2997
2557
2582
2838
2820
2144
1171
-130
-741
-685
-361
-127
-454
-1063
-1837
-2449
-2816
-3151
-3792
-4452
-5100
-5617
-6080
-6409
-6847
-6990
-7100
-7177
-7031
-6878
-6542
-6192
-5542
-4713
-3740
-2874
-2226
-1488
-743
193
1092
1984
2725
3361
3979
4402
4868
5267
5922
6379
6639
6633
6126
5747
5357
5143
5058
4735
4178
3423
2684
2202
1972
1843
1346
514
-615
-1612
-2105
-1893
-1424
-1005
-763
-801
-799
-592
-167
266
516
602
526
641
1052
1553
1716
1483
978
490
356
462
604
712
513
-39
-743
-1197
-1472
-1651
-2109
-2655
-2795
-2822
-2666
-2826
-3282
-3815
-4152
-3870
-3293
-2542
-2131
-2123
-2358
-2294
-1922
-1379
-1016
-854
-670
-623
-311
227
884
1510
1992
2267
2481
2700
2979
3157
3234
3092
2640
2193
2024
2129
2290
2553
2579
2058
1290
837
840
1216
1772
2189
2183
1797
1282
805
626
522
516
210
-401
-842
-1375
-1616
-1670
-1509
-1113
-926
-595
-327
24
485
908
1052
1034
1156
1256
1384
1264
1289
1011
621
60
-562
-1099
-1791
-2313
-2837
-3105
-3284
-3630
-4194
-4789
-5127
-5139
-5173
-5308
-5518
-5706
-5723
-5583
-5534
-5597
-5715
-5464
-4930
-4067
-2845
-1624
-618
92
694
1209
2064
3175
4573
6151
7419
8269
8610
8668
9103
9763
10623
11012
10682
10074
9355
8694
8289
7800
6854
5207
3066
1359
278
-71
-231
-685
-1718
-3032
-3934
-4335
-4275
-4028
-3894
-3998
-4192
-4182
-3775
-2945
-2060
-1385
-769
-369
-234
-235
-115
286
680
946
972
728
558
546
527
461
119
-363
-1176
-1978
-2526
-2873
-2883
-3156
-3646
-4472
-5183
-5726
-5908
-5916
-6277
-6659
-7187
-7789
-7975
-8063
-7927
-7807
-7670
-7342
-6952
-6346
-5476
-4704
-4021
-3506
-3003
-2313
-1510
-576
582
2075
3434
4588
5203
5670
6323
7482
8973
10439
11336
11628
11668
11742
12149
12681
13030
12930
12180
10879
9580
8815
8453
8007
7142
5857
4416
3092
2252
2091
2002
1294
424
-517
-1064
-1141
-913
-723
-927
-1344
-1725
-2027
-1953
-1445
-814
-204
170
314
285
501
713
872
708
59
-1091
-2167
-2942
-3459
-3800
-4380
-5370
-6693
-7708
-8287
-8311
-8240
-8406
-8699
-9215
-9450
-9521
-9220
-9015
-9056
-9174
-9433
-9470
-9212
-8852
-8456
-8346
-8137
-7833
-7233
-6246
-5034
-3868
-2683
-1564
-526
399
1484
2766
4087
5360
6249
6836
7112
7326
7733
8466
9223
9841
10024
9848
9426
9208
9111
8872
8363
7625
6828
5974
5265
4581
3897
3380
3215
3260
3310
3120
2759
2435
2664
3308
4094
4679
4759
4502
4625
5139
5954
6876
7344
7234
6864
6478
6199
6170
5677
4977
3912
2721
1584
497
-577
-1985
-3431
-4800
-6189
-7522
-8701
-9956
-11247
-12249
-13093
-13554
-13732
-13771
-13704
-13714
-13819
-13751
-13355
-12664
-12052
-11238
-10504
-9911
-9350
-8859
-7924
-7038
-6004
-5040
-4169
-3493
-2964
-2345
-1621
-325
1125
2314
3068
3490
3972
4831
5759
6457
6789
6731
6401
5822
5492
5648
6011
6257
6115
5597
4884
4223
3689
3419
3130
2956
2719
2242
1964
1910
2218
2912
3630
4342
4995
5509
6174
6974
7764
8619
9199
9499
9588
9649
9896
9956
9861
9304
8453
7578
7002
6520
5848
4901
3785
2899
2209
1529
807
-269
-1735
-3073
-4361
-5375
-6146
-7075
-7855
-8684
-9238
-9529
-9732
-9855
-10118
-10650
-11130
-11334
-11388
-10979
-10579
-10349
-10285
-10005
-9441
-8543
-7510
-6763
-6017
-5440
-4840
-4125
-3272
-2298
-1270
-346
379
1049
1495
1708
1924
1882
1892
1904
1662
1536
1332
1209
1227
1208
1054
670
89
-217
-232
-165
-212
-564
-721
-505
-119
494
1135
1757
2198
2682
3309
4027
4996
5937
6841
7315
7825
8403
8970
9359
9635
9700
9694
9480
8922
8211
7538
6889
6371
5849
5223
4438
3490
2560
1957
1716
1474
959
0
-1310
-2515
-3356
-3925
-4446
-5298
-6456
-7666
-8587
-9023
-8939
-8383
-7901
-7522
-7258
-7176
-6733
-6149
-5338
-4649
-4043
-3498
-3020
-2351
-1552
-882
4
732
1366
1987
2293
2443
2366
2333
2448
2512
2041
1465
768
103
-489
-1145
-1756
-2513
-3007
-3575
-4026
-4282
-4332
-4102
-3698
-3268
-2543
-1818
-1180
-507
-51
201
687
1247
1791
2536
3072
3697
4012
4247
4335
4515
4885
5325
5943
6309
6195
5751
5297
5054
4991
4825
4484
3688
2592
1417
549
148
-17
-94
-500
-1136
-1892
-2478
-2597
-2522
-2326
-2393
-2769
-3416
-3856
-4032
-3890
-3555
-3357
-3379
-3542
-3575
-3381
-2896
-2520
-2016
-1515
-1066
-582
98
870
1634
2093
2114
1935
2080
2372
2553
2512
2022
1472
763
149
-284
-624
-900
-1397
-2019
-2432
-2769
-2981
-3069
-3059
-3164
-3316
-3547
-3472
-3204
-2837
-2323
-1920
-1536
-993
-424
462
1406
2500
3588
4307
4719
4955
4954
5217
5567
5704
5508
4938
4195
3568
3398
3203
2724
2101
1356
769
540
431
405
-196
-864
-1519
-2247
-2423
-2480
-2809
-3445
-4212
-4801
-5001
-4778
-4596
-4521
-4403
-4037
-3605
-3012
-2436
-1891
-1420
-1124
-705
-443
-159
102
487
768
1062
1281
1475
1446
1557
1723
1835
2134
2395
2623
2457
2106
1632
1165
875
594
222
-167
-581
-779
-1094
-1318
-1305
-1318
-950
-655
-405
-132
-134
-42
363
885
1405
1718
1794
1888
2059
2304
2550
2682
2846
2979
3318
3490
3697
3787
3670
3587
3321
3139
2978
2765
2546
2083
1401
612
-73
-655
-1299
-1830
-2511
-3126
-3486
-4018
-4531
-4960
-5394
-5561
-5634
-5708
-5843
-5922
-5913
-5744
-5373
-4903
-4706
-4619
-4696
-4600
-4115
-3392
-2584
-1891
-1274
-869
-258
408
1182
1758
2136
2473
2772
2871
2881
2928
2986
3113
2990
2889
2697
2354
1952
1504
1128
968
778
738
774
680
792
830
758
928
1369
1585
1718
1896
1934
2092
2271
2432
2709
2974
3273
3560
3792
3975
4222
4366
4407
4292
4059
3555
3121
2842
2660
2491
2126
1596
1148
883
725
689
483
-45
-462
-750
-827
-898
-1342
-2005
-2900
-3578
-3900
-4164
-4523
-5212
-5985
-6570
-6849
-6703
-6574
-6394
-6174
-5907
-5636
-5332
-4817
-4272
-3750
-3033
-2354
-2048
-2074
-2302
-2353
-1942
-1438
-916
-667
-539
-369
4
688
1062
1233
1050
706
515
518
719
893
882
589
237
-115
-176
70
514
933
1396
1817
2079
2223
2521
3056
3724
4359
4628
4697
4679
4948
5189
5286
5415
5279
5227
5219
5377
5556
5479
5281
4805
4386
4107
4002
3717
3090
2260
1388
870
402
-206
-836
-1444
-2055
-2604
-3077
-3566
-3731
-3900
-4047
-4197
-4509
-4703
-4917
-4924
-5003
-5009
-5145
-5561
-5589
-5633
-5593
-5266
-5037
-4746
-4490
-4369
-4154
-3708
-3237
-2832
-2507
-2190
-1823
-1498
-1288
-1059
-1129
-1063
-960
-917
-812
-860
-882
-935
-1091
-1045
-951
-904
-724
-611
-508
-212
40
232
257
581
997
1340
1994
2369
2814
3226
3592
3966
4296
4665
4961
5240
5473
5538
5646
5767
5990
6175
6181
6055
5775
5700
5715
5694
5649
5052
4244
3329
2716
2392
2057
1717
946
84
-766
-1430
-1846
-2011
-2386
-2792
-3378
-4028
-4519
-4818
-4759
-4666
-4588
-4428
-4354
-4200
-3889
-3755
-3690
-3721
-3831
-3922
-3914
-3820
-3575
-3347
-3083
-2776
-2628
-2498
-2272
-2116
-1962
-1613
-1232
-863
-805
-914
-761
-520
-203
138
353
440
386
240
51
98
207
386
497
579
476
396
525
849
1100
1160
1210
1130
1518
2025
2698
3079
3325
3481
3548
3862
4304
4567
4631
4514
4375
4222
4127
4301
4212
4048
3574
2953
2485
2153
2008
1656
1235
751
327
-40
-288
-310
-397
-537
-875
-1482
-2188
-2741
-2938
-3001
-2830
-2790
-3056
-3359
-3515
-3532
-3225
-2877
-2786
-2876
-3099
-3072
-2848
-2519
-2189
-2215
-2489
-2840
-3097
-3145
-2858
-2706
-2874
-2971
-2974
-2789
-2304
-1698
-950
-614
-498
-152
47
388
843
1388
1767
2176
2478
2674
2914
3130
3303
3340
3392
3286
3188
3136
3053
3025
2902
2846
2659
2535
2616
2649
2718
2745
2835
3067
3265
3452
3474
3294
3083
2822
2600
2342
2091
1698
1277
851
447
275
4
-218
-569
-1064
-1549
-1909
-2232
-2481
-2774
-3250
-3659
-3967
-4031
-3999
-3988
-4021
-4185
-4398
-4294
-4065
-3642
-3388
-3326
-3183
-3016
-2769
-2337
-1784
-1378
-1188
-1244
-1337
-1250
-986
-655
-453
-433
-493
-576
-507
-500
-281
-93
87
159
310
583
952
1431
1929
2349
2556
2663
2867
3316
3761
4098
4216
4240
4102
4092
4156
4369
4555
4502
4385
4133
3928
3743
3549
3434
3297
3018
2968
3022
2905
2647
2390
2161
2033
1889
1463
1123
809
550
439
279
20
-265
-639
-1009
-1414
-1966
-2576
-3082
-3714
-4284
-4717
-4896
-4959
-5061
-5073
-5135
-5278
-5364
-5256
-5120
-4987
-4836
-4841
-4934
-4961
-4591
-4099
-3659
-3386
-3314
-3335
-3318
-2956
-2519
-2047
-1688
-1533
-1400
-1129
-813
-423
197
692
1222
1652
1786
1842
2034
2289
2609
2819
2883
3007
2992
3165
3271
3473
3621
3788
4018
4222
4552
4814
4920
4989
5021
4934
4995
5165
5238
5271
5120
4985
4748
4392
4096
3821
3565
3340
3079
2618
2127
1649
1309
1090
988
904
516
127
-305
-755
-1077
-1299
-1706
-2116
-2666
-3343
-3772
-4120
-4229
-4483
-4741
-5092
-5493
-5777
-6098
-6323
-6498
-6407
-6537
-6612
-6690
-6688
-6522
-6321
-6000
-5813
-5571
-5333
-5073
-4679
-4218
-3644
-3155
-2789
-2530
-2232
-1832
-1402
-926
-605
-38
621
1425
2306
3077
3616
4086
4441
4780
5200
5689
6299
6518
6552
6410
6074
5794
5468
5172
5019
4890
4574
4234
3867
3679
3743
3852
4264
4668
4610
4449
4122
3886
3877
4025
4078
3787
3406
2993
2531
2215
1724
1283
932
363
-140
-572
-930
-1299
-1633
-2129
-2475
-2650
-2893
-3014
-3181
-3303
-3597
-3944
-4282
-4659
-4910
-5059
-5169
-5312
-5378
-5521
-5595
-5593
-5588
-5378
-5373
-5486
-5706
-5942
-5984
-5904
-5549
-5229
-4934
-4708
-4408
-3993
-3651
-3242
-2751
-2214
-1783
-1361
-889
-210
531
1184
1759
2277
2692
2922
3129
3558
3999
4489
4833
5176
5362
5610
5892
6115
6235
6203
6092
5910
5709
5684
5648
5400
5064
4384
3762
3295
3137
3096
3046
2936
2639
2153
1818
1752
1695
1587
1502
1359
947
765
442
99
-189
-611
-913
-1222
-1487
-1788
-2088
-2195
-2372
-2437
-2735
-3024
-3297
-3479
-3452
-3171
-2913
-2937
-3077
-3320
-3326
-3304
-3079
-2842
-2929
-3201
-3719
-4003
-4028
-4022
-4050
-3917
-3843
-3901
-3896
-3769
-3550
-3399
-3169
-2896
-2466
-1977
-1454
-712
-11
537
1122
1687
2218
2582
2857
3104
3158
3144
3106
3150
3186
3075
3156
3295
3545
3806
4007
4100
4181
4194
4072
3960
3917
3913
3727
3523
3360
3018
2655
2343
1924
1584
1279
931
671
359
178
107
-66
-339
-635
-792
-1185
-1437
-1815
-2158
-2448
-2544
-2516
-2391
-2176
-2210
-2352
-2441
-2303
-2302
-2460
-2824
-3234
-3502
-3687
-3613
-3521
-3454
-3474
-3574
-3640
-3565
-3393
-3067
-2800
-2658
-2446
-2193
-1902
-1504
-1091
-732
-538
-491
-574
-556
-334
184
655
821
829
801
1007
1528
2394
3127
3639
3972
3975
4040
4029
4136
4197
4123
4032
3745
3313
2690
2162
1911
1894
1817
1701
1435
1175
1046
989
979
893
595
275
57
-76
17
6
-26
-300
-657
-946
-1013
-1060
-978
-897
-1043
-1398
-1843
-2111
-2324
-2234
-2088
-1971
-2106
-2543
-2983
-3243
-3210
-3018
-2924
-2978
-3105
-3126
-3011
-2662
-2211
-2086
-2048
-2110
-2190
-2061
-1824
-1651
-1604
-1645
-1780
-1684
-1489
-1094
-594
-227
143
548
721
856
1134
1341
1661
2168
2612
2766
2852
2993
3170
3439
3577
3778
3815
3922
4093
4232
4391
4624
4825
4796
4657
4389
4233
4085
4009
3763
3370
2915
2351
1991
1600
1233
842
294
-285
-858
-1266
-1535
-1768
-1955
-2132
-2413
-2863
-3186
-3385
-3520
-3535
-3659
-3831
-4077
-4120
-4071
-3944
-3668
-3550
-3501
-3567
-3667
-3546
-3573
-3446
-3335
-3462
-3451
-3504
-3473
-3391
-3240
-3101
-2956
-2803
-2620
-2383
-2286
-1933
-1466
-1127
-757
-408
-296
-208
57
225
357
655
946
1197
1353
1489
1713
1980
2383
2872
3199
3521
3762
3883
4029
4303
4678
4837
5056
5159
5308
5416
5437
5413
5135
4804
4741
4782
4590
4385
3950
3443
3024
2785
2671
2537
2285
1724
1081
630
142
-312
-591
-1136
-1658
-2252
-2705
-2799
-2948
-3048
-3409
-3828
-4311
-4626
-4730
-4984
-5181
-5560
-5869
-6049
-6029
-5809
-5563
-5345
-5265
-5288
-4989
-4666
-4300
-4091
-3743
-3701
-3783
-3607
-3475
-3208
-3077
-2791
-2605
-2399
-2193
-1774
-1371
-948
-598
-362
-142
104
259
651
1001
1393
1832
2224
2683
3009
3240
3421
3684
3854
4154
4447
4740
4958
5179
5233
5139
5125
5129
5186
5454
5603
5513
5321
5120
4927
4694
4567
4411
4192
4035
3747
3445
3237
2978
2803
2448
1845
1221
675
187
-238
-646
-1168
-1653
-2119
-2427
-2550
-2788
-3232
-3687
-4184
-4542
-4567
-4787
-5001
-5205
-5333
-5060
-4878
-4742
-4627
-4781
-4800
-4707
-4632
-4401
-4249
-4218
-4083
-3907
-3767
-3810
-3773
-3627
-3386
-2974
-2569
-2235
-1891
-1554
-1323
-1133
-1166
-1070
-849
-468
86
593
892
1002
1100
1205
1529
1903
2249
2401
2602
2848
3063
3280
3524
3756
4033
4173
4425
4682
4977
5178
5106
4963
4797
4826
4771
4718
4626
4467
4235
3881
3519
3391
3242
3047
2848
2530
2191
1774
1379
1062
803
425
98
-295
-738
-1081
-1269
-1397
-1670
-2123
-2640
-3087
-3332
-3321
-3230
-3240
-3512
-3927
-4171
-4244
-4036
-3777
-3585
-3665
-3822
-3891
-3823
-3495
-3329
-3177
-2970
-2919
-2568
-2238
-1859
-1646
-1606
-1696
-1907
-1819
-1639
-1236
-974
-799
-754
-824
-625
-327
142
555
721
937
1099
1219
1340
1565
1818
1935
2119
2260
2239
2240
2249
2371
2460
2664
2715
2713
2864
3051
3259
3524
3753
3636
3444
3149
2928
2774
2643
2565
2348
2113
1936
1770
1675
1590
1428
1191
942
657
238
-126
-385
-749
-1048
-1305
-1450
-1606
-1667
-1669
-1864
-2041
-2362
-2615
-2780
-2776
-2640
-2493
-2379
-2365
-2367
-2548
-2727
-2839
-2642
-2431
-2315
-2292
-2309
-2267
-2140
-1827
-1441
-1029
-863
-544
-258
101
508
738
961
1073
991
992
1004
1037
1107
1071
1007
882
751
816
1044
1474
1830
2254
2451
2355
2292
2104
1927
1849
1820
1777
1728
1672
1512
1412
1339
1318
1397
1388
1295
1186
1021
816
821
751
721
706
592
582
451
450
260
35
-169
-557
-787
-880
-850
-690
-628
-819
-1118
-1517
-1849
-2216
-2412
-2450
-2413
-2432
-2342
-2174
-2121
-2117
-1990
-1842
-1733
-1571
-1414
-1288
-1304
-1018
-780
-557
-456
-390
-287
-110
168
179
282
153
158
349
634
1066
1403
1614
1896
1935
2124
2411
2468
2501
2467
2418
2387
2351
2348
2364
2349
2230
2135
2116
2011
1806
1713
1612
1405
1398
1233
984
764
623
582
665
593
614
575
322
45
-297
-352
-310
-344
-397
-483
-726
-1054
-1289
-1491
-1611
-1668
-1738
-1871
-2068
-2277
-2335
-2386
-2413
-2535
-2609
-2593
-2495
-2409
-2261
-2128
-2240
-2381
-2277
-2078
-2067
-1902
-1826
-1859
-1726
-1779
-1687
-1553
-1285
-904
-650
-444
-385
-238
-53
181
467
792
1088
1131
1100
1338
1513
1764
1996
1970
1987
2028
2055
2197
2371
2491
2581
2680
2966
3098
3227
3357
3296
3206
3103
2913
2827
2704
2451
2391
2278
2099
1980
1844
1545
1279
963
573
284
175
147
104
-23
-95
-388
-765
-1091
-1281
-1408
-1434
-1329
-1465
-1488
-1592
-1741
-1857
-2014
-2063
-2317
-2552
-2738
-2915
-3099
-3237
-3384
-3504
-3452
-3481
-3461
-3332
-3177
-3022
-2985
-2799
-2682
-2479
-2120
-1785
-1280
-884
-614
-364
-267
-177
59
342
392
393
400
403
595
839
1134
1479
1645
1835
2087
2318
2520
2651
2870
2903
2882
2909
2853
2904
3014
3231
3407
3361
3316
3203
2973
2751
2634
2574
2531
2465
2217
2141
2036
2004
1904
1805
1731
1714
1673
1465
1344
1068
762
522
211
-80
-440
-692
-894
-1093
-1258
-1411
-1610
-1808
-1830
-1905
-2017
-2167
-2592
-2820
-2943
-2938
-2764
-2734
-2853
-3071
-3031
-3224
-3185
-3165
-3160
-3064
-3103
-3007
-2894
-2590
-2280
-1968
-1634
-1467
-1247
-876
-525
-266
-65
-6
42
106
389
776
1003
1262
1199
1219
1252
1337
1456
1396
1442
1380
1474
1708
1834
2051
2292
2439
2468
2565
2687
2818
2862
2921
2978
2812
2582
2439
2262
2185
2011
1895
1747
1502
1387
1180
1034
810
549
292
228
295
376
293
222
191
81
93
-9
-189
-202
-351
-613
-638
-767
-898
-1232
-1420
-1590
-1822
-2026
-2267
-2374
-2526
-2569
-2542
-2564
-2591
-2663
-2711
-2592
-2409
-2200
-2040
-1739
-1628
-1482
-1391
-1292
-1180
-916
-745
-573
-267
-200
1
114
242
410
602
620
571
541
486
571
731
822
934
885
901
903
1113
1300
1416
1465
1464
1470
1396
1651
1821
1960
2084
1986
1925
1865
1955
2138
2184
2181
2013
1928
1901
1868
1740
1651
1520
1428
1170
1037
844
679
587
380
245
131
-139
-313
-362
-474
-477
-515
-462
-545
-653
-802
-864
-955
-1130
-1301
-1505
-1613
-1732
-1895
-2017
-2188
-2314
-2434
-2482
-2425
-2284
-2026
-1987
-1956
-1885
-1724
-1516
-1315
-1086
-971
-744
-605
-373
-132
129
317
458
536
550
629
655
845
996
1120
1237
1138
1013
1036
1114
1177
1106
1120
934
875
894
1008
1073
929
964
852
761
752
838
913
955
935
874
685
620
561
419
406
247
125
114
67
61
23
86
122
74
69
-10
3
5
-3
-139
-237
-348
-452
-660
-911
-971
-1118
-1432
-1668
-1732
-1866
-2000
-2147
-2157
-2235
-2269
-2167
-1980
-1809
-1659
-1477
-1342
-1333
-1260
-1218
-1254
-1210
-1109
-970
-751
-416
-139
30
198
383
621
992
1335
1455
1538
1474
1422
1480
1726
1849
1797
1715
1617
1702
1817
1981
2028
1863
1756
1700
1555
1642
1725
1660
1478
1363
1114
1018
984
1055
1060
1056
959
804
722
592
554
636
709
686
749
678
615
468
410
179
-33
-260
-319
-370
-442
-495
-583
-552
-539
-482
-358
-356
-471
-552
-825
-865
-979
-969
-1023
-1268
-1461
-1825
-1957
-2044
-2010
-1962
-1975
-1913
-1725
-1453
-1279
-1178
-1077
-1019
-938
-733
-504
-285
-96
19
48
181
399
565
770
908
891
1012
1098
1125
1156
1136
1132
1128
1211
1235
1074
1132
1196
1335
1538
1637
1537
1386
1305
1314
1481
1502
1489
1350
1156
1185
1045
992
1038
903
751
452
189
14
-228
-288
-353
-481
-651
-675
-725
-818
-864
-982
-1038
-1210
-1329
-1392
-1546
-1462
-1353
-1410
-1580
-1754
-1938
-2093
-1992
-1992
-1957
-1958
-1957
-1906
-1878
-1905
-1968
-2042
-2084
-1993
-1907
-1818
-1725
-1588
-1580
-1553
-1406
-1347
-1193
-1022
-925
-907
-897
-815
-685
-485
-174
144
488
739
952
1062
1069
1110
1103
1195
1427
1621
1754
1892
1899
1812
1777
1738
1852
1982
2014
2141
2082
1894
1850
1786
1825
1768
1727
1848
1742
1766
1753
1667
1587
1604
1467
1333
1233
856
805
697
635
391
181
35
-198
-195
-228
-269
-415
-514
-853
-1182
-1425
-1452
-1406
-1454
-1500
-1467
-1390
-1400
-1381
-1395
-1491
-1577
-1652
-1819
-1885
-1765
-1742
-1771
-1613
-1659
-1653
-1632
-1528
-1320
-1065
-950
-757
-741
-814
-762
-581
-376
-306
-161
-209
-33
51
132
145
255
320
430
620
708
801
755
780
750
844
1003
1204
1389
1529
1570
1632
1706
1711
1614
1604
1697
1667
1552
1424
1309
1225
1151
1297
1481
1614
1638
1614
1520
1411
1243
1026
778
636
453
308
231
178
37
-264
-384
-656
-677
-672
-801
-933
-1034
-1186
-1367
-1371
-1427
-1398
-1295
-1265
-1330
-1387
-1430
-1423
-1390
-1305
-1227
-1277
-1335
-1375
-1392
-1353
-1293
-1319
-1396
-1426
-1298
-1174
-966
-849
-682
-533
-620
-497
-354
-220
-9
55
152
280
348
481
527
427
291
231
237
318
407
644
700
894
1109
1184
1309
1441
1419
1437
1424
1345
1276
1216
1191
1186
1266
1319
1356
1433
1555
1555
1623
1674
1706
1669
1620
1553
1302
1112
854
762
583
378
192
-26
30
80
51
129
-55
-307
-495
-637
-725
-737
-807
-867
-906
-1110
-1032
-1127
-1125
-1132
-1169
-1258
-1191
-1179
-1200
-1061
-990
-978
-995
-905
-878
-795
-608
-508
-471
-470
-574
-652
-668
-625
-558
-529
-509
-312
-210
-47
133
142
182
140
166
72
65
165
77
143
229
135
218
325
238
229
164
224
300
343
412
439
341
403
357
289
255
276
369
568
740
730
792
699
768
672
734
705
616
624
491
479
415
282
126
-49
-225
-385
-483
-560
-708
-781
-904
-1105
-1239
-1294
-1323
-1307
-1103
-1092
-1055
-1163
-1230
-1173
-1164
-951
-800
-621
-593
-688
-731
-615
-412
-142
-11
-11
226
310
453
567
615
571
503
543
549
514
429
368
284
263
234
181
255
275
322
339
447
427
369
322
185
170
101
232
399
463
430
516
521
573
537
607
613
553
725
525
585
601
570
472
343
228
217
185
69
-2
-94
-163
-233
-249
-376
-439
-324
-367
-476
-563
-795
-947
-983
-1204
-1377
-1415
-1393
-1401
-1443
-1269
-1337
-1421
-1311
-1237
-1066
-872
-654
-586
-550
-597
-575
-506
-483
-372
-314
-251
-99
-30
107
172
210
386
435
630
756
789
776
886
909
903
939
895
835
867
884
814
678
495
413
217
256
286
388
531
706
656
431
408
323
243
323
312
297
308
181
132
188
189
174
182
142
120
156
280
318
241
23
-33
-154
-319
-431
-533
-605
-729
-838
-903
-947
-778
-770
-785
-871
-1064
-1078
-1210
-1266
-1180
-1252
-1217
-1220
-1247
-1277
-1367
-1304
-1187
-1101
-998
-917
-906
-918
-877
-824
-705
-647
-679
-653
-569
-323
-12
161
339
416
421
528
614
761
774
991
1121
1270
1366
1342
1341
1200
1207
1119
1070
1108
1204
1300
1326
1349
1240
1190
1293
1392
1437
1435
1476
1361
1207
963
846
797
702
630
555
511
556
501
431
443
350
307
363
360
224
125
-42
-224
-329
-517
-589
-590
-699
-619
-646
-738
-846
-939
-1011
-1129
-1121
-1158
-1074
-1078
-1112
-1195
-1338
-1253
-1149
-991
-815
-714
-650
-741
-844
-892
-767
-695
-689
-693
-651
-583
-485
-282
-257
-277
-378
-473
-429
-235
38
125
215
211
144
131
179
323
489
648
784
815
777
834
870
844
863
899
817
809
712
585
582
611
477
422
495
372
337
350
289
215
113
247
241
146
167
153
232
86
42
-123
-301
-433
-641
-567
-652
-694
-730
-705
-695
-707
-681
-655
-685
-794
-787
-748
-850
-822
-835
-925
-893
-860
-879
-789
-636
-691
-543
-607
-697
-735
-760
-734
-625
-552
-456
-332
-319
-328
-275
-178
-236
-146
-179
-250
-210
-250
-167
-32
109
291
345
411
525
513
567
635
604
651
751
882
1007
946
861
766
625
585
663
614
582
684
583
523
438
380
485
465
474
469
477
375
374
257
156
93
-44
-65
-165
-142
-70
-155
-191
-369
-415
-503
-505
-426
-431
-582
-733
-857
-995
-1078
-1282
-1256
-1281
-1258
-1173
-1021
-940
-978
-986
-1017
-1033
-998
-889
-723
-595
-565
-675
-591
-484
-538
-396
-399
-390
-264
-191
-27
6
182
363
421
520
551
551
549
616
576
486
551
612
675
667
657
746
648
648
614
483
472
532
595
548
488
427
368
301
335
312
279
358
393
476
496
613
439
339
249
109
-38
-70
-137
-252
-333
-453
-481
-540
-580
-680
-728
-800
-631
-582
-522
-479
-610
-775
-703
-731
-696
-669
-768
-868
-1062
-989
-1103
-1007
-954
-810
-683
-669
-600
-574
-477
-463
-389
-386
-382
-315
-298
-222
-13
59
119
58
65
185
130
163
147
204
355
412
569
772
936
954
1017
891
758
816
914
1015
960
1115
1226
1268
1390
1398
1241
1155
944
712
690
654
700
568
463
314
188
68
-18
7
-69
-105
-216
-437
-638
-669
-728
-751
-652
-690
-725
-641
-654
-616
-533
-595
-577
-765
-839
-816
-894
-938
-981
-932
-920
-790
-726
-660
-802
-834
-824
-716
-557
-578
-454
-357
-362
-273
-301
-315
-293
-391
-405
-470
-468
-313
-240
-97
6
68
104
193
292
312
353
445
493
679
791
859
965
880
843
802
902
911
1064
1137
1189
1279
1235
1322
1251
1221
1287
1347
1273
1335
1290
1135
976
743
655
559
378
220
92
-47
-97
-210
-404
-475
-553
-700
-758
-918
-1099
-1139
-1228
-1162
-1074
-978
-859
-923
-945
-926
-875
-735
-663
-629
-608
-603
-494
-556
-519
-434
-488
-455
-447
-518
-630
-492
-486
-521
-580
-663
-555
-421
-259
-102
145
220
239
247
295
312
297
391
366
414
516
456
431
355
282
301
348
429
570
788
937
956
1198
1301
1284
1340
1305
1354
1359
1409
1508
1442
1379
1261
1204
1119
1062
973
760
620
484
446
408
335
392
446
284
204
79
-30
-340
-424
-585
-787
-973
-1149
-1235
-1384
-1390
-1371
-1281
-1200
-1287
-1355
-1215
-1129
-1104
-1134
-1191
-1306
-1240
-1149
-1095
-961
-902
-839
-834
-766
-569
-502
-447
-366
-392
-506
-482
-520
-577
-576
-478
-606
-559
-464
-352
-159
28
266
453
450
445
277
122
159
131
226
360
397
418
377
374
515
518
517
565
646
851
1039
1160
1255
1413
1417
1533
1574
1587
1544
1571
1472
1293
1360
1268
1191
1025
975
805
707
567
424
250
71
-121
-276
-470
-575
-789
-946
-1012
-1135
-1153
-1015
-931
-787
-671
-727
-736
-849
-909
-891
-816
-842
-856
-861
-845
-781
-665
-632
-639
-638
-641
-512
-370
-366
-307
-371
-517
-427
-494
-534
-471
-475
-393
-155
-126
-100
-37
-108
-127
-147
-176
-148
-94
-42
77
166
271
375
345
369
459
526
547
564
668
797
978
1079
1130
1120
1030
924
802
