10.9489
10.7444
4.40532
-5.41001
-11.7491
-10.3177
-2.95618
6.85915
12.5848
10.9489
1.95149
-7.45487
-13.9984
-12.3625
-5.20553
3.79186
9.1085
8.69953
4.20083
-1.32029
-4.38758
-4.1831
-0.502346
3.79186
5.42775
1.33803
-5.00104
-9.70422
-9.29525
-2.34272
3.79186
8.29055
8.08607
4.60981
-2.75169
-6.63693
-7.25039
-2.54721
3.58738
6.04121
5.22326
1.33803
-4.38758
-8.06833
-6.43244
-2.75169
0.72457
1.54251
0.72457
1.747
3.38289
3.1784
5.01878
4.81429
3.38289
-1.1158
-6.43244
-11.5446
-10.5222
-6.22796
0.520084
6.24569
8.29055
5.83672
1.13354
-2.13823
-3.97861
-1.93375
1.54251
3.1784
1.747
-0.502346
-3.97861
-5.41001
-2.13823
0.520084
0.315598
-1.32029
-3.97861
-6.63693
-5.6145
0.520084
8.90401
13.6072
11.3578
6.04121
-5.6145
-14.8164
-17.4747
-12.976
-3.97861
5.63224
10.3354
8.08607
5.01878
-2.95618
-3.36515
-1.72926
2.56494
3.79186
3.58738
-3.77412
-8.88628
-10.3177
-6.63693
2.56494
8.69953
11.9713
5.63224
-5.00104
-12.567
-9.70422
-6.02347
9.92644
20.5597
19.5373
10.7444
-6.22796
-19.5196
-24.8362
-17.4747
-4.79655
9.1085
15.0386
15.8565
8.69953
-2.95618
-7.0459
-1.72926
4.20083
3.38289
-0.706832
-6.22796
-9.90871
-12.976
-6.63693
5.63224
16.47
15.2431
4.81429
-6.63693
-16.8612
-17.0657
-9.29525
7.26812
20.5597
21.1732
11.1534
-5.20553
-18.2926
-22.9958
-14.6119
-3.97861
5.01878
14.2207
12.5848
6.65467
-0.29786
-2.95618
1.33803
4.60981
1.33803
-2.95618
-8.06833
-15.2253
-13.9984
-3.16067
10.5399
19.5373
14.2207
6.24569
-4.1831
-14.2029
-17.2702
-10.1132
10.1309
14.4251
11.9713
5.22326
-4.79655
-11.9536
-14.2029
-8.4773
-2.75169
3.79186
6.24569
7.06364
3.58738
3.1784
9.1085
8.69953
0.520084
-6.84141
-11.5446
-14.8164
-18.7016
-8.88628
8.08607
19.1283
18.9238
11.7668
3.79186
-5.41001
-13.385
-12.7715
-3.36515
5.63224
6.24569
4.20083
3.79186
0.929056
-3.56964
-3.36515
-1.1158
-1.32029
-2.54721
-1.93375
-1.32029
1.95149
10.7444
17.2879
11.9713
0.520084
-8.06833
-13.9984
-18.4971
-15.4298
-1.32029
12.5848
15.2431
11.3578
8.49504
4.40532
-2.34272
-6.43244
-3.36515
1.747
-0.502346
-4.1831
-5.81898
-5.41001
-1.93375
2.76943
8.29055
7.47261
2.36046
-0.0933742
-5.00104
-8.4773
-3.16067
9.92644
15.2431
6.24569
-0.911318
-3.16067
-11.1356
-19.3151
-12.567
4.40532
9.72196
4.20083
3.58738
8.08607
5.22326
-1.1158
0.111112
5.01878
1.33803
-10.9311
-17.2702
-15.8388
-10.5222
-1.32029
9.51747
15.0386
12.5848
6.04121
-5.20553
-16.2478
-15.2253
-2.13823
5.01878
3.38289
3.38289
5.01878
-0.502346
-13.7939
-15.0209
-3.16067
4.20083
-3.36515
-6.02347
1.54251
7.6771
1.33803
3.58738
11.1534
6.85915
-6.02347
-17.2702
-17.6792
-13.385
-6.43244
5.63224
13.1982
19.5373
18.5149
10.3354
-5.6145
-16.0433
-18.2926
-19.1106
-20.951
-11.5446
9.1085
26.4898
32.8289
31.3975
25.2629
6.85915
-24.2227
-37.9233
-21.3599
0.72457
11.3578
16.2655
21.3777
16.061
-6.02347
-23.2003
-15.6343
0.929056
0.315598
-14.2029
-22.5868
-19.9285
-18.4971
-15.8388
-2.75169
10.7444
3.1784
-25.6541
-54.0777
-62.0527
-50.3969
-30.5618
-9.29525
11.1534
15.0386
-9.49973
-48.3521
-66.3469
-55.1001
-36.9009
-26.6766
-17.0657
-9.90871
-19.9285
-43.8534
-52.8508
-35.8784
-17.4747
-17.2702
-27.699
-32.8111
-32.8111
-37.9233
-37.5143
-17.2702
5.42775
2.15597
-23.6093
-46.3072
-51.4194
-45.6938
-32.8111
-6.22796
24.036
30.1706
5.01878
-26.2676
-35.265
-25.4496
-13.385
-0.0933742
16.6745
24.8539
14.4251
-0.29786
1.54251
19.1283
34.4648
38.35
37.941
36.9186
30.3751
22.8091
30.5795
56.1403
77.6113
77.2024
61.8659
49.5967
45.3025
47.7564
60.4345
84.9728
107.466
109.716
90.494
70.4543
65.5467
70.6588
76.7934
83.9504
94.1747
94.7882
76.5889
55.7313
50.2102
57.1627
61.8659
58.1852
52.0506
45.507
30.9885
12.5848
4.60981
7.6771
8.29055
-7.25039
-31.1753
-44.4669
-48.7611
-53.8732
-59.5988
-56.1226
-51.2149
-69.2097
-99.6781
-111.129
-109.289
-111.743
-109.902
-100.496
-96.4063
-103.768
-112.765
-112.97
-109.493
-106.426
-102.745
-98.2467
-90.6807
-79.2295
-73.5039
-73.2994
-68.1872
-57.7584
-57.7584
-66.9603
-65.9379
-51.4194
-40.7861
-35.8784
-23.2003
-6.63693
-4.79655
-16.2478
-24.2227
-22.7913
-21.7689
-20.542
-13.9984
-5.00104
-0.502346
1.13354
0.929056
0.315598
2.56494
5.22326
2.36046
-2.54721
1.33803
12.5848
22.1956
29.9661
39.168
41.6218
29.3526
14.8341
16.2655
30.784
45.7115
60.639
77.4068
84.3594
78.6338
74.7485
78.8382
82.928
86.4042
90.9029
90.6984
88.0401
95.6061
109.511
114.828
114.623
117.077
110.943
91.9254
80.2697
88.8581
98.4689
97.242
97.651
99.9003
86.8132
61.6614
44.0756
40.1904
41.2128
44.2801
48.7788
48.3698
39.9859
30.784
22.1956
12.5848
5.01878
2.36046
-5.81898
-23.4048
-33.2201
-28.5169
-25.8586
-29.5394
-25.0407
-18.7016
-32.4022
-57.554
-66.7558
-59.3943
-53.8732
-49.7835
-39.3547
-36.9009
-52.4418
-70.6411
-76.7757
-71.459
-60.8257
-49.3745
-44.6713
-49.3745
-52.2373
-47.9431
-47.9431
-48.1476
-38.9457
-35.4695
-49.17
-62.8706
-56.327
-39.9682
-38.1278
-37.5143
-22.1779
-22.3824
-45.0803
-53.6687
-43.6489
-38.5368
-40.1726
-34.856
-29.9483
-40.9906
-55.7136
-58.1674
-56.5315
-56.327
-50.3969
-47.5341
-56.736
-63.893
-60.2123
-59.5988
-64.0975
-57.145
-45.4893
-56.327
-77.1846
-76.1622
-61.0302
-56.736
-51.8283
-28.7214
-13.1805
-24.0182
-36.4919
-27.0855
-11.9536
-1.93375
14.2207
30.3751
29.5571
20.1507
21.3777
32.4199
46.9384
67.796
84.1549
81.0876
70.2498
72.0902
80.6786
85.3818
96.4241
114.01
110.534
81.9055
66.1601
73.7261
80.0652
83.9504
97.0375
106.853
90.2895
61.4569
59.0031
70.6588
66.1601
63.5018
70.4543
59.6166
34.8737
21.1732
23.0136
29.3526
39.7814
53.073
45.098
19.3328
6.24569
2.56494
-0.911318
5.22326
20.9687
26.0808
6.45018
-18.4971
-22.7913
-21.9734
-24.2227
-9.29525
10.9489
5.22326
-17.8837
-27.9035
-22.7913
-20.7465
-15.4298
-2.13823
-4.38758
-28.7214
-47.1252
-45.0803
-34.447
-17.6792
7.06364
18.1059
-1.52478
-26.4721
-35.265
-35.0605
-28.108
-5.20553
14.8341
2.76943
-25.6541
-38.9457
-42.2175
-46.7162
-36.2874
-12.976
-7.0459
-28.7214
-45.4893
-43.8534
-45.8983
-48.3521
-38.1278
-39.1502
-63.0751
-90.0672
-103.154
-98.0422
-82.7057
-64.9155
-54.0777
-66.3469
-94.5659
-113.992
-122.376
-119.309
-96.2018
-70.8456
-69.8231
-91.4986
-109.902
-119.104
-123.398
-111.334
-77.3891
-50.1925
-47.9431
-51.6239
-44.8758
-36.6964
-30.9708
-16.0433
0.929056
1.54251
-6.43244
-3.97861
11.3578
32.6244
60.23
84.1549
87.8356
75.1575
66.3646
66.7736
74.1351
95.4016
125.461
138.548
123.825
101.741
87.0177
74.1351
71.0678
90.2895
114.214
118.918
112.374
109.92
102.559
84.9728
74.544
71.4768
62.0704
49.3923
44.0756
48.9833
58.1852
64.1153
70.0453
63.9108
35.8962
13.8117
11.5623
17.9014
34.6693
54.9134
59.821
43.6666
19.1283
-2.13823
-16.0433
-20.542
-6.84141
15.0386
27.5122
30.784
33.4423
34.4648
27.1033
15.2431
4.60981
-7.86384
-19.724
-18.2926
0.111112
23.0136
36.3051
34.6693
17.9014
-8.68179
-31.1753
-35.674
-20.133
6.04121
32.4199
42.4397
25.6719
-7.65936
-37.7188
-55.9181
-58.5764
-48.1476
-30.3573
-20.542
-24.2227
-27.29
-29.9483
-34.0381
-42.831
-58.1674
-72.6859
-92.5211
-104.995
-95.7929
-76.5712
-58.9854
-53.4642
-64.9155
-97.2243
-135.259
-150.595
-141.189
-112.152
-75.7532
-55.9181
-61.8482
-92.3166
-130.964
-154.48
-153.253
-131.373
-102.132
-81.0699
-72.6859
-70.6411
-69.6186
-63.893
-55.1001
-49.988
-51.0104
-56.9405
-59.8033
-49.17
-22.1779
12.7892
44.0756
55.9358
43.4622
19.7418
2.76943
9.31299
43.2577
88.6536
123.621
134.867
116.668
84.3594
56.7538
49.8012
65.3422
92.3343
115.441
125.257
124.439
118.304
114.623
112.169
108.693
101.332
87.6311
74.953
69.2274
78.2248
95.4016
108.693
107.466
85.5863
55.7313
29.1481
19.3328
32.4199
57.7762
78.4293
80.4741
57.5717
20.1507
-10.7266
-27.29
-19.5196
-1.93375
11.1534
16.47
8.90401
2.97392
1.13354
5.42775
9.1085
4.81429
-7.0459
-22.9958
-30.3573
-24.6317
-6.22796
15.6521
26.4898
20.5597
-0.0933742
-21.9734
-31.3797
-20.951
3.79186
28.7392
38.5545
27.3078
1.95149
-23.8138
-35.265
-30.1528
-15.8388
-5.20553
-6.02347
-15.6343
-26.2676
-29.7439
-25.4496
-19.9285
-21.3599
-34.2425
-55.3046
-74.9353
-84.3416
-80.4564
-69.6186
-61.4392
-63.2796
-76.7757
-94.7704
-106.835
-107.449
-97.6332
-85.773
-82.5013
-89.6583
-104.586
-118.9
-122.785
-116.446
-106.222
-102.336
-109.084
-115.832
-117.264
-111.743
-95.1794
-78.0026
-71.868
-73.2994
-82.2968
-91.4986
-89.6583
-77.7981
-57.7584
-34.6515
-18.2926
-8.27282
-2.95618
0.111112
7.47261
18.5149
29.5571
38.9635
44.8936
49.5967
57.5717
69.0229
80.4741
87.8356
85.1773
73.9306
65.9556
69.2274
82.928
106.035
127.71
134.663
126.688
109.307
88.4491
75.9754
75.1575
82.7235
96.0151
107.875
110.738
104.399
92.7433
80.6786
71.0678
63.7063
59.0031
56.5493
58.1852
64.9332
70.8633
70.4543
63.5018
45.7115
23.627
8.08607
6.45018
21.9911
43.8711
62.0704
73.5216
62.8883
33.2379
11.5623
-2.13823
-9.09076
-0.502346
15.0386
31.193
44.4846
47.9609
39.7814
24.036
7.47261
-3.16067
-7.25039
-0.29786
17.6969
37.5321
50.4147
51.0281
34.8737
7.26812
-18.0881
-29.5394
-24.8362
-6.43244
15.6521
28.7392
27.9212
14.0162
-8.88628
-33.8336
-50.3969
-56.5315
-56.1226
-50.8059
-41.604
-33.6291
-32.8111
-40.9906
-56.327
-79.6385
-104.177
-116.446
-113.992
-97.2243
-72.0725
-54.4867
-54.4867
-75.3442
-111.538
-144.461
-158.775
-149.777
-121.763
-91.7031
-73.2994
-71.868
-87.2044
-107.858
-123.807
-127.488
-117.264
-102.336
-81.4788
-60.8257
-49.7835
-41.1951
-36.0829
-39.9682
-45.2848
-50.3969
-53.6687
-40.3771
-6.43244
33.4423
62.8883
72.4992
62.0704
34.8737
5.22326
-4.79655
15.0386
54.5044
92.7433
114.828
117.077
100.105
71.8857
50.2102
48.3698
62.8883
80.0652
95.8106
109.307
112.783
103.99
90.2895
76.9979
61.8659
47.5519
43.4622
54.0954
74.3396
96.4241
108.284
104.399
83.1325
46.1205
12.5848
1.54251
8.69953
28.1257
53.6865
69.8409
65.9556
42.4397
11.3578
-11.1356
-21.5644
-19.5196
-6.02347
11.5623
26.6943
30.784
23.4225
7.6771
-15.8388
-35.265
-43.2399
-39.1502
-19.724
5.01878
24.2405
34.4648
28.1257
5.83672
-16.0433
-32.6067
-34.856
-21.9734
-0.502346
23.8315
33.8513
28.5347
15.0386
1.747
-14.8164
-21.3599
-17.0657
-2.34272
8.69953
17.2879
21.1732
16.061
-3.36515
-27.0855
-43.6489
-50.3969
-48.7611
-37.5143
-17.0657
-4.38758
-10.7266
-29.5394
-49.7835
-67.7783
-84.3416
-88.4314
-80.2519
-65.5289
-63.0751
-66.9603
-74.3218
-81.4788
-97.4287
-111.334
-113.583
-104.995
-102.745
-102.336
-93.748
-86.182
-89.6583
-104.177
-111.538
-112.97
-114.401
-106.426
-87
-61.4392
-48.3521
-46.1027
-41.604
-38.9457
-41.3996
-44.2624
-32.6067
-9.29525
6.04121
14.2207
25.6719
41.0083
45.507
40.5994
47.7564
63.2973
69.4319
64.9332
70.8633
90.085
99.0824
91.5164
87.0177
90.2895
86.6087
76.5889
81.7011
102.968
111.352
103.172
100.309
105.012
100.718
80.0652
72.2947
78.8382
77.4068
66.9781
62.4794
72.2947
71.4768
56.3448
48.5743
54.0954
51.2326
31.3975
20.5597
29.3526
32.0109
16.2655
9.31299
15.6521
13.6072
-3.36515
-6.84141
5.83672
10.7444
-2.34272
-6.63693
4.40532
11.9713
3.38289
-2.54721
6.45018
8.49504
-1.93375
-4.38758
13.6072
28.7392
23.0136
20.9687
32.4199
37.5321
24.6494
18.1059
30.5795
37.941
27.5122
18.9238
26.4898
31.8065
22.4001
16.6745
28.9436
37.1231
20.3552
1.747
5.22326
14.0162
6.04121
-1.93375
3.79186
1.54251
-21.1554
-38.7412
-33.4246
-25.2452
-33.8336
-43.8534
-39.1502
-35.8784
-50.8059
-67.3693
-67.5738
-65.9379
-80.4564
-96.2018
-94.9749
-90.4762
-99.8826
-107.244
-93.339
-79.025
-90.2717
-111.129
-114.197
-106.426
-106.222
-104.177
-86.7955
-72.8904
-80.6609
-92.1121
-84.1371
-67.7783
-63.6885
-61.4392
-43.6489
-21.7689
-15.6343
-16.8612
-8.27282
4.60981
8.08607
7.47261
15.6521
27.3078
31.8065
36.7141
56.1403
79.2472
82.3145
69.0229
60.639
61.4569
61.6614
65.3422
79.8607
91.9254
87.6311
74.1351
69.8409
73.3171
71.6812
65.1377
66.9781
75.771
77.2024
70.0453
66.1601
65.7511
58.5941
47.1429
41.6218
38.9635
29.9661
21.9911
29.7616
46.7339
53.6865
43.2577
24.6494
6.04121
-7.65936
-11.3401
-2.13823
10.5399
13.8117
6.45018
-2.54721
-7.25039
-14.2029
-22.3824
-21.9734
-11.5446
-0.706832
1.747
-0.29786
-1.52478
-5.00104
-8.4773
-5.81898
-3.97861
-6.22796
-8.27282
-3.56964
13.1982
31.3975
37.941
33.8513
22.6046
6.24569
-3.56964
0.315598
14.2207
26.4898
33.4423
37.3276
33.8513
19.1283
1.54251
-6.43244
-2.13823
8.08607
15.6521
16.879
9.51747
-7.45487
-23.2003
-27.0855
-26.0631
-31.7887
-43.0354
-49.3745
-48.7611
-49.17
-49.988
-48.1476
-54.8956
-70.0276
-84.9551
-98.2467
-106.222
-107.858
-103.154
-90.6807
-82.2968
-88.8403
-106.835
-125.648
-131.169
-123.398
-108.675
-91.0897
-83.5237
-93.1345
-104.995
-107.244
-100.701
-88.6358
-76.9801
-63.893
-50.8059
-46.9207
-44.8758
-35.8784
-23.8138
-6.63693
8.49504
10.7444
8.49504
6.45018
8.49504
25.4674
51.0281
70.6588
76.7934
69.0229
61.4569
60.23
63.2973
77.2024
95.6061
103.786
97.651
85.3818
77.2024
76.3844
81.7011
92.7433
103.581
101.945
85.3818
64.9332
56.1403
60.4345
70.2498
78.2248
77.2024
61.8659
38.35
21.9911
21.5821
33.6468
45.3025
46.9384
41.4173
29.1481
13.8117
6.45018
10.7444
18.1059
21.3777
16.6745
5.42775
-3.16067
-3.56964
5.22326
21.7866
32.2154
23.8315
6.65467
-3.77412
-3.36515
8.29055
28.5347
47.1429
51.2326
38.5545
18.5149
6.04121
11.9713
28.9436
45.3025
58.7986
61.2524
49.1878
37.7365
33.8513
33.8513
36.1007
36.9186
35.0782
34.0558
32.2154
30.1706
35.8962
40.5994
31.8065
12.5848
-5.20553
-15.4298
-16.4523
-11.3401
-4.79655
-2.34272
-9.90871
-28.7214
-52.8508
-69.0052
-71.05
-65.1199
-57.9629
-52.6463
-56.5315
-68.5962
-80.4564
-91.4986
-100.496
-105.404
-108.062
-106.631
-100.905
-96.4063
-91.9076
-88.0224
-92.5211
-104.177
-116.241
-119.104
-109.698
-96.6108
-85.9775
-75.9577
-67.7783
-67.9827
-75.7532
-82.2968
-79.2295
-65.9379
-47.5341
-31.1753
-16.6567
-7.25039
-6.43244
-3.56964
-1.52478
-6.84141
-5.00104
7.47261
22.4001
39.7814
54.9134
61.8659
59.6166
48.1653
35.8962
34.8737
46.7339
60.8435
69.0229
72.4992
75.362
73.7261
64.7287
54.2999
48.7788
48.9833
52.664
58.7986
67.796
74.7485
73.3171
63.2973
48.3698
34.0558
23.627
22.1956
30.9885
45.507
57.3672
59.2076
47.3474
25.8764
7.06364
2.76943
12.9937
25.4674
30.1706
28.9436
26.8988
22.8091
15.6521
8.08607
6.45018
10.1309
12.7892
15.4476
21.5821
32.4199
39.5769
34.0558
23.627
14.2207
5.01878
3.79186
13.4027
31.8065
56.5493
59.821
35.6917
13.8117
1.54251
-2.54721
5.42775
20.5597
33.4423
36.3051
28.5347
17.9014
5.42775
-6.02347
-7.25039
0.520084
7.6771
8.90401
5.63224
5.01878
5.22326
-0.29786
-11.9536
-23.6093
-33.6291
-44.0579
-48.7611
-38.5368
-19.724
-6.63693
-13.1805
-39.1502
-67.3693
-85.9775
-88.4314
-75.7532
-58.7809
-48.9655
-51.2149
-64.5065
-81.6833
-95.5884
-102.745
-101.109
-97.2243
-93.1345
-88.2269
-82.7057
-76.3667
-76.7757
-84.3416
-91.4986
-99.6781
-106.017
-103.768
-87.2044
-57.145
-33.4246
-28.9259
-39.7637
-53.2598
-55.1001
-46.5117
-32.1977
-8.4773
10.9489
24.6494
44.0756
55.3224
50.4147
46.7339
49.5967
56.9582
68.205
81.2921
96.4241
103.786
98.8779
90.6984
84.3594
79.6562
76.3844
79.2472
90.9029
101.127
97.0375
80.0652
64.3197
60.639
66.5691
72.7037
76.1799
72.9082
61.8659
46.1205
33.2379
30.1706
40.1904
61.4569
83.1325
92.1298
81.9055
58.3896
36.9186
31.8065
47.1429
74.953
100.514
113.396
108.08
89.4715
67.1825
53.6865
56.7538
76.7934
103.172
119.735
118.304
105.012
92.5388
84.9728
77.8158
67.387
59.6166
55.9358
57.7762
60.0255
52.2551
27.7167
-9.49973
-28.3125
-13.7939
7.06364
1.54251
-31.7887
-76.5712
-113.174
-140.78
-146.096
-100.496
-66.1424
-74.9353
-133.623
-205.602
-221.756
-229.527
-218.893
-190.674
-187.812
-197.627
-257.337
-316.842
-328.089
-333.61
-323.386
-320.932
-338.722
-342.812
-358.557
-357.944
-322.568
-297.825
-273.287
-274.923
-314.388
-325.84
-307.231
-210.305
-44.2624
91.5164
175.151
146.932
54.5044
1.95149
42.2352
223.614
451.412
610.707
632.587
534.229
411.333
360.825
412.968
518.688
615.819
600.073
545.066
484.334
430.35
369.413
284.756
204.393
116.259
32.2154
-72.277
-22.3824
-26.4721
-83.1147
-212.759
-360.807
-478.386
-499.448
-404.362
-288.419
-203.353
-279.83
-386.163
-468.162
-399.046
-220.325
-8.06833
108.693
42.4397
-6.22796
-15.2253
117.691
241.814
401.313
474.11
446.913
383.318
342.012
384.749
427.078
435.257
394.565
336.286
298.661
251.22
194.577
105.012
3.38289
-87.8179
-137.508
-160.001
-180.655
-246.09
-367.555
-507.423
-609.462
-629.093
-609.053
-578.38
-580.629
-633.796
-715.795
-756.078
-727.041
-636.659
-550.57
-527.463
-485.952
-565.906
-668.558
-662.219
-536.46
-370.213
-438.512
-441.783
-340.767
-248.339
-184.335
-221.756
-207.851
-226.05
-286.578
-172.475
450.594
1236.84
1374.46
587.804
-260.609
-132.805
648.332
1484.48
1949.89
2039.04
1725.56
845.048
115.032
293.344
1279.58
2091.59
2061.54
1361.37
611.524
158.383
28.7392
253.674
460
567.764
409.492
-180.859
-740.742
-951.158
-771.21
-684.917
-989.601
-1118.63
-935.004
-828.466
-946.046
-1232.74
-1393.46
-1336.61
-1170.98
-820.9
-461.414
-245.477
-207.033
-544.435
-822.536
-504.356
233.839
827.462
884.718
843.821
782.066
685.753
849.751
1052.19
1347.06
1488.16
1211.08
991.869
1037.88
1100.86
1048.31
727.877
362.256
416.036
401.517
270.033
130.982
-167.158
-304.164
-607.417
-956.884
-835.828
-552.615
-597.397
-994.305
-1327.41
-1330.28
-1145.22
-923.348
-845.03
-966.29
-928.46
-987.761
-1081.82
-897.787
-705.979
-367.964
-269.197
-491.473
-465.095
-291.691
-212.145
-234.843
-327.271
-282.489
-37.3098
-89.4538
-252.634
-320.319
-378.597
-234.025
-125.852
-96.6108
-72.4814
-168.794
-500.266
-426.038
541.181
1574.65
1535.6
135.89
-923.552
-294.144
1078.16
1949.68
2209.99
1970.13
1213.53
214.413
-364.079
661.215
2451.49
2960.86
2054.17
613.365
-206.42
81.2921
654.058
885.331
1014.16
934.203
255.923
-683.486
-1192.66
-806.995
-150.8
-243.841
-728.268
-944.41
-1002.69
-1110.25
-1357.06
-1539.46
-1239.28
-771.824
-736.243
-741.355
-659.97
-732.971
-828.057
-908.42
-496.586
358.78
830.12
579.011
33.0334
-164.705
190.897
987.574
1625.98
1764.83
1494.09
780.43
184.967
288.232
942.178
1675.26
1725.56
882.469
87.8356
-89.2493
-50.3969
78.6338
287.005
329.743
48.7788
-569.792
-970.38
-963.632
-744.218
-575.722
-758.123
-960.769
-999.417
-933.163
-1118.22
-1259.93
-1049.31
-809.245
-660.788
-709.047
-690.643
-747.694
-787.16
-832.147
-532.78
-105.608
-150.8
-55.1001
-374.303
-567.542
-461.209
-357.535
-143.438
-335.86
-341.585
-380.846
-427.878
-407.839
-442.601
-505.174
-436.058
-498.221
-702.503
137.935
1184.29
1593.47
388.226
-1234.37
-739.924
844.843
2134.95
2300.58
1854.8
1304.53
463.477
-153.662
790.041
2696.06
3284.77
2394.64
580.852
-184.54
388.226
1039.72
1602.87
1490.81
1117.63
272.078
-800.452
-1022.73
-508.446
199.69
139.162
-581.038
-1016.39
-1263.2
-1531.49
-1575.05
-1428.43
-1083.67
-731.949
-957.906
-1191.63
-1205.95
-1340.5
-1106.57
-931.118
-405.589
266.965
261.444
53.482
-346.084
-31.3797
616.228
1030.72
1279.58
1179.38
1246.86
1167.93
934.612
869.177
1233.98
1468.93
1513.1
1249.73
709.678
688.411
368.595
228.318
365.119
485.766
557.949
-12.1581
-582.674
-920.076
-780.003
-506.196
-513.967
-578.584
-756.487
-1044.61
-1416.36
-1487.32
-1157.89
-698.004
-615.801
-911.079
-1067.31
-996.758
-986.943
-923.757
-652.813
-394.343
-201.512
-488.202
-680.214
-614.165
-574.699
-227.277
-272.264
-235.457
-208.26
-675.306
-703.321
-581.652
-273.287
133.027
-79.025
-398.228
-860.98
-1072.21
200.916
1859.3
2097.73
329.947
-1797.53
-1138.06
1367.51
2735.52
2663.75
1742.74
820.918
40.8038
-315.206
1236.84
3375.15
3618.49
1912.46
-230.958
-576.744
692.91
1582.42
1840.69
1518.22
737.079
-122.581
-1099
-1016.39
-56.1226
372.276
145.092
-848.097
-1232.33
-1056.26
-1490.8
-1626.17
-1438.65
-868.137
-441.17
-1004.94
-1537.01
-1570.34
-1301.85
-875.907
-606.599
-190.265
240.996
-90.0672
-611.302
-542.595
125.666
989.619
1182.86
1007
984.507
825.008
756.505
914.573
1222.32
1580.99
1398.8
917.231
837.073
924.593
972.647
851.591
547.929
476.359
473.292
232.816
-18.2926
-100.905
-160.819
-376.552
-717.022
-836.237
-704.957
-739.719
-978.15
-1179.77
-1098.39
-944.615
-1004.12
-1226.19
-1219.24
-988.988
-947.886
-821.923
-840.94
-760.782
-741.764
-809.04
-501.493
-470.411
-289.032
-440.352
-765.28
-569.587
-324.408
-75.3442
-306.414
-485.543
-448.122
-473.888
-467.958
-380.437
-95.7929
-295.576
-773.255
-786.342
846.888
2038.02
1134.4
-1306.96
-2021.23
403.358
2461.71
2931.21
1372.62
803.128
78.2248
-35.674
225.864
2561.91
3993.32
2577.04
221.161
-1003.3
493.127
1815.33
2391.98
1712.68
1354.01
413.173
-605.781
-976.923
65.3422
1307.39
1033.79
-273.082
-1235.6
-1265.86
-1048.29
-1075.08
-839.918
-496.586
-452.621
-1112.7
-1909.38
-1862.96
-1092.66
-788.183
-930.914
-822.741
-537.278
-560.385
-998.599
-1099.21
-271.037
634.018
671.234
153.271
-46.5117
342.421
821.736
972.238
1061.8
1178.36
1020.09
721.333
674.302
1086.55
1617.19
1427.83
682.072
411.946
651.399
812.125
693.319
421.761
282.506
155.521
-198.854
-398.228
-231.981
-134.441
-398.432
-797.589
-949.931
-809.449
-714.772
-866.705
-1014.55
-903.513
-793.704
-978.968
-1118.02
-879.179
-671.626
-798.611
-874.067
-679.601
-508.446
-668.558
-973.243
-881.019
-468.162
-238.115
-378.188
-771.21
-906.785
-678.169
-518.466
-315.82
-125.443
-253.043
-507.832
-1009.03
-1069.56
306.84
1893.24
1728.43
-444.237
-2150.47
-864.252
1830.06
2809.34
2039.86
997.799
446.504
50.8237
-76.5712
1673.83
3674.52
3343.87
1143.39
-795.953
-122.581
1673.42
2409.98
2230.03
1601.03
825.826
-236.888
-767.325
115.646
1411.47
1441.74
189.67
-1117
-1272.61
-798.203
-773.664
-601.487
-378.393
-440.761
-1158.3
-2190.75
-2030.23
-1179.16
-612.325
-643.202
-1073.85
-1109.63
-1150.94
-1400.21
-1198.79
-398.023
422.784
217.071
-572.654
-628.275
31.602
625.838
693.932
632.382
931.136
881.855
343.648
427.896
1011.5
1591.63
1507.58
733.603
485.357
599.869
749.348
886.967
927.455
850.16
442.21
-123.807
-331.77
125.666
488.833
253.06
-401.091
-755.669
-676.942
-663.037
-595.966
-504.969
-354.672
-729.7
-1403.48
-1398.16
-789.41
-233.412
-387.39
-859.548
-1129.47
-1048.9
-892.675
-684.304
-380.846
-243.227
-405.589
-942.979
-1084.69
-757.305
-312.753
-84.7506
-261.222
-463.868
-710.069
-643.407
-406.407
-479.613
-423.993
297.025
990.846
631.973
-535.438
-1323.94
-383.096
1335
1932.1
1442.15
530.957
27.9212
76.9979
495.581
1663.81
2666
2334.93
939.111
-191.083
251.833
1500.22
2270.11
2107.14
1563.61
697.204
39.7814
-33.0156
712.95
1667.49
1276.72
552.837
-695.142
-781.844
-461.005
-97.4287
49.8012
19.9463
-493.109
-1341.32
-1693.65
-1425.16
-517.443
-436.058
-776.322
-1383.85
-1456.03
-1350.72
-1157.48
-789.614
-320.114
-236.684
-701.276
-1139.9
-900.855
-145.278
286.392
306.636
161.042
49.1878
90.6984
20.7642
384.136
867.541
1004.96
755.687
231.998
248.357
653.444
861.815
901.895
704.77
489.651
310.725
54.7089
231.385
584.328
574.104
274.736
-246.499
-325.635
-134.032
-101.109
-13.7939
-16.8612
-80.2519
-375.53
-698.822
-568.565
-221.552
-50.8059
-235.252
-511.104
-584.924
-558.34
-516.421
-403.135
-309.276
-259.791
-412.746
-696.777
-621.322
-395.569
-312.548
-278.399
-401.704
-557.318
-528.281
-509.264
-381.46
-175.338
-257.541
-451.394
-596.375
-367.35
77.2024
197.849
43.4622
-347.515
-352.627
66.9781
350.396
590.871
530.752
355.508
260.013
222.387
622.362
977.555
1032.36
892.488
628.497
652.013
769.592
883.695
1029.29
1026.43
846.888
543.431
422.784
572.468
720.72
605.594
368.595
196.418
93.7657
6.45018
-62.0527
-55.3046
-53.2598
-193.537
-456.711
-595.761
-572.245
-406.816
-419.29
-465.504
-561.408
-696.982
-722.747
-619.277
-401.295
-245.068
-344.857
-482.68
-519.692
-340.563
-91.7031
46.7339
67.5915
-6.22796
-121.967
-106.631
99.9003
307.863
400.086
235.066
103.581
62.2749
168.403
327.289
430.963
389.657
227.909
71.0678
28.5347
196.418
337.513
375.139
200.916
24.2405
-27.29
65.1377
158.588
213.799
203.166
88.6536
-50.3969
-112.561
5.63224
113.396
129.346
8.69953
-81.8878
-152.844
-170.839
-149.368
-42.831
21.1732
-70.2321
-264.289
-358.966
-278.194
-155.912
-136.895
-201.717
-269.402
-321.341
-373.28
-358.353
-257.541
-168.181
-196.4
-295.576
-351.196
-314.184
-227.277
-165.523
-153.458
-149.368
-129.533
-121.967
-128.102
-99.6781
-30.5618
28.9436
52.2551
72.0902
111.352
139.775
129.96
117.282
158.997
236.497
274.94
251.833
217.684
202.757
187.011
170.448
181.081
198.667
172.288
106.035
51.8461
35.0782
37.1231
21.1732
-19.1106
-48.9655
-62.4616
-95.9973
-133.009
-106.631
-45.6938
-46.3072
-110.925
-152.231
-129.738
-65.7334
2.97392
45.916
55.5268
32.6244
12.3803
37.1231
117.486
210.527
237.315
203.575
155.521
146.932
200.712
266.761
292.117
261.853
208.073
169.017
165.949
181.695
205.006
197.44
138.753
87.8356
68.4095
84.9728
92.1298
49.1878
2.76943
-16.0433
-15.4298
-26.4721
-28.3125
-10.1132
-32.4022
-78.8205
-110.925
-104.381
-62.0527
-52.0328
-79.025
-103.154
-107.244
-113.583
-130.76
-129.329
-104.995
-89.2493
-109.493
-140.166
-145.892
-127.693
-121.558
-132.805
-131.578
-122.172
-122.99
-149.368
-169.817
-154.071
-118.286
-93.9525
-109.902
-142.825
-163.069
-157.957
-128.102
-89.4538
-58.5764
-54.8956
-85.773
-126.875
-128.306
-70.0276
-1.93375
15.0386
-15.0209
-40.9906
-40.7861
-25.8586
-1.72926
27.7167
47.1429
27.5122
-9.90871
-16.0433
16.47
49.1878
48.9833
37.3276
23.4225
-0.0933742
-27.4945
-32.1977
0.315598
17.6969
9.51747
-8.88628
-45.0803
-66.3469
-65.3244
-49.7835
-25.4496
-20.951
-39.1502
-61.4392
-65.1199
-49.17
-27.0855
-1.72926
15.2431
16.2655
8.08607
19.9463
62.8883
106.853
131.596
139.571
138.139
127.915
124.439
148.159
189.874
215.23
205.62
178.627
156.543
143.047
136.299
139.98
144.887
133.436
108.284
91.3119
87.2222
79.0427
60.8435
48.3698
49.8012
51.2326
46.325
43.2577
44.6891
40.5994
32.0109
33.4423
42.6442
40.3949
24.2405
13.6072
16.6745
19.1283
10.9489
-0.911318
-10.3177
-23.2003
-40.7861
-52.4418
-57.145
-68.3917
-85.773
-92.5211
-88.8403
-94.5659
-113.788
-131.373
-140.984
-146.505
-143.847
-128.102
-115.628
-126.67
-146.71
-139.553
-104.381
-78.616
-76.5712
-74.1173
-61.4392
-53.0553
-42.422
-3.77412
48.1653
64.5242
38.35
22.6046
48.9833
88.6536
104.808
104.603
106.035
97.4465
70.2498
52.4595
67.796
87.0177
67.1825
19.5373
-14.2029
-26.0631
-36.9009
-52.4418
-62.6661
-69.8231
-89.0448
-120.127
-146.71
-154.276
-144.256
-131.782
-128.715
-133.827
-140.575
-141.598
-139.144
-131.782
-107.858
-75.1398
-60.4168
-66.9603
-74.7308
-53.0553
-12.1581
7.26812
15.2431
26.2853
23.0136
15.0386
22.6046
50.6192
86.1997
90.085
59.821
42.0308
52.2551
68.6139
77.2024
80.4741
76.7934
57.3672
36.7141
46.5294
80.0652
96.0151
77.6113
52.0506
47.5519
57.7762
71.4768
91.7209
111.556
109.511
88.0401
78.8382
97.651
117.282
117.486
112.374
115.237
114.419
104.399
98.6734
101.741
97.0375
75.771
55.3224
48.5743
44.4846
28.7392
10.3354
0.520084
-11.3401
-33.6291
-54.4867
-64.302
-71.459
-84.3416
-93.9525
-97.0198
-104.586
-114.401
-115.832
-104.381
-94.5659
-98.0422
-99.4736
-88.2269
-76.1622
-60.6213
-35.8784
-17.2702
-10.3177
-9.49973
-3.77412
17.0835
42.8487
60.0255
71.2723
73.5216
66.9781
61.6614
69.2274
87.6311
97.4465
87.4267
67.5915
53.073
46.325
43.6666
43.2577
39.7814
24.8539
-2.13823
-27.29
-37.9233
-38.1278
-39.5592
-47.1252
-60.6213
-80.0474
-98.6557
-104.177
-96.2018
-89.6583
-92.5211
-97.6332
-102.541
-111.334
-114.401
-99.6781
-80.0474
-78.4115
-91.2942
-95.5884
-89.0448
-85.1596
-83.7282
-73.7084
-61.6437
-65.5289
-86.182
-94.7704
-80.8654
-69.2097
-72.277
-77.3891
-71.6635
-66.7558
-77.3891
-81.2743
-60.4168
-40.9906
-31.1753
-20.542
-12.3625
3.1784
20.7642
37.941
66.7736
97.242
125.666
138.753
145.296
167.176
191.51
216.662
235.475
242.836
247.13
241.609
234.452
233.225
234.657
236.088
223.614
194.577
161.246
136.708
116.668
95.4016
73.3171
48.3698
19.5373
-15.0209
-49.579
-72.277
-84.1371
-96.6108
-116.037
-134.441
-145.278
-154.685
-164.091
-163.478
-152.027
-143.847
-146.096
-146.096
-134.032
-118.082
-103.563
-86.182
-65.5289
-48.9655
-39.7637
-28.108
-8.68179
9.72196
24.6494
36.1007
47.1429
60.8435
69.6364
77.6113
86.1997
83.7459
82.3145
89.676
85.9953
83.1325
82.928
78.0203
71.2723
60.639
57.9807
56.3448
53.2775
48.5743
38.9635
31.8065
24.2405
22.8091
23.218
21.9911
19.7418
10.3354
-1.72926
-11.1356
-14.2029
-13.7939
-16.8612
-28.5169
-46.7162
-63.6885
-75.5487
-82.9102
-89.4538
-98.2467
-111.129
-129.738
-149.573
-162.455
-162.251
-158.366
-159.388
-168.385
-179.019
-179.837
-175.338
-162.66
-146.301
-130.147
-118.082
-114.606
-102.745
-84.7506
-55.5091
-25.2452
-4.38758
17.0835
32.4199
49.5967
67.1825
91.5164
118.713
141.615
149.795
150.613
154.703
162.473
175.765
177.196
182.104
175.56
163.291
147.955
140.593
134.458
128.324
114.419
92.9478
70.8633
53.2775
35.2827
23.627
9.51747
-7.0459
-22.9958
-40.5816
-54.4867
-63.2796
-71.868
-77.7981
-82.2968
-87
-90.0672
-91.9076
-91.9076
-88.4314
-83.7282
-78.4115
-73.2994
-67.9827
-60.8257
-53.6687
-46.3072
-39.3547
-32.1977
-23.8138
-14.4074
-6.22796
-0.706832
2.56494
6.85915
13.4027
22.4001
30.9885
36.1007
37.7365
38.1455
42.4397
48.1653
55.7313
62.8883
67.387
70.6588
72.0902
73.1126
75.9754
83.3369
90.2895
91.7209
94.1747
89.8805
85.7908
88.2446
83.5414
82.928
78.8382
69.4319
57.7762
46.5294
33.2379
23.627
13.4027
1.33803
-16.2478
-35.4695
-56.327
-74.9353
-87.8179
-100.905
-110.72
-129.124
-145.892
-164.909
-177.587
-182.086
-182.904
-182.495
-184.949
-191.288
-192.31
-188.016
-174.316
-155.094
-137.304
-122.581
-110.72
-98.4512
-78.2071
-48.7611
-19.3151
7.6771
30.784
44.0756
56.3448
77.4068
101.332
124.03
144.069
150.408
148.977
149.386
150.613
157.361
165.54
162.678
149.59
130.369
110.943
97.651
91.1074
83.7459
69.8409
47.9609
21.3777
-3.36515
-16.0433
-21.3599
-29.9483
-38.7412
-51.4194
-71.2545
-84.5461
-87.4089
-86.3865
-82.5013
-81.0699
-85.3641
-90.8852
-91.2942
-83.7282
-69.2097
-54.6912
-46.7162
-45.4893
-45.4893
-39.7637
-26.0631
-7.65936
8.69953
18.3104
20.5597
21.1732
28.5347
41.0083
55.3224
68.4095
73.7261
72.4992
74.3396
80.8831
89.8805
101.332
107.671
105.626
100.514
99.0824
102.15
108.284
115.237
115.441
106.853
96.2196
87.8356
83.7459
83.1325
80.8831
71.8857
57.1627
40.3949
27.3078
18.7193
10.5399
-0.502346
-17.8837
-38.1278
-55.7136
-67.7783
-75.7532
-82.9102
-94.157
-110.107
-125.852
-137.304
-142.211
-140.78
-136.69
-134.85
-136.895
-139.348
-138.326
-131.169
-118.082
-102.336
-89.8628
-79.6385
-70.6411
-58.9854
-41.604
-22.3824
-6.63693
5.42775
15.0386
24.2405
36.7141
51.4371
66.1601
76.3844
79.6562
79.4517
79.0427
78.2248
81.0876
84.9728
85.1773
80.8831
72.2947
62.4794
54.0954
47.5519
41.4173
31.8065
19.3328
7.6771
-2.34272
-9.09076
-13.385
-21.9734
-33.0156
-44.2624
-55.5091
-61.4392
-63.0751
-63.4841
-61.0302
-61.0302
-64.0975
-67.7783
-71.05
-69.0052
-63.0751
-56.1226
-52.0328
-48.5566
-40.5816
-32.4022
-29.3349
-20.951
-11.7491
-7.0459
-0.502346
5.22326
10.3354
21.5821
34.0558
45.3025
53.073
53.482
53.073
56.1403
62.2749
73.1126
83.5414
89.267
91.5164
90.494
88.6536
91.1074
93.3568
94.9926
95.6061
92.1298
87.4267
84.9728
81.4966
77.6113
71.6812
58.7986
44.8936
33.2379
23.627
19.1283
15.2431
4.81429
-9.70422
-27.699
-45.6938
-57.7584
-63.6885
-68.1872
-73.5039
-81.8878
-92.1121
-98.6557
-102.745
-104.381
-103.563
-103.768
-104.79
-100.905
-92.5211
-81.0699
-69.2097
-59.8033
-51.6239
-46.9207
-41.3996
-26.0631
-14.2029
-2.13823
22.8091
39.9859
34.2603
32.6244
46.5294
59.6166
67.5915
74.544
75.771
70.0453
69.4319
76.9979
75.362
59.6166
49.5967
48.1653
37.3276
20.5597
16.061
18.3104
10.1309
-6.43244
-21.7689
-38.7412
-54.0777
-56.1226
-50.6014
-55.3046
-69.6186
-76.9801
-77.7981
-80.8654
-81.0699
-76.3667
-75.7532
-79.6385
-76.1622
-63.4841
-54.6912
-52.0328
-48.5566
-44.6713
-44.2624
-43.6489
-36.2874
-22.7913
-10.1132
-3.77412
-1.72926
-0.911318
5.63224
9.92644
16.2655
28.5347
29.7616
32.2154
40.5994
48.9833
47.1429
46.7339
58.3896
67.796
60.639
47.7564
80.0652
91.1074
75.362
86.6087
82.928
79.6562
72.9082
70.4543
78.8382
74.544
77.6113
70.2498
56.5493
48.1653
36.5096
39.9859
38.35
17.0835
16.2655
14.2207
-5.41001
-12.567
-25.4496
-38.5368
-40.1726
-42.831
-48.5566
-67.1648
-74.3218
-60.6213
-59.3943
-66.3469
-76.9801
-85.3641
-69.2097
-55.7136
-47.7386
-33.4246
-25.4496
-16.4523
-18.9061
-12.7715
0.315598
-1.72926
15.0386
40.3949
49.8012
46.325
46.9384
53.2775
52.8685
51.2326
64.9332
77.6113
55.7313
37.1231
51.8461
71.2723
54.7089
36.1007
39.168
19.7418
-9.70422
-1.1158
36.1007
11.9713
-15.4298
-8.06833
-43.4444
-62.8706
-62.4616
-66.9603
-72.4814
-83.7282
-87
-95.3839
-102.745
-110.107
-119.922
-118.695
-102.132
-97.8377
-91.0897
-68.3917
-76.9801
-86.7955
-66.9603
-51.8283
-44.8758
-39.7637
-29.7439
-8.88628
13.6072
29.1481
29.3526
24.445
24.445
27.1033
35.4872
52.2551
61.2524
63.9108
72.2947
75.5665
97.0375
120.758
105.012
45.7115
51.8461
106.853
110.125
114.214
70.0453
37.941
73.9306
106.444
73.7261
18.9238
31.3975
42.8487
278.826
387.817
-96.8153
-367.555
-107.858
96.4241
79.8607
7.47261
-40.9906
-130.76
-137.304
18.5149
40.8038
-24.6317
-17.6792
0.929056
48.5743
-124.216
-223.597
196.418
285.778
-147.732
-278.603
-231.776
-146.914
126.484
198.667
-62.2571
-216.44
44.6891
317.678
196.213
-33.6291
-259.382
-379.006
-5.00104
378.206
374.525
81.9055
-485.748
-375.325
424.624
598.846
133.232
-208.874
-351.809
-217.053
308.067
421.761
-0.706832
-341.994
-376.552
-76.3667
275.554
211.345
-326.658
-412.746
-71.2545
17.4924
46.325
-61.6437
-396.183
-407.225
86.8132
224.432
-110.925
-352.014
-329.111
-112.765
49.8012
-0.911318
-294.349
-270.833
-67.5738
-76.3667
5.83672
-15.0209
-166.341
-88.4314
70.0453
-24.6317
55.3224
208.482
33.8513
-70.8456
34.2603
167.381
169.63
248.357
234.452
74.953
113.601
208.073
283.529
317.269
312.975
172.493
97.0375
172.697
183.331
237.315
336.082
266.147
49.1878
81.0876
60.8435
151.226
565.515
394.156
-75.1398
-100.905
72.4992
201.734
280.257
18.7193
-225.028
-92.93
-43.6489
16.6745
46.5294
-152.435
-354.877
-225.642
16.061
-150.595
-330.134
-185.153
-2.34272
-90.4762
-243.432
-125.239
10.9489
16.6745
-17.4747
-106.631
-120.74
17.9014
29.5571
-25.0407
65.3422
2.15597
-82.7057
68.4095
-9.70422
-160.41
6.65467
-52.8508
-189.243
23.4225
-47.1252
-246.499
-75.1398
-91.2942
-226.664
-132.6
-174.929
-226.255
-68.3917
-135.054
-314.388
-188.016
-150.8
-249.771
-187.812
-184.54
-335.451
-414.791
-231.367
-154.071
-310.912
-343.221
-370.418
-286.783
-78.0026
-28.9259
-88.4314
-367.555
-435.649
68.0005
357.553
139.775
-31.9932
41.2128
187.829
282.506
317.678
510.304
643.424
367.982
222.592
422.988
644.242
782.679
678.391
503.76
502.942
493.536
483.312
591.894
736.465
698.84
374.934
181.695
302.546
419.308
452.843
341.807
153.885
110.534
3.79186
-117.468
-18.4971
66.5691
-0.502346
-173.907
-384.323
-439.738
-297.416
-186.38
-189.447
-334.428
-456.915
-414.178
-407.839
-345.266
-244.659
-159.184
-152.435
-248.953
-350.582
-352.627
-51.8283
35.4872
-24.2227
9.92644
-129.329
-42.6265
36.7141
55.7313
233.225
223.819
173.72
41.6218
6.04121
145.092
205.824
346.919
212.981
-18.9061
-84.3416
-169.612
-59.5988
86.1997
-4.59207
-259.995
-377.984
-435.24
-427.469
-287.601
-324.817
-462.845
-536.46
-649.337
-819.674
-693.71
-466.117
-497.199
-665.696
-774.278
-876.316
-873.249
-660.583
-611.098
-432.172
-618.255
-994.1
-899.832
-597.806
156.543
492.514
-22.1779
-1088.78
-1041.34
588.418
1388.16
956.697
67.796
-62.2571
556.518
958.742
1189.4
1448.69
1593.88
1022.75
558.358
910.688
1595.1
1888.54
1510.04
1051.58
1019.88
1055.05
795.357
912.119
1269.97
1247.68
612.956
-3.97861
7.26812
324.017
436.484
21.5821
-62.2571
-203.353
-674.284
-918.031
-820.491
-387.39
-483.089
-872.226
-1233.14
-1199.81
-964.245
-898.81
-786.547
-843.803
-666.513
-766.507
-823.763
-649.541
-543.617
45.3025
57.9807
-304.778
-277.376
-36.4919
371.867
453.661
566.742
590.462
496.808
485.561
394.36
935.635
1180.61
825.008
540.977
316.451
600.073
669.599
468.793
419.308
330.97
142.842
-280.035
-426.651
-105.199
27.3078
-362.852
-784.706
-974.061
-896.969
-816.197
-940.116
-867.114
-834.397
-1214.33
-1516.97
-1333.96
-1086.12
-892.675
-1158.1
-1595.08
-1466.46
-1335.59
-1147.26
-961.587
-890.221
-1066.49
-1295.51
-1379.76
-505.787
1112.52
836.05
-551.183
-1696.51
-587.786
2303.65
2841.85
1340.11
-45.0803
456.115
1601.24
2146.19
2408.75
2720.18
2669.88
1199.01
874.289
1987.72
3068.02
2943.48
1616.57
1190.42
1301.26
1164.05
854.658
1097.59
1426.2
891.875
-240.569
-881.633
-492.291
-171.453
-364.283
-851.369
-1017.21
-1272.2
-1722.28
-2086.26
-1720.43
-927.847
-1246.03
-1708.78
-2248.83
-2036.16
-1330.07
-1058.92
-646.269
-767.939
-850.346
-1049.72
-670.603
159.201
729.717
875.516
249.789
269.624
608.662
1295.53
1623.12
1321.3
1306.57
1191.24
1276.31
1172.63
1223.76
1469.96
1261.79
801.901
484.334
556.109
515.007
243.859
56.7538
-0.0933742
-284.329
-782.457
-1035.41
-980.604
-886.745
-1045.84
-1332.12
-1526.38
-1657.04
-1696.71
-1686.29
-1459.71
-1212.49
-1494.89
-1912.24
-1874
-1368.72
-1098.39
-1335.59
-1556.23
-1261.36
-992.055
-952.998
-804.542
-833.374
-503.334
-1019.46
-1003.92
1000.05
2193.84
1425.79
-1446.22
-1896.91
1957.66
4699.2
3554.49
665.304
69.8409
1508.6
2683.79
3128.13
3590.27
3622.38
1807.36
257.968
1201.26
3257.78
3563.69
1959.7
770.819
700.68
634.836
233.021
257.559
675.12
518.483
-655.88
-1795.48
-1790.78
-1247.66
-1252.98
-1616.35
-1689.97
-1730.25
-2196.07
-2589.91
-2445.13
-1784.64
-1137.85
-1200.02
-1624.12
-1701.83
-1210.86
-785.524
-399.864
95.8106
568.378
599.664
307.045
737.897
1393.89
2131.47
1724.95
1259.54
1804.91
2068.08
2216.94
1308.41
1331.32
1701.84
1621.48
1443.17
500.693
773.068
592.712
192.737
-51.8283
-122.785
79.6562
-996.554
-1450.1
-1162.19
-887.154
-1323.53
-2048.43
-1919.4
-1664.2
-1807.14
-2097.71
-1747.02
-1412.48
-1673.61
-2176.44
-1847.63
-966.495
-744.832
-1297.76
-1562.57
-983.262
-821.514
-898.401
-1137.85
-568.974
-135.259
-469.389
-374.303
-650.564
-536.256
-892.88
302.137
2708.73
2645.75
140.184
-2563.33
-234.639
4076.95
5000
2571.73
26.8988
463.272
1583.24
2571.11
3572.89
4089.63
2777.85
84.1549
-235.866
1900.81
3219.54
2171.96
695.364
370.844
395.587
-304.369
-832.761
-222.165
190.692
-441.579
-1423.93
-1892.61
-1922.67
-2031.05
-1997.72
-1473.21
-983.876
-1357.68
-2401.78
-2877.01
-2153.54
-958.315
-200.899
-384.118
-1046.86
-1099.82
-571.223
20.5597
666.736
1204.33
1383.25
1021.93
557.131
1111.29
2267.45
2420.2
1616.78
1115.99
1503.9
2157.64
1925.35
1102.29
961.605
1162
819.282
415.831
367.777
239.973
-276.15
-840.531
-728.473
-320.319
-772.437
-1651.11
-1719.21
-1292.04
-1223.12
-1438.65
-1537.62
-1384.46
-1523.72
-1930.03
-1651.52
-653.631
-346.493
-1129.06
-1579.34
-1187.95
-555.069
-502.72
-566.929
-505.378
-528.076
-760.782
-1010.87
-520.51
-393.934
-384.323
-726.428
-641.362
-332.179
-878.157
-1071.6
-1172.21
1055.67
2462.33
1049.53
-1269.54
-2248.62
1329.27
4136.66
4023.17
1604.92
-100.701
809.671
1571.18
3109.73
3734.84
3310.54
1933.73
195.395
690.865
2227.17
2536.35
1563.2
737.283
539.341
617.25
-250.793
-721.316
-392.298
-155.912
-332.588
-1172
-1226.6
-1741.91
-2263.14
-1917.15
-1320.26
-447.918
-1040.72
-1993.22
-2663.32
-2214.47
-895.742
-321.137
-216.644
-517.239
-849.324
-1015.98
-407.021
645.06
1738.86
1172.63
830.529
333.423
1680.17
2302.22
1978.31
1351.76
811.921
1991.4
1730.88
1608.8
635.449
399.063
558.563
395.996
910.279
402.54
-11.9536
-1125.18
-804.746
-345.061
-78.0026
-811.29
-1406.96
-1420.04
-1291.22
-1099.21
-947.477
-889.812
-1267.29
-1737.41
-1368.11
-598.011
-378.597
-1055.45
-1488.75
-1124.77
-527.258
-369.6
-750.148
-972.22
-1001.46
-854.027
-647.701
-474.092
-462.436
-1333.55
-1603.47
-1101.05
-311.321
-399.25
-1218.83
-1850.49
-1675.45
1122.54
2492.18
1328.04
-1488.96
-2491.35
1240.73
4117.03
4473.24
1931.07
173.72
702.725
1407.18
3324.24
4394.11
4133.18
1878.11
-76.7757
1067.12
2995.22
3064.13
1437.85
744.849
1041.76
715.608
-453.235
-694.119
-295.371
-313.366
-703.934
-964.041
-948.704
-1950.69
-2824.86
-2710.56
-1410.02
-516.83
-1238.87
-2155.38
-2732.23
-2084.62
-1243.16
-547.298
-121.354
-338.109
-576.54
-684.713
-207.647
515.416
1345.83
1461.78
1308.62
998.003
1203.51
1905.72
1863.8
2052.13
1626.8
1658.9
1512.29
1137.05
1290.62
842.185
836.664
393.747
477.995
400.29
-214.599
-531.348
-837.873
-351.196
-528.69
-871
-1273.43
-1395.71
-1159.12
-1340.3
-1156.67
-972.834
-1064.03
-1613.69
-1683.22
-1029.89
-497.812
-750.966
-1260.34
-1224.56
-1063.22
-776.936
-812.721
-664.673
-684.508
-1179.57
-1168.94
-985.103
-631.955
-965.881
-1418
-952.385
-848.302
-697.391
-1053.61
-1357.27
-1205.33
-925.393
1116.61
2103.45
1063.85
-1263.2
-1637.41
1939.66
4214.77
3912.34
1723.11
917.845
1789.57
2091.59
3124.45
3891.07
3752.02
2116.95
986.347
1862.57
2728.77
1885.47
650.377
989.21
1423.95
826.848
-638.908
-1000.85
-890.017
-1159.94
-1029.68
-957.906
-1037.25
-2348.21
-3324.63
-2802.37
-1569.32
-838.691
-1413.91
-2114.89
-2331.64
-1936.99
-1308.6
-428.287
-21.9734
43.4622
-91.9076
-274.309
406.629
804.764
1286.53
1426.2
1480.18
2096.71
1897.74
1652.36
1264.04
1387.34
2206.92
2159.28
1837.01
983.894
387.817
380.66
139.571
563.266
570.014
53.6865
-694.324
-1275.06
-700.049
-530.121
-923.961
-1292.45
-1234.98
-922.53
-1188.16
-1613.69
-1575.05
-1296.94
-1111.68
-1151.15
-1018.03
-1035.61
-1190.82
-1288.97
-989.806
-404.771
-480.431
-799.225
-936.844
-678.578
-545.253
-651.79
-1018.23
-396.796
-828.466
-452.417
-1364.02
-1011.69
-922.939
-1186.93
-415.405
-939.911
-604.554
-1510.22
-1276.7
1529.87
1903.06
1657.06
-1386.51
-681.85
2057.24
3355.93
3349.59
1959.09
2026.57
1929.03
1529.87
2808.73
3553.87
3559.6
1728.02
1512.08
2145.37
2308.55
834.414
441.188
991.664
1474.66
490.264
-649.95
-994.305
-1275.06
-1611.24
-966.29
-496.995
-604.35
-2297.09
-3310.11
-2606.47
-1627.6
-927.847
-1277.11
-1623.1
-1692.01
-1758.67
-1327
-704.343
-111.947
117.895
220.547
381.478
602.527
575.33
728.49
1374.87
1727
1760.12
1791.2
1607.17
1395.52
1349.11
1270.38
1450.33
1621.69
1241.75
728.082
257.764
-108.88
-94.7704
106.035
159.201
-87
-586.559
-1000.03
-1151.96
-1081.21
-931.732
-895.333
-972.425
-1192.86
-1366.47
-1310.24
-1225.37
-1198.38
-1086.12
-846.052
-649.132
-922.53
-1281.81
-1017.62
-742.787
-638.294
-599.238
-639.93
-461.414
-675.715
-1182.43
-984.285
-929.483
-655.267
-594.534
-1405.32
-878.157
-1162.39
-1159.32
-677.556
-1077.33
-521.124
-1562.78
-503.129
1711.66
1794.68
769.183
-1479.35
135.89
2551.89
3062.49
2989.08
1879.54
2090.37
1922.89
1562.79
2685.63
3557.56
3036.12
1776.28
1752.76
2421.43
1722.09
431.372
410.515
1433.15
1335.2
88.4491
-443.624
-608.644
-1278.54
-1738.22
-1029.89
-69.6186
-531.348
-2151.08
-2917.29
-2160.69
-1369.95
-1450.31
-1615.12
-1238.46
-1223.53
-1606.33
-1427.41
-674.079
-289.646
-244.659
-25.0407
500.284
1049.53
684.935
449.163
621.749
1307.19
2081.57
1949.68
1944.77
1283.87
942.792
1312.3
1311.07
1325.59
920.298
693.932
408.674
90.085
119.94
117.895
2.15597
-145.278
-178.61
-283.307
-196.809
-248.748
-296.189
-232.594
-306.414
-309.89
-489.633
-578.789
-563.044
-571.427
-525.214
-551.183
-592.285
-691.665
-763.644
-713.341
-577.153
-505.174
-639.93
-769.165
-837.259
-767.939
-678.374
-673.875
-642.998
-753.011
-736.857
-591.263
-304.369
-75.1398
-220.734
-397.614
-476.546
-111.129
351.418
520.324
429.941
124.03
156.952
417.467
851.387
1212.71
1154.43
1007.82
786.769
961.4
1377.32
1568.72
1527.62
1117.22
1057.92
1187.36
1360.15
1433.76
1190.02
1086.95
834.414
822.759
863.656
835.846
739.942
430.554
448.549
413.991
356.53
134.867
-77.7981
-26.0631
-95.7929
-126.67
-305.391
-425.22
-486.566
-622.958
-568.769
-601.282
-611.507
-758.123
-862.82
-661.81
-563.452
-491.064
-717.022
-777.549
-673.466
-616.21
-458.96
-526.236
-409.27
-470.411
-467.344
-351.605
-276.15
-119.104
-249.771
-194.56
-139.144
-22.5868
9.92644
-64.5065
9.92644
-24.8362
49.8012
24.036
49.8012
61.2524
-43.8534
-5.81898
-6.63693
74.1351
37.3276
-99.6781
-88.8403
-90.4762
-22.9958
-77.5936
-127.079
-132.191
-233.616
-280.444
-360.807
-318.478
-413.564
-511.513
-583.901
-603.123
-538.505
-701.276
-767.939
-929.483
-802.701
-583.492
-371.849
-261.631
-587.991
-727.859
-723.974
-174.52
222.796
211.141
4.40532
-234.23
57.1627
344.057
798.629
931.75
814.784
652.422
593.53
1074.28
1383.46
1479.57
1146.66
889.012
1050.76
1207.81
1408.41
1273.04
1134.8
1001.89
822.963
924.184
893.92
879.401
645.674
456.933
554.882
498.444
461.636
121.78
31.3975
59.4121
5.22326
-27.29
-279.217
-288.623
-469.798
-491.882
-497.812
-575.108
-632.773
-870.591
-771.824
-713.75
-609.871
-694.528
-862.002
-784.093
-731.745
-576.131
-617.028
-649.541
-617.846
-591.263
-429.923
-352.627
-284.125
-338.927
-373.28
-237.911
-102.336
53.8909
6.45018
-13.7939
-6.22796
12.7892
121.371
81.0876
129.755
73.5216
87.2222
165.131
135.89
124.03
-32.4022
-20.542
41.8263
90.085
74.1351
-60.8257
-97.6332
-153.662
-140.371
-161.842
-218.893
-264.903
-365.305
-372.258
-432.172
-516.421
-616.823
-703.116
-653.426
-647.087
-700.458
-838.895
-929.278
-764.871
-466.526
-227.073
-319.296
-621.731
-706.593
-431.354
110.943
332.81
269.01
1.33803
-60.0078
223.001
594.961
1026.02
1035.02
871.222
704.361
837.277
1319.46
1473.23
1385.71
1030.52
970.602
1180.4
1344.81
1421.9
1181.43
1042.99
888.603
887.785
931.136
845.457
745.054
510.917
502.124
518.483
420.534
198.258
-70.8456
-31.9932
-30.9708
-80.4564
-274.309
-455.688
-519.897
-610.484
-586.15
-627.252
-702.094
-833.988
-933.572
-782.253
-708.638
-674.488
-853.618
-902.695
-788.592
-670.603
-576.949
-654.449
-629.501
-585.537
-461.414
-311.321
-243.023
-237.706
-326.453
-257.541
-69.2097
102.15
144.887
40.5994
43.0532
80.2697
211.55
237.928
253.878
265.33
236.088
262.876
245.903
309.499
248.971
168.812
155.725
169.426
210.527
99.9003
7.06364
-57.7584
-68.1872
-64.711
-139.348
-242.205
-348.742
-399.046
-420.926
-450.576
-546.889
-700.254
-814.97
-813.948
-753.625
-777.14
-893.493
-1006.57
-989.397
-792.272
-512.331
-359.989
-471.434
-693.71
-688.802
-314.797
162.269
365.119
233.634
59.4121
121.167
430.554
809.262
1071
1120.08
1007.41
927.251
1064.26
1350.95
1499.2
1379.57
1200.04
1192.06
1302.89
1345.63
1274.06
1174.07
1100.04
1023.15
916.209
800.061
682.481
536.478
411.333
377.183
366.346
225.25
-39.7637
-222.983
-239.138
-206.42
-282.08
-461.618
-608.03
-626.639
-616.414
-668.558
-754.238
-872.635
-907.807
-880.61
-782.253
-704.548
-783.275
-843.803
-837.464
-742.378
-614.37
-605.781
-579.198
-550.774
-499.857
-381.255
-336.268
-251.611
-251.816
-158.161
-45.0803
82.3145
109.511
72.0902
124.03
178.014
307.863
312.157
319.723
314.815
286.392
356.53
390.271
434.031
362.46
239.36
226.682
244.063
277.19
162.269
92.9478
21.1732
1.747
-25.8586
-118.286
-169.612
-354.263
-440.352
-508.241
-511.922
-443.828
-615.392
-745.854
-964.45
-949.727
-866.91
-836.032
-807.2
-954.43
-989.601
-1038.27
-868.955
-585.333
-374.098
-296.598
-505.174
-517.852
-339.131
99.4913
426.056
435.462
361.234
242.427
457.955
752.824
1105.97
1270.58
1153.41
1072.64
1030.72
1263.22
1410.45
1399.61
1307.39
1144.62
1205.56
1172.84
1200.85
1109.04
990.233
925.615
771.637
725.628
574.512
473.905
374.934
282.711
296.002
126.892
-22.1779
-260.813
-280.444
-220.12
-257.337
-368.577
-611.711
-641.566
-654.653
-606.599
-622.958
-734.812
-763.031
-802.906
-674.284
-604.963
-597.193
-657.516
-711.705
-628.275
-548.729
-460.8
-437.489
-412.746
-336.064
-289.646
-192.31
-181.473
-108.675
-63.0751
37.1231
138.344
162.473
191.919
138.344
194.782
243.041
303.364
324.426
258.786
280.257
284.96
350.396
338.536
248.153
192.737
128.528
166.563
151.022
102.15
37.1231
-74.9353
-98.4512
-162.251
-183.722
-249.771
-354.672
-389.026
-447.1
-440.965
-534.211
-640.544
-690.438
-709.456
-653.426
-717.022
-787.365
-839.509
-813.743
-687.371
-671.012
-688.393
-784.502
-781.639
-592.49
-350.991
-103.972
-136.69
-262.04
-307.436
-90.6807
316.451
520.937
539.75
382.909
389.862
556.927
822.963
1061.8
1080
1009.05
884.718
980.622
1138.49
1240.52
1186.33
1029.49
997.594
959.151
1004.75
959.969
874.289
796.584
658.965
619.09
511.326
410.106
296.411
170.039
177.605
119.531
20.9687
-160.819
-291.486
-264.289
-274.309
-298.234
-447.713
-548.116
-589.831
-580.22
-506.605
-540.141
-565.702
-664.673
-658.539
-566.111
-473.683
-414.587
-496.381
-504.561
-476.546
-383.709
-311.526
-284.329
-226.459
-199.876
-129.329
-78.2071
-18.4971
28.7392
40.8038
91.3119
118.713
160.633
171.879
170.039
206.029
209.096
231.385
209.505
193.964
196.213
191.51
218.707
198.463
180.877
116.464
64.7287
36.9186
16.47
22.8091
-25.8586
-59.8033
-124.83
-175.133
-209.692
-253.656
-254.065
-297.007
-341.79
-406.612
-453.439
-441.783
-462.641
-493.518
-572.654
-611.302
-583.697
-582.879
-593.307
-657.925
-658.13
-620.709
-579.811
-560.794
-618.868
-619.073
-565.497
-376.348
-161.024
-32.6067
-70.8456
-215.213
-180.246
50.4147
389.657
542.817
492.718
375.548
372.48
582.487
841.98
1065.28
1055.26
916.413
816.624
912.323
1114.56
1171
1099.22
942.587
875.107
848.115
848.319
832.165
770.615
705.384
570.627
470.429
344.67
220.956
122.394
72.0902
100.514
43.8711
-91.2942
-273.082
-378.597
-352.832
-319.91
-333.201
-429.719
-519.692
-557.113
-561.408
-516.421
-488.611
-477.159
-500.062
-499.039
-436.671
-368.373
-310.094
-305.8
-282.489
-275.332
-263.062
-246.908
-212.759
-126.057
-80.2519
-36.2874
-56.1226
-53.4642
-26.0631
23.218
103.172
112.578
115.032
65.5467
73.3171
109.307
159.61
201.325
171.266
147.75
97.4465
122.803
152.862
188.238
190.488
152.862
140.389
85.9953
64.7287
28.9436
45.507
66.5691
36.5096
-16.8612
-108.88
-141.802
-177.587
-192.719
-211.532
-257.95
-323.181
-421.13
-465.504
-475.932
-482.885
-529.712
-594.943
-609.462
-593.921
-600.873
-662.219
-711.705
-696.573
-639.726
-588.4
-599.851
-627.866
-625.821
-514.785
-301.506
-103.768
-14.2029
-104.381
-178.61
-92.5211
187.625
482.903
574.308
521.551
411.128
467.771
661.624
903.122
1039.72
976.328
872.653
815.806
926.842
1030.72
1028.88
912.323
792.29
783.702
773.273
757.528
667.554
600.687
536.478
466.544
395.178
261.853
152.658
47.9609
43.0532
56.7538
-1.32029
-125.648
-289.85
-322.772
-281.466
-237.911
-276.559
-405.18
-470.207
-485.748
-430.332
-407.43
-457.12
-508.855
-557.113
-479.409
-398.023
-334.019
-346.288
-413.769
-405.794
-379.006
-269.402
-233.207
-209.487
-186.38
-151.209
-69.4142
-59.1898
-5.6145
9.92644
77.6113
143.251
188.238
237.724
217.684
244.676
260.626
337.718
388.635
383.318
353.872
308.885
340.989
361.234
374.73
328.107
254.083
199.894
162.064
179.036
163.7
116.668
18.9238
-81.4788
-120.127
-149.982
-160.41
-230.14
-320.932
-389.026
-444.033
-432.99
-470.411
-521.328
-608.644
-681.236
-679.192
-673.67
-640.748
-668.558
-677.351
-675.102
-649.337
-613.756
-628.684
-610.28
-584.924
-477.159
-391.684
-366.737
-386.777
-405.385
-284.329
-83.7282
140.593
218.911
145.705
64.7287
115.032
358.371
599.051
694.546
607.435
481.88
491.287
640.766
851.796
942.996
882.673
757.323
691.479
760.186
836.664
852.409
753.847
648.945
616.637
602.936
595.37
503.965
415.627
342.83
290.481
247.948
140.593
42.0308
-50.6014
-78.4115
-79.434
-125.034
-213.781
-330.543
-367.35
-345.675
-317.047
-340.563
-422.971
-470.82
-477.159
-429.719
-399.659
-413.36
-432.172
-440.556
-363.056
-286.783
-235.048
-245.681
-272.06
-222.37
-152.64
-51.4194
-28.9259
-20.951
-4.59207
37.3276
118.304
147.546
179.241
163.495
190.897
234.452
275.963
300.91
263.489
265.33
256.946
286.392
283.529
246.926
234.248
213.595
234.657
206.438
145.092
70.0453
2.15597
5.01878
10.1309
7.88158
-47.9431
-129.942
-176.156
-198.445
-175.747
-198.445
-244.25
-302.937
-335.86
-313.366
-322.568
-324.613
-378.188
-407.839
-420.108
-420.926
-389.026
-401.704
-391.889
-415.609
-415.405
-419.29
-438.103
-419.29
-398.432
-335.451
-327.067
-352.014
-383.3
-376.552
-296.598
-228.709
-195.991
-237.911
-267.561
-206.011
-61.0302
103.99
147.341
83.5414
4.20083
40.8038
229.34
416.649
500.897
432.19
343.239
360.211
490.06
662.237
725.628
689.229
604.367
585.759
641.584
697.613
702.112
625.838
561.425
519.097
516.234
497.217
450.594
406.629
352.85
314.611
228.113
126.688
39.5769
0.72457
19.9463
14.0162
-31.9932
-139.962
-236.479
-263.471
-250.998
-212.963
-236.479
-304.573
-349.151
-354.877
-317.66
-294.144
-298.234
-324.204
-326.249
-284.125
-229.731
-190.674
-193.742
-188.425
-162.455
-110.107
-62.2571
-38.9457
-15.6343
9.51747
67.1825
119.326
149.795
146.523
128.528
145.092
185.989
238.133
256.946
243.45
228.727
233.021
259.604
273.918
257.968
221.365
194.373
195.6
208.891
202.961
162.269
102.763
45.916
12.3803
-2.95618
-17.4747
-44.8758
-95.7929
-143.029
-179.223
-202.33
-224.824
-265.721
-298.439
-320.728
-323.795
-321.75
-339.54
-366.328
-403.749
-423.789
-421.335
-411.724
-406.407
-413.973
-419.699
-416.631
-409.679
-408.248
-410.497
-405.998
-384.118
-350.174
-322.772
-316.433
-328.089
-329.929
-298.848
-244.25
-202.535
-197.218
-208.465
-186.789
-102.336
16.061
103.172
113.192
71.4768
56.7538
128.733
268.397
393.338
433.826
396.405
354.894
377.183
467.157
565.515
609.684
589.644
549.156
536.069
555.904
575.535
562.039
517.87
469.611
439.143
424.215
406.22
375.548
334.446
287.21
235.27
175.151
110.125
56.1403
24.036
7.6771
-7.45487
-38.7412
-91.7031
-146.096
-180.246
-188.63
-179.632
-175.133
-191.492
-219.302
-242.205
-251.202
-242.409
-224.21
-205.602
-190.879
-182.699
-176.156
-163.273
-139.553
-112.356
-92.7256
-84.5461
-78.4115
-60.4168
-21.3599
28.9436
68.8184
84.5639
79.2472
73.9306
85.9953
114.01
144.069
161.655
164.927
162.473
163.291
168.608
173.924
175.969
176.583
177.196
178.627
176.787
165.336
145.91
120.962
96.833
78.6338
62.2749
45.098
24.6494
-3.97861
-35.0605
-65.9379
-94.3615
-112.765
-126.67
-141.802
-159.797
-189.447
-220.734
-240.569
-250.18
-253.247
-258.359
-274.923
-296.803
-312.753
-311.73
-298.848
-292.713
-295.371
-307.231
-327.476
-339.54
-334.019
-320.114
-308.867
-304.573
-304.573
-304.982
-304.573
-303.346
-304.982
-305.8
-296.189
-278.399
-262.858
-255.905
-253.452
-239.342
-195.787
-126.261
-61.8482
-29.7439
-25.4496
-17.0657
27.5122
113.396
207.256
263.08
273.918
272.896
303.773
383.318
480.04
544.044
556.313
537.501
528.708
552.019
589.644
610.707
600.482
569.4
541.795
528.708
517.052
491.491
449.571
400.904
354.894
307.249
248.562
182.513
126.279
90.085
66.1601
35.6917
-18.2926
-85.9775
-136.69
-153.253
-156.321
-173.702
-212.145
-257.541
-287.601
-289.032
-275.127
-269.402
-277.581
-285.556
-277.99
-253.247
-225.437
-210.51
-208.056
-201.308
-176.156
-136.486
-96.8153
-68.5962
-50.1925
-29.7439
-1.93375
29.9661
57.9807
79.8607
99.6958
122.189
146.728
168.812
185.171
198.872
215.844
234.657
248.971
251.629
246.721
244.472
248.971
255.514
250.198
227.704
196.827
167.585
149.386
139.98
120.758
84.9728
37.3276
-11.5446
-49.3745
-77.1846
-103.972
-134.236
-170.021
-208.465
-248.339
-289.237
-325.84
-359.58
-388.617
-411.315
-436.467
-459.983
-481.658
-504.561
-511.718
-501.289
-493.109
-493.109
-500.675
-507.219
-499.244
-475.728
-446.486
-422.971
-408.248
-392.911
-367.759
-332.383
-292.713
-257.746
-225.233
-186.994
-142.211
-99.6781
-65.1199
-33.2201
6.04121
63.9108
139.775
209.096
252.651
273.918
290.072
323.608
381.069
441.597
482.698
495.376
491.696
498.444
524.822
557.54
577.171
573.695
552.223
528.503
509.895
495.172
474.723
443.232
402.949
360.007
319.109
278.212
233.43
186.602
142.024
101.945
56.7538
1.33803
-55.7136
-106.017
-139.757
-160.206
-183.313
-211.327
-238.729
-264.289
-276.968
-279.421
-284.329
-292.099
-297.212
-291.691
-270.219
-245.477
-229.527
-218.689
-200.285
-163.478
-113.174
-66.7558
-33.6291
-12.1581
10.5399
46.325
91.9254
135.481
171.879
201.325
231.794
267.783
299.683
318.905
327.493
333.832
344.466
358.575
361.029
348.146
329.538
312.566
301.728
290.277
264.307
227.295
185.58
146.319
114.419
80.0652
34.8737
-15.0209
-65.7334
-110.107
-146.505
-187.607
-228.913
-263.676
-291.486
-314.593
-346.493
-380.437
-416.631
-438.103
-438.307
-428.901
-426.038
-433.808
-447.1
-447.304
-417.654
-401.295
-384.118
-375.121
-354.059
-325.226
-287.805
-266.948
-249.566
-235.866
-212.963
-177.178
-140.984
-118.491
-110.72
-103.768
-83.3192
-55.5091
-32.8111
-25.8586
-26.881
-22.3824
-4.38758
15.4476
25.0584
19.5373
9.92644
10.3354
21.3777
32.2154
34.6693
33.4423
39.7814
59.821
82.928
92.5388
83.7459
70.4543
74.1351
100.718
135.89
156.543
154.294
143.251
146.114
168.403
200.098
219.934
220.547
220.343
223.205
231.794
238.746
235.27
229.749
227.091
231.589
244.676
243.45
236.088
220.547
216.048
213.799
202.757
218.707
179.036
158.179
162.064
168.403
170.244
146.932
120.962
100.309
95.1971
93.3568
92.1298
77.2024
62.8883
50.8237
48.3698
42.2352
34.8737
23.218
21.5821
30.784
42.0308
43.6666
35.8962
27.5122
24.2405
25.6719
28.3302
27.1033
26.4898
31.8065
45.7115
58.3896
59.0031
46.325
34.2603
35.4872
49.3923
59.821
55.5268
39.9859
27.5122
26.6943
30.5795
27.7167
14.0162
-4.1831
-15.8388
-16.6567
-14.2029
-21.7689
-44.6713
-73.7084
-92.93
-99.0646
-102.336
-114.197
-132.805
-147.732
-154.071
-158.366
-170.43
-192.924
-215.417
-225.846
-221.961
-214.395
-216.644
-231.981
-249.771
-257.337
-252.634
-247.522
-250.998
-260.2
-263.471
-254.883
-243.227
-239.138
-247.113
-259.382
-263.062
-254.27
-239.547
-230.754
-233.821
-241.387
-242.205
-235.661
-226.664
-226.868
-231.163
-230.549
-220.325
-200.899
-187.403
-182.086
-181.677
-175.542
-155.094
-128.92
-102.336
-80.4564
-57.7584
-26.6766
7.88158
40.5994
64.3197
84.9728
111.965
152.044
200.712
242.427
273.1
290.481
310.316
338.331
366.346
392.315
404.994
414.195
424.215
434.44
444.255
439.143
428.1
413.582
403.562
401.517
388.021
367.982
344.261
313.793
289.459
263.489
226.273
187.625
155.521
134.663
120.553
100.309
69.4319
33.0334
2.56494
-16.0433
-26.0631
-36.0829
-51.0104
-67.3693
-74.5263
-74.1173
-73.9128
-76.1622
-81.2743
-82.2968
-73.0949
-53.6687
-31.9932
-18.4971
-9.49973
-2.95618
8.90401
24.445
40.8038
55.5268
65.5467
83.5414
102.354
116.668
119.326
115.237
116.055
121.167
132.414
138.139
132.209
119.122
105.83
96.6285
84.3594
65.9556
40.5994
13.8117
-6.43244
-22.3824
-40.3771
-65.9379
-100.292
-133.418
-157.548
-179.837
-199.876
-218.28
-244.25
-264.698
-277.376
-291.486
-308.663
-329.52
-345.266
-350.991
-348.538
-343.017
-342.403
-345.47
-347.106
-340.563
-330.134
-320.932
-313.775
-303.96
-286.987
-265.107
-246.908
-236.684
-230.549
-221.756
-207.851
-190.265
-173.293
-161.433
-154.276
-146.71
-135.259
-122.376
-115.015
-114.197
-112.97
-104.381
-92.1121
-80.8654
-73.5039
-69.8231
-64.5065
-57.145
-47.3297
-36.6964
-26.4721
-14.4074
2.36046
22.8091
43.0532
57.9807
70.6588
84.9728
105.012
133.027
158.997
181.081
201.939
221.774
247.539
271.26
285.574
303.364
313.997
317.473
341.194
362.665
372.071
378.41
377.183
379.842
378.206
374.934
370.026
362.665
355.508
342.216
329.129
310.521
286.392
261.649
238.133
220.138
200.916
179.445
156.543
134.049
110.943
86.6087
63.7063
42.6442
24.2405
9.1085
-2.34272
-12.567
-24.0182
-36.6964
-46.3072
-52.4418
-56.327
-58.7809
-58.1674
-53.0553
-47.1252
-42.013
-38.9457
-37.1054
-34.856
-31.1753
-26.0631
-18.4971
-10.9311
-6.22796
-0.0933742
1.33803
-1.1158
-3.77412
-9.09076
-10.3177
-13.1805
-15.2253
-18.7016
-27.4945
-36.4919
-52.4418
-66.3469
-81.6833
-92.93
-91.4986
-111.947
-130.147
-136.486
-152.844
-165.523
-181.677
-198.036
-212.145
-220.529
-226.459
-231.163
-239.956
-246.09
-252.225
-257.132
-259.586
-259.586
-259.586
-254.883
-247.113
-238.933
-233.616
-228.504
-225.233
-220.325
-211.123
-200.081
-191.492
-183.313
-173.702
-166.341
-159.388
-154.276
-149.573
-147.937
-142.416
-134.645
-124.216
-118.082
-114.81
-112.97
-109.084
-104.79
-101.109
-96.2018
-90.0672
-80.4564
-71.2545
-58.9854
-51.0104
-43.0354
-36.6964
-24.0182
-7.0459
12.7892
31.193
50.8237
72.2947
93.7657
113.192
132.414
151.431
172.288
193.964
216.048
236.497
257.968
276.576
291.708
305
318.7
330.97
340.58
351.009
358.984
361.847
363.074
360.007
355.712
346.919
337.922
327.902
315.224
301.728
284.347
265.534
243.654
221.365
197.849
175.969
153.476
133.436
112.578
93.3568
73.3171
53.2775
34.0558
15.8565
0.315598
-12.976
-24.2227
-33.2201
-41.1951
-47.9431
-53.8732
-58.9854
-62.8706
-64.302
-63.6885
-59.5988
-53.6687
-48.5566
-41.3996
-37.7188
-32.6067
-27.0855
-23.8138
-16.8612
-12.3625
-5.6145
-0.0933742
1.54251
2.36046
-0.29786
-3.16067
-3.97861
-10.3177
-2.95618
-13.1805
-18.4971
-25.8586
-34.0381
-43.2399
-55.3046
-66.5513
-79.2295
-90.2717
-105.813
-116.037
-130.555
-142.62
-157.343
-168.385
-181.268
-192.515
-201.308
-208.669
-216.44
-221.961
-225.846
-230.549
-234.025
-235.048
-234.23
-233.412
-231.367
-225.642
-220.938
-215.008
-210.714
-203.761
-195.378
-188.016
-179.632
-171.044
-160.206
-150.186
-142.211
-133.623
-124.83
-115.832
-108.471
-100.496
-92.93
-84.1371
-78.2071
-70.2321
-64.5065
-58.5764
-52.6463
-47.9431
-39.9682
-34.0381
-26.2676
-19.9285
-11.1356
-4.59207
3.1784
7.06364
18.3104
24.8539
39.7814
41.0083
51.2326
60.23
69.6364
77.8158
86.6087
96.2196
107.875
116.873
126.279
138.753
144.069
156.952
162.678
171.879
177.401
185.58
189.056
196.009
195.191
200.712
200.507
201.53
202.348
201.939
200.507
200.916
197.849
196.213
193.555
189.056
185.375
181.695
175.765
168.812
160.837
154.089
148.159
141.206
133.436
125.666
118.509
111.556
103.99
96.6285
91.1074
85.3818
80.0652
74.7485
69.8409
64.5242
58.5941
53.482
47.9609
42.0308
36.3051
31.193
26.6943
20.5597
14.4251
8.49504
2.76943
-3.56964
-9.70422
-16.6567
-21.3599
-28.9259
-34.2425
-41.8085
-47.1252
-54.2822
-60.8257
-67.5738
-74.3218
-81.0699
-88.2269
-95.1794
-101.927
-108.062
-115.628
-120.945
-127.897
-132.396
-138.53
-143.643
-147.937
-151.413
-155.912
-157.752
-162.455
-162.455
-164.296
-165.523
-165.523
-166.136
-163.887
-163.682
-162.046
-160.001
-157.343
-154.889
-150.8
-148.55
-143.643
-140.984
-136.281
-132.6
-127.284
-123.807
-119.309
-115.424
-111.129
-107.04
-104.177
-100.905
-97.6332
-94.7704
-91.4986
-88.2269
-86.182
-82.9102
-81.4788
-78.0026
-73.7084
-73.2994
-67.9827
-67.1648
-59.8033
-58.1674
-53.2598
-49.3745
-42.6265
-37.9233
-30.1528
-25.6541
-16.4523
-9.29525
-0.911318
7.88158
17.6969
28.1257
37.7365
48.3698
59.4121
71.4768
82.11
93.9702
104.808
116.668
127.71
138.957
148.159
158.792
166.563
176.787
183.535
190.692
195.804
200.916
205.211
208.891
209.709
210.527
210.732
209.505
207.869
203.575
200.303
195.804
191.306
184.762
177.81
171.675
165.131
157.156
149.59
141.411
133.641
125.257
117.282
109.716
102.559
95.6061
87.8356
80.4741
74.544
68.4095
61.8659
56.9582
52.0506
44.2801
36.1007
30.9885
28.3302
23.627
17.6969
11.5623
6.65467
2.36046
-2.54721
-8.4773
-14.8164
-20.7465
-26.2676
-32.8111
-39.7637
-47.3297
-54.2822
-61.4392
-68.3917
-75.3442
-81.8878
-89.0448
-96.4063
-103.972
-110.311
-116.037
-121.967
-127.897
-133.009
-137.304
-140.984
-144.256
-147.119
-149.573
-151.822
-153.458
-153.253
-152.64
-152.844
-152.027
-150.391
-149.368
-148.755
-146.505
-143.234
-140.78
-138.326
-134.441
-131.169
-128.92
-125.648
-121.967
-118.695
-115.424
-111.743
-107.449
-103.359
-99.8826
-96.2018
-91.9076
-88.0224
-83.9327
-78.616
-73.7084
-71.05
-67.3693
-60.6213
-55.3046
-50.8059
-45.2848
-39.3547
-34.856
-30.1528
-24.2227
-19.724
-15.4298
-9.70422
-3.97861
0.315598
4.81429
9.51747
14.8341
19.7418
23.627
27.5122
32.4199
37.3276
41.6218
46.1205
50.8237
55.3224
60.0255
64.5242
70.0453
75.1575
79.6562
84.9728
89.676
94.9926
99.6958
104.399
109.92
113.601
117.895
121.985
125.461
127.915
131.187
132.414
134.458
135.276
135.481
135.481
134.458
133.845
131.391
130.164
126.892
123.825
119.94
116.259
111.352
106.648
101.536
95.8106
90.6984
83.9504
78.8382
73.1126
66.3646
62.4794
55.9358
50.6192
46.1205
40.3949
35.8962
31.8065
26.4898
22.1956
17.2879
13.6072
8.29055
4.81429
-0.0933742
-4.38758
-7.86384
-13.7939
-17.0657
-21.7689
-26.2676
-30.7663
-35.0605
-39.7637
-43.4444
-47.9431
-51.6239
-56.9405
-59.1898
-64.5065
-66.7558
-70.4366
-73.0949
-76.9801
-78.8205
-81.2743
-84.7506
-85.3641
-88.2269
-89.2493
-90.8852
-90.4762
-92.5211
-91.9076
-92.1121
-92.3166
-91.9076
-90.8852
-91.0897
-88.8403
-89.6583
-86.591
-86.591
-84.5461
-82.5013
-80.4564
-79.2295
-75.3442
-73.7084
-71.05
-67.3693
-64.0975
-63.0751
-55.9181
-56.327
-50.3969
-47.5341
-44.4669
-40.5816
-36.9009
-33.2201
-29.9483
-26.2676
-21.7689
-19.1106
-14.4074
-11.1356
-7.65936
-4.59207
-0.0933742
1.54251
5.63224
7.88158
11.3578
12.5848
15.4476
18.1059
18.5149
21.3777
22.8091
24.445
25.8764
28.1257
28.3302
29.7616
30.3751
31.602
32.6244
34.0558
35.0782
36.1007
36.9186
37.941
39.3724
40.3949
43.0532
44.4846
46.1205
49.1878
50.4147
53.2775
55.7313
57.9807
59.6166
63.2973
64.9332
66.3646
69.8409
70.2498
74.544
75.771
76.5889
78.8382
81.4966
83.3369
83.1325
84.1549
91.5164
87.4267
86.1997
85.7908
84.9728
82.3145
80.6786
79.6562
76.9979
72.2947
69.8409
67.387
63.0928
57.1627
53.6865
49.8012
43.8711
37.5321
34.6693
29.3526
22.4001
18.7193
13.8117
9.1085
3.99635
-0.911318
-5.20553
-11.3401
-14.6119
-18.7016
-24.0182
-26.4721
-30.7663
-34.0381
-36.0829
-39.9682
-42.6265
-44.4669
-46.9207
-48.3521
-49.17
-51.6239
-53.4642
-53.4642
-54.8956
-55.1001
-54.6912
-56.1226
-56.327
-55.1001
-56.1226
-55.3046
-54.4867
-56.1226
-55.7136
-54.2822
-53.2598
-53.6687
-54.0777
-53.6687
-53.4642
-52.2373
-53.8732
-52.0328
-44.8758
-49.988
-48.5566
-48.5566
-49.988
-48.9655
-49.7835
-49.3745
-49.17
-48.9655
-48.3521
-46.5117
-48.9655
-47.9431
-48.3521
-46.3072
-45.4893
-44.2624
-42.2175
-41.3996
-39.3547
-37.3098
-36.2874
-33.2201
-31.7887
-29.5394
-26.881
-24.6317
-20.951
-19.3151
-17.4747
-13.9984
-11.1356
-7.65936
-5.20553
-2.13823
1.33803
5.22326
8.08607
11.1534
14.4251
17.0835
20.1507
22.6046
25.0584
27.7167
28.5347
30.9885
31.8065
33.8513
36.3051
36.1007
38.1455
38.9635
39.5769
42.0308
42.0308
42.2352
40.5994
43.0532
43.6666
42.4397
42.0308
41.8263
54.7089
45.3025
46.325
47.7564
46.1205
47.3474
44.4846
45.916
44.4846
46.7339
44.8936
44.4846
44.6891
43.8711
43.2577
45.098
42.8487
42.4397
42.0308
42.0308
40.5994
40.3949
41.2128
39.9859
37.5321
39.168
37.1231
35.6917
35.4872
33.6468
33.2379
30.1706
28.9436
28.3302
24.2405
22.4001
20.7642
18.3104
14.0162
11.9713
9.31299
3.79186
1.33803
-2.13823
-6.43244
-10.3177
-13.385
-17.6792
-22.1779
-25.0407
-28.108
-31.9932
-35.674
-37.9233
-39.7637
-43.2399
-46.7162
-49.17
-49.988
-51.0104
-53.0553
-54.4867
-54.4867
-55.9181
-58.1674
-58.9854
-57.3495
-55.1001
-54.2822
-53.4642
-51.8283
-49.988
-48.5566
-45.8983
-44.0579
-40.7861
-38.1278
-36.9009
-33.0156
-31.5842
-28.7214
-25.4496
-22.7913
-21.7689
-18.9061
-17.0657
-15.2253
-13.1805
-13.5895
-10.3177
-9.29525
-9.90871
-8.4773
-9.29525
-7.0459
-7.45487
-7.86384
-8.4773
-8.06833
-6.43244
-8.68179
-7.65936
-7.25039
-7.86384
-6.63693
-8.06833
-5.6145
-6.02347
-6.02347
-4.79655
-3.56964
-2.13823
-1.52478
-0.0933742
1.54251
6.24569
6.24569
10.3354
10.5399
15.0386
17.0835
19.9463
23.4225
24.036
27.5122
28.5347
33.0334
35.8962
34.8737
37.1231
41.0083
43.0532
43.0532
44.6891
46.325
46.9384
47.3474
48.9833
47.5519
46.7339
47.5519
45.3025
44.6891
43.2577
41.2128
38.759
38.1455
35.2827
32.4199
29.7616
27.1033
25.0584
20.9687
19.1283
16.061
13.4027
10.5399
7.26812
5.63224
3.1784
0.315598
-0.911318
-3.77412
-5.6145
-6.22796
-9.29525
-9.49973
-11.3401
-12.7715
-12.976
-12.3625
-15.8388
-14.6119
-14.8164
-15.4298
-15.6343
-16.8612
-16.0433
-16.4523
-17.6792
-16.8612
-18.4971
-18.0881
-20.542
-18.2926
-20.542
-21.5644
-22.5868
-24.0182
-25.0407
-26.0631
-28.5169
-25.2452
-31.3797
-32.8111
-33.2201
-35.8784
-37.5143
-38.1278
-40.9906
-42.831
-45.0803
-46.9207
-49.3745
-50.6014
-52.2373
-54.2822
-56.5315
-56.736
-57.7584
-58.5764
-60.4168
-59.3943
-59.3943
-58.9854
-58.3719
-59.1898
-56.327
-55.9181
-52.8508
-51.2149
-50.3969
-47.3297
-45.2848
-41.8085
-38.7412
-36.9009
-33.2201
-30.5618
-27.0855
-23.2003
-21.1554
-16.6567
-13.7939
-9.70422
-6.02347
-2.75169
0.111112
3.79186
6.24569
9.92644
11.9713
15.4476
17.0835
19.1283
20.7642
22.6046
23.8315
27.1033
27.7167
27.3078
28.5347
28.5347
31.3975
28.3302
30.784
24.2405
25.0584
24.2405
27.3078
25.4674
23.0136
23.8315
22.6046
21.7866
20.9687
20.3552
20.9687
20.7642
20.1507
19.3328
18.9238
19.3328
18.9238
18.5149
19.1283
18.9238
19.9463
19.7418
19.9463
20.9687
21.5821
21.7866
23.0136
23.0136
23.0136
24.6494
26.0808
25.6719
24.8539
27.9212
28.7392
28.5347
28.1257
30.3751
30.1706
29.9661
30.3751
30.9885
29.7616
29.9661
28.7392
29.9661
29.5571
26.6943
27.9212
25.2629
26.4898
23.0136
23.0136
23.0136
20.9687
20.7642
19.1283
18.1059
15.8565
14.6296
11.7668
11.1534
10.7444
18.1059
