-2.71936
-43.5994
-13.7021
6.73797
-38.4131
-61.2938
-15.38
-2.71936
39.381
40.6013
25.195
45.33
87.8879
23.6696
1.70423
18.7884
28.7034
68.5157
53.567
57.533
33.5846
28.3983
18.6359
12.2293
5.82274
39.381
12.6869
12.5344
-16.2952
15.7377
76.2951
25.8052
0.178857
-27.888
23.9747
41.0589
0.941544
-12.1767
19.7037
0.483932
-17.0579
-60.5311
-62.3615
-15.8376
-9.431
-49.7009
-39.6334
2.61946
41.364
23.9747
-7.14294
22.2968
17.2631
15.2801
40.2962
21.0765
52.4992
26.5678
7.34812
54.1771
38.4658
-0.583831
10.3989
34.8049
-19.651
-2.56682
-39.4809
-23.0068
-28.0406
-51.2263
-65.7173
-63.4293
-30.3286
-24.0746
-38.7182
9.02603
-11.8716
-38.1081
-41.1588
-92.5639
-41.0063
-28.9558
-7.60055
-4.24473
47.0079
37.0929
18.1783
61.9565
32.2117
-8.51578
-14.4647
2.92453
-47.7179
-38.5657
-4.70234
1.24662
-16.2952
-37.803
-62.8191
-72.429
-95.6147
-52.4466
-34.2946
-66.7851
-9.431
-4.09219
-17.5155
-16.4477
-36.7352
-90.4284
-78.683
6.12782
12.3819
-8.36324
-7.75309
-66.6326
-40.7012
-27.2779
-19.651
-21.1764
-74.5645
-86.92
-52.7517
-15.685
7.95827
-5.46503
-41.0063
-88.7505
-83.8693
-51.5314
7.34812
29.4661
8.26334
-36.8878
-28.8033
-7.75309
-0.126218
35.2625
-11.5665
-65.4123
-85.5472
-58.7006
-25.7525
13.9072
16.0428
-58.3955
-70.446
-30.4812
-1.49906
40.2962
-5.00742
-134.207
-151.443
-39.3284
-11.2615
-11.1089
40.1437
-16.9053
-62.8191
4.75498
67.4479
78.1255
67.6004
19.7037
-15.5325
41.0589
104.514
94.5996
55.855
58.6007
-27.2779
-45.4299
29.0084
86.9727
47.7706
-33.837
-35.9725
-32.9218
-20.1086
-7.60055
44.5673
10.8565
-9.58354
-19.0409
-44.3621
-22.3967
4.29737
7.50066
-22.0916
-29.871
-10.1937
30.6864
-11.5665
-13.397
-42.6842
-49.5484
-43.9045
-42.5316
-37.803
-59.7684
-68.9206
-41.1588
47.4655
29.161
39.9911
-50.7687
-121.546
-100.801
-60.9887
11.1616
-5.15996
20.0087
15.1275
-16.6003
42.7368
119.463
170.411
188.258
151.191
178.8
214.952
252.781
183.987
133.039
75.99
-17.363
-32.0066
-47.1078
-6.68533
-7.14294
-50.7687
-122.766
-143.969
-109.496
-106.14
-101.106
-104.462
-94.5469
-87.2251
-66.175
-42.074
6.43289
0.0263194
-8.66832
2.92453
24.2798
51.2789
39.0759
2.61946
-5.61757
5.06006
24.1272
63.0243
76.1425
76.9052
30.5338
-7.90563
-2.26174
29.161
49.2959
50.5162
17.1105
-25.1424
-39.9385
-47.4128
-31.7015
-57.4803
-125.817
-143.359
-99.123
-25.1424
25.195
24.1272
-61.7514
-103.852
-44.2096
21.8392
73.2443
19.7037
-50.7687
-68.463
-49.7009
18.7884
55.2449
5.21259
-108.885
-138.02
-150.376
-103.547
-18.1256
-11.8716
-73.4967
-126.122
-150.071
-97.1401
-38.1081
-38.4131
-15.38
-55.0397
-100.496
-59.1582
12.3819
52.6518
51.2789
-7.14294
-31.7015
18.7884
124.497
155.92
185.207
206.715
154.242
100.396
116.717
122.514
117.328
78.8882
50.0586
45.1774
78.4306
80.1085
-9.27847
-98.818
-162.274
-176.307
-175.392
-121.546
-127.495
-120.936
-123.987
-144.884
-114.072
-72.5815
-114.834
-138.325
-77.0051
-32.4642
21.6866
105.887
170.563
138.073
86.3625
54.1771
64.8548
98.7181
140.818
110.769
111.074
118.395
90.481
77.8204
57.0753
12.992
-56.8702
-101.106
-60.9887
3.07707
0.636469
-20.8713
-88.2929
-117.733
-63.4293
9.48364
7.19558
-9.73608
-28.1931
-58.7006
-61.1412
-34.5997
-5.46503
-18.5833
-41.1588
-29.4134
16.8054
39.381
65.4649
61.804
64.0921
54.1771
65.0073
120.226
127.7
129.836
138.988
98.7181
97.3452
70.6512
54.4822
68.8207
77.973
104.209
109.701
93.2267
64.5497
12.8395
-28.4982
-6.38026
-14.9224
-22.7018
-25.1424
1.55169
10.0938
7.19558
7.95827
3.83976
-14.3122
-17.668
-13.5495
8.26334
54.0246
53.4144
45.0249
29.6186
-23.4645
-34.4472
-42.074
-24.9898
9.94126
-8.05817
-54.8872
-113.004
-117.733
-126.885
-148.088
-147.63
-138.02
-115.902
-76.5475
-13.8546
-1.34652
-26.3627
-74.8696
-128.105
-112.546
-76.5475
-22.3967
-8.66832
-47.7179
-95.9198
-107.208
-92.1063
-77.4627
-73.8018
-115.139
-105.53
-85.2421
-65.8699
-67.7003
-80.666
-127.495
-200.56
-221.611
-181.341
-106.597
-46.3451
19.8562
48.9909
59.9736
90.3285
133.497
124.955
105.277
116.107
156.835
220.748
269.408
344.609
347.049
315.779
266.509
249.883
276.729
288.17
279.78
256.899
276.882
290
280.543
295.797
300.83
259.035
221.206
194.512
208.698
237.985
226.392
232.951
253.696
225.934
186.885
183.071
210.528
229.595
232.036
224.714
245.459
276.577
255.679
259.798
292.746
272.916
228.985
240.883
242.561
237.527
219.07
164.614
129.378
81.6339
54.3297
17.8732
-39.4809
-155.104
-288.88
-400.69
-490.077
-575.345
-657.715
-784.016
-946.316
-1068.35
-1164.14
-1237.51
-1279.31
-1342.3
-1404.54
-1413.23
-1384.1
-1295.47
-1194.8
-1135.01
-1104.65
-1023.35
-875.234
-686.087
-477.111
-302.303
-169.748
-41.769
50.3637
185.817
338.66
439.792
489.519
523.535
603.312
673.937
742.121
797.797
765.459
688.886
636.87
624.82
620.701
585.313
523.993
449.097
384.726
329.66
324.016
327.677
300.983
285.424
308.915
372.675
443.91
494.553
532.992
604.075
678.666
753.256
860.948
976.724
1049.64
1074.2
1130.94
1196.38
1265.32
1283.48
1293.39
1364.78
1400.78
1509.23
1585.5
1501.61
1200.5
678.513
157.445
-80.2084
9.63618
220.29
240.578
-26.2101
-524.245
-1026.55
-1446.33
-1777.8
-2086.38
-2436
-2750.99
-2769.14
-2398.02
-1953.83
-1750.04
-2031.32
-2533.16
-2780.12
-2483.74
-1714.65
-848.845
-210.323
20.3138
3.99229
109.396
480.977
962.233
1255.41
1274.48
1204.92
1292.32
1577.87
1832
1801.95
1374.24
680.954
95.2097
-161.511
-131.461
-93.6317
-398.554
-982.468
-1591.09
-1910.35
-1945.13
-1865.81
-1876.95
-2128.63
-2326.02
-2290.78
-1997.6
-1498.96
-1085.43
-891.098
-784.627
-547.126
-23.9221
611.702
1122.09
1354.25
1327.71
1360.66
1633.09
2055.01
2410.42
2524.67
2425.37
2251.17
2158.89
2180.7
2140.74
1946.71
1713.63
1540.96
1517.62
1554.69
1484.22
1231.46
783.306
424.233
328.134
404.556
557.398
606.82
559.686
524.603
607.278
839.288
922.421
530.704
-246.169
-856.472
-746.035
-22.5492
684.92
738.308
139.903
-727.577
-1356.34
-1553.72
-1495.3
-1518.48
-1947.72
-2555.59
-2622.25
-1968.78
-1157.58
-1024.57
-1813.64
-2819.93
-3193.19
-2476.57
-1105.26
140.971
589.736
204.274
-378.419
-421.13
258.12
1083.5
1383.24
1118.74
796.119
859.423
1288.97
1591.3
1323.75
442.995
-590.751
-1233.24
-1062.55
-474.975
-220.39
-702.409
-1675.14
-2443.93
-2595.86
-2198.8
-1755.99
-1673.77
-1905.78
-2122.38
-1999.89
-1436.57
-754.577
-351.115
-275.456
-185.612
227.307
1032.25
1843.29
2302.58
2283.51
2007.27
1913.15
2168.5
2614.21
2927.22
2879.17
2488.22
2060.05
1775.26
1604.26
1422.9
1184.02
1001.13
964.521
1053.15
1151.38
1054.37
737.698
315.474
70.6512
151.954
459.164
781.476
978.402
1065.04
1190.28
1163.58
659.293
-222.526
-941.13
-826.422
-10.8038
804.204
1016.69
466.791
-516.313
-1426.81
-1900.59
-1983.27
-1997.91
-2316.26
-2765.02
-2715.9
-1992.42
-1222.41
-1294.25
-2291.7
-3276.78
-3347.26
-2278.73
-642.767
690.258
1118.13
674.242
67.9055
1.70423
675.31
1486.5
1710.43
1392.24
1132.92
1308.8
1681.14
1729.34
1091.89
-41.6164
-1166.28
-1629.38
-1226.22
-518.906
-273.931
-931.368
-2100.87
-2940.13
-3042.18
-2489.39
-1907.3
-1732.34
-1810.29
-1880.3
-1573.25
-903.148
-239.61
80.4136
68.5157
177.122
720.766
1627.14
2451.61
2673.09
2287.33
1678.7
1405.35
1689.84
2279.85
2636.64
2449.93
1847.56
1221.39
863.846
764.239
723.054
613.837
539.399
640.989
935.386
1197.14
1218.95
888.252
426.216
238.442
537.721
1212.39
1867.85
2191.38
1956.93
1086.25
-14.3122
-607.073
-361.182
358.489
820.525
595.99
-127.8
-967.214
-1651.19
-2179.73
-2591.28
-2921.22
-3359.92
-3511.84
-2953.25
-1879.39
-1126.77
-1518.79
-2723.38
-3544.49
-3146.67
-1612.6
229.748
1520.37
1844.66
1449.44
1067.18
1294.76
2090.09
2676.91
2614.82
2108.55
1825.75
1966.08
2148.67
1888.75
888.71
-569.091
-1806.63
-2184.16
-1696.04
-1047.75
-1117.77
-2059.53
-3190.3
-3790.53
-3490.49
-2716.82
-2147.55
-2012.25
-2144.8
-2016.52
-1300.97
-237.627
579.364
823.271
774.917
965.894
1676.11
2619.09
3247.7
3158.47
2492.79
1915.29
1869.68
2331.56
2853.85
2902.2
2300.44
1468.96
903.048
673.479
570.211
434.758
271.696
204.884
304.339
494.553
642.057
577.838
316.694
106.65
281.763
823.576
1448.52
1641.02
1070.38
83.3118
-633.462
-498.466
186.275
621.312
301.898
-561.769
-1495.15
-2122.23
-2527.67
-2972.62
-3398.2
-3975.41
-4334.48
-3889.83
-2789.58
-1828.14
-1949.4
-2928.85
-3556.08
-2983.45
-1289.22
523.688
1642.09
1930.85
1694.87
1594.96
2094.06
3138.33
3948.31
3948.92
3284.01
2663.18
2582.18
2610.71
2157.06
1095.86
-218.255
-1232.93
-1595.06
-1483.4
-1442.83
-1967.55
-3141.33
-4263.55
-4557.18
-4002.25
-3045.38
-2414.03
-2311.37
-2274.61
-1847.66
-951.655
70.4986
878.337
1359.44
1774.8
2352.92
3104.62
3767.4
3964.48
3578.86
2964.13
2609.03
2747.99
3129.18
3308.56
2966.58
2236.07
1527.54
1036.82
709.783
370.845
51.7365
-91.9538
-9.431
154.089
137.31
-82.0388
-444.773
-735.357
-729.255
-282.626
383.506
567.618
-8.05817
-988.264
-1284.49
-548.041
468.011
777.357
25.6526
-1168.11
-2133.06
-2456.59
-2384.13
-2429.74
-2840.37
-3729.36
-4309.46
-3834.92
-2603.33
-1751.41
-2253.72
-3398.97
-3734.85
-2547.81
-384.521
1414.81
2061.27
1601.36
832.728
714.664
1658.87
3118.96
3961.88
3643.23
2686.36
2093.91
2131.59
2172.92
1603.04
442.385
-809.033
-1442.37
-1335.74
-946.926
-990.857
-1904.71
-3315.53
-4275.6
-4089.96
-2926.1
-1694.67
-1218.14
-1395.84
-1596.74
-1283.27
-298.337
977.487
2016.57
2584.77
2917.31
3328.55
3836.5
4271.84
4187.33
3544.54
2818.46
2609.79
2972.22
3406.49
3391.85
2734.41
1673.97
718.02
305.864
406.234
716.19
865.371
851.948
752.036
652.734
540.009
292.136
-79.5982
-325.489
-103.242
286.492
331.338
-88.7505
-596.853
-654.207
-339.827
-113.309
-470.247
-1340.63
-2291.39
-2828.32
-2902.46
-2836.87
-2920.3
-3540.83
-4342.26
-4496.63
-3818.6
-2935.56
-2705.38
-3121.65
-3332.46
-2674.11
-1195.56
365.049
1275.85
1285.92
857.287
664.632
1290.19
2480.29
3302.92
3220.7
2377.78
1605.79
1251.75
1068.7
730.833
94.7521
-741.458
-1435.5
-1691.92
-1594.3
-1642.5
-2351.34
-3605.65
-4571.83
-4457.73
-3333.99
-2006.3
-1223.17
-1050.5
-1155.9
-996.654
-199.645
1128.04
2450.08
3281.87
3599.61
3817.58
4248.2
4610.47
4557.24
4009.17
3377.05
3139.86
3274.09
3475.29
3408.02
2884.36
1970.2
1073.43
704.902
957.047
1450.2
1670.01
1523.42
1267.16
1087.16
1035.45
981.453
828.915
695.75
481.13
-16.2952
-576.565
-688.528
-109.191
533.145
527.196
-163.189
-1262.22
-2232.21
-2796.29
-3117.84
-3395.15
-3705.26
-4227.25
-4613.01
-4256.84
-3289.9
-2599.52
-3029.67
-4043.13
-4245.7
-3042.03
-933.808
895.116
1680.38
1498.55
883.066
621.159
1152.9
2220.21
2913.95
2588.89
1579.25
716.8
333.626
31.144
-626.293
-1490.26
-2300.39
-2766.55
-2752.82
-2569.16
-2572.52
-3114.64
-4055.18
-4736.87
-4539.49
-3388.75
-2026.13
-1181.83
-938.689
-961.112
-727.883
107.108
1440.29
2838.44
3884.09
4438.56
4636.25
4657.91
4546.1
4303.11
3922.68
3572.91
3497.56
3649.79
3715.08
3458.81
2741.43
1817.05
1106.38
931.42
1275.39
1840.7
2359.17
2592.25
2497.83
2153.7
1691.82
1340.68
1177.31
1000.21
633.972
137.463
16.6529
522.467
1094.48
1003.88
102.684
-1180.46
-2263.78
-2745.95
-2820.54
-2861.12
-3125.01
-3896.24
-4702.09
-4837.4
-4296.19
-3699.16
-3817.53
-4321.82
-4223.58
-2997.34
-983.078
795.967
1659.33
1588.86
1131.4
1019.13
1661.62
2806.11
3617.3
3360.88
2141.96
771.103
-103.699
-610.124
-1071.4
-1698.78
-2396.64
-2944.1
-3253.6
-3525.27
-3853.83
-4498.76
-5000
-4970.87
-5000
-4091.64
-2628.96
-1841.41
-1574.16
-1488.59
-990.4
68.5157
1560.94
3078.54
4366.72
4966.95
4996.54
4913.41
4646.78
4470.75
4292.43
4152.1
4075.83
3847.33
3437.76
2897.93
2295.26
1660.09
1123.62
910.37
1053.15
1541.42
2115.42
2432.08
2352.46
1920.17
1339.31
936.301
810.458
721.529
431.097
160.648
354.981
858.812
1024.16
427.284
-744.814
-1906.84
-2451.56
-2362.47
-2034.06
-1817.76
-2208.72
-2925.19
-3340.24
-3212.72
-2809.1
-2900.17
-3440.61
-3595.59
-2814.29
-1210.66
295.491
1137.35
1177.01
758.595
636.26
1319.48
2668.82
3774.87
3778.23
2612.08
1024.16
-269.507
-1019.53
-1421.01
-1710.22
-2196.67
-2868.59
-3574.99
-4081.57
-4578.54
-4969.65
-5000
-4986.12
-5000
-4834.5
-3584.6
-2492.28
-2024.91
-1925.45
-1714.34
-774.864
915.251
2834.94
4219.67
4818.38
4740.13
4446.49
4349.02
4489.51
4678.5
4761.18
4646.78
4366.41
3949.98
3405.27
2711.23
1948.54
1501.15
1603.81
2067.67
2582.33
2870.02
2738.38
2169.87
1390.86
866.439
761.036
673.022
298.695
-193.239
-233.203
378.777
1038.5
883.981
-58.0905
-1181.68
-2017.28
-2210.85
-2004.16
-1777.19
-1957.49
-2813.22
-3494.15
-3308.36
-2540.03
-2024.15
-2417.69
-3092.98
-2979.79
-1806.32
-137.562
1091.28
1395.44
917.387
392.2
690.411
2038.08
3556.44
4049.9
3184.25
1534.25
79.956
-718.12
-964.468
-1019.23
-1274.42
-1966.33
-2838.39
-3520.69
-3990.51
-4610.57
-5000
-4990.85
-5000
-4979.25
-4345.92
-3697.33
-3653.55
-3763.07
-3675.36
-2902
-1278.85
774.459
2515.22
3546.68
3890.8
3956.54
4046.08
4245.14
4480.66
4675.15
4836.68
4759.65
4459.31
4042.88
3522.12
2822.73
2152.33
1928.41
2353.37
3080.83
3544.69
3518.15
3064.81
2523.45
2042.81
1705.7
1287.9
544.28
-431.35
-1083.29
-794.541
192.986
873.914
428.504
-868.827
-2231.44
-2822.83
-2603.94
-2246.85
-2112.16
-2540.94
-3150.03
-3134.62
-2394.51
-1489.2
-1354.35
-2148.01
-2770.82
-2327.85
-662.749
1303
2380.98
2155.69
1070.84
365.354
820.22
2263.53
3616.54
3793.79
2644.72
832.118
-737.34
-1607.87
-1782.68
-1638.84
-1800.07
-2482.52
-3412.24
-4098.05
-4480.3
-4851.73
-5000
-4966.75
-5000
-4608.59
-3371.51
-2621.48
-2596.77
-3020.37
-3316.44
-2713.77
-1000.47
1190.28
2965.81
3656.5
3321.38
2715.19
2455.27
2768.73
3331.75
3861.51
4116.71
4025.19
3741.47
3405.88
3066.18
2683.62
2408.75
2491.57
2998.3
3620.05
4084.52
4053.56
3634.84
3016
2361.15
1848.17
1269.29
479.299
-285.524
-410.757
173.156
713.444
317.304
-1086.8
-2567.03
-3280.14
-3017.01
-2505.71
-2332.73
-2573.59
-3055.15
-3014.42
-2233.89
-1259.93
-970.875
-1714.19
-2387.49
-1834.54
30.9914
2225.85
3309.02
2843.78
1559.87
694.987
1002.5
2301.66
3517.54
3570.47
2334.77
458.401
-1019.23
-1744.09
-1981.44
-2093.4
-2441.64
-3005.42
-3596.5
-4014.91
-4267.36
-4525.46
-4917.63
-5000
-4976.97
-4208.64
-2975.83
-2205.82
-2111.25
-2472.15
-2593.11
-2044.28
-629.648
1184.33
2695.36
3244.65
2805.34
1979.66
1565.82
1787.77
2358.71
2902.97
3119.57
2996.32
2591.49
2058.21
1687.55
1508.32
1577.11
2013.83
2725.11
3539.35
4085.29
4058.44
3595.33
3007.76
2608.87
2356.88
1782.73
942.861
213.731
157.903
751.884
1221.09
749.901
-589.684
-2048.86
-2853.34
-2704.16
-2393.29
-2409.15
-3009.54
-3778.48
-3759.57
-2838.24
-1713.43
-1472.42
-2178.82
-2681.43
-1965.42
55.0924
2379.92
3675.42
3465.53
2294.34
1372.56
1681.45
3082.2
4313.18
4191.15
2553.2
423.928
-1110.29
-1688.41
-1654.7
-1740.58
-2310.61
-3300.43
-4253.48
-4773.79
-4857.07
-4892.92
-5000
-4994.51
-4978.34
-4181.48
-2867.68
-2005.08
-1975.49
-2469.71
-2695.92
-1990.28
-236.102
1881.12
3438.53
3721.94
2920.36
1940.61
1674.28
2242.17
3015.84
3366.99
3061
2412.1
1946.1
1826.05
1979.2
2199.16
2380.83
2604.15
2951.17
3418.39
3831.92
3941.14
3720.42
3266.46
2774.23
2058.37
989.842
-172.036
-753.509
-401.757
350.252
635.955
-78.3779
-1410.79
-2598.45
-3054.38
-2986.51
-2972.17
-3149.72
-3636.47
-3953.44
-3525.12
-2513.79
-1775.36
-2020.64
-2754.19
-2696.99
-1121.58
1451.12
3526.24
4015.73
3080.37
1860.07
1603.81
2656.47
4264.82
4996.54
4202.59
2056.99
-78.5305
-1066.06
-1039.97
-799.423
-1147.06
-2166.46
-3456.17
-4399.46
-4853.41
-4994.97
-5000
-4989.78
-5000
-4819.09
-3592.23
-2529.5
-2590.21
-3422.15
-3966.56
-3246.28
-1285.41
1125.91
2945.68
3527.3
2952.69
2002.54
1646.36
2205.11
3171.59
3735.82
3635.3
3079.76
2455.27
2077.13
1943.51
2029.23
2265.51
2613.15
3024.39
3585.57
4184.13
4522.31
4455.49
4076.74
3664.89
3109.35
2099.09
798.102
-240.373
-351.42
130.751
300.068
-330.065
-1559.82
-2709.8
-3225.07
-3233.62
-3215.46
-3425.05
-3930.56
-4307.78
-3989.59
-3093.59
-2373.76
-2504.03
-3260.77
-3458.46
-2295.05
34.6523
2361.15
3511.74
3299.72
2452.07
2083.84
2854.16
4269.25
4996.54
4639.15
2844.24
662.192
-721.629
-1061.48
-870.658
-976.976
-1759.65
-3032.88
-4171.42
-4809.18
-4954.24
-4985.81
-4997.71
-5000
-4711.09
-3903.1
-3085.81
-2840.98
-3338.71
-4008.35
-3970.83
-2670.91
-409.384
1796.31
2925.54
2705.58
1870.59
1385.98
1695.94
2692.01
3753.21
4169.49
3801.57
3013.1
2320.43
2058.52
2122.74
2349.87
2678.89
3033.39
3457.59
3872.95
4162.47
4323.24
4237.82
3985.68
3560.56
2726.63
1506.03
388.997
8.56842
355.134
654.87
117.175
-1149.19
-2524.77
-3207.23
-3151.7
-2993.37
-2947.46
-3305.31
-3852.61
-3814.78
-3137.21
-2288.65
-2107.89
-2686.92
-2965.3
-2149.38
-196.9
1826.82
2918.53
2924.93
2358.1
2107.64
2574.4
3698.6
4640.37
4527.64
3154.2
1242.75
-147.477
-677.393
-703.019
-845.794
-1497.13
-2657.94
-3974.64
-4885.14
-5000
-4996.64
-4809.79
-4428.14
-3883.73
-3160.86
-2589.6
-2524.32
-3008.47
-3519.01
-3471.57
-2555.74
-984.603
617.498
1545.38
1495.5
843.406
463.588
866.744
1871.66
2857.82
3230.92
2991.13
2530.47
2249.8
2308.53
2655.25
3090.59
3515.1
3843.21
4079.34
4228.98
4239.96
4210.82
4124.33
4018.02
3477.42
2402.49
1217.73
534.518
659.293
986.791
689.191
-431.807
-1908.52
-2964.54
-3075.28
-2647.72
-2401.37
-2698.36
-3553.94
-4088.74
-3597.57
-2513.64
-1891.9
-2351.95
-3148.96
-3072.84
-1672.24
557.093
2300.44
2877.04
2397.61
1794.78
1971.73
3169.45
4601.01
4996.54
4254.6
2220.21
361.083
-498.619
-528.058
-323.048
-567.718
-1450
-2727.65
-3983.8
-4767.53
-4894.9
-4608.59
-4314.5
-4062.66
-3503.45
-2751.44
-2229.61
-2375.29
-2971.1
-3224.01
-2659.46
-1398.89
5.36513
999.147
1266.85
872.541
310.745
304.949
1027.67
2058.67
2685.45
2580.66
2000.71
1371.64
1102.11
1247.33
1748.11
2410.73
2945.07
3242.97
3364.55
3428.76
3696.92
4129.37
4475.32
4138.52
2961.08
1598.47
1079.08
1535.16
2060.81
1588.86
-102.326
-2188.43
-3621.52
-3722.65
-2917.56
-2095.69
-2075.86
-3088.71
-4054.42
-3813.56
-2456.89
-1210.82
-1279.31
-2193.46
-2625.3
-1705.34
320.203
2156.6
2934.54
2439.25
1529.52
1391.78
2451.61
4205.79
4996.54
4709.93
3059.62
1209.95
239.51
29.6186
156.377
-122.309
-1128.45
-2727.34
-4171.57
-4894.9
-4952.1
-4833.58
-4748.47
-4538.73
-4019.18
-3294.94
-2668.01
-2481.15
-2625.91
-2717.89
-2427.3
-1501.86
-189.578
916.929
1257.55
741.664
52.0416
-99.123
576.771
1861.44
2933.63
3187.91
2666.99
1858.7
1473.08
1656.74
2198.4
2837.07
3353.11
3574.13
3478.19
3186.53
2981.98
3104.32
3469.95
3461.56
2583.1
1312.31
563.957
899.54
1737.73
1852.44
603.617
-1529.16
-3470.2
-4165.47
-3499.79
-2399.24
-1840.49
-2566.72
-3905.39
-4378.87
-3444.12
-1901.96
-1207.46
-1465.71
-1779.78
-1233.09
372.065
2204.5
3378.12
3445.09
2640.76
2004.52
2265.36
3549.73
4793.97
4996.54
4012.83
2275.73
758.29
-125.359
-345.471
-427.536
-898.114
-2057.4
-3507.57
-4676.32
-5000
-4987.49
-5000
-4976.36
-4611.79
-3936.97
-3258.48
-2767.77
-2580.91
-2501.89
-2366.9
-1910.05
-934.723
274.289
1132.92
1228.11
683.699
133.344
182.004
971.995
2009.4
2609.94
2447.34
1757.41
1147.26
1188.14
1837.65
2720.23
3329.31
3357.07
3054.59
2688.65
2611.01
3058.56
3815.29
4211.89
3530.35
1988.35
710.393
688.123
1623.79
2307.31
1749.94
-80.8185
-2266.53
-3708.01
-3895.63
-3320.87
-2757.85
-3111.13
-4330.97
-5000
-4353.85
-2725.06
-1646.16
-1893.73
-2715.29
-2826.34
-1357.4
1143.75
3332.51
4218.76
3622.18
2633.89
2351.24
3417.48
4888.85
4983.27
4996.54
4237.98
2717.79
2028.93
1818.27
1595.57
761.188
-724.679
-2481.91
-3783.97
-4440.34
-4630.71
-4866.07
-5000
-4997.71
-4998.02
-4995.27
-4468.56
-3909.66
-3653.86
-3467.91
-3058.81
-2182.94
-1054.01
-65.5648
259.95
34.9574
-279.117
-135.274
588.974
1629.43
2351.7
2444.9
2121.82
1802.71
1804.7
2076.98
2508.96
2924.32
3215.82
3313.75
3123.84
2845.92
2819.83
3162.13
3701.81
3768.46
2928.29
1486.05
438.267
575.703
1506.18
2147.6
1574.52
-258.982
-2453.54
-3815.24
-3820.12
-3045.69
-2423.49
-2845.87
-4174.92
-5000
-4776.69
-3635.25
-2725.67
-2719.26
-3112.5
-2967.9
-1614.89
592.787
2576.08
3397.8
2955.59
2256.82
2208.46
3674.04
4996.54
4972.29
4996.54
4920.28
3736.74
2714.28
2714.13
3011.88
2803.06
1567.5
-246.779
-1874.35
-2770.66
-3057.74
-3272.67
-3839.19
-4503.64
-4860.73
-4749.38
-4512.8
-4361.78
-4313.58
-4324.72
-4047.1
-3302.11
-2208.11
-1325.52
-1034.33
-1107.24
-1069.11
-544.227
388.387
1310.93
1792.34
1774.65
1536.54
1432.96
1700.82
2270.09
2853.7
3043
2815.87
2458.17
2157.52
2056.23
2263.23
2640.45
2982.13
2932.25
2268.56
1196.23
143.564
-289.49
26.2628
605.753
836.542
329.66
-939.147
-2331.97
-3005.11
-2744.58
-1946.66
-1424.37
-1773.98
-2590.52
-3134.47
-2943.03
-2338.83
-2046.26
-2110.02
-2333.34
-2125.74
-1164.75
198.935
1390.86
1652.92
1149.09
653.497
934.471
2311.12
4058.9
4996.54
4687.5
3381.93
2089.79
1629.74
2182.69
3014.93
3039.95
1900.8
214.952
-1101.9
-1585.14
-1363.66
-1029.14
-984.603
-1391.88
-2039.55
-2571.91
-2882.02
-2916.34
-2779.66
-2604.7
-2416.47
-2275.68
-2243.5
-2280.41
-2198.95
-1821.12
-1296.54
-777
-292.541
131.819
424.691
551.297
639.006
778.273
1047.35
1499.32
2023.59
2384.03
2319.51
1794.32
1177.77
824.949
917.234
1283.78
1553.77
1530.74
1221.7
671.191
97.3452
-281.253
-449.502
-579.921
-741.611
-815.744
-862.116
-936.706
-1033.87
-1064.69
-914.436
-547.888
-82.1914
296.559
501.112
426.826
161.869
-50.4636
119.158
621.006
992.893
1033.47
835.322
645.107
586.38
549.619
520.484
576.923
824.949
1100.13
1078.92
758.29
292.898
-66.175
-147.935
-91.9538
-53.972
-204.374
-518.906
-873.861
-1262.68
-1482.18
-1426.66
-1167.19
-821.388
-574.887
-494.043
-574.887
-732.916
-814.829
-769.83
-668.393
-651.919
-885.911
-1264.66
-1551.89
-1512.08
-1123.56
-706.527
-431.045
-309.015
-310.693
-244.339
-39.786
276.272
631.837
933.556
1222.16
1365.08
1328.93
1168.16
908.387
656.09
466.181
381.675
492.112
647.853
569.754
117.328
-682.579
-1377.23
-1589.72
-1421.17
-1199.22
-1143.09
-1272.14
-1550.67
-1761.63
-1680.33
-1194.65
-436.841
337.287
840.05
949.877
908.082
967.267
1288.97
1898.81
2584.01
3108.59
3206.82
2936.53
2643.65
2382.05
2135.7
1955.86
1887.68
1954.34
1948.39
1652.92
985.266
93.9894
-676.783
-1069.57
-1097.79
-960.96
-936.706
-1215.85
-1827.22
-2514.86
-2844.04
-2685.09
-2224.73
-1785.27
-1602.69
-1552.65
-1405.61
-1122.8
-879.505
-797.44
-888.352
-991.01
-989.027
-913.673
-787.22
-640.631
-435.011
-200.713
-42.9893
44.2622
160.191
358.642
553.737
650.141
636.108
610.024
637.48
747.765
942.098
1082.74
1000.67
679.276
275.051
24.2798
17.5681
48.3807
-75.0221
-423.723
-946.316
-1417.96
-1759.04
-1972.74
-2178.97
-2440.27
-2583.81
-2517.45
-2273.7
-1863.98
-1327.05
-646.275
63.3294
533.755
754.629
856.067
1090.97
1615.4
2268.41
2889.09
3246.94
3159.84
2731.52
2195.96
1930.08
2015.66
2225.24
2360.54
2262.31
1860.68
1244.12
514.535
-98.2078
-386.199
-410.147
-291.015
-255.627
-298.947
-516.466
-957.757
-1352.98
-1418.42
-1021.36
-404.961
-3.17697
58.6007
-143.664
-301.083
-230.153
3.07707
199.393
107.565
-326.251
-892.623
-1281.44
-1358.47
-1280.98
-1273.36
-1309.97
-1353.9
-1214.17
-851.896
-403.283
2.00931
302.966
523.535
717.258
946.064
1185.85
1390.71
1461.79
1374.24
1153.97
940.725
883.066
843.406
582.567
30.2287
-663.054
-1275.34
-1621.6
-1803.27
-2122.99
-2688.45
-3413.46
-4050.91
-4401.75
-4296.19
-3739.28
-2920.15
-2034.21
-1301.58
-774.559
-389.402
-18.5833
532.382
1211.48
1986.06
2756.99
3320.61
3627.67
3562.84
3185.62
2736.55
2365.73
2255.29
2263.84
2164.08
1799.21
1132.62
467.249
-62.5141
-414.876
-650.699
-822.151
-891.098
-967.672
-1136.23
-1269.7
-1193.12
-794.084
-294.676
23.0595
120.989
151.191
245.459
438.572
739.833
1111.72
1330.31
1128.8
517.281
-155.104
-555.82
-652.987
-691.884
-939.3
-1273.51
-1505.21
-1527.64
-1397.06
-1222.1
-985.061
-636.208
-171.731
447.724
1069.62
1511.37
1691.36
1637.06
1618.14
1854.73
2310.51
2708.33
2655.09
2102.15
1278.44
471.977
-94.0893
-430.892
-669.308
-1111.36
-1952.15
-2971.71
-3796.94
-4119.1
-3998.44
-3747.51
-3374.71
-2954.17
-2538.2
-2113.84
-1706.72
-1129.97
-371.86
451.385
1229.33
1867.54
2358.71
2658.91
2766.14
2741.58
2689.41
2598.5
2471.59
2214.72
1806.38
1259.22
614.752
143.717
-154.952
-450.569
-822.608
-1215.85
-1524.28
-1741.34
-1972.59
-2164.33
-2059.23
-1508.57
-680.748
-64.0394
131.666
120.378
128.463
301.593
743.799
1281.34
1674.74
1702.65
1303
745.019
321.423
140.818
39.8386
-186.832
-491.449
-769.22
-1027.62
-1250.78
-1416.89
-1363.81
-1131.65
-763.576
-345.166
41.9741
411.878
688.886
925.929
1183.11
1464.08
1807.75
2092.84
2210.75
2024.35
1527.23
955.064
555.11
423.318
359.252
-60.8361
-930.605
-2034.06
-2990.47
-3329.87
-3079.1
-2557.26
-2132.14
-2077.38
-2166.01
-2158.07
-1862.3
-1207.61
-341.048
581.499
1263.49
1559.11
1646.36
1702.8
1845.12
2049.21
2240.34
2434.98
2552.13
2470.52
2113.13
1583.98
1105.16
826.78
638.243
411.267
112.294
-285.219
-738.713
-1309.97
-1849.64
-2107.43
-1962.67
-1489.96
-934.876
-497.398
-310.54
-270.27
-199.493
17.8732
315.321
620.396
775.222
727.478
601.177
480.214
431.25
369.93
202.444
-93.7842
-458.044
-735.662
-904.216
-952.723
-883.928
-769.983
-597.616
-495.263
-396.114
-221.001
-15.9901
236.307
547.788
870.253
1145.13
1302.54
1304.83
1211.78
1009.37
710.241
371.15
64.7022
-116.207
-221.153
-479.552
-976.824
-1681.24
-2358.2
-2754.19
-2803.16
-2588.53
-2378.34
-2269.27
-2235.56
-2220
-2030.55
-1577.52
-812.693
74.6172
820.983
1232.68
1325.58
1298.27
1305.14
1548.59
2028.16
2496.45
2697.35
2467.32
1973.4
1541.27
1368.44
1428.08
1524.18
1528.15
1356.24
990.757
457.791
-148.24
-659.088
-946.469
-859.065
-523.025
-210.323
-106.597
-236.559
-369.419
-424.791
-352.793
-147.935
105.277
317.152
400.895
354.981
252.323
177.885
172.699
113.514
22.2968
-103.242
-303.676
-505.025
-602.802
-526.686
-344.708
-135.274
-16.2952
97.8028
273.373
473.35
724.122
953.691
1130.79
1185.24
1077.09
925.014
729.156
521.705
237.68
-123.987
-441.112
-669.308
-867.149
-1131.65
-1593.84
-2160.67
-2641.62
-2848.76
-2730.7
-2441.79
-2212.07
-2261.65
-2482.22
-2655.8
-2527.52
-2034.52
-1286.02
-554.447
-67.3953
168.275
262.696
341.405
487.994
750.053
1167.85
1615.4
1924.74
1904.76
1538.21
1093.11
799.628
834.864
1112.94
1396.51
1494.28
1307.73
888.252
427.436
129.531
128.615
350.863
613.99
710.241
556.788
311.813
149.055
143.259
238.442
380.455
482.502
506.756
444.368
353.913
370.845
442.385
475.791
329.05
56.9228
-189.273
-290.558
-248.915
-193.391
-113.919
-10.1937
113.362
257.51
452.91
682.479
869.032
1037.59
1229.48
1406.57
1539.28
1620.74
1561.71
1382.47
1113.4
749.138
397.997
84.5321
-165.934
-425.096
-795.609
-1321.1
-1974.72
-2612.03
-2945.17
-2914.35
-2649.7
-2395.27
-2371.32
-2542.01
-2820.39
-2899.56
-2546.89
-1821.73
-1051.72
-577.176
-471.62
-514.635
-420.214
-71.6663
451.842
899.54
1132.16
1093.72
942.098
857.745
886.727
980.232
1010.13
977.639
922.878
860.948
757.985
575.245
316.999
146.005
134.107
221.511
326.762
315.169
194.207
32.6693
-68.463
-13.5495
158.97
318.22
347.507
232.951
66.8377
27.4831
213.884
509.502
642.209
497.146
141.123
-229.39
-436.994
-415.181
-287.659
-186.985
-76.5475
15.2801
178.19
375.421
563.805
765.459
1042.47
1418.17
1790.21
1990.34
1932.22
1732.7
1493.98
1387.66
1369.05
1311.54
1143.6
789.56
302.813
-231.068
-754.272
-1216.16
-1573.86
-1738.44
-1765.29
-1803.42
-1875.12
-2019.57
-2196.97
-2367.2
-2432.49
-2240.44
-1773.22
-1211.88
-849.302
-816.659
-893.386
-798.965
-384.521
187.8
660.819
930.658
932.335
824.797
717.41
775.985
985.571
1171.06
1174.72
993.045
753.714
545.958
426.216
380.15
409.284
437.199
388.539
185.054
-141.986
-469.026
-669.308
-646.733
-488.704
-312.828
-196.9
-202.391
-226.644
-221.306
-198.272
-132.529
-71.5138
-38.5657
-34.2946
-63.2767
-81.4287
-132.529
-213.069
-292.541
-390.622
-361.945
-149.765
193.444
559.686
777.052
850.27
830.898
870.863
1055.59
1343.12
1568.42
1584.43
1461.03
1317.49
1178.53
1072.06
903.506
643.277
334.694
-33.0743
-412.893
-725.137
-943.418
-1075.06
-1167.34
-1315.61
-1504.6
-1669.8
-1803.12
-1857.58
-1821.88
-1684.6
-1454.42
-1213.26
-1054.16
-1036.92
-1007.03
-785.389
-310.845
258.425
649.531
778.578
704.292
577.533
522.467
694.224
1039.11
1311.39
1316.73
1001.59
666.158
571.127
668.598
783.459
807.407
775.374
732.664
659.446
533.602
328.897
23.0595
-318.777
-570.464
-657.563
-553.837
-427.231
-384.368
-412.893
-472.077
-541.329
-612.564
-606.005
-501.975
-325.794
-224.814
-229.39
-308.404
-412.74
-511.737
-540.414
-389.097
-120.783
230.205
543.06
781.018
959.945
1071.45
1157.18
1256.33
1429.3
1552.1
1563.84
1480.56
1352.27
1220.63
1062.75
843.101
519.111
36.3302
-537.363
-962.485
-1156.67
-1108.01
-960.045
-1026.86
-1391.57
-1876.49
-2163.87
-2086.84
-1739.05
-1357.86
-1158.5
-1227.29
-1424.83
-1558.75
-1481.27
-1127.84
-631.326
-179.51
84.5321
175.444
214.341
301.745
461.605
637.633
754.019
772.476
706.122
698.953
807.56
944.996
961.318
840.203
697.123
659.903
698.648
755.239
829.068
837.305
716.19
509.807
269.255
130.751
120.531
121.294
75.2273
36.6353
54.4822
38.1607
2.92453
-143.054
-281.253
-394.588
-526.991
-619.123
-589.226
-408.774
-191.866
-77.9203
-139.545
-298.032
-416.096
-311.303
72.3291
655.327
1182.8
1397.88
1263.19
971.995
811.526
872.541
1119.5
1393.46
1568.87
1562.01
1287.75
840.66
364.133
-21.4815
-265.999
-399.317
-551.244
-705.46
-926.334
-1271.68
-1641.58
-1876.34
-1808.61
-1574.77
-1328.27
-1206.7
-1245.44
-1350.85
-1432
-1387.15
-1160.63
-767.39
-388.487
-190.646
-237.78
-382.538
-423.57
-288.575
-14.1597
214.647
268.492
160.038
87.4303
171.326
322.796
413.555
409.437
392.048
371.15
348.727
334.846
352.693
411.572
442.385
377.709
227.917
115.802
120.378
148.14
177.122
254.611
399.522
505.23
509.196
420.572
260.103
75.2273
-159.223
-391.995
-528.669
-458.806
-285.066
-149.613
-153.121
-290.558
-469.484
-526.075
-276.372
218.002
785.747
1167.09
1235.58
1045.21
818.695
756.002
895.269
1209.19
1500.08
1650.63
1566.59
1291.56
969.25
725.037
613.074
577.991
478.689
212.969
-193.849
-577.328
-909.25
-1125.7
-1174.97
-1122.34
-1065.45
-1119.45
-1233.24
-1343.07
-1349.78
-1202.73
-951.503
-655.732
-402.673
-287.049
-276.372
-302.913
-231.526
-85.5472
21.6866
49.4485
-16.1427
-103.699
-130.546
-83.8693
22.6019
94.5996
53.567
3.22961
5.97528
41.0589
83.9219
69.1258
28.0932
-34.2946
-110.716
-146.257
-105.53
-19.9561
38.3132
80.8712
152.716
294.119
386.709
424.843
415.538
367.489
281.916
142.344
9.94126
1.85677
88.0405
112.599
17.7207
-222.678
-449.044
-601.734
-631.021
-472.992
-181.493
141.276
342.473
364.286
310.745
318.22
421.335
623.752
822.203
940.572
961.318
872.846
799.475
787.425
856.677
921.2
854.389
689.343
443.453
208.393
32.6693
-91.3436
-183.781
-295.134
-371.402
-436.383
-542.702
-671.596
-792.864
-836.489
-772.576
-649.783
-535.838
-459.417
-379.182
-290.1
-217.492
-158.613
-113.004
-57.7854
-25.9051
-20.8713
-1.04144
-0.126218
-68.0054
-184.697
-268.135
-187.9
58.4482
308.152
382.285
272.458
89.1082
-59.7684
-100.953
-62.209
34.1947
61.9565
-66.3275
-290.1
-429.672
-431.807
-313.591
-212.763
-206.662
-208.035
-260.66
-309.472
-328.692
-299.405
-160.748
3.99229
119.311
103.294
-28.8033
-215.357
-348.064
-304.744
-97.2926
143.717
265.136
224.714
151.038
152.716
294.271
543.365
752.494
831.203
694.53
463.74
300.678
314.711
448.181
574.177
575.093
464.045
309.83
158.208
75.2273
31.144
-15.0749
-105.225
-226.339
-248.457
-207.12
-168.68
-183.476
-264.016
-346.081
-407.859
-391.995
-281.71
-146.562
-45.4299
-2.87189
-8.36324
-53.2093
-92.869
-117.733
-118.495
-111.479
-176.46
-244.491
-386.351
-537.821
-615.31
-527.296
-269.05
31.449
212.511
181.698
25.0425
-124.292
-69.6833
164.004
482.807
701.241
669.361
443.91
183.987
68.8207
118.853
198.783
129.683
-90.886
-369.267
-543.465
-579.464
-537.058
-458.044
-408.011
-425.553
-499.381
-582.209
-656.8
-623.547
-432.723
-151.291
120.378
264.526
294.119
304.186
347.202
461.605
633.057
833.796
986.029
1011.96
905.946
762.409
679.276
701.851
752.036
775.832
714.97
563.195
376.184
143.717
-76.5475
-271.948
-430.434
-547.888
-628.733
-657.41
-633.309
-610.886
-561.159
-496.483
-434.553
-381.47
-293.913
-156.02
-42.6842
44.4147
118.7
199.393
261.628
242.103
155.004
90.481
61.6515
47.0079
-54.8872
-194.612
-325.336
-366.674
-302.303
-217.187
-140.918
-152.664
-274.846
-388.182
-330.675
-146.257
82.0915
217.087
183.681
54.6347
-25.9051
-5.77011
131.209
268.492
238.29
-24.5322
-382.233
-597.463
-561.464
-412.435
-360.267
-452.247
-663.817
-867.607
-1039.52
-1109.84
-1004.13
-755.492
-460.484
-337.234
-308.557
-287.507
-132.224
188.868
572.042
919.675
1105.31
1153.97
1109.58
1081.36
1153.06
1299.65
1397.42
1404.29
1350.59
1232.38
1057.26
856.219
659.903
491.655
317.609
90.176
-183.629
-452.095
-600.056
-649.783
-687.155
-693.867
-707.748
-696.612
-606.005
-494.653
-376.894
-284.761
-217.34
-117.58
24.2798
215.867
375.116
417.826
391.59
300.983
175.292
53.7195
-6.83787
41.6691
119.616
133.649
33.127
-116.665
-270.88
-361.182
-309.167
-127.953
94.2945
188.41
90.481
-76.395
-224.051
-239.915
-141.528
0.331394
59.821
-40.2436
-303.066
-571.227
-713.239
-708.358
-622.632
-632.547
-735.204
-887.437
-1075.21
-1208.68
-1292.88
-1285.56
-1171.77
-1023.2
-902.08
-824.439
-716.595
-553.837
-290.558
-6.83787
301.44
545.348
713.139
820.525
952.47
1163.43
1373.47
1494.44
1515.94
1488.33
1418.47
1339.76
1216.21
1117.97
1046.74
877.117
602.702
297.779
95.9724
-24.5322
-115.139
-221.153
-348.217
-409.537
-414.723
-366.521
-291.473
-245.712
-280.795
-346.539
-295.439
-69.9884
238.29
449.402
478.841
350.71
197.867
133.497
164.614
261.17
363.676
376.489
251.103
65.77
-93.7842
-197.967
-224.814
-182.714
-83.7168
66.3801
169.801
153.174
29.3135
-89.2081
-157.24
-125.665
-66.9376
-48.023
-81.1236
-213.831
-381.622
-508.686
-554.295
-527.296
-567.108
-707.748
-882.708
-1048.52
-1151.78
-1202.88
-1188.24
-1170.55
-1169.63
-1163.53
-1122.04
-1007.79
-847.93
-652.529
-455.756
-214.746
31.6016
260.255
431.86
539.399
651.361
788.188
961.318
1135.82
1217.43
1170.9
1065.04
952.775
876.507
815.187
700.936
506.908
289.848
107.718
-17.5155
-62.9717
-83.4117
-115.75
-150.833
-173.256
-135.427
-69.2257
14.0598
54.1771
28.5508
40.4488
94.5996
190.546
303.118
363.218
344.761
256.289
156.835
129.073
206.715
328.44
400.742
372.828
240.425
81.939
5.21259
41.8216
180.326
288.627
343.998
289.695
191.766
141.581
141.276
172.699
201.223
141.276
8.56842
-161.358
-324.268
-439.892
-543.465
-581.752
-613.785
-643.529
-727.425
-874.929
-1025.79
-1150.41
-1186.26
-1159.41
-1100.99
-1025.18
-943.113
-851.285
-759
-685.782
-627.665
-546.058
-419.604
-210.323
5.51767
210.07
359.862
453.825
500.502
542.907
659.293
760.426
886.269
922.878
869.337
731.749
548.856
404.556
353.151
392.353
440.25
453.978
363.981
245.612
133.039
47.1604
74.7697
173.461
287.254
361.693
282.983
165.377
51.1264
8.11081
87.7354
182.309
243.476
205.647
59.2109
-93.0215
-208.645
-211.848
-85.2421
49.1434
115.955
79.4984
-25.7525
-63.8869
4.75498
179.41
372.065
453.063
449.249
410.352
398.149
488.909
605.448
630.616
549.924
387.014
216.019
41.364
-104.462
-229.085
-378.419
-507.618
-642.309
-777.457
-937.164
-1109.23
-1263.75
-1320.34
-1242.39
-1115.02
-1014.81
-962.18
-938.994
-900.708
-770.898
-539.499
-287.659
-115.902
-30.3286
8.56842
71.5664
163.699
269.713
359.862
370.082
381.37
411.725
527.348
649.531
667.988
528.721
265.136
57.6855
1.39916
94.5996
210.986
282.831
271.085
167.36
71.1088
93.5318
238.9
434.453
542.755
576.16
541.534
499.892
507.213
489.214
453.978
415.081
382.895
325.846
202.749
63.4819
-66.175
-162.274
-167.765
-93.3266
37.7031
129.836
112.904
65.1598
60.2786
134.869
270.628
352.693
357.117
343.236
345.524
401.658
461.452
471.825
409.132
285.271
107.718
-26.0576
-104.919
-198.73
-368.962
-632.547
-890.793
-1069.41
-1157.89
-1240.26
-1285.71
-1315.76
-1343.68
-1331.78
-1280.22
-1144.16
-954.096
-750.916
-552.922
-402.978
-232.441
-35.82
140.361
241.951
290
309.22
293.966
301.288
326.304
388.234
462.215
509.807
515.908
420.42
254.001
45.9401
-120.783
-221.153
-248
-216.119
-120.631
-37.0403
-44.8197
-69.8359
-100.648
-83.5642
3.22961
115.192
260.103
417.521
559.534
680.954
745.782
747.002
771.866
747.46
656.7
539.399
371.455
206.41
79.6509
76.6001
212.359
346.744
414.318
414.471
390.827
456.113
574.33
664.48
640.989
560.449
459.012
417.216
467.706
548.856
580.737
454.893
203.359
-16.7528
-150.376
-167.612
-143.817
-187.9
-309.167
-546.363
-798.202
-999.399
-1129.21
-1193.58
-1252
-1298.98
-1364.88
-1378.61
-1306
-1155.9
-933.808
-654.665
-410.91
-238.695
-126.885
-6.53279
197.562
408.979
564.873
593.397
529.636
423.928
383.353
413.403
499.587
543.517
459.164
283.899
76.2951
-108.428
-249.678
-342.268
-366.064
-343.946
-361.03
-405.266
-491.144
-554.6
-550.634
-507.161
-415.791
-276.829
-126.58
-2.87189
127.853
297.322
484.943
609.109
642.667
577.533
490.434
379.692
277.492
216.477
177.122
218.002
288.627
365.811
418.589
484.638
568.076
666.92
731.444
712.681
668.598
620.854
695.445
834.101
881.388
817.932
656.395
484.79
382.285
331.643
250.188
144.784
51.8891
-76.7
-257.152
-418.842
-587.701
-730.171
-858.912
-954.553
-1019.84
-1083.45
-1154.99
-1224.85
-1169.78
-1016.64
-745.119
-454.23
-221.306
-66.7851
-10.8038
73.0918
267.272
511.027
673.784
712.529
661.124
575.093
491.197
470.91
513.01
554.5
450.012
246.069
-8.36324
-273.931
-406.944
-410.452
-369.725
-402.52
-444.773
-551.854
-637.275
-582.667
-534.465
-542.702
-622.327
-594.107
-500.144
-308.557
-99.2756
72.1766
123.277
89.4133
41.9741
5.82274
25.195
7.80573
7.80573
-12.1767
-23.617
0.178857
15.7377
26.7204
83.3118
207.477
357.269
480.672
557.856
550.077
528.874
586.533
702.309
799.78
864.761
817.627
674.7
553.585
515.603
463.74
380.15
271.391
120.989
-3.63458
-143.359
-294.676
-437.756
-590.141
-704.087
-739.018
-761.593
-725.442
-670.986
-656.19
-657.258
-512.957
-257.457
-38.2606
207.477
430.335
531.162
477.621
503.095
653.802
794.289
882.456
906.099
825.864
685.987
606.515
523.993
410.2
346.591
208.087
21.9917
-170.358
-306.116
-379.182
-468.416
-523.177
-553.837
-568.023
-538.278
-480.009
-488.246
-484.89
-490.382
-419.757
-273.473
-79.4457
-16.9053
-23.1594
-17.363
-51.3788
-105.53
-94.3944
-54.5821
-88.4454
-162.884
-212.306
-329.607
-477.416
-397.334
-224.356
-90.4284
-8.36324
23.0595
10.2463
94.5996
218.918
368.557
464.045
496.688
414.013
341.1
349.032
342.626
348.727
268.34
144.784
-3.17697
-114.529
-210.018
-311.76
-398.707
-538.889
-681.664
-707.9
-736.425
-789.203
-831.608
-798.355
-729.713
-615.768
-409.537
-219.78
3.83976
234.019
381.37
492.722
621.769
727.02
786.205
916.777
1054.82
1093.72
1041.09
904.879
718.478
523.382
408.217
416.759
371.608
254.306
75.2273
-173.561
-355.233
-416.554
-364.691
-294.676
-262.338
-328.387
-401.3
-504.263
-558.261
-462.315
-290.253
-173.561
-106.445
-49.7009
-58.0905
-96.3774
-104.004
-57.3278
9.33111
88.9557
99.9384
84.0745
-77.4627
-189.578
-252.576
-180.426
-22.5492
103.599
124.344
15.4326
-73.9544
-73.4967
44.7198
186.58
348.88
402.268
336.829
262.391
234.171
251.866
222.273
164.767
48.2282
-153.121
-260.965
-290.558
-353.861
-457.129
-517.686
-612.869
-607.988
-621.716
-618.513
-676.172
-720.866
-721.476
-709.12
-591.514
-385.436
-125.207
-4.24473
68.5157
154.547
331.795
517.281
719.698
904.574
999.604
1021.11
1017.76
1013.64
893.133
757.527
629.701
534.213
463.13
434.301
340.795
154.242
-47.1078
-288.27
-334.488
-176.46
-37.803
-115.139
-279.88
-391.69
-524.855
-561.464
-460.637
-365.148
-289.795
-267.372
-291.32
-265.999
-266.762
-215.357
-139.24
-37.1928
110.158
196.342
143.717
47.7706
39.381
75.8375
181.241
281.458
329.202
241.341
112.599
87.4303
110.616
201.223
260.255
261.476
263.611
245.154
232.188
278.865
253.239
146.31
38.6183
-71.3612
-155.562
-189.73
-270.575
-323.353
-365.911
-406.944
-481.992
-606.005
-640.631
-660.614
-623.699
-634.072
-575.04
-436.078
-233.051
-107.665
22.4493
124.039
109.396
140.361
191.156
347.507
565.33
734.799
815.949
771.103
718.63
624.667
588.058
659.141
639.311
599.194
505.383
368.862
168.885
-24.0746
-141.528
-238.542
-213.374
-208.95
-224.509
-276.372
-414.876
-577.328
-670.071
-623.699
-624.157
-552.159
-475.433
-463.383
-545.753
-552.77
-546.516
-482.755
-340.132
-212.611
-74.2594
-52.1415
-0.736368
58.9058
145.242
156.53
166.902
148.293
147.072
161.564
227.155
284.356
303.271
271.543
227.307
268.34
293.356
346.439
325.999
280.238
247.747
193.291
128.31
26.2628
-63.2767
-166.087
-253.491
-320.607
-354.318
-367.131
-389.859
-428.909
-436.078
-359.505
-362.555
-362.86
-310.082
-262.796
-245.864
-109.801
31.2965
103.142
110.006
166.14
271.238
323.711
487.994
725.495
887.947
860.795
858.507
882.608
785.747
736.172
693.462
624.82
467.706
326.457
191.766
2.92453
-64.192
-56.8702
-60.226
-101.259
-130.851
-214.899
-351.878
-491.602
-538.889
-532.482
-592.734
-678.766
-645.055
-575.803
-605.7
-565.43
-475.891
-463.383
-404.198
-242.813
-71.8188
29.3135
115.497
108.328
10.2463
18.0257
125.87
209.003
268.035
291.678
309.372
228.222
102.074
49.9061
115.04
186.275
196.342
257.052
258.882
171.326
32.8219
-48.3281
-135.427
-177.222
-183.781
-202.696
-261.118
-395.351
-466.128
-512.347
-617.751
-608.446
-586.938
-493.127
-399.622
-222.068
-190.798
-185.459
-161.968
-161.816
-101.411
4.29737
259.645
357.879
447.876
450.47
479.452
521.552
667.53
849.508
950.335
1006.47
877.88
785.747
720.613
592.482
466.333
415.538
334.999
127.853
43.8046
-20.5662
-87.3777
-156.782
-253.338
-295.286
-345.624
-333.268
-403.283
-521.194
-584.345
-589.684
-554.753
-506.398
-401.3
-395.503
-487.331
-486.263
-320.455
-171.121
-53.972
78.2781
122.361
52.1941
117.785
228.833
341.405
389.912
485.858
488.756
364.133
315.016
268.34
157.598
98.1079
146.92
133.802
91.0912
63.3294
-24.6848
-191.561
-336.929
-348.217
-337.234
-368.657
-364.233
-425.401
-535.38
-678.308
-675.715
-672.664
-703.629
-684.714
-600.056
-493.127
-353.251
-276.677
-285.524
-321.37
-247.847
-82.8015
23.8222
201.223
275.356
228.833
173.004
232.188
362.455
496.231
662.039
747.613
671.954
551.144
561.822
585.16
533.602
503.095
441.165
345.371
297.474
300.068
300.678
247.442
186.427
96.1249
-21.3289
-19.0409
-37.1928
-126.58
-246.779
-300.778
-312.37
-346.386
-336.014
-371.097
-397.029
-401.3
-255.169
-61.7514
46.8553
95.6673
69.8885
90.0234
86.8202
214.036
379.997
398.302
437.656
420.115
368.862
293.661
373.286
453.825
494.858
462.673
387.319
338.66
292.288
209.46
115.497
20.6189
-114.529
-177.68
-266.914
-311.76
-393.673
-480.314
-552.159
-559.481
-501.975
-466.433
-488.399
-514.788
-530.499
-512.957
-475.891
-472.687
-420.214
-395.808
-321.98
-262.338
-191.561
-111.021
-92.4114
-136.037
-41.4639
87.8879
262.086
390.065
415.386
406.691
345.066
375.421
449.554
445.741
410.2
351.93
263.153
173.614
209.46
259.188
224.104
179.41
56.4652
-40.8537
-130.851
-152.054
-181.493
-201.628
-229.543
-274.084
-286.744
-350.2
-416.706
-365.911
-314.659
-250.135
-73.3442
73.0918
108.786
76.1425
90.3285
109.853
172.089
338.66
466.333
433.69
390.065
324.474
299.152
385.183
522.01
553.585
529.026
465.418
380.455
293.051
246.679
193.749
85.9049
4.14483
-40.7012
-76.0899
-167.155
-231.373
-312.065
-358.132
-300.32
-230
-153.731
-161.968
-200.713
-298.337
-422.197
-419.757
-403.893
-355.233
-326.099
-298.642
-289.49
-242.661
-303.676
-286.744
-247.084
-207.73
-118.8
12.5344
60.5837
92.7691
136.7
198.02
225.782
223.799
313.643
310.898
313.796
397.844
370.692
317.609
306.322
269.713
196.8
156.682
140.666
81.7864
-19.651
-99.8857
-225.729
-390.622
-478.941
-529.126
-475.738
-442.332
-443.858
-465.976
-398.707
-349.285
-241.135
-127.953
-19.1934
67.753
134.259
228.375
390.98
480.977
500.197
493.027
460.69
471.977
580.126
626.04
636.718
628.633
513.01
324.168
201.071
168.733
168.275
118.09
70.8037
-19.4985
-139.851
-287.354
-389.859
-303.523
-239.305
-203.306
-127.953
-203.459
-291.168
-336.166
-375.368
-347.759
-298.947
-178.137
-142.444
-160.291
-78.9881
-70.7511
-81.7338
-58.3955
-94.0893
-124.902
-101.106
-41.3113
-70.5985
-51.989
-39.1758
-89.0556
-43.5994
-8.66832
39.8386
101.921
115.192
161.564
202.138
203.359
162.479
111.226
77.6679
27.9407
44.4147
105.735
97.6503
64.3971
-35.82
-157.545
-211.238
-235.339
-293.456
-308.557
-336.319
-325.641
-321.98
-293.913
-310.998
-343.946
-285.524
-275.761
-190.188
-29.566
50.6688
150.581
226.85
297.322
338.812
417.674
458.096
429.267
455.656
453.978
498.519
470.757
443.148
404.861
285.119
164.919
121.904
92.3115
62.1091
-28.1931
-93.0215
-213.221
-242.203
-212.306
-172.494
-222.373
-273.778
-289.032
-400.842
-427.384
-317.404
-240.983
-198.883
-156.477
-158.613
-178.9
-117.733
-32.6167
-70.9036
-4.24473
45.7876
82.244
32.0592
76.6001
72.3291
23.212
15.4326
80.7187
85.5999
40.7538
48.0756
68.9733
80.4136
97.1927
114.124
136.395
98.8706
56.6177
49.7535
44.5673
95.6673
146.615
65.4649
-33.5319
-163.494
-282.015
-349.437
-346.386
-280.795
-263.558
-255.016
-192.323
-113.462
-141.834
-118.19
-30.6337
62.8718
139.598
254.001
240.578
187.953
225.172
214.952
280.39
369.472
450.775
454.741
411.572
444.978
392.2
434.606
463.588
357.879
305.559
189.783
137.615
81.7864
27.0255
49.7535
-107.055
-121.088
-92.2589
-94.3944
-41.0063
-65.7173
-81.5812
-136.037
-127.648
-107.665
-150.681
-187.29
-195.679
-127.342
-127.342
-126.275
-99.7332
-125.665
-138.63
-208.798
-93.9368
-36.4301
-91.0386
-49.5484
1.85677
-0.126218
23.3646
118.243
144.937
108.938
115.955
106.803
92.7691
168.275
267.577
299.61
242.713
137.615
34.3473
-3.63458
47.618
66.0751
8.72096
-163.036
-364.843
-449.044
-492.212
-480.162
-426.926
-400.69
-451.027
-438.214
-348.827
-262.796
-164.714
-87.5302
-102.631
-55.3448
-76.395
-31.3964
87.8879
193.139
228.375
256.594
350.252
282.373
289.237
310.593
304.491
340.337
332.711
281.916
191.156
169.953
125.565
68.8207
52.8043
23.212
-8.97339
-61.4463
-74.2594
-9.27847
61.6515
122.361
138.988
85.1422
67.1428
33.432
66.0751
23.9747
-0.431293
10.5514
-32.9218
22.1443
32.8219
51.7365
5.97528
-38.8707
-64.497
-108.58
-46.1925
-15.685
-46.4976
-70.7511
-85.6997
-69.9884
-74.412
-10.4988
20.0087
36.0252
102.989
142.039
255.679
332.711
338.812
367.032
290.61
264.526
203.054
164.919
140.208
26.1102
-125.054
-256.999
-343.03
-402.215
-443.4
-506.093
-512.5
-509.449
-501.212
-528.669
-460.484
-382.538
-324.726
-295.134
-286.287
-234.881
-234.119
-154.189
-107.97
3.68722
70.1936
93.2267
138.683
172.699
244.696
241.646
227.917
237.832
215.562
155.767
120.683
74.6172
55.855
-1.34652
11.3141
-50.7687
-125.512
-145.494
-58.5481
-1.80413
94.2945
197.715
187.647
151.649
120.683
166.445
106.955
96.5825
133.497
171.784
99.4808
142.954
181.546
90.9387
77.8204
104.972
63.6345
42.2792
28.7034
62.4142
55.7025
30.8389
90.7861
57.9906
94.1419
59.0583
114.429
204.732
207.63
287.559
337.134
338.507
307.084
335.456
321.423
281.611
265.594
253.544
168.885
117.48
69.8885
-11.5665
-80.8185
-162.731
-275.151
-361.793
-449.502
-509.754
-453.62
-390.927
-350.81
-286.897
-297.727
-363.928
-365.759
-260.203
-197.51
-123.529
-97.5977
-109.496
-139.24
-136.037
-106.902
0.483932
64.8548
6.43289
-107.208
-134.512
-165.324
-166.392
-67.7003
-11.2615
16.8054
-84.7845
-130.393
-197.052
-208.645
-161.663
-33.837
33.7371
115.497
144.022
128.158
51.8891
76.1425
102.074
90.9387
124.192
200.918
166.445
135.632
114.124
61.804
29.3135
-32.7692
24.7374
33.2795
55.0924
-1.04144
-32.7692
-60.6836
-100.953
-92.4114
-20.8713
16.5004
130.598
207.782
227.155
252.781
277.339
262.391
251.103
319.44
392.505
392.963
393.268
368.099
268.95
133.344
91.0912
84.227
31.6016
19.7037
-10.4988
-76.2424
-237.78
-269.66
-229.543
-231.221
-242.966
-201.476
-270.27
-318.167
-252.728
-128.41
-77.9203
-19.3459
-28.3457
-117.275
-175.392
-122.919
-40.7012
2.31438
41.6691
46.2452
25.195
-63.2767
-137.868
-118.19
-72.8866
-68.6156
-76.395
-87.0726
-212.001
-297.727
-301.235
-252.728
-122.766
-1.49906
88.9557
116.412
133.649
124.497
87.4303
100.854
101.921
150.733
177.275
178.19
152.411
128.768
82.5491
16.8054
-20.1086
-6.99041
-78.3779
-54.7346
-72.429
-118.648
-102.174
-137.41
-179.053
-159.375
-66.3275
31.449
123.277
160.801
182.156
129.073
133.192
171.021
244.696
332.863
407.301
383.658
301.288
257.51
251.866
215.867
213.731
192.376
86.21
-50.1585
-96.9875
-131.766
-170.511
-169.443
-164.562
-237.017
-235.492
-191.256
-174.934
-150.071
-117.122
-119.105
-100.343
-66.175
-46.8027
-53.0567
-61.4463
-21.0239
6.89051
30.0762
33.5846
0.331394
-10.4988
-38.8707
-18.8883
30.9914
0.331394
-35.2098
-138.63
-214.441
-251.05
-223.746
-254.406
-259.44
-198.12
-136.8
-35.82
8.11081
42.8894
54.3297
70.041
98.1079
181.546
240.73
271.085
306.169
262.391
162.631
92.7691
126.938
29.3135
-19.651
-32.9218
-50.9212
-108.58
-189.883
-198.73
-207.882
-216.272
-160.443
-127.037
-94.3944
-12.3292
26.5678
84.8372
83.7694
160.038
206.257
285.729
389.76
425.148
360.015
353.913
311.05
264.984
221.968
137.31
101.006
12.5344
-76.7
-160.138
-199.188
-272.558
-307.337
-345.776
-369.114
-330.98
-297.117
-236.559
-197.205
-183.171
-176.307
-179.205
-167.765
-107.513
-81.1236
5.97528
54.0246
30.6864
-55.0397
-76.5475
-93.0215
-62.8191
-12.9394
0.636469
-19.8036
-161.816
-254.254
-274.084
-265.541
-216.882
-227.102
-243.729
-231.068
-174.019
-103.394
-69.9884
-5.31249
-19.8036
9.33111
68.2106
132.734
264.984
317.457
284.204
265.594
228.985
194.512
202.291
227.765
199.85
137.92
137.005
101.921
37.7031
24.5849
-2.71936
-80.0559
-121.241
-164.867
-175.239
-174.629
-122.156
-93.6317
-18.2782
12.992
105.277
175.597
245.459
314.864
324.168
326.762
308.305
308.915
316.694
298.695
295.644
283.136
223.341
125.107
27.4831
-58.3955
-143.359
-162.579
-183.781
-146.715
-150.833
-191.256
-185.917
-219.17
-257.152
-212.611
-175.392
-125.97
-19.8036
115.04
144.327
57.838
-28.3457
-39.9385
-61.9039
-35.82
-6.83787
-31.7015
-100.343
-152.206
-134.054
-190.798
-199.95
-222.373
-294.218
-325.946
-282.321
-248.457
-253.033
-250.898
-266.152
-258.372
-196.9
-95.6147
-19.1934
34.4998
61.3464
77.0578
150.886
195.274
235.849
335.151
380.302
358.184
354.523
270.323
192.224
147.683
81.939
60.7362
82.0915
36.6353
-59.0057
-66.3275
-141.986
-130.698
-106.597
-159.375
-134.817
-85.3947
-55.3448
8.41588
27.9407
68.058
83.0067
117.785
170.411
154.394
187.037
155.615
144.632
158.055
190.698
183.071
83.6169
80.261
24.1272
-12.0241
15.4326
9.02603
19.7037
-40.5487
-153.884
-186.222
-179.968
-131.461
-64.6496
-18.2782
47.3129
57.3804
54.3297
16.8054
75.6849
139.903
159.275
125.565
71.5664
45.1774
-14.1597
-87.0726
-164.714
-218.712
-247.389
-291.168
-283.693
-262.186
-227.102
-217.34
-272.101
-315.269
-301.083
-275.151
-250.44
-147.63
-42.3791
-44.9722
-79.9033
-126.885
-110.563
9.48364
78.4306
174.682
202.901
204.274
157.598
153.479
139.446
146.615
142.496
84.9897
60.8888
-0.888905
-23.9221
-44.9722
-78.8356
-96.9875
-147.172
-187.29
-200.255
-185.764
-140.766
-97.9027
-83.8693
-37.4979
10.8565
53.8721
43.9571
25.9577
32.3643
16.8054
15.8902
49.4485
56.1601
53.567
38.6183
6.12782
-32.6167
-7.90563
27.7881
2.31438
-6.53279
-77.4627
-143.817
-122.461
-42.074
50.5162
95.5148
162.936
160.191
118.395
150.276
249.883
297.627
321.575
331.185
245.002
169.038
156.835
95.8199
57.0753
32.5168
-28.0406
-85.2421
-114.072
-98.6654
-110.868
-136.342
-167.307
-219.78
-299.557
-309.015
-237.475
-171.426
-126.122
-85.5472
-88.903
-75.0221
-42.2266
-7.75309
100.396
216.63
249.12
237.222
234.171
181.393
106.65
27.4831
4.44991
-33.3794
-108.58
-145.342
-148.545
-131.156
-98.5129
-122.614
-178.595
-228.475
-269.507
-282.473
-264.016
-186.985
-81.1236
-34.1421
-1.49906
2.77199
18.3308
-15.5325
22.6019
53.567
75.8375
124.955
125.87
161.564
86.5151
10.7039
-43.2943
-50.9212
-51.2263
-71.6663
-119.105
-167.002
-206.967
-190.188
-118.19
-48.1755
47.7706
99.1757
97.1927
118.853
202.291
260.103
290.153
335.609
302.051
243.171
237.985
230.51
177.732
118.548
130.141
42.8894
-23.7695
-14.7698
-55.6499
-93.9368
-87.8353
-122.156
-194.612
-220.238
-236.254
-221.153
-219.018
-150.376
-65.5648
-61.1412
-6.22772
45.635
86.9727
152.716
200.613
244.696
269.56
289.848
286.644
266.967
205.342
107.413
11.4666
-74.2594
-124.749
-130.546
-144.884
-104.462
-127.342
-207.12
-257.457
-308.862
-363.928
-373.233
-351.42
-294.066
-183.781
-89.6657
-48.7857
-27.2779
-46.6502
-47.8705
-16.4477
0.483932
22.6019
47.9231
-3.48204
-48.3281
-49.0908
-54.277
-1.95667
16.1953
43.652
-8.36324
-44.057
-62.5141
-85.2421
-47.8705
11.9242
32.9744
22.1443
35.1099
81.7864
100.701
156.072
205.799
211.138
205.494
202.749
244.086
263.306
290.458
281
220.596
201.986
123.124
88.0405
74.9222
57.2279
6.73797
-14.7698
-20.8713
-91.9538
-154.342
-120.173
-93.9368
-84.0218
-28.0406
7.80573
37.0929
112.752
177.58
194.817
233.104
251.561
288.627
337.439
345.066
361.083
317.152
262.391
183.376
124.649
105.43
73.5494
56.3127
26.1102
23.212
-57.9379
-126.122
-221.306
-276.677
-331.743
-366.216
-334.183
-289.032
-201.781
-157.24
-171.273
-193.086
-226.034
-172.951
-119.868
-73.9544
-9.431
-28.6507
-46.1925
-45.4299
-32.4642
34.8049
18.7884
3.83976
-67.5478
-144.122
-138.783
-101.564
-44.3621
-37.4979
-9.73608
-43.7519
-34.5997
-25.2949
36.3302
92.3115
75.99
86.5151
54.6347
23.0595
61.3464
91.3963
126.785
165.682
173.309
123.429
74.1595
62.8718
18.941
36.1777
20.924
46.3977
82.7016
32.2117
-23.7695
-54.7346
-97.7502
-190.188
-197.967
-155.104
-60.0735
38.3132
125.412
163.089
147.683
120.989
122.819
124.649
202.901
275.814
271.085
241.951
199.698
133.649
82.0915
46.7028
-9.431
-4.85488
-33.6845
-66.3275
-96.2248
-65.5648
-102.479
-205.747
-234.729
-251.355
-242.508
-241.593
-200.103
-185.764
-210.628
-210.018
-178.137
-183.171
-169.443
-156.325
-184.392
-206.357
-174.019
-93.1741
-68.463
-37.1928
-60.8361
-85.0896
-140.766
-171.426
-107.513
-46.04
5.97528
11.3141
-3.32951
-46.9552
-66.175
-34.2946
20.0087
57.533
97.3452
91.5488
18.941
19.5511
76.9052
68.3631
132.581
183.376
158.208
182.004
181.088
124.802
118.7
115.497
42.1267
-13.8546
16.8054
14.975
-14.6173
-12.1767
-23.1594
-59.6158
-86.4624
-80.5135
-31.0913
37.5505
61.6515
81.3288
98.8706
123.582
170.106
210.986
251.256
236.154
232.341
196.8
149.513
180.173
223.799
148.14
118.7
115.65
25.3475
-34.9048
-20.5662
-23.9221
-46.04
-99.7332
-156.477
-200.103
-262.491
-289.032
-331.895
-301.54
-234.424
-196.9
-178.29
-158.155
-126.885
-148.698
-163.189
-168.528
-134.054
-72.1239
-62.9717
-48.1755
-69.3782
-179.968
-182.103
-137.41
-96.9875
-52.1415
-25.4474
-49.5484
-87.3777
-62.9717
-36.5827
12.0768
72.7867
78.2781
40.2962
-1.95667
2.31438
27.9407
94.1419
154.394
153.937
109.396
90.176
89.1082
129.378
150.886
173.156
189.02
141.734
88.6506
58.7533
11.9242
-28.3457
-55.0397
-66.6326
-73.1917
-67.2427
-32.6167
-3.32951
12.8395
11.1616
0.636469
-3.17697
40.9064
80.261
136.395
175.444
160.038
132.276
139.141
138.378
174.224
182.614
183.834
129.683
82.0915
84.0745
58.9058
40.2962
12.5344
25.9577
4.14483
-79.2932
-115.597
-160.901
-194.001
-245.559
-278.507
-267.982
-272.101
-284.456
-290.71
-281.253
-287.812
-252.728
-185.612
-163.646
-162.121
-157.545
-151.291
-141.071
-53.972
-9.88862
-23.7695
-11.414
-3.17697
-78.2254
-108.58
-73.3442
-63.8869
-29.566
-11.5665
-20.2612
-72.7341
-78.5305
-41.6164
2.16184
42.5843
50.8213
12.5344
-7.14294
-5.15996
4.14483
13.2971
47.0079
71.4139
83.7694
110.158
109.853
86.5151
45.33
37.8556
36.4828
48.5332
41.9741
22.9069
-5.61757
-48.023
-84.1744
-98.818
-75.1747
-24.0746
4.14483
43.9571
75.6849
71.1088
53.7195
75.99
110.158
151.649
198.173
204.274
229.595
250.798
244.849
234.171
201.528
155.767
157.292
153.479
158.055
75.3798
31.6016
-29.2609
-66.3275
-80.2084
-154.952
-170.511
-182.561
-219.933
-260.965
-257.762
-200.255
-185.917
-124.444
-122.766
-136.952
-110.258
-113.919
-88.4454
-24.2271
46.7028
53.567
21.6866
61.4989
16.8054
32.2117
92.7691
130.293
123.582
75.6849
41.364
-16.7528
-71.9714
-75.9373
-70.2935
-48.1755
-68.6156
-82.649
-142.444
-157.697
-146.257
-147.935
-112.699
-80.3609
-12.0241
-7.14294
9.02603
21.6866
-9.88862
-28.6507
-48.7857
-18.4307
10.8565
39.6861
12.5344
-17.0579
-39.3284
-70.446
-73.3442
-68.3105
-78.9881
-98.2078
-63.8869
-88.4454
-84.7845
-37.0403
-34.2946
-3.63458
25.3475
-3.93966
39.6861
70.3461
122.209
148.598
174.987
196.19
171.173
192.224
186.732
203.359
180.478
139.293
118.09
88.3455
24.1272
-60.0735
-85.3947
-127.8
-218.865
-199.188
-188.205
-195.069
-191.256
-154.342
-164.409
-182.409
-177.832
-161.511
-77.0051
15.5851
86.8202
104.209
61.1939
32.5168
34.3473
83.3118
124.039
162.936
167.818
68.8207
41.8216
69.5834
56.7703
37.7031
29.9237
-45.4299
-106.902
-119.563
-108.58
-66.7851
-44.8197
-37.9555
-71.8188
-100.953
-97.7502
-64.3445
-31.0913
-9.58354
-11.5665
-1.49906
-6.53279
34.9574
28.0932
-0.736368
-9.88862
-41.1588
-74.1069
-98.818
-66.6326
-66.3275
-94.6995
-61.2938
-42.5316
-20.7188
5.06006
5.36513
19.0935
50.8213
37.5505
73.0918
111.074
151.801
197.562
200.156
195.579
191.461
203.054
141.581
121.446
142.649
115.65
97.4978
102.074
82.244
20.0087
-11.5665
-60.5311
-111.631
-139.851
-144.732
-147.02
-143.511
-142.596
-115.902
-112.394
-119.868
-91.9538
-62.5141
-17.9731
0.636469
12.992
48.8383
54.1771
65.77
105.43
130.751
150.428
130.903
140.666
124.192
96.43
120.836
135.785
119.768
78.4306
38.1607
4.90752
-27.888
-10.0412
14.975
10.5514
-13.397
-37.0403
-38.4131
-64.6496
-45.5824
-18.7358
-0.126218
2.16184
3.07707
-0.126218
-18.5833
-41.9215
-54.7346
-32.3116
-3.32951
-8.66832
-34.5997
0.636469
16.1953
23.5171
37.7031
82.7016
105.735
82.5491
99.6333
99.3282
87.5828
47.3129
22.6019
14.2123
32.2117
84.8372
115.802
132.124
161.869
147.53
89.8709
108.175
106.04
104.82
86.8202
82.3966
29.9237
8.41588
12.2293
-9.431
-19.9561
-14.4647
-26.8203
-85.5472
-67.2427
-95.3096
-84.1744
-75.9373
-48.7857
-59.9209
-64.0394
-88.2929
-96.5299
-65.2597
-42.6842
-14.6173
13.2971
-18.2782
-37.803
-0.736368
-41.0063
-53.3618
-3.63458
47.1604
39.6861
67.9055
50.5162
32.8219
17.7207
32.9744
78.8882
51.8891
42.1267
26.8729
-1.04144
-64.192
-88.2929
-93.7842
-106.75
-130.851
-102.784
-103.699
-129.325
-134.664
-155.867
-163.951
-151.443
-104.767
-98.818
-78.3779
-53.972
-68.7681
-112.089
-87.6827
-63.5818
-71.8188
4.75498
43.9571
54.1771
55.855
66.8377
57.2279
60.7362
73.7019
111.226
126.938
108.48
96.1249
69.4309
68.058
75.5324
55.2449
63.4819
54.6347
29.9237
46.5503
35.5676
43.8046
58.2956
43.0419
31.7541
15.8902
28.2458
12.8395
-7.60055
-12.1767
-10.9564
-21.4815
-58.243
-58.7006
-86.4624
-96.6824
-92.2589
-78.0729
-35.9725
-45.4299
-69.0732
-80.5135
-110.716
-125.97
-98.6654
-65.5648
-41.1588
-30.7863
-28.8033
-26.8203
-14.1597
-0.278756
10.0938
39.381
85.5999
69.736
67.1428
78.7357
6.28036
-43.2943
-66.7851
-29.1083
-51.2263
-85.6997
-105.835
-145.494
-173.714
-184.392
-193.391
-179.358
-157.392
-171.273
-157.392
-153.121
-155.562
-135.122
-92.2589
-111.479
-98.0553
-40.091
-48.1755
-40.091
-23.0068
-39.9385
-7.29548
37.7031
95.9724
151.191
189.783
152.564
86.6676
104.057
103.599
134.259
139.903
128.768
95.8199
21.0765
-15.2274
-35.9725
-37.6504
-37.4979
-14.7698
11.9242
2.46692
17.2631
-2.56682
9.48364
-1.65159
17.1105
16.0428
44.2622
68.9733
57.9906
47.1604
10.8565
-22.7018
-48.023
-44.6672
-59.7684
-59.0057
-75.0221
-95.7672
-70.446
-53.5143
-51.6839
-48.023
-60.0735
-71.0561
-61.9039
-19.9561
15.8902
51.2789
67.1428
57.0753
63.9395
50.9738
32.0592
24.7374
38.7708
78.8882
90.6336
74.4646
42.4317
-34.1421
-113.309
-138.173
-148.545
-159.68
-136.037
-166.85
-207.577
-244.796
-250.44
-253.338
-239.458
-206.967
-168.223
-122.004
-106.902
-69.3782
-57.0227
-52.294
-49.0908
-32.1591
68.6682
172.699
196.647
226.697
213.579
129.836
125.26
141.734
120.378
115.65
114.429
69.2783
18.7884
9.94126
29.6186
-33.0743
-44.5146
-47.4128
-101.716
-101.564
-74.2594
-23.1594
-4.09219
23.6696
13.2971
43.4995
60.7362
65.6174
79.1933
62.7192
28.2458
33.2795
34.0422
27.0255
-16.7528
-37.3454
-56.5651
-69.0732
-80.3609
-70.7511
-40.3961
-59.3108
-72.5815
-61.4463
