59.053
29.482
-13.5026
-28.7454
-45.6649
-40.6347
-7.71034
-50.0853
-48.561
-44.9027
-61.3649
-20.8191
64.0832
27.0432
-44.1406
16.3733
-12.4356
23.6898
25.3665
13.6296
-5.8812
-21.7337
28.7199
39.085
20.7937
18.8121
3.87418
38.6277
41.8287
58.4433
77.0395
10.7334
46.8588
59.8152
94.7211
93.0444
55.3948
40.6093
-40.4823
-3.28993
-16.3987
-6.9482
-55.8775
-29.3551
-17.7706
-32.7085
36.7986
53.4132
91.5202
57.8336
50.5171
69.5706
84.0512
57.6812
63.4734
68.656
39.3899
4.17903
30.7015
5.39846
-23.8677
43.6578
6.16059
-16.3987
-5.42392
3.72175
4.17903
-16.7036
45.7918
26.1286
51.8889
-13.0453
-0.0889453
31.3112
39.6947
61.9492
10.7334
47.7734
35.7316
53.8705
22.4704
6.46545
54.3278
47.0112
54.6326
59.3579
6.00817
0.21591
-26.3065
-20.3618
-9.6919
2.04504
-45.36
-0.241373
54.0229
35.884
38.018
15.1538
7.53244
19.4218
17.4403
33.9025
28.2626
-42.7687
-113.343
-81.0281
-115.782
-89.5641
-52.0668
-24.7822
17.1354
11.4956
44.42
-6.49091
-45.8173
-52.9814
-37.891
-11.6735
56.7666
69.5706
73.5337
123.073
136.944
194.561
231.601
267.117
182.672
104.019
140.754
121.853
126.121
97.4648
31.4636
-63.4989
-60.1455
-79.199
-3.59478
29.1772
-54.2008
-38.6532
-39.7202
-6.9482
-39.1105
20.3364
-10.7589
-26.6114
18.8121
8.14216
-2.83265
50.0598
61.7967
43.6578
19.7267
1.43533
-0.546229
16.2208
65.455
69.5706
71.0948
8.59944
54.3278
71.7045
53.8705
43.5054
-14.5696
-6.64334
-20.8191
27.8053
58.2909
69.5706
28.7199
-17.4657
-61.0601
-75.5407
-38.958
12.1053
15.4587
2.04504
10.581
-10.3016
5.39846
30.2442
90.3007
45.0297
43.353
65.6074
23.9946
84.5085
49.1452
42.286
34.817
20.184
-18.8376
-47.0367
-55.5727
-72.1873
-27.0687
2.19747
34.817
59.6628
-6.64334
-16.3987
17.2878
23.5374
70.6376
113.317
125.664
79.3259
31.0063
25.0616
-11.3686
-6.33848
-18.3803
-39.7202
-58.6212
-39.4153
5.55088
29.6345
41.3714
9.36158
10.581
47.0112
64.0832
91.3677
142.126
124.292
122.311
68.656
61.187
41.8287
45.3345
84.8133
48.3831
86.7949
52.0414
45.3345
-13.1977
-6.79577
41.9811
94.8736
148.985
176.727
213.767
183.434
87.7095
24.9092
-18.6851
-17.923
-8.77733
-57.2494
-21.5813
19.7267
-3.28993
-48.4086
-140.17
-225.377
-225.682
-206.019
-186.661
-147.639
-171.418
-214.25
-191.691
-177.362
-154.193
-97.9476
-68.8339
-92.9175
-81.4854
-30.2696
42.1336
134.81
105.848
108.135
141.974
232.821
301.566
403.845
462.834
398.51
341.502
289.829
261.325
249.74
200.354
107.525
69.723
-5.27149
-34.0803
-30.7269
-68.9863
-94.7466
-85.7534
-65.1756
-57.8591
-91.5456
-135.445
-106.636
-78.132
-35.4522
-22.6483
8.29458
35.7316
-1.91808
-6.03363
-5.57635
-36.2143
-51.1523
-9.84432
6.92273
52.4986
44.8773
45.9442
67.2841
77.8017
79.9356
52.1938
78.5638
62.1016
32.3782
28.7199
36.7986
53.1084
63.321
71.7045
63.6259
-14.2647
-74.6261
-69.4436
-69.4436
-61.8222
-72.0349
-69.2912
-99.9292
-163.034
-144.286
-149.468
-188.795
-185.898
-184.679
-197.483
-163.644
-117.916
-89.1068
-28.7454
-36.3668
2.65476
55.6996
48.5355
106.611
140.145
167.277
264.373
289.524
289.676
286.933
246.234
158.131
56.7666
51.7365
52.1938
43.9627
34.9694
-31.9464
-61.2125
-107.246
-161.205
-193.825
-236.352
-348.386
-356.008
-286.196
-192.605
-117.611
-75.0834
-54.8105
-84.9912
-74.3213
-33.0133
18.2024
89.5386
150.205
182.367
215.444
230.687
261.477
213.005
157.674
130.084
151.424
167.734
179.928
222.76
154.32
62.5589
9.97129
-3.28993
-8.6249
-90.3262
-117.153
-140.932
-104.35
-61.6698
25.0616
55.3948
-3.74721
-38.5007
-39.2629
47.3161
88.0143
125.054
138.925
126.731
108.135
112.555
150.357
173.221
145.022
113.317
130.542
168.496
231.296
188.159
211.176
169.868
108.745
93.959
119.11
147.461
148.833
114.689
139.23
180.233
170.325
179.623
107.678
52.1938
-24.0201
15.0014
40.4568
47.4685
-4.96663
-49.3231
-78.2844
-93.0699
-80.7232
-66.8523
-32.2512
-82.8572
-119.135
-144.895
-128.89
-108.77
-151.145
-209.22
-259.369
-253.729
-282.843
-271.868
-288.025
-335.125
-365.916
-379.787
-348.996
-395.182
-419.113
-492.736
-520.63
-504.168
-482.066
-449.903
-453.257
-494.717
-484.352
-449.294
-385.122
-319.73
-288.33
-274.611
-220.652
-195.654
-115.782
-11.9783
26.8908
54.6326
57.3763
126.274
232.668
318.79
367.872
402.625
425.185
443.628
511.459
569.534
603.83
655.198
624.865
600.934
591.026
616.939
659.771
676.233
651.083
664.344
644.376
684.922
697.268
682.178
675.319
621.054
603.982
591.178
594.227
602.001
610.232
639.955
646.51
678.672
716.017
720.132
681.111
536.914
370.768
184.349
7.8373
-134.835
-200.989
-270.648
-358.294
-433.136
-532.214
-680.984
-832.497
-1036.75
-1267.68
-1459.89
-1536.41
-1522.08
-1446.32
-1376.97
-1382.76
-1385.96
-1377.58
-1365.08
-1291
-1174.24
-1048.03
-834.784
-597.758
-348.539
-161.967
-52.6765
-21.5813
-43.3784
-70.2057
-64.4135
53.5656
141.212
254.008
270.013
191.056
119.872
-80.1135
-245.65
-420.637
-527.794
-603.093
-611.477
-552.487
-490.906
-468.652
-488.01
-504.32
-540.598
-445.94
-299.61
-87.7349
129.475
339.825
567.4
721.047
884.602
977.888
1071.63
1118.73
1219.79
1335.18
1490.81
1629.97
1747.34
1720.21
1687.9
1660
1604.67
1611.23
1608.79
1570.07
1492.94
1430.45
1422.21
1402.25
1347.98
1226.65
962.797
559.169
141.212
-175.991
-308.755
-330.248
-375.061
-463.469
-618.031
-903.528
-1159.91
-1427.88
-1778.62
-2104.51
-2392.6
-2550.36
-2473.84
-2215.02
-1940.8
-1692.19
-1640.36
-1616.13
-1533.06
-1254.42
-801.707
-325.217
100.818
423.965
717.541
1035.35
1319.48
1478.92
1487.61
1369.32
1245.86
1230.92
1179.55
1075.14
765.861
319.857
-172.942
-656.9
-985.839
-1266.15
-1539.76
-1840.5
-2065.03
-2280.71
-2405.86
-2486.49
-2567.58
-2624.59
-2621.85
-2438.93
-2053.75
-1584.88
-1069.22
-576.418
-131.329
289.067
711.292
1139
1527.09
1889.71
2166.21
2456.28
2621.21
2762.51
2823.33
2732.03
2648.5
2516.49
2385.56
2257.98
2129.78
1971.72
1741.55
1550.56
1363.68
1181.68
1021.63
877.133
714.493
591.483
532.036
540.42
587.063
534.475
236.479
-123.098
-367.44
-511.637
-482.523
-438.929
-495.174
-648.822
-876.244
-1066.93
-1208.69
-1395.11
-1709.41
-2084.69
-2324.61
-2272.63
-1941.87
-1545.4
-1305.94
-1292.68
-1365.69
-1295.42
-997.881
-521.24
-41.8542
302.023
559.321
762.965
1020.42
1252.11
1364.29
1297.68
1106.84
987.033
931.702
945.726
807.626
468.017
-88.3446
-733.267
-1276.37
-1644.78
-1805.6
-1989.88
-2231.33
-2548.68
-2799.58
-2893.93
-2863.29
-2699.13
-2589.99
-2442.9
-2096.89
-1602.56
-932.795
-265.466
264.221
625.322
845.885
1195.4
1635.61
2161.34
2596.52
2834.76
2900.92
2858.69
2776.69
2773.49
2686.3
2587.37
2442.41
2235.57
2062.87
1836.82
1552.54
1181.23
820.887
578.222
498.198
472.437
527.921
511.916
368.024
259.648
239.375
376.255
465.73
366.5
120.481
-191.233
-326.284
-247.632
-88.1922
-31.6415
-251.9
-630.378
-991.022
-1147.11
-1257.77
-1541.29
-1933.79
-2387.87
-2604.62
-2367.14
-1862.6
-1457.45
-1322.86
-1483.21
-1549.52
-1290.54
-734.638
-94.5942
348.818
517.861
599.105
791.316
1190.22
1595.07
1762.89
1598.12
1313.23
1175.89
1146.02
1053.64
679.282
57.0715
-603.703
-1124.85
-1368.89
-1498.45
-1787.91
-2269.13
-2776.26
-3091.02
-3077
-2838.9
-2562.4
-2370.95
-2238.8
-1968.39
-1461.11
-827.772
-222.938
314.217
788.572
1282.9
1861.05
2443.79
2879.58
3051.67
3058.98
2994.2
2960.82
2900.15
2785.99
2608.71
2384.34
2197.61
1999
1714.11
1313.99
851.373
443.476
240.747
199.744
213.615
183.434
67.2841
-34.2328
-100.386
-29.8124
171.087
468.474
723.638
800.614
632.791
277.787
-29.3551
-102.978
-32.2512
38.018
-42.7687
-354.636
-746.528
-1068
-1331.39
-1646.31
-2067.31
-2591.51
-2943.47
-2871.52
-2399
-1845.99
-1561.1
-1687.46
-1992.93
-2038.66
-1595.86
-821.37
-92.9175
324.735
449.573
557.797
854.116
1320.85
1645.37
1647.35
1374.66
1119.49
1132.14
1167.81
1049.22
555.053
-247.937
-999.101
-1385.51
-1426.36
-1428.03
-1664.14
-2180.57
-2718.03
-2910.09
-2702.48
-2287.42
-2000.55
-1935.92
-1812.91
-1460.5
-793.171
-31.7939
642.394
1074.98
1454.07
1923.4
2496.98
3061.12
3345.24
3318.57
3071.94
2852.14
2767.09
2803.97
2766.17
2577.47
2328.86
2025.37
1726.77
1396.15
999.38
547.127
279.464
219.56
355.525
480.516
451.25
283.579
65.1502
18.3548
159.808
555.663
962.645
1128.18
931.397
409.18
-56.4872
-300.524
-253.576
-171.57
-314.395
-702.019
-1161.74
-1497.54
-1748.74
-2006.19
-2480.09
-3101.99
-3583.51
-3606.07
-3159.92
-2466.07
-2069.91
-2172.95
-2494.26
-2582.98
-2144.9
-1259.45
-386.646
201.421
454.756
555.663
908.076
1423.74
1889.25
1984.98
1712.13
1412.61
1377.71
1474.35
1400.57
925.148
140.449
-592.728
-994.985
-1112.35
-1255.94
-1598.6
-2178.74
-2632.21
-2745.92
-2479.48
-2052.07
-1782.73
-1722.98
-1725.42
-1414.92
-826.552
-126.299
533.713
1081.08
1666.71
2294.25
2936.89
3374.97
3483.95
3368.26
3163.85
3135.35
3269.18
3353.93
3270.71
2972.1
2575.94
2246.39
1981.62
1634.55
1233.97
837.807
598.8
597.276
708.091
687.818
426.099
9.20915
-292.903
-266.685
24.6044
438.903
625.627
415.277
-157.699
-705.525
-884.323
-693.635
-487.553
-646.993
-1156.56
-1728.92
-2006.65
-2058.17
-2133.01
-2469.57
-3107.79
-3640.37
-3735.64
-3214.79
-2484.66
-1997.5
-1988.66
-2292.3
-2325.53
-1864.13
-982.486
-173.399
195.781
186.483
187.55
482.345
1069.5
1631.35
1818.68
1544.16
1147.54
989.32
1027.27
952.737
497.283
-172.485
-702.171
-910.235
-927.917
-1063.27
-1628.78
-2399.15
-2971.97
-3032.79
-2613.77
-2055.12
-1656.22
-1503.64
-1434.89
-1168.45
-607.361
45.6394
635.84
1217.35
1846.73
2561.61
3261.87
3676.62
3662.9
3399.51
3187.33
3209.28
3437.92
3655.74
3659.25
3340.06
2887.81
2434.79
2149.75
1841.39
1471.45
1103.18
841.008
778.36
811.589
770.281
461.31
-13.3502
-300.981
-268.819
104.019
446.22
442.866
-58.3164
-721.987
-982.029
-714.975
-214.25
-120.507
-649.279
-1503.94
-2125.39
-2232.24
-2041.4
-1979.82
-2294.28
-2844.09
-3191.01
-3030.96
-2467.74
-1975.4
-1992.63
-2346.71
-2469.72
-1923.27
-909.473
85.5755
511.154
342.569
-18.6851
-107.855
357.812
1060.05
1542.79
1513.82
1164.31
876.066
766.623
639.193
170.783
-561.023
-1091.93
-1199.24
-957.793
-827.772
-1214.33
-2039.57
-2869.08
-3225.77
-2977.46
-2406.77
-1909.4
-1721
-1651.8
-1338.25
-686.776
45.487
608.555
1014.62
1464.89
2104.48
2803.52
3325.43
3512.76
3400.88
3234.12
3282.44
3469.78
3611.84
3521.3
3135.96
2715.56
2432.35
2316.05
2213.62
1964.86
1541.11
1151.35
914.478
815.857
758.239
593.465
361.47
187.397
272.604
540.42
678.062
401.101
-247.784
-890.877
-985.077
-512.094
-1.00351
28.5675
-590.747
-1542.51
-2296.57
-2549.75
-2475.52
-2411.8
-2578.86
-2904.3
-3040.87
-2811.62
-2343.06
-1994.61
-2065.64
-2289.71
-2228.13
-1599.36
-572.913
347.751
691.019
434.94
18.9645
9.66643
507.343
1146.32
1422.98
1164.31
660.228
326.107
184.806
-77.2174
-628.701
-1318.89
-1736.09
-1696.31
-1410.81
-1368.28
-1810.63
-2599.29
-3256.56
-3257.93
-2724.74
-2024.63
-1557.9
-1515.98
-1518.73
-1102.6
-266.228
630.657
1326.49
1754.35
2154.63
2652.46
3161.57
3511.09
3562.15
3390.82
3233.82
3319.03
3510.17
3552.24
3240.07
2644.08
2144.11
1980.71
2083.45
2211.79
2088.48
1767.92
1432.73
1240.06
1222.99
1172.69
987.643
751.075
631.877
742.387
788.877
535.085
-157.394
-860.544
-990.26
-517.886
141.821
332.509
-238.791
-1241.92
-2035.46
-2330.25
-2271.87
-2253.43
-2567.28
-3011.45
-3244.36
-2994.38
-2481.77
-2177.37
-2277.67
-2530.24
-2321.26
-1464.16
-364.239
425.947
585.996
274.586
14.0868
200.811
833.386
1465.81
1591.1
1174.82
580.813
194.409
37.7131
-217.146
-790.275
-1476.66
-1943.54
-2033.93
-1892.33
-1916.26
-2292.45
-2832.65
-3212.96
-3084.77
-2575.51
-2050.7
-1738.68
-1737.61
-1699.35
-1201.22
-293.817
638.736
1365.82
1881.94
2360.71
2863.72
3316.74
3611.54
3645.22
3511.39
3423.59
3538.67
3758.17
3715.49
3267.96
2561.76
1964.25
1737.44
1867.91
1983.15
1824.93
1468.4
1154.09
1019.96
1082.76
1176.35
1115.83
1003.95
951.06
1011.73
920.118
444.391
-344.881
-945.751
-914.198
-291.988
273.671
243.338
-510.722
-1494.95
-2030.43
-2019.6
-1759.11
-1747.22
-2202.06
-2858.26
-3156.87
-2882.8
-2396.1
-2137.28
-2312.27
-2564.84
-2310.59
-1380.93
-249.156
408.875
385.401
14.3917
-113.19
429.148
1336.25
1958.61
1827.06
1052.73
244.405
-160.748
-287.263
-511.027
-965.414
-1597.84
-2093.53
-2277.06
-2349.92
-2648.06
-3173.64
-3634.12
-3704.69
-3256.56
-2584.81
-2014.73
-1887.15
-2037.13
-1906.05
-1255.18
-207.696
840.55
1674.18
2235.87
2634.32
3095.87
3590.96
3973.09
4080.71
4067.14
4075.98
4053.73
3972.64
3695.83
3176.05
2525.33
2072.62
1897.03
1847.18
1720.36
1476.48
1184.12
950.908
857.165
912.039
1021.48
1115.07
1156.08
1094.95
868.597
429.91
-3.89964
-212.421
-39.1105
264.831
340.587
-14.722
-670.314
-1274.08
-1566.89
-1596.92
-1567.5
-1737.46
-2181.48
-2659.5
-2905.36
-2863.45
-2676.57
-2552.8
-2549.44
-2402.81
-1961.68
-1251.67
-585.412
-226.749
-165.168
-157.09
129.932
812.808
1590.5
1976.9
1710.91
1007.46
378.694
123.53
93.5017
-68.9863
-583.583
-1239.02
-1769.62
-2109.08
-2464.39
-2959.17
-3523
-3937.76
-3967.48
-3601.35
-3057.33
-2763.91
-2763.91
-2748.21
-2366.68
-1482.6
-389.542
570.601
1235.19
1727.83
2232.06
2847.26
3479.23
4048.09
4426.11
4549.42
4545.16
4456.29
4287.4
3990.32
3596.9
3183.52
2879.58
2649.72
2430.07
2087.56
1577.23
1079.71
763.574
718.913
865.396
1021.02
1041.76
902.741
638.126
260.715
-168.217
-439.386
-270.953
194.409
480.059
284.646
-329.943
-981.724
-1358.22
-1371.63
-1264.63
-1285.51
-1556.53
-1994.61
-2330.56
-2419.58
-2351.74
-2257.09
-2324.61
-2384.97
-2113.5
-1555.77
-903.986
-433.441
-248.394
-163.339
49.9074
513.288
1133.52
1603.6
1602.69
1206.83
648.644
304.767
237.241
158.588
-159.528
-723.816
-1280.33
-1705.91
-2073.11
-2575.2
-3245.73
-3783.35
-4017.32
-3906.36
-3565.38
-3303.81
-3269.97
-3376.97
-3281.1
-2706.6
-1697.68
-581.753
352.172
1022.7
1615.49
2200.66
2794.98
3299.82
3683.02
3988.95
4258.44
4498.82
4653.68
4520.61
4084.21
3542.94
3116.75
2982.31
2956.4
2805.5
2334.04
1720.36
1210.49
974.992
964.627
951.213
838.111
553.376
272.147
-37.7386
-325.37
-569.102
-547.305
-86.9728
395.309
458.719
-10.7589
-695.769
-1134.91
-1127.14
-812.682
-541.665
-640.591
-1198.63
-1916.72
-2382.38
-2356.01
-2072.8
-1922.97
-2018.54
-2098.71
-1884.1
-1409.89
-871.214
-565.444
-525.965
-511.484
-220.957
486.613
1341.43
1840.93
1657.56
992.064
280.378
-67.0047
-29.5075
121.853
103.867
-195.044
-674.43
-1254.72
-1813.98
-2386.19
-2823.51
-3096.35
-3344.51
-3476.81
-3501.51
-3426.82
-3334.29
-3124.1
-2772.75
-2318.06
-1779.38
-1176.22
-446.855
345.16
1224.36
2054.94
2616.79
2989.63
3273.45
3645.83
4003.27
4150.37
4052.2
3800.85
3533.34
3466.73
3561.54
3598.73
3290.52
2682.64
2023.85
1622.2
1575.4
1678.45
1702.53
1497.06
1180.01
889.175
547.889
-47.1891
-761.161
-1174.85
-900.632
-159.833
360.098
158.893
-633.579
-1436.42
-1724.66
-1404.56
-870.757
-667.723
-1021.66
-1610.79
-1992.93
-1925.56
-1612.17
-1609.88
-1957.26
-2328.88
-2231.17
-1584.12
-833.259
-390.304
-452.647
-675.497
-594.862
25.9762
898.778
1471.45
1387
847.867
394.089
360.403
519.385
471.675
75.5152
-513.466
-956.116
-1189.18
-1350.9
-1657.28
-2168.68
-2709.95
-3109.31
-3244.06
-3237.66
-3226.22
-3322.1
-3385.66
-3224.85
-2705.07
-1968.54
-1207.77
-540.445
30.2442
610.232
1253.63
1921.57
2565.42
3053.95
3410.48
3760.3
4022.18
4132.08
3960.44
3618.24
3369.18
3358.81
3547.82
3616.57
3287.63
2670.9
2071.56
1727.22
1759.99
1835.6
1759.08
1386.85
883.687
460.7
67.2841
-405.547
-901.699
-1071.05
-817.407
-421.704
-350.52
-782.044
-1446.63
-1922.81
-1936.84
-1585.34
-1172.26
-1028.21
-1288.26
-1627.26
-1798.13
-1617.81
-1308.53
-1207.93
-1360.66
-1478.49
-1326.36
-871.366
-397.011
-162.882
-191.996
-304.182
-200.379
235.26
765.099
1067.36
930.635
431.587
14.0868
-181.021
-167.912
-184.831
-283.605
-579.467
-1000.47
-1448.46
-1842.94
-2106.79
-2313.03
-2523.23
-2764.67
-3015.11
-3110.68
-3026.39
-2881.58
-2713.15
-2512.56
-2167.92
-1597.99
-819.083
66.9793
889.48
1540.35
2053.27
2470.77
2815.86
3212.02
3694
4111.8
4280.39
4162.71
3862.28
3510.48
3319.18
3354.69
3434.72
3354.69
3007.92
2494.39
2028.73
1711.83
1534.86
1388.99
1203.18
994.807
726.077
206.146
-541.36
-1173.94
-1305.79
-911.15
-442.282
-473.682
-983.553
-1559.12
-1759.26
-1567.2
-1341.61
-1444.34
-1854.37
-2269.59
-2280.87
-1794.47
-1114.79
-785.549
-1083.39
-1603.93
-1775.26
-1293.13
-436.337
233.888
409.332
207.365
-7.55791
55.5472
443.781
877.895
900.454
478.687
-127.671
-466.061
-453.562
-380.091
-542.122
-988.736
-1487.94
-1783.65
-1840.81
-1817.33
-1895.99
-2140.63
-2538.77
-2920
-3030.35
-2914.36
-2707.21
-2589.38
-2548.99
-2382.69
-1968.54
-1319.96
-527.946
271.842
944.506
1461.39
1950.38
2498.05
3132
3768.84
4237.56
4421.23
4331.91
4115.31
3902.67
3765.33
3658.64
3568.86
3432.28
3129.56
2782.94
2441.8
2149.45
1978.58
1888.95
1718.84
1402.55
894.205
180.081
-567.425
-1131.56
-1233.99
-928.679
-642.877
-878.225
-1592.5
-2265.17
-2399
-1903.45
-1257.16
-981.876
-1336.88
-1962.44
-2277.36
-2025.85
-1431.23
-962.67
-964.5
-1325.3
-1524.82
-1207.01
-494.107
163.923
439.056
403.387
347.142
572.582
1121.78
1625.86
1683.48
1124.22
300.956
-266.38
-414.388
-378.72
-588.003
-1207.62
-2008.02
-2554.02
-2681.29
-2615.9
-2639.83
-2870.61
-3191.77
-3329.26
-3156.72
-2789.82
-2443.66
-2403.57
-2519.57
-2496.25
-2140.02
-1441.6
-557.517
244.1
807.626
1196.47
1538.21
2030.55
2750.32
3530.9
4157.99
4460.71
4535.55
4504.15
4435.26
4266.82
4024.16
3803.59
3624.95
3425.27
3121.18
2709.01
2265.14
1959.37
1865.32
1844.9
1668.23
1170.56
271.537
-666.503
-1167.69
-990.26
-527.489
-485.114
-1152.75
-2216.69
-2977.77
-2953.99
-2288.49
-1599.82
-1491.14
-1963.82
-2500.06
-2544.72
-1943.24
-1109.92
-612.696
-695.16
-973.798
-968.463
-535.72
11.648
323.82
374.579
300.041
388.754
823.021
1466.88
1932.7
1872.03
1302.25
598.495
194.714
138.163
97.6173
-274.307
-1044.22
-1902.39
-2455.24
-2698.67
-2827.32
-3040.72
-3487.18
-4000.86
-4269.59
-4087.44
-3555.92
-3042.09
-2794.7
-2725.8
-2558.44
-2121.58
-1404.41
-539.531
250.655
849.086
1339.29
1800.69
2344.86
2928.2
3512.46
3964.86
4184.97
4307.67
4443.64
4622.44
4742.4
4746.06
4597.44
4332.98
3960.44
3516.12
3092.52
2778.52
2644.53
2616.79
2422.6
1821.88
774.854
-404.327
-1175.61
-1137.05
-620.47
-388.018
-925.783
-2133.47
-3232.32
-3533.52
-3088.73
-2434.67
-2204.8
-2616.21
-3149.55
-3310.06
-2885.55
-2114.26
-1452.42
-1138.11
-1041.48
-835.851
-390.304
202.335
645.138
742.539
667.24
702.756
1097.39
1762.43
2172.62
1991.38
1301.03
607.336
376.255
615.567
881.553
632.334
-273.24
-1402.88
-2229.65
-2528.41
-2577.19
-2761.62
-3226.22
-3824.2
-4169.6
-4130.12
-3916.42
-3845.23
-3987.14
-4087.44
-3810.17
-3034.62
-1975.1
-961.299
-310.432
39.3899
357.202
968.59
1891.08
2869.97
3685.31
4233.29
4480.68
4543.02
4600.49
4699.26
4810.68
4951.22
5000
5000
4966.01
4579.3
3999.01
3509.87
3288.54
3292.66
3255.77
2714.95
1554.22
112.86
-893.621
-991.479
-568.949
-436.795
-1117.99
-2392.14
-3501.2
-3865.2
-3554.1
-3109.01
-3073.03
-3527.57
-3985.92
-3906.51
-3229.88
-2381.16
-1900.41
-1888.97
-1889.28
-1378.34
-249.156
925.91
1534.71
1514.59
1150.59
1099.22
1654.21
2528.84
3056.7
2763.73
1846.88
1008.68
728.516
783.085
577.612
-235.895
-1222.71
-1844.47
-1975.55
-2012.75
-2370.19
-3171.81
-4081.34
-4625.66
-4577.95
-4079.82
-3709.27
-3746.15
-4074.48
-4262.27
-3963.82
-3155.95
-2167.92
-1361.57
-770.154
-267.295
289.219
895.577
1608.18
2400.8
3166.29
3749.79
4174.15
4467.87
4604.45
4653.84
4714.96
4920.13
5000
4986.59
5000
4791.94
4365.9
4153.87
4108.14
3946.72
3345.55
2259.5
1102.27
479.906
471.828
627.914
267.269
-782.348
-2077.98
-2920.15
-3001.85
-2696.69
-2570.17
-3049.86
-3877.7
-4450.22
-4364.86
-3710.64
-3001.09
-2599.29
-2490.76
-2311.81
-1725.57
-800.945
121.853
719.065
1017.82
1268.87
1740.48
2447.44
3049.38
3198
2810.68
2182.37
1758.32
1579.98
1384.87
905.18
81.3075
-747.747
-1374.68
-1825.72
-2295.19
-2924.26
-3698.14
-4361.96
-4643.19
-4520.94
-4231.79
-4170.06
-4387.27
-4610.57
-4465.16
-3824.81
-2925.94
-2177.67
-1728.32
-1379.71
-885.237
-155.108
694.829
1501.63
2127.35
2625.17
3037.95
3380.76
3574.95
3668.54
3840.33
4137.87
4499.27
4702.16
4569.39
4191.22
3849.63
3785.46
4013.94
4212.25
3954.19
3106.08
2005.25
1309.42
1274.66
1531.66
1375.42
517.403
-656.595
-1578.94
-1810.32
-1540.07
-1348.16
-1706.98
-2484.05
-3205.8
-3352.13
-2952.16
-2441.07
-2244.13
-2420.19
-2566.82
-2319.28
-1564.76
-618.031
117.28
488.899
671.203
951.06
1565.34
2340.74
2909.91
2986.73
2627.46
2192.58
1904.5
1681.04
1292.65
724.4
84.5085
-439.233
-894.078
-1449.07
-2169.9
-2991.94
-3646.92
-3983.48
-3908.03
-3748.29
-3836.7
-4308
-4855.68
-4989.36
-4718.64
-3907.12
-3062.67
-2445.18
-2041.4
-1693.1
-1153.05
-436.795
414.21
1298.6
2078.72
2678.52
3076.67
3280.92
3336.1
3381.83
3574.34
3872.95
4157.38
4245.48
3986.81
3586.84
3291.44
3256.07
3367.65
3223.76
2601.4
1742.62
1156.53
1106.54
1232.75
949.689
103.105
-956.269
-1694.48
-1783.04
-1485.19
-1318.59
-1592.2
-2208.01
-2639.22
-2498.53
-1842.94
-1169.67
-979.285
-1283.23
-1571.77
-1332.92
-590.137
227.333
705.652
817.839
886.736
1225.58
1876.91
2491.04
2671.67
2396.69
2009.21
1884.38
1994.28
2005.25
1569
692.848
-176.143
-649.279
-849.721
-1218.6
-1938.06
-2909.17
-3671.46
-3882.73
-3637.78
-3360.66
-3470.26
-3954.98
-4388.64
-4370.96
-3916.42
-3263.87
-2769.55
-2547.31
-2465.3
-2227.52
-1708.5
-972.426
-157.547
568.162
1153.64
1646.28
2081.01
2462.53
2828.67
3207.75
3645.83
4024.16
4190.61
4094.73
3777.99
3505.45
3429.38
3560.78
3670.83
3329.85
2380.07
1238.08
554.901
514.507
691.476
440.885
-425.21
-1540.22
-2276.6
-2448.38
-2303.58
-2304.04
-2648.52
-3087.51
-3209.3
-2831.89
-2085.15
-1454.86
-1232.77
-1232.47
-1000.17
-274.611
675.623
1419.17
1779.81
1900.38
2127.65
2669.68
3355.3
3831.34
3776.16
3266.44
2685.38
2371.08
2326.42
2259.96
1767.77
897.711
17.5927
-687.386
-1193.6
-1722.07
-2427.04
-3179.73
-3710.79
-3866.42
-3789.75
-3773.59
-4021.74
-4383
-4519.12
-4257.09
-3599.98
-2871.68
-2318.97
-1983.94
-1772.82
-1502.26
-1103.67
-593.948
-8.32005
715.407
1433.8
1938.49
2148.53
2106.16
2097.47
2355.07
2860.37
3301.19
3502.85
3376.95
3152.27
3059.44
3198.15
3365.52
3176.96
2508.11
1682.71
1240.06
1296.31
1407.73
964.017
-66.8523
-1196.04
-1887.15
-2133.62
-2298.09
-2752.17
-3504.25
-4129.97
-4262.27
-3767.19
-2901.7
-2250.99
-2131.49
-2341.23
-2299
-1519.79
-122.184
1255.61
2125.67
2323.67
2273.98
2481.28
3089.77
3909.84
4453.39
4481.9
4154.64
3791.1
3579.37
3386.86
2959.45
2282.21
1554.52
920.575
260.563
-579.924
-1624.05
-2638.92
-3373.16
-3667.65
-3733.05
-3888.06
-4375.53
-4870.77
-4989.36
-4724.13
-3904.98
-3045.6
-2508.14
-2380.1
-2298.4
-1972.66
-1264.78
-395.334
386.011
963.712
1296
1490.5
1621.59
1822.34
2142.89
2556.58
2978.96
3242.96
3272.54
3055.02
2769.52
2598.04
2597.59
2611
2302.79
1672.04
1039.16
739.643
722.571
597.885
65.9123
-726.56
-1433.37
-1708.8
-1691.28
-1850.26
-2448.99
-3344.51
-4073.72
-4248.71
-3804.69
-3158.7
-2789.52
-2904.91
-3114.95
-2884.02
-2005.73
-691.349
582.643
1386.39
1794.6
2142.44
2771.2
3619.16
4550.34
4998.48
5000
4868.61
4475.8
4200.82
3862.89
3379.39
2850.62
2344.1
1787.43
1015.54
20.3364
-1068.76
-2037.29
-2693.79
-2961.76
-3078.22
-3344.35
-3848.28
-4523.23
-4966.8
-4898.97
-4246.88
-3315.85
-2614.38
-2242
-1975.55
-1542.81
-859.934
-84.5339
666.021
1292.19
1805.72
2250.66
2578.38
2720.14
2731.72
2769.37
2912.04
3080.78
3106.69
2925
2622.58
2436.93
2376.41
2140.76
1576.17
886.279
471.828
486.156
546.517
130.999
-864.05
-1934.09
-2544.87
-2472.01
-2235.75
-2471.4
-3311.89
-4291.85
-4745.17
-4404.79
-3693.11
-3200.92
-3205.19
-3479.1
-3457.76
-2882.96
-1835.62
-669.399
248.216
850.458
1282.13
1833.77
2696.51
3777.53
4752.15
5000
4988.26
5000
4990.4
4862.51
4561.01
4257.07
3859.84
3295.86
2427.32
1311.7
174.746
-821.98
-1609.42
-2207.24
-2667.27
-3261.89
-3936.08
-4672.15
-4989.36
-4989.36
-4892.87
-4281.48
-3635.19
-3191.47
-2870.76
-2463.17
-1784.87
-790.732
389.059
1488.83
2264.68
2664.65
2918.14
3204.71
3581.05
3946.88
4220.48
4362.09
4319.26
4094.73
3680.74
3240.37
2834
2355.38
1666.25
853.507
317.113
121.396
-35.2998
-557.517
-1539.61
-2588.01
-3188.12
-3140.25
-2897.89
-2997.89
-3715.52
-4715.75
-4989.36
-4962.07
-4386.96
-3697.68
-3707.74
-4093.84
-4373.85
-3922.97
-2870
-1629.54
-712.841
-190.929
196.695
826.832
1776.76
2828.21
3680.28
4167.59
4384.8
4612.53
4960.67
4996.65
5000
4862.81
4286.03
3816.7
3435.94
2993.75
2304.31
1282.13
131.761
-806.28
-1439.46
-1946.74
-2557.98
-3312.95
-4037.6
-4548.23
-4722.76
-4621.55
-4416.68
-4269.74
-4119.15
-3780.76
-3152.3
-2236.97
-1165.55
-90.3262
837.045
1611.07
2266.66
2959.6
3676.16
4402.48
4940.4
5000
4993.29
5000
4991.62
5000
4889.79
4268.5
3430.45
2612.98
2013.02
1565.34
967.828
-15.3317
-1237.5
-2373.69
-3028.37
-3272.87
-3504.56
-4191.4
-4946.22
-4989.36
-4989.36
-4986.76
-4989.36
-4825.04
-4880.22
-4989.36
-4955.97
-4391.69
-3271.19
-2111.21
-1260.21
-818.016
-427.496
211.938
1233.36
2362.85
3233.97
3661.99
3754.21
3893.07
4236.03
4531.28
4592.1
4345.48
3934.38
3535.47
3176.05
2854.88
2487.84
1878.89
1055.47
241.204
-430.393
-983.401
-1471.47
-1937.75
-2338.03
-2714.52
-3050.02
-3357.92
-3597.23
-3660.95
-3489.92
-3139.34
-2753.7
-2319.28
-1808.49
-1214.02
-619.86
-51.3047
602.611
1416.42
2325.5
3204.25
3830.57
4230.54
4380.08
4619.39
4948.48
5000
4981.86
5000
4634.17
3712.59
3306.83
3287.78
3077.73
2230.69
873.017
-527.946
-1501.66
-2065.94
-2666.66
-3520.1
-4678.25
-4989.36
-4968.93
-4989.36
-4977.16
-4989.36
-4977.01
-4989.36
-4970.91
-4989.36
-4162.43
-3070.59
-2599.29
-2377.05
-1974.33
-933.404
630.2
2303.7
3475.72
3915.93
3836.06
3766.4
3926.76
4258.59
4548.51
4694.53
4592.71
4038.33
3140.38
2088.48
1178.18
652.15
422.136
268.489
-106.484
-824.723
-1739.44
-2508.9
-2893.32
-2886
-2573.68
-2310.89
-2304.34
-2474.14
-2604.01
-2501.43
-2185.29
-1713.53
-1087.36
-397.163
207.213
639.651
933.074
1269.33
1787.13
2446.99
3102.43
3592.18
3816.4
3907.55
4012.57
4150.22
4163.78
3940.02
3548.73
3310.19
3381.06
3529.99
3259.12
2427.93
1353.77
443.628
23.2325
-99.167
-504.777
-1413.09
-2656.6
-3797.52
-4392.45
-4510.73
-4508.6
-4861.32
-4989.36
-4989.36
-4977.16
-4989.36
-4747
-4054.52
-3827.25
-3750.12
-3370.72
-2392.14
-1001.08
384.334
1317.5
1759.99
1999.15
2468.17
3211.72
3979.8
4448.06
4616.8
4579.3
4293.19
3799.94
3194.95
2582.34
2027.51
1573.58
1158.21
539.353
-436.795
-1574.21
-2441.83
-2841.65
-2853.84
-2767.11
-2848.05
-3112.66
-3337.5
-3253.97
-2850.03
-2246.57
-1634.42
-1014.5
-445.331
45.0297
530.512
1043.28
1631.65
2289.07
2980.18
3635.31
4129.33
4395.47
4462.69
4480.68
4563.14
4528.54
4177.8
3592.18
3055.48
2778.52
2633.41
2343.49
1589.73
641.48
-176.143
-606.447
-692.873
-902.461
-1449.68
-2352.96
-3246.8
-3749.05
-3686.4
-3346.64
-3286.43
-3711.4
-4358
-4728.7
-4495.79
-3838.83
-3129.13
-2769.55
-2721.23
-2656.14
-2224.62
-1415.99
-530.385
95.3309
304.919
367.872
683.397
1293.26
1821.27
2039.85
2054.18
2104.33
2249.14
2398.82
2426.56
2247.61
1852.82
1418.86
1131.23
971.029
658.856
36.3413
-760.704
-1422.39
-1715.05
-1775.26
-1892.33
-2278.88
-2737.54
-2945.76
-2810.1
-2482.38
-2142.77
-1811.85
-1480.32
-1161.59
-742.26
-205.104
473.657
1248.9
2088.63
2995.27
3733.02
4166.37
4384.8
4548.2
4908.85
5000
5000
4915.71
4243.35
3649.79
3423.13
3240.37
2695.44
1681.49
432.654
-563.31
-1026.54
-1273.17
-1748.28
-2636.63
-3683.2
-4336.96
-4398.85
-4096.13
-3891.27
-4053.6
-4428.12
-4535.12
-4119.3
-3298.78
-2406.92
-1881.66
-1763.68
-1719.78
-1353.95
-498.833
516.946
1246.47
1488.83
1273.45
1091.14
1234.73
1567.17
1775.09
1659.24
1398.89
1156.99
978.345
745.588
470.608
154.473
-186.508
-340.003
-353.417
-479.932
-855.666
-1361.27
-1661.09
-1603.48
-1357.46
-1222.71
-1374.07
-1751.64
-2059.08
-2037.59
-1726.64
-1335.81
-1029.13
-837.375
-718.634
-539.074
-173.857
350.343
901.521
1449.04
2062.11
2697.12
3210.35
3511.09
3768.54
4128.42
4772.12
5000
5000
4503.7
3590.96
3312.93
3570.68
3769.76
3253.79
2001.14
507.191
-440.605
-693.788
-772.745
-1294.81
-2434.21
-3759.72
-4532.83
-4594.42
-4288.34
-4137.89
-4424.31
-4797.91
-4761.02
-4192.92
-3285.97
-2463.63
-1981.65
-1711.7
-1306.24
-546.543
530.207
1554.83
2161.95
2256.6
2062.41
2027.96
2255.08
2443.02
2297
1905.87
1506.51
1225.58
864.482
336.472
-259.826
-816.492
-1147.26
-1217.38
-1270.73
-1548.45
-2096.43
-2630.69
-2832.5
-2699.59
-2422.78
-2255.87
-2312.57
-2433.6
-2379.33
-2065.64
-1638.54
-1201.98
-785.549
-387.103
-13.3502
352.477
740.558
1175.28
1681.8
2245.78
2807.33
3334.27
3698.42
3913.34
4066.23
4338.01
4812.51
5000
4805.5
3949.32
3166.45
3046.33
3362.93
3439.44
2640.42
1177.42
-211.049
-850.484
-837.985
-890.42
-1572.84
-2850.79
-4043.39
-4595.63
-4460.13
-3996.44
-3848.74
-4115.79
-4484.51
-4438.63
-3772.83
-2787.38
-1867.33
-1326.21
-1028.37
-648.822
22.9277
998.008
1909.22
2479.45
2642.4
2587.68
2717.55
2984.6
3011.88
2590.57
1959.83
1484.1
1189.46
836.892
220.627
-535.263
-1281.09
-1815.35
-2023.42
-2179.5
-2521.09
-3026.09
-3357.62
-3400.3
-3289.02
-3187.2
-3217.53
-3290.55
-3224.7
-2804.61
-2171.12
-1656.52
-1359.74
-1182.78
-864.05
-372.622
340.13
1126.05
1829.2
2427.17
2888.88
3304.55
3717.62
4116.83
4468.64
4810.84
5000
4988.42
5000
4859.16
3950.69
3245.86
3226.05
3623.88
3568.7
2475.64
804.73
-714.366
-1289.17
-1104.73
-966.481
-1606.22
-2928.23
-4306.63
-4989.36
-4903.39
-4364.1
-3960.62
-4111.22
-4569.87
-4752.33
-4262.73
-3157.02
-1901.93
-986.449
-410.577
58.5958
725.163
1619.15
2549.88
3337.62
3774.79
3895.36
3943.52
3943.68
3652.08
3094.04
2517.87
2057.99
1700.09
1200.28
495.911
-384.055
-1353.34
-2125.54
-2608.43
-2939.51
-3321.49
-3701.95
-4028.91
-4323.25
-4510.43
-4564.23
-4451.9
-4259.23
-3957.11
-3495.72
-2935.09
-2410.89
-1945.22
-1452.57
-814.053
-70.2057
697.268
1427.09
2040.46
2644.69
3279.09
3850.24
4368.34
4740.11
4972.26
4995.27
5000
4984.6
5000
4731.73
3734.7
3212.94
3408.04
3788.35
3399.97
1961.81
14.2393
-1332.16
-1538.7
-1132.78
-1180.64
-2116.7
-3709.27
-4863.6
-4989.36
-4675.96
-3968.39
-3817.19
-4243.07
-4711.63
-4605.39
-3747.98
-2502.04
-1474.52
-929.746
-616.202
-126.756
789.639
1946.57
2987.19
3664.43
3920.81
4061.04
4283.13
4497.6
4432.36
4088.33
3678.15
3250.28
2755.04
2078.87
1197.08
224.894
-701.562
-1437.94
-2016.56
-2589.38
-3254.88
-3899.5
-4517.44
-4959.17
-4989.36
-4989.36
-4988.14
-4989.36
-4894.85
-4641.82
-4233.77
-3699.66
-3093.61
-2374.46
-1550.74
-672.448
195.628
1020.26
1861.51
2730.65
3549.34
4213.17
4810.68
5000
4997.71
4997.87
5000
4988.42
5000
4839.8
4050.22
3821.12
4090.62
4002.36
2912.96
968.59
-844.691
-1632.29
-1430.62
-1256.09
-1875.1
-3403.8
-4825.65
-4989.36
-4989.36
-4700.05
-4234.84
-4471.25
-4890.43
-4989.36
-4459.36
-3360.21
-2114.87
-1175.61
-509.045
68.3511
706.261
1604.67
2631.42
3582.27
4202.96
4447.91
4548.36
4673.65
4704.14
4504.3
4205.7
3907.85
3598.58
3143.73
2479
1628.91
685.684
-200.531
-829.753
-1280.94
-1769.78
-2434.06
-3278.66
-4148.41
-4791.5
-4989.36
-4922.59
-4701.88
-4655.23
-4771.99
-4801.41
-4609.66
-4109.69
-3344.81
-2459.36
-1666.43
-1004.59
-453.562
190.751
998.77
1889.71
2761.6
3552.85
4209.05
4802.45
5000
4996.04
4999.54
5000
4949.09
4634.02
4803.83
5000
4862.81
3787.74
2033.6
509.782
-241.992
-370.793
-712.994
-1659.27
-3196.96
-4619.26
-4989.36
-4978.08
-4905.67
-4934.94
-4989.36
-4975.94
-4989.36
-4931.43
-3992.48
-2949.11
-2474.14
-2117.31
-1485.96
-285.129
1170.71
2462.99
3279.4
3637.3
3872.19
4463.3
4986.74
4995.27
5000
4940.71
4613.14
4357.21
3985.59
3342.5
2504.76
1570.68
808.693
254.313
-309.822
-1072.88
-1981.8
-2776.87
-3368.29
-3741.43
-3985.16
-4149.02
-4300.99
-4482.99
-4540
-4441.99
-4249.01
-3938.82
-3474.83
-2818.63
-2106.95
-1407.15
-746.375
-47.9513
728.516
1504.37
2197.61
2792.69
3412.62
4023.7
4570.15
4818.92
4571.98
4063.33
3736.22
3847.34
4196.71
4262.86
3753.6
2756.57
1661.37
883.84
504.599
118.805
-611.324
-1685.79
-2790.43
-3549.52
-3903.76
-4058.94
-4384.67
-4873.97
-4989.36
-4974.11
-4989.36
-4379.95
-3551.2
-3121.66
-2965.57
-2733.42
-1967.93
-662.693
748.332
1748.11
2184.51
2231.61
2524.57
3280.61
4166.52
4757.33
4875.62
4719.99
4495.46
4257.52
3983.61
3688.21
3278.18
2791.17
2229.62
1479.98
522.434
-464.536
-1217.38
-1656.83
-1965.95
-2359.82
-2962.98
-3625.89
-4043.69
-4047.66
-3755
-3482.61
-3424.07
-3411.27
-3106.41
-2507.37
-1774.96
-1164.79
-753.54
-272.477
443.781
1413.22
2342.12
2968.29
3352.87
3770.67
4214.23
4393.18
4153.87
3842.77
3904.35
4155.85
4015.93
3226.96
2055.25
1046.33
639.955
506.886
85.1182
-993.156
-2456.31
-3603.02
-4031.5
-3831.51
-3567.36
-3833.5
-4712.7
-4989.36
-4967.71
-4960.7
-3913.52
-2772.6
-2456.77
-2705.99
-2922.43
-2341.08
-928.679
778.36
1990.47
2288.46
1946.72
1822.34
2415.43
3341.28
4005.26
4139.7
3850.69
3417.95
2995.73
2793.46
2692.85
2475.03
2103.26
1697.65
1368.26
923.623
352.629
-251.9
-717.567
-967.091
-1076.23
-1271.49
-1749.35
-2340.62
-2714.68
-2679.77
-2420.34
-2233.77
-2209.53
-2209.07
-2117.92
-1849.65
-1358.83
-759.179
-235.742
241.814
798.938
1504.53
2250.66
2800.31
3154.25
3273.3
3235.5
3222.84
3473.13
4002.36
4295.94
3837.74
2688.58
1491.42
935.056
1189
1487.91
916.307
-750.339
-2739.06
-4067.47
-4154.51
-3565.07
-3151.84
-3829.38
-4879.3
-4989.36
-4953.99
-4989.36
-4365.77
-3181.56
-3002.61
-3375.91
-3519.04
-2769.24
-1206.86
574.869
1809.69
2146.55
1895.96
1834.68
2385.56
3279.4
4015.77
4352.49
4214.54
3614.74
2876.38
2339.37
2149.91
2157.83
2041.53
1633.02
865.091
1.74019
-633.274
-921.21
-1030.35
-1108.39
-1173.48
-1359.9
-1659.72
-1965.65
-1999.79
-1683.04
-1253.05
-982.791
-897.889
-863.44
-775.184
-551.268
-227.664
196.39
655.808
1001.67
1306.37
1675.24
2227.34
2832.93
3265.22
3305.16
2962.35
2784.31
3107.15
3764.73
4107.08
3591.41
2389.52
1222.23
754.581
1033.52
1371
907.161
-645.468
-2510.12
-3691.74
-3803.92
-3210.07
-2827.93
-3348.47
-4591.52
-4989.36
-4950.03
-4989.36
-4260.29
-3340.09
-3189.49
-3489.31
-3590.83
-2980.36
-1773.28
-414.388
606.116
1121.02
1284.12
1514.74
2006.01
2547.13
3008.23
3403.78
3687.44
3599.65
3051.82
2406.44
1905.26
1700.09
1651.47
1524.04
955.176
-24.0201
-901.852
-1224.54
-1133.69
-1068
-1234.14
-1623.9
-2066.55
-2244.28
-2051.92
-1672.83
-1412.48
-1292.22
-1116.32
-827.162
-466.061
-64.1086
343.788
709.158
1061.72
1445.38
1871.27
2334.65
2895.89
3483.19
3909.99
3876.76
3421
2963.26
3128.49
3925.84
4577.62
4276.12
2960.82
1477.39
726.229
937.494
1338.38
963.255
-434.813
-2197.95
-3468.89
-3814.29
-3504.1
-3307.62
-3710.33
-4703.86
-4989.36
-4979.6
-4904.61
-3976.02
-3222.11
-3101.99
-3283.84
-3189.49
-2435.89
-1240.39
-72.9494
639.193
813.418
859.451
1183.67
1784.69
2264.99
2457.35
2521.83
2591.03
2609.93
2324.28
1896.42
1462.91
1109.89
951.213
899.083
571.82
-172.485
-1025.01
-1544.33
-1574.52
-1380.93
-1321.49
-1606.07
-2080.27
-2319.28
-2052.53
-1516.59
-1187.81
-1261.89
-1417.36
-1313.1
-885.237
-256.015
342.874
683.245
834.606
967.98
1308.96
1969.43
2782.02
3496.6
3956.17
3965.32
3570.84
3121.94
3129.71
3827.37
4668.01
4830.96
3983.46
2624.11
1571.9
1368.26
1700.55
1639.27
614.957
-1035.53
-2456.62
-3091.17
-2970.6
-2855.67
-3230.34
-4274.01
-4989.36
-4973.66
-4975.03
-4291.24
-3564.16
-3386.27
-3477.27
-3373.32
-2678.25
-1534.12
-336.345
566.638
1076.51
1231.98
1481.66
2001.29
2555.82
2868.14
2952.74
2894.97
2699.41
2352.79
1893.52
1427.4
959.749
518.166
217.883
-108.922
-690.892
-1369.81
-1897.05
-2192.15
-2362.72
-2411.95
-2396.71
-2442.13
-2458.75
-2316.99
-1966.56
-1632.44
-1493.88
-1439.92
-1242.22
-788.903
-161.205
368.634
617.548
660.076
727.906
1080.47
1709.69
2459.79
3067.52
3437.31
3457.28
3121.33
2718
2758.4
3488.68
4377.33
4630.36
3881.18
2643.16
1723.87
1605.13
1944.28
1957.39
1039.01
-562.7
-1978.6
-2599.59
-2381.01
-2036.22
-2283.46
-3299.54
-4454.33
-4965.73
-4526.28
-3521.32
-2780.52
-2681.45
-3029.13
-3195.74
-2602.34
-1381.85
-99.4719
750.313
958.529
871.493
1046.63
1731.34
2627.31
3232.6
3336.86
3103.49
2735.84
2371.08
2131.31
1956.17
1645.52
1110.8
486.461
-119.592
-737.382
-1384.59
-1928.15
-2346.26
-2630.84
-2773.36
-2847.44
-2964.2
-3175.46
-3200.62
-2927.31
-2484.51
-2073.26
-1848.43
-1691.43
-1492.81
-1142.69
-557.67
81.3075
579.746
885.517
1155.77
1533.94
2101.13
2739.04
3299.67
3572.51
3425.42
2948.78
2597.59
2859.3
3608.18
4163.32
3813.35
2787.21
1793.22
1433.95
1681.65
1811.52
1109.59
-349.149
-1772.67
-2481.31
-2395.49
-2029.67
-2153.89
-2995.3
-4121.58
-4687.7
-4282.85
-3243.3
-2363.48
-2129.96
-2380.1
-2532.98
-1984.39
-800.182
473.657
1310.49
1535.93
1432.58
1470.08
2031.62
2906.1
3551.17
3674.34
3361.4
2880.95
2483.11
2276.42
2206
2099.76
1697.35
1028.65
286.323
-379.024
-981.114
-1455.01
-1828
-2163.19
-2475.52
-2777.02
-3024.26
-3221.04
-3294.51
-3185.98
-2932.04
-2682.82
-2486.64
-2324.46
-2129.51
-1826.33
-1432
-921.21
-473.835
-73.864
331.137
820.43
1438.68
2011.96
2421.07
2745.29
3061.73
3138.86
2971.64
2834.31
3137.03
3735.15
4026.14
3615.8
2678.22
1842.31
1519.62
1558.49
1442.94
635.23
-789.055
-2147.49
-2893.32
-2879.15
-2547.77
-2616.51
-3362.49
-4403.73
-4962.99
-4581.31
-3490.53
-2469.57
-2039.57
-2163.34
-2311.2
-1841.57
-668.332
791.164
1982.54
2495.76
2385.86
2232.06
2635.84
3540.66
4232.07
4347.46
3958.16
3345.85
2813.58
2474.58
2329.77
2114.39
1581.04
837.959
115.909
-572.303
-1185.67
-1617.65
-1908.94
-2167.76
-2402.2
-2661.94
-2978.99
-3235.52
-3245.58
-2965.88
-2602.03
-2420.95
-2470.18
-2488.02
-2290.32
-1874.34
-1348.31
-926.393
-657.358
-459.659
-121.726
443.171
1133.97
1713.96
2040.61
2300.96
2679.13
2991.46
2921.34
2657.95
2674.56
3094.96
3580.59
3594.77
2974.08
2020.65
1230.77
872.713
898.778
696.049
-234.066
-1591.89
-2813.45
-3393.44
-3219.06
-2980.36
-3231.56
-4141.7
-4914.51
-4989.36
-4277.82
-2908.87
-2009.7
-1867.33
-2262.27
-2274.62
-1316.76
414.82
2070.49
2821.5
2608.26
2202.49
2579.14
3706.8
4643.93
4742.09
4228.26
3640.65
3262.32
3121.33
2978.66
2601.7
1890.32
1081.23
506.886
113.775
-398.078
-1094.98
-1735.94
-2180.11
-2356.32
-2366.23
-2465.76
-2777.32
-3034.62
-3036.15
-2747.14
-2438.17
-2310.89
-2218.98
-1993.84
-1709.72
-1418.73
-1139.49
-842.405
-497.156
-17.923
568.619
1147.39
1576.93
1782.71
2031.16
2489.06
2968.75
3123.31
2821.04
2583.26
2815.56
3456.36
3828.59
3388.53
2312.39
1145.56
588.282
722.724
885.974
223.98
-1355.78
-3016.94
-3984.09
-3737.47
-3051.24
-2850.95
-3753.62
-4896.53
-4989.36
-4916.5
-3554.86
-2097.5
-1790.05
-2335.44
-2852.32
-2213.19
-480.236
1453.46
2547.44
2591.03
2146.09
2276.73
3189.16
4239.69
4646.98
4389.98
3925.69
3567.79
3393.56
3189.77
2753.52
2071.25
1263.08
712.359
402.168
23.0801
-596.844
-1294.05
-1837.15
-2142.46
-2139.11
-2072.04
-2133.77
-2398.85
-2726.26
-2853.99
-2754.46
-2497.01
-2164.72
-1787.3
-1546.01
-1464.31
-1330.63
-1039.95
-564.377
86.6425
754.124
1289.76
1647.35
1829.5
2024.76
2392.42
2860.37
3175.44
3093.89
2837.81
2836.14
3212.33
3474.96
3206.69
2395.62
1471.45
900.302
810.674
844.209
250.045
-1121.96
-2584.65
-3441.76
-3358.99
-2894.69
-2859.02
-3759.26
-4878.69
-4989.36
-4947.44
-3818.25
-2460.12
-2195.96
-2706.75
-3221.8
-2634.19
-1003.98
888.413
2088.48
2286.79
1913.49
1770.21
2382.51
3467.95
4198.69
4240
3811.67
3288.85
2900.92
2759.01
2654.29
2326.72
1724.17
1087.79
670.593
337.691
-67.1572
-546.238
-1024.56
-1464.77
-1754.69
-1807.43
-1802.09
-1903.61
-2160.14
-2495.94
-2631.15
-2456.16
-2087.13
-1696.92
-1496.63
-1523.76
-1530.92
-1285.36
-748.814
-36.9765
646.967
1110.8
1350.73
1564.58
1874.77
2411.62
3043.74
3468.1
3401.79
3014.32
2855.8
3186.87
3688.66
3751.77
3097.24
2029.18
1169.18
766.166
778.665
506.581
-536.787
-2063.5
-3290.09
-3698.29
-3276.07
-2918.01
-3231.86
-4347.79
-4989.36
-4989.36
-4510.12
-3189.95
-2456.62
-2472.77
-2899.88
-2798.51
-1799.5
-207.696
1181.53
1939.4
1979.19
1729.2
1924.31
2745.29
3567.03
3803.29
3552.85
3133.83
2797.27
2582.65
2401.87
2058.91
1461.54
865.091
572.43
427.776
60.4249
-520.325
-982.334
-1284.75
-1420.11
-1470.26
-1558.66
-1820.53
-2159.53
-2327.36
-2230.11
-1967.02
-1797.82
-1710.02
-1667.19
-1578.33
-1365.99
-1060.07
-708.573
-314.395
213.615
679.282
1024.07
1341.73
1717.62
2192.13
2733.4
3269.18
3524.96
3355
3070.26
3069.65
3443.71
3815.64
3698.27
3023.93
1995.65
1081.23
674.099
646.51
236.936
-757.045
-2012.75
-2947.89
-3218.45
-3130.8
-3170.59
-3669.94
-4406.17
-4945.76
-4794.86
-4036.68
-3236.44
-2820.77
-2870.15
-2934.63
-2420.03
-1184.76
228.248
1247.99
1582.42
1407.28
1470.84
2215.6
3182.45
3662.29
3451.94
2936.43
2614.2
2586.46
2585.54
2364.98
1770.36
1005.78
509.477
383.267
257.209
-162.272
-690.434
-1165.09
-1508.97
-1671
-1740.51
-1864.59
-2144.14
-2426.59
-2463.78
-2257.39
-2040.79
-1975.55
-1932.42
-1837.76
-1618.26
-1201.68
-734.334
-254.186
193.952
599.105
983.528
1418.56
1877.97
2331.75
2791.78
3217.2
3566.57
3576.17
3268.27
2980.18
3130.93
3669.61
4009.83
3680.28
2620.6
1415.97
664.496
661.448
858.537
419.24
-727.474
-2153.13
-3103.37
-3261.13
-2982.95
-2850.03
-3315.7
-4204.66
-4868.63
-4664.38
-3753.93
-2852.47
-2486.8
-2689.22
-2725.96
-2036.07
-786.616
406.284
971.486
967.065
919.356
1401.79
2365.29
3057.46
3023.77
2578.84
2309.95
2448.51
2712.52
2732.33
2338.15
1599.95
911.887
671.051
694.372
485.851
-36.5192
-717.871
-1364.17
-1781.36
-1883.79
-1874.95
-2027.07
-2375.52
-2665.75
-2694.56
-2464.24
-2249.92
-2140.78
-2047.19
-1935.46
-1541.59
-1021.05
-537.244
-133.006
222.151
598.343
1163.39
1908.61
2579.45
3048.62
3303.78
3464.59
3487.61
3403.62
3430.15
3722.96
4054.64
4013.64
3455.6
2539.36
1703.14
1234.58
1223.75
1191.74
485.546
-715.433
-1898.88
-2496.7
-2463.17
-2306.93
-2564.08
-3383.38
-4313.95
-4710.87
-4227.52
-3339.32
-2791.5
-2908.87
-3292.68
-3115.87
-2011.98
-588.765
311.931
470.456
267.879
387.84
1210.19
2354.16
2975.76
2724.71
2235.26
2107.68
2404
2791.47
2865.55
2537.38
1862.27
1287.32
1108.67
1137.78
911.887
362.079
-243.669
-817.254
-1261.12
-1553.33
-1838.83
-2214.71
-2576.88
-2777.32
-2725.8
-2620.02
-2657.36
-2785.1
-2797.29
-2529.48
-2007.72
-1445.87
-1080.8
-764.514
-295.342
361.013
1174.37
1919.59
2451.25
2756.87
3003.81
3336.56
3571.9
3731.5
3880.11
3998.55
3958.61
3754.36
3371
2859.3
2286.94
1675.09
1296
839.788
106.153
-718.329
-1454.25
-1812.3
-1965.49
-2174.01
-2722.14
-3487.33
-4002.69
-3967.63
-3444.96
-2978.83
-2928.38
-3253.66
-3397.09
-2837.84
-1681.82
-603.398
-211.049
-313.023
-310.737
252.331
1335.33
2313.76
2558.72
2196.85
1943.82
2140.3
2607.95
2934.6
2935.21
2580.36
2016.07
1686.98
1716.4
1705.88
1314.6
678.52
142.431
-237.724
-562.548
-903.681
-1451.05
-2093.53
-2531.91
-2598.53
-2554.93
-2713
-3066.48
-3391.3
-3448.77
-3199.4
-2766.2
-2339.25
-2027.23
-1673.75
-1082.02
-260.893
550.633
1202.87
1650.86
2093.05
2700.47
3410.94
3922.95
4001.14
3844.9
3716.86
3845.36
4084.06
4142.29
3779.97
3047.7
2233.59
1685.61
1380.75
911.582
196.695
-660.559
-1348.92
-1713.68
-1997.96
-2433.14
-3109.46
-3674.21
-3845.84
-3558.21
-3157.78
-3015.57
-3121.2
-3236.74
-2976.24
-2188.8
-1237.96
-655.681
-514.38
-483.59
-195.806
491.033
1330
1952.66
2091.37
1907.09
1863.95
2114.24
2541.34
2829.43
2880.19
2588.59
2054.03
1756.64
1779.05
1741.55
1356.06
754.733
211.633
-259.826
-684.185
-1102.29
-1499.52
-1949.95
-2316.08
-2509.2
-2726.72
-3034.93
-3316.16
-3423.77
-3434.59
-3288.57
-3006.42
-2699.13
-2436.34
-2076.16
-1484.74
-744.241
-35.6046
523.805
972.096
1481.36
2213.62
3037.8
3613.97
3618.09
3239.61
3007.46
3229.86
3874.63
4373.98
4141.07
3205.47
2100.06
1428.01
1378.77
1585.31
1405.91
679.129
-405.852
-1362.79
-1816.57
-1839.28
-1696.15
-1870.68
-2399.45
-2930.67
-3093.46
-2797.29
-2350.53
-2013.66
-1904.37
-1849.04
-1617.04
-1098.48
-551.725
-173.552
59.6628
291.505
720.132
1244.03
1649.79
1703.9
1587.75
1626.01
1962.11
2378.7
2496.98
2284.5
1953.27
1726.16
1634.09
1504.68
1236.86
787.201
241.814
-297.323
-833.564
-1285.06
-1657.89
-2021.74
-2398.69
-2739.83
-2961.76
-3097.27
-3330.48
-3526.96
-3491.45
-3212.05
-2879.91
-2651.57
-2443.81
-2131.03
-1593.72
-950.476
-331.315
123.987
434.635
820.582
1340.51
1886.21
2278.25
2436.01
2355.07
2247
2394.86
2791.93
3094.65
2944.05
2343.03
1665.79
1294.18
1335.03
1544.16
1480.75
988.405
275.348
-332.229
-575.504
-484.657
-330.552
-364.696
-637.999
-924.716
-989.04
-878.53
-734.334
-588.308
-370.336
-105.264
97.16
234.193
331.899
434.025
616.481
930.33
1251.5
1348.74
1194.03
987.338
949.993
1076.2
1257.59
1371.3
1337.46
1192.81
974.534
720.59
402.32
110.269
-6.33848
-10.7589
-151.297
-597.758
-1229.11
-1809.86
-2183.62
-2320.34
-2384.36
-2531.91
-2891.49
-3329.87
-3714.45
-3784.87
-3464.32
-3021.82
-2652.48
-2370.8
-2083.01
-1802.4
-1485.35
-1107.48
-588.308
43.8103
665.411
1148.61
1417.18
1555.89
1644.3
1734.54
1894.59
2090.92
2288.16
2363
2224.59
1862.88
1430.45
1174.21
1160.34
1234.88
1140.22
765.099
256.142
-214.098
-488.163
-506.302
-434.813
-387.865
-444.416
-490.906
-460.573
-452.037
-431.764
-299.457
-35.757
217.426
331.746
315.589
315.589
464.663
793.298
1135.5
1273.6
1199.21
1016.45
1048
1330.45
1653.75
1790.94
1665.18
1412.46
1226.35
1243.87
1308.81
1179.55
773.025
321.229
116.213
65.6074
-93.3748
-554.926
-1125.92
-1578.02
-1790.35
-1826.33
-1915.5
-2132.25
-2465.76
-2770.01
-2891.03
-2810.55
-2631.75
-2438.48
-2184.84
-1881.81
-1568.72
-1322.25
-1109.92
-805.822
-377.348
148.528
646.815
935.36
1001.97
888.87
813.723
856.25
1005.48
1195.86
1316.58
1217.2
851.83
399.729
66.9793
57.5288
206.146
286.628
146.394
-247.937
-711.317
-988.736
-915.875
-600.35
-279.489
-136.055
-210.592
-368.507
-420.637
-242.754
148.833
623.798
900.454
880.944
692.543
600.172
821.497
1239.61
1552.08
1550.86
1298.44
1030.93
975.601
1143.88
1327.4
1376.33
1291.89
1146.32
1013.56
955.481
914.478
819.515
596.361
341.349
219.102
131.456
-53.4387
-404.632
-777.776
-992.546
-1081.41
-1169.97
-1358.07
-1651.8
-1913.06
-2027.38
-2021.28
-1931.2
-1822.06
-1783.49
-1728.92
-1584.12
-1296.94
-944.379
-638.761
-410.425
-213.945
101.276
530.512
872.103
962.645
851.22
660.381
603.373
721.199
941.61
1099.22
995.722
676.69
259.496
-29.0502
-69.596
47.1637
145.937
24.6044
-316.834
-668.942
-865.574
-826.4
-612.391
-309.213
-99.6243
-120.507
-248.394
-264.551
1.58776
443.933
855.946
1051.05
916.764
648.949
568.162
798.328
1158.21
1355.6
1294.18
1066.14
823.783
701.841
724.858
752.447
725.163
648.034
508.105
365.433
308.12
325.954
342.264
263.916
72.3143
-77.9795
-174.161
-251.442
-328.723
-485.114
-652.48
-828.686
-987.821
-1084.46
-1148.63
-1142.84
-1131.41
-1210.67
-1263.72
-1252.28
-1208.08
-1137.05
-1063.27
-882.493
-682.051
-600.502
-600.654
-552.335
-346.71
-5.27149
293.944
368.481
170.478
-117.153
-247.632
-152.669
95.1784
307.815
277.787
-34.9949
-437.557
-659.492
-570.474
-306.469
-144.133
-208.763
-463.774
-697.446
-699.733
-460.421
-111.971
166.667
249.893
200.506
151.272
285.866
660.076
1076.66
1425.57
1506.05
1337.16
1120.87
1042.82
1179.85
1399.2
1498.28
1448.28
1234.27
909.448
619.073
500.484
601.086
703.213
622.579
331.442
-40.7872
-259.521
-192.148
19.2694
124.292
-27.8308
-302.811
-536.177
-556.908
-413.626
-316.072
-353.721
-563.31
-799.115
-861.763
-762.075
-624.433
-570.169
-659.187
-793.78
-868.47
-865.422
-762.228
-558.28
-365.611
-293.36
-387.103
-530.538
-512.094
-288.33
44.7248
263.459
221.998
-38.6532
-307.993
-413.016
-360.428
-222.176
-110.752
-152.517
-364.696
-623.366
-814.816
-843.015
-722.597
-576.876
-514.228
-573.522
-713.146
-777.471
-651.26
-360.733
-23.4104
190.598
243.643
211.633
280.683
523.958
834.606
1125.9
1271.92
1230.46
1099.53
976.211
955.633
1065.84
1210.04
1228.33
1057.3
668.917
286.17
125.054
221.998
383.419
367.414
88.7765
-334.973
-568.34
-460.878
-108.465
138.62
42.286
-272.173
-481.913
-400.822
-105.874
135.419
142.583
-79.9611
-300.524
-289.397
-101.758
146.089
261.477
172.764
-39.8726
-224.768
-186.813
31.1588
282.207
419.392
346.684
135.572
-80.1135
-135.902
41.219
305.071
412.381
221.389
-144.743
-413.473
-435.88
-307.536
-245.803
-338.021
-541.36
-717.414
-837.527
-856.886
-875.787
-879.597
-860.391
-833.259
-818.321
-865.422
-910.083
-834.631
-631.14
-334.211
-54.2008
91.0629
82.2221
61.9492
239.832
540.268
837.045
1005.02
953.957
707.938
461.31
411.923
612.366
872.408
890.394
619.682
161.332
-233.151
-348.691
-244.278
-145.81
-237.724
-525.508
-808.109
-923.954
-817.102
-600.197
-432.527
-455.696
-545.323
-544.866
-407.528
-206.629
-93.5272
-68.9863
-102.52
-51.1523
98.0746
305.834
525.33
686.903
707.481
585.996
453.841
488.899
686.446
917.984
1055.02
965.389
722.419
482.193
391.346
511.764
732.784
819.058
653.521
273.671
-63.3465
-177.515
-85.2961
31.3112
-24.4774
-235.133
-474.902
-603.093
-604.77
-565.139
-599.435
-623.976
-594.862
-525.965
-501.119
-506.607
-480.694
-427.344
-298.085
-85.4485
143.346
299.432
363.146
385.401
479.754
630.2
840.55
953.652
808.998
523.653
290.438
274.281
384.334
404.15
211.938
-118.678
-391.524
-514.99
-509.503
-496.089
-648.364
-886.761
-1065.1
-1111.14
-1020.75
-944.684
-969.987
-1053.06
-1024.1
-870.757
-680.679
-566.815
-595.929
-628.396
-592.728
-429.63
-227.664
-36.2143
127.798
220.322
274.891
316.504
391.65
532.494
711.444
879.724
979.412
973.01
928.654
812.656
730.955
768.604
861.128
958.987
887.193
674.556
369.244
94.4163
20.184
-13.8074
-68.6815
-199.617
-395.791
-555.993
-627.787
-634.646
-632.207
-608.886
-559.194
-465.603
-383.902
-304.945
-228.426
-119.287
34.9694
229.62
446.829
645.443
743.301
739.338
762.355
896.796
1083.06
1197.69
1129.4
903.198
709.005
616.634
591.483
522.434
342.721
100.666
-119.745
-269.276
-342.137
-414.845
-588.003
-798.963
-975.322
-1050.01
-1020.9
-968.92
-960.689
-1014.04
-1019.22
-966.481
-878.988
-792.561
-747.9
-704.305
-640.133
-561.023
-478.407
-388.17
-327.961
-268.819
-212.878
-98.7097
-10.7589
47.0112
118.347
186.483
316.961
453.231
541.03
559.016
507.496
486.613
630.352
815.552
907.009
830.185
587.215
330.679
157.979
120.939
135.572
107.982
-27.9832
-238.029
-434.051
-529.928
-532.214
-518.496
-496.851
-495.022
-480.389
-454.019
-384.817
-259.521
-124.013
14.849
121.548
237.851
373.054
517.708
679.739
805.187
887.041
949.689
971.638
925.757
821.954
704.585
593.77
547.127
486.461
368.177
223.37
73.8385
-4.2045
-27.0687
-53.896
-103.435
-176.753
-322.626
-462.86
-510.417
-482.218
-451.275
-473.225
-565.596
-673.515
-736.163
-705.372
-620.775
-564.681
-598.825
-651.718
-652.48
-599.892
-478.103
-378.872
-300.067
-282.385
-296.561
-276.136
-172.027
15.0014
185.568
289.676
270.775
170.325
137.858
288.304
529.445
645.138
582.795
354.915
118.957
43.9627
134.962
265.288
277.939
115.756
-131.939
-291.378
-292.75
-196.264
-151.907
-206.933
-307.993
-388.17
-308.755
-162.577
-24.325
86.1852
89.0813
81.6124
82.3745
186.788
380.676
509.934
554.291
519.08
492.405
527.616
561.455
521.976
422.746
342.874
353.086
382.352
364.366
286.78
176.422
111.031
89.3862
113.012
158.741
107.068
-36.6716
-179.801
-212.878
-112.733
-58.6212
-136.512
-355.093
-575.809
-658.425
-610.257
-526.117
-545.171
-695.465
-910.997
-1085.98
-1068.91
-890.115
-699.58
-650.803
-730.675
-840.423
-843.32
-647.145
-346.71
-45.0551
126.579
153.711
134.657
173.526
324.887
587.673
844.971
949.536
821.192
579.289
436.159
485.851
621.054
664.649
538.591
271.08
36.951
-22.191
101.123
212.853
200.506
77.6492
-46.2746
-53.2862
34.817
166.972
233.278
182.52
102.647
85.1182
180.233
282.817
307.51
234.65
184.958
224.894
279.921
292.572
204.926
105.086
93.8066
202.64
320.162
304.919
198.524
87.2522
93.1969
212.243
379.304
439.513
352.934
163.009
32.3782
91.825
254.618
337.691
211.481
-21.8861
-179.039
-202.665
-169.131
-185.289
-316.834
-525.355
-774.879
-910.388
-933.404
-912.217
-896.974
-951.848
-1036.9
-1107.02
-1097.72
-984.163
-795.762
-611.629
-463.774
-364.087
-290.311
-196.721
-42.159
166.057
374.579
463.292
399.577
270.318
243.033
392.26
597.58
709.158
610.384
393.022
220.627
203.097
309.339
430.977
454.146
347.904
204.469
123.682
161.332
284.646
400.644
404.15
297.755
193.952
132.676
183.282
269.251
320.162
340.282
302.938
230.534
104.324
5.39846
-50.2377
-1.00351
117.28
175.051
115.451
-25.2395
-96.8806
4.63632
228.553
443.324
536.304
454.603
267.117
154.625
226.724
404.607
493.167
399.272
195.323
7.68487
-49.1707
-36.9765
-81.9427
-221.262
-417.284
-574.284
-658.425
-718.176
-779.757
-839.356
-912.064
-967.853
-978.371
-946.97
-879.445
-793.018
-727.474
-655.986
-571.083
-494.565
-411.187
-312.109
-184.222
-26.0017
81.3075
81.3075
-1.15594
-25.392
97.3124
261.934
370.615
382.048
302.175
213.31
217.426
322.448
492.253
580.051
581.576
483.412
378.237
407.655
514.05
665.106
740.405
650.168
453.841
284.799
221.236
312.845
416.954
443.476
330.222
143.65
-22.8007
-117.153
-102.52
-21.7337
29.7869
47.9258
-9.08219
-114.257
-155.108
-72.1873
144.565
321.381
397.443
356.135
272.604
229.62
280.683
400.186
488.747
499.569
394.547
275.348
172.612
121.091
89.691
22.6228
-61.5173
-152.059
-282.233
-414.693
-539.531
-608.123
-647.755
-665.589
-673.667
-676.106
-632.817
-583.887
-533.891
-514.685
-507.521
-478.712
-422.162
-328.266
-195.959
-83.0097
-38.0435
-129.195
-253.729
-282.843
-199.465
-47.9513
50.8219
46.7064
-41.3969
-97.4903
-47.494
136.486
343.636
484.174
505.666
440.123
391.193
437.684
615.567
823.174
930.635
895.577
678.672
421.069
313.303
382.657
549.413
636.45
518.623
236.936
-20.2094
-118.983
-46.5794
79.6308
131.151
59.2055
-63.0416
-143.676
-115.477
25.8238
190.598
268.336
275.196
222.151
180.233
161.637
225.961
338.91
431.434
451.555
329.765
153.101
26.4335
-19.4473
-12.2832
-2.68022
-94.7466
-254.034
-421.247
-605.837
-728.389
-734.181
-671.533
-625.5
-635.256
-668.028
-677.478
-598.978
-476.883
-391.371
-364.544
-361.648
-343.966
-303.268
-245.955
-182.85
-115.172
-102.216
-185.746
-266.838
-307.231
-300.372
-231.779
-171.418
-143.371
-128.586
-83.0097
14.3917
140.907
274.129
377.475
381.133
346.532
367.872
532.189
771.653
964.474
964.627
771.196
504.752
405.369
541.792
761.44
867.225
682.025
362.689
100.666
13.4771
72.0094
164.686
128.713
-28.5929
-190.471
-231.627
-150.078
-15.3317
94.8736
135.115
122.463
174.898
209.804
236.936
276.263
321.839
383.267
389.516
315.894
197.457
106.153
53.7181
48.9928
-9.08219
-112.733
-262.722
-402.346
-539.836
-626.72
-652.023
-637.542
-596.234
-584.802
-562.09
-539.988
-501.881
-463.927
-421.399
-384.664
-346.71
-263.332
-183.307
-157.852
-159.833
-142.609
-112.733
-101.758
-160.9
-234.675
-270.039
-277.05
-240.163
-200.074
-190.014
-204.952
-192.453
-150.535
-49.628
86.3376
153.863
177.032
177.947
239.375
384.182
518.318
568.772
476.248
332.813
293.639
404.454
580.509
660.99
574.411
352.934
169.411
108.287
192.123
277.939
221.998
55.0899
-87.8874
-80.7232
32.8355
160.875
191.97
155.387
146.394
177.794
251.417
341.349
387.383
392.108
400.339
392.87
344.855
313.455
273.671
254.77
224.437
136.029
8.59944
-123.708
-262.722
-361.038
-400.822
-429.173
-447.007
-448.836
-418.046
-388.932
-373.842
-374.604
-372.622
-326.132
-223.396
-114.562
-71.8824
-102.978
-190.929
-227.511
-164.406
-65.1756
-0.698656
-38.5007
-140.323
-250.68
-289.549
-209.982
-104.045
-39.7202
-34.3852
-69.7484
-116.849
-115.172
-13.1977
118.957
217.73
217.426
187.702
193.342
227.333
282.207
267.727
228.095
174.441
145.632
171.697
190.293
178.709
89.0813
-20.9716
-78.2844
-56.4872
4.02661
-18.3803
-129.957
-246.26
-267.905
-185.746
-91.2408
-25.8492
-29.2027
-98.7097
-97.4903
-29.5075
101.276
209.499
244.558
222.456
186.178
183.129
227.791
301.871
327.783
274.738
164.686
36.0364
-63.9562
-97.4903
-115.934
-150.992
-173.399
-201.141
-210.287
-204.19
-184.679
-170.503
-195.959
-219.128
-148.554
-12.7405
90.1483
71.5521
-43.8357
-147.029
-157.394
-46.7319
61.3395
66.522
-21.2764
-159.986
-231.932
-214.098
-109.837
19.5742
87.8619
101.733
59.9676
40.3044
84.8133
180.538
300.804
355.373
346.684
285.408
224.132
231.296
284.189
319.705
266.965
147.918
47.0112
21.5558
71.7045
128.865
88.624
-1.15594
-117.458
-183.307
-169.894
-139.256
-121.117
-127.823
-138.341
-155.26
-145.657
-109.837
-71.8824
-16.2463
18.9645
66.3696
101.428
96.2454
71.2473
42.7433
59.9676
119.414
176.118
181.453
122.311
36.7986
-27.0687
-63.0416
-51.1523
-52.9814
-65.0232
-103.435
-128.281
-120.05
-109.837
-96.5757
-93.5272
-98.4049
-140.78
-121.117
-51.762
38.7801
80.0881
11.1907
-79.6563
-130.262
-107.855
-14.5696
78.5638
102.952
47.4685
-26.3065
-69.1387
-25.5444
60.2725
149.138
227.943
239.68
243.186
246.997
281.75
382.2
476.858
519.69
483.869
358.879
281.902
277.634
313.303
350.343
268.946
115.909
-13.8074
-90.9359
-76.7601
-64.4135
-110.447
-216.232
-308.45
-375.519
-374.147
-310.737
-272.63
-275.983
-324.608
-335.583
-289.397
-167.76
-64.5659
-8.47247
11.0383
12.715
25.2141
42.286
60.12
81.6124
121.244
133.743
115.909
65.9123
18.2024
-8.01519
-1.4608
15.916
-3.44236
-39.1105
-78.5893
-104.045
-115.934
-106.026
-87.8874
-88.4971
-95.3563
-95.3563
-60.1455
-24.9347
-2.68022
-14.2647
-53.4387
-97.3379
-118.83
-106.331
-102.825
-81.9427
-60.4504
-74.1689
-112.886
-142.304
-135.445
-75.0834
18.5072
129.322
186.483
203.859
201.573
232.973
314.827
413.753
500.789
495.454
421.679
319.247
280.988
312.083
342.416
307.053
177.337
9.97129
-110.294
-137.884
-123.251
-155.718
-245.345
-412.711
-528.861
-542.427
-450.97
-328.114
-287.568
-325.827
-389.694
-403.413
-318.815
-150.84
-36.5192
48.2307
54.1753
53.4132
75.6677
100.513
141.669
160.875
180.69
156.607
108.745
76.2774
54.6326
72.6191
102.19
91.2153
14.2393
-83.1621
-113.343
-103.74
-95.8136
-86.9728
-99.3194
-155.413
-189.557
-181.63
-89.2592
-28.4405
-42.0066
-120.812
-210.744
-197.788
-127.519
-43.5309
-48.7134
-98.4049
-125.842
-123.403
-83.6194
-22.0385
17.7451
76.5822
145.175
211.786
315.894
408.875
517.708
606.879
672.727
732.174
782.933
797.108
799.242
747.112
716.627
680.349
616.939
539.81
436.769
328.393
195.019
111.793
73.991
32.0733
-102.978
-288.177
-471.548
-555.383
-526.117
-477.493
-492.278
-599.587
-719.396
-750.796
-651.718
-520.02
-392.133
-332.077
-341.984
-361.8
-333.449
-259.673
-167.76
-73.4067
-22.9531
-14.5696
-19.1424
-13.0453
8.44701
44.1151
79.6308
93.0444
65.455
9.51401
-47.494
-50.5425
-50.0853
-27.2211
-38.5007
-104.502
-153.279
-167.15
-151.755
-128.586
-191.233
-287.415
-324.913
-265.161
-149.621
-77.9795
-93.9845
-183.002
-233.761
-173.399
-67.6145
41.6763
104.629
129.322
150.662
207.67
313.607
440.885
557.035
620.292
634.62
612.823
609.317
658.552
729.278
778.97
769.062
727.144
659.771
615.872
591.788
531.122
435.245
340.282
271.233
215.901
139.535
21.2509
-80.266
-161.51
-198.55
-209.525
-244.126
-324.303
-392.743
-436.49
-403.87
-350.216
-300.219
-282.843
-338.174
-389.694
-417.894
-393.81
-357.38
-340.003
-342.289
-341.375
-328.418
-322.931
-263.179
-177.82
-127.976
-104.959
-134.988
-149.011
-136.359
-96.8806
-70.3582
-102.368
-172.332
-249.156
-276.136
-265.771
-220.957
-230.407
-331.619
-429.935
-480.846
-440.3
-353.874
-323.236
-362.257
-450.208
-478.103
-422.466
-294.427
-147.487
-56.7921
1.2829
77.4968
174.288
301.261
448.811
576.088
657.027
671.508
680.654
720.59
798.328
860.518
850.001
770.586
666.63
594.532
563.437
580.051
513.745
381.133
261.782
177.794
159.503
133.895
76.4298
-0.698656
-40.6347
-34.8425
-3.89964
-3.44236
-15.3317
-43.3784
-53.896
-34.3852
-2.37536
37.2559
13.782
-39.7202
-99.6243
-138.341
-133.158
-148.096
-173.857
-192.148
-207.086
-199.465
-222.176
-245.345
-228.731
-171.723
-108.008
-105.112
-129.348
-158.461
-132.091
-80.5708
-23.7153
-1.15594
-22.3434
-67.7669
-120.812
-126.452
-145.962
-192.3
-254.034
-300.677
-335.43
-366.83
-398.992
-454.324
-504.473
-493.803
-452.19
-406.157
-358.752
-302.201
-236.657
-168.979
-72.6446
59.053
197.153
327.631
400.796
457.499
523.805
586.453
671.813
698.945
654.588
560.693
488.899
469.998
459.938
465.426
342.264
154.778
3.11204
-32.4036
25.2141
49.9074
-2.68022
-129.348
-243.669
-246.107
-162.882
-60.9076
-18.6851
-66.2426
-148.858
-194.892
-143.828
-27.2211
75.6677
86.6425
39.9996
10.7334
-8.92976
15.0014
28.4151
5.0936
-5.8812
-20.5143
-38.1959
-64.7183
-84.3815
-71.5776
-23.8677
26.4335
43.0481
13.4771
-25.5444
-46.2746
-24.6298
26.4335
47.4685
5.24603
-81.0281
-146.877
-160.443
-167.912
-169.589
-203.885
-261.045
-310.889
-328.571
-324.76
-346.252
-372.775
-375.366
-345.948
-274.307
-222.634
-189.862
-144.438
-123.708
-44.7503
68.5036
171.697
276.263
356.135
408.875
445.915
478.839
521.519
566.333
600.172
633.401
620.292
564.808
469.389
347.599
208.28
129.475
113.47
131.304
100.971
-48.561
-231.779
-350.216
-371.403
-289.702
-138.798
-69.7484
-111.666
-213.335
-260.893
-227.206
-163.949
-95.2039
-95.8136
-155.87
-230.407
-172.79
-16.0939
101.276
156.912
138.468
95.3309
34.2073
-3.28993
-18.99
-43.9882
-42.7687
-37.5862
-61.2125
-73.4067
-86.9728
-89.1068
-49.1707
-35.4522
-35.6046
-63.8038
-127.671
-154.346
-148.249
-117.611
-150.535
-229.188
-279.642
-253.729
-152.059
-27.9832
22.7752
-21.7337
-78.8941
-94.1369
-92.765
-59.0785
-59.2309
-130.872
-160.748
-128.128
22.3179
226.266
394.394
445.153
322.753
166.515
62.7113
52.8035
125.816
253.398
379.914
441.342
426.252
413.143
423.508
419.24
459.176
457.957
357.659
189.074
8.44701
-97.3379
-87.7349
37.2559
199.287
305.681
254.008
92.7396
-22.191
-55.8775
-29.9648
41.3714
90.1483
38.7801
-63.1941
-155.87
-155.87
-57.2494
-7.40548
5.70331
-45.0551
-158.919
-224.768
-212.268
-141.694
-48.561
41.6763
97.0076
57.986
8.75187
-34.2328
-37.1289
14.0868
20.6412
-3.59478
-84.3815
-200.074
-274.916
-254.948
-201.751
-181.478
-230.407
-327.047
-343.509
-285.586
-226.139
-207.391
-215.012
-290.311
-350.52
-308.755
-182.393
-53.5911
12.2577
37.2559
43.8103
90.3007
198.524
284.189
355.982
335.557
231.144
220.169
297.755
373.512
386.468
366.347
227.181
66.8269
30.549
64.6929
209.804
301.718
273.671
187.245
94.4163
36.7986
24.6044
55.0899
104.172
124.749
60.7297
-22.6483
-123.555
-169.894
-116.239
-31.0318
67.8939
125.207
98.3794
12.715
5.39846
18.8121
76.125
179.776
165.905
81.1551
14.3917
-50.2377
-75.6931
21.4034
82.2221
102.19
115.909
49.2977
-37.5862
-57.2494
-17.1609
46.2491
74.9055
64.5404
29.1772
-36.9765
-36.824
-6.79577
-42.9212
-68.0717
-125.994
-205.257
-249.766
-227.968
-197.635
-129.043
-118.678
-191.996
-168.979
-170.808
-152.364
-57.5542
6.61788
-43.8357
-105.264
-46.427
37.8656
134.962
181.91
171.087
129.932
93.6541
133.438
241.357
353.544
307.358
264.983
207.823
137.553
138.163
208.585
258.276
126.274
-11.2162
-124.927
-183.612
-146.572
-84.5339
-14.5696
3.72175
-24.0201
-72.797
-109.837
-142.152
-93.9845
-41.5493
-58.0115
-65.1756
-75.3883
-109.532
-149.621
-68.529
5.0936
33.1403
19.7267
-33.0133
-67.462
-49.7804
-13.1977
12.1053
8.75187
4.33146
34.0549
12.2577
7.8373
-55.8775
23.3849
79.9356
66.522
98.0746
81.7648
-2.83265
-67.462
36.6462
60.8822
102.038
129.78
30.2442
-12.7405
-51.6095
7.38002
109.811
167.886
108.897
-29.5075
-88.3446
-129.5
-12.8929
101.58
94.5687
103.867
72.6191
75.8201
133.743
190.293
162.704
55.8521
20.7937
25.8238
39.5423
70.0278
80.8502
90.9104
22.1655
-9.84432
62.254
82.5269
60.4249
54.0229
25.6714
-99.4719
-126.147
-130.872
-122.336
-95.0515
-101.606
-105.721
-94.2893
-79.8087
-95.8136
-29.3551
-11.2162
-2.22293
-3.89964
-74.1689
-173.094
-166.235
-110.752
-112.276
-87.1252
-100.386
-163.644
-227.816
-226.444
-204.799
-151.45
-95.2039
-106.941
-100.996
-115.477
-94.7466
-39.5677
56.6142
129.475
130.542
91.6726
-7.55791
11.4956
79.3259
147.004
195.019
233.735
174.898
40.7617
17.5927
76.5822
147.461
214.377
236.936
200.506
142.583
88.4716
98.227
184.196
226.876
196.695
233.43
244.558
205.384
172.612
136.486
112.098
128.255
63.321
-24.7822
-72.0349
-131.787
-120.507
-40.7872
24.7568
14.5441
-7.40548
-64.5659
-115.02
-98.2524
-37.891
38.6277
47.1637
47.0112
16.8305
2.95961
11.9529
25.9762
44.2675
22.3179
-12.4356
-54.963
29.0248
56.0045
34.3597
63.0162
37.8656
23.0801
7.22759
-16.2463
-58.7736
-61.9746
-92.9175
-108.77
-40.1775
-70.5106
-139.103
-143.828
-186.813
-170.198
-106.788
-33.9279
0.21591
-39.2629
-40.9396
-67.462
-47.3416
-108.465
-129.5
-70.9679
-32.4036
39.3899
76.5822
89.3862
63.6259
49.9074
52.9559
133.895
183.434
178.252
151.729
145.327
121.853
79.6308
141.212
187.245
184.501
150.967
138.773
141.364
110.421
49.1452
25.0616
18.3548
-42.4639
-68.529
-93.2223
-176.6
-208
-197.331
-162.12
-117.153
-149.468
-274.002
-365.306
-349.606
-316.834
-224.158
-99.4719
-51.3047
-102.063
-125.08
-90.6311
17.8975
144.87
172.307
216.206
174.288
110.269
123.987
210.871
268.489
252.179
287.542
218.797
107.068
55.8521
65.3026
79.4784
31.9209
-21.4288
-111.056
-144.895
-173.552
-167.15
-78.7417
-55.2678
-26.1541
-95.3563
-194.13
-220.5
-207.543
-109.227
-65.4805
-4.66178
-67.3096
-109.685
-65.6329
-76.4553
-3.44236
7.8373
79.6308
96.3978
90.9104
137.553
209.957
244.405
242.729
318.333
329.765
320.162
322.448
301.718
268.946
239.528
238.308
235.717
218.797
185.568
154.473
92.4347
15.3063
-92.0029
-161.51
-201.903
-275.983
-336.192
-370.488
-402.193
-416.064
-407.833
-478.712
-441.672
-372.165
-368.05
-357.837
-321.559
-294.884
-264.856
-127.061
-21.7337
132.981
124.749
77.8017
75.8201
146.089
207.518
246.997
331.594
227.333
171.087
152.796
107.373
199.134
235.564
239.07
193.189
130.542
3.26447
-77.6747
-115.934
-185.441
-129.5
-97.4903
-114.562
-106.788
-136.055
-174.161
-118.22
-40.1775
1.74019
-73.864
-127.366
-193.215
-222.634
-76.6077
37.4083
97.6173
90.9104
136.182
188.769
239.07
361.622
406.588
423.66
413.295
479.296
529.293
538.743
583.252
591.788
567.705
471.675
404.454
317.571
255.228
165.752
129.322
123.53
32.3782
-77.8271
-134.378
-184.222
-256.168
-301.286
-345.948
-413.168
-488.925
-518.343
-538.159
-517.276
-536.94
-524.288
-516.514
-491.821
-415.455
-270.801
-126.299
-38.3483
-30.4221
-47.0367
0.673194
82.9842
177.032
243.491
219.102
140.449
50.2122
87.7095
182.215
188.159
132.066
49.6025
-53.2862
-83.3145
-95.6612
-102.216
-7.10062
9.66643
-70.9679
-144.133
-177.972
-321.102
-333.601
-184.527
-187.423
-113.038
-115.629
-222.024
-178.277
-60.2979
-100.386
-27.3735
74.7531
3.11204
-3.28993
165.295
213.005
265.745
349.123
317.571
346.532
408.722
488.442
486.765
564.504
546.06
484.174
572.887
515.574
481.583
430.52
428.081
361.622
371.53
343.941
186.788
133.438
48.9928
-54.2008
-53.896
-97.3379
-193.52
-282.08
-404.023
-394.572
-438.776
-410.12
-371.251
-421.857
-457.982
-470.176
-392.591
-359.971
-188.337
-145.2
-155.565
-58.0115
-23.4104
48.0782
171.697
155.387
161.789
171.697
120.177
111.488
182.52
236.022
214.834
276.872
254.465
171.85
158.893
108.897
30.3966
-13.8074
-40.9396
-118.525
-162.272
-184.374
-199.465
-128.89
-158.157
-213.793
-227.206
-215.317
-243.211
-170.961
-65.1756
-24.9347
-4.96663
68.1987
93.8066
163.923
255.685
280.378
317.571
386.468
390.736
454.298
408.418
272.604
283.732
386.316
429.91
477.162
500.332
440.123
412.838
443.781
391.041
352.019
295.469
118.957
39.6947
56.4618
33.4452
81.0026
41.0666
-53.4387
-153.126
-169.894
-201.598
-197.483
-158.157
-300.524
-362.257
-370.641
-365.154
-356.16
-276.593
-277.66
-314.09
-248.851
-244.278
-177.362
-89.8689
-26.459
-44.1406
-28.2881
-24.6298
-15.789
42.4384
65.1502
83.1366
126.731
142.583
162.856
100.209
108.745
42.8957
3.41689
-7.40548
-26.0017
-20.3618
-70.3582
-76.1504
-145.048
-108.313
-86.0582
-119.287
-130.567
-205.409
-231.017
-172.332
-141.999
-100.082
-58.9261
-50.8474
-44.5979
-1.30837
15.1538
85.8803
210.719
189.531
198.677
205.536
172.764
215.749
300.346
364.823
335.252
352.934
273.976
290.591
257.666
242.424
268.184
193.037
66.9793
-54.2008
-14.4172
-81.0281
-37.7386
-26.1541
-95.2039
-164.559
-141.847
-184.984
-216.841
-122.641
-173.247
-185.594
-224.768
-269.124
-250.528
-225.53
-263.789
-285.739
-211.964
-259.826
-218.213
-124.013
-98.2524
-99.6243
-42.9212
-52.9814
-121.421
-68.2242
-40.4823
-11.3686
11.3431
17.1354
-68.2242
-36.5192
-26.459
-57.2494
-5.27149
39.6947
24.9092
47.621
17.1354
-83.4669
-48.4086
-125.842
-183.155
-113.495
-124.927
-233.608
-230.712
-147.182
-183.764
-53.896
16.983
11.4956
39.5423
35.7316
95.3309
188.007
193.647
112.098
182.367
166.819
90.1483
124.292
226.724
225.657
218.34
219.407
167.277
142.126
138.315
202.03
228.553
205.841
91.5202
57.8336
10.8859
27.6529
49.9074
91.3677
131.151
16.0684
9.36158
-46.8843
48.8404
102.952
60.12
68.1987
-66.5475
-134.53
-236.962
-159.986
-97.9476
-108.465
-113.648
-134.225
-118.678
-149.163
-104.654
-87.8874
-26.3065
-11.3686
-3.59478
13.3247
31.7685
24.4519
25.3665
87.4046
84.3561
77.8017
65.3026
-7.25305
-8.16762
-23.1055
12.4101
-50.9998
-111.056
-172.637
-180.563
-167.912
-135.445
-66.5475
-77.9795
-124.013
-149.011
-114.257
-110.752
-16.7036
-1.00351
20.6412
57.6812
22.9277
52.9559
25.9762
0.368338
-23.7153
-10.1492
-49.9328
-44.293
49.7549
16.3733
36.0364
64.6929
48.3831
-26.9162
27.0432
-23.258
-56.1824
56.1569
12.8674
23.2325
44.42
-29.3551
-37.891
36.7986
1.2829
16.2208
79.3259
1.74019
60.8822
111.031
108.135
92.2823
115.299
-4.2045
-50.8474
-0.0889453
-40.025
22.6228
20.7937
2.3499
-21.4288
4.48389
-16.856
-5.72877
30.8539
-36.3668
-20.2094
-70.8154
-101.911
-96.1185
-56.7921
-37.2813
-68.6815
24.1471
-17.0084
22.1655
22.4704
44.8773
39.5423
-17.923
84.6609
48.6879
57.5288
89.0813
75.8201
47.0112
77.9541
126.883
60.7297
100.056
53.7181
-14.1123
22.1655
23.2325
44.5724
59.8152
34.9694
-41.8542
-5.27149
-30.7269
-4.35692
49.9074
29.6345
-50.8474
-64.261
-97.4903
-122.031
-107.246
-63.3465
-120.507
-179.801
-187.27
-207.696
-121.421
-102.368
-53.4387
-33.6231
-78.8941
-95.8136
-27.9832
-57.0969
-8.16762
57.6812
-3.28993
-53.2862
-19.2948
-15.0269
71.3997
88.4716
33.5976
7.38002
17.8975
38.7801
28.5675
63.321
46.554
21.7082
85.1182
47.7734
77.3444
124.445
101.123
49.4501
44.1151
35.1219
-20.057
32.0733
-1.91808
-4.35692
23.5374
-9.99675
-16.0939
-14.1123
-1.76565
-55.2678
-47.494
-47.7988
-32.0988
36.0364
51.1268
42.286
20.4888
75.058
97.16
127.798
173.374
145.784
119.567
158.284
278.244
273.671
302.633
273.671
192.885
103.105
51.8889
62.4065
64.0832
0.978049
-54.3532
-59.3834
-64.7183
-104.959
-88.8019
-93.832
-139.865
-176.753
-179.801
-197.94
-187.423
-265.008
-280.251
-301.134
-259.216
-189.252
-98.4049
-81.1805
-35.9095
-58.7736
-140.018
-33.4706
-19.9046
-0.698656
71.7045
120.939
96.2454
101.123
53.7181
-48.4086
-20.2094
-57.0969
-14.722
45.6394
-16.0939
-85.9058
-73.7116
-3.59478
-16.2463
59.2055
51.7365
-47.3416
-50.9998
-24.325
16.3733
64.2356
59.9676
58.9006
67.7414
-35.2998
-61.8222
0.368338
-3.44236
-59.5358
-41.2444
-115.02
-134.835
-77.9795
-57.8591
10.1237
31.0063
48.8404
117.28
180.538
139.23
194.256
233.43
265.593
362.842
366.5
267.727
265.44
293.944
261.325
279.464
219.255
103.257
55.0899
25.9762
35.4267
100.056
48.3831
-104.807
-68.0717
-150.078
-229.645
-191.081
-178.887
-215.317
-240.772
-195.654
-238.334
-240.163
-196.721
-175.533
-99.3194
-103.587
-97.9476
-10.7589
57.986
25.6714
-28.5929
-11.0637
-5.57635
-54.3532
-18.0754
-47.1891
-44.4454
-36.0619
-37.7386
-93.5272
-105.112
-128.433
-186.203
-109.837
-63.0416
-45.9697
-31.1842
-19.5997
-51.1523
-57.0969
12.5626
15.0014
76.5822
45.1821
-37.4338
-33.7755
-5.27149
0.673194
47.3161
184.806
139.23
107.83
41.5238
8.14216
69.1133
108.44
193.952
188.159
231.601
195.019
153.253
227.333
295.621
324.277
263.154
202.945
159.503
141.974
218.493
277.025
306.138
232.211
147.004
121.548
51.5841
13.6296
-21.124
-12.1307
-134.988
-142.304
-162.577
-154.193
-101.149
-122.488
-190.319
-224.768
-244.431
-264.399
-283.3
-252.967
-243.364
-217.908
-124.165
-151.907
-119.592
-117.611
-54.6581
-28.4405
6.92273
14.3917
-7.25305
9.81886
-2.07051
36.951
30.8539
-7.86276
-76.7601
-141.694
-131.024
-130.872
-72.9494
-38.1959
-33.9279
-104.807
-92.765
12.2577
-1.91808
26.8908
19.8791
-15.9414
-83.7718
-72.9494
-11.0637
41.0666
152.034
92.1299
96.2454
105.239
148.528
173.526
197.305
158.436
73.6861
47.3161
44.2675
98.9891
108.135
143.803
215.139
183.282
148.223
171.24
178.861
94.8736
94.7211
137.858
150.967
205.384
201.268
227.638
244.71
142.888
99.294
85.2706
-4.05207
-16.0939
-50.8474
-61.3649
-59.9931
-39.7202
-77.3698
-131.939
-155.718
-209.83
-239.705
-196.111
-244.736
-299.762
-267.905
-305.249
-291.836
-277.203
-282.233
-287.11
-171.57
-229.493
-228.121
-178.887
-184.831
-148.706
-56.4872
-90.6311
-145.81
-133.463
-235.895
-119.592
-84.6864
-81.0281
-121.726
-149.163
-197.483
-194.892
-79.9611
-94.899
-29.2027
27.9578
5.24603
49.6025
61.7967
37.4083
-10.6065
23.6898
45.6394
18.9645
9.36158
4.02661
81.9172
111.183
209.652
272.452
334.947
265.593
243.033
266.507
186.788
155.692
128.103
199.591
261.325
239.375
238.918
235.107
248.216
212.7
189.074
97.16
-23.8677
-47.3416
22.7752
105.239
187.245
229.62
301.413
262.544
203.097
127.036
51.4316
-6.79577
-72.6446
-89.8689
-48.1037
-39.7202
-67.9193
-63.4989
3.72175
-12.2832
-84.3815
-147.029
-218.518
-224.768
-261.503
-281.623
-344.576
-315.157
-320.34
-256.93
-173.552
-215.012
-221.262
-253.119
-288.635
-227.054
-98.4049
-60.6028
-113.953
-111.666
-236.657
-184.831
-60.9076
-44.7503
-57.7067
-15.6366
-7.55791
-15.789
31.0063
35.1219
50.8219
75.6677
92.4347
169.563
238.308
111.488
32.5306
-2.07051
-22.3434
101.58
179.014
137.248
71.5521
-19.7521
-26.9162
52.1938
84.0512
74.2958
109.354
105.848
85.8803
136.944
205.079
214.225
129.78
68.8084
-14.722
-10.6065
4.33146
91.3677
150.967
175.355
128.103
28.8723
-0.851084
-26.459
-22.191
8.14216
35.7316
42.7433
43.6578
13.4771
-20.6667
-85.7534
-82.0951
-97.6427
-42.7687
-72.797
-96.8806
-104.045
-33.3182
75.2104
83.7463
-14.1123
-139.56
-209.525
-271.868
-211.659
-177.21
-176.6
-149.468
-44.7503
63.9307
86.9473
