-5.44986
11.6318
5.22617
1.71833
-10.7879
-3.31465
4.31108
-41.4433
-83.5374
-38.8506
-43.426
-77.2843
-30.6148
-14.9058
-28.4796
-16.7359
0.498215
-13.2281
52.6582
44.1174
-10.7879
-12.008
2.48091
-6.66997
-39.7657
-11.5504
-4.53477
-8.19512
-42.5109
-17.8035
40.152
9.64909
-31.8349
7.36137
-34.4276
-48.764
21.3927
9.19155
-51.6618
-46.7813
-65.3881
-79.267
5.98874
15.4447
-4.99231
-4.22974
-14.4482
17.7324
74.4678
74.3153
96.4299
81.636
-15.9734
4.76863
72.9427
63.4868
-5.60237
7.97143
0.955759
-15.6683
23.6804
47.4727
2.93845
-53.6445
-55.6272
-105.194
-0.569388
53.4208
64.4019
10.7167
-28.022
-21.3114
35.119
78.8908
31.3062
14.377
16.2072
32.6788
27.4933
77.5181
60.894
23.9855
-25.7343
-19.0237
39.9995
60.589
76.9081
22.4603
-12.7706
18.8
20.9352
31.6112
64.0968
51.8957
-32.445
-22.8365
0.650729
27.1883
29.3235
-32.445
-54.102
-20.2438
-33.055
-7.12752
53.1158
50.8281
-22.2265
-40.9858
-8.04261
-12.7706
-22.989
-4.8398
11.4793
-10.0253
-12.1605
-2.70459
-22.2265
26.8833
22.6128
-87.5027
-101.534
-30.4623
-19.4812
-27.8695
65.1644
66.6896
2.63342
-30.9198
-26.6494
-35.1902
-4.07723
-31.3773
-31.9874
-71.6412
-114.345
-70.1161
12.0893
-24.8192
-83.5374
-54.4071
-101.534
-87.8078
17.8849
31.1537
-62.9479
-72.8613
-175.809
-235.289
-168.946
-139.968
-220.343
-242.61
-187.4
-167.725
-114.65
-98.6363
-105.042
-142.713
-194.416
-153.999
-38.2405
43.9649
39.847
23.833
127.543
137.456
165.214
241.471
273.499
260.231
239.794
165.824
170.705
204.258
82.0936
12.3944
-33.9701
-63.863
-107.787
-138.748
-123.954
-124.564
-174.741
-161.777
-129.292
-111.753
-116.633
-94.5184
-84.605
-83.0798
-20.3963
-6.05992
-27.717
20.4776
20.4776
-15.2108
32.6788
75.2304
46.7102
15.9022
17.8849
-12.008
40.3045
93.9897
37.7118
2.32839
-63.2529
-70.1161
-71.9462
-20.8538
-83.9949
-139.053
-157.812
-194.721
-106.262
-25.8868
-38.5455
-85.215
-124.716
-129.902
-31.9874
81.7885
105.886
96.735
59.6739
37.7118
86.8215
115.342
167.959
124.035
7.51389
-14.1432
24.748
42.7448
62.2667
5.37868
-96.5011
-168.03
-180.689
-106.262
-54.5596
-65.5406
-36.5628
-52.7294
-29.6997
34.0514
95.9724
126.78
88.3467
33.7464
18.9525
51.7431
67.2996
62.7242
29.0185
-32.9025
-30.0047
0.803244
37.2542
36.4917
61.5041
70.1974
22.1553
39.3895
35.8816
27.6458
13.3094
-21.6164
-55.9322
-8.65267
53.1158
77.8231
42.2872
17.5799
11.6318
-0.721903
32.2213
37.5593
20.3251
19.105
26.1207
38.9319
69.7399
94.5998
87.8891
16.8173
-21.4639
17.5799
53.8783
67.1471
75.6879
52.3532
21.3927
10.8692
36.1866
57.5387
64.8594
-4.38225
-30.3097
0.3457
31.3062
69.4348
68.5198
26.2732
-6.51746
-15.0583
-8.50015
12.3944
22.4603
-21.3114
-82.0122
-107.482
-113.735
-53.9495
-56.0847
-60.9652
-52.5769
-69.506
-63.7105
-24.8192
-6.05992
-15.6683
-30.0047
-48.459
-28.022
10.5642
36.3392
75.2304
53.5733
23.9855
32.6788
31.4587
13.3094
-8.19512
-53.6445
-61.1177
-22.379
-19.1762
-13.0756
-32.445
-63.2529
-109.922
-100.772
-60.3551
-11.5504
18.6475
13.3094
23.5279
10.1066
-8.34764
-13.8382
17.2748
6.90383
-27.2595
-48.459
-31.8349
-19.4812
-16.2784
-29.6997
-60.9652
-78.0468
-119.226
-85.215
-60.2026
-48.6115
-27.2595
-28.1745
-48.764
-44.4936
-33.055
-26.9544
-42.6634
-45.7137
-44.7986
-29.0896
-23.7516
-9.56775
-23.2941
-51.2043
-37.783
-33.6651
-47.3914
-23.4466
9.49658
-3.46717
-27.717
-68.7434
-87.8078
-77.2843
-54.7121
-36.2578
7.6664
19.8676
9.95412
4.4636
11.0217
27.0358
29.0185
31.9162
57.5387
100.548
113.207
133.644
151.945
122.052
86.8215
97.1925
77.8231
58.1488
71.7226
78.4332
53.5733
33.7464
16.9698
-13.2281
-7.58506
3.70102
31.6112
88.1941
126.475
122.052
100.853
83.9237
98.4126
101.463
95.9724
96.8875
97.345
91.5495
123.578
124.493
94.4472
72.4851
38.3219
29.3235
62.5717
63.6393
66.9946
84.0762
51.1331
26.2732
11.9368
-7.12752
-48.764
-78.1994
-94.8234
-117.853
-125.936
-141.493
-164.98
-198.381
-256.489
-331.526
-343.727
-370.57
-404.276
-432.796
-481.448
-509.511
-522.17
-500.055
-486.634
-505.545
-552.52
-543.827
-522.627
-451.403
-398.938
-378.501
-366.605
-331.831
-281.501
-192.738
-82.0122
-28.1745
-8.34764
22.1553
62.2667
99.3277
135.931
186.719
214.934
251.995
287.988
299.122
333.743
349.452
312.086
268.924
251.995
276.397
314.526
368.211
406.34
396.731
388.343
379.345
413.813
441.266
462.618
458.347
445.078
457.432
496.628
526.979
521.183
521.793
493.426
492.358
511.27
542.383
581.274
600.186
573.953
590.73
607.812
620.928
629.011
576.241
549.246
564.802
573.648
611.777
601.253
514.625
423.574
313.916
202.123
-5.75489
-227.206
-396.497
-488.311
-485.871
-493.649
-608.035
-846.721
-1125.98
-1385.25
-1543.26
-1578.03
-1587.33
-1647.27
-1680.52
-1585.81
-1390.13
-1211.08
-1174.02
-1250.88
-1286.42
-1133.75
-803.559
-353.488
62.4192
244.827
235.981
187.176
211.426
357.23
478.784
450.874
335.725
228.05
246.962
318.949
327.795
136.389
-267.165
-623.744
-767.718
-668.279
-467.112
-407.021
-523.847
-712.965
-783.58
-701.679
-467.112
-307.734
-254.506
-250.846
-171.233
121.29
453.314
675.986
708.014
618.793
565.87
706.794
995.504
1268.51
1361.69
1265.3
1159.76
1134.29
1226.56
1350.25
1370.69
1309.68
1181.27
1133.38
1201.09
1243.95
1188.13
1046.29
843.752
716.402
723.113
776.798
805.776
807.758
794.947
777.103
791.592
671.868
254.435
-293.245
-668.126
-654.705
-348.15
-90.553
-180.842
-565.331
-1139.55
-1672.28
-1980.21
-2163.38
-2348.53
-2618.33
-2703.43
-2346.09
-1656.57
-1128.11
-1195.98
-1741.98
-2231.55
-2185.95
-1452.51
-412.511
449.044
795.862
632.824
439.435
539.485
901.86
1132
997.944
669.428
470.853
671.715
1027.68
1120.87
646.703
-281.959
-1141.99
-1553.78
-1386.62
-1003.81
-852.974
-1199.49
-1777.37
-2098.41
-2006.44
-1617.07
-1326.38
-1293.89
-1339.95
-1222.82
-726.692
-7.28003
589.815
779.848
661.497
632.977
928.245
1524.73
2075.46
2278
2042.97
1639.27
1457.93
1598.24
1894.88
2060.21
1920.81
1574.45
1288.18
1180.81
1162.81
1128.34
982.693
768.715
689.864
836.126
1058.19
1126.82
964.696
656.006
446.146
504.712
846.039
1242.43
1407.14
1180.81
603.541
-74.3865
-520.797
-517.594
-249.473
-24.8192
-104.432
-453.233
-907.269
-1353.98
-1751.9
-2237.5
-2721.89
-3074.5
-3083.04
-2562.66
-1733.44
-1111.18
-1209.1
-1875.43
-2435.77
-2349.91
-1524.04
-428.831
460.94
913.451
958.9
956.155
1160.83
1435.36
1469.82
1119.65
675.681
510.965
775.578
1162.81
1153.05
511.88
-583.023
-1588.7
-2015.59
-1829.98
-1434.66
-1298.01
-1601.21
-2034.81
-2245.43
-2108.47
-1792.92
-1545.09
-1476.3
-1371.83
-1012.81
-297.515
505.017
1003.13
1104.86
950.817
947.462
1302.97
1919.29
2449.88
2565.18
2293.56
1882.83
1646.59
1691.73
1826.86
1824.73
1624.63
1303.58
1022.35
875.78
797.54
647.618
458.652
341.826
382.547
599.423
834.906
927.787
830.483
651.431
584.782
760.021
1105.31
1471.65
1551.11
1179.44
517.218
-113.735
-303.006
-70.4211
192.514
129.831
-249.321
-884.239
-1487.43
-1852.71
-2203.95
-2603.54
-3089.75
-3431.39
-3144.66
-2268.46
-1431.16
-1276.35
-1847.52
-2497.54
-2527.74
-1658.86
-347.998
820.417
1453.81
1483.86
1338.51
1460.22
1831.44
2057.16
1795.29
1181.57
763.377
855.495
1139.63
1108.52
460.33
-659.433
-1748.54
-2330.23
-2231.55
-1812.6
-1650.17
-1958.71
-2491.59
-2717.47
-2440.35
-1898
-1445.04
-1248.44
-1087.24
-739.655
-56.5423
791.897
1421.02
1637.44
1533.42
1499.41
1741.45
2199.91
2565.18
2545.66
2145.01
1665.96
1379.23
1399.06
1500.02
1456.56
1234.19
900.182
625.808
446.604
430.895
432.725
346.859
343.656
446.146
677.206
917.721
997.487
899.725
757.734
725.553
882.338
1106.38
1032.41
567.548
-40.9858
-334.729
-157.965
120.985
46.2526
-484.956
-1293.59
-1973.19
-2302.17
-2459.26
-2642.43
-3112.94
-3620.96
-3616.69
-2942.42
-2033.89
-1651.24
-2008.42
-2485.03
-2378.43
-1388.15
18.0374
1170.44
1711.71
1643.08
1480.5
1724.68
2290.66
2723.49
2670.11
2158.89
1629.05
1478.67
1468.76
1258.13
553.364
-504.478
-1450.07
-1962.37
-1972.74
-1820.68
-1914.17
-2387.88
-2943.19
-3081.82
-2618.64
-1884.28
-1269.19
-968.427
-787.087
-408.546
270.297
1171.96
1911.51
2253.14
2306.67
2365.54
2657.76
2994.82
3114.7
2885.16
2398.18
1926.3
1751.21
1868.96
1952.23
1777.75
1338.97
826.823
557.634
553.211
613.15
576.241
474.819
457.127
549.398
695.965
754.988
591.035
330.54
160.029
285.853
616.505
703.286
354.942
-250.541
-648.909
-638.233
-382.466
-392.532
-846.416
-1617.99
-2302.02
-2598.05
-2705.87
-2813.55
-3197.73
-3736.26
-3859.95
-3332.71
-2458.5
-1939.34
-2131.5
-2493.42
-2402.98
-1498.72
-143.476
984.37
1528.85
1439.47
1218.33
1397.69
1998.59
2564.27
2613.53
2202.66
1732
1529.61
1442.22
1191.33
552.296
-412.969
-1295.72
-1714.22
-1621.34
-1493.99
-1795.82
-2534.14
-3235.25
-3349.79
-2822.85
-1988.6
-1283.37
-861.667
-557.858
-166.505
509.592
1327.38
1974.8
2360.97
2667.83
3066.04
3505.44
3743.97
3637.06
3222.37
2656.85
2241.55
2136.77
2197.17
2204.34
1949.48
1475.93
976.287
624.436
447.671
395.359
399.629
421.286
512.947
668.665
814.316
814.774
590.882
197.242
-70.2686
-32.445
87.7366
35.119
-275.858
-543.979
-588.666
-558.01
-668.889
-1158.61
-1998.05
-2810.5
-3271.4
-3385.63
-3263.62
-3233.12
-3453.65
-3653.6
-3471.35
-2965.15
-2571.81
-2576.39
-2650.05
-2354.79
-1459.07
-186.637
868.002
1347.05
1203.69
880.965
857.936
1267.28
1762.81
1954.36
1727.27
1293.06
912.536
632.214
369.736
-108.245
-832.232
-1534.71
-1935.98
-1896.33
-1717.58
-1824.49
-2329.77
-2909.48
-3107.75
-2721.89
-1904.71
-1062.68
-467.112
-74.6915
295.919
890.879
1777.9
2654.41
3253.94
3515.66
3627.45
3775.08
3911.13
3899.54
3666.95
3280.63
2911.24
2662.64
2515.77
2317.5
1991.12
1521.53
1098.76
911.316
965.764
1140.85
1223.36
1184.77
1080.61
1046.44
1012.43
949.597
842.379
710.912
636.484
485.647
163.689
-225.071
-358.064
-210.125
-61.7278
-211.802
-780.224
-1625.77
-2412.89
-2968.96
-3373.43
-3626.15
-3917.3
-4242
-4299.35
-3849.28
-3168.45
-2774.51
-2846.8
-2965
-2492.66
-1261.71
201.513
1132.16
1374.96
1167.54
1032.56
1239.22
1656.5
1875.51
1596.41
938.921
237.659
-111.905
-193.043
-393.752
-1002.59
-1877.26
-2603.69
-2867.08
-2790.37
-2751.63
-2957.68
-3337.9
-3559.19
-3316.24
-2551.38
-1625
-938.23
-565.179
-279.366
217.222
1108.52
2153.7
2962.49
3510.78
3825.72
4038.17
4174.06
4125.41
3895.72
3457.09
3019.07
2765.59
2703.67
2719.22
2499.45
2006.07
1410.8
1016.25
1000.08
1256.61
1562.4
1724.37
1710.65
1601.6
1465.86
1327.07
1210.7
1116.75
890.726
531.859
127.543
-23.1416
278.532
629.926
556.719
-81.7072
-968.122
-1666.33
-1982.95
-2211.73
-2572.88
-3118.12
-3777.9
-4182.22
-4027.87
-3501.54
-3149.69
-3365.81
-3766.31
-3562.7
-2403.44
-747.891
500.899
979.947
956.46
984.218
1375.57
1975.26
2407.94
2284.25
1618.68
709.844
53.7258
-234.069
-495.022
-1022.88
-1856.22
-2659.2
-3096.01
-3225.49
-3363.37
-3714.3
-4220.96
-4561.52
-4383.08
-3576.28
-2455.14
-1480.88
-998.93
-818.811
-532.388
204.41
1380.45
2553.59
3463.5
4030.24
4339.69
4456.52
4442.95
4246.05
3857.9
3436.96
3167.31
3063.76
2921.61
2628.94
2156.29
1678.92
1386.55
1340.8
1507.5
1695.55
1780.04
1714.76
1630.27
1636.52
1601.75
1436.73
1160.22
723.265
227.135
-89.4854
41.8297
532.164
942.429
748.278
-12.008
-946.16
-1619.21
-1890.23
-2034.5
-2249.7
-2622.6
-3007.09
-3017
-2616.96
-2227.89
-2398.86
-3148.17
-3663.97
-3198.65
-1701.26
-64.0155
890.116
1009.54
699.168
591.035
930.685
1633.02
2140.74
2021.01
1377.71
648.533
271.669
154.233
-233.307
-1162.12
-2334.35
-3218.63
-3484.16
-3355.59
-3283.29
-3595.19
-4228.73
-4727.76
-4642.51
-3882.98
-2882.64
-2141.57
-1751.59
-1439.55
-813.473
293.326
1590.92
2656.85
3317.69
3640.11
3843.72
4093.23
4296.53
4288.91
4044.12
3669.54
3371.68
3226.79
3158.16
3009.15
2683.08
2268.54
1983.34
2037.48
2326.04
2534.83
2488.93
2215.93
1910.13
1643.08
1436.73
1027.68
285.548
-543.674
-929.841
-547.029
245.589
711.674
309.95
-782.207
-1838.52
-2205.78
-2048.23
-1842.79
-1980.36
-2512.49
-2884.01
-2659.66
-1959.62
-1433.75
-1795.36
-2598.81
-2833.68
-1916.46
-164.37
1279.18
1652.84
1123.77
420.066
345.791
1013.65
1908.15
2281.97
1761.43
736.381
-67.2183
-337.474
-447.59
-859.074
-1687.08
-2606.13
-3180.96
-3272.16
-3173.79
-3269.26
-3770.73
-4439.81
-4628.93
-4007.89
-2908.57
-2047.93
-1948.49
-2232.16
-2235.52
-1554.39
-231.324
1151.98
2100.02
2457.81
2477.03
2530.11
2755.22
3071.69
3304.73
3334.01
3297.87
3383.88
3510.01
3375.95
2969.65
2526.6
2378.05
2615.82
3089.38
3517.18
3608.08
3352.92
2919.78
2518.36
2250.55
1870.63
1089.45
47.3202
-605.9
-471.687
23.833
122.51
-615.814
-1778.43
-2729.51
-2956.15
-2523.77
-2062.87
-2082.55
-2601.55
-3050.71
-2753.61
-1807.87
-1077.63
-1318.45
-2087.89
-2257.48
-1172.19
724.028
2170.93
2513.94
1788.89
771.002
405.12
1027.84
2126.25
2639.15
2046.48
718.69
-417.239
-822.623
-796.696
-996.948
-1771.11
-2860.68
-3614.56
-3762.34
-3506.42
-3344.61
-3722.84
-4495.02
-4865.79
-4256.03
-2944.86
-1760.59
-1368.47
-1713.61
-2027.49
-1583.67
-291.567
1244.26
2247.95
2433.56
2115.11
1831.44
1926.45
2324.21
2649.53
2664.62
2430.51
2288.68
2323.45
2406.26
2350.14
2157.51
2025.89
2288.52
2913.68
3635.23
4058.61
4024.29
3648.5
3104.32
2661.88
2213.03
1630.12
941.514
470.548
365.313
390.936
100.09
-699.239
-1812.6
-2744.92
-3062.61
-2917.41
-2718.99
-2837.65
-3273.23
-3498.04
-3143.29
-2386.05
-1792.92
-1742.44
-1752.96
-1172.64
178.635
1788.28
2879.52
3127.35
2727.46
2236.82
2184.97
2630.31
3118.97
2996.19
2063.11
720.977
-472.755
-1175.24
-1571.32
-1961.15
-2461.7
-3094.63
-3770.58
-4307.28
-4588.52
-4666.15
-4752.62
-4795.33
-4467.11
-3626.61
-2556.87
-1774.62
-1584.89
-1764.25
-1777.06
-1177.98
84.0762
1500.33
2512.72
2776.72
2416.33
1952.99
1766.92
1927.06
2194.42
2320.09
2253.29
2021.62
1757.62
1586.35
1554.47
1676.79
1956.04
2383.23
2832.39
3174.33
3291.46
3209.41
3041.79
2863.5
2452.32
1777.6
1050.1
665.462
725.095
809.131
409.238
-520.644
-1610.06
-2393.98
-2501.2
-2233.23
-2094.14
-2574.25
-3412.93
-3884.66
-3532.96
-2554.12
-1913.87
-2094.29
-2478.17
-2138.37
-714.796
1194.99
2647.09
3160.75
2912.92
2594.47
2769.25
3533.81
4273.2
4256.11
3362.84
1966.11
815.842
221.644
-147.288
-753.534
-1800.09
-2971.25
-3848.21
-4314.29
-4555.27
-4823.24
-5000
-4969.19
-5000
-4609.87
-3300.38
-2287.22
-1966.03
-2192.51
-2269.84
-1539.59
-26.3444
1591.84
2631.22
2842.46
2496.4
2089.95
2015.22
2317.81
2642.05
2651.05
2280.44
1875.06
1657.26
1573.84
1515.27
1382.43
1353.61
1591.23
2156.45
2808.9
3247.99
3287.19
3002.14
2704.13
2474.59
2236.67
1843.94
1408.67
1081.83
770.85
239.946
-593.241
-1518.4
-2307.05
-2731.5
-2827.89
-2799.06
-2867.85
-3263.93
-3675.11
-3605.56
-2983.45
-2308.12
-2217.52
-2459.11
-2297.9
-1301.21
227.288
1561.18
2251.46
2356.39
2305.3
2544.75
3249.67
4126.78
4490.53
3961.76
2805.7
1648.72
880.66
374.007
-271.893
-1184.85
-2121.13
-2936.17
-3505.51
-3933.46
-4258.63
-4759.94
-5000
-5000
-4463
-3237.39
-2321.54
-2051.59
-2319.4
-2509.59
-2188.24
-1123.99
257.485
1362.45
1849.28
1782.17
1579.33
1691.12
2105.96
2551.46
2668.74
2463.46
2187.25
2031.54
2021.78
2077.29
2105.51
2002.1
1992.19
2216.23
2664.01
3028.22
3109.36
2992.84
2831.32
2659.74
2325.13
1789.8
1405.92
1338.81
1318.07
953.867
10.4117
-1199.18
-2298.66
-2925.95
-3078.32
-3013.95
-3096.92
-3516.18
-3958.17
-3812.37
-3062.15
-2356.46
-2261.14
-2510.96
-2219.81
-1021.2
650.211
1982.58
2541.54
2413.43
2172
2383.69
3170.36
4068.83
4325.36
3687.54
2486.33
1438.41
907.808
611.777
45.0325
-982.764
-2211.73
-3308
-4017.96
-4358.98
-4554.05
-4920.39
-4997.41
-5000
-4527.66
-3246.69
-2212.95
-1803.9
-1950.32
-1963.43
-1367.1
-110.227
1232.36
2037.03
2005.46
1384.72
803.793
785.339
1263.32
1846.84
2098.34
1966.26
1661.23
1386.09
1348.42
1494.84
1707.14
1959.4
2306.06
2797.62
3285.51
3491.86
3278.65
2816.99
2490.91
2375
2226.91
1801.24
1389.6
1259.81
1207.04
961.646
271.669
-700.917
-1664.81
-2279.14
-2531.55
-2598.81
-2715.03
-3037.44
-3358.18
-3291.68
-2675.22
-2023.68
-2015.75
-2403.9
-2347.31
-1316.31
396.274
1943.08
2712.67
2553.29
2094.68
2098.34
2788.77
3787.59
4295.16
3905.94
2847.64
1697.99
1013.96
703.286
181.991
-833.299
-2074.62
-3150
-3768.6
-4060.05
-4229.8
-4738.13
-5000
-5000
-4782.82
-3652.69
-2615.89
-2149.96
-2186.71
-2207.61
-1620.28
-283.942
1212.38
2163.31
2269.92
1700.88
1095.71
1033.33
1486.14
1945.21
1996.15
1611.51
1147.56
933.43
975.677
1148.17
1226.11
1283.91
1534.03
2078.51
2743.93
3120.34
2984.14
2538.04
2183.9
2055.18
2098.34
2111.3
2097.27
1941.7
1496.36
671.105
-371.485
-1353.68
-1993.78
-2342.13
-2660.73
-3001.6
-3461.13
-3878.25
-3992.49
-3538.6
-2713.65
-2141.88
-2031.3
-1915.85
-1302.59
-142.866
1176.84
2233.62
2818.36
3041.03
3227.4
3583.37
4125.56
4562.67
4449.2
3679
2618.41
1798.49
1426.21
1141.46
576.699
-506.766
-1976.4
-3387.46
-4380.33
-4847.33
-4958.21
-5000
-4988.87
-5000
-4832.84
-3993.71
-3215.12
-2792.96
-2604.45
-2225.15
-1262.32
176.043
1613.49
2448.82
2436.77
1810.39
1200.18
1133.38
1723.91
2419.08
2633.36
2215.93
1485.38
1010.76
1081.06
1546.54
1891.37
1941.4
1756.09
1716.29
1983.95
2385.22
2591.72
2429.45
1948.57
1311.36
758.649
514.473
713.199
1053.15
1041.26
434.402
-500.36
-1350.78
-1883.82
-2144.47
-2418.69
-2932.66
-3632.71
-4125.48
-4033.36
-3288.48
-2437.14
-2259.16
-2664.7
-2840.39
-2075.53
-374.078
1382.13
2521.26
2853.9
2777.79
2979.87
3840.97
4877.92
4992.46
4995.05
4296.07
3024.25
2398.03
2242.31
2069.97
1254.17
-95.8911
-1625.77
-2884.32
-3732.6
-4278.45
-4837.11
-5000
-4984.44
-5000
-4943.26
-4279.22
-3783.39
-3736.26
-3658.18
-3054.68
-1680.37
13.462
1444.66
2123.96
2072.56
1655.74
1423.46
1668.55
2338.85
2933.97
3079.92
2640.53
1901.44
1339.58
1252.8
1559.96
1957.87
2220.81
2287.15
2220.04
2169.56
2256.65
2362.65
2387.2
2179.48
1628.44
941.514
546.653
694.287
1038.97
986.506
305.223
-806.304
-1897.55
-2519.96
-2689.1
-2775.88
-3187.52
-3946.43
-4590.96
-4594.62
-3894.73
-3092.8
-2925.34
-3285.74
-3336.37
-2488.24
-773.056
1012.59
2104.44
2322.23
2232.25
2519.58
3620.28
4890.27
4995.05
4995.05
4886.76
3816.11
3067.11
3027
3101.27
2650.44
1377.71
-349.828
-1923.78
-2890.42
-3458.99
-4060.05
-4800.97
-5000
-4990.54
-4986.58
-4626.64
-4457.81
-4661.42
-4733.71
-4173.37
-2851.37
-1135.28
355.857
1063.53
963.476
601.864
672.783
1341.41
2290.81
2953.79
3023.03
2629.55
2168.04
1993.71
2163.61
2486.49
2662.34
2661.57
2515.77
2432.65
2541.09
2694.67
2722.88
2535.75
2092.39
1373.59
681.629
453.467
711.217
1076.18
990.776
205.02
-995.117
-2058.14
-2599.72
-2665.15
-2669.73
-3031.49
-3805.96
-4464.06
-4462.84
-3862.39
-3317.61
-3298.09
-3593.05
-3413.85
-2314.22
-619.321
909.333
1667.64
1620.97
1459.91
1911.81
3332.49
4867.7
4995.05
4995.05
4852.6
3894.66
3461.36
3672.44
3929.28
3675.95
2610.79
988.336
-537.116
-1528.61
-2122.96
-2719.14
-3441.3
-4075.76
-4357.61
-4246.27
-4076.83
-4161.02
-4427.76
-4500.82
-4075.61
-3117.97
-1814.27
-625.422
-91.9257
-231.934
-519.119
-379.416
458.347
1606.33
2466.2
2632.9
2116.79
1562.4
1509.78
2024.22
2759.64
3221
3147.94
2733.1
2386.44
2388.88
2669.05
2936.86
2942.66
2446.53
1581.77
790.982
440.656
579.291
811.266
714.572
40.3045
-1078.7
-2193.43
-2779.84
-2824.38
-2852.29
-3287.26
-4119.08
-4794.11
-4799.14
-4178.4
-3602.36
-3581.77
-3850.19
-3809.62
-2897.74
-1291.3
330.082
1202.01
1207.35
960.883
1311.51
2462.54
4205.17
4995.05
4995.05
4479.55
3394.86
3090.29
3476.61
4110.31
4189.47
3308.24
1725.9
232.778
-700.154
-1103.56
-1324.09
-1696.68
-2209.59
-2645.94
-2839.93
-2964.23
-3203.07
-3469.52
-3524.57
-3130.78
-2331.15
-1301.98
-469.857
-169.403
-387.804
-752.009
-718.608
-53.1869
910.553
1609.07
1723.46
1377.1
972.779
943.496
1420.71
2173.53
2810.58
3020.59
2781.6
2400.77
2295.69
2584.71
3073.36
3260.96
2786.94
1822.74
999.774
843.599
1172.57
1390.52
1037.14
-55.3222
-1461.2
-2501.96
-2853.36
-2726.16
-2794.33
-3511.15
-4674.08
-5000
-4992.53
-4952.26
-4622.68
-4683.99
-4856.64
-4576.62
-3503.37
-1876.5
-341.135
461.855
510.05
466.888
1035.16
2397.27
4113.82
4995.05
4895.76
4067
3177.07
3004.27
3441.84
4011.33
3929.58
2992.53
1530.68
240.251
-479.313
-670.566
-711.288
-974.07
-1507.57
-2016.97
-2308.27
-2475.73
-2564.95
-2656.76
-2714.11
-2470.54
-1831.36
-924.656
-119.836
205.02
46.2526
-251.609
-169.861
536.892
1515.88
2112.37
1918.37
1212.68
614.98
600.491
1244.1
2088.58
2584.86
2439.67
1884.36
1476.99
1583.14
2217.45
3011.75
3289.78
2805.55
1871.85
1230.38
1253.71
1727.42
2117.1
1893.97
943.191
-333.814
-1295.42
-1682.35
-1748.84
-2011.93
-2796.01
-3879.17
-4688.41
-4875.24
-4789.83
-4904.07
-5000
-4973
-5000
-4567.01
-3151.98
-1893.28
-1212.3
-1109.5
-1033.09
-349.218
1142.99
2958.83
4233.09
4396.12
3730.85
3050.79
2899.95
3365.43
3971.37
4049.46
3220.85
1801.7
487.63
-223.241
-336.407
-261.827
-454.758
-1064.36
-1768.82
-2208.68
-2324.59
-2248.94
-2189.76
-2161.55
-2067.75
-1638.12
-897.966
-207.684
92.312
-73.3189
-367.825
-371.943
130.441
970.644
1559.5
1441.76
805.776
221.187
192.819
770.24
1455.03
1744.05
1505.06
979.947
614.065
688.034
1250.81
1970.07
2369.05
2359.75
2124.11
1854.01
1697.99
1779.43
2157.36
2624.06
2846.57
2505.7
1646.28
587.222
-246.881
-644.639
-853.889
-1152.67
-1753.42
-2670.49
-3644.3
-4303.47
-4464.83
-4283.33
-4001.33
-3731.23
-3531.74
-3318.98
-2899.11
-2198.46
-1371.52
-571.127
57.0812
562.82
1064.75
1565.45
2012.32
2255.43
2266.41
2141.8
1996.46
1899
1840.28
1702.87
1296.87
602.474
-184.807
-761.313
-969.8
-938.992
-935.942
-1174.93
-1630.95
-2095.66
-2297.75
-2122.35
-1625.46
-1024.55
-557.248
-357.301
-373.163
-381.093
-222.631
132.271
557.939
760.479
643.653
285.701
-52.2719
-109.007
97.345
357.688
419.303
262.061
31.7637
-107.025
-108.245
32.8313
354.027
812.181
1351.17
1749.99
1954.52
2029.86
2059.6
2230.87
2566.4
2998.02
3255.77
3139.55
2678.05
2096.66
1584.52
1165.25
713.657
136.999
-560.451
-1350.02
-2098.56
-2683.76
-3028.6
-3133.68
-3148.62
-3108.67
-3036.83
-2926.41
-2681.62
-2199.53
-1396.38
-449.573
370.651
971.559
1307.7
1501.55
1693.26
1921.27
2179.93
2317.81
2198.69
1798.04
1195.6
622.148
136.236
-338.847
-776.717
-1151.75
-1445.04
-1651.08
-1894.8
-2121.9
-2246.04
-2318.33
-2347.77
-2284.32
-2065.62
-1621.5
-1050.02
-482.058
-22.5315
310.255
557.177
711.522
770.697
806.843
793.269
749.498
665.767
557.177
438.52
246.352
-8.95769
-318.105
-534.676
-674.989
-784.952
-849.619
-854.957
-770.311
-576.312
-265.182
148.895
630.689
1166.32
1752.74
2318.87
2787.4
3035.69
3043.93
2877.84
2676.52
2529.95
2344.8
1986.39
1379.84
566.785
-308.039
-1064.97
-1625
-1949.4
-2156.21
-2418.54
-2746.9
-3020.51
-3086.86
-2905.52
-2506.39
-1955.5
-1352.31
-792.273
-268.233
184.583
594.695
1047.05
1505.82
1921.88
2241.24
2347.09
2209.67
1912.57
1603.73
1373.13
1196.67
999.164
655.854
145.845
-455.063
-983.221
-1323.33
-1452.66
-1519.46
-1679.6
-1876.19
-1966.03
-1813.51
-1435.27
-915.352
-459.944
-166.353
-14.1432
112.749
274.567
432.725
560.837
589.052
597.746
628.554
635.112
531.402
333.285
89.2617
-190.755
-427
-604.832
-682.31
-676.514
-714.643
-758.262
-786.172
-720.896
-461.011
-29.5472
507.304
1008.32
1342.47
1526.25
1622.95
1717.66
1835.71
1957.41
1969.31
1775.01
1380.76
873.95
434.707
90.7869
-184.35
-462.384
-792.273
-1205.44
-1635.37
-1988.6
-2126.93
-2036.18
-1800.09
-1542.8
-1304.42
-1015.86
-728.827
-452.013
-210.887
50.3705
369.584
675.071
921.077
1061.09
1098.6
1022.04
816.452
638.62
640.907
757.581
732.569
412.593
-71.1837
-502.8
-698.782
-676.972
-646.469
-768.481
-1048.5
-1345.14
-1468.07
-1260.65
-823.539
-412.511
-213.175
-253.896
-319.783
-273.723
-147.136
64.0968
266.484
429.217
568.615
628.249
614.827
624.131
608.269
529.877
391.851
237.811
194.954
218.899
225.762
188.701
110.309
57.2337
177.263
467.803
880.508
1225.04
1309.07
1207.35
1060.02
1084.11
1268.35
1406.68
1311.21
997.334
580.969
157.436
-135.24
-342.66
-462.994
-573.719
-722.116
-875.699
-1043.92
-1182.1
-1306.86
-1344.68
-1258.51
-1117.74
-891.865
-632.438
-478.093
-470.315
-552.215
-541.539
-312.614
47.1677
307.053
318.796
111.376
-139.205
-298.125
-299.651
-165.59
-24.5142
-5.75489
-143.476
-330.459
-468.789
-462.231
-390.092
-357.301
-373.01
-436.761
-423.34
-329.391
-158.575
32.0687
103.141
53.5733
-96.8061
-215.463
-295.838
-392.38
-491.667
-531.93
-485.871
-384.906
-290.652
-279.671
-314.902
-377.586
-387.652
-331.679
-228.884
-81.2496
5.22617
37.1017
24.138
63.1817
189.921
414.423
725.705
1068.41
1329.36
1489.8
1509.48
1472.11
1487.52
1558.89
1590.01
1457.32
1186.76
804.403
430.437
165.824
-45.8662
-218.665
-392.227
-521.712
-617.034
-695.426
-792.273
-862.735
-819.268
-641.589
-381.856
-176.419
-5.44986
93.2271
132.576
166.129
258.858
400.392
523.776
501.051
369.431
175.89
53.5733
24.748
9.34406
-9.87278
-136.155
-322.07
-549.165
-767.566
-816.37
-709.915
-599.647
-583.175
-685.055
-770.921
-690.698
-440.269
-100.466
169.484
291.191
289.819
191.599
74.6203
-30.0047
-182.214
-371.333
-549.317
-654.857
-644.181
-574.33
-508.443
-546.724
-675.599
-815.455
-877.071
-799.899
-653.637
-493.344
-445.912
-515.611
-604.68
-547.792
-297.973
127.543
590.12
947.767
1082.13
1003.59
926.567
974.914
1195.76
1442.07
1530.68
1336.53
876.39
355.552
6.75132
-58.0674
37.5593
70.655
-88.7229
-464.672
-856.939
-1100.96
-1152.67
-985.204
-712.66
-431.423
-247.491
-184.655
-199.296
-157.049
61.199
425.709
772.527
954.935
913.451
695.202
483.97
445.689
536.13
659.514
702.523
568.463
343.046
100.7
-48.9165
-60.5077
-12.008
-31.8349
-149.881
-325.426
-455.826
-402.903
-194.721
34.509
161.249
201.36
230.49
267.399
265.111
195.869
61.8091
-28.7846
-38.6981
-38.8506
-73.0139
-162.54
-274.181
-373.01
-450.183
-491.209
-506.766
-520.492
-546.724
-568.992
-578.6
-574.787
-597.664
-621.609
-566.856
-421.967
-224.308
8.42898
183.668
269.992
278.075
264.806
299.884
432.42
585.087
644.873
533.537
274.72
-33.5126
-266.097
-386.279
-391.922
-389.634
-505.24
-737.825
-1014.64
-1214.59
-1269.8
-1159.99
-985.967
-827.199
-707.78
-623.439
-542.149
-399.09
-223.698
-38.6981
75.2304
129.526
214.934
361.805
562.667
711.369
760.021
771.155
703.286
643.958
607.354
649.296
719.452
751.938
742.635
610.404
423.421
293.631
284.175
435.775
696.728
849.242
788.847
598.813
368.669
242.386
216.917
238.726
239.184
140.507
-18.4136
-140.578
-177.486
-117.396
-27.717
-22.2265
-43.426
-24.9717
52.2007
121.29
122.815
-0.569388
-182.062
-324.358
-325.578
-163.15
97.04
267.856
282.498
165.824
18.3424
-15.9734
32.2213
164.604
289.666
326.575
237.964
104.208
-22.379
-97.8737
-183.434
-351.048
-550.385
-745.298
-877.986
-929.536
-956.531
-993.592
-1035.08
-1127.04
-1209.71
-1200.4
-1099.74
-924.351
-741.486
-620.236
-557.705
-566.856
-577.837
-521.254
-380.941
-161.32
50.0655
179.398
176.5
98.1076
48.8454
109.699
272.127
501.051
689.864
735.924
616.505
396.426
212.494
198.615
348.079
597.136
730.891
662.107
477.259
273.347
209.901
307.815
438.063
440.35
282.498
11.9368
-184.502
-231.324
-145.916
-17.1935
-34.1226
-210.277
-412.054
-473.517
-308.954
-12.1605
253.368
324.744
212.189
69.4348
41.5247
169.179
394.291
615.132
724.485
729.366
639.84
548.178
482.445
475.124
485.19
489.003
510.965
534.147
549.704
493.883
325.049
47.9303
-207.684
-361.114
-393.142
-384.754
-410.986
-531.015
-752.467
-977.731
-1091.2
-1030.2
-883.019
-707.475
-589.123
-564.111
-600.562
-633.353
-590.191
-441.947
-256.794
-82.0122
21.8503
15.2921
-68.7434
-150.186
-154.609
-102.449
-6.05992
86.0589
167.502
179.55
112.749
-32.2924
-156.897
-84.605
112.139
302.782
379.955
293.936
107.716
-31.5299
-80.9446
40.7621
211.426
233.998
95.9724
-188.62
-410.681
-459.333
-316.427
-106.567
12.3944
-33.9701
-171.691
-290.805
-306.361
-176.571
13.3094
135.626
116.562
15.7497
-82.9273
-83.2323
43.8124
248.945
449.654
594.695
597.136
481.682
370.651
318.339
353.265
450.569
557.634
605.829
577.309
457.127
316.509
207.308
133.033
87.4316
20.0201
-75.4541
-166.81
-233.612
-271.283
-274.181
-303.158
-374.078
-467.417
-513.019
-464.977
-378.043
-326.798
-364.622
-439.354
-452.318
-366.147
-156.897
57.9962
184.126
200.75
135.779
132.423
238.421
395.969
542.23
575.326
484.58
286.311
78.8908
-30.0047
-29.6997
74.4678
135.931
74.6203
-92.8408
-262.59
-361.572
-347.235
-241.085
-142.561
-161.015
-332.899
-564.416
-734.165
-748.349
-603.46
-414.189
-282.111
-278.756
-381.704
-408.241
-320.24
-146.068
49.1504
156.368
136.694
31.7637
-40.9858
5.07365
161.401
345.334
460.025
441.418
305.985
163.841
62.8767
16.8173
31.9162
100.853
201.208
273.652
255.35
131.203
-7.89009
-64.7781
-35.8003
26.4257
30.2386
-75.1491
-235.137
-388.414
-452.775
-402.903
-312.614
-264.572
-297.21
-373.925
-387.957
-339.762
-261.217
-213.48
-297.82
-454.301
-565.484
-527.813
-356.234
-145.916
-1.33196
43.0498
29.0185
53.4208
216.611
490.833
774.663
882.643
779.086
593.933
554.279
661.039
813.249
878.983
773.748
518.896
227.288
55.861
20.0201
72.7902
81.4835
-25.7343
-238.797
-407.173
-513.476
-574.177
-564.264
-582.26
-618.101
-688.563
-743.468
-676.209
-529.948
-370.417
-283.484
-326.341
-380.178
-378.043
-302.396
-153.999
37.1017
245.894
337.403
334.658
278.837
246.657
350.672
470.853
476.954
379.345
220.577
108.936
113.969
195.564
312.543
381.632
318.339
164.451
-31.5299
-174.589
-193.348
-146.068
-88.2653
-108.397
-212.87
-340.372
-439.049
-441.642
-353.336
-235.594
-143.476
-142.561
-212.412
-319.325
-369.807
-324.816
-234.527
-125.174
-22.989
15.9022
12.3944
7.97143
64.2493
195.412
347.927
454.077
472.531
444.316
426.014
496.628
612.845
666.072
627.791
498.459
374.769
306.748
297.292
269.992
187.329
47.7778
-87.9603
-142.713
-142.408
-164.065
-246.271
-371.638
-494.869
-502.495
-415.409
-288.975
-213.785
-277.841
-468.484
-658.67
-743.163
-693.596
-557.705
-420.137
-332.594
-308.649
-302.548
-257.862
-110.38
90.0243
257.333
324.134
285.091
216.611
209.138
293.479
394.749
472.074
450.874
383.463
258.706
134.711
67.1471
54.0309
98.2601
172.23
213.561
142.947
18.0374
-125.174
-229.951
-259.234
-229.189
-168.488
-169.403
-241.695
-352.878
-417.239
-411.139
-355.166
-264.877
-167.115
-71.7937
-1.63699
23.3754
60.284
139.134
283.108
441.876
532.317
525.149
459.262
406.492
409.848
468.566
528.962
532.622
445.841
301.867
159.113
107.716
104.971
114.274
84.6863
-16.5834
-102.297
-126.546
-48.764
43.3548
88.1941
85.1439
38.9319
48.6928
109.394
176.653
165.367
47.9303
-123.954
-304.074
-451.86
-563.196
-655.925
-755.212
-852.821
-957.904
-1056.12
-1095.93
-1017.23
-872.038
-755.517
-662.788
-598.579
-568.534
-469.094
-309.564
-94.5184
121.595
293.326
392.766
386.97
338.166
313.763
375.684
513.253
658.141
702.676
574.258
349.147
130.593
44.7275
116.714
244.674
323.372
239.184
-3.7722
-276.926
-506.613
-614.593
-557.553
-401.988
-249.626
-194.873
-270.063
-337.322
-266.097
-0.874417
372.329
658.599
753.463
735.009
704.201
742.482
873.645
1002.67
1045.07
937.091
761.851
589.357
485.342
475.581
484.732
433.487
278.227
92.4646
-72.7088
-166.81
-158.727
-96.5011
1.4133
36.0341
46.1001
72.7902
114.274
189.159
256.875
275.635
249.097
143.404
24.138
-80.7921
-153.694
-203.261
-294.313
-439.202
-629.235
-795.323
-925.113
-1023.64
-1122.47
-1200.86
-1249.97
-1280.47
-1227.7
-1077.78
-870.971
-664.313
-510.273
-427.915
-342.812
-194.416
45.7951
326.575
582.494
775.425
821.18
755.141
640.907
587.527
589.662
581.884
510.965
359.213
157.436
-33.2075
-200.974
-370.875
-533.456
-657.908
-723.794
-750.179
-703.967
-625.574
-533.456
-426.543
-361.267
-244.745
-81.7072
120.527
341.368
535.977
677.816
765.054
794.795
840.091
887.371
917.721
972.322
981.778
914.976
821.18
706.946
550.771
396.121
264.044
215.239
214.476
241.166
266.484
257.028
254.435
213.561
154.538
149.963
195.869
236.896
227.288
155.606
62.5717
-8.65267
-50.8992
-101.382
-174.741
-262.895
-396.192
-558.468
-721.354
-849.466
-930.146
-1014.33
-1111.03
-1174.63
-1170.36
-1117.43
-1037.36
-1005.79
-985.509
-935.484
-811.795
-536.506
-222.631
48.0828
221.644
284.481
328.71
402.832
542.535
694.44
758.191
701.608
558.702
413.965
332.828
268.314
136.084
-65.6931
-290.957
-449.115
-522.017
-554.503
-509.053
-452.013
-452.928
-484.498
-493.802
-419.222
-253.439
-42.3584
166.434
356.315
432.42
429.674
433.487
486.257
629.164
808.521
947.614
968.661
909.486
772.985
587.832
456.822
416.863
478.784
533.995
514.015
395.206
255.198
192.819
171.467
221.797
282.498
320.626
298.359
219.204
148.437
105.733
97.9551
76.9081
59.9789
22.0028
-52.8819
-176.266
-342.965
-482.363
-598.579
-632.743
-665.991
-768.481
-898.728
-1008.69
-1047.28
-972.24
-829.792
-712.203
-666.296
-634.42
-556.333
-368.587
-111.143
133.644
312.238
410.153
460.94
518.743
546.043
543.755
514.168
445.078
387.123
317.729
232.321
85.4489
-83.9949
-230.256
-347.998
-432.796
-495.479
-547.182
-544.437
-502.8
-423.95
-339.304
-272.961
-197.008
-95.4335
28.2559
185.041
335.42
417.168
421.439
380.87
373.244
435.623
576.699
718.995
763.224
645.025
432.267
270.144
254.74
407.56
612.235
679.188
598.051
418.998
287.988
293.174
384.683
478.479
458.195
287.531
68.2147
-60.9652
-30.9198
69.2823
86.669
14.377
-148.814
-335.034
-479.313
-575.092
-670.261
-732.487
-762.838
-807.372
-872.343
-948.143
-989.779
-1004.57
-937.162
-800.661
-673.617
-545.657
-452.013
-345.1
-190.908
23.9855
243.759
386.97
462.008
482.445
509.592
589.51
652.041
674.308
654.329
567.243
455.449
340.148
215.086
87.8891
-46.1713
-211.345
-356.996
-477.178
-546.267
-549.927
-559.993
-582.26
-572.652
-525.982
-375.908
-213.175
-80.4871
-3.16214
9.19155
36.6442
117.172
262.518
433.945
550.924
536.13
504.102
446.756
384.835
358.298
337.708
377.667
465.515
543.603
590.73
566.48
509.135
512.642
606.897
756.513
865.714
840.244
681.171
464.6
346.401
377.819
517.37
580.359
439.588
174.975
-106.262
-284.704
-378.196
-432.796
-522.322
-685.36
-869.75
-1035.69
-1152.21
-1185.91
-1150.83
-1095.47
-1012.66
-914.285
-804.779
-692.223
-559.688
-398.785
-197.161
45.185
253.673
416.101
521.946
583.562
601.253
591.035
594.695
597.898
541.773
437.91
290.734
167.959
83.4662
0.498215
-91.7732
-209.514
-339.152
-460.249
-521.407
-539.709
-557.553
-550.69
-547.334
-486.024
-376.976
-228.884
-130.664
-104.432
-100.009
-102.449
0.3457
159.418
268.161
299.884
263.433
194.192
148.59
114.884
128
198.92
276.245
341.521
333.59
334.2
383.92
483.512
625.656
784.424
873.95
881.423
803.64
737.602
741.414
819.959
901.86
878.525
757.886
584.782
440.808
338.318
225
81.941
-91.6206
-302.701
-492.887
-675.447
-838.18
-957.904
-1040.57
-1058.26
-1042.7
-984.899
-916.725
-863.65
-782.512
-648.909
-425.628
-141.95
107.564
282.803
367.448
405.577
438.673
513.863
604.761
692.61
695.508
603.084
447.214
266.941
171.925
133.186
75.3829
-22.989
-141.645
-254.201
-351.048
-459.639
-538.946
-600.562
-632.438
-602.392
-572.957
-536.353
-508.291
-486.329
-460.859
-402.903
-297.82
-177.029
-92.5357
-70.2686
-71.0312
-53.1869
-27.412
-7.12752
-44.7986
-86.2826
-131.427
-113.125
-32.445
68.8248
160.791
235.066
350.824
493.121
645.483
751.023
774.663
767.494
784.119
854.275
945.784
977.66
902.927
740.499
601.253
521.488
469.786
403.747
260.841
51.8957
-164.065
-305.446
-383.991
-444.387
-527.203
-687.8
-841.078
-930.299
-917.183
-844.128
-765.888
-696.494
-602.087
-443.014
-224.766
23.0704
241.014
374.159
446.299
503.187
607.507
739.584
828.958
841.464
759.106
640.145
558.702
529.267
462.465
328.557
152.098
-34.5802
-153.694
-195.788
-218.97
-283.332
-401.835
-538.031
-650.587
-689.021
-673.617
-635.183
-617.796
-567.161
-502.953
-432.338
-378.501
-357.911
-333.814
-315.817
-283.027
-254.354
-233.612
-223.088
-227.664
-248.558
-263.657
-228.884
-197.618
-198.381
-180.689
-125.326
-9.11021
107.564
195.107
264.196
323.372
416.406
514.473
573.343
605.981
603.694
551.076
464.295
374.312
283.718
176.195
26.5782
-115.718
-219.58
-299.803
-346.32
-420.29
-517.137
-585.311
-604.07
-575.855
-510.426
-464.519
-445.455
-386.279
-302.701
-173.368
10.8692
202.885
342.894
453.314
545.586
673.088
832.313
914.519
920.467
843.447
796.625
829.72
874.712
845.124
681.324
434.555
186.566
53.4208
43.8124
83.4662
45.49
-90.7056
-339.915
-582.718
-669.346
-591.716
-443.319
-355.166
-338.847
-364.317
-412.054
-456.741
-473.06
-448.962
-397.565
-317.19
-251.761
-255.116
-292.787
-336.559
-360.657
-315.207
-207.989
-135.087
-85.215
-65.3881
-44.1886
17.4273
121.747
213.409
274.872
304.765
330.54
356.162
395.206
426.014
442.638
416.406
337.251
211.121
92.312
16.0547
-43.5785
-123.649
-239.865
-352.421
-450.03
-522.17
-596.902
-665.686
-707.017
-707.017
-667.974
-577.38
-500.97
-443.777
-402.14
-340.525
-187.095
26.1207
275.635
477.869
601.253
671.258
752.548
850.767
915.281
1000.69
1059.1
1070.69
1022.5
901.402
749.193
592.255
459.11
383.92
343.046
268.619
145.082
-40.8333
-211.65
-337.932
-376.976
-340.83
-314.14
-306.819
-334.119
-359.741
-375.145
-364.164
-343.117
-354.708
-322.68
-286.534
-247.796
-241.543
-272.198
-278.604
-289.585
-292.94
-254.049
-223.393
-204.024
-182.977
-172.301
-130.359
-82.0122
-32.1399
24.443
113.512
199.225
273.194
319.101
342.741
368.516
370.651
355.095
296.987
203.953
113.817
32.2213
-25.5818
-69.3535
-123.191
-235.289
-415.562
-615.509
-747.891
-750.942
-656.382
-525.677
-437.066
-448.505
-498.377
-503.715
-430.661
-243.983
-3.31465
168.417
283.718
383.463
471.921
577.614
694.287
763.987
821.942
903.08
980.405
1025.7
967.594
825.755
648.991
534.605
487.63
463.38
419.914
306.9
124.493
-64.0155
-188.62
-243.068
-224.308
-245.813
-326.493
-400.005
-440.269
-448.505
-444.997
-456.131
-478.55
-490.294
-515.154
-513.781
-519.119
-494.107
-451.25
-399.7
-349.37
-312.157
-291.72
-264.877
-205.397
-118.006
10.7167
103.903
115.037
65.7745
36.7967
61.3516
126.17
196.175
274.11
310.103
256.723
189.616
99.4802
59.8264
101.615
133.491
149.963
113.512
35.5766
-97.8737
-248.863
-393.295
-490.294
-524.915
-504.63
-445.15
-400.615
-385.211
-414.952
-455.978
-454.148
-387.194
-253.744
-104.432
-8.50015
43.9649
69.1298
133.644
182.296
249.86
365.161
495.103
625.046
703.286
766.122
806.691
850.92
921.839
985.59
1017.77
932.973
776.493
608.879
482.445
446.909
488.393
536.282
520.116
430.437
296.529
179.855
54.1834
-115.565
-376.06
-765.43
-1089.52
-1271.93
-1249.36
-1002.74
-692.223
-406.716
-242.763
-232.697
-311.852
-409.614
-497.92
-527.813
-493.497
-381.093
-230.409
24.2905
329.32
580.817
674.155
652.346
511.575
231.253
-13.3806
-231.782
-235.594
-128.072
32.6788
308.883
444.621
500.289
344.419
53.1158
-246.118
-574.025
-807.677
-827.961
-639.453
-432.796
-238.34
-82.1647
-60.9652
-145.153
-230.561
-235.594
-163.303
-81.7072
29.3235
205.63
391.393
584.934
661.344
641.67
532.927
399.324
360.738
410.458
461.245
514.168
539.333
537.655
589.815
670.19
711.064
634.044
493.426
343.351
232.473
227.288
387.58
495.103
436.995
355.095
323.677
356.162
379.802
387.58
282.955
77.3656
-96.1961
-271.283
-310.022
-305.599
-309.564
-404.733
-520.949
-615.814
-687.038
-599.952
-475.348
-390.244
-355.624
-346.473
-402.598
-470.772
-444.082
-350.896
-261.522
-103.364
8.42898
120.832
140.964
75.0779
-43.426
-167.573
-210.735
-342.812
-307.886
-217.293
-177.334
-134.02
-180.689
-238.492
-362.792
-400.615
-501.58
-634.878
-579.21
-637.166
-606.968
-529.033
-490.904
-434.779
-364.012
-197.618
-144.696
-87.8078
17.2748
125.56
233.541
332.828
355.552
340.301
387.885
481.224
543.603
598.966
677.206
634.959
533.232
470.091
610.862
631.909
633.739
616.657
496.476
480.462
351.587
391.851
281.583
105.123
64.0968
33.4414
134.406
154.386
170.705
105.123
-39.3081
-27.412
-58.9825
2.17588
-3.31465
-103.059
-238.035
-367.977
-397.413
-391.464
-276.163
-222.478
-163.15
-212.87
-308.039
-307.124
-352.573
-237.425
-83.9949
-18.5661
31.4587
68.3672
88.8042
102.531
203.648
177.11
80.5684
-18.8711
-125.936
-157.659
-149.881
-134.02
-181.452
-258.472
-302.243
-320.698
-347.998
-408.546
-502.495
-525.83
-645.859
-776.869
-780.529
-723.641
-588.361
-490.599
-383.229
-256.642
-158.117
-21.1589
42.7448
92.9221
117.629
101.615
160.639
223.78
316.356
407.56
405.272
364.551
311.476
358.145
453.009
545.738
512.642
357.688
214.476
149.963
292.716
401.002
408.017
239.489
66.9946
-52.1193
11.4793
106.953
191.752
197.852
-1.78951
-112.058
-102.449
-38.6981
-30.0047
-63.1004
-195.941
-417.392
-446.37
-370.57
-208.142
-92.9933
-30.4623
-92.2307
-152.474
-100.619
-80.4871
-24.8192
55.556
83.1612
49.3029
87.1265
116.714
249.86
328.405
384.835
364.551
280.82
144.777
91.8545
58.3013
-106.567
-81.4022
-213.632
-259.387
-365.384
-380.331
-344.49
-361.419
-388.262
-512.104
-639.148
-730.505
-646.164
-595.987
-536.506
-523.695
-391.769
-256.031
-132.19
-24.2092
-26.3444
18.3424
-37.1729
97.345
192.819
252.3
265.569
292.564
208.071
164.146
248.792
310.103
391.088
373.854
276.397
166.434
162.774
128.306
124.95
127.848
64.4019
22.1553
-17.346
-59.44
14.5296
59.0638
-47.0864
-102.297
-24.6667
-30.0047
28.5609
163.536
155.453
59.8264
-3.61968
-106.11
-175.504
-157.965
-165.743
-208.904
-309.717
-339.304
-226.901
-63.2529
-1.63699
101.463
126.475
70.655
37.8643
76.603
98.4126
40.152
86.974
149.505
220.272
318.491
390.021
419.609
344.571
257.18
195.412
73.2477
-15.5158
-104.279
-203.871
-318.41
-437.066
-541.996
-566.704
-640.368
-608.798
-549.927
-498.53
-457.961
-301.786
-130.664
-191.213
-152.169
-124.106
-83.9949
12.3944
141.879
245.589
303.697
325.812
285.396
318.491
289.666
301.257
366.838
459.72
502.424
492.511
452.857
347.012
359.975
305.375
275.025
240.861
100.853
26.4257
1.87085
69.7399
30.5436
94.1422
66.0795
-61.5753
-86.7402
-175.961
-137.223
-108.092
-77.5893
-69.3535
-5.29734
-39.6131
-139.815
-114.345
-172.148
-130.664
-76.0641
-37.3254
32.0687
120.68
192.362
184.431
234.456
264.959
251.232
269.839
264.196
269.382
218.594
214.781
139.592
169.027
215.391
153.165
106.191
-61.1177
-169.098
-242.458
-180.994
-135.545
-196.093
-345.558
-456.741
-555.418
-601.172
-545.352
-609.713
-624.964
-688.868
-587.903
-403.056
-299.803
-263.657
-286.839
-252.219
-209.972
-75.7591
53.7258
155.606
146.76
170.4
140.354
183.973
252.757
245.132
256.723
294.394
295.767
250.775
275.025
243.149
294.852
278.227
252.91
221.95
179.245
137.456
63.0292
251.842
259.316
288.293
278.99
238.574
156.368
82.5511
73.5527
108.479
134.711
144.625
71.7226
-129.444
-170.013
-279.519
-241.848
-211.802
-154.457
-113.888
29.171
104.056
245.742
353.722
404.51
435.318
425.252
468.871
441.266
410.763
363.636
369.736
395.816
462.923
354.18
294.394
96.2774
23.3754
-43.8836
-24.0566
-28.9371
-188.315
-320.088
-470.62
-555.418
-664.923
-570.212
-559.993
-576.465
-609.255
-537.879
-542.912
-392.075
-393.142
-472.145
-353.488
-253.134
-182.367
-174.284
36.7967
-67.8284
-27.5645
6.75132
103.293
194.344
207.613
144.777
26.8833
30.8486
26.4257
133.033
154.843
169.789
135.626
141.422
57.2337
65.622
29.0185
89.8718
148.59
187.634
250.47
197.852
237.048
146.455
148.437
153.013
138.829
205.783
193.887
136.084
104.818
73.4002
33.8989
-73.3189
-69.3535
-139.663
-75.4541
-74.844
-29.0896
78.7382
84.2288
235.828
250.317
223.475
170.095
186.566
195.564
293.936
466.888
564.04
536.587
590.73
487.173
336.793
339.233
341.826
194.649
187.481
118.85
-46.7813
-86.5877
-174.131
-310.632
-416.629
-391.617
-582.108
-537.726
-534.676
-590.954
-604.07
-586.683
-576.77
-485.261
-341.44
-353.488
-217.445
-166.963
-222.021
-207.532
-132.19
-68.7434
54.9459
67.6047
114.274
-56.2372
-9.56775
9.64909
-5.60237
113.969
51.7431
25.5106
-207.074
-230.714
-244.135
-248.863
-37.4779
52.3532
104.056
56.4711
36.7967
7.97143
-115.565
47.4727
8.27646
82.7036
95.8199
40.152
13.6145
-146.678
-82.6223
-91.7732
-2.70459
-33.2075
-31.3773
-39.0031
-92.9933
2.02336
56.7761
172.992
254.435
289.666
266.026
181.686
175.89
260.383
286.921
348.994
364.856
480.614
417.778
376.142
518.896
430.437
459.415
379.04
316.204
222.102
26.4257
-15.3633
-216.53
-233.002
-234.832
-221.868
-165.59
-190.908
-228.121
-320.393
-453.69
-505.24
-470.467
-410.529
-310.022
-212.717
-201.431
-151.406
-30.9198
-36.2578
59.0638
5.98874
10.1066
-110.837
-110.227
-44.7986
-75.3016
1.4133
-14.7533
8.73401
-19.4812
-67.8284
-75.1491
-119.836
-150.796
0.498215
-58.0674
22.6128
47.9303
34.0514
63.9443
61.199
82.5511
31.9162
30.5436
-18.1086
20.4776
10.7167
-12.9231
-60.3551
-120.903
-187.857
-236.815
-130.512
-129.139
-141.95
-174.894
-135.85
-37.9355
-17.9561
118.087
117.935
109.699
10.4117
88.1941
194.497
240.709
369.889
444.926
422.049
427.387
472.836
387.885
387.428
333.133
345.029
235.981
244.064
136.236
18.6475
-64.3205
-62.3378
40.9146
-22.684
-147.441
-291.11
-367.367
-484.956
-390.702
-326.188
-333.051
-305.904
-269.605
-208.904
-170.471
-102.754
-18.5661
-35.6478
-50.4417
-29.3947
-49.2216
-82.9273
-109.465
4.61611
-42.5109
-52.8819
-40.9858
-30.9198
-155.982
-160.405
-141.035
-295.38
-169.251
-231.324
-148.204
-92.0782
-38.088
82.7036
38.7794
151.183
63.1817
23.0704
15.2921
-4.8398
62.1141
48.0828
49.913
33.5939
-23.2941
-78.0468
-103.822
-169.708
-276.621
-235.594
-238.187
-252.676
-193.805
-103.974
-50.1367
-87.8078
-47.6964
-70.8786
-7.89009
89.4143
193.124
330.235
347.622
415.338
397.494
356.925
300.342
363.636
332.675
312.848
304.307
245.437
204.105
15.5972
5.98874
-20.7013
55.4035
25.6631
-7.58506
-103.059
-221.411
-258.014
-290.347
-205.092
-170.166
-107.94
-149.119
-186.79
-199.906
-108.702
-2.09453
52.9633
67.9097
13.3094
-17.9561
-67.6758
-50.7467
-14.6007
40.3045
8.27646
-17.041
16.2072
18.8
93.9897
116.714
88.4992
47.6252
-1.33196
-4.68728
-25.8868
45.0325
16.8173
-30.4623
21.3927
14.072
-18.7186
-2.24705
2.63342
-134.782
-107.787
-74.9965
-99.5514
-57.7624
13.6145
-65.0831
-164.675
-57.9149
-67.8284
-34.7327
55.7085
92.6171
27.4933
7.6664
-9.41524
-69.506
-88.5703
21.8503
153.013
107.411
169.637
147.37
142.489
114.579
86.2115
164.299
194.954
233.083
249.25
324.134
262.366
280.515
260.841
139.897
1.71833
26.2732
56.3186
-17.4985
49.6079
48.3878
-32.1399
-55.1696
-58.0674
-102.297
-48.6115
-32.9025
-13.5331
-6.975
-37.0204
49.7605
54.7934
98.1076
16.9698
-32.2924
-31.0723
-61.1177
4.92114
95.3623
60.589
77.2131
76.603
23.9855
50.9806
48.6928
80.7209
53.2683
21.8503
131.661
98.1076
156.673
201.055
110.156
93.8372
68.2147
45.9476
20.7827
52.3532
43.6599
-34.4276
-183.434
-212.87
-261.369
-291.415
-206.617
-217.445
-279.366
-267.013
-288.822
-172.453
-166.048
-57.3048
-29.8522
-91.7732
-145.916
-148.509
-1.02693
96.2774
124.035
134.864
119.46
45.9476
114.884
133.186
133.338
122.815
167.197
183.821
189.159
270.297
261.603
239.946
95.9724
110.614
87.7366
115.952
47.4727
-61.2702
-37.0204
-108.092
-108.855
-33.8176
17.5799
-115.87
-77.5893
-40.3757
-68.7434
60.1314
140.202
41.9822
13.462
77.3656
55.556
49.1504
52.0482
119.765
94.2947
150.573
237.811
197.852
109.699
110.156
32.0687
-27.2595
23.6804
76.298
97.345
109.241
136.541
122.052
78.1282
-3.46717
-58.83
-78.6569
-49.9841
34.814
48.0828
-19.4812
-66.6082
-94.5184
-115.87
-163.608
-179.469
-192.89
-179.164
-210.735
-227.664
-189.84
-233.612
-180.842
-245.813
-231.477
-221.106
-252.524
-184.655
-132.037
-112.668
-68.5909
-7.43255
28.1034
25.5106
-22.074
-13.5331
-58.83
-44.9512
2.63342
67.2996
45.9476
28.4084
54.0309
47.6252
64.5544
147.217
158.808
155.453
127.39
69.8924
0.955759
0.955759
49.1504
34.3565
-30.6148
-113.278
-137.833
-156.439
-171.996
-103.212
-121.056
-127.767
-94.976
-84.2999
0.3457
23.6804
80.2634
26.1207
54.1834
101.615
139.897
205.935
192.057
322.762
206.851
157.436
248.182
160.791
149.658
191.752
169.942
45.0325
44.4224
13.0044
-77.7418
-51.6618
-45.1037
-85.8251
-127.157
-99.0939
-180.232
-153.694
-133.562
-160.1
-125.784
-123.649
-143.781
-137.07
-105.194
-171.996
-127.004
-134.477
-214.547
-277.078
-232.239
-236.205
-143.628
-145.153
-168.946
-239.865
-220.953
-124.869
-116.176
-45.8662
-64.3205
-28.9371
-57.9149
56.3186
111.224
134.406
190.379
130.746
139.897
162.621
225.61
201.513
130.288
105.428
4.4636
-19.6337
-31.3773
-25.4293
-22.5315
-121.208
-77.2843
-102.602
-134.172
-54.4071
-101.839
-96.8061
-171.538
-73.0139
-145.306
-131.274
18.3424
-41.7483
14.377
26.5782
76.298
113.359
174.06
188.244
219.509
207.156
180.618
194.344
281.43
293.936
357.84
326.422
198.767
111.681
13.0044
-89.1804
-76.3692
-68.1334
-132.19
-20.2438
-114.955
-137.528
-138.29
-151.711
-138.595
-126.546
-173.826
-189.383
-158.422
-78.1994
-86.8927
-11.3979
12.6994
-76.0641
-79.267
-92.5357
-47.6964
-8.65267
-24.9717
-77.4368
-76.6742
-182.824
-204.939
-228.274
-171.691
-153.847
-71.1837
-45.1037
-95.8911
-68.2859
-48.459
-29.5472
91.0919
190.379
238.269
196.48
235.371
178.483
224.847
218.747
243.454
208.986
42.2872
98.7177
19.41
-2.70459
47.0152
67.7572
24.5955
91.2444
45.9476
-37.9355
-8.95769
-8.19512
-90.7056
-106.72
-114.955
-106.262
-1.94202
99.3277
185.804
210.511
266.789
253.062
253.52
281.278
346.096
416.101
417.016
378.277
296.072
234.456
224.39
164.604
168.874
174.365
67.6047
-52.2719
-118.158
-239.712
-267.165
-181.452
-209.209
-241.085
-226.596
-213.022
-239.407
-158.27
25.2056
-74.0815
-58.6775
-21.0064
-61.2702
-29.2421
37.2542
79.9584
-39.6131
-90.8581
-172.758
-190.45
-202.651
-199.143
-161.015
-182.062
-209.82
-144.086
-134.325
-158.575
-197.161
-87.0452
-39.6131
83.6187
174.212
157.588
135.169
72.0276
90.7869
54.6409
113.969
177.873
167.502
152.555
177.568
203.19
171.01
162.774
154.996
82.5511
100.7
98.4126
162.621
52.6582
-4.38225
-74.3865
-173.826
-172.453
-168.336
-19.4812
-21.6164
-12.9231
71.4175
85.1439
176.805
242.081
320.779
304.155
399.477
366.381
302.63
304.46
310.103
239.946
278.99
288.598
223.78
147.37
43.8124
24.138
-46.1713
-47.3914
-149.881
-210.887
-261.522
-336.559
-284.857
-234.222
-181.757
-135.697
-189.078
-178.859
-211.497
-218.513
-191.365
-156.897
-158.117
-129.749
-137.68
-145.763
-156.287
-190.298
-242.153
-242.61
-234.374
-238.645
-208.752
-192.585
-180.689
-197.923
-142.256
-108.55
-47.2389
-63.7105
-54.8646
-78.9619
-65.3881
0.3457
49.3029
101.31
83.3137
88.1941
97.8026
80.5684
125.255
130.441
70.8075
81.4835
-54.7121
-20.8538
-2.55208
2.48091
36.3392
37.2542
37.5593
28.2559
-0.874417
-22.379
24.443
99.9378
112.444
181.686
280.668
284.633
376.752
394.291
325.354
271.974
305.833
235.676
304.46
348.537
292.259
273.042
223.78
185.346
124.798
180.313
110.766
77.3656
35.7291
-77.2843
-69.0485
-64.0155
-50.8992
-52.1193
16.9698
-24.0566
-95.586
-148.356
-121.666
-114.955
-134.02
-145.916
-204.024
-223.393
-242.305
-233.917
-229.799
-238.492
-259.539
-317.19
-275.401
-203.871
-241.238
-246.881
-222.021
-205.854
-150.949
-61.4227
-24.9717
-51.6618
-92.6882
-99.3989
-81.7072
19.2575
96.1249
71.8751
48.6928
-16.4309
-14.1432
26.8833
78.1282
24.9006
-30.1572
-88.2653
-127.614
-152.321
-202.804
-211.955
-174.741
-115.108
-58.6775
-35.4952
5.98874
15.5972
13.0044
77.8231
75.2304
120.985
144.472
170.705
186.414
201.208
265.569
214.934
238.879
170.857
143.709
174.06
171.62
167.349
61.5041
-12.618
22.4603
-30.7673
-28.022
43.9649
41.9822
-33.2075
-103.059
-4.8398
-68.2859
-2.70459
-18.4136
-87.1977
-150.186
-126.699
-125.326
-127.767
-26.6494
-108.702
-148.051
-91.4681
-142.256
-158.727
-92.2307
-113.278
-183.892
-182.977
-182.214
-270.368
-188.162
-210.735
-249.321
-189.383
-157.812
-107.33
-60.8127
-67.3708
-82.0122
-82.9273
-53.9495
-70.7261
-8.34764
0.955759
-1.17945
-38.393
-58.3724
-37.3254
-24.9717
23.9855
-24.9717
12.6994
-0.721903
-29.8522
-21.9214
-55.4747
-122.124
-152.016
-161.167
-161.93
-131.274
-78.9619
-85.6726
-52.1193
15.4447
49.913
85.6014
93.2271
134.559
66.6896
4.61611
17.5799
63.3343
114.122
225.915
237.506
256.57
196.632
159.113
135.931
102.531
67.6047
48.8454
47.7778
-4.8398
7.81892
11.6318
43.0498
68.2147
143.252
46.4051
38.7794
-3.16214
-32.2924
-66.4557
-23.7516
-63.1004
-99.7039
-77.7418
-111.143
-142.408
-73.6239
-99.8564
-171.996
-188.01
-189.535
-187.705
-141.493
-35.9528
-56.6948
0.193185
-18.5661
21.2402
28.7134
42.8973
-33.2075
1.87085
-42.9685
-27.5645
41.5247
47.6252
48.0828
13.462
-36.2578
-114.345
-76.3692
-46.7813
35.119
59.3689
49.6079
18.0374
4.92114
-24.0566
31.1537
43.0498
-29.8522
-57.4574
-70.4211
-88.1128
-10.9404
55.7085
80.8734
105.276
93.2271
78.4332
20.6301
71.7226
-16.2784
0.498215
-20.5488
-41.9009
-51.0517
-80.6396
-68.2859
-57.1523
27.0358
-2.39956
9.80161
37.8643
53.1158
58.4538
142.337
221.034
131.203
97.1925
26.8833
-30.4623
0.650729
-20.8538
24.748
-20.5488
-8.19512
-50.2892
-103.212
-56.9998
-139.815
-188.925
-237.73
-248.101
-256.794
-157.812
-181.147
-150.034
-120.903
-142.713
-117.548
-150.491
-101.229
-124.106
-65.6931
-58.6775
20.9352
31.3062
100.548
16.3597
15.2921
-25.4293
-50.8992
-46.6288
-30.9198
-2.24705
-145.916
-144.086
-162.998
-151.711
-124.259
-42.5109
-91.6206
-80.3346
-116.786
-114.955
-136.46
-122.429
-42.5109
-39.3081
28.1034
93.9897
71.8751
116.409
112.749
33.5939
71.7226
73.7053
121.747
138.829
164.604
86.669
34.0514
33.2889
-13.5331
-59.44
12.6994
-41.5958
-28.6321
-18.2611
4.00605
7.51389
-5.9074
-0.721903
-19.1762
-17.9561
4.92114
92.7696
112.749
174.67
182.753
210.816
221.644
138.066
112.596
92.312
67.4522
43.0498
72.9427
-7.89009
-18.8711
-65.8457
-105.805
-99.7039
-161.472
-136.765
-174.131
-137.833
-51.6618
-13.2281
-10.7879
32.5263
-69.3535
-52.2719
-41.2908
-45.2562
-12.7706
1.4133
20.9352
49.3029
111.681
141.879
129.221
181.838
124.645
30.8486
9.19155
-45.8662
-52.5769
-86.8927
-130.359
-64.3205
-62.4903
-105.194
-80.182
-72.2513
-72.7088
-65.5406
-8.19512
-0.721903
5.5312
74.6203
63.0292
109.699
177.873
149.2
199.377
160.486
117.477
58.1488
20.6301
30.2386
77.3656
-0.264359
17.8849
-29.0896
-38.6981
-3.46717
-11.0929
-20.2438
-26.3444
12.5469
-14.2957
27.4933
80.5684
118.85
46.2526
82.5511
47.6252
64.8594
73.0952
60.284
95.6674
67.4522
128.153
106.038
84.6863
113.969
44.88
2.32839
14.5296
-79.4195
-142.408
-215.158
-186.485
-204.329
-112.515
-110.38
-116.786
-92.9933
-66.6082
-35.3427
-58.6775
-4.68728
-34.8852
-50.4417
-32.1399
2.02336
61.8091
119.307
59.6739
55.0985
90.9394
34.3565
51.4381
73.4002
-1.02693
14.2245
20.1726
-58.0674
-68.1334
-116.328
-116.023
-103.974
-53.492
1.4133
49.1504
28.2559
-15.8209
50.8281
43.5073
58.6063
61.6566
123.425
127.39
110.309
45.49
-41.2908
-12.618
-33.6651
-33.36
-22.2265
-1.17945
-49.8316
-116.481
-96.3486
-87.8078
-56.0847
5.22617
-38.8506
9.95412
33.5939
79.3483
41.3721
73.2477
35.5766
11.1742
20.7827
37.1017
81.4835
90.9394
105.733
117.477
120.68
103.903
56.9286
20.4776
59.8264
28.8659
-15.8209
-58.0674
-89.7905
-120.141
-144.238
-185.57
-157.965
-166.505
-158.117
-134.935
-52.2719
-24.8192
7.81892
35.7291
34.204
88.0416
41.6772
152.403
128.458
130.136
132.118
