3.20336 2.77993 1.62094 0.198312 0.226531 -0.229495 0.378576 -0.271265 0.101708 0.141173 0.428719 0.0698563 
2.94755 2.32587 1.07877 -0.225471 0.26534 -0.425135 0.844788 -0.15477 -0.00452604 0.323706 0.426265 0.0825843 
3.07643 2.43514 1.34914 -0.158421 0.184467 -0.340761 0.948171 -0.157536 0.0913539 0.0950334 0.369266 0.0586881 
3.47126 3.01731 1.86929 0.826537 1.12369 -0.119188 1.19465 0.446881 0.260116 0.218666 0.28442 0.0629085 
3.29958 2.66168 2.46485 1.95168 1.46733 0.89943 0.378997 0.241483 -0.041517 0.0770757 -0.0487357 -0.028745 
3.23084 2.78991 2.38657 1.77645 0.928584 0.576879 0.306797 0.241687 0.00500397 -0.191912 -0.229172 -0.0688837 
3.49894 3.09564 2.56334 1.91773 1.31226 0.629844 0.174015 -0.29274 -0.445326 -0.407736 -0.18987 -0.0978662 
3.60077 3.13772 2.48631 1.90368 1.47377 0.865617 0.231063 -0.164974 -0.402984 -0.446216 -0.241339 -0.108468 
3.83544 3.37114 2.79951 2.24734 1.72493 0.912115 0.344677 -0.402976 -0.629557 -0.5566 -0.198021 -0.118337 
3.71705 3.21459 2.54436 1.82861 1.22286 0.710703 0.116906 -0.350816 -0.621066 -0.570649 -0.219738 -0.118831 
3.86914 3.239 2.43327 1.60064 1.07462 0.829115 0.262766 -0.412585 -0.82346 -0.658885 -0.210935 -0.116291 
4.11473 3.45667 2.40951 1.47176 0.926331 0.499857 0.0253006 -0.540751 -0.807122 -0.55802 -0.254285 -0.112813 
4.15673 3.51155 2.51633 1.4001 0.80755 0.240601 -0.154011 -0.649576 -0.824285 -0.690414 -0.22007 -0.108406 
5.06299 4.12753 2.4158 1.00181 0.384145 0.204419 -0.15101 -0.702806 -1.03865 -0.780077 -0.289113 -0.0944096 
3.68409 3.14999 2.3482 1.28226 0.33626 -0.337178 -0.746358 -0.844909 -0.695159 -0.387849 -0.105651 -0.0706148 
3.97293 3.2183 2.19945 1.17267 0.406883 -0.26211 -0.766431 -0.882803 -0.729513 -0.342533 -0.0761318 -0.0551145 
4.80848 3.71725 2.20949 1.02497 0.16863 -0.233063 -0.455844 -0.89241 -0.752283 -0.349686 -0.137274 -0.0457046 
4.0602 3.48924 2.42555 1.14856 0.233234 -0.474502 -0.868752 -1.1238 -0.793907 -0.311945 -0.125505 -0.052509 
4.02295 3.21635 2.00283 0.821762 0.0817564 -0.257231 -0.526828 -0.748374 -0.737113 -0.42298 -0.110516 -0.062968 
4.32383 3.39174 1.92218 0.649816 0.022615 -0.246952 -0.479772 -0.831975 -0.90242 -0.551232 -0.103141 -0.0541218 
4.59004 3.55971 1.88149 0.368843 -0.305707 -0.233995 -0.288343 -0.665975 -0.999751 -0.689767 -0.152175 -0.0611014 
4.3959 3.45598 1.79185 0.388589 0.0195278 0.0538656 -0.229665 -0.757038 -1.14251 -0.829414 -0.125864 -0.0556763 
5.67804 4.06041 1.54369 -0.284076 -0.0169176 0.639679 0.349235 -0.680248 -1.31199 -0.76869 -0.319993 -0.0285483 
6.01397 4.37174 1.49998 -0.494579 -0.0276317 1.06424 0.689391 -0.598027 -1.43583 -0.686755 -0.361619 -0.00719701 
4.71464 3.64371 1.73499 0.182069 0.0189953 0.494307 0.42315 -0.496921 -1.04192 -0.742412 -0.150141 -0.0320292 
5.05468 3.79312 1.82151 0.272266 -0.0123769 0.435936 0.190184 -0.644318 -1.18033 -0.808363 -0.172436 -0.0187411 
5.46328 3.78114 1.65709 0.363275 0.132022 0.259309 0.030617 -0.911044 -1.21219 -0.912703 -0.189118 -0.00433074 
6.30261 3.95898 1.47256 0.158759 -0.0353638 0.302017 0.0481049 -0.95683 -1.49158 -0.670676 -0.213327 0.00755401 
7.67951 3.38937 1.68474 0.00952017 0.125688 0.049516 0.470623 -0.873124 -1.62961 -0.788985 -0.203129 0.00545848 
4.01069 3.08335 1.89382 0.858596 0.517752 -0.00679983 -0.186311 -0.736915 -1.09444 -0.775538 -0.0658386 -0.0615471 
3.82061 2.85597 1.97538 1.00253 0.517557 0.0972554 -0.317892 -0.796343 -0.891543 -0.61347 -0.175352 -0.0908045 
4.69005 3.39512 1.76959 0.564212 0.498941 0.294881 0.290909 -0.657855 -1.23177 -0.862345 -0.31521 -0.0921582 
6.44458 2.54474 2.16691 0.0284902 1.177 -0.0641587 0.0494013 -0.799363 -1.45054 -0.912681 -0.390525 -0.0715581 
3.71527 2.8055 1.83413 0.986293 0.372868 -0.147482 -0.670845 -1.04695 -0.989471 -0.583599 -0.135767 -0.0862248 
3.78413 3.06162 2.17329 0.655281 0.0348712 0.0783697 -0.239421 -0.800582 -1.06773 -0.67787 -0.127949 -0.0811483 
4.53991 3.70056 2.00238 0.356736 0.513705 0.798616 -0.164424 -0.823201 -1.10859 -0.765414 -0.171027 -0.0431891 
4.4843 3.28897 1.84796 1.03346 0.727838 0.572351 0.115424 -0.730577 -0.995906 -0.652439 -0.101263 -0.0372121 
3.70244 2.88721 1.85579 1.04813 0.73974 0.681121 0.321261 -0.373944 -0.78388 -0.593669 -0.121188 -0.0682517 
4.23639 3.38406 1.9615 0.815873 0.516094 0.698393 0.490856 -0.282522 -0.863476 -0.722502 -0.152434 -0.0661523 
5.11632 3.91854 1.94301 0.66974 0.687919 1.02604 0.597662 -0.477069 -1.04519 -0.763556 -0.253972 -0.0462765 
4.51552 3.4307 1.96807 0.981364 0.760632 0.865361 0.487651 -0.372926 -0.909448 -0.69538 -0.136107 -0.0414765 
4.23836 3.45325 2.03613 0.802526 0.55519 0.863529 0.698572 -0.0824631 -0.741796 -0.699802 -0.169771 -0.0624405 
3.92214 3.13081 2.07568 1.21296 0.927513 0.936623 0.656307 -0.081173 -0.669938 -0.647947 -0.149547 -0.0598948 
4.12343 3.29466 2.03076 1.07874 1.01517 1.3801 0.999735 -0.0462151 -0.833505 -0.767208 -0.149326 -0.0497973 
5.37616 4.15869 2.02007 0.536344 0.706916 1.59021 1.34791 -0.0124538 -0.878388 -0.87442 -0.358916 -0.0575948 
5.08915 3.99244 2.0394 0.597067 0.57282 1.28039 1.14029 -0.0801301 -1.01263 -0.876952 -0.293261 -0.049616 
4.37928 3.45076 1.97138 0.82582 0.662615 0.98666 0.726286 -0.25549 -0.926818 -0.796174 -0.114882 -0.0372384 
4.46398 3.66509 1.99608 0.571687 0.319588 0.734628 0.632455 -0.245878 -0.969882 -0.821989 -0.110991 -0.038033 
4.7894 3.86852 2.02578 0.57031 0.335721 0.959046 0.698572 -0.35121 -1.1209 -0.978254 -0.170231 -0.0312978 
4.73548 3.74719 2.02733 0.601596 0.511552 1.01848 0.798766 -0.269946 -1.14273 -1.01473 -0.170851 -0.0335814 
5.05482 3.89746 1.88493 0.572764 0.617905 1.14959 0.961724 -0.140887 -1.15321 -0.969345 -0.266411 -0.0373012 
5.12179 3.9004 1.99095 0.612812 0.773005 1.61264 1.33599 -0.0444726 -1.06273 -0.979724 -0.329221 -0.0468418 
4.69854 3.65797 1.89 0.713778 0.887583 1.49215 1.3266 0.160531 -0.876655 -0.935988 -0.263312 -0.0511611 
4.57288 3.56131 1.95425 0.74426 0.759 1.30533 1.16506 0.15354 -0.738676 -0.74755 -0.199203 -0.0419281 
4.66229 3.62114 1.86423 0.697906 0.75155 1.25308 1.03579 0.0742619 -0.719525 -0.617045 -0.131526 -0.0108564 
5.43544 3.99144 1.83993 0.463049 0.634932 1.28229 1.05752 -0.050581 -0.79617 -0.413818 -0.14972 0.0187061 
5.41894 3.7209 1.80128 0.544902 0.741482 1.36885 0.754007 -0.262545 -0.729327 -0.425167 -0.0135441 0.065148 
6.54801 4.01567 1.41772 0.0457391 0.743548 1.40435 0.892845 -0.278059 -0.946042 -0.374468 -0.00800413 0.0998259 
5.2853 3.84356 1.7392 0.447047 0.613593 1.169 0.832724 -0.256452 -0.8791 -0.570185 -0.0541509 0.0559497 
4.5133 3.6691 2.11039 0.520115 0.509347 0.935991 0.763639 -0.277514 -0.885781 -0.553588 -0.0583276 0.00301587 
4.03457 3.21924 1.999 1.05789 0.879433 0.721942 0.0684021 -0.317881 -0.668241 -0.482075 -0.0288565 -0.0259128 
4.03801 3.41348 2.30942 0.66084 0.621364 0.885944 0.506063 -0.492521 -0.937123 -0.562974 -0.0716536 -0.0365531 
4.09449 2.80186 1.96935 1.31309 1.09535 0.7461 0.100819 -0.626025 -0.842096 -0.486827 -0.0224981 -0.0323692 
4.3406 3.28302 1.85444 0.837936 0.765543 0.933454 0.527492 -0.469976 -0.946663 -0.628402 -0.0942711 -0.0314745 
4.11914 3.05101 1.60275 0.753831 0.778853 1.12831 0.82744 -0.254159 -1.03458 -0.789323 -0.0906038 -0.0323962 
3.98953 2.86771 1.62057 0.730945 0.980331 1.17207 0.860074 -0.285902 -1.06835 -0.779561 -0.0815656 -0.0331192 
3.75428 2.67943 1.4442 0.754282 1.02895 1.10385 0.811354 -0.132458 -0.891179 -0.695918 -0.108039 -0.0477224 
4.2643 2.53321 1.33597 0.907835 1.25986 1.41025 1.18167 0.152926 -1.11492 -0.840287 -0.18533 -0.0320909 
5.0139 2.7831 1.41792 0.940952 1.19499 1.43342 1.4992 0.0106359 -1.25492 -0.835619 -0.24005 -0.0274449 
4.64259 2.8486 1.26979 0.864721 1.39107 0.956286 1.39177 0.00579831 -1.13483 -0.787817 -0.208247 -0.0249682 
4.13349 2.81449 1.27709 0.538695 0.868153 1.26995 0.931021 -0.101023 -0.990695 -0.383692 -0.16478 -0.0368333 
4.42633 2.72224 1.30827 0.861638 1.16136 1.13233 0.705142 -0.220715 -0.56434 -0.38955 -0.104763 -0.0322412 
4.11555 2.66653 1.13067 0.58854 0.908997 1.22428 0.792558 -0.161188 -0.631069 -0.361765 0.0168649 0.00311952 
4.2878 2.78738 1.11832 0.519915 0.931424 1.31104 0.866558 -0.172049 -0.746938 -0.42804 0.0798779 0.0380731 
5.09467 3.16349 1.01567 0.216053 0.74449 1.6951 1.28495 -0.192055 -0.854433 -0.528492 -0.054095 0.0504084 
5.68275 3.3633 0.976445 -0.172293 0.892909 2.13585 1.71053 -0.295482 -1.00734 -0.368255 -0.139275 0.0412159 
3.97994 2.80224 1.24508 0.513794 0.918267 1.53863 1.25648 0.194131 -0.669414 -0.60414 -0.108565 -0.0297501 
4.46428 3.03561 1.10274 0.468781 1.02124 1.89929 1.61516 0.279644 -0.740279 -0.674264 -0.19313 -0.0169985 
5.1793 3.31147 0.816642 0.0681702 1.10837 2.42798 2.14251 0.300459 -0.747322 -0.486358 -0.277927 -0.00115614 
5.20143 3.19203 0.753651 0.0295768 1.29051 2.51151 2.11622 0.241851 -0.751914 -0.495473 -0.198414 0.032169 
4.20002 2.79701 1.09655 0.452648 1.2779 2.21278 1.90807 0.397381 -0.749599 -0.606434 -0.0904401 0.0377049 
6.76258 3.63217 0.300286 -0.72811 1.79381 3.12172 2.08363 0.385708 -0.714227 -0.589692 -0.147271 0.048178 
4.12527 2.7542 1.10111 0.826027 1.76696 2.40327 1.85759 0.22655 -0.75952 -0.618717 -0.132648 0.031778 
3.95569 2.51378 1.16745 0.720882 1.58041 2.32227 1.66441 0.294995 -0.616088 -0.4601 -0.0948974 0.0290981 
4.09058 2.61391 0.974386 0.751767 1.83136 2.44388 1.70652 0.201319 -0.528084 -0.456566 -0.0764682 0.0390727 
5.61583 3.31493 0.533794 -0.315618 1.78609 3.04158 2.24035 0.267538 -0.716579 -0.147191 -0.0915954 0.0584586 
4.08128 2.67192 0.997512 0.65197 1.64689 2.33303 1.71802 0.432348 -0.378471 -0.270927 -0.0803847 0.0204321 
3.73363 2.54672 1.29739 0.938485 1.67706 2.08628 1.51263 0.340345 -0.354955 -0.267824 -0.0221559 0.01474 
4.46896 2.87312 1.21287 0.723205 1.52944 2.13584 1.49656 0.401334 -0.291631 -0.103962 -0.0719527 0.0091462 
5.20573 3.68831 1.09973 -0.0768127 1.18454 1.87917 2.12089 0.625382 -0.330224 -0.161903 -0.219108 -0.00311974 
4.58618 2.96902 1.13869 0.273824 1.00329 1.79041 1.60741 0.610539 -0.182117 -0.151991 -0.150874 -0.0113547 
4.15107 2.81995 1.20586 0.302493 0.688056 1.3161 1.40824 0.640864 0.0172052 -0.329708 -0.105759 -0.0170726 
6.06167 3.66174 0.528657 -0.969072 0.923441 1.73937 1.79702 0.384022 -0.387754 -0.246317 -0.184824 0.00246292 
3.88767 2.78024 1.13659 0.240491 0.564033 1.05285 1.00404 0.310034 -0.34044 -0.397791 -0.135578 -0.0260978 
4.22838 2.89892 1.17811 0.306109 0.598712 1.38982 1.35068 0.40351 -0.315063 -0.431504 -0.261068 -0.0559157 
3.84923 2.70803 1.37685 0.715717 0.94925 1.45206 1.15219 0.385934 -0.248688 -0.47855 -0.202209 -0.0582999 
4.65553 3.30728 1.49964 0.491147 0.923708 1.53489 1.38815 0.560785 -0.199634 -0.286122 -0.314257 -0.0898919 
3.69205 2.932 1.79458 1.00774 0.73297 0.787754 0.929947 0.554655 0.135526 -0.242743 -0.300985 -0.0955849 
4.75394 3.55672 1.91964 0.739779 0.681837 1.1648 1.27095 0.581011 -0.140649 -0.440878 -0.254226 -0.0883202 
3.99884 3.19337 1.906 0.86553 0.524947 0.695496 0.752576 0.451188 0.0465692 -0.294092 -0.180401 -0.0781998 
3.53019 2.78787 1.87867 1.22164 0.930007 0.870357 0.599684 0.166693 -0.213107 -0.271049 -0.0944518 -0.052106 
4.14494 3.351 2.07265 1.21339 0.983529 1.0696 0.724455 0.173229 -0.159429 -0.288866 -0.0990118 -0.0466852 
5.02004 3.89994 2.25814 1.24001 1.22756 1.32023 1.17114 0.397917 -0.0950692 -0.370289 -0.161164 -0.0530163 
4.15865 3.56852 2.67878 1.65772 1.21179 1.10429 0.887882 0.443551 -0.0394516 -0.221973 -0.114136 -0.0500015 
3.66164 3.22877 2.5139 1.78195 1.21641 0.809735 0.702799 0.433732 0.131635 -0.0760614 -0.175899 -0.045815 
4.2117 3.71518 2.53925 1.54147 1.05341 1.18003 1.13798 0.652634 0.0367435 -0.344489 -0.129004 -0.0652415 
5.69074 4.28078 2.69386 0.501642 1.43786 1.4201 1.54453 0.589188 -0.260741 -0.683802 -0.32004 -0.082872 
3.77649 3.21099 2.25264 1.32586 0.868928 1.02262 0.892957 0.423495 0.0477409 -0.308032 -0.268931 -0.0963285 
3.91736 3.25113 2.13982 1.30113 1.36701 1.13522 0.829568 0.209867 -0.418047 -0.435252 -0.173283 -0.0812046 
4.82611 3.88568 2.21308 0.284195 1.34313 1.43257 1.33869 0.40375 -0.343604 -0.673237 -0.322069 -0.102756 
4.66928 3.75207 1.80488 0.715329 1.49175 1.74609 1.42803 0.148641 -0.368394 -0.898767 -0.248 -0.0747467 
3.96406 3.07919 1.81874 1.05531 1.41335 1.49307 1.42248 0.111288 -0.51319 -0.605846 -0.197315 -0.0611484 
4.43104 3.20895 1.97085 0.835254 2.06873 1.96543 1.66202 0.696764 -0.511116 -0.874408 -0.172053 -0.0320641 
4.54617 3.45228 1.95475 0.87524 1.33242 1.97201 1.95026 0.287316 -0.131142 -0.557256 -0.143614 -0.0158996 
4.1696 3.28213 2.06766 0.93955 1.50886 1.82383 1.6576 0.852802 -0.365658 -0.38037 -0.0803598 -0.0125617 
3.69177 2.79256 1.99368 1.34349 1.49268 1.66664 1.41363 0.675621 -0.124006 -0.285177 -0.00618745 0.000778479 
4.56058 3.23275 2.00729 1.17734 1.7143 1.81777 2.12148 0.423201 -0.345633 -0.198999 -0.00198431 0.0353825 
5.04588 3.53795 2.28499 0.934023 1.64049 2.22369 1.47353 0.932561 -0.467664 -0.174627 0.0592591 0.0531713 
3.89838 3.13697 2.38505 1.52171 1.34696 1.78563 1.79743 0.694641 0.11369 -0.0425479 0.129906 0.0312328 
3.77076 3.15602 2.26934 1.65154 1.30636 1.4924 1.41505 0.860884 0.290555 0.0292173 0.0851922 0.0195488 
3.55185 3.03489 2.34734 1.65236 1.40966 1.27725 1.05116 0.498196 0.225117 0.162418 0.0732915 0.0232382 
3.56378 2.95333 2.35996 1.73073 1.49732 1.36047 1.0139 0.512174 0.0851966 -0.0849952 0.00334798 0.00160707 
3.84995 3.21772 2.39651 1.47278 1.31766 1.2776 1.35646 0.644892 -0.0517982 -0.214411 -0.0078655 -0.0108713 
3.99954 3.45217 2.64636 1.67069 0.772352 1.27667 0.998782 0.529004 0.112722 -0.0376658 0.0318366 0.000476959 
3.34469 2.94286 2.32426 1.79502 1.49135 1.25563 0.805343 0.421759 0.148497 0.0510073 0.0854421 0.0201973 
3.37844 2.86571 2.29763 1.86488 1.40545 1.24665 0.90608 0.607538 0.367099 0.12211 0.105189 0.0280794 
3.81189 3.21914 2.52352 1.67733 1.74888 1.41355 1.28719 0.66745 0.0904022 0.0150424 0.173347 0.0367254 
4.01268 3.08996 2.44869 1.37403 1.74104 1.26406 1.41121 0.888943 0.09382 0.00866058 0.232717 0.055261 
3.41299 2.7574 1.88659 1.42026 1.35415 1.22843 1.26966 0.59862 0.206294 0.141234 0.225737 0.0464281 
3.423 2.56758 2.00725 1.41567 1.22393 1.36021 1.13245 0.414251 -0.0134066 0.125835 0.290335 0.0504964 
3.63449 3.11963 2.13455 1.40858 1.38656 0.964418 0.954515 0.935222 0.450726 0.194765 0.0756093 0.0203602 
3.67225 2.9724 2.55544 1.46584 1.58889 0.896274 0.906626 0.433248 0.199703 -0.0112738 0.0345757 0.00875104 
3.50616 3.10561 2.5576 1.54423 1.44592 0.99992 0.874898 0.637734 0.153675 -0.120901 -0.119203 -0.0269324 
3.90052 2.90419 2.76427 1.50443 1.48466 1.01867 0.762074 0.605257 -0.0716027 -0.116562 -0.11173 -0.0412575 
3.94312 3.53531 2.84693 1.40974 1.59376 0.766315 0.55883 0.522663 -0.262106 -0.155713 -0.167251 -0.0672764 
4.04331 3.68277 3.01451 0.833121 0.855292 0.393792 1.24429 0.0547386 0.0368919 -0.258867 -0.164895 -0.0682757 
4.23257 3.8116 2.77848 0.467754 1.03548 -0.0841014 1.64207 0.299577 -0.0856902 -0.269439 -0.120675 -0.0446331 
3.64475 3.2021 2.49989 1.04713 1.16332 0.162549 0.902377 0.75481 0.158321 -0.101712 -0.152987 -0.0417184 
3.78269 3.33494 1.98977 1.36785 0.990875 0.504929 1.17114 0.511452 0.128512 -0.140311 -0.0174861 -0.0101661 
4.13186 3.14445 2.64818 0.830826 1.7288 0.397402 1.22454 0.397957 0.0105882 -0.137806 -0.00204028 0.0119176 
4.31313 3.2712 2.33028 1.1647 1.79662 0.261713 1.11029 0.436415 -0.0861098 -0.219681 -0.0586506 -0.00389921 
4.05394 3.29256 1.97385 0.995372 1.29086 0.360583 0.994074 0.444703 0.0152147 -0.283279 -0.0133983 -0.00931804 
3.75362 2.78907 2.10491 0.836955 1.2919 0.31608 1.08255 0.288304 0.115315 -0.17672 -0.133188 -0.0258543 
4.06225 2.90991 2.54853 0.577487 1.13432 0.020445 1.00663 0.56994 0.0253571 -0.417429 -0.0123651 -0.0218784 
4.15435 3.1226 2.58407 0.606244 0.849822 -0.0393064 1.40211 0.320001 -0.202831 -0.438657 -0.0139186 -0.0259055 
3.97399 3.19737 2.93108 0.836517 0.855039 0.197105 0.905453 0.431987 -0.0461407 -0.263227 -0.0378401 -0.0386942 
3.68925 3.19649 2.51404 1.21632 0.477759 0.22162 0.507037 0.234617 0.285403 -0.15733 -0.0732199 -0.036697 
4.06531 3.14628 3.00155 0.451964 0.474864 0.48086 0.611239 0.494886 0.180867 -0.251745 -0.0306655 -0.0369024 
4.01165 3.35494 2.56129 0.364545 0.689277 0.528726 0.776775 0.721585 0.611265 -0.518241 0.0324164 -0.0431222 