3.14596 1.71943 2.11182 -0.017702 0.222234 0.0766682 1.10883 -0.0545928 -0.138484 0.323403 0.0789252 0.0589464 
3.54846 2.29767 2.38424 -0.275548 0.493658 0.154497 0.938306 -0.444941 -0.27348 0.12287 0.27749 0.0831882 
3.64764 2.30093 1.90232 -0.237527 0.481603 0.0989622 1.17252 -0.382407 -0.400967 -0.0864422 0.224748 0.0741583 
3.6469 2.35438 2.04528 -0.197744 0.274098 0.409132 1.37545 -0.520354 -0.209117 0.00422443 0.335669 0.0996643 
3.0334 2.29891 1.62317 1.05348 0.594809 0.653998 0.781777 0.420477 0.144505 0.219822 0.324781 0.0395126 
3.00155 2.42729 2.0351 1.72412 1.1895 1.29119 1.27694 0.498478 0.408091 0.160355 0.153966 0.0163844 
3.1923 2.59057 2.31285 1.96622 1.74674 1.41412 0.827431 0.451179 0.0844808 0.0600296 -0.11337 -0.0339462 
4.16994 3.61684 2.91425 2.78985 2.09781 1.51995 1.27132 0.258488 0.0313874 -0.322623 -0.00942626 -0.046965 
3.08095 2.67135 2.39296 1.87278 1.3746 0.955105 0.6613 0.393406 0.0523294 -0.150881 -0.224214 -0.0658394 
3.79223 3.04641 2.33096 2.29424 2.63991 2.53279 1.42095 0.0203906 -0.598489 -0.600133 -0.00327921 -0.0357343 
3.65757 2.88997 2.16641 2.01164 2.34909 2.17888 1.36029 -0.0448682 -0.666262 -0.6094 -0.0961939 -0.053371 
3.73526 2.8571 2.07767 1.88738 2.18414 2.24273 1.28574 -0.0693245 -0.857351 -0.700638 -0.111119 -0.0558896 
3.2461 2.46785 1.74061 1.29887 1.37736 1.22565 0.635656 -0.212369 -0.691508 -0.567582 -0.13884 -0.0940459 
4.25581 3.1703 1.93388 1.20826 1.69152 1.87744 0.938222 -0.67123 -1.16097 -1.02088 -0.0258991 -0.0291117 
3.88521 2.71079 1.66558 0.972984 1.10936 1.42694 0.779513 -0.549939 -1.20539 -0.875593 0.0641865 -0.0272951 
3.79153 2.6578 1.51012 0.709094 0.722804 1.21157 0.637356 -0.643217 -1.16573 -0.917155 0.0871991 -0.0218503 
3.47021 2.40532 1.20097 0.506065 0.705045 0.84107 0.395773 -0.561807 -0.926184 -0.621879 0.199203 -0.00663893 
5.33453 3.40404 1.75812 -0.135285 0.188944 1.55444 0.804315 -1.83799 -1.09028 -1.02793 -0.0630377 0.122336 
4.5888 3.30251 1.61065 0.12485 0.33835 1.1421 0.284909 -1.34641 -1.42607 -1.11734 0.147015 0.104748 
4.07425 2.97231 1.27242 0.0188546 0.0997477 0.554261 0.263438 -1.03078 -1.48182 -0.882667 0.168878 0.0683009 
3.94828 2.7747 1.38663 0.385497 0.506237 0.455029 -0.142279 -1.21647 -1.48753 -0.909727 0.202041 0.0435228 
4.99874 3.38968 1.34686 -0.0221907 0.178845 1.13684 0.289384 -1.45738 -1.68339 -1.02048 -0.105032 0.0655533 
5.04087 3.55372 1.46831 0.3799 0.615164 1.04832 0.514605 -1.31239 -1.79165 -1.22875 -0.13782 0.0423004 
4.23721 2.9231 1.22567 0.457178 0.532754 0.795265 0.394899 -0.784884 -1.37243 -0.939189 0.0521779 0.0183471 
4.28623 2.89915 1.1847 0.317122 0.609073 0.979367 0.412037 -0.767106 -1.37452 -1.02017 0.112694 0.0383572 
4.42892 3.03871 1.164 0.256629 0.472708 0.735941 0.524533 -0.55403 -1.45116 -1.02853 0.0692048 0.037275 
7.12061 3.1556 0.548028 -0.58447 0.967388 1.27421 0.599215 -1.2684 -1.25911 -0.903134 -0.118774 0.101461 
4.85513 3.40011 1.01828 -0.234581 0.110821 1.1436 0.749048 -0.855592 -1.44953 -0.780361 -0.0265305 0.0761249 
4.84546 3.08242 0.953958 0.0767897 0.458756 1.08294 0.499531 -0.693828 -1.30286 -0.939627 0.091024 0.0985446 
4.57057 2.96744 1.00121 0.0997551 0.456822 0.985727 0.621091 -0.429593 -1.25631 -0.851237 0.189653 0.114514 
4.8159 3.12073 0.932699 0.0395194 0.614442 1.12448 0.698214 -0.534327 -1.26825 -0.814753 0.0727662 0.102258 
4.80435 3.22515 0.977495 -0.00983935 0.37701 1.24266 0.941836 -0.526884 -1.11315 -0.772775 0.0283903 0.0839977 
5.51603 3.33434 0.976728 -0.0422887 0.760709 1.36997 0.568765 -0.351051 -1.24549 -0.768933 -0.00799579 0.102311 
4.86888 3.49921 1.10714 0.0707892 0.444442 1.11327 0.863715 -0.5107 -1.27227 -0.783509 0.0474058 0.0966287 
4.86953 3.44163 1.12084 0.0224023 0.473094 1.12783 0.661482 -0.532392 -1.31933 -0.745317 0.133856 0.126668 
4.47843 3.12693 1.13734 -0.0830869 0.325922 1.04788 0.780462 -0.345621 -1.08605 -0.700071 0.229461 0.119063 
5.16074 3.63394 1.00731 -0.300076 0.259295 1.30883 1.00973 -0.573166 -1.19393 -0.526446 0.109831 0.160993 
4.42682 3.21672 1.30355 0.0966595 0.424165 1.16855 0.846273 -0.432194 -1.27802 -0.717621 0.190405 0.1126 
4.79929 3.47975 1.37147 0.137123 0.510431 1.07664 0.676688 -0.613208 -1.44925 -0.772539 0.0421086 0.0940908 
4.70686 3.40127 1.43489 0.139249 0.27487 0.859777 0.561361 -0.774658 -1.40832 -0.718835 0.0134754 0.0690067 
5.60975 4.26517 1.43254 -0.494093 -0.0397908 1.05736 0.457966 -1.25002 -1.54011 -0.486159 -0.184068 0.0866785 
4.79931 3.4489 1.52712 0.225352 0.127688 0.377034 -0.184134 -1.16852 -1.43688 -0.649508 -0.0200275 0.0406706 
4.87202 3.61526 1.45633 -0.0510788 -0.188548 0.39136 0.0206002 -1.00993 -1.42955 -0.80941 -0.0994058 0.0264163 
7.14776 4.3299 1.25899 -0.569515 -0.00975396 0.552436 0.341842 -0.934986 -1.94289 -0.620066 -0.133588 0.0858568 
5.16166 3.91673 1.43658 -0.108526 -0.0024353 0.730491 0.488143 -1.02518 -1.66151 -0.888438 -0.254202 0.0174045 
4.47232 3.45527 1.54305 0.168778 0.14551 0.637602 0.357322 -0.724056 -1.375 -0.933887 -0.110897 -0.0128455 
4.49723 3.24226 1.53445 0.447944 0.440908 0.776766 0.406871 -0.647988 -1.28962 -0.89675 -0.106246 -0.0154763 
5.14845 3.653 1.50658 0.331942 0.605735 1.01692 0.333444 -0.952489 -1.51874 -0.863088 -0.164231 0.019216 
3.98583 3.0712 1.67179 0.47523 0.146814 0.174201 -0.173715 -0.807453 -1.05536 -0.60962 0.0430732 -0.0120933 
4.44491 3.34733 1.52815 0.193425 0.137398 0.364972 0.0322119 -0.784532 -1.25049 -0.75563 -0.00760657 0.0149997 
4.81889 3.44353 1.39294 0.0395445 0.141718 0.543408 0.158773 -0.875929 -1.43049 -0.740137 -0.0422964 0.0452412 
5.08552 3.60062 1.34793 0.074392 0.196732 0.768003 0.176395 -1.09701 -1.51127 -0.751477 -0.0644053 0.0626337 
4.10397 3.0397 1.49221 0.381648 0.264325 0.480435 0.15955 -0.772091 -1.23137 -0.734054 0.0915574 0.0245507 
5.41574 3.77304 1.20179 -0.141661 0.0485411 0.782909 0.542365 -0.900433 -1.23912 -0.586776 -0.0612244 0.079335 
4.58023 3.20892 1.3325 0.134 0.08219 0.361712 0.198542 -0.562098 -1.05055 -0.5364 0.165726 0.0819872 
5.77864 3.88263 0.931743 -0.507963 0.000683021 0.974167 0.572568 -0.724337 -1.15713 -0.384415 0.0785299 0.155969 
5.14454 3.49849 1.11748 -0.20921 0.155977 0.943993 0.664669 -0.602517 -1.08978 -0.401594 0.196732 0.169601 
5.14946 3.73044 1.07026 -0.516174 0.0959934 1.27019 0.91745 -0.589629 -1.00087 -0.318798 0.14601 0.177558 
4.40726 2.94998 1.05763 0.193632 0.650668 1.22919 0.800505 -0.35477 -0.964961 -0.507337 0.277152 0.135241 
6.19893 3.65776 0.734351 -0.0595646 1.00174 1.70033 1.14738 -0.722118 -1.18542 -0.500946 0.0892231 0.162144 
5.52024 3.44883 0.94537 0.174553 0.95817 1.58491 0.867184 -0.652897 -1.23521 -0.593289 0.117754 0.162222 
4.99277 3.41008 1.15242 0.0260892 0.6604 1.34877 0.852093 -0.52108 -1.24348 -0.613994 0.14753 0.158391 
6.54384 4.29623 0.691689 -0.438996 0.592981 1.64799 0.540964 -0.904091 -1.3232 -0.569102 0.0863747 0.188372 
4.68448 3.26038 1.23244 0.155648 0.475285 0.954112 0.441423 -0.731911 -1.25862 -0.606765 0.219389 0.152061 
5.79922 3.66713 0.944511 -0.110585 0.475993 1.09073 0.399408 -0.910138 -1.46626 -0.440483 0.111121 0.173703 
5.43386 3.60902 1.01749 -0.267575 0.193502 0.822679 0.355055 -0.794324 -1.21864 -0.389435 0.117991 0.157173 
5.29051 3.68448 0.989038 -0.485062 0.0186238 0.804081 0.365443 -0.836348 -1.16487 -0.343206 0.149255 0.170626 
4.57253 3.16596 1.11674 -0.113401 -0.0788307 0.527705 0.236867 -0.642179 -1.00112 -0.347208 0.331036 0.162293 
7.78814 3.81841 -0.0165971 -0.667477 0.922709 0.384077 0.132978 -0.503968 -1.35025 -0.312825 0.216441 0.226826 
5.23825 3.51686 0.955622 -0.516521 0.000690836 0.945653 0.418783 -0.734572 -1.05499 -0.319116 0.22547 0.188174 
5.07629 3.50712 1.0697 -0.243362 0.00631256 0.75139 0.440132 -0.703443 -1.07224 -0.35136 0.176381 0.152057 
5.46899 3.65396 1.0417 -0.299377 0.177388 0.618369 0.21841 -0.799278 -1.01715 -0.25734 0.0724516 0.106432 
5.39779 3.82305 1.29908 -0.0933764 0.124097 0.557148 -0.0864384 -0.984025 -1.03251 -0.19702 -0.00639569 0.0647853 
5.84248 4.17795 1.39627 -0.239765 0.123443 0.675383 -0.0529525 -1.20754 -1.21857 -0.119724 -0.0242179 0.0764938 
4.76997 3.54647 1.57606 0.160933 0.0191479 0.185505 -0.168725 -0.895084 -0.974065 -0.301467 -0.0489043 0.0197675 
5.68 4.06619 1.29939 -0.271847 -0.0691347 0.4655 -0.0416292 -1.17016 -1.13162 -0.101337 -0.0624703 0.0518799 
5.55566 4.07474 1.4198 -0.192511 -0.178975 0.280485 0.0235879 -1.00547 -0.935981 -0.0116515 -0.0822908 0.0309354 
5.18335 3.73725 1.53891 -0.0178672 -0.0211214 0.274937 -0.0401212 -0.800139 -0.775642 -0.0743549 -0.0634081 0.0172782 
4.8032 3.62943 1.66719 0.16888 -0.0647953 0.176227 -0.113179 -0.431957 -0.397264 -0.00358343 -0.0606412 -0.00722997 
4.42638 3.37319 1.69495 0.351736 0.00143091 0.174432 0.212291 -0.0989268 -0.192226 -0.0677243 -0.0846518 -0.0312006 
6.61519 4.36573 1.19211 -0.679254 0.127384 1.01568 0.656289 -0.0854204 -0.680378 0.156369 0.0225923 0.0409932 
3.87364 3.02618 1.78079 0.721934 0.269796 0.207114 0.255691 0.204791 0.150051 0.0641778 -0.13699 -0.0462662 
5.16195 3.6676 1.44836 0.165778 0.280017 0.958492 0.807413 0.0358228 -0.295853 0.0521215 -0.114215 -0.019895 
4.0177 3.03229 1.61006 0.592925 0.714697 1.08819 0.902667 0.114505 -0.428199 -0.31402 -0.0936385 -0.0340062 
6.00043 3.95425 1.21317 -0.0124818 0.768816 1.92508 1.52206 -0.0612685 -1.02449 -0.301842 -0.195329 0.0156872 
3.67392 2.68308 1.55965 0.996991 1.14461 1.47241 1.1073 0.0638572 -0.668465 -0.589056 -0.0713648 -0.039554 
5.05361 3.50788 1.36197 0.439367 1.17082 2.13639 1.50439 -0.093159 -0.831675 -0.645409 -0.205771 -0.000287456 
4.67617 3.36534 1.39619 0.405249 1.06453 1.88605 1.51346 0.13045 -0.707431 -0.529999 -0.170675 -0.00640714 
4.99027 3.34589 1.15402 0.253822 1.03989 1.88656 1.70464 0.203349 -0.636067 -0.373054 -0.0928204 0.0364969 
3.71286 2.60682 1.46206 0.918125 1.19969 1.42843 1.15357 0.217454 -0.318505 -0.180036 0.116572 0.0327921 
4.42617 3.19584 1.30068 0.582383 1.03399 1.55117 1.40369 0.181198 -0.50747 -0.295426 0.101226 0.0700473 
5.70242 3.5398 1.20238 0.391769 1.65505 1.65486 1.0412 -0.0448648 -0.700541 -0.380399 0.112711 0.123077 
4.67002 3.26415 1.43209 0.807219 1.50299 1.50793 0.958852 0.000450831 -0.354358 -0.121497 0.182864 0.0812197 
3.88192 2.76354 1.64009 1.11751 1.45648 1.53528 0.980163 0.102446 -0.240589 -0.0623825 0.240017 0.0539068 
3.87506 3.05225 1.74481 1.36214 1.88404 2.09542 1.42618 0.227209 -0.17001 -0.0282649 0.127956 0.0396986 
4.71935 3.39234 1.38738 0.90092 2.0419 2.47579 1.96607 0.374812 -0.267953 -0.0049461 0.0839179 0.0773237 
3.65296 2.77884 1.72237 1.35899 1.82447 1.97724 1.50868 0.654106 0.0162103 0.0110318 0.0975105 0.0295946 
4.8371 3.33886 1.63873 0.634861 1.31145 1.91844 1.87689 0.722718 0.00547646 0.048036 0.0983723 0.0627682 
3.79429 2.96406 1.695 0.907028 1.17848 1.70017 1.66582 0.958341 0.411147 0.167601 0.0852044 0.0194906 
4.00244 2.95584 1.62638 1.01449 1.21013 1.58525 1.30055 0.539341 0.227589 0.193804 0.182808 0.0463083 
3.74421 2.93968 1.78897 1.18858 1.17349 1.36366 1.22038 0.558404 0.0690078 0.00828028 0.120912 0.0231434 
4.92032 3.46593 1.61856 1.0351 1.39385 1.91162 1.12845 0.0369096 -0.218249 0.00493779 0.0981713 0.0586757 
4.07122 3.16329 1.82419 1.07471 1.30761 1.42199 0.991671 0.225474 -0.0699379 0.00289689 0.0464245 0.0190682 
4.06137 3.0799 1.9679 1.39165 1.71559 1.6204 0.677944 0.0526034 -0.235676 -0.0887261 0.0598385 0.0123733 
6.44836 4.05152 0.970825 -0.0175544 1.79591 2.03531 0.941582 0.394034 -0.188031 -0.162681 -0.00840543 0.00958783 
4.20332 3.20811 1.75894 0.940824 1.20471 1.48942 1.31002 0.369225 -0.0646354 -0.248478 -0.137097 -0.0314136 
5.71064 3.60102 1.21356 0.0437811 1.59461 2.12919 0.978804 0.607881 -0.0570491 -0.3907 -0.212543 -0.0670006 
5.6837 3.54644 1.42755 0.0821837 1.40869 1.78515 1.24223 0.674221 0.0105074 -0.44524 -0.315231 -0.0966685 
5.09225 3.61144 1.83163 0.788936 1.30491 1.51389 1.40332 0.684231 -0.0366554 -0.3863 -0.254845 -0.0677639 
3.44725 2.88498 2.21607 1.51541 1.14993 0.828777 0.557226 0.293078 0.159213 -0.0357147 -0.102295 -0.00654754 
4.74746 3.80595 2.09139 1.4113 1.84665 1.46802 0.997333 0.535855 0.125713 -0.226612 -0.0696827 -0.0245161 
5.59941 3.73535 1.86206 1.20467 1.92754 1.65727 1.28976 0.046489 0.333407 -0.0826067 -0.0641938 -0.0247021 
4.73347 3.49277 1.97702 1.30444 1.64125 1.20086 1.03716 0.131957 0.0580897 0.0105615 -0.100165 -0.0203771 
3.34904 2.71187 2.00899 1.51082 1.32924 0.974621 0.677797 0.169809 0.0197368 -0.105776 -0.141288 -0.0108233 
4.71886 3.51204 1.50189 0.930387 1.36366 0.843501 0.504947 -0.00102755 0.0497509 -0.226118 -0.139449 -0.0444075 
5.29383 3.53315 1.99354 0.686921 1.86804 0.377648 -0.439942 -0.285697 0.186619 0.0230514 -0.0488042 -0.0454926 
4.93002 3.87914 1.99858 1.21314 1.93757 0.209884 -0.112927 -0.528757 -0.398788 0.0575287 -0.0614649 -0.0110542 
4.20274 3.38311 2.35998 1.76433 1.32187 0.380842 0.0315751 -0.436671 -0.273511 -0.0306446 -0.0411616 -0.017061 
5.33123 3.64213 2.28251 1.48693 1.75673 0.270821 0.270045 -0.785787 -0.0899975 0.0539335 0.00265258 0.00261264 
4.02319 3.29124 2.28625 1.62265 1.01862 0.623915 0.342721 -0.279259 -0.281397 -0.0443646 0.0235788 -0.0107627 
5.4656 3.66004 2.34835 0.863035 1.38901 0.38593 -0.0945923 -0.363644 -0.0459299 -0.0891883 -0.00196023 -0.0040801 
4.20356 3.26319 2.31799 1.4481 0.985242 0.157416 0.088889 -0.214103 -0.118947 -0.0841288 0.0551882 -0.00272001 
4.92852 3.55241 2.16715 0.604815 0.753373 0.0566424 0.569825 -0.286181 0.291001 -0.296049 -0.0102392 -0.00628299 
3.69714 2.82422 1.93463 1.05522 0.502272 0.341821 0.0874145 0.087012 -0.0435288 -0.205984 0.0596898 -0.010553 
4.98247 4.00633 2.55261 0.0930546 0.374266 -0.00621035 1.05044 -0.293263 -0.0669887 -0.169098 -0.117601 -0.0104731 
5.12939 4.12298 2.41052 -0.116568 0.408063 0.352126 1.02045 -0.451974 -0.165821 -0.0517117 -0.152836 0.00246621 
5.09265 3.92174 2.29986 0.218422 0.460958 0.413268 0.435288 -0.186559 -0.23654 -0.115379 -0.0740777 -0.00160014 
4.66996 3.56983 2.28774 1.00758 0.382534 0.111029 0.148642 -0.409435 -0.132316 -0.0658888 -0.0333106 -0.000288407 
5.49219 3.61791 2.2199 0.333638 0.72988 -0.0249398 0.562554 -0.901038 -0.0866939 -0.0752777 -0.0263265 0.0363196 
4.88452 3.5637 2.18873 0.397818 0.33747 0.042839 -0.0381033 -0.367526 -0.10791 -0.222588 0.0313263 0.0223142 
4.6952 3.70733 2.26012 0.27306 0.558085 -0.0848677 -0.0559195 -0.57289 0.0803433 -0.188016 0.07156 0.0328818 
4.42805 3.71168 1.99546 0.899341 0.417705 0.0887114 0.261995 -0.499903 -0.280892 0.00832269 0.138691 0.0551271 
4.79614 3.62256 2.3123 0.59806 0.681117 0.371267 0.695465 -0.351845 -0.00192116 -0.156353 0.100368 0.0505679 
4.72965 3.71887 2.25868 1.0326 0.766111 0.545006 0.63793 -0.380802 -0.0739229 -0.236009 0.12141 0.0450393 
5.02079 3.50082 2.39902 0.686044 1.17725 0.191399 1.03018 -0.541359 0.00845475 -0.177116 0.0392699 0.0547686 
4.20076 3.45163 2.34383 1.02161 0.794434 0.239889 0.565647 -0.19456 -0.179624 -0.114983 0.019453 0.00699973 
4.4459 3.09006 2.38218 0.845243 0.738314 -0.00690534 0.944388 -0.741332 -0.0697778 -0.249131 -0.0431158 0.00671176 
4.47306 3.26808 2.14678 0.31271 0.478321 0.0144662 0.44597 -0.423329 -0.238864 -0.359125 0.0157793 0.0109037 
4.24034 3.33619 2.43835 0.250079 0.385458 -0.132166 0.708884 -0.565911 -0.225332 -0.206236 0.110777 0.0416922 
4.16568 3.03449 2.3329 0.612623 0.658749 -0.154283 0.794156 -0.184115 -0.107374 0.0836899 0.233278 0.0678707 
4.17624 3.27773 2.24464 0.352894 0.833016 0.325078 0.838872 -0.446922 0.230949 0.273708 0.196411 0.0790491 
3.98174 3.18767 2.20964 0.240956 0.875038 0.345672 0.940019 0.148034 0.404959 0.338555 0.243614 0.0667538 
3.68426 2.90698 2.20651 0.765568 0.858602 0.377236 0.601138 0.598539 0.184212 0.203713 0.142823 0.00975563 
3.76076 3.16864 2.08943 0.390814 1.42043 0.0191335 0.645414 0.603406 0.0908904 0.156754 0.106737 0.00784656 
3.9394 3.46881 2.3167 0.018835 1.55833 -0.0419024 0.738119 0.512845 0.443542 -0.0610601 0.173759 0.020211 
3.82479 3.58494 2.59483 0.516954 1.6665 -0.294114 0.579997 0.705374 0.519456 -0.242441 0.0561234 -0.0171365 
3.7395 3.222 2.66749 0.800971 0.537296 0.349155 0.85407 0.154425 0.348762 0.017008 0.091009 0.0166955 
4.02889 3.53706 2.65176 1.27404 0.330068 0.2669 0.874555 -0.0110206 0.357093 -0.0538641 0.0803361 0.00930927 
3.87574 3.39812 3.04264 0.704945 0.0221181 -0.0697426 0.870689 0.23745 0.196037 -0.0144894 0.0438482 -0.00694799 
3.78484 3.09288 2.73561 0.7347 -0.0285692 0.246111 0.488591 0.174906 0.178799 -0.133256 0.0426606 0.00221855 
3.86493 3.04708 2.972 0.17262 0.322133 -0.0202047 0.148108 0.0404739 0.502094 -0.29308 0.0335435 0.0269398 
4.05003 2.85308 2.91804 -0.167308 0.308605 -0.210511 0.113439 -0.0425894 0.436959 -0.382305 0.0307141 0.0445439 
3.65438 2.91947 2.19382 0.222607 -0.0459777 0.184804 0.230287 -0.137337 0.283999 -0.100558 0.0233634 0.0425716 