-66.0785
-22.8586
32.0794
-20.2715
3.62123
29.9489
8.79545
46.689
58.1027
29.4923
45.4715
40.7539
45.3193
50.7979
23.2528
47.9065
66.4728
39.6886
-22.0977
-5.05319
-2.92263
-22.7064
-15.5538
36.6449
73.6254
38.4711
-2.46608
-23.0108
36.7971
6.51271
-25.5979
-2.77045
14.4262
6.36052
27.0574
76.669
64.7988
18.9917
-38.6856
-41.1205
-12.8145
-13.1189
-6.72721
68.1468
71.4948
-9.4665
21.1223
80.3214
66.6249
-30.0112
-35.4898
32.8403
65.864
34.8187
4.99088
28.8836
-7.18375
-33.207
-19.5106
67.2337
49.5805
4.07778
-13.5754
-19.6628
-9.00995
10.3173
59.4724
42.1235
7.12144
-33.8158
-22.402
8.3389
-11.4449
-59.9912
-158.758
-181.281
-176.259
-147.192
-107.016
-59.2303
-38.3812
-67.6004
-89.2103
-56.9476
-10.684
-54.3604
-90.7322
-84.0361
-58.6216
-55.7301
-42.7946
0.273208
47.9065
41.0582
47.6021
87.9306
111.671
138.455
158.696
161.283
103.758
85.1913
80.4736
56.8852
27.3618
1.94722
15.6437
24.1659
6.81707
-60.4478
-69.4266
-126.343
-207
-209.13
-172.607
-168.345
-146.431
-75.6661
-77.3401
-76.7313
-62.7305
-42.9467
-24.6848
-42.9467
-56.7954
-35.1854
-19.9671
8.64327
23.5572
69.973
99.8008
49.7326
46.2324
50.4936
52.0154
-7.18375
-59.839
-8.5534
-8.5534
-31.533
-19.6628
0.881939
-7.03157
-3.37918
19.7526
34.5144
1.03412
-53.4474
-85.5579
-89.3625
-56.0345
-46.7513
-43.5555
-53.143
-28.0328
-50.7081
-50.5559
8.49108
21.5788
7.4258
-39.4465
6.51271
-28.7937
-72.0137
-84.6448
-116.755
-173.672
-194.521
-192.999
-191.325
-180.064
-170.476
-137.604
-112.494
-65.4698
-43.8598
-53.4474
-89.6669
-100.472
-44.012
16.709
21.731
40.6017
52.1676
62.9726
65.5597
95.5397
108.019
105.584
131.759
127.955
139.673
120.954
106.497
77.8865
74.0819
57.6462
66.4728
77.1256
41.8191
8.03454
-16.1625
-19.2062
-24.5326
-34.4245
-94.2324
-175.955
-213.544
-214.305
-146.431
-107.624
-138.061
-163.932
-165.15
-131.365
-97.4282
-46.4469
-35.1854
-31.2287
-19.5106
69.8208
152.456
156.717
122.78
86.4087
112.128
119.432
124.911
132.825
124.15
88.5393
74.0819
86.1044
94.4744
73.4732
34.6665
12.1435
6.20834
22.7963
-2.00954
-22.402
-24.6848
-72.4702
-106.103
-114.625
-69.4266
-62.4261
-83.4274
-44.1642
8.3389
34.3622
-8.5534
-11.4449
27.3618
28.8836
6.81707
19.9048
34.9709
4.83869
-30.0112
-41.5771
-38.5334
14.7306
-7.48812
-29.0981
-63.7958
-23.7717
-0.63989
0.881939
41.667
22.3397
6.05616
-19.5106
-5.05319
35.7318
38.0146
27.8183
18.6873
26.753
2.25159
-34.881
-42.1858
-54.3604
-69.4266
-102.602
-93.7758
-121.473
-119.951
-108.233
-103.668
-86.6232
-100.167
-83.2752
-78.8619
-94.3845
-66.3829
-40.8162
-61.9696
-78.5575
-32.1417
-43.8598
-105.342
-93.1671
-49.3384
-26.2066
-17.9887
1.64285
20.8179
9.55636
-25.9022
-12.358
-25.5979
-71.2528
-71.1006
-77.1879
-82.3621
-63.3392
-49.9471
-60.1434
-62.7305
-61.9696
-63.948
-68.2091
-60.4478
-14.3363
30.862
53.2329
59.4724
53.9938
46.0803
37.7102
52.0154
79.8649
116.541
143.629
149.565
146.521
134.955
123.846
146.217
137.086
101.475
109.845
124.15
164.631
180.458
173.305
175.284
143.782
97.9746
86.4087
95.9962
78.0387
47.1455
43.4931
62.2116
92.9526
94.931
125.52
133.89
84.5825
71.0383
81.5389
101.931
141.955
142.26
131.455
126.737
80.1692
113.193
125.368
113.193
62.9726
28.427
57.1896
67.9946
70.1252
14.1219
-71.5571
-185.39
-280.504
-344.725
-369.531
-407.577
-501.169
-571.478
-630.525
-684.854
-753.641
-833.385
-921.499
-1041.72
-1123.14
-1120.71
-1046.9
-1013.87
-995.003
-987.394
-971.871
-923.173
-859.56
-763.533
-659.744
-589.283
-507.105
-371.053
-204.565
-82.5143
18.5352
115.476
186.241
264.463
363.99
459.105
526.674
561.676
567.611
577.046
609.918
623.767
595.004
518.76
485.432
456.67
439.321
453.017
441.147
437.495
402.036
374.491
379.056
407.058
389.1
402.949
414.211
442.365
494.107
538.848
547.371
546.458
595.308
603.374
639.746
665.921
739.578
760.427
771.384
807.908
853.715
891.913
903.326
914.892
903.479
894.5
896.935
902.413
856.759
811.865
704.119
522.108
313.161
76.2125
-186.607
-342.747
-378.51
-403.772
-470.885
-597.806
-741.771
-976.284
-1231.8
-1395.7
-1553.51
-1719.55
-1873.71
-1869.14
-1677.09
-1481.38
-1337.26
-1318.85
-1344.26
-1368
-1260.11
-971.262
-638.743
-315.963
-93.3193
116.541
368.099
620.114
814.604
863.455
808.517
713.402
683.574
717.968
746.426
640.354
351.664
-15.2494
-344.725
-527.954
-676.18
-829.884
-1033.51
-1259.5
-1420.05
-1487.31
-1478.18
-1501.92
-1580.91
-1654.41
-1621.39
-1402.4
-1059.38
-720.313
-401.794
-137.604
111.367
384.535
677.183
934.372
1156.25
1311.18
1459.55
1628.63
1797.25
1899.52
1889.02
1761.79
1568.52
1394.88
1281.81
1178.17
1045.47
874.564
676.726
509.173
349.076
246.353
140.281
-1.85735
-72.4702
-53.4474
55.2112
194.154
308.444
331.119
295.508
323.357
382.404
470.671
554.371
620.266
706.706
848.693
1014.57
1143.93
1128.71
918.849
499.737
-10.5318
-338.029
-370.596
-252.046
-198.63
-279.439
-443.036
-671.31
-957.718
-1293.59
-1652.89
-2040.35
-2450.02
-2639.03
-2485.79
-2045.06
-1616.67
-1440.14
-1531.9
-1732.63
-1804.16
-1579.99
-1098.79
-559.151
-154.953
194.154
593.634
987.027
1284.24
1362.92
1214.39
952.025
776.406
860.107
1055.51
1090.36
859.65
401.579
-142.17
-651.07
-957.262
-1159.97
-1393.87
-1658.06
-1819.07
-1781.48
-1697.63
-1656.24
-1722.59
-1830.79
-1946.45
-1896.53
-1552.45
-972.784
-351.421
186.545
685.248
1094.77
1373.72
1561.06
1709.9
1831.64
1923.86
2018.37
2165.23
2268.56
2264.3
2100.7
1773.96
1307.52
807.451
387.122
132.216
-32.9027
-138.213
-182.042
-243.676
-347.313
-456.58
-495.995
-487.016
-404.533
-255.851
5.90397
393.514
829.213
1149.86
1342.98
1415.12
1379.51
1345.27
1392.75
1530.62
1651.76
1778.83
1873.64
1911.69
1826.77
1476.3
841.692
-13.2711
-710.269
-1000.18
-948.131
-789.252
-765.511
-955.283
-1320.22
-1782.09
-2189.18
-2477.42
-2756.37
-3033.64
-3176.85
-2919.36
-2242.6
-1505.42
-1060.59
-1041.27
-1265.74
-1367.24
-1025.74
-266.199
573.09
1158.23
1464.73
1695.74
1985.5
2240.25
2262.62
1937.41
1376.01
949.134
853.41
1018.53
1043.64
678.705
-95.7542
-1006.57
-1749.68
-2191.01
-2365.56
-2540.12
-2759.87
-2881.31
-2773.72
-2495.68
-2214.75
-2106.7
-2201.05
-2299.97
-2170.92
-1664.76
-890.605
-67.7525
627.115
1177.86
1617.06
1951.71
2155.94
2215.14
2178.01
2100.24
2061.29
2076.96
2108.77
2011.98
1688.44
1155.19
490.302
-122.995
-527.649
-757.141
-881.018
-914.955
-896.541
-801.122
-673.593
-566.76
-502.691
-421.121
-230.74
129.324
632.745
1168.89
1620.87
1925.84
2139.96
2279.21
2297.17
2223.21
2023.39
1837.58
1760.72
1836.97
1944.41
1929.8
1765.29
1378.75
822.061
156.108
-574.522
-1218.56
-1579.69
-1597.04
-1431.01
-1228.3
-1149.32
-1316.72
-1651.37
-2030.15
-2297.69
-2334.82
-2320.52
-2292.67
-2119.94
-1674.04
-1042.64
-511.974
-260.416
-319.767
-462.515
-381.401
93.8657
745.208
1252.43
1481.01
1480.71
1444.34
1462.14
1440.08
1225.95
762.862
247.418
-71.2528
-127.713
-116.908
-311.093
-804.013
-1576.95
-2301.65
-2712.23
-2725.32
-2531.75
-2439.22
-2489.74
-2455.65
-2201.81
-1871.42
-1562.95
-1359.18
-1326.76
-1303.02
-1058.16
-490.517
305.856
1043.94
1567.45
1787.05
1795.42
1777.92
1795.57
1826.01
1673.98
1375.25
1032.23
781.276
725.577
650.246
325.64
-224.653
-806.296
-1155.4
-1136.38
-903.541
-651.983
-483.973
-396.011
-236.219
120.193
543.414
868.477
1086.1
1304.02
1735.01
2274.65
2747.78
3021.41
3025.82
2905.44
2762.85
2642.02
2418
2100.4
1787.51
1550.71
1489.84
1470.97
1337.81
935.133
415.276
35.4275
-156.019
-370.292
-849.212
-1365.11
-1564.01
-1343.81
-933.064
-663.396
-657.005
-919.216
-1273.35
-1471.03
-1352.02
-1126.18
-1161.34
-1388.7
-1462.97
-1084.64
-388.858
173.762
256.549
-125.582
-584.109
-634.938
-147.192
496.237
849.149
749.774
449.821
308.9
368.86
481.628
334.01
-208.674
-847.842
-1184.47
-1087.68
-886.953
-993.177
-1561.73
-2380.17
-2923.31
-2912.36
-2509.22
-2107
-2056.02
-2252.64
-2345.93
-2063.02
-1565.99
-1080.99
-869.756
-959.544
-983.437
-637.221
94.4744
899.978
1389.86
1487.1
1368.25
1267.8
1311.79
1387.12
1295.65
922.502
453.474
193.089
246.962
428.211
403.253
25.6878
-493.712
-803.861
-731.574
-400.12
-99.2544
15.4915
62.6682
217.895
615.092
1114.25
1503.38
1655.11
1705.03
1909.71
2331.11
2802.57
3046.06
3035.56
2837.11
2574.75
2435.35
2362
2185.77
1825.4
1447.53
1182.43
1052.31
935.741
587.851
133.129
-294.201
-450.797
-336.051
-263.46
-508.17
-1025.14
-1429.64
-1404.07
-1046.44
-751.358
-708.595
-828.058
-982.676
-1052.68
-992.264
-906.432
-1066.38
-1541.8
-1936.71
-1793.05
-1135.47
-427.665
-127.104
-331.029
-743.901
-893.497
-542.107
20.8179
370.382
282.572
1.94722
-81.1446
139.521
449.365
417.863
-102.602
-874.931
-1403.01
-1429.94
-1195.58
-1133.03
-1494.62
-2131.81
-2646.04
-2706.3
-2337.1
-1960.91
-1951.47
-2183.25
-2275.47
-1923.01
-1263.45
-616.067
-229.066
-275.33
-429.796
-318.854
170.261
815.213
1287.89
1463.06
1384.83
1282.41
1279.07
1278.61
1165.54
806.69
325.792
8.3389
28.427
251.375
371.143
205.872
-182.955
-537.085
-646.961
-473.32
-182.955
87.9306
313.466
584.656
1063.88
1706.85
2233.86
2501.25
2546.45
2554.36
2723.74
3037.08
3301.42
3312.23
3030.23
2637.3
2371.13
2182.12
1922.34
1491.67
951.721
535.348
282.725
192.937
54.9069
-198.325
-457.036
-633.873
-526.28
-253.416
-119.19
-431.317
-1012.2
-1285.52
-960.762
-353.095
35.2753
100.257
-44.1642
-261.025
-462.058
-583.348
-714.073
-1085.4
-1667.8
-2013.72
-1734.46
-959.088
-288.874
-197.108
-685.311
-1295.11
-1470.27
-1119.95
-599.48
-306.832
-361.161
-527.041
-492.495
-258.59
-32.9027
-194.825
-779.664
-1422.79
-1678
-1400.72
-933.978
-800.209
-1161.34
-1831.25
-2311.54
-2368.45
-2061.35
-1713.15
-1603.28
-1585.93
-1472.86
-1059.83
-596.588
-256.764
-185.086
-490.212
-713.16
-636.612
-130.604
551.784
1069.81
1280.89
1146.97
834.54
557.871
417.254
329.445
187.154
66.4728
73.7775
196.437
382.557
452.865
295.66
-57.5563
-343.356
-278.982
187.61
860.715
1374.03
1584.04
1702.59
1972.87
2349.98
2690.56
2847.16
2796.79
2690.71
2670.78
2726.02
2745.65
2587.99
2179.38
1643.7
1165.08
886.891
736.382
594.091
368.404
137.39
-129.539
-401.49
-509.844
-528.562
-452.927
-332.399
-56.3388
378.6
677.944
520.587
-59.6869
-570.413
-644.982
-419.143
-172.911
18.5352
148.195
134.194
-180.064
-722.139
-1253.41
-1773.42
-2277.3
-2595.81
-2424.46
-1786.81
-1000.79
-545.911
-605.719
-1023.16
-1425.98
-1474.84
-1204.1
-762.011
-369.531
-4.59664
310.878
512.521
560.915
349.685
-134.256
-729.748
-1117.66
-1159.66
-928.651
-688.811
-737.205
-1187.21
-1783.92
-2189.79
-2241.23
-2062.11
-1902.47
-1795.94
-1699.46
-1477.42
-1138.97
-744.358
-483.516
-558.695
-792.143
-866.408
-485.951
268.572
1036.03
1521.34
1542.34
1221.85
846.562
624.527
589.221
544.631
409.95
292.617
268.115
400.666
606.722
656.942
438.256
113.193
49.1239
380.426
964.352
1466.56
1691.33
1780.2
1991.89
2349.52
2716.43
2874.09
2758.89
2485.12
2249.54
2240.71
2371.13
2462.74
2298.23
1891.75
1440.99
1054.29
792.537
567.915
290.334
-0.335524
-255.394
-387.793
-371.51
-295.114
-204.108
-125.43
-29.2503
170.566
428.059
491.976
115.171
-507.561
-868.387
-643.308
-31.8374
388.796
385.296
75.2994
-382.162
-862.604
-1264.67
-1509.69
-1741.46
-2132.57
-2454.13
-2293.58
-1617.13
-930.173
-769.468
-1195.58
-1788.79
-2041.11
-1690.48
-960.914
-304.397
35.1231
63.4291
84.126
130.846
165.544
25.079
-399.207
-812.079
-917.542
-578.022
-147.496
-95.9064
-689.267
-1644.22
-2402.39
-2577.4
-2240.01
-1809.18
-1576.19
-1629.45
-1758.5
-1720.46
-1466.16
-1089.51
-968.523
-1076.27
-1050.7
-624.133
186.241
1029.18
1521.34
1446.77
1000.11
561.372
425.624
594.091
811.865
940.916
955.069
868.324
770.471
715.685
652.681
444.495
189.132
181.066
623.31
1320.92
1860.25
2026.13
1900.43
1799.68
1919
2202.51
2472.03
2510.07
2356.37
2099.48
1972.72
2005.59
1992.35
1816.12
1449.36
1036.03
738.36
632.137
605.505
421.515
58.5593
-372.575
-653.504
-637.677
-442.275
-225.718
-72.0137
144.543
393.209
687.227
1007.88
1099.19
734.251
1.79504
-537.237
-397.381
187.306
604.287
481.476
-16.4669
-598.262
-1174.73
-1618.65
-1934.58
-2220.08
-2597.95
-2941.42
-2920.42
-2407.72
-1750.59
-1425.38
-1560.97
-1870.97
-1910.69
-1484.27
-733.705
-68.97
273.898
369.012
426.537
569.589
762.557
775.188
482.236
48.6674
-254.481
-293.592
-255.851
-467.537
-1131.51
-2071.09
-2751.65
-2853.16
-2484.26
-2085.24
-2037
-2292.06
-2455.35
-2297.54
-1813.9
-1223.89
-878.887
-703.877
-469.363
28.1227
787.059
1506.88
1928.28
1796.34
1399.59
1219.56
1394.57
1724.96
1786.14
1569.58
1208.61
845.345
577.655
452.865
405.993
354.707
325.945
446.169
783.102
1140.73
1267.04
1119.43
976.831
1101.93
1553.91
2115.01
2506.57
2561.21
2324.87
2049.42
1887.04
1827.69
1789.64
1657.09
1446.47
1264.46
1180.6
1144.38
934.22
425.32
-259.503
-726.096
-795.643
-576.348
-287.505
-92.8627
30.5576
211.351
471.584
751.448
1027.36
1241.78
1117.3
598.352
-5.35756
-235.458
26.6008
326.858
233.265
-188.586
-645.439
-1081.29
-1582.43
-2076.57
-2492.63
-2857.42
-3241.22
-3511.04
-3354.29
-2751.19
-2026.35
-1502.99
-1286.89
-1284
-1214.15
-899.432
-417.317
106.192
557.11
899.978
1175.13
1292.31
1197.8
896.935
464.279
64.7988
-237.893
-444.862
-782.251
-1475.75
-2370.58
-3006.71
-3010.21
-2617.27
-2281.71
-2295.1
-2504.5
-2701.89
-2592.47
-2139.87
-1587.6
-1078.09
-699.616
-260.72
315.748
1058.71
1716.29
1912.6
1624.52
1236.45
1234.32
1656.18
2033.28
1975.76
1582.37
1126.27
787.667
542.653
310.422
102.844
-9.61868
70.5817
344.663
701.989
942.59
963.439
851.128
891.913
1235.24
1819.77
2405.98
2737.74
2782.18
2604.88
2397.31
2252.73
2136.46
1928.58
1636.24
1379.51
1187.6
1021.12
788.428
507.955
93.257
-451.406
-896.084
-1009.92
-748.162
-358.117
-42.338
141.195
284.399
437.647
609.766
909.718
1268.26
1553.91
1470.36
984.592
427.298
155.348
152.456
147.738
-187.825
-702.355
-1181.58
-1653.95
-2114.92
-2504.81
-2739.63
-2969.58
-3266.03
-3415.32
-3163.61
-2517.9
-1788.03
-1289.48
-1090.27
-1053.9
-933.825
-604.654
-115.234
378.752
820.843
1165.39
1360.48
1322.29
1070.12
680.531
204.655
-287.352
-853.321
-1425.07
-1961.67
-2403.61
-2682.41
-2794.41
-2782.09
-2742.37
-2825.46
-2977.64
-3031.21
-2862.29
-2404.22
-1754.4
-996.677
-289.483
365.817
918.393
1333.24
1600.63
1720.4
1793.75
1890.38
2046.37
2197.64
2237.82
1976.52
1473.25
928.437
512.521
199.328
-76.427
-223.436
-156.627
92.6482
343.902
514.804
605.657
689.205
837.431
1077.88
1405.23
1830.12
2322.74
2736.83
2921.27
2844.42
2612.34
2309.19
1953.39
1596.98
1397.16
1368.09
1448.45
1433.99
1192.63
787.972
299.769
-215.826
-621.546
-685.159
-506.952
-271.982
-191.782
-108.385
200.546
649.638
991.44
1129.01
1215
1286.98
1378.44
1394.88
1133.58
538.088
-155.562
-688.811
-988.916
-1145.06
-1358.42
-1704.63
-2184.46
-2730.65
-3063.47
-3140.78
-3062.1
-3089.95
-3196.78
-3060.89
-2525.81
-1658.82
-818.166
-298.918
-157.084
-119.951
94.931
562.285
1103.75
1509.93
1669.87
1502.01
1099.79
582.068
13.5131
-647.417
-1472.7
-2319.45
-2883.29
-3090.1
-3195.57
-3373.01
-3524.28
-3510.74
-3320.66
-3135
-2959.68
-2687.12
-2192.99
-1417.92
-542.411
323.662
1090.82
1726.03
2186.84
2412.83
2517.99
2569.27
2543.86
2390.61
2235.54
2143.62
2003.15
1680.37
1114.56
465.344
-25.2935
-328.442
-513.801
-571.782
-466.776
-146.735
193.089
432.473
602.461
793.755
1089.45
1450.88
1832.25
2250.91
2658.45
2990.82
3221.68
3251.36
3049.71
2593.77
2035.41
1649.63
1482.84
1486.19
1459.25
1230.06
909.414
475.54
-13.1189
-587.761
-1111.57
-1390.53
-1392.5
-1138.21
-712.856
-131.517
446.017
901.5
1096.6
1124.3
1149.25
1172.39
1224.58
1233.11
1047.9
547.827
-122.082
-618.959
-907.802
-1201.52
-1702.65
-2271.97
-2675.25
-2931.99
-2998.03
-2930.62
-2823.94
-2868.37
-3082.19
-3132.87
-2779.04
-1935.34
-934.738
-147.192
275.572
489.693
717.055
984.744
1142.1
1102.38
927.067
641.572
265.224
-147.496
-588.979
-1106.25
-1751.5
-2499.48
-3109.89
-3502.82
-3775.84
-3890.13
-3754.23
-3350.79
-2830.18
-2355.97
-1966.08
-1586.08
-1089.51
-442.883
322.901
1137.08
1863.14
2488.31
2951.25
3177.85
3125.96
2790.09
2314.21
1885.21
1612.5
1476.75
1376.16
1124.75
697.727
196.437
-242.763
-501.474
-653.2
-720.313
-658.831
-412.903
-11.4449
403.862
822.061
1271.15
1713.85
2110.59
2410.85
2649.32
2896.01
3127.63
3297.01
3330.8
3143.76
2716.89
2176.03
1677.48
1247.26
873.346
542.805
253.049
33.1447
-216.435
-508.779
-857.886
-1180.21
-1309.72
-1190.41
-860.473
-430.404
73.0166
601.852
1113.49
1529.86
1763.16
1796.03
1703.96
1543.1
1291.55
781.885
70.1252
-571.326
-923.02
-1134.86
-1457.79
-1886.95
-2329.34
-2766.87
-3198.46
-3423.99
-3318.38
-2983.42
-2834.44
-2892.27
-2868.53
-2429.02
-1540.73
-602.067
87.0175
399.753
503.542
629.093
801.06
964.352
960.547
786.298
404.319
-205.935
-818.623
-1345.48
-1830.94
-2432.67
-3127.24
-3658.66
-3897.28
-3920.57
-3755.14
-3472.24
-3062.56
-2549.55
-2006.11
-1438.01
-849.059
-174.128
541.588
1242.39
1881.1
2425
2869.83
3154.42
3151.37
2853.85
2389.54
1946.84
1664.55
1439.01
1197.8
864.976
460.018
-16.0104
-456.275
-746.793
-858.951
-867.626
-840.385
-631.286
-161.802
475.997
1065.25
1497.3
1826.92
2126.12
2431.55
2701.37
2925.84
3051.24
3138.89
3212.09
3187.14
2983.06
2508.7
1887.04
1264
791.016
507.955
387.122
348.468
261.723
6.51271
-380.945
-772.055
-1022.4
-1063.79
-799.296
-269.243
345.728
931.785
1459.1
1920.82
2175.42
2144.68
1829.36
1236
490.911
-179.911
-484.429
-373.488
-254.177
-486.255
-1123.9
-2014.93
-2976.88
-3749.06
-4136.21
-4088.58
-3747.08
-3329.94
-2838.39
-2319.6
-1808.12
-1382.92
-1067.14
-790.317
-448.362
69.973
748.709
1402.49
1796.03
1810.49
1392.75
718.729
-18.5975
-681.05
-1222.67
-1785.59
-2501.46
-3315.34
-4017.05
-4451.23
-4560.34
-4373.62
-4019.64
-3578.76
-3071.54
-2458.55
-1613.32
-724.27
4.38215
549.349
1015.79
1556.5
2239.64
2996.3
3535.79
3600.77
3194.59
2584.8
2077.42
1762.25
1513.43
1163.1
612.657
-27.2719
-535.258
-758.358
-817.405
-866.104
-933.064
-880.409
-523.084
130.39
850.976
1498.97
2030.39
2444.48
2749
2992.34
3225.18
3458.78
3557.85
3468.98
3256.38
3030.23
2830.72
2549.79
2083.05
1393.81
716.598
255.027
-12.9667
-137.604
-217.196
-357.661
-559.151
-765.968
-894.867
-839.776
-571.63
-114.473
438.256
948.373
1413.75
1882.32
2335.52
2542.94
2262.02
1500.64
661.051
166.761
116.845
126.737
-105.494
-606.023
-1272.13
-2059.07
-2980.99
-3804.15
-4408.47
-4782.68
-4934.87
-4703.7
-3917.07
-2765.04
-1618.95
-957.566
-888.323
-1128.01
-1177.47
-643.46
335.836
1339.18
1941.97
2018.22
1618.43
885.521
104.518
-641.634
-1390.83
-2143.07
-2904.14
-3571.92
-4025.42
-4293.72
-4447.58
-4513.32
-4507.84
-4295.55
-3832.45
-3159.96
-2282.17
-1254.02
-132.735
901.805
1738.81
2406.13
2982.75
3348.14
3441.74
3320.3
3143.61
2967.99
2756.61
2441.9
1915.95
1137.38
227.787
-528.867
-1021.79
-1222.67
-1254.02
-1153.43
-907.346
-522.323
-12.5102
530.631
1061.9
1554.06
2001.33
2477.51
2954.3
3310.25
3479.02
3475.07
3399.28
3207.22
2872.27
2487.7
2152.6
1945.02
1809.12
1614.17
1287.13
882.021
469.757
162.957
70.4295
60.6898
2.25159
-81.449
-149.475
-135.17
-0.63989
264.006
630.31
1045.92
1473.4
1802.27
2004.98
2000.26
1681.89
1109.38
504.607
115.932
-82.2099
-329.964
-781.034
-1299.98
-1813.44
-2381.08
-3001.38
-3637.2
-4162.84
-4539.19
-4653.94
-4308.63
-3433.58
-2290.23
-1288.87
-773.425
-699.007
-768.859
-634.634
-121.473
551.48
1175.73
1546.45
1559.08
1265.37
807.603
243.309
-523.692
-1539.21
-2650.9
-3524.89
-4005.94
-4243.65
-4426.42
-4598.54
-4697.61
-4653.94
-4432.81
-4058.14
-3418.36
-2499.94
-1394.03
-227.392
955.069
2124.75
3123.83
3740.17
3867.54
3760.1
3656.16
3622.68
3536.7
3277.08
2788.26
2041.65
1075.29
78.1908
-765.207
-1345.33
-1676.33
-1786.05
-1664.91
-1300.59
-756.38
-209.13
258.375
637.615
1059.16
1586.78
2243.91
2919.9
3460.46
3795.56
3877.28
3802.71
3583.27
3246.18
2841.68
2478.57
2281.19
2189.88
2062.35
1834.99
1502.17
1064.34
650.551
305.856
88.2349
-37.6203
-144.605
-239.871
-196.956
-78.2532
110.758
361.403
582.981
816.734
1027.66
1150.17
1077.27
866.498
579.329
342.837
111.671
-216.131
-647.874
-1043.7
-1405.29
-1871.12
-2361.45
-2839.61
-3206.37
-3474.37
-3669.46
-3646.33
-3296.31
-2684.39
-1993.47
-1420.35
-1119.79
-1006.42
-874.931
-507.865
21.1223
479.345
677.487
625.441
480.715
339.641
118.063
-344.117
-1070.03
-1937.17
-2787.41
-3450.32
-3872.48
-4117.49
-4233.15
-4362.51
-4444.23
-4357.64
-4035.16
-3567.65
-2966.84
-2191.77
-1203.19
-34.7289
1157.02
2228.84
3105.41
3671.69
3905.74
3914.26
3834.37
3718.56
3430.32
2908.79
2144.53
1253.04
423.037
-300.288
-936.565
-1461.29
-1835.81
-1994.39
-1856.81
-1460.07
-911.607
-291.157
328.684
873.955
1385.9
1886.88
2441.9
3036.78
3549.63
3954.9
4281.94
4464.41
4368.38
4047.88
3604.88
3147.87
2711.11
2287.73
1900.12
1610.22
1371.44
1109.69
868.172
580.547
170.109
-264.525
-638.286
-872.191
-930.325
-779.816
-363.444
254.723
842.301
1173.15
1166.6
911.849
521.347
278.92
292.008
395.492
383.318
160.978
-237.132
-711.182
-1248.08
-1796.25
-2362.06
-2927.12
-3413.65
-3691.23
-3493.69
-2832.76
-1914.04
-1184.47
-980.698
-1191.32
-1456.42
-1439.07
-1067.44
-586.087
-230.284
-58.3172
-77.1879
-134.713
-188.281
-378.358
-799.904
-1489.75
-2250.97
-2847.07
-3161.17
-3244.27
-3296.16
-3417.91
-3588.96
-3821.34
-4031.81
-4070.47
-3864.72
-3401.47
-2727.15
-1788.48
-594.61
724.055
1873.64
2627.71
2994.02
3125.2
3227.31
3356.67
3460.46
3423.93
3158.22
2584.8
1750.53
853.715
20.8179
-700.833
-1311.54
-1704.02
-1734.31
-1462.36
-1032.14
-660.961
-330.725
-7.6403
359.881
819.93
1391.38
2101.46
2773.81
3361.99
3829.35
4169.63
4398.21
4419.06
4217.26
3845.17
3367.32
2911.53
2506.88
2200.99
1937.87
1705.94
1487.1
1213.17
847.932
336.293
-146.431
-533.432
-729.748
-777.077
-676.941
-417.012
-77.9488
195.067
262.484
172.849
90.0611
204.655
398.079
516.173
448.756
174.675
-115.081
-370.14
-623.677
-972.936
-1567.36
-2307.88
-2984.79
-3324.62
-3158.43
-2636.75
-2048.87
-1618.8
-1440.9
-1418.83
-1431.77
-1297.39
-1046.9
-795.187
-658.222
-639.808
-669.636
-685.615
-690.333
-885.431
-1298.46
-1909.62
-2505.87
-2873.7
-2985.56
-2908.55
-2781.02
-2734
-2815.11
-2973.99
-3173.2
-3295.4
-3289.16
-3176.54
-2862.9
-2248.38
-1309.11
-196.043
749.622
1351.35
1704.72
1978.04
2272.82
2545.99
2720.85
2794.66
2751.74
2549.49
2136.46
1513.58
822.365
109.845
-611.959
-1175.8
-1377.13
-1075.05
-432.231
144.999
461.083
596.374
728.316
950.199
1203.43
1501.1
1982.61
2579.93
3193.07
3638.81
3817.48
3866.02
3826.3
3723.43
3550.09
3409.78
3325.47
3149.7
2931.92
2627.86
2235.38
1750.22
1165.84
651.616
241.94
-12.8145
-175.194
-204.869
-166.824
-226.936
-448.362
-885.888
-1247.78
-1264.06
-890.758
-327.681
199.024
547.523
630.919
493.498
140.89
-278.678
-766.881
-1354.76
-1960.6
-2406.19
-2411.98
-1956.19
-1311.7
-857.277
-844.037
-1230.13
-1776.61
-2076.41
-1911.75
-1427.96
-914.346
-630.373
-588.979
-631.286
-647.265
-756.989
-1211.1
-2024.98
-2873.24
-3441.95
-3546.5
-3303.31
-2951.47
-2632.03
-2439.22
-2355.67
-2323.86
-2347.15
-2428.87
-2558.23
-2653.04
-2487.46
-1888.77
-965.479
-41.2727
551.175
769.71
744.143
719.794
864.52
1147.12
1495.62
1784.31
1887.95
1798.47
1617.83
1346.94
936.198
373.273
-267.112
-771.142
-901.867
-609.067
-92.254
454.083
945.938
1368.7
1700.31
1875.47
1939.08
1938.78
2003.3
2178.31
2392.44
2632.43
2852.33
2967.08
2989.75
2927.21
2766.81
2605.64
2545.99
2618.88
2785.98
2938.47
2979.41
2850.35
2503.38
2013.5
1419.07
840.018
398.079
120.65
-148.409
-543.02
-1061.66
-1458.55
-1433.44
-1049.79
-615.611
-404.685
-421.426
-480.016
-504.213
-535.411
-601.001
-800.209
-1138.97
-1465.7
-1545.9
-1158.14
-384.75
304.03
519.673
197.502
-349.291
-735.531
-837.646
-795.035
-827.602
-1002.46
-1229.21
-1298.76
-1226.93
-1105.94
-1192.54
-1772.66
-2666.58
-3486.69
-3850.56
-3681.64
-3282.77
-2962.58
-2804
-2710.56
-2583.64
-2363.89
-2191.46
-2161.64
-2250.66
-2345.32
-2158.14
-1566.91
-646.048
241.94
740.795
751.904
485.432
292.921
312.4
422.733
457.126
338.271
141.195
-11.4449
-34.5767
14.5784
-86.471
-448.514
-944.174
-1269.08
-1145.97
-603.284
175.588
961.765
1683.42
2316.65
2840.31
3258.51
3448.59
3411.45
3143.61
2785.52
2525.14
2482.98
2587.53
2650.69
2536.1
2221.84
1808.36
1395.64
1152.45
1162.34
1426.53
1866.49
2279.52
2557.55
2609.3
2510.23
2385.28
2225.8
1912.3
1337.35
597.135
-58.3172
-346.552
-265.742
-65.7742
27.5139
-73.3833
-357.509
-727.161
-1094.07
-1405.74
-1660.96
-2009.76
-2460.52
-2741
-2576.94
-1832.62
-776.773
203.285
851.736
1115.17
1188.67
1231.89
1256.85
1130.84
780.667
340.25
38.6233
56.8852
266.137
335.532
-169.563
-1440.14
-3114.3
-4628.98
-5000
-4980.22
-4995.59
-4469.95
-3730.19
-3105.63
-2619.25
-2235.14
-2112.79
-2363.89
-2784.37
-3019.8
-2699.15
-1737.96
-352.639
969.222
1764.68
1903.78
1568.37
1180.15
958.417
775.036
401.884
-122.691
-612.719
-903.084
-969.588
-1019.05
-1338.94
-1967.76
-2698.54
-3123.28
-2910.68
-2140.79
-1096.81
-72.6224
828.757
1658.61
2482.22
3292.29
3968.29
4387.25
4550.85
4502.76
4328.81
4047.58
3725.56
3313.29
2809.11
2315.89
1890.08
1570.5
1335.68
1134.04
959.786
808.517
659.377
565.024
594.091
873.651
1305.09
1687.83
1745.2
1467.16
1041.97
742.317
753.579
978.353
1219.26
1333.4
1307.98
1171.78
911.544
567.611
-3.53136
-897.149
-2004.43
-3033.04
-3525.2
-3315.64
-2473.46
-1387.48
-505.278
9.70855
218.199
407.819
784.319
1232.65
1484.97
1375.7
1170.71
1170.56
1483.6
1906.67
2018.83
1451.34
178.784
-1432.07
-2832.46
-3724.71
-4216.26
-4587.43
-4937.15
-5000
-4998.33
-4642.98
-3969.42
-3375.14
-3104.71
-3184.46
-3299.66
-3159.04
-2511.81
-1444.4
-265.59
737.447
1491.06
2028.41
2468.83
2818.4
2834.83
2312.08
1299
162.196
-694.137
-1142.16
-1379.72
-1724.26
-2226.01
-2749.98
-3119.02
-3274.85
-3211.7
-2930.46
-2540.27
-2046.13
-1222.52
73.321
1669.72
3142.39
4113.02
4626.94
4807.27
4777.29
4609.44
4375.53
4161.41
3900.87
3533.66
3105.11
2727.85
2392.59
1994.63
1445.1
915.805
527.739
324.118
321.988
319.705
233.417
-1.55299
-389.163
-716.66
-692.159
-256.612
341.924
889.478
1306.92
1601.54
1764.38
1731.51
1503.08
996.615
266.745
-633.264
-1537.23
-2111.11
-2161.64
-1701.74
-1097.12
-714.682
-596.132
-491.125
-160.888
346.185
812.017
1021.27
1039.68
1036.03
1146.21
1414.97
1733.03
1834.84
1607.32
984.44
48.2108
-906.128
-1736.13
-2399.8
-2999.56
-3538.89
-3971.24
-4208.34
-4165.12
-3944.76
-3689.55
-3589.72
-3703.86
-3837.02
-3756.21
-3378.34
-2749.37
-1962.13
-1098.94
-206.239
673.226
1498.06
2230.36
2787.05
2905.6
2517.23
1762.7
945.786
309.965
-189.803
-666.44
-1217.19
-1778.9
-2273.95
-2669.62
-2911.75
-3056.32
-3116.43
-3127.09
-3044.15
-2635.23
-1820.6
-728.987
436.582
1520.12
2476.9
3302.34
4005.57
4563.93
4892.19
4934.5
4747.47
4407.19
4059.3
3736.52
3416.63
3077.72
2695.74
2200.38
1675.05
1249.54
890.847
440.234
-280.809
-1179.14
-1927.28
-2206.07
-1921.49
-1292.37
-609.98
30.1011
586.33
1053.53
1423.34
1708.07
1747.94
1448.6
827.692
5.75179
-672.984
-957.109
-838.863
-592.175
-516.692
-586.848
-549.716
-123.756
607.026
1223.06
1412.99
1230.52
997.223
937.263
1079.25
1348.77
1552.23
1541.58
1321.98
933.611
473.714
-95.2976
-814.362
-1713.61
-2643.9
-3380.93
-3769.45
-3798.52
-3552.28
-3219.76
-2976.58
-2933.81
-3039.73
-3134.85
-3096.8
-2879.48
-2505.72
-2058.61
-1561.88
-897.301
8.3389
1016.25
1875.17
2381.33
2419.68
2200.08
1851.12
1402.79
881.26
250.005
-367.096
-949.5
-1412.9
-1748
-1978.1
-2116.9
-2297.23
-2540.27
-2794.57
-2859.7
-2609.36
-2188.42
-1729.59
-1232.1
-627.481
129.02
1068.14
2070.57
2949.58
3588.14
3993.7
4204.17
4193.22
4021.55
3805.3
3590.12
3370.82
3136.15
2870.59
2647.8
2450.57
2044.09
1270.54
206.329
-836.124
-1569.19
-2013.41
-2211.4
-2148.4
-1813.9
-1298.61
-713.008
-140.192
398.384
750.991
836.214
632.137
254.571
-10.5318
-61.9696
49.1239
135.259
62.9726
-91.4931
-29.859
288.964
756.318
1133.43
1320.61
1408.12
1458.34
1533.82
1581.3
1543.71
1363.98
1099.79
863.15
769.101
774.428
713.859
414.363
-164.084
-885.888
-1574.82
-2156.16
-2603.12
-2946.44
-3232.85
-3415.17
-3383.36
-3176.7
-2888.92
-2630.06
-2473.92
-2421.11
-2374.24
-2180.2
-1736.89
-1107.62
-401.337
256.854
826.018
1331.11
1773.2
2072.55
2140.12
1949.28
1559.23
1121.71
676.422
115.323
-563.869
-1263.3
-1876.6
-2288.86
-2514.85
-2596.27
-2555.03
-2456.11
-2347.91
-2277.45
-2152.96
-1893.95
-1519.43
-1076.73
-593.088
20.9701
764.84
1571.1
2262.32
2730.43
2959.01
3104.35
3247.7
3355.45
3335.97
3202.96
3066.76
2943.49
2816.27
2610.36
2225.19
1632.74
869.238
120.802
-429.643
-696.268
-770.229
-877.822
-987.546
-1026.81
-816.645
-389.772
137.086
493.498
503.238
279.529
-20.2715
-168.041
-147.192
-102.602
-233.784
-522.627
-768.098
-719.856
-285.526
341.011
861.476
1082.14
1033.75
928.741
914.74
950.503
983.527
999.05
976.374
944.264
955.525
1045.77
1125.97
1025.99
642.028
95.6919
-403.316
-713.008
-914.042
-1206.84
-1639.19
-2094.98
-2411.52
-2527.94
-2440.13
-2298.91
-2274.56
-2418.67
-2604.95
-2659.12
-2440.28
-2012.5
-1624.13
-1308.04
-988.916
-527.954
148.499
892.217
1502.32
1822.36
1856.9
1619.8
1217.89
728.316
128.868
-581.218
-1279.13
-1793.96
-2025.43
-1996.82
-1811.62
-1601.3
-1492.49
-1519.73
-1631.74
-1708.59
-1670.85
-1539.67
-1316.57
-975.98
-469.82
136.173
732.577
1341.46
1848.23
2216.82
2451.64
2617.97
2763.31
2890.53
2913.21
2857.81
2720.69
2494.09
2193.84
1861.62
1531.08
1153.36
731.969
325.031
71.9513
-38.3812
-34.4245
-23.0108
-38.99
-22.402
47.6021
171.175
404.775
652.833
751.296
614.636
265.528
-151.149
-472.407
-643.613
-709.812
-702.203
-685.919
-611.502
-404.838
-138.061
89.148
153.978
64.4944
-54.0561
-74.4486
34.8187
211.655
396.101
464.735
469.453
465.192
523.935
621.636
640.202
496.846
216.373
-64.4045
-255.242
-351.574
-425.078
-528.258
-702.812
-913.889
-1098.34
-1247.78
-1380.63
-1543.77
-1793.81
-2060.59
-2241.69
-2241.23
-2058.15
-1792.9
-1474.23
-1097.42
-625.046
-44.4686
527.13
913.827
984.44
693.314
186.393
-347.465
-766.272
-1071.7
-1332.24
-1524.75
-1578.17
-1409.7
-1080.23
-784.686
-634.025
-687.137
-858.647
-960.914
-967.153
-898.671
-800.665
-716.508
-563.412
-304.701
118.215
680.987
1212.11
1648.26
1906.52
2058.7
2181.81
2226.25
2171.31
1986.72
1733.03
1504.6
1338.11
1222.76
1130.23
1048.51
912.61
760.122
688.749
751.6
856.911
929.502
964.047
973.635
998.897
984.897
911.849
768.34
642.181
477.823
292.921
143.173
1.94722
-163.323
-351.269
-509.387
-561.738
-526.888
-494.017
-528.562
-636.308
-739.031
-759.88
-700.681
-603.588
-553.368
-559.608
-574.826
-530.236
-329.811
-38.99
146.825
137.542
-49.1862
-285.526
-408.642
-315.506
-58.9259
203.894
365.208
373.73
270.854
124.454
-99.711
-471.189
-858.799
-1128.77
-1236.52
-1206.99
-1117.36
-1030.16
-945.087
-917.39
-924.238
-923.173
-865.952
-756.228
-677.549
-627.177
-590.349
-543.628
-562.043
-667.353
-861.843
-1078.25
-1224.8
-1215.36
-1053.75
-809.035
-575.891
-466.32
-478.19
-560.521
-599.327
-646.048
-697.029
-699.312
-611.959
-361.313
14.7306
445.713
754.796
895.565
985.505
1091.88
1231.58
1328.83
1327.16
1209.82
1032.83
914.892
845.345
810.951
782.95
729.381
675.661
708.532
863.15
1080.32
1238.28
1280.28
1220.63
1154.12
1195.52
1302.2
1391.22
1344.96
1155.49
901.196
725.272
624.832
512.825
294.747
31.7751
-217.653
-355.53
-299.071
-110.212
145.151
277.855
204.35
-31.6852
-222.523
-278.069
-294.809
-375.771
-612.111
-879.04
-1018.9
-1040.66
-1030
-1089.2
-1202.73
-1290.09
-1316.72
-1157.84
-876.605
-614.089
-414.425
-304.701
-196.499
-39.7509
195.676
357.294
381.796
259.745
62.2116
-69.7309
-135.93
-138.061
-143.996
-145.214
-111.277
-85.5579
-70.644
-116.908
-282.635
-563.869
-951.022
-1309.11
-1471.49
-1432.68
-1281.11
-1154.34
-1074.29
-997.286
-931.238
-820.906
-743.14
-697.79
-690.028
-705.551
-726.248
-710.117
-687.898
-666.744
-667.201
-689.724
-655.939
-461.754
-65.622
452.561
894.348
1190.8
1317.87
1258.98
1078.03
806.538
467.018
130.542
-81.449
-178.542
-157.845
-50.2515
136.325
337.967
542.349
709.141
874.716
998.593
1104.82
1144.23
1115.32
1099.49
1084.58
1072.4
1038.46
962.526
845.345
719.946
577.199
451.191
420.907
506.586
578.568
640.659
730.295
785.08
810.343
712.793
554.98
444.191
398.992
438.408
474.323
502.02
492.433
419.081
232.961
-60.2956
-347.617
-637.83
-937.782
-1238.5
-1482.44
-1605.41
-1599.78
-1498.58
-1342.89
-1174.73
-1030.46
-904.911
-755.619
-647.417
-556.107
-510.909
-443.644
-264.829
-55.2735
217.438
526.065
805.625
1017.46
1090.66
1075.29
989.005
815.821
546.153
157.935
-280.961
-660.809
-933.217
-1022.7
-1006.72
-963.805
-1011.9
-1157.23
-1311.39
-1421.57
-1456.88
-1459.92
-1412.59
-1315.5
-1123.75
-860.93
-594.305
-350.813
-157.084
-73.3833
-64.2523
-68.97
11.5347
199.937
386.209
507.347
571.568
574.003
535.044
397.318
191.111
9.40418
-108.538
-114.168
-45.686
25.8399
101.931
166.457
185.936
141.651
48.9717
19.9048
134.651
381.339
633.202
879.89
1122.32
1316.05
1409.94
1327.61
1101.01
872.586
735.012
695.292
695.14
782.645
951.873
1148.34
1274.04
1279.22
1180.76
1042.73
901.044
780.363
703.815
712.033
813.995
861.324
824.8
699.706
533.218
442.212
323.357
119.585
-113.255
-363.9
-569.652
-718.791
-783.773
-816.188
-805.535
-868.539
-1052.53
-1218.86
-1279.89
-1255.69
-1213.39
-1177.17
-1149.62
-1040.35
-829.428
-592.631
-356.139
-168.193
-8.70558
182.436
371.143
534.74
650.703
717.663
740.186
714.62
592.112
354.555
72.2557
-245.807
-551.39
-844.19
-1115.99
-1301.5
-1455.51
-1614.39
-1800.51
-1952.39
-2002.76
-1910.38
-1686.37
-1413.05
-1110.05
-771.446
-424.013
-173.215
-30.9243
35.1231
98.7355
151.391
162.044
145.304
146.369
150.173
106.192
-13.7276
-142.779
-192.999
-171.693
-126.343
-104.733
-113.864
-119.038
-159.214
-215.826
-289.635
-336.812
-276.852
-92.1018
191.871
492.28
770.319
1005.59
1210.58
1334
1326.39
1221.69
1128.56
1101.01
1147.73
1256.7
1367.94
1478.73
1509.32
1391.83
1225.19
1063.42
957.96
909.262
901.044
942.437
1009.7
1007.72
945.025
857.367
792.233
749.622
662.573
489.846
326.706
266.289
353.033
458.648
408.276
197.046
-98.3413
-362.074
-544.389
-686.985
-832.015
-972.023
-1104.42
-1235.76
-1344.87
-1456.42
-1512.88
-1523.84
-1496.75
-1401.64
-1217.34
-916.02
-524.91
-125.278
240.266
519.826
730.295
855.693
898.761
839.866
652.833
345.272
-62.5783
-445.623
-786.208
-1027.87
-1226.93
-1436.18
-1606.32
-1736.59
-1749.53
-1720.76
-1691.54
-1672.22
-1685.3
-1659.28
-1487.16
-1186.91
-827.754
-488.082
-218.87
-33.5114
76.8212
112.889
148.347
249.549
388.035
518.304
575.981
606.113
612.809
528.957
293.986
-76.1226
-458.254
-728.683
-788.795
-671.462
-478.799
-247.024
-33.9679
155.956
348.315
570.807
741.252
857.672
970.743
1096.9
1271.61
1454.08
1575.37
1617.67
1590.74
1520.28
1464.12
1429.12
1421.81
1396.55
1351.2
1299.15
1248.63
1155.04
1006.96
858.433
705.337
640.202
659.529
715.837
754.644
812.169
880.195
942.742
922.806
800.451
657.551
514.347
419.841
333.858
240.266
104.671
-70.3397
-305.767
-580.305
-856.06
-1096.36
-1318.09
-1574.36
-1883.6
-2103.5
-2139.11
-1937.93
-1574.82
-1178.99
-785.447
-455.819
-128.321
160.217
361.708
472.192
484.063
418.624
318.64
186.697
59.0158
-47.8166
-166.671
-389.011
-703.725
-1002.61
-1226.17
-1400.42
-1577.1
-1744.5
-1900.64
-2005.95
-2038.37
-1957.41
-1823.18
-1658.67
-1490.51
-1341.52
-1164.84
-975.219
-783.012
-613.48
-446.231
-247.024
54.6025
434.908
784.472
1014.12
1070.73
987.636
824.191
596.069
295.66
-47.8166
-410.773
-672.375
-720.769
-569.043
-306.375
-40.664
173.61
298.247
376.317
480.867
628.789
824.648
1045.31
1239.35
1436.42
1663.02
1849.75
1955.52
1971.04
1907.12
1811.25
1729.83
1668.05
1586.17
1504.14
1383.01
1250.61
1092.34
915.501
822.974
829.974
902.566
911.849
882.934
857.367
896.174
902.413
812.169
593.178
338.88
163.261
101.475
183.197
285.16
322.444
239.505
0.577573
-328.898
-735.988
-1117.51
-1445.16
-1711.33
-1877.66
-1889.08
-1702.81
-1352.63
-991.655
-748.162
-583.348
-421.426
-225.11
3.46905
203.133
311.183
349.533
328.836
329.901
344.663
343.902
239.353
4.83869
-329.811
-697.638
-1025.74
-1284.76
-1544.23
-1830.33
-2063.17
-2203.94
-2201.51
-2114.31
-2018.28
-1986.17
-1977.8
-1975.82
-1914.04
-1750.44
-1500.1
-1184.01
-789.252
-370.14
43.9497
485.28
873.346
1187
1347.4
1339.63
1210.89
1020.81
829.67
618.44
376.621
114.106
-158.301
-376.379
-510.757
-615.002
-641.025
-559.151
-383.836
-185.238
18.6873
308.748
678.248
1101.93
1484.67
1775.33
2011.52
2200.08
2365.65
2469.44
2538.23
2573.23
2542.79
2383.15
2083.35
1780.97
1556.34
1451.34
1424.86
1405.68
1299.46
1073.16
743.23
442.06
231.743
80.778
-112.19
-400.729
-594.914
-607.089
-449.123
-194.217
43.1888
161.587
107.867
-105.037
-397.229
-656.7
-870.974
-1064.4
-1274.26
-1435.72
-1400.42
-1105.18
-683.637
-302.419
-75.6661
49.5805
171.631
355.468
576.133
659.225
557.415
387.883
295.356
300.226
298.399
153.521
-159.519
-634.329
-1143.08
-1554.12
-1839.01
-1986.78
-2138.35
-2248.38
-2303.47
-2263.6
-2101.07
-1945.84
-1918.75
-2089.05
-2330.26
-2516.98
-2530.53
-2344.87
-1990.43
-1545.45
-1010.53
-383.532
263.702
850.823
1315.44
1602.3
1676.87
1580.24
1371.14
1167.52
981.548
798.929
586.025
292.312
-19.8149
-285.983
-510.605
-704.181
-819.993
-806.144
-649.091
-371.966
-48.4253
246.201
529.261
787.667
1075.29
1396.25
1752.05
2106.94
2407.81
2708.06
3015.93
3291.53
3468.37
3449.8
3281.34
3055.34
2772.89
2361.54
1771.99
1078.18
451.191
-10.2274
-408.338
-850.429
-1274.41
-1580.45
-1689.11
-1632.34
-1448.81
-1187.36
-889.236
-682.876
-588.218
-518.67
-442.883
-408.186
-522.779
-768.25
-991.046
-979.785
-653.2
-152.518
286.681
627.571
945.025
1309.65
1680.07
1930.56
1942.43
1704.72
1359.57
993.571
663.182
286.529
-212.783
-836.581
-1511.97
-2045.67
-2340.6
-2491.57
-2620.62
-2769.15
-2845.39
-2657.91
-2258.43
-1842.66
-1561.12
-1450.94
-1453.83
-1483.36
-1505.42
-1466.31
-1375.46
-1235.6
-1031.83
-743.445
-361.313
75.4516
493.498
767.579
897.391
887.956
813.082
653.899
367.643
27.5139
-286.439
-542.715
-667.657
-639.047
-531.758
-453.08
-433.905
-394.794
-260.112
-51.7733
140.738
220.33
278.464
466.714
846.41
1309.65
1763.62
2180.29
2504.29
2728
2882.46
2989.3
3093.69
3181.2
3073.3
2699.08
2152.14
1601.85
1131.14
625.897
-20.4237
-781.034
-1436.33
-1785.29
-1900.03
-1860.16
-1771.9
-1635.54
-1487.47
-1416.4
-1341.37
-1165.45
-846.472
-510.605
-294.809
-157.084
60.9942
470.975
976.07
1356.37
1464.58
1367.64
1298.39
1386.35
1575.82
1704.72
1651.61
1449.05
1194.91
906.218
540.675
3.77341
-785.904
-1655.32
-2339.69
-2637.51
-2564.47
-2381.08
-2212.31
-1997.13
-1670.69
-1241.23
-817.405
-586.696
-523.236
-491.582
-416.556
-285.983
-129.387
-0.0311581
22.6441
-18.4453
-33.207
45.9281
212.264
348.468
355.316
230.069
55.059
-143.692
-396.315
-686.072
-1011.29
-1304.54
-1480.16
-1524.45
-1435.57
-1255.69
-1075.81
-892.736
-677.093
-378.967
20.9701
388.34
661.964
843.366
1070.27
1362.16
1591.5
1722.07
1776.4
1869.38
2030.24
2232.64
2453.92
2626.65
2519.36
2029.02
1268.26
558.023
95.6919
-296.94
-898.519
-1644.06
-2167.72
-2247.47
-2024.06
-1818.46
-1784.68
-1839.01
-1832.62
-1720.46
-1424.01
-927.89
-312.615
197.959
529.87
749.47
1024.77
1457.73
1840.32
1964.04
1777.01
1503.08
1400.2
1493.34
1529.86
1284.39
809.886
321.683
3.16468
-185.238
-434.97
-847.538
-1325.24
-1663.39
-1782.55
-1695.5
-1585.02
-1598.86
-1642.85
-1552.91
-1179.91
-619.872
-106.255
236.765
418.32
539.001
730.903
980.027
1220.02
1356.22
1377.98
1357.9
1415.73
1542.8
1566.84
1314.52
834.844
327.619
-164.693
-654.113
-1155.1
-1604.5
-1893.8
-1940.52
-1823.33
-1639.19
-1386.87
-1072.77
-734.618
-380.184
26.753
490.606
920.371
1193.08
1300.07
1369.16
1523.02
1724.51
1797.1
1689.35
1528.04
1451.64
1463.36
1349.83
890.391
46.0803
-956.805
-1739.03
-2212.62
-2539.66
-2905.35
-3358.71
-3647.7
-3533.57
-3051.3
-2385.95
-1781.48
-1291.61
-832.624
-334.529
213.329
769.101
1183.8
1329.59
1203.28
964.504
866.803
1034.51
1241.17
1281.04
1087.47
844.584
779.145
866.042
872.129
606.722
129.02
-382.467
-744.205
-1035.94
-1327.98
-1700.67
-2059.67
-2266.95
-2149.31
-1664.61
-976.893
-273.504
280.138
772.297
1287.89
1741.55
2033.89
2060.68
1892.06
1697.42
1597.28
1597.13
1567.15
1473.4
1321.68
1183.95
1164.78
1222
1139.82
842.758
465.953
112.584
-162.258
-424.317
-766.12
-1131.51
-1330.72
-1279.74
-970.197
-494.626
2.70813
401.884
657.095
880.651
1128.25
1334.92
1340.4
1224.58
1119.58
1171.93
1387.12
1635.02
1785.07
1857.82
1933.6
2049.72
2135.55
1955.21
1280.28
221.547
-888.931
-1753.33
-2505.72
-3328.42
-4335.57
-4995.74
-4986.3
-5000
-4872.17
-4432.81
-4058.29
-3645.57
-3107.45
-2366.32
-1454.44
-575.587
130.542
611.288
974.092
1411.01
1957.04
2448.9
2663.93
2487.7
2158.53
2007.41
2065.24
2069.2
1668.65
838.801
-43.5555
-765.055
-1362.83
-2011.74
-2828.2
-3684.07
-4317.31
-4494.14
-4199.37
-3564.92
-2816.02
-2044.76
-1110.81
72.4079
1363.98
2551.47
3418.45
3908.03
4170.39
4341.14
4388.77
4223.8
3816.26
3216.66
2601.38
2108.01
1694.98
1236.61
651.007
66.7771
-356.443
-594.305
-747.249
-890.149
-1030.16
-1024.53
-813.601
-464.189
-71.7093
287.138
607.026
920.98
1261.56
1620.41
1947.45
2151.07
2255.62
2294.28
2355.91
2386.04
2358.04
2198.56
2007.57
1944.11
2000.41
1862.54
1239.65
196.133
-873.713
-1576.95
-2019.5
-2557.46
-3359.62
-4097.4
-4402.68
-4226.91
-3825.3
-3529.46
-3396.14
-3325.68
-3202.72
-2886.33
-2359.93
-1667.19
-1059.98
-732.64
-579.087
-313.071
199.481
786.907
1040.44
774.884
214.242
-238.35
-429.339
-555.194
-847.385
-1307.59
-1655.63
-1691.24
-1530.08
-1366.33
-1335.44
-1425.83
-1562.49
-1601.15
-1482.9
-1254.93
-1023.92
-845.559
-621.09
-248.394
253.353
765.144
1177.56
1449.66
1663.94
1895.71
2092.03
2184.71
2206.01
2063.72
1894.49
1828.75
1861.77
1853.1
1757.83
1633.2
1542.49
1462.6
1305.24
950.351
490.15
152
45.015
159.152
381.339
663.334
982.766
1310.87
1676.87
2109.53
2467.31
2636.69
2506.73
2196.88
1964.95
1875.32
1760.27
1503.08
1213.17
1152.75
1319.85
1411.92
1144.99
599.874
214.547
43.4931
-225.871
-802.035
-1545.75
-2101.37
-2383.98
-2538.59
-2761.39
-3046.58
-3293.12
-3554.41
-3789.84
-3757.12
-3253.09
-2504.05
-1796.09
-1271.67
-747.249
25.2312
966.635
1644.76
1717.35
1260.8
676.574
286.834
38.0146
-288.113
-846.168
-1489.45
-1937.78
-2112.33
-2142.16
-2220.99
-2495.22
-2948.42
-3401.62
-3588.05
-3491.87
-3191.15
-2885.42
-2594.9
-2107.61
-1222.67
-6.42284
1187.45
2114.55
2756
3284.08
3726.47
3939.98
3845.93
3436.87
2833.16
2266.58
1817.18
1408.12
970.743
462.909
-35.642
-419.599
-625.351
-754.706
-871.43
-913.128
-800.057
-494.169
6.96925
651.159
1356.83
2044.09
2586.47
3006.49
3343.58
3580.22
3639.73
3411.15
2988.69
2564.86
2250.15
2052.92
1868.01
1755.86
1650.54
1320.31
631.528
-273.199
-966.697
-1297.39
-1579.54
-2082.2
-2644.51
-2853.46
-2581.51
-2127.09
-1869.45
-1918.6
-2108.22
-2283.84
-2411.98
-2378.5
-2023.45
-1500.1
-1014.33
-697.79
-411.229
68.9077
707.771
1193.39
1127.04
623.919
75.6037
-183.564
-195.891
-322.659
-735.988
-1220.23
-1476.51
-1439.22
-1306.67
-1299.83
-1532.82
-1911.3
-2259.34
-2411.83
-2406.96
-2402.69
-2446.52
-2423.24
-2139.27
-1549.1
-705.551
112.584
727.099
1164.93
1582.06
1959.17
2232.8
2372.96
2297.17
2067.22
1864.97
1737.14
1544.63
1246.35
808.212
338.88
-13.5754
-213.239
-312.006
-339.247
-216.283
80.6258
505.064
1030.7
1570.19
2062.2
2452.09
2758.44
2892.51
2805.92
2550.25
2162.34
1683.26
1177.71
764.688
559.089
666.378
977.896
1343.9
1493.8
1239.8
696.206
122.628
-224.349
-537.998
-1049.03
-1756.53
-2305.3
-2376.98
-2031.06
-1615.76
-1481.99
-1599.02
-1847.07
-2097.57
-2176.86
-2003.06
-1700.83
-1450.18
-1298.91
-1145.21
-780.425
-170.78
391.535
584.199
306.009
-168.954
-496.147
-527.954
-401.49
-380.641
-564.021
-810.709
-873.865
-747.401
-598.719
-702.051
-1137.14
-1646.95
-1887.4
-1699.46
-1321.74
-1049.33
-880.714
-634.482
-153.736
497.455
991.136
1203.89
1276.48
1340.4
1413.14
1506.28
1603.37
1623.76
1586.48
1565.63
1573.54
1627.11
1612.19
1397.92
964.808
439.473
-38.6856
-447.601
-748.619
-930.325
-935.195
-724.726
-264.982
453.474
1331.26
2170.71
2789.94
3125.2
3219.4
3161.26
2953.84
2606.41
2159.44
1697.42
1329.29
1103.45
1041.81
947.764
499.281
-390.228
-1415.18
-2120.4
-2373.48
-2551.99
-2967.45
-3479.39
-3627.31
-3253.7
-2580.14
-1948.43
-1580.6
-1389.31
-1328.28
-1350.65
-1250.67
-869.148
-414.121
-215.979
-350.508
-545.911
-448.514
-91.4931
108.78
-210.196
-885.127
-1478.94
-1692.3
-1608.76
-1481.53
-1494.01
-1579.39
-1545.14
-1310.63
-948.435
-745.119
-924.694
-1411.53
-1835.66
-1850.27
-1379.11
-768.859
-241.698
179.24
691.944
1408.12
2129.77
2567.14
2535.34
2239.64
1950.34
1812.62
1792.38
1733.94
1560.45
1403.7
1409.79
1614.17
1806.99
1776.4
1507.19
1088.38
731.969
449.974
181.371
-44.1642
-60.1434
215.916
742.469
1392.9
2096.44
2796.18
3391.21
3777.6
3899.05
3794.8
3565.46
3200.98
2623.91
1970.13
1371.59
895.565
575.372
368.556
52.0154
-605.11
-1540.43
-2401.02
-2842.35
-2874.77
-2901.85
-3217.03
-3574.05
-3590.48
-3181.87
-2604.64
-2261.32
-2200.75
-2284.14
-2377.74
-2387.63
-2168.03
-1718.18
-1183.25
-798.23
-728.987
-764.294
-601.458
-343.66
-457.645
-1226.47
-2371.34
-3233.16
-3322.64
-2833.07
-2313.97
-1992.26
-1695.81
-1104.12
-258.59
457.583
630.006
152.152
-610.589
-1227.23
-1477.88
-1424.01
-1263.3
-1120.86
-870.061
-346.399
444.191
1294.59
1921.43
2182.42
2131.9
2027.35
2031.91
2177.1
2305.39
2276.78
2151.99
2153.51
2378.28
2577.19
2498.36
2134.18
1721.61
1414.51
1171.78
908.349
694.988
678.705
922.349
1336.44
1800.44
2360.17
2957.19
3426.52
3604.42
3596.81
3636.84
3740.78
3785.97
3585.4
3238.42
2970.73
2882.92
2785.37
2202.97
1002.25
-519.127
-1745.26
-2322.8
-2565.38
-2876.9
-3332.08
-3590.63
-3447.13
-3048.71
-2692.3
-2591.4
-2716.65
-2963.95
-3298.44
-3399.19
-2999.71
-2187.36
-1349.59
-799.904
-490.212
-196.043
170.261
311.487
-151.605
-1271.37
-2657.14
-3835.8
-4508.91
-4762.75
-4835.03
-4845.99
-4710.4
-4218.08
-3344.71
-2329.49
-1654.87
-1539.51
-1710.26
-1673.59
-1147.95
-338.182
319.857
678.096
908.196
1299.61
1817.79
2161.27
2150.92
1826.32
1476.14
1208.15
1066.16
1131.75
1394.42
1763.62
2088.37
2333.39
2545.38
2691.17
2617.67
2177.4
1453.77
755.557
265.376
52.6241
92.0395
406.906
1039.07
1877.3
2731.2
3450.26
4064.32
4530.15
4711.09
4595.13
4307.05
3998.42
3742.3
3452.24
3088.06
2785.83
2711.41
2764.07
2484.66
1493.95
35.2753
-1203.95
-1735.52
-1827.75
-2025.43
-2513.79
-2887.09
-2786.96
-2349.89
-1938.54
-1897.6
-2222.97
-2653.19
-2964.71
-2846
-2179.59
-1148.4
-149.627
513.586
927.98
1273.59
1556.95
1385.29
420.146
-1266.65
-3115.52
-4568.56
-5000
-4987.37
-5000
-4997.57
-4960.13
-4400.86
-3475.74
-2610.27
-2293.12
-2572.99
-3054.95
-3187.96
-2723.95
-1916.93
-1123.6
-549.564
-49.795
650.399
1488.32
2158.38
2346.48
2000.57
1396.25
810.038
439.625
184.262
48.5152
38.0146
169.805
534.587
1017.46
1458.79
1722.22
1736.68
1597.43
1376.77
1244.82
1262.48
1401.88
1667.74
2031.76
2512.36
3185
3944.24
4593.15
4922.17
4957.94
4893.56
4795.1
4610.2
4211.63
3601.68
2952.16
2451.03
2174.81
1862.99
1097.06
-283.548
-1809.94
-2690.78
-2642.84
-2174.12
-1931.69
-1980.23
-1929.56
-1480.77
-790.621
-377.901
-635.851
-1434.66
-2460.83
-3208.2
-3202.42
-2375.61
-1132.73
-118.429
532.152
1113.49
1871.67
2576.12
2507.33
1308.44
-648.482
-2525.66
-3697.31
-4164.52
-4253.39
-4336.33
-4478.93
-4408.31
-3842.04
-2912.66
-2125.57
-2004.89
-2574.51
-3200.59
-3243.66
-2638.27
-1884.36
-1396.92
-1069.57
-543.628
264.006
1149.86
1722.37
1855.69
1723.59
1591.65
1579.48
1611.28
1646.13
1554.06
1309.35
1047.29
862.846
680.379
352.577
-216.435
-867.93
-1238.34
-1155.71
-745.119
-170.933
414.058
1058.4
1781.88
2499.42
3096.74
3470.65
3670.16
3748.99
3876.68
4127.47
4528.32
4923.24
4973.31
4962.04
4732.7
4360.92
4001.92
3284.23
1885.51
-122.538
-2060.74
-3171.22
-3293.42
-2969.88
-2791.67
-2721.97
-2395.09
-1730.65
-974.763
-670.701
-1088.75
-1962.43
-2886.18
-3534.17
-3551.07
-2746.02
-1415.94
-142.474
748.404
1373.88
2016.39
2580.23
2537.16
1439.31
-397.229
-2159.05
-3212.92
-3579.07
-3651.2
-3716.34
-3847.52
-3895.61
-3676.47
-3219.31
-2713.15
-2520.33
-2741.91
-3021.47
-2735.21
-1658.37
-334.377
630.615
951.873
977.592
1144.38
1451.49
1562.58
1249.39
845.954
646.898
805.016
1242.69
1755.7
2152.6
2307.67
2238.43
1947.45
1511.45
939.394
194.002
-615.307
-1222.97
-1384.74
-1056.33
-459.319
207.09
918.393
1623.46
2301.13
2889.92
3347.38
3588.14
3647.18
3676.25
3791.15
4062.34
4392.27
4587.98
4451.62
4062.19
3662.25
3258.81
2429.87
806.995
-1368.31
-3272.72
-4158.58
-4029.23
-3589.11
-3352.01
-3214.74
-2866.7
-2217.49
-1544.08
-1252.04
-1508.16
-2071.7
-2627.62
-2814.96
-2312.75
-1170.17
99.8008
920.371
1114.4
999.05
948.677
834.235
241.331
-1055.27
-2633.4
-3678.6
-3821.19
-3309.55
-2740.08
-2512.27
-2613.77
-2842.35
-2884.51
-2737.8
-2702.49
-2981.14
-3447.73
-3595.66
-2945.84
-1649.39
-249.763
657.855
1021.88
1145.75
1316.35
1564.71
1645.22
1437.79
1104.97
958.417
1168.73
1708.83
2320.91
2620.71
2468.68
2130.38
1859.34
1757.53
1581.61
1153.97
590.134
174.979
186.697
554.523
1042.27
1408.27
1516.17
1528.19
1639.44
2014.87
2527.73
2958.25
3192.92
3430.63
3883.37
4618.26
4973.31
4966.46
4944.39
4420.88
3875
3388.02
2483.14
777.623
-1421.57
-3171.52
-3787.25
-3442.26
-2968.81
-2915.86
-3108.67
-3117.5
-2676.62
-2066.67
-1904.45
-2284.6
-2978.71
-3525.35
-3369.06
-2395.85
-982.828
108.78
449.821
178.632
-173.063
-190.26
-273.047
-992.416
-2437.54
-3944.61
-4599.61
-4169.08
-3217.33
-2492.94
-2297.84
-2412.13
-2369.06
-1968.82
-1427.81
-1249.76
-1596.58
-2222.21
-2455.96
-1951.17
-1066.68
-377.293
-259.655
-503.604
-642.852
-520.192
-235.915
31.4707
239.353
506.586
866.346
1435.51
2186.23
2893.73
3276.62
3133.72
2614.17
2142.7
1902.41
1777.46
1458.64
955.525
544.936
441.451
711.424
1088.69
1390.01
1478.73
1456.21
1534.73
1958.11
2762.39
3621.77
4216.5
4605.33
4956.87
4971.18
4973.31
4967.52
4973.31
4897.82
4197.02
3281.64
1900.12
-83.8839
-2110.05
-3488.22
-4003.66
-3949.02
-3805.36
-3738.71
-3651.96
-3507.39
-3191
-2789.24
-2414.56
-2235.6
-2310.17
-2237.58
-1544.54
-128.017
1442.66
2397.15
2303.56
1492.27
645.376
84.126
-679.832
-1984.8
-3919.2
-5000
-4960.58
-5000
-4851.01
-4400.1
-4317.46
-4411.05
-4226
-3561.26
-2682.25
-2049.17
-1870.51
-1889.69
-1601.15
-836.885
42.2757
492.28
304.335
-135.474
-334.834
-112.19
361.251
795.429
1135.86
1376.92
1549.5
1726.79
1952.32
2126.42
2042.26
1643.7
1105.43
765.601
856.302
1127.64
1220.78
999.354
717.663
674.139
936.655
1294.13
1516.17
1529.1
1470.66
1534.28
1926.15
2650.99
3423.63
4008.31
4445.84
4888.69
4973.31
4957.17
4973.31
4951.7
4973.31
4650.07
3272.66
1400.96
-486.864
-1856.81
-2542.7
-2860.46
-3124.35
-3248.53
-3161.94
-2976.42
-2761.69
-2812.37
-3092.69
-3438.45
-3614.37
-3349.73
-2456.57
-997.438
604.439
1936.95
2703.19
2867.4
2623.3
2155.34
1342.53
12.9044
-1733.39
-3393.1
-4387.46
-4669.92
-4657.89
-4793.49
-4987.06
-5000
-4957.24
-4490.34
-3783.15
-3075.19
-2347.6
-1632.8
-806.144
19.1439
606.113
791.929
507.347
-12.5102
-497.974
-755.315
-791.534
-672.68
-403.62
16.8611
481.932
797.864
910.631
941.677
1011.99
1190.19
1326.7
1348
1378.59
1554.06
1817.34
1862.23
1603.37
1156.86
774.884
607.635
691.792
938.633
1237.06
1499.43
1724.51
2042.72
2630.15
3402.17
4077.25
4467.91
4758.58
4952.15
4973.31
4958.39
4973.31
4783.69
3567.74
1708.22
-259.503
-1690.33
-2337.86
-2561.12
-2709.5
-2893.48
-2935.64
-2732.47
-2373.93
-2233.47
-2544.53
-3133.78
-3678.14
-3816.78
-3228.59
-1907.64
-244.437
1236.76
2218.19
2603.82
2666.37
2609.3
2351.65
1561.67
181.371
-1443.94
-2668.41
-3286.12
-3568.26
-4117.95
-4886.78
-5000
-4980.82
-5000
-4855.58
-4095.73
-3138.04
-1970.19
-578.783
691.031
1507.19
1785.84
1617.52
1223.82
832.257
546.914
465.344
457.887
403.862
306.009
310.574
381.796
345.881
57.9505
-286.287
-305.31
37.8624
505.673
895.109
1204.04
1499.73
1616.61
1435.05
1110.14
915.805
912.914
910.783
877.608
1073.16
1576.13
2134.18
2430.94
2472.03
2576.73
2939.69
3415.41
3761.78
4052.14
4467.45
4857.95
4973.31
4864.95
3975.9
2324.41
317.27
-1444.09
-2515.77
-2942.94
-3057.54
-3132.56
-3224.48
-3180.04
-2820.59
-2441.04
-2455.96
-2976.27
-3665.36
-3973.07
-3539.5
-2393.26
-939.456
357.599
1266.59
1783.1
2050.33
2202.97
2183.64
1710.96
655.421
-631.134
-1642.69
-2111.11
-2446.68
-3072.15
-4225.54
-5000
-4970.48
-5000
-4716.33
-3856.8
-3036.38
-2058.91
-815.275
483.15
1353.18
1503.23
1066.31
501.107
248.484
396.405
771.993
1173.15
1458.64
1601.85
1660.74
1642.48
1436.12
951.568
340.706
-80.3837
-61.8174
311.183
788.124
1211.04
1592.71
1877.75
1892.06
1672.61
1491.36
1512.36
1611.89
1649.02
1672.46
1793.75
1988.39
2066.76
1934.97
1763.16
1732.27
1898.15
2163.55
2615.99
3339.77
4210.57
4864.49
4973.31
4662.55
3401.41
1593.17
-165.606
-1440.14
-2128
-2529.92
-2901.25
-3284.14
-3517.59
-3353.84
-3026.95
-3014.62
-3534.02
-4338.46
-4820.42
-4470.25
-3286.12
-1764.74
-490.364
293.834
726.033
1031.01
1326.55
1452.1
1137.08
307.683
-695.05
-1404.37
-1633.26
-1705.39
-2176.55
-3308.03
-4700.05
-5000
-4991.78
-4954.04
-4208.04
-3413.34
-2575.42
-1344.11
210.438
1479.8
1902.25
1420.14
623.767
128.716
210.133
694.684
1252.43
1624.83
1796.79
1897.23
1994.78
1992.96
1703.66
1183.5
666.53
469.757
674.748
1049.57
1273.44
1316.2
1268.87
1174.67
966.026
770.623
831.648
1194.76
1735.31
2257.15
2726.78
3055.34
3195.2
3025.67
2623.75
2262.62
2146.05
2319.08
2661.04
3172.83
3822.04
4565.61
4973.31
4864.65
3897.52
2177.55
434.908
-862.908
-1634.32
-2123.9
-2544.07
-3041.41
-3587.89
-3922.7
-4015.68
-4075.95
-4357.33
-4848.27
-5000
-4800.34
-3566.44
-1774.03
-253.568
610.983
864.672
855.084
886.282
991.44
860.411
303.878
-504.061
-1197.86
-1462.81
-1522.01
-1908.1
-2999.25
-4561.56
-5000
-4955.56
-5000
-4734.14
-3788.32
-2983.42
-2122.68
-953.305
241.483
967.852
914.588
418.015
-23.3151
124.911
857.519
1811.55
2509.77
2671.24
2400.81
2006.96
1703.05
1482.23
1126.43
686.618
456.518
716.294
1291.09
1761.03
1854.17
1559.08
1141.64
778.841
666.834
850.976
1337.5
2003.76
2646.43
3159.44
3550.55
3752.8
3681.27
3264.75
2617.21
2127.03
2016.39
2290.93
2778.37
3232.18
3614.31
3801.04
3529.55
2692.39
1432.31
256.245
-483.364
-829.276
-952.087
-1020.11
-1148.4
-1529.01
-2166.81
-2831.39
-3379.25
-3843.41
-4354.29
-4778.27
-4649.22
-3639.64
-2018.59
-583.805
117.911
119.889
-104.885
-199.543
-164.845
-216.74
-516.083
-976.284
-1353.7
-1495.53
-1525.21
-1790.01
-2522.01
-3883.28
-4976.72
-4986.76
-5000
-4827.12
-3682.25
-2620.62
-1823.49
-958.327
-20.1193
740.643
940.003
613.57
225.2
279.377
852.041
1700.31
2387.26
2664.39
2387.26
1755.09
1079.86
464.431
13.3609
-213.696
-187.064
101.931
590.286
1156.1
1586.17
1652.83
1374.03
988.397
792.233
910.023
1367.94
2039.68
2691.17
3206.31
3440.37
3395.32
3209.81
2989.91
2737.43
2472.33
2352.26
2537.31
3060.37
3677.32
4139.19
4332.16
4069.64
3176.03
1686.92
60.0811
-1092.86
-1604.8
-1720.46
-1725.63
-1727.61
-1836.73
-2092.55
-2417.3
-2769.91
-3125.11
-3491.41
-3853.45
-3960.13
-3406.49
-2156.46
-735.075
135.412
202.22
-159.671
-446.231
-451.253
-295.57
-281.113
-532.215
-957.566
-1299.37
-1463.27
-1592.78
-2112.18
-3115.37
-4483.64
-5000
-5000
-4750.72
-3488.82
-2398.43
-1757.74
-1359.94
-909.02
-318.702
180.153
298.247
82.2998
14.274
524.391
1595.76
2670.02
3173.74
2961.9
2271.91
1564.71
1052.62
726.186
502.781
425.016
494.411
694.227
929.198
1129.17
1174.06
945.025
560.154
311.487
472.345
1032.83
1803.34
2524.38
3028.71
3179.07
2962.21
2537.77
2103.29
1838.95
1692.09
1668.65
1878.21
2377.22
3080.3
3678.08
3995.07
4013.49
3611.57
2610.67
1117.3
-298.31
-1119.49
-1352.78
-1401.94
-1585.62
-1852.4
-2232.71
-2753.78
-3241.07
-3535.24
-3611.33
-3605.24
-3635.38
-3472.39
-2804.15
-1573.3
-300.44
322.14
168.435
-355.683
-676.636
-605.263
-423.1
-431.165
-732.335
-1208.52
-1645.13
-1906.43
-2089.65
-2396.15
-2964.1
-3705.23
-4270.13
-4284.44
-3645.57
-2731.26
-2052.52
-1814.36
-1746.79
-1461.9
-882.844
-236.98
255.027
536.261
823.887
1366.72
2129.77
2774.42
2974.23
2740.02
2191.55
1621.63
1203.58
1090.05
1243.3
1477.66
1673.68
1730.29
1631.67
1425.16
1220.17
955.982
662.269
442.669
460.779
829.974
1470.21
2191.86
2663.93
2673.67
2267.34
1767.27
1512.36
1563.04
1804.4
2104.66
2414.96
2727.39
3002.69
3217.88
3305.23
3224.12
2886.27
2152.29
1113.95
111.367
-501.169
-740.553
-903.237
-1180.36
-1602.97
-2126.79
-2783.46
-3388.84
-3780.41
-3970.94
-4078.84
-4194.04
-4134.99
-3624.88
-2613.92
-1437.7
-520.04
-70.3397
65.1031
126.889
158.391
100.257
-148.105
-541.498
-1044.16
-1654.11
-2221.75
-2570.55
-2691.39
-2704.32
-2855.13
-3089.19
-3236.96
-3106.24
-2692.15
-2248.84
-1936.1
-1680.28
-1270
-751.054
-261.786
191.719
656.029
1100.4
1437.18
1568.06
1608.69
1776.7
2084.11
2326.39
2254.86
1948.52
1719.33
1739.72
1890.08
1977.59
1938.47
1788.12
1586.02
1405.83
1316.5
1295.35
1223.06
1105.58
1097.36
1269.02
1589.37
1786.29
1739.88
1537.02
1391.53
1490.9
1782.64
2147.27
2517.07
2849.29
3130.83
3241.01
3146.96
2863.75
2476.29
2061.89
1581.91
974.092
181.523
-640.112
-1250.97
-1546.06
-1590.8
-1593.39
-1696.41
-1875.08
-2159.05
-2482.9
-2817.09
-3152.04
-3469.95
-3707.51
-3663.07
-3291.44
-2665.97
-1879.95
-1071.55
-393.88
-57.8607
-190.869
-664.766
-1277.15
-1748.16
-2027.87
-2269.69
-2541.18
-2773.11
-2786.2
-2619.4
-2383.06
-2175.03
-2096.2
-2154.03
-2245.03
-2166.81
-1806.59
-1241.23
-649.7
-163.932
142.26
379.056
672.617
959.634
1029.18
794.668
474.932
418.624
752.361
1246.8
1635.02
1808.36
1881.86
1936.65
1988.09
1996.91
1917.32
1835.14
1792.84
1843.06
2002.09
2148.49
2187.29
2071.18
1879.28
1799.84
1754.64
1593.32
1274.04
1010.46
997.071
1243.3
1542.19
1763.01
1908.65
1997.67
2087
2065.55
1868.93
1524.08
1165.08
941.981
866.803
851.432
800.299
532.913
27.9705
-502.387
-781.49
-723.356
-492.495
-370.901
-445.318
-674.658
-1077.33
-1641.93
-2209.57
-2548.64
-2608.9
-2538.9
-2521.55
-2341.67
-1789.85
-970.958
-340.312
-336.355
-934.891
-1740.85
-2401.78
-2828.96
-3125.11
-3299.81
-3301.64
-3166.8
-2946.9
-2590.18
-2081.28
-1557.01
-1196.8
-1047.2
-1034.11
-949.957
-688.05
-321.898
1.94722
270.854
530.326
767.579
909.718
816.887
521.652
137.694
-128.93
-131.822
71.7992
355.012
638.833
951.416
1229.3
1421.36
1449.36
1377.22
1357.14
1381.79
1471.43
1638.37
1842.14
2002.39
2046.83
1927.37
1672.31
1340.55
1003.01
702.597
511.912
551.327
863.15
1303.42
1743.53
2127.49
2411
2491.51
2268.71
1760.42
1174.06
735.469
484.519
346.489
248.331
174.523
160.37
223.221
258.223
201.763
86.4087
24.6225
68.4511
186.545
207.546
17.0133
-359.639
-789.404
-1082.51
-1196.19
-1250.37
-1309.56
-1305
-1126.95
-774.642
-473.624
-471.189
-803.252
-1299.22
-1809.33
-2312.45
-2781.17
-3173.04
-3450.63
-3547.57
-3469.5
-3268.31
-3045.06
-2840.98
-2576.79
-2159.35
-1594.91
-1060.75
-655.331
-436.492
-290.244
-125.278
127.65
428.972
640.354
660.747
516.173
401.123
417.711
503.39
525.152
440.995
344.359
372.36
529.413
619.049
627.419
679.009
836.823
1024.46
1134.19
1191.26
1243.3
1333.4
1462.6
1533.52
1527.28
1428.36
1271.91
1145.75
1111.66
1169.65
1268.41
1363.98
1513.73
1786.29
2100.85
2242.69
2037.09
1580.39
1104.21
788.885
594.091
354.403
6.05616
-366.183
-587.001
-568.13
-371.814
-158.758
16.4046
127.498
214.851
271.615
175.892
-31.9896
-201.217
-178.846
37.2536
258.223
270.246
176.653
179.697
311.639
433.842
368.251
68.6033
-376.988
-806.753
-1184.93
-1548.04
-1956.19
-2436.78
-2899.42
-3245.64
-3417.45
-3488.37
-3553.2
-3553.81
-3306.51
-2814.2
-2153.42
-1473.31
-892.127
-451.406
-137.452
86.5609
283.181
465.192
540.37
465.801
308.9
234.787
344.663
588.156
845.497
1011.38
1078.03
977.135
721.772
489.085
441.299
608.092
822.517
915.045
883.695
869.998
920.067
922.502
821.756
646.442
465.801
341.772
274.963
356.686
560.306
846.106
1104.82
1334.16
1609.76
1954.91
2205.71
2135.7
1731.35
1239.04
890.087
656.181
410.406
107.867
-110.668
-185.999
-184.172
-168.498
-160.432
-160.736
-114.625
-110.82
-199.391
-402.859
-613.785
-715.443
-625.351
-373.184
-99.5588
18.383
60.0811
239.353
626.81
1062.81
1268.57
1170.26
868.933
598.2
406.602
156.108
-254.481
-826.536
-1437.7
-1903.69
-2184.92
-2344.41
-2481.07
-2660.04
-2833.68
-2869.59
-2698.54
-2389.15
-2023.76
-1660.5
-1340.76
-1084.94
-867.321
-553.977
-142.474
186.241
243.157
89.148
-78.7097
-137.452
-49.9471
69.0599
191.263
305.552
428.211
534.74
686.161
919.914
1138.91
1156.25
933.307
624.071
418.624
367.947
346.489
299.769
261.115
302.052
399.753
474.019
514.499
544.936
557.415
614.636
789.95
1121.1
1489.99
1717.2
1708.07
1493.04
1196.74
919.458
681.9
396.253
91.5829
-114.168
-129.082
29.6445
191.567
290.638
293.53
208.612
58.2549
-193.912
-594.001
-1042.48
-1288.26
-1207.45
-844.798
-480.32
-230.588
0.273208
322.597
745.056
1026.75
1114.1
1041.05
990.071
1008.64
1043.03
965.417
688.444
272.681
-205.63
-588.827
-875.083
-1110.81
-1346.85
-1463.88
-1494.62
-1434.66
-1306.83
-1208.52
-1121.31
-1121.77
-1237.43
-1411.22
-1506.03
-1407.11
-1163.16
-943.565
-867.93
-920.129
-962.284
-903.998
-790.165
-698.094
-653.2
-632.96
-492.647
-186.151
264.158
729.686
1065.4
1231.43
1271.76
1246.8
1144.99
931.024
608.396
317.727
139.977
90.822
87.3218
33.2969
-11.1405
-36.5551
33.4491
180.61
416.798
685.705
841.997
850.215
735.317
654.812
740.034
879.282
955.373
912.457
866.194
943.655
1051.55
1062.97
897.391
643.55
414.972
291.247
155.804
-125.278
-522.323
-852.255
-915.563
-765.968
-600.24
-567.065
-659.744
-723.052
-605.871
-294.049
80.3214
440.538
722.077
927.219
1084.88
1177.26
1123.84
905.609
671.704
494.868
412.841
372.969
298.399
209.677
160.826
150.478
59.3202
-160.432
-439.535
-711.638
-946.304
-1113.71
-1192.23
-1095.75
-834.45
-580.457
-552.912
-775.403
-1101.23
-1372.57
-1495.38
-1575.12
-1683.93
-1771.44
-1682.11
-1327.07
-828.667
-367.705
-46.1426
67.0815
10.7738
-96.8195
-118.582
-39.2943
76.5168
182.893
240.418
305.4
346.794
256.854
-27.5763
-408.49
-699.007
-767.794
-525.519
-74.1442
392.905
705.641
756.774
627.875
498.216
411.471
302.661
175.892
137.39
342.989
768.036
1237.06
1516.93
1539.45
1424.71
1238.13
981.853
568.22
53.385
-430.404
-743.445
-796.252
-670.397
-540.28
-496.604
-456.428
-362.987
-199.999
-10.8361
161.131
288.203
426.385
630.158
859.346
1007.42
1026.59
952.025
884.76
800.451
666.226
479.193
344.967
340.554
462.909
578.873
646.137
615.244
438.256
197.046
-88.4494
-257.22
-268.938
-145.214
-25.7501
20.5135
-14.1842
-183.412
-432.535
-696.877
-914.194
-1122.08
-1350.65
-1585.93
-1683.63
-1607.23
-1455.81
-1324.17
-1232.1
-1162.56
-1120.1
-1119.95
-1106.25
-1014.18
-868.995
-748.923
-681.354
-624.133
-497.365
-338.182
-285.526
-371.053
-476.668
-457.645
-245.654
53.385
249.549
270.093
142.26
4.38215
-26.0544
15.7959
47.9065
39.232
102.084
344.511
724.664
1109.84
1341
1372.96
1303.57
1224.43
1119.12
890.087
501.107
118.519
-65.1654
-92.7105
-110.82
-215.37
-305.006
-262.09
-35.3376
234.787
437.799
588.156
715.989
831.801
927.524
976.222
939.089
840.323
747.948
693.01
666.226
654.964
647.507
649.638
718.12
777.167
787.363
758.448
694.684
536.109
285.007
38.0146
-113.712
-63.0349
133.738
347.707
484.063
491.52
394.883
255.484
113.649
7.12144
-146.888
-343.66
-502.539
-530.997
-445.927
-361.009
-373.184
-500.561
-767.185
-1131.66
-1544.54
-1938.08
-2156.92
-2185.99
-2054.8
-1846.47
-1595.97
-1333.31
-1125.73
-1089.36
-1232.41
-1458.4
-1573.15
-1481.23
-1259.34
-1003.22
-800.209
-599.632
-390.228
-226.631
-145.67
-148.562
-168.954
-121.777
39.0798
356.381
845.649
1386.66
1800.44
1996
1949.28
1644.76
1116.84
468.54
-91.3409
-468.298
-714.378
-876.148
-925.912
-770.381
-399.055
85.4956
480.562
740.034
881.26
995.093
1113.19
1192.47
1245.59
1257.61
1251.52
1289.26
1302.05
1253.19
1116.08
940.003
793.146
716.75
703.663
709.598
679.922
605.048
472.801
334.162
313.77
380.426
473.258
507.347
480.562
436.886
373.73
267.659
125.215
23.8616
35.2753
63.5813
113.193
181.675
282.268
400.666
489.693
513.434
464.888
281.203
-101.385
-634.177
-1177.17
-1572.69
-1793.2
-1828.2
-1742.22
-1576.19
-1404.22
-1321.59
-1418.53
-1579.99
-1735.68
-1828.66
-1897.6
-1988
-2010.52
-1916.62
-1682.87
-1470.73
-1361.92
-1339.24
-1279.89
-1119.34
-880.561
-569.5
-200.608
283.181
847.78
1398.38
1749.62
1742.31
1361.7
774.58
218.199
-150.997
-397.685
-602.219
-745.423
-728.074
-411.229
64.9509
425.777
572.785
546.001
487.411
543.87
630.767
761.34
919.001
1173.45
1508.71
1804.55
1954.15
1905.45
1756.01
1505.06
1209.52
950.503
801.06
771.232
768.949
722.685
680.531
631.832
593.939
521.195
371.752
212.873
41.9713
-70.1875
-117.212
-50.8602
102.236
245.135
292.312
302.356
376.013
515.26
665.008
740.186
726.338
738.208
855.845
988.397
948.677
636.702
153.674
-342.29
-662.483
-860.017
-964.566
-1063.49
-1193.91
-1325.09
-1492.34
-1646.04
-1788.48
-1899.58
-1999.56
-2106.39
-2169.85
-2154.48
-2093.61
-2045.37
-2009.91
-1940.67
-1802.03
-1623.06
-1425.53
-1173.36
-822.275
-368.466
85.8
439.777
646.29
687.531
563.502
321.836
53.385
-187.216
-356.748
-457.949
-501.93
-455.058
-319.311
-139.887
67.8424
271.767
456.365
604.135
748.556
851.889
962.069
1148.8
1368.09
1529.25
1565.63
1540.82
1517.69
1494.56
1402.79
1225.65
1045.31
976.222
990.679
980.027
875.325
747.643
651.464
578.873
533.826
532.761
510.39
446.778
363.686
265.528
192.176
78.343
-86.0145
-329.964
-545.759
-624.285
-569.804
-439.383
-282.33
-82.3621
154.434
365.056
466.714
421.668
296.269
162.044
26.6008
-97.4282
-167.128
-132.43
-9.61868
114.563
76.0603
-166.063
-448.818
-697.638
-905.063
-1098.64
-1264.21
-1350.05
-1360.85
-1367.39
-1413.2
-1423.7
-1365.42
-1200.91
-999.416
-838.559
-759.424
-685.311
-558.999
-373.031
-191.021
-191.782
-350.508
-570.413
-760.641
-866.561
-955.131
-1035.03
-1100.92
-1056.18
-848.907
-530.236
-169.563
140.586
353.794
495.933
639.441
761.492
833.779
834.083
839.714
968.461
1221.85
1521.8
1722.07
1803.64
1776.86
1668.96
1483.75
1217.74
913.675
609.461
342.837
188.371
196.741
299.769
453.474
610.07
707.924
748.556
723.598
618.44
457.735
303.117
206.785
181.371
147.891
89.7567
6.81707
-71.1006
-138.974
-218.109
-311.397
-468.146
-648.026
-822.58
-977.806
-1102.75
-1168.64
-1142.01
-987.242
-711.791
-421.426
-198.325
-125.125
-174.128
-250.372
-219.783
-138.822
-140.953
-298.918
-554.738
-775.707
-908.563
-1025.14
-1108.38
-1123.14
-1032.74
-771.446
-473.929
-146.431
145.456
371.447
561.219
650.855
641.42
521.195
259.593
-12.0536
-181.281
-285.526
-424.621
-646.656
-855.756
-934.586
-838.863
-658.07
-491.734
-418.382
-391.598
-276.395
-92.4062
59.9289
148.195
179.24
242.244
431.407
694.379
943.046
1100.86
1173.91
1241.63
1347.85
1397.01
1297.02
1070.42
742.165
460.474
288.66
215.003
246.962
329.749
478.584
610.222
651.159
640.354
535.348
383.926
256.549
173.153
131.303
111.215
131.303
204.959
298.095
349.381
292.769
118.215
-102.45
-337.421
-582.587
-854.234
-1141.4
-1292.52
-1264.82
-1116.9
-926.368
-807.057
-823.493
-875.844
-895.627
-830.189
-744.205
-750.902
-853.625
-988.763
-1002.31
-920.433
-865.343
-919.825
-1016.77
-1048.88
-906.128
-587.001
-239.11
79.7127
349.989
602.917
794.82
911.392
929.502
840.475
745.208
686.009
622.853
524.695
417.863
371.752
444.647
543.262
609.461
579.481
512.369
468.997
468.692
501.107
491.824
458.952
398.688
302.813
252.44
250.005
264.463
255.332
215.612
229.765
364.903
593.33
779.602
826.018
710.359
487.411
262.18
74.995
-10.8361
-29.4025
-42.7946
-34.7289
12.7522
198.111
407.515
469.149
367.186
183.806
69.973
78.4952
119.585
214.851
264.919
225.047
97.9746
-112.799
-316.419
-504.974
-691.55
-907.346
-1115.99
-1236.36
-1223.28
-1143.53
-1006.57
-869.604
-810.405
-783.316
-763.837
-699.312
-575.282
-459.776
-467.841
-588.827
-785.143
-979.024
-1174.88
-1415.48
-1671.46
-1842.81
-1851.03
-1692.91
-1392.05
-1067.59
-745.423
-414.73
-99.5588
155.652
257.919
202.22
114.715
104.671
179.545
294.138
374.034
426.69
548.588
777.471
1005.44
1122.77
1177.86
1258.98
1432.92
1623.91
1722.68
1671.85
1540.67
1434.75
1390.62
1421.2
1410.7
1348.61
1224.58
1129.32
1111.36
1137.99
1144.69
1066.92
917.632
700.771
395.644
44.1019
-256.003
-421.121
-476.059
-525.366
-596.132
-615.459
-515.627
-312.615
-184.933
-212.174
-319.92
-409.403
-383.38
-250.524
-74.1442
71.7992
130.694
101.931
73.1688
36.0362
-99.2544
-405.599
-820.906
-1139.73
-1248.08
-1171.99
-1030.31
-914.346
-791.839
-622.003
-481.233
-371.205
-302.114
-257.525
-244.437
-300.288
-471.189
-754.554
-1067.75
-1343.96
-1514.25
-1601.45
-1649.54
-1636.15
-1518.51
-1316.87
-996.525
-709.356
-487.777
-348.834
-287.961
-254.024
-226.023
-185.39
-161.193
-150.083
-183.868
-197.869
-148.714
-34.881
83.6694
229.461
414.515
644.92
875.173
1038.46
1166.15
1255.02
1306.76
1300.98
1235.69
1154.58
1165.69
1278.46
1364.14
1408.57
1421.51
1472.19
1610.06
1794.05
2006.04
2140.12
2151.68
2061.59
1928.58
1814.6
1714.92
1559.39
1269.17
926.61
655.268
523.174
483.606
403.253
269.485
111.367
-88.4494
-300.897
-522.475
-698.551
-827.297
-889.236
-913.128
-923.477
-906.889
-914.955
-1008.39
-1174.58
-1376.68
-1555.64
-1634.17
-1627.47
-1494.47
-1289.63
-1061.66
-840.081
-608.154
-368.009
-154.649
-55.5779
-119.799
-277.308
-483.668
-692.311
-882.083
-1047.66
-1166.21
-1198.93
-1175.04
-1110.21
-1035.64
-949.957
-854.082
-755.771
-687.289
-731.574
-859.864
-976.284
-978.719
-873.104
-764.446
-731.574
-716.052
-614.698
-376.684
-87.5363
166.153
351.664
497.303
610.527
698.032
752.209
723.903
663.638
535.5
416.646
335.076
283.181
246.049
191.263
184.415
242.092
401.884
623.614
856.454
1051.1
1254.11
1430.49
1537.78
1578.71
1517.38
1434.75
1355.16
1275.26
1175.43
1078.95
1001.94
974.548
997.376
1057.94
1131.14
1210.74
1268.26
1233.26
1161.28
1045.47
906.827
779.754
638.528
434.908
153.217
-168.802
-483.06
-708.899
-811.623
-842.363
-830.645
-826.993
-881.17
-940.065
-988.611
-989.829
-948.587
-945.543
-1024.83
-1129.53
-1200.45
-1199.38
-1164.53
-1177.62
-1258.74
-1331.33
-1333.31
-1230.58
-1064.25
-888.323
-708.747
-531.91
-352.639
-234.545
-238.654
-370.14
-597.501
-836.885
-1052.38
-1195.58
-1282.78
-1271.06
-1090.42
-804.622
-504.213
-266.047
-128.778
-2.92263
123.846
247.875
331.423
312.248
265.528
240.266
270.702
305.552
254.419
132.52
-17.0756
-101.385
-68.97
16.5568
139.673
257.767
354.859
431.56
493.194
514.195
487.867
463.518
416.341
387.426
370.078
351.359
323.357
281.203
283.029
299.769
344.511
406.449
506.586
658.464
796.951
896.326
914.74
851.432
750.991
647.964
539.153
420.45
302.965
250.005
312.096
496.846
698.488
823.126
824.344
777.776
802.429
828.3
839.257
763.47
684.64
621.179
572.177
512.216
376.013
177.414
-93.4715
-346.399
-518.214
-559.455
-469.059
-310.789
-140.192
-13.7276
17.4699
-46.5991
-177.629
-392.206
-635.851
-936.26
-1233.63
-1439.68
-1512.58
-1419.44
-1270
-1142.16
-1056.03
-998.351
-918.303
-744.966
-621.546
-522.932
-415.338
-261.329
-45.5338
107.106
93.8657
-136.996
-457.341
-753.945
-942.804
-1042.64
-1062.42
-960.305
-683.485
-292.222
48.363
234.635
257.767
183.654
77.5821
4.68651
-36.5551
-42.0336
-40.664
-19.3584
20.6657
103.758
188.371
149.412
-6.27066
-204.869
-319.006
-311.854
-246.72
-175.498
-87.232
16.709
117.454
124.15
8.49108
-204.413
-451.406
-654.418
-747.554
-706.16
-561.586
-294.049
-22.7064
226.874
406.906
481.628
509.173
529.87
593.178
674.443
720.403
716.902
716.142
654.203
574.155
455.3
335.076
346.185
451.952
651.92
888.717
1146.82
1374.64
1521.34
1560
1494.1
1373.57
1226.41
1087.01
975.613
907.892
836.062
728.164
635.485
586.482
563.35
545.545
453.169
322.292
240.57
236.918
310.726
377.991
351.359
189.741
-153.736
-602.828
-1023.61
-1325.09
-1517.9
-1651.98
-1684.54
-1547.12
-1245.5
-899.584
-636.46
-581.37
-708.138
-879.192
-995.916
-1037.77
-1057.4
-1080.38
-1072.01
-1037.61
-932.456
-835.667
-835.059
-904.758
-1021.63
-1073.38
-1040.05
-930.63
-819.688
-731.574
-645.895
-574.826
-533.28
-506.952
-528.258
-559.455
-615.459
-633.264
-590.349
-469.668
-338.029
-197.26
-30.7721
132.825
260.506
299.008
279.529
254.875
262.637
283.333
296.878
280.29
271.767
237.222
185.784
98.279
83.8216
155.956
325.64
537.783
679.618
768.492
838.344
912.914
974.548
1038.46
1045.16
1016.09
982.918
988.701
1040.29
1049.27
989.158
904.848
866.042
933.459
1055.81
1202.97
1337.35
1497.3
1715.98
1902.56
2008.78
1960.85
1765.9
1487.4
1172.69
941.677
775.341
666.834
581.612
545.545
601.396
708.38
768.645
734.708
626.506
493.802
317.879
128.259
-17.38
-142.17
-270.612
-486.103
-755.01
-1043.24
-1237.89
-1375.16
-1477.12
-1578.93
-1653.95
-1694.74
-1735.83
-1732.79
-1766.42
-1882.08
-2087.37
-2290.54
-2371.19
-2283.69
-2110.66
-1977.04
-1903.84
-1811.01
-1655.93
-1476.36
-1317.33
-1245.19
-1236.52
-1197.56
-1093.92
-858.19
-584.566
-403.164
-296.483
-254.937
-206.239
-125.43
-120.864
-167.889
-173.672
-48.8819
212.112
523.174
754.948
867.868
890.391
831.496
748.1
672.161
598.809
501.868
429.429
428.516
495.933
597.895
659.377
692.401
705.489
747.643
794.059
855.845
942.285
1078.64
1256.7
1401.73
1474.16
1462.14
1410.86
1306
1125.21
896.783
708.228
590.286
567.611
640.354
750.23
859.802
952.482
1050.03
1121.25
1176.8
1166.3
1094.01
953.09
770.319
607.939
406.754
151.239
-87.3841
-274.113
-380.336
-372.118
-367.248
-381.249
-381.554
-341.682
-253.568
-191.782
-244.133
-375.466
-466.32
-492.495
-524.149
-613.024
-787.273
-940.065
-953
-861.386
-729.444
-660.505
-661.266
-661.57
-666.897
-672.071
-693.681
-739.792
-804.166
-896.388
-952.848
-1020.72
-1100.31
-1135.32
-1156.16
-1109.29
-987.698
-853.929
-722.9
-585.631
-415.947
-251.437
-126.191
-100.167
-149.018
-180.368
-181.89
-200.608
-281.113
-431.622
-547.89
-572.239
-499.343
-393.88
-310.18
-229.219
-93.0149
138.151
353.033
552.241
692.097
750.535
762.557
736.382
696.966
630.919
568.981
517.695
520.434
603.526
719.033
826.17
887.956
905
892.978
881.26
876.542
881.717
943.655
994.027
1060.23
1071.34
992.81
847.019
626.658
389.557
161.891
-5.96629
-136.387
-256.307
-330.725
-331.638
-280.961
-200.152
-184.172
-259.046
-363.596
-427.665
-451.71
-479.103
-530.541
-584.718
-604.806
-572.087
-460.689
-355.835
-308.506
-339.703
-415.947
-500.865
-554.433
-579.544
-579.239
-546.52
-501.474
-446.231
-405.751
-389.163
-389.163
-371.662
-294.353
-176.107
-20.4237
192.48
410.406
610.527
765.753
884.456
972.57
1021.57
1067.23
1053.23
1000.72
904.392
760.579
618.136
487.867
350.903
220.634
137.238
117.302
139.216
206.329
268.724
318.031
340.25
311.792
248.636
152.76
45.4715
-104.276
-276.091
-435.426
-541.802
-564.934
-532.215
-505.583
-525.671
-549.411
-591.87
-627.633
-674.201
-702.66
-728.531
-756.989
-782.86
-783.164
-773.881
-780.729
-792.752
-841.755
-875.539
-854.69
-809.492
-770.685
-690.181
-571.63
-429.796
-315.05
-270.765
-252.046
-209.739
-130.148
-54.3604
-23.7717
4.38215
71.1904
208.003
348.163
461.387
542.044
586.177
561.676
492.737
405.232
320.77
251.527
188.067
115.171
43.0366
27.8183
19.9048
11.3826
6.66489
-19.6628
-88.7538
-105.19
-50.0993
109.693
296.878
461.083
594.547
708.38
827.996
936.046
1017.62
1033.44
976.679
881.564
787.667
733.795
719.185
654.355
540.979
429.581
351.664
259.593
185.328
128.259
65.1031
50.3414
37.8624
30.4054
57.6462
89.3002
84.126
33.2969
-77.0357
-155.106
-161.345
-107.016
-47.0557
14.1219
67.3859
96.4528
141.042
153.978
122.628
32.3838
-142.474
-305.767
-455.515
-561.282
-643.004
-720.617
-759.576
-785.751
-804.622
-809.34
-821.058
-815.579
-790.773
-762.163
-748.771
-762.315
-744.662
-698.246
-631.286
-555.955
-504.365
-478.19
-443.644
-394.337
-341.377
-330.725
-369.227
-429.491
-528.258
-641.634
-746.945
-823.797
-812.688
-734.009
-656.7
-580.913
-509.692
-448.971
-362.683
-308.049
-281.265
-256.307
-202.739
-49.6428
182.893
453.017
708.532
907.588
1081.53
1230.52
1345.72
1443.12
1501.41
1480.4
1400.51
1364.9
1398.83
1465.19
1523.17
1516.93
1443.58
1350.59
1244.98
1092.49
970.743
894.652
837.127
806.538
823.735
860.715
900.739
885.217
792.994
653.29
502.325
437.647
419.081
431.864
419.841
400.971
379.056
338.119
276.79
115.628
-124.365
-418.534
-719.704
-969.588
-1159.97
-1303.63
-1391.74
-1466.62
-1543.93
-1625.8
-1694.89
-1755.46
-1788.03
-1768.09
-1721.98
-1658.82
-1578.78
-1484.27
-1383.83
-1266.34
-1154.79
-1063.33
-993.025
-899.889
-819.688
-721.987
-636.917
-581.065
-561.586
-574.065
-598.262
-634.634
-657.613
-646.352
-588.37
-501.93
-393.576
-280.809
-165.758
-58.0128
59.9289
169.044
254.114
367.034
473.105
584.808
726.794
866.346
1029.18
1193.69
1307.22
1417.86
1476.75
1463.66
1428.81
1369.61
1385.44
1440.38
1531.54
1598.95
1620.41
1624.83
1589.52
1522.25
1407.81
1291.7
1182.73
1081.68
954.156
846.714
770.775
698.793
613.418
478.584
337.358
250.005
210.894
214.851
247.266
320.162
395.492
469.301
528.043
513.738
389.709
194.306
-38.99
-306.984
-530.084
-702.812
-837.95
-979.632
-1119.49
-1223.58
-1308.35
-1346.55
-1356.44
-1348.37
-1376.37
-1404.07
-1409.7
-1377.59
-1301.96
-1217.19
-1149.32
-1094.07
-990.133
-801.731
-584.413
-398.903
-315.506
-294.049
-293.44
-280.504
-256.155
-277.613
-319.311
-348.987
-349.139
-342.747
-327.377
-382.162
-479.864
-574.522
-641.33
-669.027
-645.134
-596.74
-506.648
-361.922
-212.022
-41.7293
115.476
240.113
321.836
366.577
378.752
382.1
356.99
309.357
314.835
396.71
523.478
624.375
654.507
657.095
612.962
566.698
531.239
498.368
485.28
491.824
540.979
589.069
635.028
668.204
652.986
571.416
458.344
386.209
399.753
488.019
591.199
681.444
762.253
875.02
1017.31
1123.84
1127.34
1030.25
875.934
713.098
569.742
464.279
367.338
219.569
27.5139
-174.585
-347.313
-497.974
-655.939
-774.033
-865.495
-870.365
-825.015
-756.076
-685.159
-626.568
-607.545
-616.372
-607.089
-560.521
-489.147
-434.361
-384.902
-359.944
-366.944
-384.597
-433.296
-518.062
-566.76
-587.457
-565.847
-533.28
-480.929
-454.297
-470.885
-491.734
-524.453
-547.737
-580.609
-601.458
-553.064
-452.319
-285.222
-82.0577
140.586
357.294
550.11
662.269
676.574
633.811
581.307
557.871
561.524
573.546
580.09
614.788
673.378
740.643
784.015
793.603
744.143
639.137
562.437
540.675
564.263
581.155
552.088
459.409
361.099
240.874
90.6698
-77.6444
-191.021
-209.435
-149.17
-92.4062
-35.642
32.8403
99.3443
146.521
127.955
84.126
9.40418
-60.1434
-145.518
-222.979
-267.112
-290.7
-332.399
-417.925
-565.238
-702.355
-838.559
-983.589
-1122.84
-1247.17
-1284.15
-1289.32
-1232.41
-1161.34
-1071.09
-971.719
-881.779
-774.794
-707.834
-646.656
-601.306
-568.434
-503.3
-460.08
-436.035
-400.272
-357.204
-275.787
-190.412
-126.8
-57.8607
-14.1842
-5.66193
16.2524
27.9705
27.3618
33.7534
50.7979
100.257
172.088
272.376
342.076
378.296
419.081
469.605
515.108
535.196
553.61
547.219
569.894
588.308
615.549
634.876
664.399
742.774
828.3
932.698
1011.22
1025.99
1003.16
959.025
926.763
933.763
980.179
1013.05
997.528
967.548
912.61
827.539
710.663
603.222
514.651
486.954
498.52
485.737
467.779
424.255
373.882
316.966
260.658
198.111
133.738
58.5593
-50.7081
-138.213
-191.325
-239.263
-309.267
-448.971
-609.524
-759.119
-904.758
-1029.09
-1145.36
-1244.43
-1334.52
-1409.4
-1418.53
-1380.63
-1318.85
-1249.15
-1170.62
-1049.48
-942.804
-856.06
-814.057
-804.318
-797.165
-834.298
-857.734
-889.388
-897.301
-854.69
-766.576
-636.46
-555.803
-512.279
-476.668
-457.645
-413.208
-375.01
-331.942
-276.7
-149.17
40.6017
241.787
430.342
561.828
693.618
821.3
917.175
946.546
920.067
888.26
864.215
862.998
871.216
907.131
977.592
1030.09
1067.99
1054.29
1020.2
955.069
853.258
756.47
702.445
693.314
689.662
673.987
651.312
605.048
517.695
424.407
325.945
243.918
223.83
211.96
241.635
289.877
364.447
458.039
544.023
552.241
479.497
396.557
325.945
278.768
245.592
203.285
129.781
32.6882
-99.2544
-219.783
-348.682
-488.69
-641.178
-811.775
-952.544
-1048.88
-1125.58
-1143.84
-1146.12
-1168.49
-1194.67
-1236.06
-1234.39
-1201.67
-1146.12
-1105.64
-1077.64
-1042.79
-1002.76
-970.654
-957.566
-976.893
-998.503
-970.501
-951.935
-931.543
-927.282
-933.978
-961.066
-969.132
-962.74
-928.956
-853.473
-718.334
-537.237
-341.53
-126.343
58.8636
224.591
351.055
492.28
587.395
643.246
698.64
712.337
755.253
806.843
866.955
940.916
1024.31
1120.64
1190.8
1263.24
1314.52
1325.63
1335.98
1352.11
1372.05
1387.57
1359.88
1299
1222.76
1123.69
1031.31
946.394
856.606
817.952
816.278
825.713
798.929
778.689
796.951
793.603
718.729
592.873
475.388
374.795
292.617
248.179
228.243
213.177
208.916
177.871
122.78
33.9056
-76.427
-224.653
-385.358
-527.041
-637.83
-728.378
-772.055
-787.425
-770.381
-772.664
-790.165
-841.146
-883.909
-910.541
-921.803
-942.956
-971.567
-950.718
-919.977
-876.909
-856.212
-835.211
-834.298
-821.058
-830.189
-856.669
-879.192
-901.563
-903.541
-907.954
-912.672
-915.107
-902.628
-870.974
-819.232
-731.118
-601.762
-457.189
-321.594
-215.522
-127.256
-67.9047
-47.6644
-30.6199
6.81707
39.8408
87.6262
153.217
239.961
335.532
429.581
545.24
629.245
691.64
770.014
848.236
925.089
986.723
1008.94
976.07
897.696
787.82
702.597
631.223
564.567
536.566
538.24
557.871
577.351
588.004
592.721
586.177
559.698
499.281
408.276
309.813
203.437
131.911
116.541
95.6919
88.3871
90.9742
96.1484
60.2333
19.1439
-54.0561
-123.147
-196.195
-233.328
-275.026
-315.506
-298.918
-299.984
-286.287
-300.44
-315.506
-312.767
-325.094
-316.724
-352.03
-407.425
-439.231
-441.057
-416.404
-420.056
-402.251
-374.249
-328.442
-273.352
-252.35
-238.806
-235.002
-228.153
-216.892
-233.936
-233.023
-225.566
-198.325
-124.821
-39.1422
27.8183
87.6262
120.498
109.236
66.9293
25.5356
-35.1854
-88.1451
-97.5804
-83.2752
-28.0328
29.0358
93.257
150.478
190.045
194.306
190.806
177.718
170.87
183.806
227.939
288.508
361.251
411.471
401.275
353.49
263.55
189.437
121.259
96.1484
112.28
143.629
200.242
244.679
286.529
363.838
401.732
424.103
421.363
386.513
381.644
358.055
336.293
317.727
297.943
293.377
257.006
218.808
151.543
56.2765
-12.5102
-75.6661
-99.711
-117.212
-119.19
-139.735
-177.933
-200.913
-244.285
-298.31
-345.182
-384.141
-400.272
-396.62
-391.75
-392.206
-424.774
-501.169
-554.433
-623.372
-652.896
-657.005
-649.7
-640.721
-616.676
-597.501
-579.696
-533.584
-511.213
-536.171
-564.173
-536.324
-445.927
-300.44
-168.954
-42.7946
63.5813
132.977
157.935
122.02
40.1451
-32.2939
-76.1226
-70.7962
-6.11847
55.82
133.281
215.46
275.116
346.946
396.71
414.972
402.036
380.122
404.928
474.323
562.741
611.744
624.527
586.938
530.783
492.585
438.712
369.317
300.378
268.724
263.854
274.05
262.941
248.027
230.678
188.523
140.586
111.367
52.3198
-16.1625
-76.2748
-134.865
-152.518
-158.149
-178.846
-218.566
-313.071
-424.013
-533.128
-648.635
-726.857
-776.316
-760.489
-688.659
-605.871
-517.149
-473.32
-450.188
-424.317
-380.488
-327.377
-260.416
-225.11
-215.979
-197.717
-184.781
-162.41
-180.52
-223.131
-259.807
-257.677
-243.372
-203.652
-169.715
-157.084
-172.607
-183.564
-201.826
-225.566
-221.609
-178.085
-66.9916
57.3418
206.785
365.664
491.52
555.132
576.894
531.848
438.56
360.186
308.291
283.79
289.421
314.227
366.273
444.952
514.499
564.72
581.155
600.33
612.657
624.68
651.159
696.053
749.622
772.297
750.383
696.51
623.614
548.436
465.801
402.036
385.144
381.035
390.318
374.491
341.467
337.51
329.14
314.379
292.464
256.701
220.938
216.525
195.98
152.608
85.3434
-23.6195
-182.346
-360.552
-557.325
-763.076
-940.369
-1087.38
-1201.06
-1240.32
-1225.86
-1176.1
-1124.36
-1098.49
-1082.2
-1095.75
-1050.25
-990.133
-933.825
-890.758
-853.777
-790.317
-737.509
-677.397
-645.591
-655.331
-654.57
-640.265
-601.458
-560.064
-539.52
-510.3
-501.322
-516.236
-519.736
-532.519
-518.823
-450.949
-364.661
-239.719
-90.1234
44.5584
150.478
238.287
281.659
291.703
282.877
246.353
246.201
275.876
329.749
404.319
455.604
512.216
560.763
592.265
597.591
584.96
589.678
612.657
678.4
753.731
801.82
834.083
817.648
765.601
726.49
683.879
644.159
628.484
612.962
609.613
592.417
577.199
558.328
535.957
519.065
472.192
459.713
462.757
491.672
511.151
546.914
616.157
635.18
609.157
540.37
429.886
298.856
169.653
29.9489
-80.3837
-183.716
-281.265
-343.204
-386.576
-411.229
-409.707
-426.295
-447.449
-469.211
-461.754
-439.84
-433.6
-456.732
-501.017
-547.129
-579.087
-619.416
-671.614
-701.442
-719.856
-715.595
-708.899
-700.072
-713.465
-740.705
-792.6
-838.255
-887.866
-900.649
-859.712
-770.229
-630.068
-485.495
-346.856
-225.718
-161.345
-141.105
-127.104
-133.952
-143.54
-148.257
-100.624
-36.5551
44.7106
139.521
223.526
277.094
333.858
384.839
406.602
462.909
506.281
543.11
594.852
640.963
681.9
705.945
685.705
644.159
593.33
536.87
513.89
478.127
462.757
472.345
481.628
494.411
499.281
459.257
410.102
356.838
334.619
340.402
374.034
426.994
493.194
561.067
610.831
589.525
532.761
443.734
303.878
143.173
-0.63989
-82.2099
-149.018
-241.545
-327.072
-370.749
-398.142
-392.206
-391.293
-355.987
-319.006
-265.59
-219.022
-193.912
-179.607
-205.326
-214.913
-266.808
-310.18
-308.658
-265.59
-215.522
-200.304
-211.87
-243.219
-303.027
-380.793
-463.58
-543.628
-593.088
-633.873
-655.331
-654.874
-624.742
-569.195
-526.28
-527.193
-566.152
-601.001
-618.198
-611.502
-575.435
-522.779
-460.08
-395.554
-323.876
-253.263
-182.803
-118.125
-53.143
-7.94467
44.5584
116.997
195.676
255.94
283.333
285.464
260.658
216.373
158.087
128.716
114.258
111.823
159.913
218.656
272.985
329.293
389.557
429.886
443.582
411.471
352.272
332.336
348.011
378.6
420.298
495.476
558.023
613.57
630.615
623.614
589.069
538.088
480.106
408.58
351.968
319.857
285.16
209.22
134.194
81.0823
50.3414
26.4487
26.9052
46.2324
71.9513
109.541
125.976
153.217
167.827
164.174
132.52
93.5613
52.0154
62.3638
88.2349
72.2557
43.1888
-29.5546
-107.168
-168.498
-218.261
-270.917
-301.505
-326.311
-337.421
-333.16
-302.266
-255.546
-224.501
-252.35
-305.158
-362.226
-417.621
-458.254
-491.886
-521.714
-546.063
-548.65
-527.649
-495.539
-428.426
-364.053
-289.483
-227.392
-170.324
-122.082
-79.4706
-42.9467
-17.0756
-21.1846
-63.948
-121.777
-192.847
-244.589
-261.025
-284.004
-296.636
-252.655
-203.804
-135.474
-75.9704
-26.6632
15.3393
19.6004
7.73017
-13.8798
-18.5975
-22.5542
-34.881
-7.94467
15.6437
53.6894
74.8428
82.6042
78.6474
52.1676
-8.85777
-96.3629
-147.801
-172.454
-177.781
-170.628
-163.019
-161.345
-136.083
-89.2103
-56.9476
-19.6628
29.6445
70.5817
103.605
116.997
123.085
121.867
107.867
83.9738
78.1908
118.671
164.326
202.981
206.024
198.872
205.416
201.002
187.306
149.412
99.4965
90.0611
111.519
144.695
188.98
250.158
323.205
331.119
299.921
262.028
198.72
151.695
96.4528
41.9713
-3.07482
-4.90101
4.07778
17.7742
48.8195
73.4732
97.2137
105.279
100.105
105.888
135.868
169.044
184.262
197.046
200.089
174.37
112.28
31.1663
-37.9247
-108.69
-155.106
-182.803
-201.521
-203.956
-163.323
-109.298
-64.7089
-17.6844
-6.57502
6.36052
10.926
17.1655
50.9501
83.2129
135.716
193.241
231.287
239.961
212.873
177.718
112.736
10.7738
-99.2544
-201.826
-274.113
-325.55
-384.75
-427.361
-446.992
-432.839
-389.772
-340.464
-299.984
-252.198
-212.631
-172.15
-169.715
-193.608
-203.804
-222.827
-273.656
-290.7
-285.678
-286.439
-273.656
-286.592
-290.244
-286.287
-260.112
-232.567
-228.305
-207.609
-171.389
-143.692
-96.5151
-49.1862
25.079
98.8877
148.499
160.674
147.282
150.173
141.347
138.76
114.106
58.1027
30.1011
54.146
109.997
165.848
235.396
293.53
324.575
328.836
344.207
365.817
396.253
412.841
409.036
393.209
349.837
289.269
217.134
153.826
85.4956
19.9048
-30.6199
-40.9684
-26.9675
-13.8798
24.3181
51.1023
28.2749
14.7306
-0.183341
-12.358
-5.96629
8.64327
44.4062
117.302
176.958
222.308
255.027
241.483
188.219
77.2777
-42.1858
-170.324
-280.2
-353.248
-404.077
-429.643
-442.883
-421.273
-404.533
-371.966
-340.16
-331.942
-318.702
-298.766
-275.178
-252.35
-230.132
-217.805
-211.109
-221.001
-223.131
-217.501
-230.588
-244.133
-281.722
-317.18
-332.399
-327.833
-297.701
-275.026
-245.198
-223.74
-205.174
-158.606
-99.2544
-39.1422
24.3181
50.1892
44.1019
49.5805
43.341
29.7967
7.4258
-15.0973
-25.1413
-11.7492
48.5152
110.149
169.501
217.438
250.462
273.594
322.901
348.163
380.883
432.473
471.736
484.215
464.431
441.451
384.992
307.53
220.025
138.303
66.6249
15.6437
-0.792073
-0.0311581
43.9497
79.4083
80.4736
71.0383
65.5597
56.7331
34.6665
46.689
91.5829
174.066
296.573
411.776
498.216
532.609
523.021
479.193
382.404
291.703
191.111
88.9958
12.2957
-57.0997
-67.6004
-65.0133
-55.1214
-38.5334
-35.7941
-6.42284
7.27362
15.3393
23.7094
39.9929
30.862
42.8844
46.8412
6.96925
-39.5987
-79.6228
-129.691
-188.89
-229.827
-278.83
-303.332
-313.071
-307.593
-314.593
-331.485
-357.813
-376.379
-390.837
-382.467
-351.117
-324.181
-304.397
-296.483
-319.463
-322.355
-343.356
-376.227
-428.274
-508.626
-522.323
-476.516
-389.619
-282.026
-194.825
-109.755
-35.7941
12.1435
53.5372
86.4087
107.41
107.714
107.714
119.737
123.998
136.02
107.41
47.9065
-16.9235
-53.2952
-58.3172
-33.6636
17.9264
60.9942
109.997
144.847
203.285
234.787
249.397
231.135
225.808
215.916
233.113
298.399
343.293
391.383
402.34
424.103
398.992
358.816
317.422
229.917
151.847
72.5601
17.1655
-7.94467
-43.0989
-63.4914
-82.0577
-73.2311
-20.2715
24.7747
84.2782
130.846
153.521
171.783
199.937
220.33
208.612
204.198
187.763
142.412
92.1917
15.6437
-47.2079
-98.95
-109.907
-112.19
-96.9717
-85.4058
-102.602
-116.451
-150.997
-176.563
-187.368
-178.846
-167.28
-142.474
-154.497
-178.39
-207.913
-237.741
-278.221
-334.225
-408.794
-445.775
-428.73
-397.229
-362.074
-320.528
-273.656
-238.045
-194.369
-146.735
-101.081
-41.7293
4.53433
46.3846
76.669
76.2125
46.3846
19.7526
-15.5538
-71.4049
-110.212
-137.148
-148.257
-127.408
-94.3845
-76.427
-47.6644
-9.61868
46.5368
80.017
95.0831
95.2353
102.084
121.715
176.349
248.484
306.313
338.271
348.924
322.14
292.769
269.637
217.743
169.653
130.694
99.3443
87.9306
75.6037
67.3859
47.6021
36.0362
30.2532
45.7759
78.1908
112.432
169.044
209.372
245.288
271.615
280.594
281.964
249.092
229.308
200.242
171.175
146.521
111.215
80.3214
81.3867
54.4503
68.299
66.3206
58.8636
56.4287
44.1019
42.2757
33.4491
30.7098
-25.2935
-62.7305
-115.081
-156.78
-197.565
-259.046
-321.746
-361.77
-362.531
-337.877
-303.332
-262.09
-245.198
-238.654
-218.87
-204.717
-202.282
-197.412
-202.739
-190.412
-180.368
-174.889
-178.846
-227.392
-267.264
-325.246
-367.248
-374.249
-379.88
-370.444
-358.574
-322.507
-307.441
-277.461
-243.524
-208.978
-182.498
-156.78
-133.952
-104.124
-67.296
-52.5343
-26.2066
-16.4669
-21.3368
-34.1201
-39.2943
-52.2299
-53.7517
-59.2303
-73.992
-74.1442
-66.5351
-57.7085
-69.5787
-72.4702
-69.4266
-60.4478
-32.9027
7.12144
53.8416
102.236
135.868
152.304
169.805
160.826
174.979
183.958
172.696
178.175
196.894
234.939
253.049
264.463
264.615
271.92
263.397
262.789
239.048
243.766
265.528
276.485
305.096
298.552
292.16
263.854
201.916
152.456
99.0399
40.2973
-11.1405
-79.3184
-134.713
-134.561
-152.671
-157.084
-144.909
-135.017
-132.735
-128.626
-107.016
-85.2536
-57.7085
-30.4677
-17.38
-37.316
-22.0977
-33.9679
-65.0133
-100.624
-147.344
-198.63
-230.284
-239.263
-236.523
-237.436
-218.261
-178.998
-173.063
-156.171
-159.062
-158.91
-147.953
-105.037
-46.9035
-6.72721
36.4927
58.8636
72.1035
73.1688
75.7559
42.8844
-7.6403
-42.6424
-79.3184
-95.4498
-93.4715
-83.123
-62.8827
-57.8607
-51.9255
-27.8806
-22.5542
10.4695
46.5368
50.9501
65.7119
73.6254
84.8869
60.5376
39.8408
16.709
-7.48812
-26.3588
-34.4245
-31.9896
-46.9035
-69.5787
-82.2099
-93.0149
-88.2972
-109.146
-94.9933
-51.6212
2.25159
69.5164
109.084
146.217
155.956
137.999
99.6486
52.4719
12.2957
4.07778
-4.44446
-16.1625
-3.37918
27.0574
66.0162
56.4287
38.4711
6.66489
-31.9896
-58.9259
-65.622
-60.4478
-48.7297
-23.6195
-26.9675
-28.4894
-52.8386
-74.9051
-123.147
-190.716
-221.914
-233.784
-230.284
-207.761
-165.606
-141.105
-147.04
-136.235
-132.887
-150.844
-166.671
-180.216
-203.652
-192.695
-152.975
-106.407
-55.1214
-1.70517
36.7971
50.4936
29.4923
31.6229
34.9709
12.4478
6.81707
6.05616
33.2969
50.1892
60.9942
73.9297
70.8861
81.8432
90.3655
83.9738
80.017
112.889
167.522
214.395
239.657
241.179
240.722
235.091
217.134
190.502
176.653
151.543
125.215
80.017
30.2532
3.77341
-45.2295
-81.1446
-125.734
-148.257
-119.19
-110.516
-57.5563
-15.4016
14.274
53.385
53.385
39.5364
33.4491
12.9044
-24.3804
-48.5775
-81.7534
-72.1658
-56.3388
-29.5546
-6.87939
0.273208
12.4478
26.2965
40.2973
66.0162
68.7555
46.689
18.6873
-9.77086
-34.2723
-49.034
-83.2752
-114.016
-136.387
-136.844
-124.821
-124.669
-93.6236
-65.9263
-40.664
-31.533
-37.7725
-33.5114
-38.8378
-19.9671
-21.6411
-17.9887
-10.684
9.70855
17.1655
23.405
21.2744
-5.20538
-31.0765
-58.165
-93.0149
-124.821
-142.322
-157.845
-148.257
-157.845
-159.214
-146.583
-100.472
-63.6436
-25.1413
44.2541
90.9742
144.847
196.589
229.613
243.766
260.962
253.81
257.919
241.027
245.44
256.093
257.919
277.094
257.006
204.503
153.065
101.17
72.1035
29.3401
-0.183341
8.03454
45.4715
94.0179
143.934
144.39
116.389
97.6703
75.6037
48.0586
39.9929
36.7971
16.5568
-16.1625
-47.8166
-80.2315
-112.19
-129.843
-156.932
-153.584
-158.301
-155.562
-140.192
-105.342
-100.624
-113.56
-144.148
-180.064
-223.131
-266.047
-302.419
-345.03
-369.227
-380.793
-359.487
-311.702
-298.766
-291.461
-277.461
-254.177
-234.393
-243.98
-248.85
-221.609
-197.869
-178.085
-159.975
-154.04
-137.452
-126.191
-133.343
-139.279
-163.628
-182.498
-170.324
-159.062
-113.864
-67.296
-50.8602
-33.207
-29.4025
-18.2931
-6.11847
17.4699
54.2981
106.192
178.632
267.354
355.62
397.014
425.168
438.56
461.54
476.606
492.889
533.979
555.436
569.742
563.959
532.609
487.106
427.451
328.988
238.439
186.697
158.087
164.783
193.85
210.438
232.809
236.765
202.829
166.609
136.325
94.931
49.8848
12.6
-5.96629
-19.3584
-17.2278
-30.6199
-34.881
-59.2303
-103.972
-117.821
-114.777
-98.1891
-95.9064
-102.146
-103.516
-106.559
-132.582
-183.716
-223.892
-289.787
-354.161
-383.228
-414.273
-413.36
-399.207
-363.292
-348.834
-326.311
-317.332
-283.244
-241.089
-228.001
-193.456
-165.606
-130.3
-87.5363
-59.5347
-33.8158
-23.7717
-33.207
-40.2074
-68.6656
-114.625
-161.345
-187.064
-204.108
-209.587
-213.544
-220.088
-213.087
-197.108
-180.52
-150.236
-145.061
-120.103
-88.1451
-56.9476
-42.9467
-31.3808
-19.5106
-10.0752
22.7963
25.9921
67.538
112.432
176.197
234.33
251.984
272.528
260.962
263.093
258.375
245.135
224.439
210.133
188.371
188.219
207.698
226.569
237.526
221.851
218.199
226.113
228.243
228.7
227.939
205.872
201.611
205.111
207.242
205.416
207.851
188.676
167.37
159.609
138.151
140.738
119.28
88.0827
56.1243
30.7098
12.7522
2.0994
-46.5991
-88.2972
-135.474
-178.542
-194.977
-204.261
-191.782
-204.869
-221.001
-239.11
-237.589
-257.525
-275.634
-294.962
-314.745
-322.811
-332.399
-310.332
-311.854
-309.723
-297.092
-295.114
-283.7
-288.722
-295.266
-298.005
-281.113
-246.415
-229.98
-221.609
-215.674
-230.436
-227.545
-203.043
-191.173
-161.041
-142.322
-118.734
-77.4922
-53.2952
-32.1417
-34.4245
-21.7933
-7.79249
19.4483
76.8212
129.629
194.611
220.177
247.418
271.615
288.508
309.661
320.466
319.705
318.792
330.51
360.186
374.795
378.6
370.534
351.207
333.402
313.161
309.052
291.551
234.483
194.002
151.695
135.107
132.52
129.629
103.301
79.7127
75.9081
85.1913
78.6474
71.1904
52.4719
32.6882
15.948
8.79545
5.75179
-14.6407
-45.2295
-93.6236
-125.734
-148.257
-165.911
-176.715
-189.803
-202.434
-178.39
-162.867
-161.649
-152.671
-150.236
-168.498
-164.845
-159.214
-154.953
-141.561
-103.363
-90.7322
-85.5579
-92.5584
-106.407
-121.017
-143.387
-152.062
-161.041
-144.148
-157.236
-154.649
-142.627
-150.236
-161.802
-164.845
-154.801
-148.105
-140.496
-134.561
-124.06
-126.8
-113.103
-124.365
-128.169
-103.211
-82.2099
-21.4889
30.1011
85.4956
111.519
113.649
110.758
101.627
99.953
57.1896
30.5576
4.68651
-29.859
-52.3821
-52.6864
-27.1197
-16.6191
-18.9018
-9.92305
17.0133
51.1023
82.2998
92.496
88.2349
84.8869
82.2998
111.215
135.564
140.129
145.304
147.586
154.891
154.587
166.609
149.869
138.455
123.085
95.3875
66.6249
23.8616
-30.6199
-79.9272
-113.864
-108.081
-106.711
-87.9929
-75.3617
-49.795
-9.4665
11.8391
29.6445
33.9056
36.6449
45.6237
58.7114
64.3422
58.4071
49.8848
39.232
46.5368
39.6886
34.5144
31.6229
17.7742
21.4266
6.20834
-14.3363
-37.6203
-56.491
-62.4261
-82.3621
-93.7758
-101.842
-79.4706
-56.3388
-23.4673
11.2304
49.7326
78.9518
93.4091
108.323
87.7784
83.5172
85.3434
81.2345
90.822
96.9093
114.106
130.694
120.041
92.0395
70.1252
35.2753
19.6004
-1.4008
-37.316
-62.7305
-102.298
-145.822
-170.172
-177.781
-186.455
-181.738
-133.039
-80.0794
-24.837
21.1223
47.6021
59.7767
67.8424
74.995
80.4736
70.8861
70.2773
45.015
33.6013
37.8624
36.0362
33.7534
15.7959
5.75179
-9.92305
-13.8798
-41.5771
-81.449
-125.886
-177.781
-190.564
-207.761
-203.5
-189.194
-185.999
-180.064
-191.477
-189.042
-187.673
-189.955
-162.562
-143.235
-127.256
-86.1667
-74.1442
-66.9916
-66.2307
-90.1234
-104.885
-125.278
-107.168
-83.7317
-71.8615
-50.8602
-34.881
-15.5538
-11.2927
-6.57502
-23.3151
-37.9247
-40.0553
-40.3596
-25.2935
-21.0324
-10.3796
-12.5102
-3.37918
10.926
33.2969
41.5148
66.1684
100.105
142.108
199.481
226.113
262.18
289.421
291.247
301.9
313.922
314.835
302.965
295.812
259.593
226.113
183.654
125.215
64.0378
21.1223
-24.2282
-57.8607
-49.795
-45.8382
-16.7713
1.94722
21.4266
49.4283
61.2985
51.5588
43.341
20.5135
6.51271
-2.77045
12.1435
24.0137
55.5156
74.2341
59.9289
44.8628
5.90397
-26.0544
-70.644
-110.516
-157.084
-180.977
-196.651
-182.194
-175.955
-185.999
-209.739
-239.415
-263.916
-264.677
-253.568
-237.284
-205.63
-166.671
-132.735
-94.9933
-85.7101
-96.3629
-117.212
-143.996
-150.236
-156.019
-125.886
-89.5147
-68.6656
-57.8607
-53.143
-45.8382
-70.3397
-105.798
-127.104
-152.823
-143.54
-148.257
-140.953
-125.278
-117.364
-95.1455
-88.2972
-104.276
-122.843
-104.885
-72.318
-32.9027
24.1659
91.1264
132.216
184.871
228.7
245.44
236.765
229.765
222.46
198.263
184.567
175.131
169.501
156.869
116.237
77.7343
42.2757
10.0129
-16.9235
-23.6195
-15.706
-33.8158
-29.2503
3.0125
39.3842
64.9509
71.1904
74.3863
52.6241
39.232
19.7526
12.2957
2.86032
-18.4453
-8.24903
-15.706
-42.4902
-66.8394
-100.928
-134.104
-185.39
-233.175
-260.416
-282.787
-284.613
-274.113
-279.135
-278.678
-277.308
-287.809
-292.07
-269.243
-236.676
-222.979
-208.217
-198.173
-200.152
-199.847
-219.327
-254.177
-266.351
-260.72
-220.696
-170.019
-134.865
-107.32
-93.7758
-84.4927
-52.9908
-49.795
-42.0336
-44.4686
-46.1426
-41.2727
-35.9463
-19.3584
-31.3808
-22.0977
-15.4016
-26.0544
-32.4461
-29.5546
-37.7725
-22.7064
3.77341
19.9048
45.9281
75.9081
94.6266
106.04
126.128
159.609
187.154
198.263
195.524
198.72
178.632
160.674
147.586
139.825
157.326
139.673
119.585
140.129
149.26
165.848
188.98
186.545
182.284
177.718
164.479
141.803
120.802
113.954
133.89
129.172
147.434
136.325
116.693
109.388
85.1913
85.0391
74.2341
48.363
18.6873
-15.5538
-43.5555
-63.948
-80.8403
-117.973
-148.714
-178.846
-213.239
-220.392
-238.35
-229.98
-213.392
-194.369
-199.086
-204.565
-207.456
-200.913
-208.065
-231.806
-248.85
-280.656
-266.96
-229.066
-192.999
-184.02
-176.107
-157.845
-140.192
-122.082
-103.516
-84.9492
-86.9276
-82.8187
-63.1871
-63.7958
-71.7093
-79.4706
-73.992
-66.9916
-62.5783
-33.0548
-6.57502
19.7526
45.6237
77.5821
93.8657
116.997
159.761
166.761
170.414
161.587
165.392
159.761
142.869
150.782
147.13
130.998
121.259
86.4087
56.5809
41.667
17.7742
2.40377
13.2088
7.27362
2.25159
-0.0311581
-2.46608
31.0142
22.3397
23.8616
39.8408
34.6665
25.6878
31.9272
9.40418
15.0349
10.1651
11.8391
-9.61868
-44.012
-69.7309
-100.776
-94.0802
-108.69
-109.755
-120.256
-100.776
-83.5796
-71.2528
-64.5567
-64.2523
-67.6004
-83.7317
-73.5355
-87.8407
-97.5804
-68.6656
-67.6004
-51.469
-52.3821
-52.0777
-55.5779
-82.8187
-100.015
-124.517
-136.387
-163.78
-187.52
-222.37
-230.436
-226.327
-216.283
-199.086
-178.694
-150.692
-114.473
-95.1455
-81.6012
-53.7517
-36.0985
-30.9243
-21.7933
-14.1842
-20.728
-21.6411
-6.57502
8.18672
12.7522
15.0349
50.1892
69.973
101.17
119.889
119.432
108.019
102.844
105.279
96.1484
81.2345
73.321
71.7992
99.6486
133.129
151.391
172.392
164.631
158.543
153.217
159.152
165.239
162.348
160.37
170.261
171.175
158.087
154.739
128.107
97.0615
45.4715
2.40377
-26.6632
-40.9684
-73.3833
-87.9929
-122.386
-155.258
-175.955
-193.151
-198.934
-221.914
-221.457
-229.675
-214.609
-191.325
-165.911
-141.105
-143.692
-123.299
-123.756
-136.235
-131.213
-127.256
-145.366
-154.497
-152.671
-161.345
-164.845
-158.301
-142.779
-130.3
-104.885
-109.451
-121.169
-137.604
-131.669
-115.842
-112.799
-107.168
-78.7097
-60.4478
-50.5559
-41.5771
-81.2968
-104.276
-114.625
-128.626
-113.103
-100.167
-81.6012
-69.5787
-47.0557
-18.9018
-4.1401
11.3826
41.5148
65.2553
95.6919
119.585
147.586
141.042
129.324
115.323
97.8224
104.823
99.953
