15.2036
-47.8747
-48.2765
-20.956
17.2125
38.1047
-4.88504
-67.5616
-16.1347
30.471
32.4798
-0.465541
-33.4109
-17.7418
28.8639
58.1933
5.96283
-5.28682
-39.0357
14.8018
57.7915
45.7383
-31.0003
-38.2322
16.8107
46.5419
30.8727
-37.8304
-36.6251
-11.3134
50.5596
27.2568
-13.724
-69.5705
-25.7772
25.6497
51.3632
-13.724
-48.6783
-32.2056
22.0337
38.1047
9.98055
-43.0535
-43.0535
14.4001
61.8093
19.2213
-38.2322
-46.2677
5.56105
41.3188
32.4798
-6.09036
-37.0269
-13.724
7.97169
27.6586
-4.88504
-22.9648
-24.1701
16.8107
19.2213
-12.9205
-26.179
-20.956
-6.09036
13.9983
15.2036
-19.3489
-26.179
-12.117
11.5876
10.3823
-2.47441
-21.7595
-4.0815
14.8018
19.6231
1.9451
-12.9205
-11.7152
22.8373
36.4976
8.37346
-13.724
-2.47441
17.6142
26.4532
20.4266
-7.69745
-10.9116
0.338005
20.8284
15.6054
1.9451
-30.1967
-8.90277
10.3823
6.3646
-10.9116
-11.7152
-21.7595
-11.3134
14.4001
-5.28682
-26.179
-19.3489
-2.07263
4.75751
6.76637
-12.117
-22.5631
-4.88504
3.15041
9.17701
8.37346
-14.9294
-10.1081
11.5876
11.9894
-12.5187
-6.09036
-3.27795
7.56992
6.76637
-10.1081
-20.956
-10.9116
7.56992
2.74864
-1.67086
-26.179
-15.3311
4.75751
7.16814
1.54332
-13.724
-7.29568
3.55219
16.0071
4.35573
-4.0815
-4.0815
11.5876
24.0426
16.8107
3.15041
-4.0815
4.75751
22.0337
20.8284
10.3823
-0.465541
0.739777
12.793
11.5876
1.14155
-8.501
-4.48327
8.37346
9.57878
-2.87618
-16.9382
-15.7329
-1.26909
5.56105
-1.67086
-13.3223
-14.1258
-5.28682
3.15041
-0.0637684
-11.7152
-10.9116
-0.0637684
8.37346
1.9451
-5.28682
-8.09923
-1.67086
7.97169
8.77524
-0.465541
-12.9205
-6.09036
3.95396
11.9894
0.739777
-10.9116
-11.3134
-0.0637684
5.15928
-0.867314
-18.1435
-14.5276
-6.09036
0.739777
-2.07263
-7.29568
-30.1967
-13.3223
-7.69745
-10.5099
-11.7152
-10.9116
1.14155
3.15041
3.15041
2.34687
0.739777
9.57878
13.9983
12.3912
6.3646
1.14155
2.74864
5.56105
6.3646
-1.26909
-4.0815
-0.465541
4.75751
4.35573
-4.48327
-10.1081
-8.501
-6.49213
-10.1081
-16.9382
-20.1524
-15.3311
-11.3134
-12.117
-14.9294
-18.5453
-18.5453
-13.724
-16.5365
-21.7595
-20.956
-18.5453
-8.90277
-2.47441
-6.09036
-7.69745
-9.30455
-7.69745
-6.09036
-10.5099
-12.9205
-10.1081
-1.67086
0.338005
0.338005
0.338005
1.9451
3.15041
4.75751
3.95396
1.54332
-1.26909
5.96283
8.37346
-12.117
-7.29568
3.15041
13.1947
22.4355
20.8284
11.5876
18.4178
24.0426
32.0781
28.0603
16.4089
12.793
20.4266
30.0692
25.6497
11.5876
-2.47441
1.54332
9.98055
13.1947
2.34687
-14.1258
-18.1435
-14.9294
-11.7152
-17.34
-31.0003
-35.8216
-32.6074
-27.7861
-31.4021
-43.0535
-50.6872
-48.2765
-43.0535
-47.8747
-60.3297
-64.7492
-55.5084
-47.0712
-52.2942
-63.5439
-62.7403
-50.6872
-45.4641
-55.9102
-64.3474
-52.2942
-24.1701
0.338005
7.16814
1.14155
-2.47441
3.95396
14.8018
13.9983
-2.47441
-15.7329
-4.48327
21.2302
37.7029
38.9082
39.7117
54.5773
83.505
98.3706
84.7103
71.8536
87.121
108.415
112.031
121.272
142.164
153.012
143.771
132.521
128.504
126.093
114.442
87.9245
77.0766
79.4873
91.9422
88.3263
74.2642
77.8802
67.4341
50.5596
30.8727
16.8107
7.97169
-6.89391
-3.67972
-5.28682
-17.7418
-22.5631
-25.3755
-30.1967
-36.2233
-35.018
-36.6251
-45.8659
-53.4996
-59.9279
-70.7758
-86.8467
-104.926
-126.22
-140.283
-153.541
-170.817
-194.522
-225.458
-255.591
-282.51
-294.162
-285.724
-272.868
-274.475
-272.064
-260.413
-229.878
-210.593
-194.12
-184.879
-183.674
-183.272
-208.584
-149.523
-104.123
-79.6148
-75.9988
-75.1953
-86.8467
-100.507
-104.525
-83.2308
-60.7315
6.76637
165.868
411.753
632.729
760.492
807.5
810.714
777.367
689.379
551.972
394.879
245.419
127.298
65.0234
66.2288
82.7014
44.533
-53.4996
-149.122
-213.405
-274.475
-342.374
-374.918
-334.741
-226.664
-60.3297
159.038
387.245
558.401
638.755
661.254
669.29
670.093
627.907
523.848
380.415
232.965
119.263
51.3632
-24.1701
-174.031
-358.847
-489.423
-552.502
-577.01
-567.769
-546.475
-530.002
-472.147
-341.169
-184.478
-67.5616
-16.5365
-11.3134
3.95396
40.5153
39.31
-20.5542
-93.6769
-156.353
-206.173
-221.842
-218.628
-260.814
-364.874
-475.361
-540.85
-549.287
-530.002
-525.583
-560.135
-611.562
-623.615
-547.68
-427.55
-380.944
-452.46
-548.082
-563.751
-499.066
-397.015
-280.501
-175.639
-60.3297
202.832
699.423
1239
1524.66
1522.25
1438.28
1381.63
1258.29
999.547
657.237
296.846
-35.8216
-226.664
-182.067
-43.0535
-80.4183
-327.91
-550.091
-609.955
-615.178
-665.801
-697.14
-617.99
-419.515
-116.176
291.222
708.664
944.906
935.264
829.196
781.786
743.618
583.31
345.863
192.385
140.959
113.236
113.638
122.075
23.2391
-205.37
-425.139
-511.922
-500.673
-491.432
-458.085
-292.956
-26.9826
213.679
366.755
412.557
321.355
120.468
-73.5882
-167.201
-197.334
-224.253
-215.816
-117.381
21.2302
94.3529
55.7827
-63.1421
-219.834
-385.364
-513.53
-562.144
-536.431
-474.558
-375.721
-219.834
-67.1598
-35.018
-153.139
-330.723
-482.593
-625.624
-793.565
-920.525
-897.624
-732.496
-554.912
-451.657
-417.506
-444.023
-542.457
-652.543
-674.64
-619.999
-577.01
-460.094
-0.0637684
852.498
1707.47
2132.15
2131.74
1994.34
1825.99
1522.25
1094.77
670.093
270.731
-85.2396
-196.129
41.7206
306.087
181.136
-283.715
-669.819
-779.905
-803.208
-898.026
-947.042
-791.556
-444.023
34.0869
613.845
1134.54
1335.03
1171.51
905.131
754.868
649.201
430.235
114.843
-139.881
-218.226
-104.926
97.9688
183.145
0.338005
-331.928
-542.055
-539.645
-463.71
-421.122
-358.043
-186.888
125.289
555.186
950.933
1042.54
724.333
247.428
-47.8747
-134.256
-241.128
-467.727
-646.918
-599.509
-383.757
-194.522
-145.907
-235.101
-417.506
-599.911
-643.704
-524.377
-393.801
-370.097
-361.258
-219.432
5.56105
125.289
19.2213
-275.68
-618.794
-855.84
-915.704
-879.946
-884.366
-942.623
-915.704
-709.193
-429.157
-286.93
-376.123
-623.615
-886.777
-1011.73
-896.017
-644.508
-497.459
-402.64
89.5316
1162.67
2253.08
2689.4
2528.69
2285.22
2126.12
1846.89
1392.08
906.336
419.387
-70.374
-314.25
-96.4893
232.965
74.2642
-558.126
-1042.66
-1066.77
-940.212
-949.453
-956.685
-734.906
-292.956
257.874
861.337
1408.95
1636.36
1417.39
1007.18
758.082
679.334
515.009
185.154
-161.978
-356.035
-339.16
-192.111
-131.444
-298.581
-595.893
-772.673
-640.49
-309.429
82.7014
363.541
414.164
374.79
468.403
819.151
1012
701.833
149.798
-245.547
-294.965
-262.421
-347.999
-544.466
-782.316
-835.751
-673.435
-394.605
-214.61
-296.17
-432.773
-437.594
-272.064
-148.318
-227.869
-354.026
-438.398
-407.863
-321.482
-280.099
-342.374
-589.063
-806.824
-855.84
-824.904
-816.466
-902.847
-881.554
-648.123
-362.061
-152.737
-170.014
-315.857
-486.209
-698.747
-806.02
-814.056
-768.254
-682.274
-393.801
442.288
1622.3
2520.66
2773.78
2617.89
2445.93
2177.55
1612.65
901.515
298.052
-182.87
-482.995
-367.686
43.7295
168.681
-241.529
-738.121
-917.713
-891.598
-896.821
-943.828
-879.946
-559.332
47.3454
786.608
1398.51
1684.17
1613.05
1317.75
960.173
614.247
226.134
-239.922
-635.267
-754.192
-565.76
-302.197
-175.237
-262.421
-522.369
-750.174
-636.07
-220.235
108.415
321.355
651.612
1211.68
1621.89
1622.3
1394.89
907.943
254.258
-413.89
-791.556
-859.054
-1002.49
-1131.86
-1077.22
-713.211
-300.992
-239.52
-366.882
-507.101
-511.922
-360.454
-248.359
-128.229
-98.8999
-165.996
-75.1953
-54.3031
-122.605
-301.393
-650.132
-892
-1135.88
-1135.47
-887.58
-779.101
-693.926
-623.615
-376.927
11.1859
138.548
-13.724
-394.605
-740.129
-857.849
-1007.31
-1081.64
-1008.51
-964.721
-842.582
-384.962
914.773
2481.29
3183.99
3100.02
2753.69
2667.71
2464.81
1716.71
939.683
233.768
-229.878
-351.213
-230.28
82.7014
-110.551
-757.406
-1205.78
-1295.78
-1084.45
-1088.06
-1179.67
-906.463
-329.518
568.043
1261.1
1568.46
1634.75
1353.91
1101.6
790.224
382.424
-15.7329
-507.905
-681.872
-561.341
-419.515
-295.367
-388.578
-527.19
-613.169
-766.646
-594.688
-283.314
-28.1879
428.628
1075.08
1948.94
2108.04
1414.18
713.887
143.771
-109.346
-535.627
-918.517
-917.311
-1002.89
-801.601
-523.976
-358.043
-375.721
-908.472
-1122.22
-914.499
-568.974
-115.373
-107.337
-33.4109
224.929
386.442
510.188
114.843
-333.134
-687.497
-959.096
-827.314
-794.369
-733.299
-689.908
-648.123
-372.909
-253.181
-229.878
-380.543
-655.757
-695.533
-721.648
-792.36
-844.189
-1015.75
-1052.31
-952.266
-766.646
-522.369
-472.95
87.9245
1416.59
2817.97
3640.4
3570.89
3316.57
3046.18
2436.29
1625.51
625.497
-265.636
-993.246
-1372.52
-1004.5
-593.884
-685.488
-1181.28
-1582.65
-1407.88
-1148.33
-924.543
-656.962
-385.766
267.919
1107.22
1928.04
2429.06
2213.7
1665.28
1001.96
467.6
84.7103
-438.8
-857.045
-1223.86
-1368.5
-1069.99
-709.193
-434.782
-526.788
-695.934
-416.3
79.4873
729.556
1272.35
1625.51
1830.41
1578.1
1268.74
977.851
416.977
-312.241
-1114.58
-1496.67
-1493.05
-1381.76
-1124.63
-1017.35
-866.688
-627.231
-448.442
-207.78
-169.21
-170.014
-137.068
-149.122
29.6674
106.004
99.9777
41.7206
-217.423
-366.882
-551.296
-719.237
-801.601
-940.212
-855.84
-739.728
-617.187
-421.122
-356.838
-237.512
-177.246
-202.557
-346.392
-804.011
-1129.05
-1256.01
-1246.77
-1038.65
-900.437
-714.014
-520.761
212.474
1875.81
3375.63
3971.46
3561.65
3023.28
2816.36
2240.62
1492.52
545.946
-433.175
-1102.13
-1393.41
-846.198
-457.683
-819.279
-1399.04
-1838.17
-1505.11
-1028.2
-719.237
-347.196
-46.2677
769.733
1614.26
2112.46
2305.31
1882.64
1372.79
623.89
-6.49213
-301.795
-774.28
-1043.07
-1305.83
-1270.07
-1002.89
-838.162
-510.717
-505.092
-473.352
-198.941
298.052
1076.69
1632.74
2032.1
2034.11
1532.7
1051.78
686.968
425.012
-62.3386
-886.375
-1388.19
-1538.05
-1462.12
-1341.99
-1382.97
-1203.37
-952.667
-601.518
-125.417
184.35
368.764
277.16
136.539
120.468
84.7103
43.7295
-96.891
-321.884
-499.467
-626.829
-693.524
-793.967
-1071.19
-1153.15
-1006.91
-736.112
-367.686
-282.912
-156.755
-63.1421
-147.514
-190.504
-609.553
-1021.77
-1228.69
-1461.71
-1220.65
-879.143
-631.249
-438.398
-385.364
907.943
2796.68
3859.77
3904.77
3058.63
2801.9
2395.31
1565.24
935.665
-56.7137
-750.977
-1337.97
-1102.93
-341.169
-571.385
-1171.23
-1811.26
-1739.74
-1109.36
-713.612
-177.647
129.709
550.365
1445.11
2092.37
2422.63
2050.99
1337.04
811.517
134.53
-158.362
-544.466
-1016.95
-1276.9
-1599.12
-1337.57
-1002.89
-649.329
-458.888
-545.671
-93.6769
642.371
1552.39
2045.36
2018.85
2069.07
2014.02
1538.73
695.003
-72.7847
-789.146
-1480.2
-1763.45
-1487.03
-1198.55
-1217.44
-1284.13
-1152.35
-689.104
-235.904
-97.2928
-149.122
14.4001
367.96
610.229
530.276
263.499
-77.6059
-495.048
-620.401
-795.172
-847.805
-878.339
-1030.61
-918.115
-947.042
-621.205
-391.792
-462.906
-385.364
-384.159
69.0412
291.222
94.3529
-337.955
-1064.36
-1191.32
-1121.01
-1120.61
-1015.34
-1057.13
-904.053
-705.175
295.641
2467.63
3798.7
3869.41
3255.9
2936.09
2983.9
2048.17
1044.14
68.2376
-767.852
-989.229
-985.211
-366.481
-464.111
-1270.87
-1818.09
-1992.86
-1279.31
-798.387
-466.12
-67.5616
296.043
1347.08
2004.38
2206.07
1851.71
1090.35
819.151
283.588
16.8107
-225.86
-786.735
-1124.22
-1614.39
-1474.17
-1139.89
-1049.9
-671.828
-399.024
217.295
946.513
1424.62
1776.98
1593.37
1402.12
1337.04
1104.81
781.786
335.818
-85.6414
-525.984
-980.791
-1283.73
-1445.24
-1636.08
-1751.39
-1528.01
-941.418
-264.029
159.44
378.005
482.064
458.359
316.132
106.808
-199.745
-437.193
-419.916
-315.054
-285.724
-400.631
-584.242
-830.93
-1013.74
-1051.91
-904.856
-723.657
-579.42
-361.659
-213.405
208.055
357.112
-9.30455
-625.624
-1364.08
-1478.59
-1564.97
-1503.5
-1208.19
-1108.96
-730.085
-82.0254
1645.6
3719.15
4480.51
4016.86
2943.73
2507
2226.16
1432.26
636.746
-287.733
-767.852
-830.528
-521.565
-168.005
-843.385
-1771.08
-2362.89
-2150.75
-1232.3
-574.197
7.56992
335.417
971.021
1971.44
2288.43
2061.43
1360.34
904.327
710.672
263.499
82.2997
-299.385
-788.342
-1305.83
-1751.39
-1532.43
-1370.11
-1103.73
-855.438
-523.172
244.616
786.608
1397.7
1612.25
1880.64
2303.7
2122.5
1762.11
1066.64
781.385
320.551
-757.807
-1466.13
-1994.46
-1935.4
-1892.01
-1834.56
-1215.03
-840.171
-424.738
-227.869
18.4178
392.067
220.51
120.066
-23.3666
51.7649
183.145
28.0603
-60.7315
-489.021
-678.658
-915.302
-1276.09
-1337.16
-1453.68
-1031.82
-852.626
-650.534
-178.853
-55.1067
234.572
-191.709
-529.199
-794.369
-1268.46
-1079.63
-1190.52
-810.841
-640.088
-907.267
-665.801
-472.95
1173.92
2888.68
3665.31
3929.28
3168.72
3083.14
2450.75
1495.33
935.665
-185.281
-487.013
-838.966
-546.877
7.16814
-806.02
-1436.4
-2256.02
-2098.52
-1227.08
-916.91
-42.6517
289.614
983.476
1866.57
1941.3
2101.61
1461.99
980.262
723.127
373.585
525.053
150.601
-410.676
-1090.07
-1675.46
-1638.09
-1555.33
-1239.53
-815.261
-210.593
750.85
1451.14
1776.58
1625.51
1319.36
1174.32
986.69
856.516
745.225
651.21
310.105
-217.021
-686.292
-1090.88
-1364.08
-1747.37
-1652.15
-1070.79
-465.719
26.855
-36.6251
-30.1967
-94.0786
-319.875
-292.153
-384.962
-246.752
-176.04
-134.658
59.8004
-137.47
-414.292
-894.812
-1252.39
-1295.38
-1157.17
-720.844
-621.205
-413.89
-220.235
-176.04
-44.6606
-515.137
-846.198
-1306.63
-1546.49
-1064.76
-1129.05
-783.521
-765.441
-1102.13
-624.821
144.173
2195.63
3583.75
3599.02
3477.68
2785.83
2759.71
2134.56
1142.58
785.804
-163.184
-373.713
-449.246
-272.466
-285.323
-1670.64
-2194.95
-2290.97
-1601.93
-643.704
-465.719
185.957
506.572
1136.15
1664.48
1562.83
1590.15
1212.49
1140.97
1177.53
1023.25
834.82
106.808
-675.042
-1360.87
-1737.33
-1607.96
-1440.02
-1090.07
-626.428
-88.4538
435.86
672.102
883.837
1118.47
1358.33
1408.15
1434.67
1616.27
1672.12
1400.52
465.993
-467.727
-1129.85
-1553.72
-1555.73
-1574.61
-1251.99
-949.051
-839.367
-630.044
-703.166
-621.606
-655.355
-640.088
-248.761
46.9437
450.725
430.637
180.332
-12.5187
-463.308
-727.273
-1072.8
-1171.63
-980.39
-912.892
-678.256
-579.42
-549.689
-716.827
-1003.29
-862.268
-557.323
-460.897
-666.605
-685.488
-563.349
-699.952
-1004.9
-1344.8
-1331.94
-918.115
614.247
3001.98
4377.25
4234.62
3011.22
2096.39
1700.24
1335.83
1281.19
869.373
451.931
324.167
389.254
393.272
-654.15
-2019.78
-2828.95
-2668.64
-1314.26
-84.8379
567.24
675.316
338.631
485.68
543.937
732.368
1085.53
1113.65
1596.18
1786.62
1816.75
1313.33
-34.6162
-1136.68
-1981.21
-1848.62
-1291.36
-635.668
80.2908
204.037
340.238
222.518
29.2657
-200.147
-278.894
451.529
1098.79
1733.99
1960.19
1533.5
735.582
-424.336
-793.163
-1038.65
-1143.51
-964.721
-688.703
-116.98
-252.779
-519.154
-1113.78
-1648.14
-1579.43
-1291.36
-567.769
-170.817
5.15928
-62.3386
-265.234
-347.196
-543.663
-723.255
-885.571
-818.475
-534.824
-268.046
-334.741
-642.9
-980.39
-1192.53
-1057.53
-646.115
-303.804
-460.496
-763.834
-775.485
-633.258
-727.674
-1053.51
-1496.27
-1670.64
-797.583
1421.01
4114.09
5000
3959.01
2343.08
1343.46
1478.46
1680.95
1966.61
1703.05
949.326
677.325
596.971
269.124
-1173.24
-2730.51
-3006.53
-2131.07
-736.915
400.504
695.405
37.7029
-604.33
-492.236
203.233
908.747
1503.77
1923.22
2095.99
2140.98
1941.7
1125.7
-237.913
-1145.52
-1493.86
-1091.68
-381.346
-20.1524
-5.68859
-724.862
-1074
-1060.74
-934.989
-442.416
74.666
922.809
1502.97
1739.21
1669.3
1028.88
317.337
-44.2588
0.338005
56.5862
9.98055
-79.6148
-271.662
-633.258
-1055.12
-1429.17
-1733.31
-1706.8
-1309.84
-783.923
-410.676
-362.061
-583.036
-825.305
-819.279
-548.484
-253.582
-150.327
-177.246
-168.005
-253.582
-523.574
-797.181
-918.517
-1016.55
-1151.14
-945.435
-509.11
-456.076
-953.873
-1350.42
-1331.94
-1116.19
-985.211
-977.577
-768.655
-545.27
442.69
2288.84
3842.49
4172.75
2950.15
1947.33
1668.1
1840.46
2427.45
2496.15
2063.04
970.218
85.9156
-122.203
-713.211
-1364.08
-1946.65
-1960.31
-1383.37
-838.564
-174.835
-317.866
-867.893
-989.229
-560.939
465.591
1249.45
1801.08
1926.04
1604.22
1339.45
1069.46
715.092
230.554
-147.514
-299.786
-236.306
-97.6946
-148.318
-527.993
-955.48
-1024.18
-863.876
-657.766
-398.221
-41.8482
349.88
688.173
877.81
794.643
523.848
373.585
502.956
674.111
621.881
349.479
16.0071
-283.314
-493.441
-611.964
-801.601
-1124.22
-1334.35
-1256.01
-1072.8
-1009.72
-1037.04
-1059.94
-1052.31
-936.195
-715.621
-509.11
-369.695
-331.125
-369.695
-369.695
-391.391
-540.448
-697.943
-705.175
-513.931
-333.937
-532.815
-1055.52
-1369.71
-1145.92
-664.194
-454.871
-774.682
-1437.61
-1710.41
-611.16
1785.82
3827.22
4002.4
2676.55
1418.19
1243.02
2055.41
3105.64
3456.39
2673.33
1396.1
608.22
348.675
-117.783
-973.961
-1599.52
-1572.6
-1108.96
-648.927
-593.081
-1116.19
-1806.43
-1909.29
-1147.93
27.2568
978.253
1365.16
1275.97
1088.74
1060.21
1089.54
1027.27
950.933
938.076
866.159
629.113
300.864
-4.48327
-219.03
-322.687
-425.541
-705.175
-1068.78
-1129.05
-724.46
-153.139
225.733
269.928
20.0249
-225.458
-55.1067
463.582
761.698
607.015
369.969
312.516
301.266
207.653
-10.1081
-450.049
-961.908
-1113.78
-863.876
-722.451
-966.328
-1282.12
-1384.57
-1338.37
-1226.68
-1066.37
-988.425
-1035.83
-975.97
-653.347
-324.295
-353.624
-725.666
-1036.24
-958.694
-591.875
-311.84
-373.311
-699.149
-992.443
-1011.73
-769.861
-540.85
-647.32
-959.899
-610.357
996.333
2853.33
3261.53
2154.64
1112.85
1169.9
2044.56
3101.62
3689.82
3191.22
1859.34
850.088
681.343
602.997
18.016
-581.831
-656.561
-547.278
-740.129
-1135.07
-1499.08
-1803.22
-1814.07
-1193.73
-210.593
396.888
365.951
157.431
239.393
616.256
1044.55
1335.43
1385.65
1173.92
823.972
602.194
697.012
900.309
760.894
209.662
-309.027
-534.824
-643.704
-689.506
-560.135
-461.299
-642.097
-840.974
-695.131
-347.196
-140.283
-64.7492
100.781
340.64
454.743
456.35
517.42
505.768
194.796
-177.647
-259.207
-212.602
-333.535
-522.77
-656.561
-866.286
-1164.4
-1336.76
-1305.83
-1217.84
-1209.8
-1292.17
-1350.82
-1232.7
-958.292
-750.174
-776.691
-962.712
-1074.81
-906.463
-510.717
-282.108
-515.538
-938.203
-1068.78
-841.778
-528.395
-421.122
-686.694
-941.418
-272.466
1458.37
2863.77
2620.3
1268.74
510.188
1177.93
2643.2
3800.31
3927.67
2944.93
1571.27
882.23
1087.13
1263.51
807.902
166.672
-186.888
-444.023
-849.412
-1304.22
-1692.33
-1856.66
-1639.7
-1116.19
-642.9
-507.101
-685.488
-788.342
-377.73
353.496
1017.23
1286.01
1202.44
904.729
640.764
915.978
1470.02
1805.91
1460.38
735.984
278.365
114.442
99.9777
-39.8393
-153.541
-366.079
-664.596
-845.796
-953.471
-994.452
-1056.73
-805.217
-403.042
-135.863
-75.5971
-185.281
-140.684
0.338005
151.405
156.226
-2.87618
-150.327
-221.441
-183.272
-187.29
-330.723
-620.401
-880.348
-955.48
-955.48
-1010.52
-1239.53
-1378.14
-1200.56
-922.133
-810.44
-1112.97
-1552.51
-1679.07
-1376.54
-822.493
-640.892
-943.427
-1309.04
-1365.29
-975.167
-617.589
-546.475
-723.657
-462.504
813.526
2208.88
2509.41
1468.42
703.842
1213.29
2529.9
3760.53
4014.85
3415.81
2267.14
1693.01
1996.35
2302.5
2010.81
1112.85
361.13
-288.938
-766.245
-991.639
-1081.64
-1269.26
-1632.47
-1801.21
-1882.77
-1830.94
-1757.42
-1547.29
-1149.54
-599.509
-18.5453
198.814
322.158
461.975
764.912
1316.95
2014.02
2430.26
1980.68
1234.99
915.978
1093.56
1302.89
1134.14
788.616
280.775
-237.11
-556.519
-709.996
-834.144
-1155.16
-1251.99
-1127.04
-1050.3
-1094.89
-1148.73
-863.474
-536.832
-261.216
-268.046
-484.602
-563.751
-449.648
-185.281
73.0589
218.902
-69.1687
-343.981
-549.287
-458.487
-423.131
-597.5
-582.634
-865.483
-776.691
-874.723
-1031.41
-1211.41
-1436.8
-1123.02
-1080.83
-1057.13
-1501.09
-1705.99
-1507.92
-1211.41
-876.33
-1120.61
-1284.53
-1397.43
-397.417
1175.52
2020.85
1482.08
234.973
486.483
1767.74
3275.99
3806.73
3392.91
2846.9
2381.24
2865.38
3307.73
3125.73
2414.99
1590.96
1325.79
739.198
236.179
-227.869
-651.739
-885.973
-1491.04
-1728.49
-2344.81
-2562.57
-2475.79
-2225.08
-1623.23
-1707.2
-1371.72
-1440.42
-993.648
-398.221
119.263
1059.01
1366.37
2008.4
1827.2
1723.94
1631.54
1651.62
2179.15
2061.03
2022.06
1309.72
808.705
501.751
283.99
294.436
-268.046
-710.8
-1161.19
-1296.99
-1327.12
-1392.61
-1249.98
-1276.09
-1382.16
-1551.71
-1506.31
-1431.18
-1305.02
-810.44
-490.227
-380.141
-728.478
-877.536
-603.527
-431.568
-35.8216
-179.656
-225.86
-317.464
-307.822
-66.3563
-176.844
-197.736
-606.339
-480.182
-499.467
-626.026
-1035.43
-1397.83
-951.06
-910.883
-624.821
-1290.56
-1918.53
-2070.8
-1102.93
1017.63
1374
380.013
-1311.85
-924.945
1059.81
2733.6
3439.92
2554.81
1992.73
1862.56
2836.45
3789.46
3670.53
3187.2
2591.37
2569.27
2100.81
1469.62
1100.39
735.984
522.241
-185.683
-897.624
-1790.36
-2389.81
-2151.96
-1916.12
-1710.01
-2394.63
-2786.36
-2717.66
-2393.02
-1542.87
-1170.83
-373.713
-232.289
-101.712
299.659
678.129
1414.18
1530.29
1909.56
1950.14
1913.18
1846.48
1869.79
2010.41
1639.97
1482.48
1044.55
751.653
304.078
-0.0637684
2.74864
-417.506
-657.766
-981.595
-1242.35
-1551.71
-1838.17
-1788.35
-1786.35
-1710.41
-1644.92
-1637.29
-1821.7
-1931.39
-1591.89
-1283.33
-1003.69
-1031.41
-895.616
-571.385
-551.296
-241.128
-79.6148
218.501
207.251
79.4873
243.009
93.5493
109.218
-28.5896
186.761
251.044
16.0071
-356.035
-914.901
-981.997
-1012.13
-200.548
782.188
745.627
-465.719
-1657.38
-838.564
830.803
1919.61
2001.57
1462.39
971.423
885.845
1784.21
2860.96
3122.92
2641.59
2320.58
2365.58
1979.87
1688.99
1682.56
1813.14
1529.49
660.451
22.0337
-826.511
-1083.24
-797.583
-602.723
-961.506
-2053.53
-2483.02
-2519.18
-2103.34
-1694.34
-1485.02
-1281.32
-1329.53
-1006.1
-795.172
-521.163
-170.014
402.513
1108.03
1235.39
1105.62
943.701
1170.3
1613.46
1940.9
1951.35
1543.55
1134.14
967.405
1020.04
975.039
744.02
395.281
-13.724
-443.219
-802.002
-959.096
-1031.41
-1167.21
-1391
-1659.79
-1966.74
-2200.57
-2151.16
-1911.3
-1836.97
-1969.15
-1938.22
-1617.2
-1315.07
-1184.89
-1079.63
-880.75
-619.598
-357.24
-168.808
-159.166
-120.997
109.62
369.567
425.816
381.219
302.873
136.539
100.781
113.638
93.9511
-91.2662
116.049
746.43
734.779
-13.3223
-680.667
-17.7418
1173.51
1655.24
1471.23
980.664
747.234
835.222
1665.69
2425.84
2388.48
1998.35
1805.5
1889.47
1617.07
1582.52
1800.28
1765.33
1228.56
371.174
-67.5616
-267.243
-284.519
-242.735
-458.888
-1063.96
-1844.6
-2092.5
-1807.64
-1470.15
-1388.99
-1391.4
-1340.38
-1475.37
-1452.87
-1051.5
-309.429
232.161
228.143
204.439
199.617
518.625
997.538
1425.83
1667.29
1434.27
1265.12
1141.37
1215.7
1380.83
1378.42
1218.51
708.664
327.381
120.87
-0.465541
-111.757
-387.775
-681.069
-1102.53
-1416.72
-1517.16
-1605.15
-1716.04
-1917.32
-1961.52
-1959.11
-1950.27
-1840.59
-1691.13
-1549.3
-1483.41
-1335.56
-1072.4
-844.59
-492.236
-93.6769
67.4341
-147.916
-302.599
134.128
425.816
477.644
247.027
360.327
224.527
85.9156
144.574
137.343
-57.9191
-112.962
687.771
902.318
207.251
-501.075
62.6128
1045.35
1262.71
1199.23
1020.44
1067.05
1074.28
1746.44
2219.33
2088.35
1742.83
1755.28
1907.15
1598.99
1389.27
1464.8
1416.59
1054.19
503.759
119.263
-260.413
-399.426
-362.061
-613.571
-1121.01
-1622.82
-1716.84
-1630.46
-1530.42
-1464.12
-1561.76
-1509.12
-1410.69
-1256.41
-1118.6
-746.96
-235.503
-16.5365
46.1401
113.638
498.938
896.693
1211.28
1328.6
1265.12
1234.18
1226.55
1447.93
1550.78
1450.74
1073.88
749.243
673.308
536.303
311.31
-32.2056
-233.494
-574.197
-982.8
-1257.21
-1397.43
-1466.94
-1640.1
-1648.54
-1758.62
-1969.15
-2062.77
-1898.84
-1575.82
-1513.94
-1411.49
-1189.71
-910.079
-715.22
-583.438
-325.098
-112.158
64.2199
225.733
345.059
359.121
320.551
335.015
451.931
364.344
312.917
204.84
247.83
148.592
-120.596
-401.435
-268.448
527.866
829.196
247.027
-577.813
-221.039
816.741
1392.48
1296.06
978.655
967.807
1153.83
1589.35
1961.39
1901.13
1726.76
1678.54
1736.8
1480.07
1153.43
1285.21
1457.97
1163.47
433.851
-135.059
-251.574
-223.851
-171.219
-358.043
-894.812
-1464.53
-1622.02
-1335.56
-1113.78
-1174.45
-1304.62
-1313.46
-1221.86
-1075.21
-892
-631.651
-293.76
-31.8038
42.9259
32.8816
159.44
445.904
811.919
1083.52
1065.44
801.473
674.513
874.194
1115.66
1122.49
839.642
578.087
353.898
174.306
87.9245
3.95396
-121.399
-529.199
-860.26
-1012.93
-1134.27
-1232.3
-1341.18
-1321.9
-1487.43
-1675.05
-1627.65
-1389.39
-1092.48
-1037.04
-1000.48
-943.427
-738.522
-412.283
-151.532
62.211
122.075
61.8093
-1.67086
130.512
465.993
626.3
473.626
208.055
-135.863
-168.005
-51.0889
226.938
109.62
-159.969
-384.962
-591.875
-643.302
-336.749
412.959
729.958
106.406
-609.151
-327.107
859.328
1598.19
1411.36
934.058
782.59
1019.64
1400.52
1743.23
1829.61
1624.71
1431.45
1290.03
1105.62
959.772
1027.67
1200.03
999.145
452.333
-49.8836
-229.074
-104.525
23.6408
-27.3843
-452.862
-977.979
-1163.6
-951.06
-616.383
-566.162
-733.701
-959.899
-1041.46
-858.251
-557.725
-290.947
-239.52
-285.323
-303.804
-213.807
65.4252
318.14
435.458
438.672
426.619
403.316
315.328
414.164
643.576
649.201
335.015
-45.0623
-145.104
-54.7049
-14.9294
-131.042
-403.042
-706.782
-903.651
-873.116
-724.46
-695.934
-849.412
-998.469
-961.105
-835.35
-676.649
-530.002
-450.049
-435.586
-478.174
-396.212
-221.842
-65.5528
71.05
132.521
114.442
-63.9457
-212.2
-90.0609
122.075
172.699
-51.8925
-288.537
-358.847
-405.453
-449.648
-436.791
-296.572
-236.708
-438.398
-615.178
-570.983
-403.846
-224.655
116.852
531.08
432.646
-161.576
-313.447
474.028
1339.85
1376.81
887.453
598.176
719.11
999.949
1327.8
1561.63
1480.87
1212.89
948.12
855.311
920.398
1042.54
1161.06
1028.47
643.175
263.901
133.325
262.294
393.272
383.228
114.442
-343.58
-632.856
-534.422
-223.45
-147.113
-382.15
-656.561
-766.646
-705.979
-602.321
-448.844
-321.08
-349.606
-523.574
-649.329
-497.459
-196.531
-6.89391
-61.9368
-268.85
-413.086
-403.042
-196.932
45.3366
76.6749
-157.961
-442.818
-436.389
-207.379
-40.2411
-71.5793
-184.879
-215.012
-223.851
-203.763
-117.381
18.8196
85.1121
16.4089
-34.2145
-32.2056
1.54332
81.8979
211.671
252.25
39.7117
-194.924
-179.656
16.8107
131.718
31.6763
-160.371
-345.588
-438.8
-360.454
-238.717
-251.172
-440.407
-605.937
-593.482
-521.163
-472.549
-468.933
-475.361
-498.262
-529.6
-481.789
-376.927
-226.262
-148.318
-245.145
-389.783
-286.126
175.109
507.375
320.953
-96.891
-90.0609
468.403
948.522
938.076
625.497
451.931
590.141
904.327
1214.5
1304.89
1165.48
967.004
858.525
929.639
1098.79
1218.11
1142.18
903.523
698.619
567.641
492.108
503.358
585.319
542.33
190.778
-242.735
-355.633
-120.194
65.827
-73.99
-417.506
-723.255
-816.466
-699.149
-510.717
-474.558
-672.23
-890.794
-979.988
-912.49
-754.995
-627.633
-615.58
-732.496
-798.387
-720.844
-570.581
-388.176
-203.361
-119.39
-213.003
-300.59
-149.523
171.091
385.638
385.236
284.391
216.894
257.473
420.191
607.417
633.13
453.136
263.499
242.607
335.417
375.594
304.48
155.824
-28.9914
-176.442
-202.156
-143.095
-135.461
-225.86
-349.606
-462.504
-547.68
-550.091
-454.469
-369.293
-403.444
-517.145
-587.054
-562.144
-484.2
-409.069
-366.481
-381.748
-476.165
-588.661
-575.403
-383.355
-182.469
-163.184
-300.188
-443.621
-501.476
-374.918
7.56992
421.798
431.44
-3.27795
-316.661
-24.9737
627.506
1016.42
907.943
585.319
405.727
511.393
852.9
1217.71
1328.6
1113.25
811.116
711.476
867.364
1120.88
1276.77
1204.45
928.032
637.55
510.59
557.999
680.138
725.136
533.491
119.665
-231.887
-282.51
-148.318
-129.836
-335.544
-642.097
-887.58
-976.372
-907.669
-785.53
-761.423
-888.785
-1062.35
-1102.13
-933.382
-679.462
-535.627
-546.475
-589.063
-544.064
-390.587
-177.246
3.15041
73.8624
47.3454
30.0692
132.12
337.425
482.465
453.136
341.443
300.462
335.015
381.62
424.208
434.253
347.068
196.403
100.379
92.7458
99.5759
69.0412
9.57878
-70.7758
-164.389
-235.904
-261.216
-264.43
-272.466
-293.76
-342.374
-413.89
-458.888
-433.577
-365.275
-335.946
-371.704
-418.309
-443.219
-458.487
-440.407
-365.275
-300.188
-325.098
-411.077
-464.111
-447.237
-380.543
-302.599
-255.19
-255.993
-294.965
-364.472
-416.3
-327.91
-56.312
201.224
184.752
-83.2308
-262.823
-75.5971
397.691
814.732
891.069
633.934
343.05
361.13
765.715
1276.77
1504.58
1299.67
883.435
649.201
810.714
1193.2
1398.51
1211.68
794.643
459.966
358.719
443.092
566.838
550.767
296.043
-78.8113
-324.696
-336.749
-238.315
-195.325
-268.046
-424.738
-603.125
-709.193
-674.239
-552.502
-485.405
-528.395
-597.5
-603.928
-545.671
-470.942
-419.113
-387.373
-341.973
-270.457
-195.727
-143.095
-114.167
-94.8822
-50.2854
39.31
125.289
136.539
75.4695
21.2302
46.5419
134.932
192.787
162.252
83.505
29.6674
19.2213
45.7383
85.9156
97.567
61.8093
16.0071
4.75751
28.4621
51.7649
46.5419
1.54332
-51.0889
-59.5262
-16.9382
21.632
2.34687
-69.9723
-152.336
-205.771
-196.932
-131.845
-88.052
-144.702
-284.117
-405.051
-427.55
-362.463
-286.528
-290.546
-407.863
-568.171
-653.347
-613.169
-507.503
-420.72
-398.221
-442.014
-521.163
-562.144
-499.869
-325.902
-80.4183
113.638
130.914
-18.1435
-145.907
-31.0003
320.551
697.012
849.686
705.449
442.288
317.739
501.349
879.417
1185.57
1206.46
884.64
535.098
471.618
712.681
1054.19
1172.31
965.798
586.123
299.659
289.213
498.938
705.048
670.495
378.406
30.8727
-136.265
-80.0166
38.9082
66.6305
-36.6251
-214.209
-382.953
-462.504
-435.987
-383.355
-397.819
-478.977
-545.671
-554.912
-540.448
-546.073
-566.965
-572.188
-538.841
-482.191
-440.809
-430.764
-439.603
-444.826
-409.872
-290.546
-127.024
-54.3031
-125.015
-217.423
-189.701
-29.795
151.806
243.812
219.706
134.53
72.6571
93.1475
208.456
356.711
402.914
302.873
167.476
113.236
157.833
214.885
183.948
104.799
29.2657
-55.9102
-120.194
-145.907
-171.621
-217.423
-288.135
-347.196
-361.659
-372.105
-415.497
-464.915
-474.156
-446.835
-439.202
-472.549
-500.271
-490.227
-460.897
-444.023
-446.835
-452.862
-453.264
-429.559
-362.061
-290.546
-267.243
-322.687
-367.284
-268.85
-31.8038
198.01
231.759
90.7369
-27.3843
46.9437
333.006
666.879
857.721
790.224
549.16
379.21
497.331
852.097
1176.33
1227.35
987.494
697.012
578.891
721.52
985.887
1145.39
1069.46
770.537
464.386
347.872
449.922
591.346
591.748
420.191
163.056
-38.2322
-144.702
-136.265
-88.052
-143.898
-270.457
-401.435
-480.182
-481.789
-476.566
-512.324
-565.358
-571.385
-517.547
-462.504
-451.657
-492.637
-536.431
-536.029
-459.29
-324.295
-216.619
-208.584
-288.537
-348.803
-300.59
-161.978
-26.9826
20.0249
-24.1701
-98.8999
-131.444
-90.4627
-0.867314
72.6571
82.2997
35.2922
-17.7418
-32.2056
-8.90277
21.2302
41.3188
52.5685
59.3986
48.9525
16.4089
-20.956
-32.2056
-10.9116
24.8462
41.3188
14.8018
-45.8659
-124.212
-175.237
-163.585
-115.774
-86.0432
-134.658
-232.69
-306.616
-317.063
-273.671
-234.699
-219.834
-259.609
-317.063
-320.277
-308.625
-261.618
-213.807
-227.467
-247.958
-250.368
-206.575
-141.488
-99.3017
-85.2396
-89.6591
-68.3652
-0.867314
107.21
198.814
227.34
204.84
186.359
237.786
356.711
481.662
543.535
524.652
465.591
431.842
467.198
558.401
645.987
664.067
602.194
513.804
468.002
489.697
541.124
564.025
528.669
450.725
372.38
329.39
326.578
334.211
309.301
242.607
162.654
108.415
82.2997
58.5951
20.8284
-23.3666
-65.151
-107.337
-152.336
-196.531
-240.324
-291.349
-336.348
-364.472
-383.355
-406.256
-452.862
-515.94
-554.912
-564.956
-557.323
-534.422
-523.172
-534.422
-532.815
-499.869
-438.398
-362.865
-295.367
-246.752
-211.396
-165.594
-99.3017
-35.018
16.8107
56.1844
81.0944
104.397
136.137
161.851
167.877
165.868
169.484
173.904
173.1
164.261
144.976
124.084
112.031
107.21
98.7724
76.2731
40.1135
1.9451
-24.9737
-41.0446
-49.8836
-60.7315
-77.2042
-101.712
-134.256
-151.934
-159.568
-150.729
-137.068
-135.059
-134.256
-149.523
-156.353
-156.353
-152.336
-140.283
-143.898
-151.934
-178.049
-199.343
-215.012
-221.039
-210.593
-202.959
-210.995
-233.092
-251.574
-242.735
-193.718
-158.362
-113.765
-83.2308
-67.1598
-45.8659
10.3823
84.3085
176.716
258.276
316.935
355.505
388.049
434.655
500.947
572.463
630.72
658.844
662.058
653.219
644.38
637.148
626.702
603.399
563.624
509.786
444.297
373.183
302.069
233.768
169.886
109.62
50.1578
-11.3134
-75.1953
-135.863
-184.879
-218.628
-241.128
-261.618
-287.331
-319.473
-347.196
-360.454
-357.24
-344.383
-336.749
-340.365
-350.812
-355.633
-344.785
-318.268
-286.126
-262.823
-251.172
-246.351
-235.904
-213.807
-182.87
-153.541
-134.658
-125.015
-115.373
-101.712
-77.2042
-50.6872
-34.2145
-21.3577
-8.09923
9.98055
45.7383
84.3085
111.227
129.709
137.744
144.976
168.681
198.412
223.322
235.375
227.34
210.063
197.608
193.591
191.582
181.538
154.217
112.834
67.0323
28.8639
-2.07263
-31.0003
-67.1598
-112.962
-163.585
-209.387
-247.154
-274.073
-294.563
-315.455
-336.749
-356.838
-368.891
-372.105
-362.463
-346.392
-328.312
-311.84
-294.162
-274.073
-248.359
-219.834
-192.513
-161.978
-136.265
-113.765
-92.4715
-74.7935
-53.4996
-37.8304
-12.9205
20.8284
49.7561
82.7014
108.817
132.923
167.877
211.269
262.294
306.087
347.47
385.638
411.753
441.083
470.412
492.51
506.572
510.188
504.161
488.894
471.618
456.35
437.467
408.138
367.96
321.355
272.74
228.545
190.377
153.815
108.817
54.5773
-1.67086
-52.696
-98.0964
-135.863
-169.21
-202.959
-239.119
-270.859
-294.162
-308.224
-315.857
-317.866
-317.464
-311.84
-301.393
-280.903
-252.779
-226.664
-200.548
-176.04
-147.916
-112.962
-77.2042
-39.8393
-11.7152
3.95396
21.2302
46.9437
71.4518
95.1564
115.245
122.075
