1.50719
0.259752
3.17045
0.675565
6.08114
5.24951
8.16021
9.82346
8.57602
8.99183
7.74439
8.57602
9.40765
9.82346
10.2393
10.6551
9.82346
8.57602
7.74439
5.24951
7.32858
6.49695
7.74439
9.40765
8.57602
8.99183
8.57602
8.99183
9.40765
11.4867
9.82346
12.3183
10.2393
13.15
11.0709
13.5658
13.5658
15.6448
15.229
17.3081
15.6448
15.229
15.6448
15.6448
15.229
13.5658
11.0709
11.4867
9.40765
12.3183
8.99183
10.6551
7.74439
8.16021
8.16021
8.99183
10.2393
10.6551
9.40765
11.9025
11.0709
13.5658
13.15
13.15
13.5658
13.9816
14.8132
15.229
15.229
14.3974
13.9816
11.9025
12.3183
11.0709
11.0709
10.2393
8.57602
7.74439
7.32858
5.66533
7.74439
5.24951
7.32858
6.49695
6.91277
6.91277
6.49695
6.91277
8.57602
9.82346
11.4867
11.0709
10.2393
10.2393
9.82346
11.4867
11.4867
11.9025
11.0709
10.2393
7.74439
8.57602
6.08114
8.16021
5.24951
6.91277
3.17045
3.58626
1.92301
1.92301
1.09138
1.09138
0.259752
0.259752
1.50719
2.33882
3.17045
3.17045
4.00207
4.00207
4.00207
4.8337
6.08114
8.57602
6.08114
4.41789
0.675565
0.675565
-0.156062
0.259752
-3.06676
-3.06676
-4.3142
-5.14582
-6.80908
-8.05652
-7.22489
-8.05652
-7.6407
-8.88814
-7.6407
-7.6407
-5.97745
-6.80908
-4.73001
-4.73001
-1.81932
-0.571875
0.259752
0.259752
0.675565
0.259752
0.675565
-0.156062
1.50719
-0.571875
0.259752
-4.73001
-3.06676
-7.22489
-5.56164
-9.71977
-8.88814
-10.5514
-10.1356
-13.0463
-14.2937
-14.2937
-13.8779
-13.8779
-13.0463
-12.2147
-10.9672
-10.9672
-8.88814
-8.88814
-8.05652
-9.30396
-7.6407
-7.6407
-5.97745
-7.22489
-5.14582
-6.39326
-7.6407
-10.1356
-9.71977
-9.71977
-12.2147
-19.2835
-21.7784
-19.2835
-16.3728
-17.2044
-20.1151
-20.5309
-17.6202
-12.2147
-10.9672
-10.1356
-11.383
-10.1356
-8.47233
-5.14582
-3.06676
-2.65094
-4.73001
-6.39326
-4.3142
-1.4035
-0.987688
-4.3142
-7.6407
-8.05652
-8.47233
-8.47233
-9.71977
-12.2147
-15.957
-18.8677
-17.6202
-12.6305
-10.9672
-10.5514
-13.8779
-13.4621
-9.30396
-3.48257
-1.4035
1.92301
-3.48257
-2.23513
0.675565
6.08114
13.9816
9.82346
9.40765
3.58626
-1.4035
2.75463
-3.06676
-5.56164
-9.30396
-16.7886
-18.8677
-15.5412
-6.80908
-7.22489
-16.3728
-15.5412
-20.9467
-18.4519
-17.6202
-46.3113
-40.0741
-30.0946
-26.3523
-7.22489
-10.1356
-3.06676
1.50719
-1.81932
-8.05652
-10.9672
-2.65094
-4.3142
-6.80908
-15.5412
-19.2835
-18.8677
-19.6993
-18.8677
-18.4519
-16.7886
-20.1151
-27.5997
-31.3421
-29.263
-32.1737
-33.0053
-32.5895
-26.7681
-13.0463
-7.22489
7.74439
14.8132
21.882
30.1983
32.6932
43.0885
45.5834
50.989
60.5527
71.7797
81.7592
85.0857
87.9964
90.0754
90.9071
89.2438
90.0754
88.828
82.175
77.601
69.2848
62.2159
53.4839
39.762
18.1397
11.4867
-1.81932
-14.7095
-30.0946
-29.6788
-38.4109
-55.0434
-65.023
-109.515
-66.2704
-39.2425
-25.9365
-32.1737
-34.6686
-27.5997
-29.6788
-32.5895
-26.7681
-45.4797
-60.0332
-64.6071
-27.1839
2.33882
4.00207
-8.05652
-8.88814
8.99183
8.99183
-18.036
-40.49
-48.8062
-62.1123
-78.7448
-71.676
-48.3904
-44.2323
-66.2704
-80.408
-77.4974
-75.8341
-93.2983
-135.711
-181.867
-206.4
-211.389
-203.905
-165.65
-112.841
-98.7038
-125.732
-139.869
-131.553
-135.711
-149.433
-141.948
-108.683
-52.1327
58.0578
248.916
467.218
609.842
648.097
651.008
651.839
612.753
519.611
403.183
278.439
159.1
91.7387
99.6392
142.884
152.447
80.0959
-53.796
-185.609
-297.878
-430.523
-591.027
-731.988
-815.982
-829.288
-747.789
-564.831
-345.697
-188.52
-114.505
-57.9541
31.4458
127.914
191.534
220.641
241.016
283.429
384.887
561.608
749.971
843.114
795.711
653.918
477.198
289.666
106.292
-70.0127
-233.427
-349.439
-373.556
-306.195
-201.41
-135.711
-153.175
-225.111
-291.641
-339.876
-382.289
-394.347
-356.924
-303.284
-234.259
-94.1299
124.588
322.099
401.52
381.561
327.921
270.538
212.325
164.09
154.111
158.269
125.835
91.3229
102.966
126.667
69.7006
-119.91
-350.271
-529.071
-711.197
-872.117
-877.107
-757.768
-673.774
-657.973
-603.085
-439.255
-292.057
-273.345
-277.919
-214.3
-176.877
-134.464
147.042
721.28
1255.6
1397.81
1285.54
1332.11
1502.59
1421.09
1055.18
650.592
300.893
-28.8472
-297.878
-310.769
-77.9132
-55.4592
-431.355
-788.538
-864.216
-865.88
-1031.79
-1309.14
-1497.92
-1557.38
-1502.07
-1198.11
-636.351
-84.5662
209.83
326.257
532.917
832.718
989.064
937.919
804.859
654.75
536.659
601.942
883.032
1127.11
1120.05
921.702
708.806
521.69
234.363
-146.522
-448.819
-698.723
-968.17
-1045.51
-831.783
-554.02
-368.567
-280.83
-255.05
-234.259
-241.744
-229.685
-121.158
-77.0815
-156.918
-126.563
121.261
501.315
825.234
928.355
903.822
870.973
765.772
616.495
483.019
295.903
48.4941
-162.739
-242.991
-158.581
-51.7169
-106.188
-254.634
-387.278
-587.7
-796.023
-850.91
-848.831
-927.836
-1012.66
-952.785
-688.327
-364.824
-136.127
33.5248
126.251
80.9276
29.7825
52.2364
59.7211
27.7034
-20.9467
-30.9263
116.272
501.731
1127.11
1720.9
1794.08
1363.71
986.569
843.945
607.763
129.578
-344.034
-590.195
-696.643
-735.314
-494.558
-36.7476
115.856
-230.517
-692.901
-914.114
-927.004
-999.771
-1226.81
-1324.52
-1101.65
-739.472
-328.233
220.225
754.545
978.669
853.509
615.664
496.741
461.813
337.9
164.506
85.0857
107.124
261.391
594.873
895.922
883.863
542.065
112.114
-210.558
-499.548
-784.796
-872.533
-761.926
-604.333
-359.835
13.9816
430.627
711.716
594.041
183.633
-50.4695
-79.9922
-202.657
-328.233
-251.307
-82.4871
22.2979
145.794
413.578
650.592
600.694
374.076
188.623
56.3946
-52.5485
-94.9615
-30.9263
108.371
245.59
319.604
301.724
245.59
216.483
123.756
-121.158
-401.416
-568.157
-623.46
-574.81
-390.605
-208.894
-143.196
-76.6657
-35.916
-173.966
-353.182
-426.781
-487.905
-596.848
-724.087
-754.026
-560.257
-324.075
-271.266
-223.032
-39.6583
69.7006
232.699
932.098
1925.89
2202.41
1503.01
866.399
994.47
1145.41
598.615
-93.2983
-295.799
-345.281
-593.106
-592.69
-30.9263
336.237
-228.438
-1080.44
-1269.63
-1046.34
-1071.71
-1288.35
-1351.97
-1213.92
-963.18
-504.954
263.054
962.036
1063.49
728.765
556.202
701.321
816.086
647.265
404.43
334.99
292.992
282.597
626.891
1078.88
941.245
228.957
-383.536
-608.907
-780.638
-1105.8
-1291.26
-1171.92
-996.029
-763.174
-216.379
455.991
764.109
557.034
127.499
-132.385
-171.055
-176.461
-137.79
-32.1737
4.8337
90.4913
469.713
986.153
1196.55
913.386
472.624
236.442
110.034
-16.3728
-12.6305
68.4531
61.3843
68.869
277.191
540.401
503.394
84.6699
-429.691
-761.926
-890.413
-928.252
-878.354
-682.506
-436.344
-242.991
4.8337
383.64
630.633
450.586
1.92301
-316.174
-426.365
-498.301
-504.954
-357.756
-240.912
-294.968
-291.225
-70.4285
56.3946
-171.887
-500.38
-692.901
-830.951
-616.392
469.297
1841.48
2099.29
1227.33
777.831
1250.19
1419.02
683.025
-152.76
-511.607
-717.434
-913.282
-556.099
336.237
641.028
-103.278
-851.742
-764.005
-366.488
-449.65
-866.295
-1089.17
-1099.57
-964.843
-422.207
499.652
1176.18
1138.34
742.487
645.186
835.629
773.257
313.367
-199.746
-548.614
-710.365
-535.724
25.6244
532.085
475.95
-13.0463
-394.763
-487.489
-563.167
-786.459
-894.155
-659.636
-280.414
89.6596
574.498
1132.1
1443.13
1241.46
729.596
384.471
219.809
-28.0156
-281.662
-399.337
-462.956
-472.104
-281.246
50.1574
202.761
108.371
45.1676
77.601
23.5453
-66.2704
20.6346
244.758
384.887
426.884
539.57
701.321
700.074
480.108
207.751
-27.5997
-287.067
-502.043
-470.025
-206.815
28.9509
75.9378
-15.1253
-131.553
-198.499
-228.022
-347.36
-643.835
-986.881
-1126.59
-950.705
-561.504
-209.726
-151.512
-359.003
-502.459
-467.115
-487.905
-639.677
-720.345
-718.682
-675.021
-28.8472
1589.08
2998.69
2795.77
1614.03
1144.58
1433.15
1089.69
7.74439
-647.162
-775.232
-988.96
-1046.76
-329.064
724.191
693.421
-398.505
-1030.54
-973.575
-955.695
-1157.36
-1401.03
-1267.14
-887.918
-507.448
418.568
1549.58
1890.96
1529.62
984.906
717.122
720.864
380.729
-267.524
-714.108
-840.515
-695.812
-277.504
404.43
857.667
448.922
-413.89
-886.67
-976.486
-1167.34
-1400.2
-1223.89
-731.988
-233.843
441.022
1312.15
1873.91
1675.16
1041.46
692.173
456.823
16.8923
-176.045
-122.405
-206.4
-299.958
-161.907
304.635
694.252
463.476
16.4765
-126.563
-149.017
-171.055
-131.137
-30.9263
144.547
384.887
666.393
907.565
938.335
597.368
-36.7476
-516.18
-638.43
-684.169
-776.064
-773.985
-600.591
-356.508
-162.739
23.5453
115.44
-35.916
-371.477
-688.327
-714.108
-622.629
-692.485
-582.711
-309.105
-163.987
29.3667
187.792
222.72
102.134
-322.411
-577.305
-655.478
-986.465
-1141.98
-1041.77
-721.176
381.976
2005.31
3054.82
2607.41
1302.59
938.751
1134.18
357.443
-819.724
-1250.09
-1060.9
-915.777
-674.19
354.117
1315.48
824.818
-371.477
-842.178
-653.399
-647.578
-988.129
-1183.15
-1040.52
-620.55
88.4122
952.057
1666.01
1720.48
1021.08
276.36
-7.6407
-34.2528
-320.332
-920.767
-1230.96
-1084.18
-610.154
188.207
769.099
733.339
184.465
-611.818
-944.052
-865.88
-1014.74
-975.238
-523.249
-46.7272
656.413
1665.59
2514.68
2629.45
1808.22
836.46
302.14
-194.757
-661.299
-810.161
-920.351
-1057.15
-877.938
-242.991
567.013
779.494
226.878
-170.64
-152.76
-271.266
-419.712
-208.479
246.421
579.488
753.298
1148.74
1636.49
1462.68
594.873
-139.454
-378.546
-598.927
-1030.96
-1193.54
-897.066
-605.165
-496.637
-216.795
242.679
320.02
-179.787
-610.154
-496.221
-348.608
-559.841
-631.777
-322.411
-15.5412
152.863
409.42
757.04
708.806
134.567
-525.744
-964.843
-1055.49
-1233.04
-1672.56
-1600.62
-1281.28
-952.785
530.422
2625.29
3395.79
2284.32
742.487
831.887
1434.82
378.234
-793.112
-694.564
-462.956
-466.699
10.2393
1294.27
1968.3
620.653
-996.445
-1130.34
-890.828
-1287.93
-1798.96
-1796.47
-1434.71
-939.063
77.1852
1381.59
1912.17
1367.04
521.274
172.406
168.664
-70.8443
-527.823
-878.354
-914.53
-550.693
183.218
1058.92
1413.19
878.042
-19.6993
-547.782
-512.022
-598.927
-1088.34
-1057.57
-418.049
146.21
815.254
1608.63
2020.7
1642.72
441.854
-447.987
-467.115
-785.212
-1397.7
-1326.18
-1007.67
-767.332
-166.066
593.21
1106.74
938.335
120.014
-123.237
373.244
497.573
396.53
533.748
692.589
959.957
1380.34
1731.29
1635.65
773.257
-292.473
-819.308
-933.241
-1093.33
-1445.52
-1632.64
-1402.28
-1057.99
-716.187
-245.902
133.32
35.6039
-403.495
-552.356
-230.101
194.029
321.684
81.7592
-72.9234
167.833
517.532
682.194
604.021
314.615
-198.083
-949.458
-1253
-1077.94
-1304.98
-1726.2
-1843.04
-1768.61
-1285.02
363.681
2517.18
3489.77
2315.09
479.277
987.817
2137.96
1139.17
-396.426
-738.225
-364.409
-311.184
-163.987
899.248
1550.83
151.2
-1532.84
-1512.89
-900.392
-778.143
-1327.43
-1845.54
-1366.93
-464.62
505.057
1658.52
2088.47
1459.35
584.893
227.294
487.593
437.695
-340.291
-1043.85
-1146.97
-739.888
-87.4769
572.419
762.862
54.7313
-947.379
-1356.54
-1133.25
-929.915
-1218.07
-1297.91
-544.04
460.565
1355.81
2120.49
2434.43
1881.4
527.927
-176.461
265.965
187.376
-546.951
-673.358
-476.678
-345.697
35.1881
469.713
633.959
212.325
-475.847
-522.002
242.679
847.687
655.582
372.829
507.552
907.565
1055.18
1145.41
1055.59
281.765
-554.02
-946.547
-508.696
-309.105
-843.841
-1228.88
-1133.66
-580.216
-400.169
-233.012
13.5658
-168.976
-504.122
-551.94
145.379
693.421
500.483
125.835
132.073
307.13
90.4913
-150.265
-188.52
-379.378
-938.647
-1290.84
-1114.12
-1153.21
-1433.05
-1633.06
-1712.89
-1669.65
-1538.67
-161.492
2488.49
3993.73
3093.08
1431.49
1710.92
2863.97
1955
61.3843
-730.74
-561.088
-606.412
-638.43
429.379
1324.21
263.054
-1543.66
-1861.34
-1218.07
-1043.43
-1718.71
-2107.5
-1337.83
-757.768
93.8178
1629
2252.72
1816.53
1013.18
646.018
859.33
666.809
-180.203
-896.234
-1222.65
-1166.93
-531.566
77.1852
495.078
329.584
-875.859
-1428.48
-1129.09
-992.703
-1020.15
-1149.46
-424.286
825.649
1414.03
1753.33
2199.5
2144.61
1162.04
61.3843
-127.811
143.3
-120.326
-595.185
-640.509
-455.056
-304.531
-37.5793
354.533
333.326
-151.512
-329.064
161.595
774.92
930.019
783.236
806.522
1025.24
1159.96
1160.38
1014.01
489.672
-347.776
-912.451
-917.856
-845.921
-1166.93
-1566.94
-1476.71
-999.356
-580.216
-324.906
-130.306
-16.3728
-38.8267
47.6625
436.448
776.168
742.071
425.221
189.871
292.577
403.183
356.612
283.844
-92.4666
-661.715
-1068.38
-1362.78
-1412.26
-1530.77
-2074.65
-2202.3
-1821.83
-1662.58
-858.395
1367.04
3666.9
4272.74
2957.94
1775.37
2313.43
2561.25
991.975
-490.816
-739.056
-517.844
-505.369
-448.403
421.063
693.421
-981.476
-2335.78
-2018.1
-1434.3
-1433.46
-1810.19
-1620.17
-633.856
315.446
1287.2
2227.36
2471.85
1888.05
890.1
405.262
401.935
41.4253
-532.813
-1068.38
-1210.59
-698.307
-367.735
-320.332
-293.305
-916.193
-1732.85
-1761.96
-1276.7
-889.581
-683.753
-207.231
752.05
1602.8
1927.55
1959.99
1965.81
1867.68
1483.05
984.074
571.587
147.458
-266.277
-526.576
-686.664
-836.773
-862.969
-662.963
-459.63
-466.699
-420.543
-1.81932
508.8
604.021
432.29
586.557
1084.7
1359.14
1201.96
927.524
653.918
227.71
-255.465
-517.428
-687.08
-1122.44
-1613.93
-1529.1
-862.137
-325.322
-252.139
-262.118
-96.6248
113.361
312.951
490.504
543.312
470.545
412.331
480.94
592.378
540.401
161.595
-453.393
-769.411
-660.052
-806.002
-1370.26
-1766.95
-1792.31
-1910.82
-2133.69
-1717.47
-1161.11
-1200.61
-333.638
2188.27
4503.52
4720.16
2890.99
1631.08
2197.83
2115.09
559.113
-554.02
-538.219
-325.322
-743.215
-685.001
453.081
265.965
-1671.73
-2733.3
-2266.75
-1548.65
-1375.67
-1387.31
-790.202
98.3917
768.683
1559.56
2353.35
2342.12
1327.12
234.363
-71.2602
100.887
64.7108
-337.381
-801.844
-978.565
-955.695
-932.41
-821.803
-801.428
-1249.26
-1746.99
-1402.69
-376.883
296.735
475.95
899.248
1609.04
1903.44
1703.85
1604.05
1597.4
1067.65
146.21
-240.08
87.9964
260.975
-176.045
-711.613
-962.348
-1143.64
-1297.91
-1143.23
-763.174
-480.421
-97.8722
767.435
1692.2
1858.53
1379.1
1127.53
1291.36
1238.14
795.711
479.693
419.815
195.692
-214.716
-400.169
-465.867
-925.757
-1653.01
-1892.94
-1450.1
-988.544
-843.426
-641.34
-238.001
127.083
428.132
806.522
1063.91
893.427
578.24
468.881
389.045
151.616
-237.17
-507.033
-501.627
-633.44
-1026.8
-1436.38
-1626.82
-1519.95
-1750.73
-2071.74
-1509.97
-961.101
-829.704
378.65
2849.41
4912.26
4626.6
2490.15
1560.39
1933.38
1176.18
-341.539
-1036.36
-880.017
-581.463
-659.22
-496.637
240.184
-104.109
-1964.46
-2995.68
-2222.68
-1285.85
-1087.09
-956.943
-334.47
610.258
1433.15
2145.86
2639.43
2093.05
781.989
124.588
232.284
263.47
-44.2323
-606.828
-1115.78
-1311.63
-1339.91
-1257.58
-1098.32
-1125.76
-1398.95
-1511.22
-960.269
6.49695
513.373
488.009
694.668
1287.62
1659.77
1599.48
1529.21
1540.85
1206.95
551.212
147.874
126.667
-58.3699
-667.121
-1245.93
-1403.53
-1294.58
-1105.39
-768.995
-327.401
35.6039
383.64
898.001
1374.52
1418.18
1114.22
977.005
1140.42
1211.94
952.888
546.223
203.593
-84.982
-340.707
-539.466
-863.385
-1422.24
-1841.79
-1685.86
-1082.52
-619.302
-455.472
-169.808
238.937
451.417
544.975
670.967
808.185
759.951
470.129
324.594
242.679
-153.175
-524.913
-706.623
-952.369
-1168.18
-1370.68
-1575.26
-1545.32
-1504.98
-1585.24
-1312.05
-768.995
-568.573
-272.93
1325.04
3873.56
5000
3409.51
1288.03
1157.47
1725.47
819.412
-507.033
-702.465
-378.13
-516.596
-823.467
-332.807
171.991
-1134.5
-3043.08
-3008.15
-1537.83
-534.06
-319.085
-60.8648
583.646
1119.63
1471.82
1897.62
1960.82
1229.4
160.764
-237.17
326.673
768.267
215.651
-736.977
-1297.49
-1572.76
-1799.38
-1651.77
-1091.25
-873.78
-1232.21
-1202.27
-206.815
830.639
945.819
673.046
891.764
1258.51
1144.58
987.401
1315.89
1484.3
831.887
91.7387
167.833
484.267
25.6244
-882.512
-1304.15
-1262.98
-1241.36
-1091.67
-510.775
114.608
308.793
488.425
1121.29
1607.79
1305.91
747.476
694.668
871.389
789.474
701.321
621.485
222.72
-190.599
-457.967
-800.597
-1111.21
-1449.27
-1752.39
-1512.47
-862.553
-345.697
-75.0025
32.6932
176.98
456.407
673.462
776.999
827.313
785.315
668.888
436.032
62.6318
-331.559
-777.727
-1166.93
-1155.29
-1084.6
-1396.04
-1508.73
-1204.35
-1203.1
-1418.91
-1255.08
-951.537
-762.758
-163.155
1466.42
3721.79
4611.21
2930.5
902.991
840.203
1382.01
754.545
-146.107
-126.979
236.442
-131.969
-682.09
-257.129
40.1778
-1328.26
-2939.54
-2600.65
-886.67
58.4736
-99.5355
-17.6202
485.514
622.732
572.835
893.011
1223.17
815.254
48.9099
7.74439
646.434
1022.74
446.843
-806.418
-1548.65
-1594.38
-1669.65
-1383.98
-541.961
-205.152
-628.866
-671.695
184.465
756.209
290.913
-105.773
236.858
616.079
657.661
793.216
1209.45
1288.03
865.983
703.816
854.756
595.289
-337.381
-1245.52
-1298.33
-1040.52
-991.039
-481.668
175.733
241.016
136.231
338.732
912.554
1244.37
745.397
363.265
799.453
1266
1186.58
798.621
495.078
171.575
-363.161
-690.822
-714.523
-930.746
-1405.61
-1587.32
-1063.39
-360.666
-179.372
-311.6
-311.184
-59.6174
230.62
424.389
806.938
1052.68
660.156
268.459
236.442
-9.71977
-594.769
-1090.42
-1120.36
-831.367
-794.36
-1050.92
-1193.54
-1179.82
-1245.93
-1350.72
-1142.4
-708.702
-576.473
-365.24
1036.88
3241.53
4054.86
2553.77
754.961
580.735
1156.22
981.579
532.917
690.926
720.864
-121.989
-829.704
-504.122
-249.228
-1275.87
-2517.91
-2197.73
-719.929
119.598
-3.48257
-85.3978
26.8718
-176.877
-322.411
211.077
910.059
934.177
530.838
521.274
920.871
943.325
211.493
-761.51
-1428.48
-1742
-1616.42
-831.783
156.606
409.42
-110.347
-480.836
-294.136
-120.326
-309.937
-338.212
135.399
594.873
686.768
805.69
1164.54
1219.01
658.908
117.103
46.415
119.598
133.736
137.062
46.8309
-251.723
-674.605
-745.709
-339.044
-10.9672
152.863
502.562
972.016
1297.6
1229.4
844.777
549.133
325.01
75.1062
84.2541
324.594
458.486
365.344
24.7927
-522.418
-1073.37
-1432.63
-1469.64
-1103.31
-570.652
-224.279
23.5453
302.972
415.242
264.301
-30.5104
-139.454
82.5908
286.755
425.637
580.319
388.629
-190.183
-847.168
-1279.2
-1248.84
-1090.42
-1103.31
-1022.64
-697.475
-258.792
-143.196
-534.892
-960.685
-1317.45
-1444.69
-411.396
1896.78
3905.16
3826.57
1979.53
579.488
448.507
512.542
375.323
448.922
604.437
367.839
-113.673
-112.01
222.304
-292.889
-1638.88
-2223.93
-1406.44
-270.435
258.48
264.301
2.33882
-488.737
-889.165
-643.419
139.973
660.156
589.467
390.293
438.111
535.412
338.732
-172.719
-790.617
-1282.11
-1253.42
-455.888
587.388
945.819
337.069
-508.696
-783.964
-651.736
-575.226
-393.931
69.2848
508.8
606.931
481.356
539.154
643.107
270.123
-172.303
147.874
900.08
1176.6
800.285
179.475
-362.745
-815.982
-969.833
-404.742
460.149
826.065
826.481
910.059
979.916
690.51
50.5732
-319.501
-72.5076
330.831
554.955
702.569
759.119
485.098
-210.142
-907.045
-1158.2
-1101.65
-924.925
-504.538
50.5732
281.765
-2.23513
-424.702
-554.851
-432.602
-253.802
49.7415
552.46
1037.71
1136.68
688.847
-75.4183
-867.543
-1514.96
-1658.42
-1061.31
-235.506
84.6699
-178.124
-547.366
-719.513
-945.716
-1378.58
-1546.98
-1266.72
-902.055
-169.392
1517.98
3343.4
3476.88
1624.01
-146.938
-196.42
634.791
1081.37
1307.16
1556.23
1221.5
147.874
-635.519
-477.51
-296.215
-892.492
-1395.21
-888.749
-0.987688
285.924
-96.6248
-791.449
-1519.95
-1837.22
-1235.12
104.629
1176.18
1230.65
571.587
-55.4592
-359.419
-485.41
-554.02
-555.267
-447.155
-110.762
531.253
1149.57
1095.51
166.169
-922.846
-1263.81
-809.745
-159.828
359.938
710.885
645.602
66.3741
-492.063
-476.262
-66.6862
205.672
261.806
479.277
967.442
1241.05
831.055
-89.1401
-963.596
-1361.53
-1013.49
65.1266
1285.12
1845.64
1490.12
665.561
11.9025
-162.739
11.0709
300.477
626.059
886.358
897.585
676.372
370.334
-55.0434
-668.368
-1200.61
-1247.18
-776.48
-175.629
149.537
71.3638
-319.917
-808.081
-1049.67
-775.648
-146.522
388.629
635.207
764.109
851.846
698.826
170.743
-539.05
-1087.51
-1261.73
-1012.25
-423.038
161.18
226.462
-376.051
-1134.08
-1455.5
-1348.22
-1168.18
-1002.27
-769.411
-583.958
-364.824
460.981
1986.18
2974.16
2194.51
401.104
-402.248
374.076
1425.67
1719.65
1551.66
1254.77
576.577
-260.871
-466.283
-82.9029
-75.4183
-669.616
-976.902
-579.8
-212.221
-514.933
-1174
-1603.95
-1642.62
-1306.64
-568.157
297.982
698.41
340.395
-377.299
-798.102
-652.983
-187.688
209.414
374.492
424.389
547.47
752.05
807.769
474.703
-136.543
-551.109
-439.255
-5.56164
349.543
470.129
354.949
-38.4109
-550.277
-733.235
-344.865
256.401
504.641
275.112
-81.6555
-260.871
-249.644
-134.048
-37.9951
-82.9029
-126.563
140.805
693.005
1076.8
1016.09
739.16
549.133
568.261
750.803
908.396
940.414
773.673
359.107
-2.65094
-76.2499
-25.5207
-65.4388
-283.741
-540.713
-710.365
-851.326
-811.408
-541.961
-362.33
-442.582
-635.935
-551.94
-74.5867
313.367
374.492
300.893
252.658
316.278
371.581
286.755
-0.156062
-516.18
-834.278
-595.185
-114.089
104.629
-212.221
-788.538
-1101.65
-1130.75
-1093.75
-1092.08
-1082.93
-976.07
-824.714
-220.953
1298.01
2742.13
2517.18
725.854
-584.374
10.6551
1391.57
1969.14
1825.26
1530.87
1005.28
184.465
-262.95
150.368
539.154
41.4253
-650.072
-635.519
-266.277
-488.321
-1339.08
-1919.97
-1853.02
-1394.38
-663.794
36.4355
117.519
-529.902
-1249.68
-1310.38
-711.613
-11.7988
428.963
638.533
739.992
781.573
796.127
811.927
696.747
349.127
93.8178
327.921
757.872
730.844
228.541
-211.805
-409.732
-582.711
-672.942
-502.874
-320.332
-376.467
-423.87
-176.877
91.3229
-141.948
-653.815
-709.95
-294.136
166.169
609.011
1036.88
1220.67
1003.62
752.466
910.891
1139.59
1024.82
843.114
863.488
936.672
761.198
335.405
-10.5514
-239.249
-465.035
-571.484
-570.236
-624.708
-852.574
-1153.21
-1160.28
-819.724
-512.854
-476.262
-531.981
-373.556
-68.7653
179.891
407.341
522.521
424.389
268.044
215.651
290.498
253.906
6.91277
-118.247
-44.6481
-12.2147
-165.65
-524.497
-855.068
-998.524
-1062.14
-1101.65
-1184.81
-1270.47
-1241.36
-1020.56
-203.489
1196.55
2010.3
1251.86
-316.174
-759.431
469.713
1810.71
2173.3
1982.03
1687.21
1178.67
530.838
424.389
984.906
1177.84
550.797
-109.515
-240.496
-275.84
-845.505
-1600.62
-1794.81
-1510.81
-1187.72
-1033.04
-1094.99
-1309.97
-1636.8
-1766.53
-1277.53
-409.732
217.314
297.982
102.55
167.417
530.422
931.266
1316.31
1534.2
1446.87
1233.98
1092.19
977.837
716.29
377.818
277.191
402.351
352.87
-46.7272
-522.833
-736.146
-719.513
-736.562
-767.332
-697.059
-671.279
-747.789
-857.147
-949.874
-771.074
-216.379
411.499
858.083
1066.41
1113.39
1054.35
934.177
1004.45
1261.42
1413.19
1418.6
1266.83
974.511
660.156
325.426
80.9276
-44.2323
-253.386
-567.326
-893.323
-1051.33
-978.149
-967.754
-1098.32
-1174
-1087.09
-834.278
-655.894
-607.659
-465.451
-249.228
-24.6891
177.812
290.082
342.89
266.38
152.447
245.59
440.606
552.044
431.874
42.2569
-310.353
-490.4
-640.093
-823.051
-1003.51
-1059.65
-1057.15
-885.839
-41.3216
1061.83
1092.19
-237.586
-1427.64
-927.836
691.757
1687.63
1644.39
1228.16
804.027
451.833
428.548
976.59
1578.27
1441.47
801.532
384.471
254.738
12.3183
-483.331
-863.385
-815.566
-585.621
-571.068
-867.959
-1307.47
-1656.34
-1742.83
-1460.08
-935.32
-584.79
-682.922
-1011.83
-1095.41
-675.853
79.6801
753.298
996.133
828.56
626.891
695.916
942.077
1107.99
1148.74
1187.82
1232.31
1145.83
879.705
582.399
430.627
382.808
260.559
35.6039
-212.637
-509.112
-864.216
-1160.69
-1304.56
-1220.57
-827.625
-323.659
-94.9615
-173.966
-269.603
-217.626
9.40765
424.805
884.695
1142.08
1157.05
1054.35
949.978
940.83
1011.52
1078.05
1075.14
885.526
475.534
23.5453
-240.496
-245.486
-205.984
-333.638
-608.491
-918.272
-1048.01
-978.149
-942.389
-873.78
-701.217
-652.567
-755.273
-810.576
-678.348
-482.915
-413.475
-250.892
102.966
295.487
196.108
-26.3523
-139.869
-79.1606
-72.9234
-158.581
-197.252
-214.716
-238.417
-129.89
443.101
1363.3
1552.08
430.211
-879.601
-898.729
317.11
1324.21
1264.75
677.204
202.345
-93.7141
-99.9513
346.632
874.3
882.2
428.548
76.7694
-22.61
-168.976
-435.513
-536.555
-329.896
-80.408
-104.109
-404.327
-775.648
-1021.39
-1024.3
-823.882
-660.468
-739.472
-997.277
-1177.74
-1091.67
-724.503
-213.053
221.472
347.464
92.1545
-255.465
-235.091
209.414
671.798
916.712
1098.42
1261.42
1197.39
907.565
732.507
888.021
1138.76
1073.89
606.516
66.3741
-221.785
-283.741
-346.944
-493.311
-621.797
-650.488
-604.333
-538.634
-487.489
-475.015
-480.421
-407.653
-187.688
85.0857
231.452
240.6
297.566
489.256
674.293
738.329
754.545
777.415
722.943
552.876
366.176
276.776
308.793
371.165
292.161
8.16021
-310.353
-459.214
-456.719
-449.65
-504.954
-618.886
-796.023
-963.596
-983.555
-870.869
-809.329
-873.78
-893.739
-710.781
-441.334
-355.261
-516.596
-685.001
-619.718
-370.23
-164.402
-109.931
-153.175
-192.678
-53.796
510.879
1409.87
1888.88
1241.88
-23.4416
-486.242
396.114
1555.82
1757.9
1062.66
355.78
96.3126
145.379
352.038
647.265
774.088
494.246
-10.5514
-343.202
-412.643
-420.128
-416.801
-270.435
-68.3495
-117.415
-480.005
-849.663
-951.537
-815.15
-624.292
-541.545
-643.835
-857.563
-998.94
-949.458
-713.276
-350.271
7.32858
132.488
-60.0332
-313.264
-275.009
105.461
582.399
925.445
1070.98
1039.38
878.042
715.043
751.219
1056.84
1386.58
1359.97
879.289
277.607
-31.3421
27.7034
170.743
111.698
-150.681
-400.584
-475.847
-399.753
-301.621
-281.662
-344.45
-423.038
-438.423
-366.488
-242.159
-105.357
45.1676
215.235
341.227
337.9
250.995
247.253
401.52
556.618
528.759
376.155
317.941
402.351
453.912
359.938
230.62
204.84
249.332
224.799
60.5527
-212.637
-499.548
-673.774
-672.526
-615.976
-686.248
-879.601
-1007.26
-959.853
-831.783
-769.411
-845.089
-1038.86
-1206.01
-1126.18
-764.005
-418.049
-357.756
-437.592
-350.687
-75.0025
315.862
899.248
1479.31
1405.29
496.741
-290.394
81.3434
1263.92
1915.5
1478.48
731.676
472.208
567.845
638.117
729.596
858.499
714.627
247.253
-132.801
-209.31
-214.716
-295.384
-265.861
-87.8927
-121.158
-577.305
-1085.84
-1196.04
-1006.42
-889.581
-895.818
-881.265
-911.203
-1087.51
-1205.6
-983.555
-500.795
-116.168
-35.916
-155.67
-275.009
-252.555
-2.65094
433.953
820.244
952.888
902.991
881.368
933.761
977.005
1043.12
1194.06
1266
1032.72
587.388
281.765
282.181
431.874
496.325
375.323
122.925
-99.9513
-146.107
-63.7755
-65.023
-241.328
-425.949
-442.166
-333.638
-243.407
-208.894
-200.994
-207.647
-192.262
-125.732
-66.2704
-69.5969
-81.2397
-8.05652
114.193
186.128
231.036
357.443
516.7
538.322
431.874
398.193
472.624
457.654
279.271
107.54
46.415
-4.3142
-124.068
-261.703
-387.278
-539.466
-684.585
-740.304
-762.342
-895.402
-1119.53
-1254.67
-1221.4
-1117.45
-1028.05
-946.547
-837.188
-683.337
-524.913
-455.472
-456.303
-282.493
226.878
727.517
658.077
78.8485
-197.252
381.561
1308.41
1665.59
1284.29
786.147
651.008
786.147
940.414
1031.89
1019.42
864.32
668.888
538.738
389.877
144.963
-42.9848
-23.8574
16.4765
-233.843
-739.888
-1135.33
-1210.17
-1102.48
-1006.42
-971.08
-1035.95
-1225.97
-1393.55
-1337.83
-1091.67
-853.821
-704.128
-593.106
-505.369
-446.324
-323.243
-48.3904
261.806
426.884
500.483
649.344
821.075
846.44
787.81
857.667
1034.8
1131.69
1087.61
967.026
858.499
818.165
848.519
908.396
865.152
662.65
472.624
385.303
259.311
36.4355
-119.495
-74.1708
27.2876
-75.0025
-361.082
-591.859
-647.162
-577.305
-456.719
-354.429
-367.735
-495.39
-550.693
-400.584
-165.234
-12.2147
77.601
179.891
246.005
231.868
230.62
319.604
418.568
421.479
364.096
354.949
388.214
355.364
233.531
113.777
35.6039
-42.9848
-140.701
-262.95
-435.097
-625.124
-726.998
-695.396
-623.876
-651.736
-813.903
-976.902
-971.496
-805.171
-653.399
-637.182
-702.465
-759.431
-751.115
-554.02
-107.02
382.392
527.927
216.483
-117
48.0783
646.85
1133.35
1119.63
812.759
708.39
895.506
1093.43
1174.93
1171.19
1069.73
865.567
658.077
536.659
424.389
240.184
105.045
115.44
96.3126
-158.997
-531.15
-716.603
-667.121
-618.886
-715.355
-880.017
-1029.71
-1161.94
-1221.82
-1115.37
-890.413
-716.603
-687.911
-769.827
-869.622
-866.711
-662.547
-315.343
-29.263
67.2057
56.8104
91.7387
224.799
425.637
663.066
905.486
1074.31
1093.02
996.133
933.345
1015.26
1193.64
1311.32
1246.45
1025.66
818.165
767.851
823.986
795.295
601.526
351.622
162.011
9.82346
-158.581
-289.146
-307.858
-273.345
-327.401
-504.954
-702.881
-798.934
-751.115
-610.986
-497.469
-496.221
-565.662
-578.552
-477.926
-342.37
-250.06
-152.76
12.3183
164.09
172.406
72.1955
16.0607
83.0066
219.393
323.347
312.951
186.128
38.9304
-32.5895
-25.1049
-12.6305
-80.8239
-240.496
-411.396
-504.122
-514.517
-511.191
-550.693
-634.271
-714.108
-731.156
-667.537
-565.662
-505.369
-526.16
-558.593
-467.946
-224.279
-7.6407
-17.2044
-153.175
-75.8341
331.663
720.449
715.459
446.012
341.643
527.095
744.566
781.573
736.665
761.614
791.968
735.002
629.801
548.302
516.7
492.583
443.101
379.482
228.125
-31.3421
-207.647
-192.678
-143.612
-240.496
-453.393
-610.154
-661.715
-703.297
-788.122
-870.869
-882.512
-825.13
-773.569
-764.005
-753.61
-700.802
-623.46
-539.466
-421.375
-260.871
-107.852
-5.56164
72.6113
231.036
475.119
650.176
686.768
717.122
867.231
1086.78
1208.61
1175.76
1106.32
1088.44
1104.24
1123.79
1093.02
962.868
784.484
678.867
685.52
664.314
454.744
149.537
-23.8574
-52.5485
-102.446
-240.912
-394.347
-499.132
-588.532
-674.605
-715.355
-717.434
-703.297
-651.736
-556.93
-501.211
-572.315
-669.2
-598.096
-374.388
-169.808
-85.8136
-92.4666
-121.158
-126.148
-66.6862
71.3638
189.871
171.991
61.3843
22.7137
111.698
202.345
167.417
33.109
-77.0815
-91.2192
-49.6379
-49.222
-146.522
-296.215
-401.832
-431.355
-434.265
-447.155
-452.561
-462.125
-514.517
-538.634
-401.416
-172.719
-149.017
-419.296
-612.233
-373.141
102.55
326.257
174.486
1.92301
88.4122
316.694
474.703
542.065
580.319
600.278
579.072
549.549
570.34
596.952
569.508
525.432
493.83
434.369
319.189
182.802
79.2643
-15.957
-142.364
-279.998
-382.289
-409.316
-405.158
-463.788
-581.463
-689.575
-743.63
-742.383
-728.661
-720.761
-691.654
-648.825
-620.134
-587.285
-478.341
-276.256
-89.1401
-11.7988
18.9714
127.914
327.921
519.195
621.069
648.513
672.63
760.782
920.871
1076.38
1126.7
1061.83
989.064
986.985
1001.95
940.83
819.412
729.181
693.836
651.008
552.46
407.341
249.748
104.629
-2.65094
-70.8443
-139.454
-248.397
-388.526
-526.576
-628.866
-669.2
-635.519
-551.94
-515.765
-573.563
-677.1
-733.235
-678.348
-562.336
-446.324
-386.447
-383.536
-345.697
-254.634
-133.632
-28.4314
26.456
68.869
92.1545
119.182
152.863
184.881
221.057
198.603
132.488
79.2643
83.0066
119.182
103.797
24.3769
-100.367
-211.389
-288.731
-336.965
-375.22
-442.582
-522.833
-517.844
-368.567
-228.438
-319.085
-588.532
-694.149
-432.186
-32.1737
122.925
-35.5002
-209.31
-135.711
134.567
390.709
523.353
561.608
542.896
497.573
485.93
542.48
611.505
610.258
531.253
438.111
384.056
353.701
295.903
204.84
112.945
6.49695
-155.67
-348.192
-479.589
-505.785
-490.4
-519.507
-606.412
-698.307
-749.036
-746.541
-681.258
-570.236
-484.163
-487.905
-535.308
-509.527
-366.072
-181.035
-43.8165
41.0095
119.598
217.314
325.426
428.132
508.8
570.756
642.691
733.755
797.374
794.463
769.93
811.096
915.049
975.342
901.743
740.408
613.169
586.972
618.574
606.931
495.494
313.783
147.874
63.8792
53.8997
50.5732
-14.7095
-162.739
-349.855
-504.538
-573.979
-566.078
-537.803
-544.456
-595.185
-652.567
-672.526
-641.756
-574.394
-498.301
-433.018
-381.873
-333.223
-281.662
-214.716
-134.88
-47.9746
43.9202
124.172
200.266
230.62
228.125
223.967
230.62
243.095
236.442
178.644
92.1545
50.5732
-7.22489
-36.7476
-98.288
-175.629
-256.713
-327.817
-415.554
-499.548
-532.813
-452.977
-308.274
-235.506
-342.786
-515.765
-526.992
-279.583
56.3946
220.225
138.726
-8.88814
-5.56164
186.544
422.726
562.855
578.656
527.095
477.198
477.198
530.422
586.141
575.33
481.356
355.364
253.074
190.702
148.705
110.45
62.2159
-13.8779
-125.732
-243.407
-320.748
-346.529
-353.597
-372.725
-399.337
-430.939
-488.737
-558.178
-559.009
-447.987
-312.848
-279.583
-341.955
-363.161
-263.366
-113.257
-14.7095
20.2188
54.3155
120.43
203.177
283.429
360.77
438.943
520.858
598.615
650.176
663.482
664.314
704.232
784.9
853.509
852.677
770.346
676.372
641.86
647.681
627.306
529.174
362.849
207.751
103.797
34.3564
-24.6891
-114.921
-242.159
-359.003
-442.582
-500.795
-537.387
-566.91
-597.264
-628.034
-646.746
-643.004
-621.381
-583.126
-526.16
-440.087
-328.233
-229.685
-171.887
-139.038
-98.7038
-40.49
26.0402
84.2541
134.567
174.486
182.802
145.379
100.471
98.8075
118.351
101.302
30.6141
-61.6964
-132.385
-187.688
-239.665
-262.534
-259.624
-261.287
-311.6
-416.385
-480.005
-451.314
-366.488
-250.476
-188.104
-266.692
-399.753
-423.87
-249.228
38.0988
208.582
159.516
20.2188
-21.3625
86.3331
249.332
364.928
385.719
324.594
243.926
218.562
292.161
411.499
444.348
361.186
245.59
171.991
158.685
164.09
149.121
120.846
70.5322
-8.47233
-86.6452
-134.464
-152.344
-163.155
-190.599
-228.853
-277.919
-354.845
-440.918
-469.609
-403.911
-314.095
-297.463
-352.35
-378.546
-321.996
-221.369
-129.89
-73.3392
-39.2425
-7.22489
50.989
164.506
320.436
455.575
524.185
531.669
566.182
640.612
723.359
764.941
759.535
772.841
710.885
666.809
648.513
651.008
622.317
526.68
391.956
300.061
235.61
162.427
53.4839
-50.0537
-136.543
-214.716
-299.542
-369.398
-396.426
-396.01
-411.811
-452.977
-488.321
-493.311
-477.094
-445.492
-398.089
-346.529
-316.59
-297.878
-250.476
-157.749
-64.1913
-24.6891
-39.2425
-56.2909
-35.916
15.229
63.0476
74.2745
52.6522
16.8923
-13.8779
-26.3523
-23.4416
-29.263
-66.6862
-119.079
-165.65
-205.984
-246.733
-265.445
-258.792
-236.338
-216.795
-238.001
-282.078
-333.638
-328.649
-246.318
-144.027
-116.168
-196.004
-306.611
-309.105
-141.117
26.8718
133.32
86.7489
-26.7681
-80.408
12.7342
188.623
343.306
369.086
281.765
189.039
211.077
330
459.318
501.731
434.369
314.199
222.72
205.256
236.026
246.005
189.455
71.7797
-47.143
-123.237
-162.739
-199.746
-239.249
-277.088
-316.59
-371.477
-445.076
-498.301
-503.706
-445.908
-367.735
-321.164
-301.621
-308.69
-294.552
-230.101
-100.783
52.2364
136.647
152.863
149.121
193.197
308.793
447.259
559.529
600.278
577.409
538.738
541.649
608.595
685.104
697.579
633.128
532.501
457.239
434.785
431.042
424.389
381.561
275.944
159.1
79.2643
36.4355
17.3081
-10.5514
-63.7755
-128.642
-188.52
-229.685
-243.407
-237.586
-227.606
-234.675
-263.366
-296.215
-309.105
-294.136
-263.366
-236.754
-226.359
-230.517
-234.675
-225.527
-199.746
-166.481
-146.522
-137.79
-124.9
-113.673
-102.446
-83.3187
-60.0332
-34.2528
-18.036
-25.5207
-42.9848
-52.9644
-54.2118
-56.2909
-70.0127
-103.278
-157.749
-208.479
-231.764
-231.348
-218.042
-231.764
-291.225
-357.756
-387.694
-354.013
-272.514
-212.637
-212.637
-257.545
-281.246
-208.479
-58.3699
82.5908
143.3
106.292
60.9685
99.2233
211.493
339.979
411.915
382.808
304.635
257.648
283.013
357.443
403.599
367.007
260.143
141.636
79.2643
81.3434
95.481
70.5322
-8.05652
-109.099
-191.014
-231.764
-239.665
-245.902
-268.356
-304.531
-339.044
-359.003
-362.33
-348.608
-319.501
-276.256
-233.843
-198.915
-173.966
-139.869
-83.7346
-6.39326
73.8587
131.241
171.991
206.919
262.222
328.337
395.698
438.527
463.476
477.614
496.741
520.858
539.154
540.817
525.016
505.473
494.662
487.177
470.961
433.537
383.64
334.574
301.724
273.865
243.926
177.812
100.055
13.9816
-29.6788
-51.7169
-68.7653
-113.673
-183.946
-250.476
-295.384
-307.442
-300.373
-300.373
-312.016
-336.133
-344.034
-329.064
-291.225
-252.555
-215.132
-192.262
-166.066
-140.701
-106.604
-74.1708
-46.3113
-30.5104
-14.2937
-8.88814
1.09138
-9.71977
-22.61
-47.9746
-72.9234
-96.209
-120.742
-146.938
-181.035
-227.19
-270.435
-302.037
-305.363
-297.878
-294.136
-313.264
-349.023
-371.477
-358.587
-304.531
-239.665
-200.578
-200.162
-217.211
-207.647
-141.533
-45.8955
47.6625
82.175
72.6113
50.1574
65.9583
138.31
227.294
286.339
280.934
231.036
187.792
191.534
232.284
270.538
265.133
206.503
132.904
72.1955
53.4839
51.8206
37.683
-9.30396
-87.0611
-154.007
-193.509
-203.489
-210.558
-238.417
-275.009
-306.195
-309.937
-289.562
-262.534
-240.08
-230.101
-210.558
-172.303
-109.099
-42.9848
5.24951
34.7723
57.2262
110.866
182.386
275.944
339.148
376.155
385.719
404.015
449.338
516.7
573.666
594.873
572.003
534.996
511.71
519.195
536.659
534.996
490.92
418.984
342.058
284.676
250.995
214.819
167.417
94.2336
14.3974
-51.3011
-95.3773
-119.91
-144.443
-171.471
-200.994
-218.874
-236.338
-238.417
-244.239
-229.269
-213.053
-179.787
-145.691
-119.079
-108.683
-101.199
-86.6452
-55.4592
-15.1253
8.16021
8.16021
-2.65094
-20.1151
-18.4519
-2.23513
12.7342
16.0607
-3.48257
-37.9951
-68.7653
-87.8927
-100.367
-119.079
-145.691
-179.787
-215.547
-245.07
-273.345
-292.473
-311.184
-326.154
-339.876
-349.855
-354.429
-364.824
-365.656
-357.756
-317.422
-272.93
-223.448
-193.093
-168.145
-145.691
-102.03
-40.49
31.0299
85.9173
110.866
113.361
112.529
140.805
182.802
224.799
243.511
220.641
177.396
144.547
130.409
129.578
137.478
98.3917
51.8206
-1.4035
-39.6583
-62.9439
-77.9132
-105.773
-139.038
-179.372
-215.963
-242.991
-256.713
-266.692
-272.514
-272.098
-261.287
-240.912
-215.547
-188.935
-161.076
-126.563
-80.8239
-25.1049
34.7723
87.9964
132.488
173.238
221.472
279.686
339.979
386.966
411.083
411.499
404.846
403.599
413.162
423.558
420.231
395.698
357.028
317.11
289.25
271.786
256.401
230.62
191.534
145.794
105.461
79.2643
62.2159
45.9992
27.7034
9.40765
-6.39326
-20.9467
-36.3318
-51.3011
-66.2704
-79.9922
-88.3085
-88.3085
-85.3978
-86.6452
-93.7141
-100.367
-94.9615
-74.1708
-44.2323
-17.6202
-7.22489
-11.7988
-22.61
-22.1942
-1.81932
20.2188
29.7825
21.0504
-4.3142
-30.5104
-45.8955
-57.9541
-71.2602
-94.5457
-134.048
-173.55
-201.41
-218.874
-227.606
-235.091
-250.06
-262.95
-272.93
-280.83
-283.741
-286.236
-288.315
-279.167
-260.455
-238.001
-216.379
-203.905
-193.509
-173.55
-139.038
-94.1299
-54.6276
-35.0844
-29.6788
-20.1151
7.74439
53.4839
103.797
138.726
150.784
144.547
140.805
156.19
174.07
190.286
174.486
144.963
114.608
95.481
92.1545
95.8968
85.5015
57.2262
44.336
6.91277
-0.156062
-9.30396
-9.30396
-31.7579
-41.7374
-55.8751
-43.4007
-25.1049
-3.89838
6.08114
2.33882
-0.987688
1.50719
14.3974
29.3667
36.0197
32.2774
31.8616
36.0197
53.4839
70.5322
90.4913
94.2336
90.9071
96.7285
107.54
124.588
136.647
144.963
150.784
159.1
176.149
196.939
207.335
205.256
200.682
191.534
186.544
186.128
173.654
159.1
143.3
129.994
129.994
132.488
129.994
115.44
94.2336
78.0169
68.0373
68.869
67.2057
52.6522
31.0299
6.91277
-3.06676
-2.23513
-0.987688
-9.71977
-32.1737
-70.0127
-107.436
-121.989
-139.038
-146.522
-159.828
-181.451
-204.32
-220.953
-220.121
-221.369
-220.537
-228.438
-237.586
-250.06
-255.05
-252.555
-247.149
-239.249
-234.259
-223.032
-217.211
-208.063
-201.41
-198.915
-195.588
-191.846
-188.52
-183.53
-178.54
-170.224
-166.066
-155.67
-139.869
-128.227
-121.574
-117.831
-117
-117.415
-112.01
-100.367
-87.8927
-78.7448
-70.0127
-58.7858
-45.0639
-21.7784
6.91277
34.3564
52.2364
60.1369
70.948
87.5806
114.193
147.458
179.06
203.593
216.483
224.799
236.026
250.579
259.727
253.906
250.164
232.284
214.819
212.325
190.286
178.228
165.338
144.547
127.083
104.213
75.1062
48.4941
26.8718
11.0709
0.259752
-5.14582
-10.1356
-15.957
-17.6202
-13.0463
-3.89838
11.4867
22.7137
28.9509
33.109
34.7723
48.0783
66.7899
93.8178
120.43
140.389
160.764
177.396
200.266
222.72
244.758
261.391
271.37
280.518
289.666
303.804
316.278
327.921
330.416
328.337
315.862
297.566
275.944
246.421
218.562
183.218
149.953
114.193
75.1062
38.5146
-1.81932
-37.9951
-73.755
-111.178
-149.433
-190.183
-228.853
-261.287
-284.988
-301.621
-310.769
-318.669
-323.659
-328.233
-330.312
-327.401
-324.075
-316.59
-309.937
-301.205
-288.731
-274.177
-254.634
-234.675
-213.468
-194.341
-179.787
-167.313
-159.828
-156.502
-154.423
-156.918
-159.413
-163.571
-169.808
-175.629
-185.193
-194.341
-204.32
-215.547
-225.527
-238.417
-248.397
-255.465
-257.96
-251.307
-240.912
-223.448
-203.073
-179.372
-151.928
-124.9
-94.5457
-66.2704
-36.3318
-5.56164
24.7927
57.2262
88.4122
120.014
149.953
177.396
203.177
223.967
240.6
250.579
252.658
258.064
258.064
259.727
259.727
258.064
251.411
242.263
229.789
213.988
204.84
172.406
148.289
125.835
92.1545
67.2057
46.8309
24.3769
8.16021
-7.6407
-16.7886
-25.1049
-27.5997
-28.4314
-25.9365
-17.2044
-1.4035
18.1397
40.5937
73.8587
105.876
136.647
174.901
208.166
243.926
270.538
297.566
327.089
340.811
358.691
376.987
384.056
392.788
396.946
396.114
387.382
374.908
356.612
331.247
305.467
274.697
242.679
209.414
173.654
139.141
100.887
65.1266
28.9509
-10.9672
-48.3904
-87.4769
-124.068
-156.502
-187.272
-210.973
-230.517
-245.486
-253.802
-257.545
-258.376
-256.297
-254.218
-251.723
-248.397
-243.407
-232.18
-220.537
-208.894
-194.341
-183.114
-175.629
-167.729
-160.244
-158.997
-158.165
-161.492
-168.145
-174.798
-184.361
-190.599
-198.499
-205.984
-213.884
-223.448
-231.764
-246.318
-254.218
-265.861
-278.751
-285.82
-296.631
-306.611
-308.274
-312.432
-312.432
-305.779
-300.373
-292.889
-280.414
-265.445
-246.318
-224.279
-198.499
-166.481
-132.801
-93.7141
-52.9644
-9.71977
31.4458
69.2848
111.282
144.963
177.396
206.087
228.957
252.243
268.875
283.429
292.161
295.903
294.656
287.171
277.191
262.638
243.511
222.72
199.434
172.822
147.874
122.093
95.0652
72.6113
50.1574
28.5351
11.9025
-4.73001
-19.2835
-27.1839
-34.2528
-36.7476
-32.1737
-25.5207
-14.7095
2.75463
21.4662
45.1676
70.948
98.8075
128.746
159.1
189.039
218.146
246.421
272.618
295.487
315.446
331.663
342.058
348.296
350.375
345.801
336.653
325.842
308.377
289.25
269.291
245.59
220.225
196.524
169.496
141.22
116.272
89.2438
60.9685
36.4355
11.4867
-14.2937
-36.3318
-56.2909
-77.9132
-95.3773
-110.762
-127.395
-141.117
-151.096
-161.492
-169.808
-172.303
-175.214
-176.045
-171.887
-167.729
-163.571
-154.423
-147.77
-141.117
-131.553
-124.484
-119.91
-114.089
-112.841
-114.089
-116.584
-122.821
-132.385
-141.948
-155.254
-169.808
-184.361
-200.162
-216.379
-230.101
-245.486
-258.792
-269.603
-280.83
-288.315
-292.889
-297.047
-297.047
-294.136
-291.225
-282.493
-272.93
-262.118
-245.07
-227.606
-208.894
-183.53
-159.413
-132.801
-102.446
-72.9234
-41.3216
-6.39326
26.456
61.3843
96.3126
126.667
157.853
185.297
209.414
232.284
251.411
265.133
276.776
280.518
284.26
281.35
277.191
267.212
255.153
237.273
219.393
204.008
179.06
167.001
134.983
117.935
90.4913
70.5322
47.2467
32.2774
8.57602
-2.23513
-18.036
-28.8472
-35.0844
-40.49
-41.3216
-38.4109
-32.1737
-23.0258
-11.383
6.08114
22.2979
44.336
67.2057
89.2438
114.193
139.973
162.427
186.96
206.503
222.72
238.937
249.748
258.064
263.054
261.806
258.896
250.995
240.6
226.878
209.83
192.366
169.912
149.537
126.251
99.6392
76.7694
49.7415
25.6244
3.17045
-23.0258
-44.6481
-66.6862
-90.8034
-104.525
-126.979
-142.78
-155.254
-171.055
-179.787
-189.767
-196.42
-207.231
-207.647
-207.231
-213.884
-196.42
-206.4
-198.083
-198.915
-196.004
-196.004
-189.351
-187.688
-189.351
-185.609
-188.52
-189.351
-190.183
-193.093
-197.252
-202.241
-205.568
-212.221
-215.132
-219.706
-225.943
-228.853
-234.259
-235.091
-239.249
-237.586
-239.249
-234.675
-234.259
-227.19
-222.616
-215.547
-206.4
-193.925
-182.282
-167.729
-151.928
-134.464
-115.336
-91.2192
-70.0127
-42.9848
-17.6202
9.40765
36.8513
66.7899
95.0652
122.509
150.784
172.822
196.524
216.483
233.947
249.332
260.143
270.123
275.112
279.271
276.776
275.528
267.212
258.896
248.916
236.026
222.72
205.256
190.286
171.575
156.19
139.141
123.756
108.371
95.0652
83.4224
71.3638
64.295
54.7313
52.2364
49.7415
50.989
54.3155
60.9685
66.3741
77.601
89.6596
101.718
118.351
134.983
150.784
167.833
184.465
197.771
214.404
226.462
238.937
247.253
254.738
256.817
256.817
254.322
248.5
239.352
226.462
213.572
193.613
176.98
152.863
130.409
105.045
79.6801
53.0681
26.0402
-1.81932
-28.8472
-54.6276
-81.2397
-103.278
-126.979
-149.433
-166.066
-183.946
-196.42
-205.984
-216.379
-225.111
-228.853
-229.685
-231.764
-224.695
-227.606
-223.448
-220.953
-214.716
-210.973
-204.32
-200.162
-198.915
-193.509
-192.262
-189.351
-192.678
-189.767
-194.341
-195.173
-198.083
-203.905
-210.142
-214.716
-222.2
-227.606
-231.348
-237.586
-242.991
-245.902
-249.228
-252.139
-250.892
-249.644
-246.318
-242.575
-234.675
-228.853
-217.626
-206.815
-193.093
-177.708
-161.492
-141.117
-123.237
-101.615
-78.329
-56.2909
-29.263
-6.80908
21.4662
44.7518
73.4429
98.8075
122.509
148.289
172.822
192.366
214.819
233.947
250.995
264.301
281.765
287.587
297.982
302.14
305.467
302.14
305.467
294.24
290.082
280.934
268.875
256.401
243.926
228.957
214.404
201.513
186.544
174.07
162.843
151.616
144.131
137.478
133.32
132.488
132.904
134.567
142.468
146.626
157.437
165.753
176.98
187.376
201.098
208.998
221.888
229.789
236.442
243.095
246.421
247.253
245.59
239.768
234.779
222.304
211.493
193.613
177.396
157.853
135.399
112.945
90.0754
64.295
41.4253
14.3974
-8.05652
-32.1737
-53.796
-74.1708
-93.7141
-111.178
-126.148
-140.701
-151.928
-163.571
-172.719
-177.293
-188.52
-190.183
-196.004
-204.32
-201.41
-212.637
-213.468
-219.29
-224.279
-230.101
-235.091
-241.744
-249.644
-253.386
-262.118
-268.356
-274.177
-279.998
-287.483
-289.146
-297.047
-301.205
-301.621
-307.858
-305.779
-307.026
-307.858
-304.947
-302.868
-297.878
-294.136
-286.236
-280.414
-272.93
-263.782
-255.05
-240.912
-229.685
-216.379
-205.568
-188.935
-176.045
-159.413
-141.533
-124.484
-105.773
-85.8136
-68.3495
-47.5588
-22.61
-0.571875
18.1397
42.2569
61.8001
86.7489
110.034
132.073
152.863
172.406
194.86
206.087
223.136
238.937
252.658
258.064
270.123
272.202
278.855
291.745
285.924
284.26
281.765
277.607
271.786
268.459
255.985
248.5
240.184
229.789
220.641
212.74
204.008
197.355
189.871
186.96
179.891
178.644
176.565
176.98
176.149
176.98
178.228
181.139
184.881
186.128
189.871
193.197
195.276
197.355
198.187
197.355
195.692
192.366
187.792
183.218
178.228
168.664
159.932
147.458
135.399
120.846
106.292
92.9861
77.601
61.8001
41.0095
26.0402
7.74439
-4.73001
-23.4416
-39.6583
-57.9541
-72.5076
-85.8136
-99.9513
-113.673
-127.395
-140.285
-153.591
-163.155
-173.134
-183.946
-191.43
-206.815
-215.547
-225.527
-235.506
-243.407
-252.971
-261.703
-269.603
-275.425
-286.236
-289.146
-297.878
-301.621
-306.195
-307.026
-309.521
-310.769
-308.69
-307.026
-305.363
-298.294
-291.641
-285.82
-278.751
-267.94
-258.792
-246.733
-237.17
-224.695
-213.468
-200.578
-188.935
-178.54
-164.818
-154.423
-142.78
-133.632
-120.326
-111.594
-98.288
-91.635
-79.1606
-67.9336
-57.5383
-44.6481
-35.0844
-18.4519
-7.6407
9.40765
20.6346
41.4253
55.1471
74.2745
91.7387
112.945
132.073
147.874
170.743
188.623
209.414
225.215
242.679
256.401
277.607
285.092
299.645
309.209
314.615
320.02
325.01
326.673
326.673
325.01
315.862
312.951
303.388
297.151
285.508
275.528
262.638
250.995
238.105
227.71
215.235
204.424
192.366
183.633
174.07
165.338
157.853
151.616
147.042
142.884
136.647
131.657
129.994
125.835
122.509
118.767
115.44
109.619
105.876
97.9759
95.0652
86.7489
80.0959
71.7797
63.8792
53.8997
43.0885
33.109
20.2188
7.32858
-5.56164
-19.6993
-36.7476
-50.4695
-67.9336
-82.4871
-97.8722
-113.257
-129.474
-144.859
-157.749
-173.134
-189.767
-200.162
-203.905
-225.943
-238.001
-245.902
-254.634
-265.029
-269.603
-278.751
-282.909
-284.988
-289.146
-289.562
-289.146
-285.404
-283.325
-278.751
-272.514
-266.692
-259.624
-252.139
-243.823
-235.922
-228.022
-218.874
-208.894
-200.578
-193.925
-184.777
-176.045
-168.976
-164.818
-157.334
-151.928
-146.107
-143.196
-137.374
-132.801
-126.148
-120.326
-114.089
-107.02
-99.1196
-89.5559
-80.8239
-69.1811
-57.9541
-45.0639
-33.0053
-16.7886
-2.23513
15.6448
32.2774
51.8206
71.3638
90.4913
110.45
128.746
147.874
164.506
185.297
201.929
216.899
234.363
250.995
265.965
274.281
290.498
300.893
310.872
315.862
326.673
331.663
336.237
338.316
340.395
340.395
339.148
335.405
330.416
323.347
317.525
306.714
296.735
283.844
272.618
258.064
243.095
227.71
212.325
195.276
178.228
161.595
146.21
127.083
113.777
97.5601
85.9173
70.1164
62.6318
48.4941
40.1778
30.1983
25.2086
17.7239
13.9816
10.2393
6.91277
2.75463
-0.571875
-3.89838
-8.05652
-13.0463
-16.3728
-22.61
-26.7681
-35.0844
-43.8165
-50.0537
-64.1913
-71.2602
-82.9029
-95.7931
-108.683
-124.068
-136.959
-150.265
-165.65
-178.54
-170.64
-200.994
-206.4
-216.795
-231.764
-240.08
-250.06
-249.228
-261.703
-263.782
-264.613
-264.613
-265.029
-260.455
-262.118
-255.05
-250.476
-243.823
-239.665
-230.932
-223.448
-215.547
-204.32
-198.083
-188.104
-181.035
-168.56
-159.413
-150.681
-137.374
-133.632
-122.821
-118.663
-105.357
-104.109
-89.9718
-90.8034
-84.5662
-77.9132
-75.4183
-70.0127
-63.3597
-62.5281
-55.0434
-51.3011
-44.2323
-37.9951
-32.1737
-25.9365
-15.5412
-8.05652
1.92301
11.0709
21.882
39.3462
49.3257
63.0476
80.0959
96.7285
115.856
128.746
147.874
166.169
182.802
196.939
210.661
225.631
240.184
251.827
258.896
270.123
276.36
281.765
283.013
283.844
284.26
277.607
275.112
267.212
258.064
251.827
237.273
225.631
215.235
200.266
185.713
171.575
156.19
144.547
132.904
118.767
107.124
96.3126
87.1648
78.0169
68.0373
60.9685
54.3155
48.4941
42.6727
37.683
33.109
28.5351
25.6244
21.0504
18.9714
12.7342
8.99183
5.66533
-1.4035
-3.06676
-10.9672
-14.7095
-19.6993
-28.4314
-33.4211
-45.0639
-52.5485
-64.6071
-75.0025
-85.8136
-96.6248
-108.268
-118.663
-128.227
-139.869
-147.77
-159.413
-166.066
-178.124
-185.193
-194.341
-199.331
-207.231
-210.558
-212.221
-214.3
-213.884
-214.3
-210.558
-210.558
-205.984
-202.241
-194.757
-188.935
-181.035
-172.719
-166.066
-158.581
-151.928
-143.196
-137.79
-127.811
-121.574
-114.089
-109.099
-101.615
-98.288
-94.5457
-90.3876
-86.2294
-84.1504
-81.2397
-77.9132
-76.6657
-73.755
-72.0918
-70.0127
-66.2704
-63.7755
-59.2016
-54.6276
-48.3904
-42.9848
-35.916
-28.0156
-18.8677
-10.9672
-0.571875
10.6551
21.882
33.109
45.1676
58.4736
70.5322
82.5908
94.2336
107.54
117.935
129.162
137.894
148.705
155.774
163.259
170.327
175.733
179.891
184.049
188.207
188.207
191.534
190.702
189.871
188.207
189.039
184.881
180.723
181.97
176.565
171.991
167.833
166.169
158.685
154.527
149.953
145.794
141.22
138.31
133.32
127.914
124.588
118.767
112.529
108.787
103.797
97.5601
93.402
89.2438
83.8382
78.0169
72.1955
65.9583
60.5527
53.0681
45.9992
38.0988
31.4458
22.7137
14.3974
8.16021
-0.156062
-9.71977
-19.2835
-27.1839
-37.1635
-47.5588
-53.796
-62.1123
-70.4285
-79.9922
-82.9029
-91.635
-98.7038
-107.852
-108.683
-114.505
-118.663
-126.563
-126.148
-127.811
-128.227
-128.642
-129.89
-127.811
-128.227
-124.484
-125.732
-119.079
-119.495
-117
-118.247
-110.347
-109.099
-107.02
-106.188
-102.446
-100.783
-98.7038
-96.209
-95.3773
-92.0508
-89.9718
-88.3085
-87.4769
-84.982
-83.7346
-81.6555
-76.2499
-75.4183
-73.3392
-71.676
-65.023
-66.6862
-63.3597
-58.7858
-52.9644
-51.3011
-47.5588
-41.7374
-35.5002
-33.4211
-31.7579
-25.1049
-19.2835
-15.957
-13.4621
-5.14582
0.259752
2.33882
7.32858
15.229
21.4662
24.7927
30.1983
36.8513
42.6727
47.2467
51.4048
59.3053
63.8792
70.1164
71.7797
78.4327
80.5117
86.7489
88.828
92.9861
94.2336
97.1443
98.3917
100.055
100.055
100.055
100.471
100.471
100.055
97.1443
97.5601
97.9759
98.3917
94.6494
93.8178
90.4913
89.6596
88.4122
89.6596
86.3331
85.0857
83.0066
83.4224
81.7592
82.175
78.0169
75.9378
75.522
76.7694
72.6113
69.2848
65.5425
66.7899
61.8001
58.4736
56.8104
52.2364
46.8309
45.5834
40.1778
33.109
34.7723
23.9611
19.3872
18.9714
12.3183
6.08114
3.58626
-1.81932
-8.88814
-13.0463
-17.2044
-24.2732
-30.5104
-32.5895
-35.5002
-42.569
-35.5002
-49.6379
-48.8062
-54.6276
-57.9541
-60.449
-62.5281
-62.5281
-67.9336
-67.102
-68.7653
-69.5969
-72.9234
-71.2602
-71.676
-70.8443
-68.7653
-67.102
-64.1913
-62.1123
-62.1123
-57.9541
-57.5383
-55.4592
-53.3802
-51.7169
-45.8955
-46.7272
-45.8955
-42.9848
-42.9848
-43.8165
-42.9848
-38.4109
-40.0741
-39.6583
-38.4109
-39.2425
-38.8267
-39.6583
-37.9951
-35.0844
-34.6686
-35.0844
-33.4211
-31.3421
-33.0053
-28.8472
-26.3523
-27.5997
-23.0258
-25.1049
-20.5309
-18.036
-15.1253
-14.2937
-8.05652
-10.1356
-6.39326
-3.48257
-2.23513
-0.156062
3.17045
4.00207
8.16021
7.32858
8.99183
11.4867
12.3183
13.5658
13.5658
16.4765
18.5555
18.1397
21.4662
21.4662
23.5453
23.5453
24.3769
28.5351
27.2876
28.9509
27.2876
30.6141
28.5351
31.0299
29.3667
31.8616
30.6141
29.3667
29.3667
31.4458
31.4458
30.6141
30.6141
30.6141
30.1983
31.4458
31.0299
31.8616
32.2774
32.2774
33.109
32.2774
32.6932
33.5248
34.7723
34.3564
33.9406
33.5248
33.5248
33.5248
31.0299
31.0299
29.3667
28.9509
25.6244
22.7137
20.2188
19.803
17.3081
15.6448
11.9025
9.40765
7.74439
1.09138
2.75463
-2.23513
4.00207
-5.97745
-8.05652
-13.4621
-12.2147
-10.9672
-17.6202
-15.957
-20.9467
-19.2835
-23.8574
-23.0258
-24.2732
-21.7784
-26.3523
-23.8574
-24.6891
-22.61
-23.4416
-21.7784
-21.3625
-18.4519
-19.2835
-17.2044
-14.7095
-14.7095
-11.7988
-13.0463
-10.1356
-9.30396
-10.1356
-8.47233
-7.22489
-8.05652
-8.05652
-8.05652
-8.47233
-5.56164
-11.7988
-8.88814
-10.9672
-10.5514
-11.7988
-15.957
-13.8779
-16.3728
-16.3728
-19.2835
-18.4519
-18.8677
-18.4519
-20.1151
-19.2835
-20.1151
-18.4519
-17.2044
-16.3728
-14.2937
-15.5412
-12.6305
-13.8779
-9.30396
-9.30396
-6.39326
-5.97745
-7.22489
-5.56164
-5.56164
-1.4035
-1.81932
-1.81932
-2.23513
-4.3142
-2.23513
-1.81932
-0.571875
-2.23513
-2.65094
-3.89838
-3.06676
-4.3142
-2.23513
-6.80908
-5.56164
-5.14582
-8.47233
-6.80908
-8.05652
-8.88814
-6.39326
-9.30396
-7.22489
-6.39326
-4.73001
-6.39326
-3.06676
-2.65094
1.09138
2.33882
3.58626
5.24951
8.16021
10.2393
11.9025
13.15
15.6448
15.6448
18.1397
16.4765
18.5555
16.8923
18.5555
16.4765
17.3081
16.0607
14.8132
13.5658
12.7342
12.3183
9.40765
6.49695
5.66533
4.00207
1.50719
-3.06676
-5.56164
-5.14582
-7.6407
-10.1356
-13.8779
-11.383
-12.2147
-13.0463
-14.2937
-13.8779
-11.383
-10.5514
-11.383
-9.30396
-8.88814
-5.14582
-8.05652
-2.65094
-5.56164
-0.156062
-0.987688
-1.4035
1.50719
2.33882
-0.156062
2.33882
-0.156062
2.33882
1.09138
-0.987688
-0.987688
-0.156062
-3.48257
-2.23513
-7.6407
-3.89838
-5.56164
-8.88814
-8.05652
-10.1356
-8.88814
-10.1356
-9.71977
-10.1356
-10.1356
-8.88814
-8.47233
-9.30396
-4.73001
-5.14582
-5.97745
0.675565
0.259752
-0.156062
5.24951
3.58626
7.74439
9.40765
11.4867
10.6551
13.9816
14.3974
15.6448
14.3974
15.6448
14.3974
12.7342
16.4765
10.6551
13.15
9.82346
9.82346
7.32858
6.08114
4.8337
4.41789
4.00207
0.259752
-0.987688
-2.23513
-4.73001
-7.22489
-4.3142
-3.48257
-4.3142
-5.14582
-5.14582
-3.89838
-3.89838
-5.14582
-1.81932
1.09138
1.09138
3.58626
7.74439
5.66533
8.16021
13.15
11.9025
11.4867
14.8132
16.0607
16.8923
18.5555
17.3081
16.4765
18.9714
18.9714
16.0607
16.8923
14.8132
14.8132
16.8923
13.5658
11.4867
12.3183
11.0709
10.2393
8.16021
5.24951
5.24951
5.24951
4.00207
1.09138
-0.156062
0.259752
-0.571875
-2.65094
-0.987688
-1.4035
-1.4035
-0.571875
-3.06676
-3.89838
