2.57593
-0.539293
-16.1154
-34.651
-39.0123
-37.4546
-40.1026
-38.8565
-20.3209
-8.95039
-14.8693
-10.1965
-25.1495
-22.3458
-12.8444
-9.72919
-6.92549
-9.72919
-9.57343
-8.32734
-21.567
-25.6168
-27.6417
-27.9532
-21.7228
-18.4518
-13.779
-7.86006
-2.40843
3.04321
8.49484
13.7907
3.97778
16.7502
18.3078
13.9465
19.2424
9.74093
-4.27756
-1.62962
7.093
0.551034
-5.83517
-1.16234
-2.25266
2.42017
5.0681
0.395273
7.8718
9.42941
35.4415
34.0396
44.9429
55.5347
52.8867
43.6968
40.5816
28.8995
13.4792
35.9088
28.7438
30.7687
48.0581
34.9742
29.2111
11.6101
1.79712
8.18332
9.27365
25.317
37.3106
42.4507
61.4536
77.1854
76.8739
54.7559
44.4756
36.9991
20.4884
15.8156
29.5226
42.295
26.7189
21.2672
32.6378
43.6968
43.0738
29.2111
38.0894
23.9152
14.258
15.1926
25.0055
45.566
29.2111
27.6534
20.8
8.65061
-7.39278
-3.03147
4.13354
16.9059
17.8405
18.4635
10.8313
5.22386
-7.23702
6.00267
25.317
21.8903
33.4166
23.7594
35.4415
23.9152
5.0681
8.02756
2.57593
-7.7043
-10.9753
-14.7135
-5.21212
-10.6638
5.0681
28.4323
29.9899
30.6129
10.2082
1.01832
-5.52364
-6.92549
2.88745
7.093
-5.83517
-18.6076
-18.1403
-6.92549
11.4543
-3.03147
19.5539
23.4479
40.2701
44.7872
33.4166
47.2793
17.0617
11.4543
20.3327
26.4074
36.3761
46.0332
44.1641
22.5133
-0.0720101
-0.539293
-7.08125
-9.72919
0.239512
10.2082
4.2893
-1.62962
-13.9347
-15.3366
-4.43332
9.74093
31.7032
52.731
50.8618
40.7374
41.5162
33.4166
3.19897
-3.03147
-1.78538
18.152
26.8746
48.6812
62.6997
53.354
54.1328
35.2857
17.0617
11.4543
27.0304
40.8931
35.2857
32.6378
31.0802
16.9059
22.3576
22.2018
26.8746
37.4664
48.5254
57.4038
56.3135
46.6563
50.3946
63.167
67.061
60.8305
63.9458
49.1485
39.024
25.0055
20.6442
6.62571
7.71604
6.31419
6.31419
31.5475
35.4415
51.1734
56.3135
37.1549
35.4415
16.5944
6.78147
9.74093
13.635
23.4479
28.4323
46.0332
53.1983
55.2231
45.2544
58.9614
54.9116
49.46
29.8341
17.2175
7.24876
-2.25266
-5.21212
-2.0969
-9.72919
-9.10615
0.551034
-12.6887
2.73169
-11.2868
-15.9596
-10.1965
-7.7043
-2.56419
-8.95039
-11.7541
-13.1559
-13.1559
-19.0749
7.24876
9.74093
26.7189
36.9991
51.0176
42.918
38.401
32.482
20.3327
22.6691
20.4884
22.6691
26.4074
25.7843
15.3483
21.423
21.5788
32.482
28.2765
18.6193
18.3078
2.88745
16.9059
12.8562
23.7594
38.7125
40.4258
56.7808
85.285
93.8519
91.6712
97.2786
95.721
92.2943
93.6961
110.518
115.97
128.898
123.446
125.939
118.462
109.428
90.5809
79.2103
85.7523
83.7274
103.509
111.92
128.742
126.562
130.144
100.394
76.5624
70.955
65.9707
71.4223
83.4159
98.8362
92.1385
87.3099
79.0546
66.1264
56.9365
59.2729
63.0112
65.8149
76.8739
63.167
59.1172
46.189
33.8839
33.1051
15.3483
15.9714
-0.383532
11.2985
15.0368
22.5133
32.482
31.236
28.588
28.1207
43.0738
36.8433
37.3106
23.2921
11.1428
6.31419
8.02756
16.7502
16.2829
9.89669
-1.62962
-6.76973
-20.4767
-46.0215
-77.7967
-98.9802
-94.7747
-93.3728
-103.03
-102.874
-107.547
-127.329
-146.799
-158.948
-190.256
-221.72
-218.76
-228.885
-228.573
-230.443
-233.558
-232
-238.386
-248.355
-253.339
-250.224
-242.28
-222.031
-197.11
-183.558
-170.63
-156.612
-147.733
-146.643
-136.363
-120.787
-101.005
-74.993
-57.2363
-34.3394
-20.1652
-10.1965
-4.74484
18.9308
52.4194
92.2943
138.555
147.589
174.38
193.227
197.277
211.763
224.847
247.899
268.771
286.217
313.008
341.512
360.203
380.141
392.29
391.667
382.944
370.639
354.752
323.911
337.929
322.197
316.434
325.001
309.737
297.743
272.977
271.108
245.875
219.863
195.72
182.947
161.296
163.01
168.617
174.692
191.202
165.658
153.976
133.882
132.325
126.717
148.057
146.343
133.571
135.596
104.444
109.428
79.6776
79.0546
69.2416
63.0112
69.8647
62.6997
61.2978
51.4849
46.0332
31.236
6.78147
-26.8629
-52.875
-92.594
-132.78
-174.369
-217.982
-249.913
-292.591
-314.553
-350.69
-394.459
-444.77
-505.984
-532.152
-543.366
-536.357
-527.167
-514.551
-498.663
-475.143
-449.442
-428.571
-379.662
-340.566
-320.317
-296.797
-258.791
-198.2
-156.923
-117.516
-84.806
-64.7128
-27.6417
-19.8537
26.7189
73.2914
106.469
140.113
161.764
170.486
174.069
187.62
213.632
227.339
244.161
253.974
254.597
227.495
191.981
191.826
177.184
145.876
117.839
81.391
52.731
27.0304
10.5197
4.2893
1.64136
-17.3615
-38.3892
-47.7349
-76.3949
-78.5756
-94.1517
-117.36
-109.572
-106.457
-98.8245
-79.8216
-59.7285
-39.4795
-29.3551
-31.2242
-15.6481
-12.6887
2.42017
17.0617
42.1392
75.9394
102.886
138.244
149.459
181.701
186.062
206.779
213.476
217.059
231.7
252.105
280.921
308.491
338.241
345.25
350.234
330.764
317.057
303.195
288.553
290.89
291.045
273.444
254.753
250.392
226.404
205.377
203.663
205.688
206.156
198.835
201.327
193.695
172.511
154.443
141.515
134.817
137.776
135.907
127.652
111.453
101.64
69.5532
38.5567
10.5197
-39.168
-101.628
-139.478
-170.319
-220.941
-252.561
-293.37
-334.802
-395.861
-447.573
-501.155
-517.977
-528.102
-533.086
-517.199
-522.65
-510.345
-508.32
-483.71
-465.019
-445.081
-430.907
-403.337
-367.201
-333.712
-300.379
-266.112
-218.137
-154.587
-110.351
-88.077
-46.4888
-14.5578
43.0738
77.3412
114.724
133.415
152.106
187.776
225.47
249.301
270.641
299.145
319.705
303.195
300.235
283.413
242.759
224.535
200.237
182.947
144.941
113.789
110.986
80.7679
67.2167
38.5567
13.1677
2.57593
-20.7882
-41.9717
-74.5258
-102.563
-118.762
-124.369
-126.394
-124.681
-112.687
-108.793
-98.2014
-87.2982
-78.1083
-58.4824
-48.0464
-25.7726
-4.43332
4.13354
38.7125
72.2011
107.403
145.253
172.667
164.567
182.636
197.433
193.072
212.074
241.202
243.227
232.635
220.641
211.763
206.623
212.698
237.308
245.563
265.033
285.126
277.494
248.678
220.953
197.277
169.552
161.764
156.468
158.804
167.838
158.337
148.212
125.316
88.8675
39.3355
22.9806
-0.383532
-16.4269
-8.63886
-20.3209
-28.5763
-20.1652
-14.7135
-31.6915
-28.2648
-48.981
-73.2797
-80.2889
-90.8807
-102.719
-116.737
-135.117
-153.341
-190.1
-239.944
-250.224
-270.94
-300.379
-333.089
-358.478
-370.316
-377.169
-361.749
-358.945
-348.977
-325.301
-314.242
-302.404
-264.71
-231.377
-186.206
-157.858
-131.534
-102.874
-68.9184
-31.8473
-1.00658
28.8995
60.519
90.7367
119.397
130.611
153.664
182.791
214.411
251.326
281.232
312.229
334.035
331.232
332.945
327.805
308.646
303.818
281.7
265.033
258.18
249.769
225.47
193.695
148.836
105.378
79.5219
72.5126
50.8618
14.7253
2.88745
-25.7726
-53.498
-74.6815
-78.7313
-91.6595
-90.7249
-65.1801
-72.1894
-72.5009
-95.7093
-131.69
-151.316
-172.188
-170.475
-175.926
-162.998
-154.275
-157.079
-162.375
-169.073
-169.228
-179.041
-181.534
-160.973
-129.665
-129.821
-129.509
-141.036
-141.191
-126.706
-103.186
-82.7811
-52.5635
-28.109
-25.9283
12.3889
28.588
19.2424
39.647
24.2267
12.5446
12.2331
4.2893
8.49484
19.3981
27.0304
27.6534
42.4507
53.9771
76.4066
102.574
114.257
136.998
135.596
137.309
146.499
152.418
165.658
179.053
177.807
190.268
188.866
189.178
213.321
220.641
225.626
226.872
215.657
220.641
203.819
192.76
171.577
165.969
162.231
155.377
140.736
141.826
137.776
123.135
109.272
67.8398
35.5973
2.88745
-4.27756
-35.4298
-47.5791
-64.8686
-92.9056
-94.7747
-99.9148
-95.0862
-90.5691
-72.6566
-84.9618
-80.6004
-78.1083
-93.8401
-74.2142
-67.3608
-61.2861
-30.9127
-29.5108
-19.3864
-12.5329
-5.52364
-8.17158
-16.8942
0.706795
-12.0656
-23.1246
-14.5578
-26.8629
-24.9938
-35.4298
-38.0777
-37.6104
-70.476
-65.4916
-65.8032
-77.1737
-89.4788
-100.538
-105.678
-115.802
-108.17
-110.662
-115.647
-131.534
-142.282
-142.126
-144.93
-141.659
-137.765
-121.41
-116.425
-114.245
-110.974
-98.2014
-99.9148
-103.809
-112.999
-132.625
-151.004
-142.905
-136.83
-132.936
-114.712
-103.186
-70.0087
-46.6445
-34.3394
-25.7726
-11.131
7.24876
23.6037
42.295
49.9273
54.6001
70.7992
74.5375
101.017
120.02
129.988
159.271
159.895
178.897
192.916
190.891
197.744
219.863
214.255
207.246
239.488
246.965
267.837
265.656
262.23
259.893
235.906
248.523
232.479
234.816
217.059
197.589
199.458
199.769
194.162
193.695
193.072
181.234
215.19
215.813
210.205
210.828
193.85
153.353
128.587
98.5247
93.0731
109.739
110.518
130.611
134.35
128.431
96.1883
88.2445
71.7338
64.5688
78.2758
86.5311
91.6712
95.5652
112.232
117.06
102.73
84.9735
60.3633
40.2701
23.4479
6.15843
8.02756
-5.05636
-16.2712
-38.0777
-71.7221
-97.4226
-98.2014
-107.547
-90.8807
-79.8216
-82.4696
-77.9525
-85.2733
-93.2171
-106.613
-106.924
-107.236
-92.1268
-74.5258
-75.7719
-50.8501
-28.2648
-33.4049
-20.0094
-25.9283
-41.1929
-82.3138
-105.522
-129.198
-168.45
-177.484
-189.633
-214.243
-228.418
-232.312
-236.206
-247.732
-254.118
-254.43
-255.209
-249.601
-230.91
-214.866
-190.568
-183.247
-171.565
-141.659
-132.002
-117.36
-102.874
-81.3793
-58.6381
-70.1645
-58.0151
-33.0933
-27.4859
8.49484
36.8433
30.4571
40.4258
66.4379
84.8177
91.0482
105.067
134.973
167.527
202.885
221.732
241.513
253.974
243.538
252.417
261.139
257.245
265.189
262.385
264.722
256.311
225.47
218.149
206.779
196.498
194.006
178.586
172.2
172.823
153.976
109.428
97.9017
77.8085
37.4664
9.89669
16.9059
43.5411
50.8618
51.6406
30.9244
22.9806
13.0119
7.24876
30.1456
32.1705
29.3668
16.7502
14.4138
46.0332
55.6904
38.7125
34.5069
21.7345
23.1364
55.0674
90.4251
118.929
134.973
145.565
140.892
146.188
172.823
185.907
193.383
210.361
226.249
242.292
256.466
255.376
241.046
218.772
216.903
211.14
201.95
210.205
200.548
168.929
132.481
78.5873
37.1549
-21.4113
-78.4198
-114.556
-157.702
-207.39
-240.879
-273.277
-289.787
-297.42
-326.547
-367.668
-386.982
-403.805
-410.035
-395.705
-360.191
-321.407
-317.046
-315.177
-309.725
-291.968
-220.318
-144.618
-110.974
-86.0521
-108.637
-125.771
-124.837
-87.7655
-40.1026
-21.2555
-13.0002
-45.71
-84.3387
-92.4383
-75.9276
-88.2327
-120.164
-172.811
-183.403
-141.659
-50.6943
60.9863
104.755
108.026
58.6499
5.53539
-17.3615
9.58517
61.2978
124.225
172.511
159.895
159.739
165.502
214.255
250.547
267.837
275.625
290.422
322.821
341.823
366.122
392.601
421.573
411.449
394.938
386.994
412.227
454.594
480.762
477.18
450.545
449.922
415.187
362.384
307.712
277.494
290.422
318.459
330.297
331.543
293.849
244.005
214.722
194.162
209.582
231.233
219.707
209.427
195.097
205.065
253.195
290.422
304.285
287.307
266.747
287.93
338.085
402.414
479.828
497.74
372.041
96.4998
-168.138
-231.689
-74.0585
104.911
170.019
19.3981
-294.772
-677.321
-924.825
-952.862
-825.917
-709.252
-756.136
-957.535
-1138.22
-1160.18
-1112.67
-1095.54
-1199.43
-1354.73
-1371.7
-1152.7
-761.588
-384.646
-170.007
-138.388
-266.579
-364.709
-239.477
112.543
594.468
956.145
1088.85
997.421
839.48
780.602
854.121
1020.16
1163.31
1141.81
895.242
495.715
113.166
-29.5108
39.1798
118.774
39.9586
-204.119
-535.111
-825.294
-990.712
-1001.93
-926.694
-874.514
-903.174
-976.538
-969.217
-861.586
-705.669
-656.449
-724.361
-804.266
-685.42
-306.298
190.735
572.817
673.127
561.135
398.209
390.732
622.037
998.823
1314.86
1379.04
1217.04
970.007
813.623
782.471
836.832
867.517
802.409
677.8
524.843
381.387
253.507
140.113
24.3825
-52.5635
-98.3572
-96.7996
-108.014
-171.098
-304.117
-427.947
-431.218
-327.326
-158.014
-13.779
68.6186
59.4287
-2.71995
-35.4298
13.7907
186.374
401.947
578.58
677.8
706.46
724.528
754.434
790.882
831.38
886.364
914.557
941.192
959.416
968.761
958.948
868.607
682.005
355.686
27.0304
-197.888
-164.711
-15.6481
45.0987
-155.366
-612.524
-1137.44
-1484.16
-1525.6
-1355.5
-1132.92
-1166.25
-1478.56
-1835.09
-1988.05
-1832.76
-1514.69
-1315.01
-1322.95
-1426.53
-1384.16
-1082.14
-590.25
-137.453
107.403
136.53
67.9955
167.527
511.291
1007.55
1424.36
1561.9
1442.74
1249.6
1181.53
1290.56
1506.29
1645.23
1544.92
1227.48
804.745
418.146
126.094
-43.062
-112.376
-175.459
-280.753
-524.831
-868.907
-1251.3
-1554.88
-1686.34
-1594.44
-1348.65
-1157.22
-1145.85
-1305.19
-1452.7
-1446
-1236.66
-906.601
-593.677
-378.727
-214.088
-22.5016
212.074
469.08
666.118
813.156
924.681
1065.96
1246.64
1425.61
1516.73
1457.7
1281.69
1112.68
1033.4
1061.13
1108.63
1043.06
806.77
463.317
164.256
-37.9219
-130.6
-152.562
-171.876
-259.103
-449.598
-673.115
-829.032
-886.508
-829.655
-720.467
-600.375
-496.015
-409.412
-358.167
-328.26
-255.676
-105.834
144.786
371.418
508.332
621.103
732.16
864.713
1024.06
1133.87
1222.96
1291.5
1327.63
1350.84
1361.12
1352.71
1328.57
1204.74
918.762
532.319
235.127
149.459
277.806
341.2
106.001
-381.219
-967.815
-1398.03
-1509.86
-1311.27
-1061.74
-1112.52
-1598.34
-2211.88
-2482.9
-2250.2
-1756.12
-1454.41
-1507.37
-1788.83
-1888.21
-1634.78
-1065.17
-419.536
-19.0749
45.8775
-84.1829
-21.2555
411.137
1068.76
1618.13
1811.12
1661.12
1433.71
1360.19
1504.58
1767.04
1964.85
1955.66
1687.91
1287.92
947.578
757.082
650.23
543.067
317.369
10.0525
-263.62
-504.115
-793.519
-1091.49
-1359.87
-1532.92
-1557.99
-1515.94
-1473.73
-1547.4
-1724.81
-1888.05
-1854.1
-1532.6
-1074.51
-718.909
-613.77
-674.517
-692.585
-460.346
26.5631
609.732
1062.69
1232.46
1162.06
1027.64
1038.54
1256.3
1527.48
1641.49
1550.53
1322.49
1119.23
1021.72
980.755
908.326
797.58
603.035
355.53
148.057
-15.3366
-147.578
-314.086
-519.535
-680.748
-766.26
-766.572
-747.569
-810.029
-915.168
-990.245
-924.514
-748.504
-529.815
-309.258
-187.141
-142.749
-107.703
4.2893
231.856
510.668
744.933
905.678
988.232
1047.89
1173.28
1390.72
1619.38
1719.53
1674.2
1485.26
1201.47
892.75
713.158
796.334
970.786
967.515
579.515
-16.2712
-547.416
-827.474
-825.45
-683.084
-603.646
-831.991
-1401.77
-1987.27
-2178.7
-1953
-1651.45
-1651.45
-1974.5
-2311.88
-2332.75
-1950.98
-1384.94
-893.517
-680.436
-740.871
-808.939
-596.792
-45.8657
587.77
1015.8
1124.52
1084.18
1131.06
1373.74
1723.27
1984.79
2088.99
1981.99
1762.83
1530.75
1398.66
1336.67
1296.95
1181.06
944.463
656.928
388.24
145.097
-119.385
-372.964
-594.144
-739.158
-817.817
-893.361
-1060.18
-1333.85
-1607.06
-1771.85
-1734.16
-1547.87
-1332.92
-1240.55
-1329.18
-1445.22
-1420.3
-1162.52
-737.289
-284.959
-16.8942
39.8028
-7.23702
54.4443
299.456
693.843
1046.8
1160.66
1099.6
988.387
939.634
1002.72
1113.31
1166.42
1110.35
942.594
733.407
611.134
569.702
546.338
459.111
247.121
15.9714
-141.659
-222.654
-232.779
-222.187
-244.305
-318.447
-418.758
-487.448
-497.417
-423.898
-320.784
-229.508
-179.353
-131.223
-69.8529
-7.86006
60.3633
179.832
361.294
563.471
729.824
876.551
987.297
1055.83
1087.61
1115.33
1119.54
1091.66
971.098
873.903
893.685
983.714
961.596
726.397
377.337
72.5126
-107.547
-155.054
-74.5258
-38.2335
-277.327
-760.03
-1193.36
-1271.08
-1053.17
-917.037
-1101.77
-1519.99
-1872.32
-1940.85
-1692.73
-1281.83
-1028.25
-1046.94
-1262.51
-1348.03
-1080.59
-543.989
-59.8842
149.614
127.185
61.4536
148.368
417.679
763.313
1043.37
1129.97
1035.74
891.971
797.113
823.436
928.264
994.773
948.512
857.392
693.687
547.584
407.087
287.463
218.616
182.947
165.346
67.061
-92.4383
-342.435
-563.771
-663.302
-647.882
-602.711
-641.184
-760.03
-921.554
-1025.29
-998.5
-849.281
-662.835
-574.363
-577.322
-578.257
-516.42
-364.397
-179.353
-29.9781
70.0204
89.3348
53.5098
76.7182
204.909
367.524
489.018
501.167
434.657
376.247
366.745
431.542
543.378
643.844
605.059
438.239
211.296
70.0204
112.232
231.7
291.201
191.358
-32.003
-201.315
-253.962
-181.066
-41.6602
10.364
-58.6381
-200.536
-297.731
-268.604
-144.618
18.3078
133.415
178.274
187.62
196.81
250.08
372.197
534.032
674.217
740.883
716.117
692.286
708.173
688.703
666.585
617.209
615.651
648.828
629.67
501.634
303.506
125.004
42.4507
56.0019
103.509
62.8554
-112.376
-452.402
-737.6
-794.609
-650.218
-465.642
-497.105
-742.896
-1020.46
-1156.44
-1072.95
-816.104
-597.415
-578.568
-727.32
-829.032
-754.734
-505.828
-251.314
-96.9553
-47.4234
-76.2391
-90.1019
-4.58908
162.854
358.957
475.934
479.983
416.744
345.873
333.412
369.237
406.62
426.713
394.471
326.715
247.276
190.891
213.788
230.299
213.165
173.134
102.263
40.7374
3.97778
-41.816
-66.582
-80.2889
-120.475
-158.637
-189.166
-201.159
-233.714
-267.046
-256.61
-224.679
-196.642
-186.206
-183.714
-167.204
-168.294
-165.49
-161.908
-151.783
-143.528
-165.646
-200.069
-200.225
-167.204
-125.927
-95.5535
-105.834
-107.547
-125.46
-108.014
-57.8593
30.1456
50.2388
13.7907
-17.673
-28.5763
-2.56419
13.635
1.95288
-65.9589
-136.986
-149.447
-106.301
-29.5108
39.4913
39.4913
-43.6851
-113.622
-120.319
-63.7783
48.5254
122.668
144.941
145.565
158.648
179.832
256.155
391.044
485.591
477.647
414.564
360.047
386.683
440.109
489.329
492.756
473.909
407.243
322.665
301.014
322.509
379.05
380.296
342.291
262.074
189.333
148.212
121.266
93.8519
80.3007
63.6342
12.2331
-31.5357
-39.6353
-54.7441
-75.9276
-98.3572
-134.026
-161.596
-179.976
-174.992
-172.188
-138.232
-122.967
-135.428
-107.859
-89.7903
-83.5599
-103.186
-117.516
-82.0023
-32.9376
27.8092
65.1918
55.5347
22.3576
-2.71995
38.7125
102.263
155.066
141.203
90.8924
41.0489
55.3789
117.683
164.256
166.281
109.428
44.0084
3.51049
34.1954
89.6463
109.739
65.8149
-14.402
-91.0364
-115.647
-103.03
-83.0926
-63.1552
-93.9959
-126.238
-152.562
-179.509
-174.369
-158.014
-119.073
-91.1922
-91.6595
-145.553
-223.122
-292.903
-321.095
-294.928
-255.52
-178.107
-151.627
-164.867
-221.876
-263.152
-211.44
-140.88
-64.0898
-20.3209
-11.2868
-7.23702
-20.4767
-26.3956
-27.6417
-20.1652
6.46995
-7.23702
-27.1744
-51.4731
-82.9369
-85.2733
-97.4226
-119.696
-145.709
-170.63
-185.739
-209.259
-203.652
-180.132
-103.497
-22.3458
38.5567
53.9771
49.46
43.3853
46.5005
52.5752
72.5126
123.291
186.53
226.093
223.289
209.271
209.115
230.299
259.737
303.973
370.328
437.928
477.18
464.719
458.177
462.227
459.89
446.962
431.542
450.7
499.921
563.471
557.708
510.668
434.345
383.412
385.436
367.524
337.618
253.663
134.505
30.1456
-25.7726
-15.1808
5.0681
8.80637
-36.0528
-116.27
-177.64
-190.723
-165.646
-131.846
-107.859
-112.064
-133.403
-150.07
-154.431
-131.379
-117.049
-82.6253
-49.1367
-5.83517
53.0425
59.896
60.9863
46.812
43.0738
62.8554
93.2288
128.119
104.288
49.9273
-24.9938
-102.874
-132.002
-99.136
-90.2576
-136.674
-209.571
-306.454
-354.273
-390.876
-391.811
-384.802
-379.973
-356.453
-330.753
-340.098
-343.681
-328.728
-302.404
-251.003
-198.823
-136.674
-137.297
-193.683
-216.891
-199.135
-124.369
-3.49875
66.9052
85.1293
58.8056
38.7125
33.7281
115.503
214.411
282.323
278.429
205.688
102.574
-7.23702
-41.6602
-43.5293
-14.8693
-17.5172
-66.4262
-156.612
-261.595
-339.319
-360.97
-338.385
-292.591
-266.735
-269.227
-331.687
-382.309
-384.802
-320.628
-228.262
-154.12
-103.342
-105.989
-106.301
-78.7313
-21.0997
83.8832
181.701
259.737
309.892
337.462
371.106
406.931
461.604
520.014
540.574
571.727
571.415
552.412
560.512
562.848
574.219
555.683
516.276
454.283
389.798
356.465
360.515
347.431
317.213
248.211
154.599
94.0076
59.5845
72.0453
87.7772
63.6342
3.97778
-76.7064
-128.886
-152.251
-136.519
-93.5286
-81.0677
-103.653
-166.113
-189.789
-162.219
-100.382
-43.5293
17.3732
55.2231
89.8021
120.02
145.72
167.838
172.511
196.654
215.034
241.825
244.473
207.09
142.917
72.2011
54.6001
86.8426
118.774
100.082
21.5788
-96.3323
-201.159
-219.695
-177.484
-116.581
-131.534
-222.187
-361.438
-489.162
-532.775
-479.193
-381.842
-317.357
-292.591
-324.211
-406.764
-471.561
-442.433
-327.482
-196.954
-60.9746
-18.296
-23.2804
-31.8473
-13.1559
97.7459
276.092
446.183
531.852
526.712
464.096
416.121
398.988
417.367
473.13
485.902
446.183
328.895
189.956
82.7928
26.7189
11.4543
4.75658
-43.062
-149.291
-254.897
-366.266
-426.701
-451.623
-511.435
-595.391
-685.265
-729.968
-686.043
-624.362
-557.852
-486.358
-439.785
-408.01
-362.061
-250.068
-106.457
41.6719
161.452
204.754
255.376
322.353
401.791
512.849
605.838
697.27
727.955
691.04
623.128
596.181
594.312
604.281
590.574
555.527
467.055
314.409
170.175
55.6904
14.7253
-12.3771
-15.1808
-65.0243
-147.578
-249.601
-348.509
-420.315
-430.907
-418.29
-404.428
-380.44
-387.294
-377.169
-344.927
-279.04
-208.948
-143.839
-59.5727
27.3419
124.693
251.17
366.589
461.448
534.5
584.966
605.371
612.069
604.125
558.487
503.815
483.877
491.665
491.821
466.276
404.751
289.02
143.851
-2.0969
-57.5478
-44.7754
-50.0713
-109.416
-218.293
-343.992
-462.994
-532.775
-552.868
-508.009
-440.876
-395.082
-414.396
-494.302
-543.678
-534.021
-469.691
-354.74
-242.903
-171.253
-119.541
-109.572
-81.8465
11.4543
147.745
271.731
352.104
377.337
337.929
293.849
298.366
358.646
422.975
458.333
416.433
333.88
207.557
114.88
97.5901
95.8768
88.0887
4.91234
-134.182
-292.435
-401.624
-474.832
-520.314
-556.918
-614.861
-695.545
-737.289
-766.572
-726.23
-644.611
-588.693
-559.098
-506.295
-397.73
-264.71
-140.413
-30.2896
73.6029
165.502
256.155
345.873
459.89
573.44
672.971
715.338
749.606
748.983
748.983
715.65
669.077
650.853
627.178
617.209
543.534
422.663
247.276
67.061
-28.732
-82.9369
-110.351
-138.388
-232.467
-379.817
-527.79
-636.044
-651.62
-584.176
-523.74
-503.647
-510.968
-536.669
-527.635
-433.711
-307.233
-179.976
-80.1332
-51.1616
-39.3238
23.2921
125.783
257.868
385.281
475.155
504.438
500.855
481.541
481.541
513.005
554.904
608.33
631.383
549.764
441.978
352.882
282.634
272.51
243.382
182.48
115.658
10.2082
-121.098
-228.262
-279.351
-303.806
-297.42
-335.425
-403.96
-420.159
-423.898
-415.331
-411.437
-382.309
-340.41
-268.604
-194.15
-144.307
-81.2235
-26.3956
21.5788
81.5468
153.976
261.139
368.614
428.738
428.271
413.006
413.785
431.074
475.155
497.584
467.055
394.471
315.344
239.956
175.159
132.481
101.173
44.1641
-76.7064
-223.901
-350.067
-422.029
-465.33
-514.395
-588.381
-652.243
-692.897
-726.23
-755.046
-773.27
-755.357
-704.891
-630.593
-521.56
-399.132
-284.336
-207.701
-161.908
-96.7996
-9.88495
106.469
237.619
368.77
478.27
543.378
583.876
621.726
686.367
719.232
724.84
706.616
691.507
680.604
639.015
546.961
434.034
322.197
227.028
135.596
85.7523
58.6499
9.42941
-66.1147
-167.048
-240.879
-295.239
-294.46
-326.236
-374.989
-419.692
-434.957
-389.007
-301.158
-222.343
-181.845
-173.434
-162.375
-124.369
-25.1495
90.5809
201.015
254.753
247.121
250.236
251.326
288.865
376.714
433.255
495.404
505.372
468.924
453.504
405.218
365.811
319.082
272.665
222.51
169.084
103.665
-6.76973
-96.0208
-176.549
-245.551
-306.298
-350.69
-370.316
-397.107
-399.132
-392.122
-410.191
-440.564
-432.153
-391.344
-304.117
-218.76
-177.328
-151.316
-135.74
-70.7875
10.2082
124.693
234.193
300.858
334.035
367.212
404.595
458.8
534.5
548.674
557.241
531.229
478.114
444.937
426.402
410.358
372.041
306.154
191.514
66.4379
-39.168
-125.46
-178.107
-251.626
-362.372
-476.078
-541.03
-554.425
-573.74
-620.312
-678.1
-712.834
-725.762
-674.517
-572.961
-460.19
-400.222
-379.506
-388.54
-362.684
-273.277
-167.671
-48.0464
46.5005
113.789
165.502
201.327
265.656
332.01
393.692
468.457
511.603
527.958
551.633
598.985
586.991
529.36
464.875
389.019
336.839
295.251
261.606
210.673
145.253
63.79
-25.1495
-93.8401
-120.943
-167.515
-225.302
-281.376
-315.8
-273.433
-223.122
-175.926
-186.051
-209.415
-210.505
-181.689
-89.6346
-19.6979
42.295
87.7772
75.9394
109.739
165.969
175.159
219.395
282.011
308.335
323.911
353.505
365.499
376.402
362.384
312.852
275.002
245.563
240.423
212.23
162.387
88.7118
12.2331
-89.4788
-168.917
-219.851
-223.278
-210.194
-213.153
-225.77
-234.804
-257.078
-283.09
-289.164
-272.654
-214.088
-152.718
-126.55
-171.253
-219.383
-194.617
-91.971
23.2921
48.2139
-11.2868
-20.944
51.6406
152.418
257.557
331.232
353.817
287.774
223.133
271.575
348.677
388.707
342.602
275.469
221.264
194.473
173.602
94.4749
-51.3174
-177.951
-250.224
-260.349
-193.527
-162.998
-239.788
-373.275
-486.669
-477.479
-393.68
-328.883
-334.958
-374.989
-393.992
-393.524
-333.556
-248.511
-177.328
-151.316
-157.546
-150.226
-85.5848
-12.6887
62.8554
130.923
157.87
179.053
222.355
273.912
337.462
348.365
305.998
282.478
313.631
376.714
381.387
270.641
125.004
87.6214
161.764
194.785
119.085
-6.61397
-147.266
-233.714
-227.639
-145.241
-83.2484
-128.575
-205.677
-260.972
-257.701
-172.499
-92.594
-75.4603
-190.256
-305.519
-240.723
-52.0962
114.568
142.138
83.2601
61.1421
100.394
168.929
257.089
316.902
316.123
342.291
420.794
493.535
539.64
475.466
366.278
272.665
249.769
306.154
370.172
342.602
193.539
43.5411
-31.8473
-58.7939
-75.7719
-132.002
-180.755
-244.149
-288.074
-278.105
-261.439
-255.832
-297.264
-266.735
-208.013
-120.319
-71.8778
-69.2299
-62.5322
-35.274
29.6783
88.0887
150.549
175.626
157.247
135.129
123.758
148.991
195.252
224.847
201.015
185.595
185.284
213.009
237.308
222.199
158.337
78.8988
26.0958
-32.6261
-48.5137
-90.2576
-118.295
-144.307
-203.34
-254.43
-281.844
-270.629
-262.841
-273.744
-324.678
-319.071
-264.398
-230.91
-193.216
-117.516
-64.2455
-135.896
-228.729
-246.486
-98.513
93.0731
186.374
184.661
135.907
87.3099
82.7928
160.362
251.17
265.968
214.878
184.972
225.003
308.023
348.677
306.777
192.916
87.3099
67.5283
134.973
193.383
166.281
28.4323
-120.475
-159.883
-69.0741
35.9088
27.1862
-141.815
-395.861
-494.925
-390.098
-184.649
-99.136
-163.777
-275.613
-317.046
-256.299
-149.914
-47.8906
-90.7249
-225.458
-278.884
-172.032
29.6783
170.486
188.555
78.4315
-48.2022
-52.5635
122.979
406.308
518.456
425.156
254.286
219.551
362.384
546.961
553.191
340.266
155.066
141.982
259.426
269.55
182.168
84.3505
53.354
67.684
58.9614
44.9429
27.965
-0.850815
-40.2583
-61.4418
-56.6133
-52.5635
-43.9966
-19.2306
-20.6325
-76.0834
-115.491
-103.497
-59.7285
-22.0343
23.1364
61.9209
41.6719
15.8156
-17.05
-19.3864
-26.3956
-3.34299
62.8554
110.051
132.169
78.12
46.189
25.0055
-23.1246
-101.161
-175.459
-186.829
-164.4
-153.029
-176.238
-176.705
-199.758
-218.916
-191.658
-157.391
-137.609
-124.214
-157.079
-203.029
-160.506
-34.0279
45.566
-10.9753
-114.401
-177.951
-164.088
-129.821
-100.226
-50.8501
-39.9468
-97.8899
-113.933
-9.10615
105.067
171.109
110.674
25.7843
19.5539
115.503
233.414
223.757
87.4657
-33.5606
-8.4831
121.577
180.143
79.0546
-57.3921
-104.12
-67.828
39.3355
84.662
20.3327
-93.3728
-171.565
-214.088
-226.237
-188.699
-148.512
-128.886
-182.157
-255.364
-245.863
-173.278
-132.625
-125.771
-137.297
-107.08
-42.2832
21.7345
74.849
161.608
238.242
268.927
284.503
252.417
228.429
269.55
330.453
328.272
283.725
265.189
265.189
277.183
209.427
132.169
125.16
135.44
103.665
37.7779
-28.4205
-16.1154
45.7217
55.6904
16.2829
-71.7221
-129.198
-108.326
-78.7313
-85.8963
-105.211
-134.65
-126.861
-70.0087
29.8341
87.1541
109.739
114.101
57.0923
36.9991
105.845
202.106
217.993
192.293
169.396
175.471
227.806
271.731
330.297
331.855
271.108
220.797
275.625
346.496
319.394
249.146
149.77
92.2943
31.236
9.42941
46.5005
36.6876
-49.9155
-104.12
-92.2825
-55.6787
-35.1182
-23.4362
-3.96604
-37.2989
-90.4134
-124.058
-105.678
-53.498
-24.6822
-36.0528
-60.04
-84.3387
-69.6972
-3.34299
17.3732
-35.274
-43.8409
-8.17158
53.9771
68.7744
32.1705
-1.94114
-15.6481
-27.3302
-46.6445
-82.0023
-118.918
-174.524
-232.156
-251.782
-280.598
-327.637
-376.391
-414.085
-487.448
-563.46
-619.222
-673.738
-665.327
-603.179
-533.709
-521.404
-592.587
-624.674
-589.783
-543.678
-514.395
-504.115
-496.327
-449.442
-363.151
-204.586
-51.0059
-13.0002
-45.3985
-86.5194
-70.3202
68.6186
346.029
585.901
627.022
509.734
421.729
494.002
644.311
828.265
883.56
765.338
615.651
584.655
706.304
827.642
774.995
620.947
427.336
255.532
229.208
349.767
487.616
410.202
118.618
-117.204
-137.609
-5.99093
106.469
127.808
28.4323
-128.263
-185.272
-43.9966
189.022
337.151
294.316
206.623
266.124
454.439
696.647
821.723
842.595
765.493
673.127
693.532
833.872
993.995
984.961
783.873
525.621
452.102
475.778
488.239
427.803
288.553
147.901
-51.7847
-236.361
-339.164
-336.36
-313.307
-449.287
-705.046
-949.124
-1012.67
-936.196
-858.471
-868.128
-954.42
-1032.92
-1024.98
-951.772
-884.483
-842.895
-835.574
-797.257
-748.348
-686.043
-630.748
-595.858
-532.307
-434.334
-309.102
-250.691
-262.997
-275.146
-237.919
-177.172
-60.8188
22.3576
31.5475
-74.993
-203.34
-213.153
-126.083
5.69115
85.285
79.6776
4.60082
-90.2576
-145.553
-114.712
-43.2178
35.753
21.423
-78.4198
-165.49
-137.609
-51.0059
24.3825
84.9735
110.986
103.976
145.253
254.909
398.676
487.304
493.379
472.507
508.488
568.611
620.324
740.104
838.389
874.059
834.028
809.418
814.87
872.813
946.643
1030.13
1051.47
961.908
860.04
784.185
758.484
825.773
889.946
786.521
497.117
276.871
356.153
601.944
666.897
401.168
65.6591
-110.507
-91.1922
41.2047
167.838
119.085
-167.671
-530.282
-648.038
-467.978
-257.233
-296.174
-651.309
-1049.28
-1173.89
-1009.09
-821.711
-790.715
-948.968
-1193.36
-1352.54
-1288.84
-1060.18
-841.026
-751.775
-786.042
-805.045
-734.329
-665.95
-575.92
-427.013
-234.181
-110.195
-158.948
-327.637
-421.873
-337.295
-79.5101
192.916
270.329
123.914
-96.3323
-206.923
-76.8622
179.053
346.34
331.076
174.069
32.0148
-27.4859
3.51049
129.21
225.158
244.473
113.01
-60.3515
-156.456
-104.588
53.354
151.016
157.558
70.4877
41.8277
90.5809
187.308
316.434
407.243
451.791
476.557
506.463
551.945
629.67
701.943
815.96
917.36
950.693
915.647
866.582
887.921
961.752
1019.85
1086.98
1141.34
1142.9
1067.2
987.141
1041.03
1162.84
1230.44
1138.7
862.532
574.686
546.805
796.022
1089.32
1019.54
596.648
84.662
-150.226
-85.8963
109.584
259.893
97.2786
-373.898
-929.965
-1141.64
-1000.06
-800.995
-979.341
-1553.79
-2114.06
-2332.44
-2144.59
-1861.42
-1738.68
-1880.73
-2146.15
-2312.81
-2183.06
-1810.33
-1419.99
-1181.36
-1094.76
-1082.92
-1036.51
-883.237
-605.048
-227.795
113.322
357.555
440.42
404.128
362.851
426.869
693.999
1052.25
1300.38
1255.36
935.896
613.938
556.306
733.407
936.83
970.631
767.518
400.234
24.694
-174.213
-83.0926
135.129
145.876
-169.851
-638.536
-941.336
-884.016
-570.001
-233.402
-132.78
-318.603
-561.59
-602.244
-334.335
93.0731
438.239
550.387
486.525
422.663
521.416
768.764
1072.34
1298.82
1397.57
1412.99
1415.02
1470.62
1638.22
1839
2009.09
2103.95
2079.03
1983.08
1909.71
1914.54
1850.37
1578.41
1233.71
1095.86
1226.86
1308.48
1048.04
478.582
-35.897
-236.673
-194.462
-52.875
-124.837
-524.987
-1129.65
-1569.99
-1553.01
-1222.95
-1067.35
-1456.28
-2199.11
-2783.83
-2800.5
-2377.92
-1923.41
-1813.91
-2124.65
-2555.49
-2693.8
-2288.2
-1578.24
-1005.51
-844.608
-970.151
-996.319
-750.684
-289.009
201.794
585.434
758.951
734.653
687.301
740.104
848.047
972.5
1088.85
1177.79
1155.52
1005.21
766.428
553.191
497.74
505.372
493.067
362.851
132.013
-170.475
-458.321
-640.094
-670.779
-632.773
-709.096
-927.006
-1232.61
-1391.8
-1278.25
-970.775
-695.078
-618.91
-710.186
-769.843
-580.593
-160.506
270.641
501.167
552.568
578.113
706.616
952.251
1254.89
1547.41
1720.78
1738.84
1708.31
1772.64
1943.98
2128.4
2213.29
2150.99
2076.69
2081.67
2142.11
2105.66
1867.04
1448.82
1127.95
1093.84
1302.56
1378.26
1020.01
307.244
-278.105
-429.505
-199.913
73.9145
-30.4454
-659.253
-1530.89
-1998.64
-1736.03
-1130.59
-960.494
-1533.85
-2456.42
-3031.34
-2826.04
-2139.45
-1538.52
-1481.67
-1925.75
-2384.62
-2388.67
-1824.81
-1024.2
-441.031
-309.881
-461.28
-540.251
-363.462
90.5809
651.009
1064.09
1238.38
1118.29
856.925
685.276
790.104
1093.37
1398.66
1492.59
1232.78
753.655
339.487
214.099
389.33
586.68
507.709
153.041
-342.435
-757.693
-932.146
-872.801
-783.861
-809.095
-989.933
-1255.51
-1459.24
-1475.91
-1222.02
-887.754
-648.038
-558.164
-598.973
-613.303
-427.947
-6.14669
427.18
649.763
664.249
627.801
713.158
938.855
1248.82
1524.83
1638.22
1636.98
1584.95
1622.96
1827.16
2021.24
2106.28
2071.24
2036.19
1968.59
1813.14
1555.82
1223.43
976.861
925.148
1074.37
1039.01
616.586
-87.6097
-662.524
-831.213
-628.568
-337.295
-409.879
-1011.58
-1884.47
-2413.28
-2200.97
-1523.41
-1200.52
-1660.48
-2607.98
-3235.54
-3025.73
-2157.21
-1307.84
-1093.67
-1508.93
-2060.48
-2151.44
-1546.16
-521.404
282.167
515.341
301.949
87.6214
268.304
833.561
1496.32
1899.74
1924.36
1713.61
1444.61
1304.58
1367.2
1512.99
1631.68
1618.13
1423.58
1059.88
654.28
371.729
315.344
361.605
347.431
143.072
-272.342
-742.117
-1084.32
-1144.92
-1007.85
-885.729
-966.725
-1285.72
-1586.65
-1624.81
-1341.64
-914.233
-595.235
-514.239
-603.334
-710.031
-606.294
-178.263
358.023
705.058
732.939
640.884
634.654
813.312
1146.02
1491.81
1700.06
1690.56
1556.76
1465.33
1549.44
1735.26
1913.92
1955.2
1902.7
1794.45
1616.57
1287.14
910.351
682.784
795.867
1028.89
924.525
324.69
-515.952
-1062.99
-1093.83
-793.207
-525.454
-667.975
-1347.72
-2179.79
-2608.6
-2308.76
-1564.69
-1210.02
-1692.88
-2716.7
-3439.27
-3261.08
-2300.51
-1320.15
-1031.52
-1485.25
-2121.38
-2173.09
-1440.71
-351.157
470.793
700.852
543.534
393.848
516.431
997.266
1589.16
2056.6
2211.73
2071.39
1807.22
1551.31
1405.52
1411.59
1545.86
1709.72
1624.52
1158.79
520.637
43.3853
-48.0464
167.06
351.325
175.471
-407.387
-1108.93
-1516.87
-1460.33
-1070.46
-767.195
-869.686
-1292.27
-1676.99
-1680.58
-1232.92
-597.415
-164.4
-123.123
-296.641
-409.256
-164.867
352.571
830.601
1046.95
1002.87
861.598
806.926
972.344
1279.82
1567.97
1718.28
1674.67
1540.72
1462.37
1559.1
1810.81
1930.9
1919.53
1815.63
1672.65
1430.28
996.331
518.924
271.887
428.894
630.76
415.654
-294.149
-1129.81
-1610.8
-1554.57
-1118.44
-766.26
-1019.53
-1893.97
-2815.14
-3090.37
-2410.47
-1523.88
-1351.92
-2131.82
-3263.42
-3754.38
-3118.72
-1801.6
-815.637
-820.465
-1607.21
-2218.89
-1929.95
-742.273
578.736
1191.5
1024.21
641.352
636.056
1120.47
1775.91
2280.58
2491.33
2404.41
2183.39
1982.45
1781.99
1669.84
1622.8
1689.62
1736.04
1481.53
934.027
327.182
-39.0123
16.9059
298.366
402.414
34.3512
-730.28
-1464.85
-1724.5
-1407.84
-902.551
-728.722
-1127.31
-1737.9
-2014.22
-1695.69
-948.656
-293.681
-86.6751
-261.283
-454.271
-295.706
208.648
816.894
1173.43
1177.48
990.412
903.498
1043.22
1324.52
1585.73
1649.59
1616.1
1566.42
1564.86
1594.14
1624.05
1633.55
1632.61
1617.97
1614.08
1453.49
987.141
360.203
-56.9248
80.6122
532.786
576.867
-131.223
-1221.08
-1998.02
-2022.01
-1421.7
-795.388
-824.671
-1738.52
-2961.87
-3507.03
-2911.71
-1788.52
-1198.03
-1764.22
-3001.12
-3808.43
-3437.87
-2088.67
-765.949
-361.126
-1003.17
-1853.63
-1935.56
-971.865
440.732
1357.7
1382.31
912.843
691.818
1048.36
1753.95
2331.05
2536.65
2382.92
2043.98
1768.13
1634.8
1593.05
1535.58
1475.45
1405.05
1202.4
768.92
198.523
-249.913
-379.194
-188.387
61.9209
21.1115
-499.753
-1232.61
-1705.19
-1618.9
-1106.29
-652.399
-668.754
-1187.59
-1706.9
-1633.38
-945.697
-136.051
322.353
273.289
27.8092
-18.9191
351.636
951.005
1407.54
1506.92
1297.88
1053.81
1041.66
1254.74
1544.61
1715.95
1705.2
1597.72
1460.81
1427.48
1456.92
1446.64
1435.58
1499.28
1585.26
1463.77
953.653
204.131
-266.891
-92.4383
402.57
524.998
-83.5599
-1153.33
-1980.11
-2113.28
-1550.36
-775.294
-662.056
-1585.72
-2895.98
-3521.83
-2883.21
-1619.21
-946.164
-1462.67
-2743.65
-3583.82
-3166.23
-1785.4
-471.561
-190.1
-967.971
-1897.55
-1962.19
-958.781
487.304
1384.95
1339.47
827.953
513.005
784.808
1461.28
2030.58
2193.04
1977.47
1665.95
1477.63
1338.85
1172.03
1025.3
1018.76
1085.43
986.518
582.786
-23.1246
-503.959
-624.518
-308.323
146.966
286.372
-103.965
-856.29
-1363.76
-1258.93
-607.073
20.4884
84.9735
-441.654
-1074.04
-1166.1
-517.822
438.395
1061.75
1020.63
527.958
174.38
390.732
1052.09
1625.29
1709.87
1293.37
823.592
638.704
814.714
1191.34
1489.78
1503.33
1289.32
1030.29
929.977
1047.42
1162.84
1217.04
1175.61
1075.77
868.607
394.159
-106.457
-140.568
330.297
732.939
489.485
-443.212
-1394.44
-1800.82
-1547.56
-879.499
-417.667
-727.32
-1773.26
-2767.48
-2838.5
-1931.2
-954.108
-821.244
-1682.6
-2837.73
-3241.15
-2531.34
-1210.18
-312.529
-488.071
-1373.73
-2026.68
-1738.83
-605.359
559.889
1036.21
763.001
288.397
198.835
675.463
1347.88
1719.84
1637.75
1217.51
861.754
755.836
786.21
756.926
621.882
544.936
550.855
437.928
113.789
-301.002
-559.877
-546.014
-232.156
154.91
262.23
-120.631
-704.579
-1043.51
-819.375
-142.749
405.218
382.321
-160.506
-668.598
-589.316
153.041
1010.82
1418.13
1181.22
661.445
363.941
609.888
1202.09
1647.1
1580.12
1095.4
585.745
348.365
504.126
846.801
1063.46
1019.07
774.216
548.674
542.444
705.37
899.604
1005.99
1029.98
910.507
544.313
-1.3181
-295.551
-27.9532
558.643
807.549
286.217
-670.312
-1384.16
-1467.18
-925.604
-186.829
-49.4482
-804.733
-1987.27
-2580.72
-1993.19
-812.833
-184.493
-705.046
-1965.46
-2878.07
-2633.06
-1480.27
-306.298
-51.7847
-833.082
-1796.93
-1984.78
-1139.62
179.053
935.429
766.895
143.072
-245.396
6.93723
693.22
1270.47
1462.99
1213.46
742.441
428.271
395.872
518.768
587.77
577.334
498.052
317.213
-14.2463
-336.516
-441.654
-255.053
52.5752
300.079
333.88
115.191
-177.172
-312.996
-226.548
-15.6481
173.29
167.527
-54.7441
-342.59
-391.032
-47.8906
513.628
898.357
929.821
683.096
445.56
477.958
749.917
1065.96
1126.08
876.239
487.927
187.776
123.446
310.827
625.153
828.576
779.2
503.815
272.665
272.042
534.967
948.512
1253.96
1319.69
1117.2
679.825
140.58
-50.8501
338.708
1000.38
1191.66
475.311
-681.371
-1497.87
-1466.72
-746.323
71.1108
203.352
-677.788
-2007.52
-2726.67
-2166.55
-912.676
-147.11
-677.321
-2095.52
-3218.72
-3110.93
-1829.17
-366.11
161.296
-551.777
-1672.79
-2114.99
-1365.94
62.3881
1139.32
1235.74
584.343
-56.146
-89.7903
536.369
1393.68
1910.49
1876.69
1371.25
794.621
425.156
338.241
492.912
745.556
916.114
736.522
130.611
-531.217
-759.718
-375.456
268.771
698.049
592.91
56.7808
-484.021
-565.329
-119.385
489.796
740.572
444.158
-133.871
-560.189
-421.717
159.739
799.449
1041.19
808.483
438.862
281.232
476.245
814.246
1051.63
950.226
584.187
190.579
-49.7598
-79.6659
-17.05
76.4066
120.487
25.0055
-114.245
-184.337
-87.6097
165.658
442.757
698.36
809.574
852.564
808.016
591.508
241.825
73.9145
337.462
803.966
862.377
257.868
-590.095
-1169.84
-1156.44
-676.698
-137.297
-158.169
-1025.14
-2197.55
-2693.49
-2116.09
-943.205
-331.687
-877.629
-2164.37
-3139.59
-2836.95
-1495.84
-161.752
176.561
-631.839
-1750.98
-2058.61
-1161.74
352.882
1401.93
1327.95
478.582
-177.951
-50.2271
826.863
1746.32
2119.68
1790.56
1044.62
453.504
248.523
417.056
706.46
871.411
770.945
380.764
-141.347
-458.788
-377.014
36.3761
501.478
700.385
534.188
154.754
-153.808
-94.6189
326.87
805.991
979.042
768.92
310.983
6.00267
152.885
677.8
1210.66
1338.85
1067.36
665.495
479.516
609.888
886.208
1074.68
928.887
537.148
120.643
-85.1175
-36.9874
56.625
110.363
65.1918
-93.2171
-277.171
-349.444
-245.24
42.918
369.393
570.481
641.196
586.68
530.294
475.311
291.357
82.3256
90.5809
295.718
398.832
123.602
-423.119
-871.088
-995.696
-785.73
-434.178
-349.132
-814.546
-1650.36
-2254.87
-2056.27
-1265.63
-678.567
-952.083
-1937.12
-2835.39
-2774.33
-1756.74
-553.958
-112.376
-726.23
-1690.08
-2044.28
-1323.26
59.1172
1055.52
982.157
215.968
-388.54
-179.976
672.348
1531.53
1802.24
1386.51
636.679
104.288
55.5347
363.941
683.251
705.525
454.127
102.886
-157.391
-155.054
103.198
445.56
679.513
652.099
468.924
294.628
279.986
429.984
664.093
805.524
771.568
617.053
445.56
421.885
527.335
772.814
1017.2
1114.09
1037.14
849.604
671.102
611.29
658.485
729.512
644.934
373.287
38.0894
-166.581
-216.268
-202.25
-170.786
-208.792
-255.053
-304.585
-270.785
-66.1147
162.231
328.116
372.197
433.878
645.246
922.033
923.435
487.616
5.69115
-60.04
387.15
764.403
552.724
-200.069
-982.768
-1354.88
-1092.89
-390.409
-37.7662
-572.182
-1754.72
-2579.94
-2329.63
-1296
-507.386
-842.427
-2082.75
-3174.79
-3104.08
-1921.85
-566.886
-149.914
-901.772
-1954.09
-2213.28
-1297.25
172.823
1049.13
869.542
148.68
-229.196
180.611
1022.03
1685.57
1781.05
1359.1
803.343
481.229
467.99
583.253
623.751
614.717
622.193
579.203
422.508
243.538
190.735
373.131
655.526
887.766
927.017
690.105
373.599
246.653
429.361
784.808
986.518
858.171
495.092
175.315
198.523
566.431
983.87
1103.03
858.171
473.753
290.111
366.434
558.02
682.005
566.586
264.41
-10.9753
-94.7747
-94.9305
-108.949
-110.662
-40.2583
42.295
79.5219
130.611
179.52
251.326
401.48
744.154
1177.64
1387.6
1094.46
313.008
-276.392
-147.733
640.106
1197.57
820.477
-322.186
-1420.46
-1774.35
-1238.68
-347.575
2.57593
-770.622
-2238.82
-3232.74
-2857.2
-1504.1
-541.809
-930.9
-2410.01
-3674.79
-3560.92
-2139.61
-586.045
-112.531
-966.102
-2159.85
-2501.13
-1545.69
66.5937
1051.94
863.155
46.189
-414.24
-32.1588
825.306
1528.72
1668.6
1311.9
830.134
522.506
451.012
521.883
584.655
592.287
620.48
541.82
281.7
-5.52364
-103.965
204.754
697.737
1014.24
997.421
648.828
247.744
123.446
421.573
888.544
1116.58
896.956
427.336
92.6058
215.501
763.313
1256.61
1348.82
1035.74
700.074
633.719
838.545
1029.51
1000.07
770.478
469.236
287.151
258.335
256.934
144.941
72.3569
146.188
340.11
454.906
427.336
343.537
378.116
636.056
1036.05
1403.33
1426.54
919.229
151.328
-159.416
309.269
1043.84
1153.18
362.851
-895.698
-1676.68
-1603.32
-967.815
-364.864
-531.061
-1557.99
-2798.63
-3259.06
-2565.61
-1345.69
-800.684
-1493.82
-2875.89
-3703.6
-3155.32
-1708.15
-504.426
-409.1
-1280.27
-2200.66
-2268.89
-1304.73
82.3256
914.401
796.334
194.473
-179.664
44.9429
726.242
1284.02
1430.9
1177.17
674.996
357.088
194.318
192.916
273.6
371.106
468.457
355.842
3.66625
-367.512
-425.611
-46.6445
509.266
880.445
916.114
623.283
250.703
143.851
394.782
861.598
1149.76
1096.02
712.223
361.917
337.929
681.382
1186.52
1405.52
1251.78
881.691
662.38
750.54
939.79
1045.08
921.254
620.947
312.696
91.9827
-19.8537
0.395273
128.119
287.463
400.857
405.997
340.733
313.475
441.043
743.064
1205.21
1462.37
1202.4
409.424
-258.947
-122.812
693.064
1389.78
1068.45
-169.54
-1403.79
-1819.98
-1200.52
-166.113
184.816
-706.292
-2334.31
-3389.12
-2996.29
-1624.97
-578.724
-837.599
-2308.76
-3713.57
-3758.9
-2370.13
-608.474
70.332
-668.91
-1910.64
-2461.87
-1694.13
-172.655
910.974
936.986
228.429
-301.47
-147.266
512.07
1113.31
1242.43
972.811
511.136
219.239
161.919
251.326
245.563
173.602
247.588
340.11
312.385
17.6847
-291.034
-245.707
165.658
697.737
1069.38
1000.23
618.922
277.494
244.629
614.249
1034.96
1251
1055.99
590.418
314.877
507.397
1003.65
1378.26
1352.4
1062.84
776.708
702.254
831.847
984.649
978.263
730.759
348.677
53.354
-48.8252
38.8682
217.059
426.402
593.222
644.934
612.069
535.902
687.769
1049.6
1409.88
1519.53
1095.4
339.02
-200.848
10.2082
761.755
1223.59
760.042
-489.473
-1619.52
-1898.02
-1167.34
-212.686
-105.522
-1189.46
-2673.87
-3403.61
-2817.94
-1572.64
-837.755
-1263.61
-2562.5
-3555.16
-3333.98
-2037.89
-680.748
-306.298
-926.227
-1808.92
-1998.33
-1152.08
155.377
1007.39
917.049
302.26
-7.54854
265.189
834.963
1176.55
1135.27
860.507
596.493
463.317
337.929
167.838
1.95288
72.5126
372.664
555.216
409.112
5.69115
-340.098
-299.289
198.835
910.351
1262.06
944.93
338.397
1.79712
314.877
952.095
1417.66
1358.63
824.838
292.603
234.037
719.077
1371.25
1655.82
1369.53
842.439
567.988
701.631
1008.79
1140.25
957.858
624.685
334.503
180.611
109.272
207.557
411.76
674.062
858.483
877.641
811.91
838.078
1116.89
1541.96
1853.17
1612.37
830.757
31.7032
-118.45
432.165
977.64
832.315
-167.359
-1373.73
-2053
-1770.3
-960.962
-600.063
-1281.36
-2588.2
-3454.54
-3216.38
-2244.74
-1558.62
-1811.42
-2846.29
-3641.61
-3333.36
-2188.05
-1097.56
-911.43
-1497.09
-1997.55
-1753.32
-741.65
390.732
900.227
712.69
356.153
410.202
954.431
1467.51
1551.46
1247.42
876.707
722.503
815.337
856.146
633.408
228.429
-32.4703
155.377
570.481
713.313
397.274
-91.348
-338.852
-50.8501
615.963
1113
1020.79
514.562
88.0887
178.742
742.752
1314.08
1468.13
1083.09
515.497
305.064
593.222
1121.87
1476.54
1390.41
1084.18
868.451
880.289
1100.69
1195.24
1044.46
720.011
453.192
400.078
415.498
440.732
465.653
655.215
936.207
1180.13
1313.3
1397.42
1441.5
1561.74
1526.23
1197.42
803.032
528.114
536.057
508.643
177.184
-432.932
-1069.53
-1518.43
-1584.78
-1463.76
-1562.67
-2165.46
-3003.77
-3447.69
-3264.2
-2680.56
-2325.74
-2598.01
-3334.91
-3878.37
-3609.68
-2640.07
-1658.93
-1373.57
-1744.91
-2223.25
-2164.68
-1342.11
-156.612
692.597
877.797
601.633
521.26
855.056
1368.29
1792.58
1890.24
1675.6
1318.29
1019.07
852.564
770.945
657.551
616.586
727.02
858.015
780.291
443.535
94.4749
-10.0407
256.622
742.596
1029.51
851.162
391.978
53.0425
230.766
830.601
1358.16
1396.17
903.965
323.132
181.234
620.324
1231.22
1516.73
1285.58
844.776
648.205
884.495
1288.54
1488.85
1261.12
814.87
541.042
631.227
760.197
756.148
549.764
444.781
669.077
1040.88
1436.36
1641.18
1634.02
1518.44
1352.24
1011.91
824.371
878.732
1009.88
884.339
267.525
-576.699
-1291.95
-1616.09
-1492.26
-1126.22
-1233.23
-2112.97
-3302.83
-4006.71
-3750.17
-2904.08
-2368.57
-2724.95
-3776.65
-4629.29
-4313.41
-3018.88
-1698.18
-1380.11
-2050.67
-2829.94
-2842.09
-1837.43
-396.795
524.687
463.473
-64.5571
-207.546
437.772
1355.52
1820.15
1655.36
1205.05
939.634
1051.31
1208.94
1101.94
749.45
418.925
512.693
900.227
1071.1
817.517
345.406
39.9586
241.202
864.09
1445.7
1453.18
885.273
324.534
325.78
909.728
1663.46
1942.73
1575.14
892.75
468.457
696.647
1336.2
1832.77
1784.17
1258.32
838.234
890.102
1308.79
1694.14
1572.02
1083.87
701.476
741.973
1011.91
1153.03
1060.5
863.467
880.289
1117.98
1505.83
1811.12
1848.19
1730.12
1405.2
1032.62
857.548
979.82
1118.29
888.544
243.071
-565.952
-1155.2
-1416.87
-1304.88
-1206.29
-1579.02
-2477.29
-3366.85
-3736
-3470.74
-3063.74
-3051.43
-3564.82
-4347.98
-4577.73
-3930.39
-2906.1
-2251.13
-2348.48
-2793.96
-2964.67
-2548.32
-1660.17
-766.105
-341.5
-398.664
-497.728
-225.458
405.062
941.347
1052.87
891.815
781.537
940.88
1255.21
1316.11
931.846
421.261
256.622
717.83
1360.34
1539.31
1106.77
394.159
17.529
308.491
1103.34
1817.04
1802.08
1106.14
369.86
269.706
939.478
1835.73
2244.76
1930.59
1163.93
618.766
729.045
1355.98
1928.72
1996.47
1550.37
1065.49
969.229
1261.44
1623.74
1652.08
1377.95
1110.97
1057.08
1145.08
1200.53
1215.8
1249.44
1369.38
1686.2
2033.23
2233.7
2088.06
1667.19
1076.55
728.422
866.426
1267.98
1332.15
718.765
-353.026
-1310.65
-1634.47
-1375.44
-870.776
-891.336
-1796.62
-3132.89
-4079.14
-3996.74
-3182.89
-2540.38
-2758.44
-3835.22
-4911.84
-5000
-4026.96
-2801.43
-2234
-2529.63
-3140.68
-3408.43
-2912.02
-1857.05
-854.421
-496.171
-649.284
-800.372
-503.492
159.583
615.495
677.8
487.148
404.595
628.424
915.18
910.195
544.624
213.788
423.442
1120.16
1628.41
1524.21
904.432
359.424
394.471
964.556
1701.46
1948.5
1499.59
745.712
371.885
677.488
1392.9
1927.63
1901.3
1356.61
769.076
610.667
992.437
1510.81
1722.02
1510.19
1121.72
995.708
1181.84
1527.94
1679.03
1477.63
1151.16
1038.54
1252.4
1530.44
1603.18
1497.41
1470.62
1729.81
2244.6
2656.12
2659.39
2166.1
1429.66
1028.11
1186.05
1642.12
1696.48
1035.43
-49.604
-911.897
-1215.16
-1034.64
-696.479
-827.319
-1635.41
-2676.67
-3349.71
-3371.21
-2923.55
-2620.13
-2876.98
-3713.1
-4453.59
-4405.15
-3639.27
-2813.74
-2575.11
-2915.45
-3361.55
-3438.65
-2925.42
-2089.14
-1432.76
-1286.97
-1410.02
-1313.14
-851.929
-314.242
-29.5108
-73.9027
-182.312
-108.637
170.798
467.99
396.807
9.58517
-306.61
-55.5229
737.924
1429.81
1562.99
1123.59
564.562
440.109
979.042
1869.06
2396
2110.8
1314.08
736.833
805.524
1416.73
2083.08
2209.55
1683.08
954.743
641.663
947.578
1504.89
1788.84
1609.25
1215.49
919.541
918.918
1090.72
1248.98
1236.05
1096.49
1113.15
1284.8
1400.38
1301.31
1167.05
1307.23
1812.83
2412.98
2716.24
2453.63
1721.24
1024.84
1002.56
1616.26
2179.96
1922.64
809.262
-492.121
-1287.75
-1178.4
-513.304
-129.665
-716.417
-2034.62
-3096.91
-3250.65
-2709.69
-2158.3
-2193.65
-2893.96
-3783.97
-4108.89
-3594.57
-2779.78
-2379.79
-2649.41
-3110.77
-3205.01
-2867.16
-2304.71
-1907.37
-1892.41
-1949.89
-1751.76
-1226.69
-756.759
-800.995
-1074.51
-1097.41
-633.708
69.8647
419.081
152.574
-437.605
-770.622
-401.157
464.719
1125.3
1164.09
739.637
364.564
404.284
949.603
1748.35
2320.92
2295.69
1869.22
1450.22
1336.82
1594.3
1976.69
2247.56
2178.09
1772.64
1259.57
1013.62
1116.73
1446.79
1804.57
1949.12
1803.17
1416.42
997.266
793.998
908.949
1139.48
1334.33
1343.68
1125.61
908.638
884.962
1207.39
1729.81
2193.51
2458.15
2383.85
1954.42
1342.12
965.335
1096.02
1547.26
1747.72
1362.06
436.993
-599.596
-1163.45
-995.229
-453.492
-321.095
-979.186
-2034.93
-2783.21
-2809.69
-2392.09
-2043.66
-2144.28
-2777.6
-3427.75
-3505.32
-2940.22
-2281.66
-2062.19
-2403.93
-2804.08
-2867.63
-2509.69
-1964.53
-1696.47
-1755.03
-1879.8
-1777.15
-1436.34
-1153.33
-1161.11
-1298.96
-1276.84
-1005.67
-573.428
-261.75
-317.824
-570.936
-652.243
-277.015
292.914
630.137
675.308
575.621
502.724
562.537
854.433
1305.21
1653.02
1714.23
1601.77
1535.42
1614.23
1760.96
1887.91
1950.99
1876.22
1701.93
1576.23
1542.12
1548.5
1622.65
1633.24
1664.55
1670.15
1609.25
1542.43
1422.18
1333.55
1282.93
1291.97
1309.72
1305.83
1353.49
1503.96
1634.02
1740.09
1855.04
2012.2
2135.1
1923.11
1467.51
1091.81
991.814
1058.79
970.942
553.035
-133.871
-827.319
-1205.97
-1157.84
-969.528
-1078.25
-1564.38
-2092.1
-2316.39
-2231.5
-2086.02
-2127.77
-2467.79
-2887.73
-2951.12
-2573.87
-2093.66
-1946.62
-2278.86
-2688.35
-2759.69
-2358.29
-1708.46
-1307.06
-1437.75
-1869.05
-2069.36
-1744.28
-1163.76
-835.418
-908.159
-1275.91
-1519.36
-1388.21
-923.89
-512.993
-460.969
-622.337
-667.041
-398.664
-10.508
303.818
464.875
513.784
578.892
715.027
978.263
1222.65
1284.33
1185.74
1150.69
1269.54
1460.5
1568.91
1496.32
1338.38
1297.11
1454.74
1739
1849.59
1665.01
1460.65
1471.87
1728.1
2053.48
2190.71
2045.07
1706.91
1403.33
1377.17
1587.6
1879.96
2013.76
1947.56
1811.58
1697.1
1741.96
1922.33
2159.55
2268.9
1961.11
1338.07
780.602
552.412
609.421
646.336
418.925
-167.359
-947.099
-1570.92
-1762.51
-1637.9
-1523.41
-1627
-1897.24
-2119.04
-2245.06
-2287.11
-2343.34
-2501.91
-2622
-2485.71
-2139.14
-1900.82
-2007.05
-2355.33
-2576.83
-2421.69
-1965.62
-1462.2
-1265.94
-1487.75
-1773.26
-1789.3
-1382.3
-885.106
-755.824
-919.218
-1177.16
-1252.55
-985.572
-592.898
-399.91
-532.463
-785.575
-739.158
-327.482
124.537
410.825
428.271
329.362
332.166
534.811
952.095
1313.62
1462.99
1314.24
1075.77
992.904
1003.81
1122.96
1229.82
1308.01
1374.52
1412.21
1488.38
1504.58
1465.95
1529.81
1743.05
2053.95
2227.47
2139.46
1956.13
1764.39
1644.61
1661.12
1812.05
1951.77
2000.99
1934.48
1822.64
1789.78
1866.57
2024.67
2131.21
2005.35
1586.51
1115.02
770.478
622.972
556.929
348.365
-63.7783
-561.123
-942.582
-1065.63
-1062.83
-1141.02
-1537.43
-2029.01
-2217.49
-2010.48
-1605.19
-1382.14
-1616.4
-2240.69
-2816.23
-2829.16
-2216.08
-1493.98
-1238.68
-1584.94
-2153.78
-2487.11
-2343.03
-1837.43
-1330.43
-1229.65
-1454.1
-1640.24
-1527.78
-1170.46
-875.916
-829.188
-930.432
-977.005
-832.615
-514.083
-236.673
-168.761
-330.908
-459.567
-383.867
-122.033
172.667
394.159
545.091
599.296
606.461
574.998
514.251
422.352
438.239
621.57
807.86
810.975
537.771
186.841
11.2985
182.636
633.096
1085.27
1312.84
1224.52
997.266
942.438
1168.91
1592.74
1982.3
2137.59
2009.09
1727.63
1460.5
1399.44
1605.67
1905.35
2049.43
1980.12
1768.28
1617.51
1642.43
1773.58
1815.32
1687.91
1453.18
1218.29
1001.94
762.534
560.668
387.617
239.021
84.5062
-57.2363
-203.963
-329.662
-359.568
-303.183
-199.758
-231.689
-504.115
-820.621
-1046.63
-1084.79
-1041.18
-1084.79
-1275.13
-1616.25
-2031.35
-2351.91
-2399.57
-2292.87
-2222.63
-2308.92
-2493.81
-2673.71
-2735.39
-2599.72
-2340.38
-2051.76
-1850.51
-1720.61
-1608.62
-1463.76
-1234.17
-940.557
-686.043
-569.534
-578.413
-634.331
-604.736
-510.501
-325.768
-50.8501
206.311
424.221
498.519
467.055
410.825
327.338
280.454
289.643
269.706
218.461
203.819
277.027
393.692
478.893
590.106
827.175
1083.56
1379.66
1628.72
1800.21
1944.92
1999.59
2034.79
2130.43
2236.34
2311.42
2292.89
2155.66
2003.95
1876.85
1861.74
1904.73
1920.31
1836.97
1636.51
1484.64
1441.03
1494.77
1502.09
1329.5
1029.04
761.755
611.757
535.902
430.763
169.396
-95.5535
-274.99
-324.522
-297.108
-362.995
-476.233
-638.848
-825.45
-948.812
-1040.87
-1232.14
-1567.81
-1958.92
-2272
-2400.5
-2435.4
-2526.05
-2732.74
-2910
-2979.16
-2875.58
-2689.13
-2558.29
-2577.76
-2644.11
-2575.11
-2196.61
-1632.6
-1077.63
-724.516
-643.053
-631.216
-553.647
-284.336
47.1236
318.615
377.96
296.341
240.89
348.21
624.062
903.342
1071.56
1041.81
893.529
719.855
560.512
469.859
381.698
313.631
260.516
185.128
69.8647
-107.547
-226.548
-215.645
-19.3864
327.649
670.012
856.458
885.741
894.619
1013.62
1295.08
1599.75
1790.4
1834.01
1762.21
1653.49
1572.02
1535.73
1555.98
1616.1
1624.36
1594.45
1453.02
1363.15
1468.13
1669.37
1906.13
1882.46
1581.68
1182.78
867.205
790.571
863.155
896.177
799.761
529.204
186.062
23.6037
49.46
151.483
104.599
-177.795
-598.506
-1021.55
-1254.26
-1339.93
-1438.06
-1730.58
-2154.71
-2561.72
-2826.67
-2855.64
-2759.22
-2715.14
-2860.62
-3088.81
-3161.55
-2978.69
-2684.92
-2373.4
-2136.96
-1942.88
-1673.72
-1300.83
-844.764
-457.698
-245.24
-183.091
-103.186
115.658
352.104
524.064
555.839
503.659
460.202
564.562
864.246
1110.82
1170.78
984.805
642.286
391.823
275.781
296.653
357.711
329.518
176.872
-28.5763
-155.21
-103.342
26.8746
195.252
368.77
535.746
734.964
953.185
1179.66
1328.88
1426.7
1527.63
1687.44
1848.34
1901.93
1789.47
1592.27
1430.9
1414.71
1545.7
1707.69
1768.75
1733.7
1638.69
1596.63
1647.1
1722.49
1758.16
1645.54
1383.09
1108.95
890.725
787.456
694.622
549.92
356.465
192.76
92.9173
-44.4639
-237.452
-430.284
-653.801
-901.461
-1135.73
-1323.42
-1562.2
-1903.63
-2251.75
-2533.68
-2684.92
-2791.62
-2908.29
-3084.45
-3275.26
-3357.97
-3251.12
-3038.97
-2830.87
-2660.31
-2571.53
-2476.83
-2224.81
-1807.83
-1266.1
-780.279
-552.401
-538.694
-583.864
-437.449
-38.0777
422.04
762.845
836.365
697.426
633.408
790.104
1190.72
1595.39
1691.34
1434.64
968.138
614.249
564.25
724.684
879.199
833.405
592.443
303.195
155.066
154.443
292.447
459.267
582.941
696.024
781.537
880.912
992.904
1141.81
1329.97
1546.79
1688.22
1639.78
1429.66
1204.9
1114.55
1274.05
1525.3
1667.97
1578.57
1366.11
1216.27
1304.74
1662.52
1997.72
2106.75
1809.4
1373.58
1024.84
939.167
1079.51
1105.99
959.26
608.33
273.289
109.272
115.814
203.975
173.913
-67.205
-421.25
-766.416
-991.647
-1136.66
-1296.63
-1519.05
-1779.95
-2054.09
-2290.85
-2497.7
-2723.55
-2863.27
-2905.95
-2819.5
-2745.36
-2761.09
-2768.72
-2742.56
-2584.15
-2355.96
-2067.33
-1766.87
-1587.9
-1451.3
-1334.16
-1129.65
-839.935
-576.699
-417.356
-373.12
-312.529
-142.593
156.156
517.21
846.022
1042.12
1073.9
989.01
857.081
826.552
911.13
963.777
946.488
821.879
629.202
498.986
435.124
498.986
607.24
668.454
627.801
541.353
541.509
670.323
939.634
1170.63
1308.16
1309.25
1214.86
1153.34
1087.76
1099.29
1158.32
1220.16
1285.74
1320.31
1324.05
1343.37
1461.28
1682.93
1963.92
2150.83
2149.9
1984.32
1772.64
1649.13
1623.27
1612.37
1463.77
1148.67
765.805
494.313
508.332
671.414
791.194
672.348
283.101
-156.612
-453.96
-510.968
-481.373
-593.989
-968.127
-1443.51
-1807.83
-1972.47
-2045.84
-2161.72
-2381.19
-2660.47
-2911.25
-3046.45
-3036.32
-2927.13
-2812.18
-2718.41
-2617.79
-2553.93
-2526.2
-2513.12
-2409.54
-2177.92
-1875.43
-1551.3
-1311.58
-1204.88
-1186.82
-1135.41
-910.339
-513.304
-92.7498
258.18
464.563
580.449
688.08
893.062
1120.94
1223.9
1204.27
1031.69
896.8
844.776
883.872
961.129
936.363
860.04
832.159
868.296
943.84
977.017
984.649
1043.68
1186.98
1337.6
1420
1371.4
1234.02
1076.7
989.789
1059.26
1197.57
1296.64
1238.07
1151.78
1127.79
1257.23
1497.26
1724.36
1820.46
1784.48
1693.98
1592.27
1568.13
1585.26
1590.25
1518.91
1335.42
1081.38
840.57
707.394
684.965
756.926
815.181
751.631
515.03
208.803
-20.4767
-124.992
-149.758
-271.719
-562.213
-925.292
-1255.51
-1480.42
-1592.42
-1715.62
-1928.39
-2255.96
-2547.85
-2715.45
-2780.25
-2769.66
-2777.13
-2713.12
-2657.51
-2620.75
-2606.73
-2592.87
-2507.67
-2359.85
-2132.44
-1867.49
-1591.95
-1387.9
-1253.32
-1133.39
-961.74
-658.63
-281.688
34.1954
230.454
290.734
359.58
511.291
744.777
1009.73
1164.4
1176.55
1072.81
884.183
742.596
699.606
761.288
939.167
1091.5
1167.98
1089.79
928.887
844.62
925.304
1084.18
1229.82
1236.2
1072.65
825.461
638.704
642.442
835.118
985.116
1025.61
909.105
702.254
639.171
776.397
1082.16
1376.86
1447.41
1302.4
1128.88
1091.66
1251.16
1435.73
1511.59
1413.3
1229.35
1096.02
1098.04
1158.48
1223.12
1174.05
1021.56
853.187
705.993
651.632
622.66
597.739
522.662
376.714
117.839
-247.888
-604.425
-900.059
-1049.12
-1096.47
-1104.42
-1225.44
-1519.68
-1877.3
-2237.11
-2424.34
-2344.9
-2200.35
-2223.4
-2479.01
-2834.3
-3023.08
-2866.85
-2408.6
-1933.53
-1713.75
-1847.24
-2106.58
-2165.15
-1832.76
-1219.21
-595.702
-229.975
-220.474
-396.484
-477.324
-323.899
29.6783
359.736
529.983
568.456
522.506
552.568
709.419
893.84
1040.72
1086.98
1026.7
916.114
813.623
810.041
860.04
938.7
1016.11
1013.15
900.694
679.046
464.875
375.312
456.775
635.744
806.303
852.252
795.088
727.332
720.79
811.91
978.263
1076.08
1013.78
852.875
743.687
774.372
939.634
1136.36
1204.9
1143.37
1012.22
902.874
909.261
1036.21
1203.03
1345.08
1376.23
1318.76
1206.14
1058.17
957.235
933.871
977.951
980.443
867.517
603.035
277.806
5.84691
-164.4
-225.147
-331.064
-528.102
-805.045
-1059.56
-1235.72
-1328.4
-1368.74
-1480.58
-1720.45
-2071.85
-2428.85
-2676.98
-2772.93
-2730.41
-2590.38
-2448.48
-2324.34
-2249.73
-2153.94
-2050.04
-1888.52
-1686.81
-1398.34
-1073.58
-841.804
-728.41
-705.514
-626.854
-452.402
-222.499
-25.9283
69.5532
94.3192
131.39
262.074
495.404
756.303
973.123
1120.01
1154.43
1116.27
1022.03
974.057
994.15
998.667
966.113
868.607
762.845
661.133
622.349
661.912
711.912
734.03
719.077
756.148
802.564
883.872
1006.14
1040.1
985.428
843.374
730.447
720.323
782.004
856.925
828.576
710.977
623.907
619.545
734.808
912.376
1015.49
985.272
891.815
803.187
813.312
917.516
1021.72
1114.87
1123.28
1040.41
862.844
600.698
336.995
139.957
55.3789
60.2075
65.0361
-25.4611
-155.366
-324.366
-492.744
-631.371
-726.23
-777.164
-866.726
-1008
-1236.66
-1475.13
-1647.56
-1749.89
-1763.6
-1798.33
-1873.88
-2012.04
-2144.75
-2189.6
-2078.39
-1813.6
-1522.64
-1356.13
-1326.53
-1341.02
-1335.72
-1240.4
-1062.67
-851.617
-675.296
-540.095
-387.605
-243.838
-124.214
-28.109
53.5098
134.038
233.569
375.624
524.843
686.367
769.543
828.576
879.355
877.174
849.137
765.649
651.632
481.074
350.234
335.593
408.645
525.31
648.673
686.211
700.229
732.472
752.254
757.394
719.544
721.413
799.916
958.793
1139.32
1203.18
1112.22
926.083
758.796
747.425
888.544
1035.74
1136.83
1091.81
955.989
858.327
814.246
834.963
841.972
788.39
670.479
562.069
514.407
486.681
500.855
473.441
408.489
312.696
222.978
138.088
32.0148
-109.105
-206.767
-239.788
-210.661
-173.122
-207.857
-308.946
-490.719
-669.221
-845.387
-953.641
-1017.19
-1049.28
-1059.56
-1136.66
-1219.99
-1290.55
-1313.45
-1352.86
-1444.44
-1543.51
-1589.92
-1562.67
-1451.76
-1304.57
-1185.41
-1124.2
-1076.22
-1030.12
-959.716
-842.583
-716.261
-583.708
-464.551
-325.145
-169.54
-39.0123
68.4628
178.119
263.631
279.986
264.41
237.152
285.438
429.05
615.34
764.87
813.312
770.633
705.214
613.471
564.562
586.835
635.433
733.718
815.493
843.218
854.277
864.246
910.974
942.282
933.871
885.273
816.894
811.287
863.623
955.833
1007.39
1021.56
998.512
957.235
886.675
795.555
655.993
508.643
398.988
340.733
328.739
261.295
139.957
-43.2178
-148.045
-136.519
-51.0059
36.2203
21.5788
-61.2861
-136.83
-135.428
-63.7783
30.9244
39.1798
-38.8565
-182.78
-330.597
-391.967
-367.668
-304.117
-300.535
-325.145
-412.06
-500.532
-556.918
-556.45
-478.881
-426.39
-430.595
-491.809
-545.703
-559.721
-552.401
-574.207
-655.203
-779.033
-908.937
-1009.71
-1063.3
-1060.18
-997.41
-878.564
-743.208
-648.661
-638.069
-658.006
-676.542
-615.951
-486.358
-343.681
-272.498
-294.305
-321.251
-286.361
-135.117
39.9586
184.193
207.557
123.446
96.6556
197.589
419.86
663.781
824.371
858.171
783.094
712.223
725.774
798.359
896.8
913.778
808.951
703.189
669.233
765.182
910.039
1004.43
1001
856.458
730.447
668.61
668.143
688.859
675.308
629.981
545.715
440.109
314.098
167.527
49.6157
-13.0002
-10.0407
-7.23702
-65.4916
-201.159
-343.213
-356.609
-292.591
-227.639
-266.112
-412.371
-575.142
-610.655
-512.058
-382.465
-288.386
-313.152
-398.976
-455.829
-450.844
-404.116
-364.553
-361.282
-375.3
-373.12
-313.775
-172.811
-39.168
72.8241
117.06
94.0076
71.578
37.9337
29.2111
24.5382
6.93723
45.8775
71.1108
78.2758
36.8433
-46.9561
-120.319
-215.178
-266.268
-326.859
-447.729
-575.297
-656.137
-649.284
-663.614
-726.541
-828.097
-905.199
-866.726
-731.837
-558.475
-441.031
-395.705
-385.269
-313.463
-155.21
42.918
205.533
282.323
257.089
225.47
288.242
428.894
588.705
662.38
682.161
709.419
778.577
879.199
959.26
984.961
990.256
986.207
958.325
915.958
844.308
775.774
744.621
763.936
754.902
660.666
463.161
291.513
234.66
289.488
360.047
344.471
202.729
-14.402
-149.447
-167.671
-150.537
-200.692
-369.381
-632.929
-842.272
-978.407
-1042.89
-1026.54
-984.482
-962.363
-978.251
-1050.68
-1082.92
-1070.77
-997.254
-852.552
-733.706
-638.848
-579.814
-508.32
-398.976
-242.436
-51.4731
124.537
232.635
225.937
152.885
183.259
340.889
565.652
793.375
910.195
906.613
842.907
826.863
892.283
939.79
882.781
761.911
624.685
507.709
382.165
261.451
110.207
-80.912
-263.308
-429.817
-544.612
-630.748
-680.903
-688.38
-673.427
-609.721
-576.388
-588.381
-600.842
-585.733
-522.494
-425.3
-346.329
-276.08
-177.484
-43.8409
124.381
265.345
364.876
386.06
397.742
470.326
576.867
733.251
851.318
879.043
815.493
754.746
733.251
709.887
642.286
529.048
419.237
368.926
394.938
451.791
431.386
313.631
182.636
54.1328
-37.6104
-131.223
-225.77
-372.341
-480.439
-545.547
-616.73
-681.215
-776.852
-888.844
-1003.8
-1051.15
-1060.03
-1063.14
-1089.46
-1158.31
-1192.11
-1163.76
-1048.97
-899.436
-774.516
-700.218
-636.511
-510.034
-349.132
-163.31
-24.215
58.4941
83.8832
132.792
276.871
471.261
641.663
750.384
816.427
855.835
902.719
984.337
1090.1
1147.42
1094.3
997.733
896.488
852.408
852.719
892.283
907.08
836.988
719.544
554.281
446.806
374.689
357.399
353.817
293.849
188.866
85.5965
-11.5983
-70.476
-127.952
-205.521
-298.666
-333.868
-306.454
-243.838
-190.1
-153.185
-111.13
-75.4603
9.89669
85.5965
150.705
166.281
164.879
153.041
179.988
241.825
296.497
303.973
255.376
181.857
111.609
92.6058
139.49
170.175
151.951
69.8647
-35.897
-98.6687
-142.438
-226.081
-351.157
-523.74
-664.237
-725.451
-774.36
-829.188
-914.389
-1001.62
-1084.64
-1119.84
-1153.95
-1180.43
-1202.55
-1234.32
-1215.79
-1145.69
-1046.32
-970.463
-916.102
-849.437
-790.715
-714.548
-637.913
-582.618
-502.245
-429.817
-339.943
-236.984
-134.494
-5.83517
86.2196
182.013
287.619
420.327
544.936
614.717
651.476
694.934
740.727
764.091
761.288
729.98
674.529
654.591
694.778
784.496
853.187
860.352
851.318
831.224
879.822
999.446
1119.07
1185.11
1172.96
1163.62
1188.07
1211.44
1253.03
1254.58
1197.57
1145.71
1074.68
991.035
888.856
803.343
737.145
681.538
608.175
478.27
294.939
145.097
61.2978
40.1143
21.2672
-48.2022
-145.553
-286.672
-386.671
-366.733
-308.635
-290.722
-346.952
-451.312
-522.494
-520.158
-481.685
-459.878
-510.501
-614.238
-710.342
-784.952
-859.561
-999.435
-1141.96
-1247.72
-1306.6
-1344.29
-1360.33
-1415.94
-1492.26
-1543.98
-1578.55
-1545.38
-1485.88
-1387.9
-1297.25
-1207.53
-1103.79
-969.061
-821.556
-687.757
-603.957
-541.341
-486.046
-401.001
-286.205
-172.655
-85.1175
-44.3081
-11.131
39.3355
127.652
207.246
262.23
269.239
229.675
224.691
242.292
259.582
287.619
300.235
304.285
312.229
330.141
370.639
447.429
556.306
693.687
837.922
938.7
999.291
1032.47
1080.6
1196.17
1353.34
1480.9
1534.95
1528.1
1518.75
1536.98
1590.09
1638.53
1663.77
1647.57
1573.43
1508.78
1475.45
1501.62
1535.42
1544.77
1534.95
1477.01
1370
1248.04
1134.65
1025.61
892.439
775.618
684.965
601.165
450.389
229.831
6.78147
-215.022
-418.602
-603.334
-762.211
-917.972
-1050.84
-1195.69
-1343.04
-1494.75
-1637.9
-1766.87
-1878.39
-1939.61
-2010.17
-2059.86
-2076.99
-2084.31
-2006.74
-1853.32
-1735.56
-1671.54
-1676.37
-1667.03
-1624.5
-1517.96
-1352.86
-1181.67
-1040.87
-951.46
-887.131
-770.777
-647.259
-567.665
-532.619
-564.394
-561.746
-512.681
-371.095
-210.972
-92.9056
-53.0307
-105.366
-139.945
-105.522
53.8213
206.623
295.407
326.247
304.596
329.518
400.545
517.678
676.398
764.403
772.035
711.288
657.084
688.547
798.515
931.223
1045.24
1079.04
1001.63
928.887
886.208
924.058
1013.78
1094.93
1140.41
1151.31
1164.86
1220.16
1322.96
1415.17
1458.94
1467.51
1469.53
1501.78
1592.12
1711.27
1809.56
1858.94
1869.22
1842.89
1803.17
1777.47
1723.42
1632.3
1502.55
1351.47
1199.13
1063.78
916.581
743.375
561.914
322.042
32.3263
-243.526
-472.339
-638.225
-730.591
-806.135
-936.974
-1117.35
-1334.48
-1509.55
-1669.83
-1768.89
-1846.77
-1895.84
-1891.48
-1868.58
-1846
-1859.55
-1906.9
-1953.16
-1967.64
-1931.66
-1853.78
-1814.69
-1784
-1762.2
-1715.16
-1644.44
-1571.23
-1510.33
-1499.27
-1493.98
-1466.09
-1404.88
-1253.95
-1069.68
-904.576
-744.142
-612.992
-488.071
-373.587
-281.221
-159.416
9.74093
199.458
370.639
508.799
577.957
653.501
732.939
828.265
908.015
930.288
929.198
905.522
914.557
958.014
1008.01
1018.45
1006.77
954.12
889.635
889.323
954.743
1035.74
1106.92
1121.25
1117.05
1075.61
1068.29
1126.86
1189.94
1266.73
1301.62
1295.39
1277.79
1299.29
1344.3
1388.85
1392.28
1353.8
1298.82
1212.53
1095.24
982.313
880.601
817.673
756.303
727.02
656.928
567.21
460.202
366.278
360.982
392.757
438.862
412.383
301.481
142.917
-5.05636
-84.3387
-106.613
-146.332
-196.642
-321.095
-491.498
-619.066
-690.405
-678.878
-727.787
-877.006
-1077.78
-1273.57
-1377
-1398.96
-1382.45
-1425.91
-1545.69
-1718.43
-1868.43
-1942.57
-1924.97
-1849.89
-1791.63
-1791.63
-1807.37
-1815.62
-1800.98
-1727.77
-1616.56
-1487.75
-1348.81
-1201.46
-1095.07
-1003.17
-874.358
-677.009
-419.536
-197.733
-56.146
-23.5919
-52.5635
-6.14669
154.443
356.932
539.951
642.598
686.211
702.566
733.095
824.371
948.357
1055.05
1137.92
1165.8
1166.27
1174.83
1191.66
1213.93
1260.97
1302.71
1279.04
1188.54
1069.38
995.397
1036.36
1146.33
1213.46
1159.57
971.721
768.609
672.815
676.242
712.223
686.367
542.444
390.888
323.599
388.707
510.357
577.49
528.581
433.411
405.841
429.673
493.846
563.004
539.484
507.709
473.441
467.367
459.734
367.212
275.313
171.265
127.808
121.422
46.0332
-64.5571
-198.823
-262.841
-289.009
-310.815
-368.758
-451.779
-526.7
-562.836
-581.995
-595.858
-618.599
-657.695
-647.726
-614.082
-603.957
-659.72
-771.089
-892.894
-923.579
-846.01
-727.009
-650.997
-688.691
-795.076
-858.938
-810.652
-661.122
-562.213
-555.827
-635.577
-731.214
-747.258
-675.14
-548.195
-461.903
-419.381
-420.627
-409.1
-342.279
-223.278
-91.6595
-5.67941
39.9586
56.625
51.9522
55.3789
71.8896
127.808
210.984
299.456
323.755
271.887
177.184
115.503
154.287
250.392
361.761
370.951
275.313
170.642
102.73
171.265
276.092
367.991
379.829
323.755
283.257
327.961
444.158
578.269
656.149
686.834
654.28
595.714
569.39
587.77
661.912
752.721
805.68
752.565
627.333
481.697
390.888
397.897
464.096
475.622
382.01
213.165
57.4038
-11.5983
46.5005
119.864
116.593
3.66625
-158.169
-299.133
-308.79
-246.642
-194.15
-195.552
-271.252
-400.222
-497.573
-520.002
-504.27
-472.028
-473.43
-513.304
-574.674
-581.061
-556.918
-467.822
-379.817
-278.884
-177.484
-106.145
-29.3551
29.6783
94.9422
187.776
283.725
351.013
405.062
437.928
464.875
515.653
611.601
693.532
735.899
732.939
704.591
647.271
610.511
595.558
574.375
529.515
455.84
391.2
329.986
244.629
126.25
3.19897
-93.0613
-159.571
-210.817
-267.981
-376.079
-507.697
-607.851
-655.203
-623.583
-583.708
-606.138
-663.77
-725.762
-775.606
-739.937
-644.144
-553.958
-497.105
-530.127
-550.531
-535.578
-452.713
-335.114
-267.669
-227.639
-271.563
-327.326
-366.11
-347.886
-298.51
-220.318
-168.605
-180.599
-197.11
-199.29
-136.986
-34.9625
45.566
93.0731
81.7025
55.0674
59.2729
102.73
169.707
215.968
235.439
220.953
187.153
131.39
80.9237
77.8085
103.353
115.035
90.8924
62.0766
39.3355
29.5226
55.8462
80.7679
103.509
133.259
133.415
112.232
114.257
179.365
272.977
385.904
476.089
529.671
519.702
518.145
558.954
670.012
824.371
917.204
924.993
883.716
847.579
853.81
937.298
975.771
928.887
816.739
687.613
614.405
580.138
566.586
537.459
453.971
397.897
364.097
333.101
309.114
236.217
163.944
103.665
47.4351
32.7936
17.6847
-11.7541
-57.7036
-108.637
-117.36
-142.438
-185.739
-261.439
-324.834
-348.665
-349.911
-368.291
-426.857
-519.068
-622.337
-666.573
-668.754
-692.274
-760.809
-866.726
-953.641
-978.251
-973.267
-977.317
-1035.57
-1102.55
-1146.63
-1116.88
-1018.28
-935.728
-875.449
-897.723
-961.117
-977.94
-930.744
-828.876
-771.712
-768.441
-772.802
-762.366
-668.287
-532.775
-424.832
-330.753
-287.763
-253.184
-204.43
-100.071
67.5283
233.881
370.951
444.626
465.498
514.874
612.692
749.917
892.283
978.886
983.559
964.244
1010.97
1136.36
1247.89
1289.47
1226.86
1122.03
1062.22
1045.55
1098.98
1137.92
1109.26
1034.18
940.88
881.379
852.252
829.2
800.228
740.572
688.392
629.825
594.468
569.702
517.833
485.902
433.567
389.019
341.668
287.619
216.747
141.826
77.9642
57.5596
35.9088
-54.7441
-174.836
-281.688
-336.048
-345.083
-327.17
-359.413
-448.508
-544.145
-637.29
-650.218
-591.652
-555.827
-543.989
-582.307
-594.3
-559.721
-508.32
-481.062
-456.452
-450.377
-465.642
-445.548
-419.536
-366.733
-325.612
-316.734
-350.067
-398.353
-419.381
-448.352
-524.208
-612.992
-646.013
-631.371
-622.181
-614.861
-617.82
-621.247
-594.3
-548.039
-470.782
-396.172
-351.625
-355.83
-336.672
-270.162
-141.036
-10.508
95.4095
120.331
94.7864
107.403
122.356
208.959
302.883
384.346
435.28
437.928
436.682
434.034
472.974
506.774
532.008
528.581
503.036
465.498
454.594
463.161
477.803
532.786
569.079
587.614
566.898
503.815
465.342
461.759
512.693
546.182
580.605
566.742
494.781
436.526
414.096
417.523
439.33
414.408
330.609
227.495
157.402
170.798
151.016
108.805
4.44506
-128.419
-232.156
-281.065
-238.075
-240.567
-274.679
-340.254
-384.49
-396.484
-387.138
-381.219
-380.129
-399.287
-431.374
-447.885
-463.617
-436.826
-390.565
-339.943
-302.716
-288.386
-326.703
-383.088
-431.686
-475.299
-453.804
-385.892
-355.83
-398.82
-541.965
-660.81
-703.333
-647.103
-559.254
-492.9
-486.202
-538.538
-556.606
-499.753
-351.313
-194.462
-59.2612
-5.21212
-4.27756
-2.25266
29.2111
130.767
241.669
351.013
389.33
416.121
430.14
464.563
525.621
554.281
572.973
581.228
575.465
603.658
636.679
636.212
605.371
497.584
436.682
434.968
476.401
523.441
532.942
497.584
453.816
443.068
490.419
540.263
526.244
469.547
391.355
331.387
334.814
391.511
415.343
362.384
236.84
121.577
82.1698
107.87
104.911
42.6065
-74.2142
-189.322
-249.134
-270.006
-299.445
-361.126
-440.253
-506.451
-537.759
-531.684
-499.286
-487.292
-441.031
-423.119
-416.577
-394.459
-399.91
-428.571
-429.505
-377.948
-280.13
-196.331
-137.765
-148.824
-181.534
-230.287
-257.389
-221.564
-209.571
-230.443
-281.221
-366.889
-389.319
-356.92
-285.27
-189.945
-159.26
-137.297
-157.079
-111.441
-9.26191
104.755
209.582
250.859
289.02
291.824
326.87
391.978
438.395
493.69
505.061
526.4
531.073
512.537
499.298
481.229
460.202
402.259
310.204
223.601
147.122
77.6527
52.2637
46.5005
40.5816
37.4664
-42.439
-156.3
-244.928
-286.516
-249.29
-201.004
-174.68
-169.384
-190.256
-218.916
-226.704
-218.449
-184.96
-148.512
-168.605
-195.241
-208.169
-167.515
-106.457
-50.8501
-21.8785
-52.5635
-122.033
-192.437
-231.689
-246.797
-236.05
-232.935
-244.149
-244.461
-245.551
-257.078
-242.125
-212.997
-177.64
-127.796
-58.3266
22.3576
78.5873
116.593
159.427
211.451
281.232
305.687
313.163
326.092
325.936
371.574
407.71
418.146
377.648
319.238
289.332
257.868
265.033
276.404
229.675
173.446
142.761
155.533
206.934
251.638
284.192
267.37
241.825
268.771
303.818
360.047
397.586
396.184
407.243
431.697
488.862
522.35
542.132
528.737
492.756
514.718
556.929
580.138
557.708
458.644
348.054
272.821
258.647
279.675
282.478
197.277
68.7744
-53.498
-127.952
-134.65
-130.288
-183.403
-282.622
-395.082
-511.903
-556.762
-560.656
-515.485
-507.386
-552.089
-614.861
-664.237
-681.215
-677.477
-686.355
-687.601
-667.196
-659.876
-657.072
-698.193
-766.416
-874.514
-948.345
-969.528
-961.273
-899.28
-870.464
-878.564
-885.418
-876.228
-839.78
-799.905
-734.018
-724.049
-740.248
-750.84
-693.053
-563.615
-425.923
-326.547
-294.616
-280.753
-257.545
-177.795
-40.4141
77.3412
117.683
152.574
182.636
284.503
415.343
524.064
590.729
610.823
647.738
699.762
799.605
880.912
944.151
969.54
960.35
963.621
985.428
1024.52
1037.3
1063.93
1064.71
1065.18
1061.75
1025.93
991.502
944.307
917.36
925.304
942.126
931.379
874.214
816.739
768.609
736.054
726.865
721.257
670.323
572.505
470.949
397.274
361.605
317.992
264.41
195.408
142.294
77.6527
31.5475
-32.1588
-93.2171
-134.961
-172.967
-156.145
-165.023
-209.415
-292.28
-354.584
-392.59
-394.926
-409.879
-469.38
-585.266
-708.006
-778.41
-821.556
-837.287
-861.275
-952.395
-1046.94
-1102.7
-1121.86
-1085.73
-1058.31
-1072.64
-1129.65
-1200.99
-1297.25
-1348.96
-1329.96
-1268.75
-1203.48
-1203.33
-1207.53
-1184.95
-1112.52
-1008.31
-895.542
-797.568
-749.594
-684.019
-596.637
-462.215
-328.105
-219.539
-158.637
-109.416
-32.4703
65.6591
201.015
302.883
388.707
473.441
557.552
632.318
700.074
750.229
815.337
893.685
985.116
1074.06
1125.3
1158.48
1181.69
1210.04
1258.01
1302.25
1314.4
1279.35
1214.71
1162.37
1146.02
1198.82
1219.38
1170.63
1069.69
922.968
816.739
791.194
821.879
816.116
719.388
571.415
429.517
355.219
325.313
323.911
265.968
151.639
48.8369
-8.01582
-28.109
-28.5763
-46.0215
-87.9212
-117.516
-152.095
-194.15
-220.318
-263.464
-295.706
-301.314
-334.335
-384.646
-448.819
-510.189
-554.27
-570.936
-552.712
-534.955
-535.267
-552.245
-593.054
-638.848
-671.402
-690.561
-714.859
-727.943
-769.687
-806.602
-831.524
-834.172
-819.686
-813.456
-831.524
-865.169
-855.044
-812.677
-741.494
-687.29
-675.607
-666.885
-643.521
-573.896
-461.125
-342.279
-237.14
-174.836
-136.986
-101.628
-19.2306
91.9827
177.963
246.342
290.422
334.97
387.306
488.706
581.695
632.318
638.704
626.866
668.61
735.899
857.081
938.232
961.129
975.459
973.434
1007.23
1063.93
1101.78
1092.75
1041.03
984.026
950.226
927.173
930.133
909.572
871.099
798.359
703.189
612.38
548.518
506.93
467.367
452.414
410.514
335.904
225.47
106.313
22.5133
-25.3053
-44.4639
-61.9091
-99.4475
-162.375
-242.125
-337.762
-397.73
-410.502
-414.864
-417.823
-452.246
-500.844
-560.344
-601.154
-597.571
-600.219
-593.677
-605.203
-647.57
-695.545
-706.448
-688.691
-641.34
-605.982
-616.263
-631.994
-625.764
-612.836
-600.375
-584.02
-605.048
-612.68
-596.325
-577.478
-536.824
-499.13
-449.91
-399.443
-370.783
-347.886
-358.011
-352.715
-324.366
-264.554
-197.577
-155.366
-125.148
-133.403
-122.812
-81.3793
-0.383532
106.469
150.705
138.088
94.0076
62.5439
119.241
226.872
324.69
366.745
314.254
261.606
265.812
341.2
466.899
557.708
565.185
535.902
517.21
531.229
576.555
603.813
608.019
575.153
538.861
524.998
544.157
570.636
587.614
551.945
498.052
453.971
397.897
373.131
361.605
351.481
318.927
292.603
261.606
218.149
171.888
140.892
138.555
145.565
142.294
86.5311
36.6876
-4.74484
-17.8288
3.19897
60.3633
79.9891
25.4728
-51.6289
-133.092
-163.154
-117.672
-40.5699
-15.8039
-80.4447
-179.509
-223.745
-212.842
-144.151
-93.3728
-127.017
-192.437
-271.252
-276.08
-229.819
-185.895
-145.085
-157.079
-168.138
-124.214
-57.7036
-12.0656
-28.4205
-51.4731
-75.7719
-66.2704
-36.0528
3.04321
27.965
19.7096
8.65061
14.4138
34.5069
37.3106
1.79712
-32.4703
-61.7534
-79.1986
-86.3636
-133.248
-174.524
-220.474
-246.642
-249.601
-252.249
-269.383
-280.286
-290.566
-302.093
-304.273
-274.056
-245.707
-215.489
-205.677
-211.44
-175.459
-121.566
-75.9276
-29.0436
14.1022
6.00267
-19.5421
-51.3174
-62.9995
-22.6574
-6.14669
19.7096
7.093
-13.9347
-10.3522
33.1051
82.9486
112.543
113.478
85.7523
66.5937
29.6783
51.3291
90.8924
88.8675
78.12
64.1015
42.6065
21.8903
9.58517
-8.79463
-37.6104
-44.6197
-48.3579
-27.4859
-7.54854
-0.695054
-5.05636
10.8313
0.0837509
-4.1218
7.56028
16.9059
44.1641
83.5716
153.353
189.333
183.414
143.228
133.571
154.599
221.42
298.989
353.194
378.116
383.723
420.327
454.283
493.69
524.998
531.852
508.643
508.176
529.36
558.643
593.377
613.315
597.739
540.107
469.859
412.85
353.038
350.234
354.752
343.848
312.54
263.164
189.022
99.9265
54.9116
29.9899
-12.8444
-85.5848
-180.443
-278.573
-344.615
-364.085
-351.78
-355.363
-384.334
-412.371
-422.34
-428.103
-419.692
-416.11
-423.898
-439.162
-417.2
-407.543
-386.982
-379.817
-379.662
-342.59
-296.952
-234.804
-202.406
-195.864
-184.649
-199.446
-191.347
-147.578
-124.681
-122.189
-137.609
-158.169
-156.145
-140.101
-118.45
-141.815
-183.558
-203.184
-186.518
-117.36
-83.5599
-92.9056
-147.266
-213.153
-204.275
-167.204
-105.522
-88.7
-86.8309
-73.5912
-50.0713
17.6847
51.3291
72.0453
86.9984
144.007
224.38
314.877
382.01
419.548
425
435.591
486.837
580.138
689.326
735.431
730.136
713.002
717.519
745.712
801.474
827.642
816.583
776.241
744.777
713.781
716.117
712.379
699.918
712.379
668.61
608.486
563.004
516.587
471.728
413.162
341.356
253.351
162.387
119.552
70.1762
35.2857
-17.5172
-87.9212
-185.272
-281.844
-335.27
-398.664
-440.097
-516.108
-595.858
-660.031
-713.925
-739.625
-798.659
-872.957
-969.684
-1009.56
-1012.05
-997.721
-980.12
-973.422
-984.793
-1015.48
-985.26
-932.925
-867.661
-801.462
-761.12
-731.681
-673.115
-610.344
-530.127
-464.24
-425.3
-405.051
-377.169
-344.927
-302.871
-251.938
-219.851
-167.982
-140.413
-135.74
-134.182
-116.581
-65.1801
25.4728
88.4002
111.764
117.995
132.169
153.197
196.654
252.728
266.591
309.892
310.671
346.185
426.402
494.936
567.677
620.013
663.158
703.345
764.714
814.402
830.601
820.477
811.91
821.411
850.227
895.242
913.31
889.479
861.131
827.175
815.493
809.574
817.362
804.745
772.97
746.802
722.036
706.927
681.538
641.196
612.536
589.328
562.692
555.995
523.129
491.821
460.825
413.785
356.776
278.429
232.168
187.464
139.801
101.173
22.6691
-71.2548
-173.434
-255.364
-306.921
-360.814
-412.839
-516.108
-632.929
-736.51
-781.681
-800.216
-828.253
-834.795
-889.156
-942.893
-970.463
-979.341
-964.077
-967.815
-981.989
-985.728
-983.858
-972.644
-950.058
-929.965
-894.919
-869.063
-847.879
-822.957
-784.796
-751.619
-712.99
-658.162
-584.643
-533.553
-488.227
-438.851
-381.063
-311.594
-269.85
-197.421
-145.553
-75.4603
-3.96604
48.3697
117.839
164.1
220.174
304.129
376.402
429.673
465.342
487.148
487.148
477.18
509.889
562.381
618.455
639.171
640.729
602.412
593.845
625.308
636.99
642.131
610.2
568.923
534.655
533.254
580.449
605.994
586.524
555.527
514.095
506.774
540.73
537.926
541.353
524.687
476.245
427.336
381.231
348.21
296.653
290.734
239.021
214.878
202.417
193.383
185.595
142.138
108.338
48.3697
4.60082
-26.8629
-51.1616
-97.8899
-121.41
-150.849
-166.736
-196.019
-229.508
-291.345
-355.363
-399.91
-408.789
-375.456
-351.469
-354.74
-384.023
-450.844
-497.884
-502.401
-493.523
-488.694
-504.582
-535.267
-557.229
-544.768
-512.526
-462.215
-433.399
-431.063
-445.081
-450.066
-431.063
-402.091
-353.805
-315.332
-288.697
-248.978
-206.767
-151.316
-102.095
-70.6317
-41.6602
-18.6076
11.7658
53.6655
82.7928
102.419
103.509
106.624
132.325
146.343
177.184
209.894
220.797
242.448
255.688
269.239
303.662
351.325
375.468
392.601
397.742
392.757
408.489
428.426
424.377
434.034
448.987
456.463
459.89
446.339
436.682
428.115
422.663
422.819
436.526
441.822
409.891
378.583
339.175
303.506
281.232
281.544
280.298
261.762
239.177
220.486
230.299
231.856
203.196
149.303
89.179
53.6655
49.7715
68.7744
80.9237
34.8185
-57.5478
-137.453
-191.97
-233.246
-232.467
-220.785
-234.648
-234.181
-245.863
-249.134
-257.701
-274.523
-291.034
-348.354
-391.344
-434.022
-455.984
-417.979
-393.213
-369.07
-354.584
-384.334
-407.387
-427.324
-424.988
-382.465
-359.568
-341.812
-326.391
-303.806
-282.155
-248.511
-214.866
-178.886
-143.216
-93.6844
-79.9774
-70.6317
-55.8344
-35.897
-0.227771
23.2921
42.6065
24.694
9.42941
21.5788
37.7779
77.0297
120.643
134.973
112.232
82.6371
59.4287
59.7402
96.6556
111.609
136.998
142.917
143.228
167.527
206.934
258.18
294.628
316.279
309.269
295.095
285.749
277.806
304.129
337.929
330.297
331.232
292.603
262.853
243.85
231.545
249.457
234.348
189.956
151.951
156.624
176.872
215.034
237.308
235.75
213.476
163.166
138.088
122.045
128.119
160.829
156.312
129.677
121.266
111.141
121.889
112.543
85.9081
54.7559
25.1613
20.9557
22.0461
-15.3366
-39.6353
-70.3202
-94.4632
-69.5414
-54.1211
-73.1239
-118.762
-128.575
-111.597
-69.3857
-35.1182
-21.8785
-35.897
-65.3359
-87.2982
-71.2548
-70.3202
-40.1026
-29.6666
-48.981
-63.934
-70.7875
-74.6815
-81.6908
-81.8465
-111.441
-133.559
-174.992
-182.935
-191.035
-180.132
-156.612
-154.743
-163.777
-190.412
-218.605
-256.766
-253.028
-242.28
-207.857
-145.397
-141.347
-143.372
-147.578
-134.494
-110.974
-87.2982
-77.1737
-87.2982
-115.024
-88.3885
-46.4888
17.0617
44.4756
22.6691
-19.0749
-77.9525
-71.4105
-40.5699
4.60082
40.7374
22.3576
-25.1495
-42.2832
-47.7349
-12.3771
19.7096
-6.61397
-23.1246
-37.6104
-19.5421
32.482
80.7679
107.559
90.7367
59.4287
21.1115
12.7004
5.0681
38.0894
68.4628
74.5375
114.101
128.431
118.306
79.5219
21.5788
-4.43332
2.42017
29.5226
51.4849
47.4351
63.0112
89.4906
132.948
200.237
256.311
286.996
289.02
305.843
341.045
395.249
451.168
484.968
504.126
504.594
503.659
504.749
529.048
537.459
519.391
495.248
465.965
447.897
420.638
396.963
334.347
250.392
175.471
115.035
82.7928
53.9771
1.32984
-66.582
-141.503
-201.004
-187.297
-182.78
-197.577
-212.997
-231.221
-252.093
-250.38
-243.215
-216.424
-203.963
-205.988
-193.994
-208.792
-210.194
-198.979
-194.773
-175.77
-146.176
-150.381
-150.07
-123.902
-103.186
-80.7562
-96.1765
-136.363
-171.565
-191.347
-168.917
-116.581
-67.5165
-35.7413
-43.9966
-74.37
-108.949
-126.083
-135.428
-145.553
-143.995
-122.5
-104.276
-121.098
-128.108
-140.724
-136.051
-93.6844
-62.2206
-87.6097
-129.665
-173.901
-187.608
-138.855
-86.5194
-84.1829
-95.7093
-136.83
-135.428
-64.5571
16.1271
80.3007
107.403
102.574
96.0325
114.412
152.262
219.395
267.37
312.696
323.444
322.353
332.478
365.343
417.523
439.174
464.875
474.064
485.747
492.133
500.388
517.366
508.643
512.226
503.659
466.276
419.081
350.702
320.017
311.138
304.129
297.743
253.663
207.557
166.125
145.565
122.356
109.116
75.4721
26.5631
16.4387
9.27365
21.7345
28.8995
21.7345
26.2516
-2.71995
-31.2242
-36.9874
-21.7228
2.10864
6.15843
6.93723
-17.2057
-61.4418
-78.8871
-85.429
-85.8963
-78.8871
-88.7
-108.793
-133.871
-160.35
-144.93
-148.201
-138.699
-154.275
-191.191
-204.119
-221.408
-224.524
-210.972
-197.11
-205.053
-218.293
-229.352
-269.539
-302.248
-310.971
-310.036
-313.152
-284.336
-258.48
-252.405
-257.233
-267.202
-263.775
-242.592
-195.241
-162.531
-136.519
-129.509
-128.886
-118.918
-47.2676
11.1428
61.2978
107.87
102.263
105.845
111.453
149.926
198.367
256.778
289.955
306.621
298.21
292.291
290.578
291.201
300.391
309.114
311.762
282.946
239.021
195.72
165.813
157.402
176.872
161.452
141.203
104.444
74.5375
89.6463
75.6278
80.3007
49.6157
-9.57343
-62.3764
-74.6815
-4.9006
54.1328
104.132
112.232
79.0546
46.189
57.4038
90.8924
115.658
127.34
120.487
118.774
116.437
131.702
135.752
143.54
151.795
120.799
101.328
94.1634
69.0859
50.7061
11.2985
-3.65451
9.42941
15.0368
-19.6979
-56.3017
-88.5443
-87.7655
-55.3672
-25.9283
-16.2712
-46.6445
-89.9461
-124.058
-124.992
-98.8245
-61.4418
-81.6908
-115.491
-166.425
-204.119
-208.324
-196.331
-167.671
-149.603
-180.911
-221.097
-246.33
-270.162
-230.598
-185.428
-147.578
-145.085
-159.883
-169.851
-148.98
-118.762
-74.0585
-42.9063
-12.6887
2.88745
-4.1218
32.482
75.4721
111.453
150.705
148.368
134.194
116.437
103.042
133.259
161.296
178.43
189.178
192.76
168.617
147.122
163.789
163.944
158.804
143.54
97.9017
60.3633
48.8369
47.4351
83.4159
77.1854
75.3163
76.0951
73.6029
88.4002
103.353
128.275
141.982
132.481
121.889
118.929
125.471
135.129
146.499
160.518
159.271
139.646
99.615
77.1854
51.6406
48.9927
47.7466
56.3135
61.9209
73.1357
109.584
122.512
125.471
118.151
106.469
123.914
126.873
124.225
129.677
143.072
153.976
159.739
150.705
138.244
126.406
117.372
99.1477
80.4564
66.7495
33.7281
32.3263
2.2644
-21.2555
-74.993
-151.316
-193.527
-202.561
-182.468
-184.493
-200.848
-243.215
-266.423
-255.832
-251.47
-233.869
-226.393
-235.115
-241.657
-232
-219.851
-194.617
-187.141
-173.434
-158.792
-158.325
-166.113
-182.468
-179.041
-159.416
-110.039
-90.4134
-75.4603
-83.7157
-86.0521
-62.8437
-40.5699
-5.21212
11.7658
14.4138
14.1022
18.4635
44.1641
79.2103
89.9578
103.976
98.0574
96.6556
110.207
113.478
135.752
150.86
193.383
204.754
215.345
193.695
172.511
149.77
132.636
134.35
112.699
123.291
119.085
132.169
122.356
125.16
133.571
147.434
149.926
122.045
117.216
114.88
139.646
148.836
145.72
132.948
120.02
113.945
112.076
123.914
144.007
156.312
165.346
175.938
180.767
196.187
185.284
192.916
182.791
158.804
174.692
178.119
166.748
134.505
147.122
146.655
126.406
114.568
74.5375
34.0396
16.9059
13.1677
38.7125
66.9052
63.6342
44.9429
-27.9532
-62.5322
-57.7036
-31.0684
-30.1339
-60.9746
-102.251
-160.662
-202.094
-199.29
-179.976
-198.2
-213.465
-269.383
-315.488
-334.647
-323.743
-296.641
-277.794
-303.962
-346.017
-380.908
-393.213
-375.768
-347.731
-322.186
-322.342
-331.22
-330.285
-302.716
-285.115
-257.078
-239.477
-217.203
-199.602
-170.319
-153.341
-139.945
-130.288
-126.55
-108.326
-112.843
-105.989
-103.809
-100.538
-81.0677
-49.7598
-45.5542
-32.6261
-22.0343
-38.545
-29.6666
-5.99093
36.3761
54.9116
74.0702
73.4472
74.3817
91.0482
120.02
164.879
216.124
242.604
260.516
264.254
261.295
298.366
364.564
408.645
427.648
427.803
400.701
365.343
339.02
342.446
373.131
388.24
363.63
352.882
334.035
319.705
299.612
298.21
280.765
289.332
278.74
246.653
241.202
247.432
245.875
240.267
227.651
197.9
179.365
165.658
152.885
131.079
100.55
74.3817
36.5318
-21.2555
-50.5386
-88.2327
-117.983
-134.182
-138.076
-151.939
-183.87
-205.053
-221.876
-244.928
-262.374
-294.46
-310.192
-305.831
-291.657
-284.336
-271.408
-263.308
-259.103
-261.439
-282.778
-273.744
-274.834
-289.787
-307.233
-303.806
-288.074
-277.638
-278.261
-272.031
-269.539
-265.645
-266.735
-279.196
-270.785
-273.744
-268.915
-232.156
-187.92
-147.422
-123.746
-104.432
-98.8245
-94.3074
-97.8899
-89.9461
-59.1054
-46.4888
-35.897
-27.3302
-1.00658
18.6193
25.0055
53.1983
81.5468
113.634
144.007
181.857
194.162
214.722
242.604
267.525
295.095
312.229
336.995
368.77
360.203
367.68
389.175
416.589
459.267
475.155
470.638
450.233
431.542
398.053
381.698
362.695
338.552
321.419
310.048
304.596
291.668
279.986
269.706
221.264
178.586
123.291
84.3505
57.7153
24.8497
14.258
-10.8195
-54.8999
-86.8309
-100.849
-112.22
-110.351
-86.5194
-71.5663
-63.7783
-65.6474
-73.2797
-70.3202
-82.0023
-98.0457
-112.22
-116.581
-115.647
-104.743
-109.416
-133.715
-146.487
-151.783
-154.12
-169.54
-170.319
-196.331
-203.34
-179.041
-178.107
-153.808
-143.216
-140.101
-161.596
-179.353
-188.699
-180.132
-141.503
-120.787
-126.238
-165.49
-194.617
-205.053
-200.381
-174.836
-177.795
-215.801
-241.034
-268.604
-276.236
-260.972
-227.016
-197.265
-201.783
-205.832
-201.783
-167.359
-132.313
-78.8871
-48.5137
-40.8814
-24.3707
-3.18723
28.8995
83.8832
150.237
177.34
220.174
244.94
262.697
300.235
345.717
376.247
398.988
377.025
358.334
349.3
352.882
367.057
369.86
369.86
371.262
375.779
352.571
329.362
320.484
313.475
307.867
296.341
277.183
237.931
206.934
190.112
193.85
198.679
191.047
160.673
113.166
89.179
72.3569
80.3007
75.1606
62.3881
33.5724
-9.10615
-34.0279
-32.3145
-21.8785
-50.6943
-96.9553
-141.97
-177.328
-179.353
-188.231
-185.428
-198.979
-201.159
-203.807
-221.408
-223.745
-218.137
-215.489
-213.932
-203.34
-203.963
-194.773
-222.343
-233.869
-240.255
-224.679
-199.135
-180.911
-190.412
-198.2
-226.86
-262.062
-267.669
-251.159
-221.876
-220.474
-222.654
-249.757
-248.044
-256.143
-244.461
-242.125
-236.361
-213.62
-184.805
-153.808
-132.157
-115.335
-114.868
-111.13
-98.3572
-67.0492
-18.7633
30.6129
61.1421
65.6591
57.248
62.6997
67.8398
88.556
103.665
94.4749
97.1229
98.0574
103.821
136.53
159.427
158.181
162.387
167.994
176.717
194.318
198.679
216.436
221.109
223.757
235.75
249.301
268.304
265.812
257.868
272.042
272.354
296.497
294.784
281.855
285.438
298.055
322.197
339.02
327.026
315.188
307.244
285.905
293.382
284.971
266.435
261.295
258.647
250.392
244.005
235.75
234.971
196.654
164.723
136.998
125.316
152.73
156.624
149.303
136.063
104.288
73.4472
54.1328
32.9493
-8.17158
-30.9127
-51.3174
-87.1424
-113.154
-139.478
-159.727
-170.319
-196.487
-191.502
-199.913
-209.882
-227.016
-245.863
-241.813
-240.411
-240.723
-248.822
-270.473
-297.887
-289.164
-258.947
-208.636
-184.337
-185.272
-194.306
-206.767
-194.617
-150.07
-120.943
-131.223
-146.487
-163.621
-157.858
-171.098
-156.612
-147.578
-141.815
-165.957
-168.761
-160.817
-143.372
-112.999
-110.351
-104.276
-94.7747
-77.3295
-46.333
-26.2399
-6.61397
-9.88495
-6.92549
2.57593
-2.0969
18.7751
22.9806
37.6222
51.0176
54.9116
49.46
57.5596
56.1577
44.6314
55.3789
71.1108
82.1698
85.4408
69.3974
71.4223
79.6776
88.556
96.4998
110.051
121.577
131.702
141.203
156.935
187.932
218.616
258.959
271.264
274.379
258.024
258.18
270.018
293.693
329.83
330.764
301.949
267.37
252.261
230.766
204.754
172.978
146.966
108.961
77.8085
73.1357
85.1293
79.0546
41.8277
10.364
-10.6638
-8.17158
-7.86006
-10.6638
-21.0997
-55.2114
-72.1894
-86.8309
-97.8899
-77.9525
-63.6225
-58.9497
-76.5507
-103.809
-106.145
-108.482
-101.161
-100.226
-113.31
-140.413
-168.917
-197.888
-210.972
-211.595
-207.701
-217.982
-247.576
-247.732
-258.791
-232.156
-184.337
-174.68
-157.546
-148.98
-148.512
-149.914
-138.699
-97.4226
-59.5727
-34.1837
-3.03147
15.5041
20.9557
30.6129
65.9707
78.7431
85.1293
70.4877
41.8277
18.9308
22.2018
29.3668
31.236
33.5724
24.694
18.7751
28.8995
52.1079
100.705
143.228
164.879
168.306
177.651
180.455
190.735
232.791
251.17
278.584
257.868
246.498
258.647
289.02
310.515
318.148
316.123
295.095
270.796
268.771
281.544
291.824
270.796
245.875
228.585
206.623
169.396
144.786
143.072
119.397
97.9017
93.6961
91.2039
66.4379
51.0176
25.1613
16.1271
4.60082
-7.7043
-32.6261
-67.828
-75.4603
-93.0613
-90.8807
-79.5101
-85.2733
-119.696
-137.92
-159.26
-187.141
-175.77
-190.1
-218.137
-243.059
-261.906
-257.389
-237.608
-226.237
-225.925
-244.461
-264.554
-299.756
-291.189
-287.607
-292.747
-281.065
-292.124
-277.638
-270.785
-252.716
-254.741
-240.255
-236.829
-223.901
-201.315
-189.166
-169.696
-176.861
-173.901
-191.035
-218.76
-203.34
-201.627
-208.48
-189.945
-170.63
-151.316
-137.297
-108.17
-79.1986
-84.1829
-85.5848
-68.4511
-22.3458
17.3732
56.4692
80.7679
70.0204
86.3753
117.995
157.558
191.514
217.37
251.794
291.668
307.4
342.446
364.876
381.698
389.798
386.371
404.751
405.218
409.112
422.352
421.885
422.508
422.819
418.458
410.67
409.735
421.729
402.57
396.028
386.371
370.795
360.359
345.562
358.178
358.023
359.736
343.537
324.222
304.129
251.949
216.592
174.38
156.935
120.331
113.01
93.6961
68.1513
27.4977
8.96213
1.32984
-32.4703
-55.9902
-74.37
-91.8152
-106.301
-93.8401
-111.908
-122.033
-140.101
-163.621
-176.861
-154.431
-133.871
-130.444
-156.768
-166.113
-162.998
-163.154
-161.908
-155.833
-176.238
-205.677
-235.427
-247.732
-243.682
-243.059
-259.726
-293.837
-321.563
-318.603
-302.248
-289.32
-287.607
-322.497
-336.36
-345.55
-321.563
-263.775
-234.492
-219.072
-223.745
-240.1
-226.704
-186.985
-157.235
-136.674
-131.846
-131.067
-119.541
-104.899
-78.7313
-28.2648
16.7502
48.2139
44.9429
58.0268
72.5126
97.4344
143.072
186.685
228.897
244.005
238.554
256.466
278.429
272.821
279.675
283.257
300.079
317.525
331.387
348.365
365.343
384.035
375
352.259
324.534
307.712
313.475
322.821
333.88
323.755
284.348
251.949
227.495
195.097
177.184
168.773
168.617
148.368
124.693
107.559
103.509
103.665
111.453
102.886
80.3007
66.9052
51.9522
51.0176
41.2047
29.5226
36.5318
33.8839
17.3732
5.53539
8.49484
25.4728
17.529
4.75658
-17.3615
-37.1431
-47.2676
-59.1054
-54.2768
-66.7377
-85.2733
-110.662
-137.142
-160.35
-170.319
-175.926
-174.68
-160.039
-148.045
-132.313
-119.385
-127.017
-139.634
-135.428
-139.945
-125.927
-102.719
-93.0613
-75.7719
-61.2861
-63.311
-71.099
-62.9995
-68.4511
-78.4198
-70.476
-77.9525
-77.9525
-78.5756
-74.6815
-83.8714
-100.382
-90.4134
-87.1424
-81.0677
-70.476
-54.4326
-27.9532
5.69115
22.9806
37.6222
65.1918
69.7089
70.7992
76.7182
89.6463
96.8113
110.986
121.733
138.555
146.811
133.259
143.228
144.786
125.16
138.244
139.178
130.923
141.982
126.717
130.3
143.072
143.851
129.833
127.652
123.602
106.001
114.88
130.923
149.303
172.355
197.277
207.246
209.427
190.424
162.698
152.106
153.508
164.412
146.032
127.029
109.584
91.827
104.599
100.082
89.0233
69.5532
57.248
34.0396
8.33908
0.551034
-18.7633
-19.5421
-6.76973
-7.86006
-12.2214
-31.8473
-38.0777
-58.6381
-65.1801
-59.2612
-38.8565
-56.3017
-69.0741
-65.6474
-59.7285
-49.604
-45.3985
-59.4169
-79.6659
-68.4511
-64.4013
-52.7192
-46.0215
-70.1645
-106.613
-135.428
-172.967
-173.278
-170.319
-167.204
-164.4
-153.497
-169.851
-162.531
-146.176
-138.855
-117.204
-105.834
-97.1111
-70.1645
-56.769
-48.3579
-39.4795
-29.1993
-17.2057
-15.9596
-7.86006
-13.3117
-6.76973
-13.0002
4.75658
22.6691
46.0332
68.1513
77.8085
90.4251
77.0297
70.955
76.0951
55.8462
63.167
77.0297
75.6278
82.4813
85.4408
84.662
97.2786
89.4906
77.497
76.8739
75.1606
94.7864
100.705
106.313
103.821
98.992
115.814
136.063
169.863
198.056
180.767
177.651
169.24
156.156
157.714
176.094
172.978
151.328
132.013
104.288
72.0453
60.9863
69.5532
68.7744
66.1264
59.896
46.3448
24.0709
-5.21212
-0.539293
14.881
12.5446
12.2331
4.2893
-4.43332
-7.7043
0.0837509
3.35473
-7.54854
-16.1154
-42.1275
-55.8344
-50.2271
-55.2114
-86.9866
-109.416
-135.428
-150.226
-177.951
-201.004
-184.96
-189.01
-193.994
-184.96
-185.116
-183.714
-175.77
-187.92
-189.477
-188.543
-188.543
-176.238
-190.568
-191.502
-187.297
-178.418
-182.624
-169.851
-157.702
-153.808
-115.958
-75.6161
-53.498
-38.2335
-16.4269
-24.215
-17.9845
-27.6417
-32.7818
-27.7975
-24.3707
-24.6822
5.53539
7.24876
-2.56419
10.0525
-5.67941
-12.5329
-16.1154
-5.83517
-4.9006
23.4479
45.2544
47.1236
69.5532
58.8056
71.7338
84.5062
96.9671
117.995
139.801
155.533
152.73
158.181
147.745
140.269
136.219
128.742
138.4
146.032
140.892
140.736
115.658
113.945
114.724
105.845
105.222
95.4095
86.3753
83.8832
82.9486
75.6278
65.1918
61.1421
50.3946
48.3697
72.6684
104.911
128.275
133.104
126.25
118.462
128.275
122.356
129.833
120.487
91.3597
69.3974
50.2388
35.5973
10.5197
3.04321
-14.402
-27.7975
-33.0933
-24.6822
-41.816
-61.2861
-78.8871
-91.6595
-104.899
-102.095
-91.6595
-107.08
-110.039
-84.1829
-51.1616
-24.5265
-11.4426
-10.6638
-33.4049
-50.8501
-57.7036
-63.4667
-70.476
-63.6225
-84.0272
-111.908
-139.79
-165.334
-173.122
-164.244
-156.456
-153.185
-161.129
-153.497
-140.413
-142.438
-141.036
-143.528
-135.584
-128.108
-103.03
-91.1922
-68.4511
-48.8252
-21.0997
-24.9938
-29.9781
-15.3366
-9.72919
-21.0997
-25.3053
-15.4923
-4.9006
13.9465
7.40452
23.9152
40.5816
58.4941
73.7587
69.7089
47.4351
33.8839
29.6783
48.3697
56.9365
71.2665
80.6122
79.6776
72.6684
76.4066
89.6463
115.97
139.801
139.646
115.347
93.5403
102.886
115.97
139.801
153.976
147.278
117.372
97.2786
80.3007
89.6463
105.845
113.01
115.503
103.665
105.534
100.861
88.8675
76.7182
70.6435
60.9863
56.625
60.2075
50.7061
62.6997
72.2011
72.0453
58.9614
42.295
26.4074
35.5973
44.9429
43.6968
47.7466
43.8526
26.8746
11.6101
15.3483
1.32984
-5.52364
-15.9596
-13.4675
-30.2896
-29.3551
-24.215
-33.2491
-35.5855
-44.1524
-47.2676
-51.0059
-42.9063
-45.71
-32.3145
-18.7633
-24.3707
-38.0777
-31.2242
-25.7726
-43.9966
-66.1147
-70.9433
-72.9682
-68.7626
-69.6972
-96.4881
-94.1517
-94.1517
-80.7562
-50.6943
-46.0215
-53.0307
-71.5663
-93.9959
-100.694
-100.538
-84.3387
-92.2825
-101.317
-73.9027
-45.2427
-27.7975
-30.7569
-5.52364
-19.8537
0.395273
38.401
46.812
75.7836
80.7679
102.574
103.665
103.198
104.444
77.8085
58.6499
46.0332
46.189
40.7374
46.6563
52.4194
35.13
30.7687
-4.1218
-4.43332
3.97778
1.79712
15.0368
18.3078
21.5788
0.706795
2.10864
5.84691
8.33908
18.3078
35.753
46.9678
66.2822
79.0546
80.7679
84.3505
83.5716
92.1385
90.7367
69.3974
35.753
17.2175
7.56028
9.27365
11.2985
3.19897
-8.79463
-6.14669
-22.8131
-36.5201
-22.8131
-34.651
-29.0436
-42.439
-34.9625
-12.2214
0.395273
33.7281
31.3917
24.694
21.1115
12.8562
8.96213
14.258
7.24876
12.2331
4.2893
-5.05636
-21.567
-33.4049
-23.1246
-21.7228
-5.83517
-7.54854
-21.2555
-28.109
-51.9404
-66.582
-62.3764
-81.0677
-76.2391
-77.4852
-98.3572
-106.457
-102.874
-101.94
-83.7157
-72.9682
-64.2455
-43.062
-41.6602
-40.5699
-45.5542
-60.1958
-76.2391
-77.7967
-64.0898
-47.5791
-25.9283
-16.5827
-20.6325
-26.3956
-31.38
-53.0307
-78.8871
-74.2142
-62.3764
-52.2519
-28.8878
3.51049
10.5197
6.93723
18.4635
33.1051
26.0958
31.3917
50.5503
52.5752
64.5688
73.6029
97.9017
114.88
129.054
137.465
135.44
139.957
145.72
141.359
149.147
140.113
147.589
148.212
135.752
149.459
156.935
154.91
130.923
110.207
88.2445
60.2075
50.5503
61.9209
85.5965
