-1.0139
-21.5426
-39.5641
-46.3025
-47.8696
-39.4074
-29.0646
-43.4818
-17.9384
-8.22246
-1.64073
-17.4682
-26.2439
-28.5945
-43.6385
-23.4231
-11.9835
-6.65538
0.396477
14.0301
11.6795
13.4032
7.29163
-2.11085
1.80685
-1.48402
-9.94625
-23.7366
-35.0195
-39.2507
-57.8989
-53.8245
-51.944
-58.2123
-46.4592
-52.4141
-46.3025
-27.811
-23.1097
1.02331
8.07517
36.9094
39.7302
40.8271
37.8497
31.8948
33.6186
22.0222
-1.64073
-25.4603
-27.4976
-24.5201
-32.1988
-33.6092
-32.1988
-41.2879
-34.7061
-48.3397
-32.5122
-15.5877
-0.0736472
7.44834
0.709893
-5.40172
-2.58098
-12.1402
-1.48402
11.9929
10.2691
4.94101
-13.7072
12.6197
17.7911
18.7313
37.5363
37.0662
35.6558
23.9027
10.2691
13.2465
15.2837
19.6716
22.3356
12.1496
18.888
10.7392
-0.543771
6.97821
13.56
14.5002
-1.48402
-5.0883
-3.52122
-4.77489
-5.87184
-29.6915
-51.7873
-69.3386
-79.5246
-70.5923
-61.0331
-38.4671
-18.8786
-8.53588
-9.63284
-8.53588
-14.6475
-30.7884
-16.9981
-18.0951
-26.0872
-15.2743
-19.8189
-23.1097
-19.0353
-26.714
-3.52122
-7.28222
-13.3938
-4.9316
-21.0725
-31.4153
-34.8628
-55.0782
-45.0489
-17.7817
3.68735
29.074
51.7967
60.8858
54.1473
56.498
47.5656
42.0808
25.9399
15.7539
31.8948
12.7764
-5.40172
-3.67793
-10.103
-9.63284
-15.5877
-27.9677
-36.9
-17.7817
-1.32731
25.6265
38.3198
32.835
12.1496
6.03797
-0.857187
4.7843
15.5972
13.7167
23.2758
30.3277
28.4472
13.56
17.9478
27.6637
14.8136
21.8655
10.1124
12.463
6.97821
-7.90905
-4.14806
-26.2439
-49.7501
-66.3611
-56.802
-47.5562
-35.8031
-13.2371
-1.1706
-0.387063
-4.9316
-27.0274
-44.5787
-63.3837
-73.413
-66.6746
-64.1672
-46.3025
-36.9
-40.9744
-61.8166
-56.802
-62.4434
-62.9136
-61.6599
-56.0184
-30.1616
-32.6689
-40.5043
-29.378
-20.7591
-52.1007
-47.2428
-53.6678
-45.519
-54.9215
-49.4367
-54.608
-52.8843
-52.4141
-66.5179
-66.2044
-58.6824
-45.2056
-41.758
-19.0353
-9.94625
-9.94625
3.68735
-10.5731
-3.67793
-19.3487
-23.4231
-10.7298
-19.192
-22.6396
-14.4908
0.396477
0.239769
-7.43892
-6.49868
1.49343
4.00076
5.41113
37.2229
53.9906
52.1101
50.6998
37.2229
43.9613
42.2375
33.4619
25.6265
32.6783
27.8204
26.8801
19.2014
11.8362
1.80685
-11.67
12.1496
31.7381
50.543
58.3784
31.4247
21.0819
5.09772
-14.6475
-19.192
-2.89439
8.23188
5.09772
7.13492
30.7978
17.1642
18.4179
17.9478
6.19467
8.07517
-8.22246
1.33673
6.35138
1.18002
-1.64073
0.396477
1.49343
-11.0432
-12.767
-25.4603
-19.192
-13.7072
-8.22246
-7.12551
-7.59563
-3.36452
-19.9756
-10.8865
-4.14806
-7.90905
-3.52122
-3.52122
-1.64073
1.65014
-24.3634
-22.6396
-22.953
-28.7512
-34.8628
-31.1018
-36.4299
-57.2721
-50.847
-57.4288
-56.6452
-45.3623
-42.3848
-40.3476
-29.6915
-33.4525
-25.4603
-29.0646
-36.5866
-37.3702
-45.6757
-44.422
-55.5483
-28.4378
-25.7738
-26.8707
-14.4908
-25.4603
-19.3487
-14.4908
-15.431
-16.9981
-7.28222
0.709893
-0.700479
-20.7591
-23.2664
-28.9079
-30.3183
-29.2213
-30.7884
-42.2281
-47.0861
-35.4897
-38.4671
-28.7512
-31.4153
-29.0646
-19.8189
3.53064
13.7167
12.7764
20.2984
15.9106
-2.42427
-26.0872
-36.7433
-41.1312
-41.6013
-13.3938
-12.9237
-11.1999
-5.0883
-14.0207
-8.22246
-9.006
-1.79744
-6.34197
-16.2146
-21.5426
-22.4829
-23.5799
-33.2957
-39.8775
-52.1007
-40.1909
-27.4976
-21.3859
-22.4829
-29.378
-29.6915
-29.6915
-21.3859
-17.6249
-12.4536
-3.99135
11.6795
10.4258
23.5893
36.7527
27.3503
39.7302
37.5363
27.8204
10.2691
8.07517
-12.2969
-30.3183
-39.7208
-36.5866
-38.9372
-24.05
-25.7738
-40.0342
-42.2281
-55.3916
-53.5111
-50.3769
-31.572
-16.528
7.60505
14.5002
3.53064
16.5374
7.60505
9.32883
-2.89439
-2.26756
22.649
14.5002
26.2533
27.507
-12.2969
-1.32731
-18.2518
-28.1244
-43.4818
-53.3544
-34.0793
-37.8403
-35.1762
-44.7354
-38.9372
-47.3995
-40.661
-28.2811
-6.34197
-1.0139
-7.28222
-1.79744
-3.83464
-7.59563
-19.6622
-22.953
-29.378
-32.8256
-44.7354
-45.8324
-45.6757
-51.7873
-45.8324
-28.5945
-25.7738
-28.9079
-20.6024
-38.4671
-47.2428
-56.6452
-63.0703
-56.4885
-51.4739
-47.2428
-19.0353
-19.3487
-5.71514
2.12027
-11.3566
-17.4682
-27.6543
-37.2134
-23.1097
-16.2146
-24.3634
-24.5201
-42.5415
-51.4739
-66.8313
-73.413
-62.9136
-61.8166
-53.5111
-43.4818
-32.1988
-25.1469
-27.1841
-40.661
-33.7659
-37.997
-32.3555
-42.8549
-34.0793
-31.1018
-33.139
-31.1018
-25.4603
-18.8786
-22.4829
3.68735
11.0526
9.17213
15.5972
16.5374
21.5521
33.3052
32.6783
42.3942
49.1327
50.3863
38.9467
18.888
7.44834
-3.0511
-4.30476
-8.69259
-5.87184
6.19467
10.8959
11.8362
14.9703
-10.2597
-1.0139
11.9929
-4.14806
18.888
37.2229
49.9162
49.7595
39.7302
21.8655
-1.1706
-25.7738
-40.661
-39.7208
-32.8256
-30.6317
-20.7591
-24.6768
-40.661
-29.2213
-40.1909
-36.9
-27.811
-33.139
-43.7952
-25.1469
-36.9
-43.4818
-40.661
-49.4367
-44.1086
-50.5336
-64.6374
-73.7264
-74.6667
-100.21
-87.2033
-90.8076
-85.4795
-89.3972
-94.4119
-105.381
-131.552
-124.657
-114.941
-107.575
-94.4119
-80.935
-81.7185
-79.6813
-90.4942
-113.844
-124.97
-122.463
-124.5
-114.157
-114.471
-104.911
-99.8967
-104.128
-114.941
-116.978
-112.747
-118.702
-124.5
-111.493
-99.1131
-82.3454
-62.6002
-66.5179
-45.3623
-41.1312
-25.9305
-43.6385
-34.0793
-33.9226
-46.7726
-41.1312
-50.0635
-25.9305
24.0594
71.0718
88.7798
93.6378
87.3694
80.3176
96.4585
108.838
117.301
122.315
133.755
146.605
159.298
175.596
183.745
178.103
181.708
176.85
156.478
139.396
133.442
145.508
162.903
178.103
168.701
175.596
150.679
138.613
139.553
129.994
132.658
135.322
137.673
126.546
123.099
112.286
89.0932
75.1462
74.5194
50.2296
46.9388
61.1992
77.1834
115.734
123.412
137.046
132.188
126.546
114.48
123.726
135.165
128.74
112.913
98.0256
87.2127
80.631
81.8847
81.5712
68.4078
56.1845
53.6772
36.2826
25.6265
12.7764
1.49343
-29.0646
-46.1458
-74.9801
-111.963
-151.767
-201.13
-217.428
-237.643
-253
-257.702
-294.215
-332.608
-359.719
-382.755
-396.075
-390.277
-384.635
-378.21
-375.233
-371.942
-346.555
-326.183
-276.036
-235.763
-229.651
-216.487
-218.525
-229.337
-204.264
-203.951
-183.265
-172.609
-165.871
-152.707
-135.156
-116.194
-116.664
-101.777
-98.643
-95.1954
-63.3837
-38.1537
9.95567
60.7291
108.995
159.455
177.477
184.215
200.669
220.258
230.13
268.21
286.075
295.791
287.642
279.65
295.164
286.075
270.875
270.091
264.293
259.435
242.197
210.699
228.72
233.578
237.809
249.876
251.443
273.695
266.017
283.254
287.329
258.495
221.198
192.834
175.596
164.313
163.53
179.984
180.141
171.835
153.344
159.298
158.985
174.186
189.7
199.572
200.669
186.722
164.94
151.933
154.284
133.285
134.068
139.71
150.993
161.022
161.806
142.687
106.331
63.7065
15.4404
-22.7963
-56.1751
-86.7332
-99.8967
-149.573
-198.779
-270.552
-311.923
-367.397
-417.074
-431.491
-469.571
-484.301
-511.412
-539.933
-556.544
-558.581
-563.282
-562.655
-536.955
-523.478
-499.659
-453.43
-419.424
-395.605
-369.278
-342.324
-319.288
-289.043
-229.024
-164.304
-128.418
-63.6971
-8.37917
23.2758
63.0797
120.748
153.5
190.64
211.639
221.355
234.518
261.159
283.568
313.029
353.46
364.586
392.01
398.748
394.047
381.667
367.877
354.4
351.266
330.58
302.059
276.673
213.676
172.305
139.24
109.779
60.8858
1.96356
-39.7208
-101.15
-142.051
-180.131
-191.257
-203.637
-213.98
-191.257
-195.175
-205.675
-207.868
-222.912
-221.502
-214.607
-202.54
-191.884
-177.781
-163.363
-143.775
-129.985
-126.537
-113.217
-89.2405
-42.0714
-0.857187
56.1845
98.6524
132.188
159.769
173.716
200.826
236.869
274.479
301.589
334.811
351.736
379.943
377.906
375.399
363.176
350.326
338.572
316.163
314.283
306.604
301.589
272.755
261.942
250.816
246.271
228.25
223.705
212.266
178.887
160.865
154.284
113.696
101.943
98.6524
104.921
107.115
88.3097
68.7212
28.2905
13.4032
-12.767
-55.0782
-82.0319
-108.359
-132.805
-154.588
-178.878
-225.577
-249.083
-281.835
-315.684
-313.803
-335.115
-360.659
-378.053
-396.075
-400.149
-392.784
-370.531
-364.42
-371.785
-346.398
-319.758
-292.648
-253.627
-235.606
-215.861
-204.108
-208.339
-203.167
-191.257
-163.05
-121.992
-77.9575
-55.3916
-52.8843
-43.6385
-33.2957
-25.1469
3.06051
23.5893
56.3412
94.578
127.33
165.253
206.624
229.347
241.727
250.659
229.347
217.28
192.364
189.386
174.969
154.754
123.256
104.764
80.3176
67.3108
64.9602
42.0808
30.4844
19.8283
-4.61818
-23.5799
-38.9372
-57.8989
-46.6159
-51.0038
-44.1086
-47.3995
-26.4006
-20.289
-27.9677
-35.1762
-80.935
-98.0162
-113.374
-116.821
-109.769
-84.696
-62.6002
-56.6452
-54.7647
-58.2123
-44.1086
-22.0128
-5.71514
17.0075
23.1191
29.2308
35.029
45.0583
58.5352
58.2217
77.3401
77.1834
89.0932
102.257
116.204
108.525
104.764
94.2646
79.3773
66.8407
55.0876
80.7877
86.2725
110.249
128.584
145.978
148.329
143.314
128.584
108.212
104.921
106.018
115.89
123.412
127.487
134.695
128.27
109.152
101.943
96.9286
90.3469
71.3852
63.7065
51.3266
27.1935
14.9703
-14.1774
-33.4525
-54.2946
-79.0545
-88.3003
-103.344
-122.933
-139.387
-159.132
-179.661
-190.004
-199.25
-215.547
-208.652
-211.786
-218.368
-204.734
-200.66
-173.706
-164.617
-149.416
-100.68
-71.5325
-36.5866
-33.9226
-38.7805
-37.8403
-42.5415
-18.5652
-1.79744
17.7911
35.3424
46.1552
67.3108
90.6603
113.853
134.382
155.381
143.157
144.411
142.844
129.21
125.763
110.406
118.554
114.95
99.9061
76.2432
60.2589
59.3187
51.4833
51.64
31.8948
13.8734
-0.0736472
-24.5201
-42.0714
-70.9057
-77.4874
-102.247
-120.582
-120.112
-136.566
-139.23
-147.066
-157.722
-170.102
-162.423
-176.84
-183.579
-205.831
-216.017
-230.434
-236.546
-249.553
-265.694
-272.432
-263.03
-247.359
-242.814
-234.509
-229.337
-195.489
-184.362
-176.684
-154.744
-139.701
-122.933
-91.7478
-61.1898
-40.1909
-15.431
-0.700479
13.7167
43.6479
66.0571
98.8091
136.732
161.022
172.775
190.327
201.453
223.235
244.077
271.971
285.292
305.82
337.632
354.4
345.624
354.713
354.086
338.102
328.543
328.7
343.43
344.527
362.862
350.326
341.08
323.372
309.738
309.738
310.522
303
300.962
287.486
266.173
237.182
188.133
153.03
113.07
88.6231
57.9083
25.3131
-22.3262
-65.2642
-103.188
-141.581
-163.99
-195.018
-210.533
-225.42
-231.688
-221.032
-240.307
-250.963
-259.269
-265.38
-261.776
-249.083
-248.926
-257.232
-246.262
-244.852
-226.203
-204.108
-184.362
-161.17
-143.775
-128.888
-117.605
-97.546
-75.1368
-77.4874
-79.2112
-84.696
-87.5167
-81.0917
-59.7794
-63.5404
-50.2202
-56.802
-63.8538
-68.5551
-79.6813
-86.1064
-120.739
-119.015
-119.642
-106.008
-77.3307
-66.2044
-49.4367
-33.2957
-38.9372
-56.9587
-68.2416
-61.8166
-43.3251
-29.8482
-19.192
-10.103
-1.1706
-7.43892
-19.192
-21.6994
-17.3115
-33.7659
-42.0714
-14.1774
10.7392
8.07517
15.5972
19.0447
10.4258
8.54529
-6.81209
5.88126
22.8057
44.4314
67.6242
95.3615
118.398
112.913
111.816
106.801
90.5036
95.0481
112.129
120.592
128.74
132.658
142.687
129.21
139.867
141.277
143.784
138.456
147.389
180.611
196.125
209.915
215.086
224.176
221.355
219.474
197.535
188.916
166.977
176.693
181.864
178.103
185.625
172.619
176.536
164.313
156.791
143.157
135.165
120.121
104.451
92.0707
87.2127
99.5927
98.9658
85.8024
77.8102
47.4089
23.5893
-1.32731
-22.953
-47.0861
-45.2056
-51.3172
-73.413
-76.077
-99.8967
-118.858
-147.693
-180.445
-199.093
-224.009
-242.188
-252.687
-251.12
-249.239
-240.15
-233.725
-235.292
-211.473
-199.25
-176.684
-169.318
-144.402
-127.007
-98.9564
-95.5088
-87.2033
-78.1142
-69.8087
-69.4953
-58.6824
-33.4525
-39.8775
-42.5415
-50.847
-76.2337
-97.8595
-87.8301
-100.21
-97.7027
-91.5911
-92.3747
-102.717
-97.3893
-93.6283
-105.068
-96.2924
-98.0162
-92.5314
-98.0162
-90.1808
-83.2856
-79.3679
-78.1142
-86.2631
-76.8606
-81.4051
-71.5325
-60.7197
-42.8549
-37.997
-41.4446
-51.1605
-64.6374
-62.6002
-61.5032
-40.3476
-37.0567
-26.8707
1.02331
28.6039
49.7595
74.9895
95.0481
120.748
124.196
110.719
119.651
119.024
107.741
121.688
120.435
117.614
103.197
76.2432
60.4157
62.7663
90.3469
100.846
103.354
88.4664
64.1766
31.268
13.7167
8.702
26.5667
47.7223
45.9985
48.976
66.3706
101.003
133.755
149.583
142.217
132.031
139.24
177.477
221.825
245.645
243.137
232.011
222.765
231.384
253.637
264.45
297.515
301.746
325.879
358.631
386.212
380.1
383.234
362.705
325.252
301.433
252.07
204.9
143.001
94.7347
50.0729
15.7539
-46.3025
-121.366
-207.555
-316.624
-421.775
-519.561
-593.214
-666.71
-728.923
-782.674
-831.88
-848.961
-883.594
-898.011
-917.599
-915.719
-859.46
-765.906
-635.681
-484.928
-336.056
-217.428
-142.521
-71.6892
6.82151
79.6907
187.036
312.872
403.136
453.753
504.996
555.3
578.336
553.419
474.752
354.87
237.652
161.649
112.129
66.3706
32.835
-30.9451
-112.12
-218.838
-317.878
-386.829
-419.738
-426.319
-429.454
-423.499
-411.902
-383.695
-337.309
-322.892
-292.021
-266.321
-229.651
-166.811
-86.2631
23.1191
121.845
204.744
245.801
271.971
297.201
330.737
364.273
415.829
454.066
461.588
467.386
447.641
419.747
382.921
331.207
310.678
261.472
212.736
179.67
142.844
125.763
88.9365
60.1022
23.1191
-9.31942
-27.9677
-45.2056
-33.6092
-6.65538
29.8576
66.2138
87.3694
119.808
158.358
224.646
296.731
358.004
417.553
492.773
533.831
591.969
623.624
643.213
657.16
660.607
700.411
725.328
746.64
765.445
749.774
718.746
698.531
692.889
663.428
486.035
154.597
-181.542
-351.57
-253.314
-63.3837
-18.2518
-209.436
-628.943
-1102.51
-1414.21
-1462.32
-1298.56
-1123.98
-1164.26
-1409.04
-1597.56
-1576.87
-1400.26
-1287.9
-1346.82
-1527.35
-1538.32
-1233.84
-682.851
-119.955
211.796
257.711
103.824
-11.1999
125.763
584.761
1169.75
1596.62
1656.8
1414.22
1100.8
960.076
986.403
1115.06
1128.07
957.412
642.429
250.189
-58.369
-231.375
-311.296
-431.804
-645.867
-904.906
-1071.02
-1111.13
-1095.46
-1107.84
-1208.14
-1292.6
-1262.67
-1085.9
-809.941
-543.537
-424.126
-454.214
-464.086
-355.958
-54.7647
390.599
762.311
961.33
953.965
859.47
847.247
929.205
1049.4
1128.85
1111.46
1032.01
914.631
776.571
630.519
464.722
259.748
90.5036
-13.0804
-54.7647
-56.3318
-124.343
-282.932
-479.444
-630.04
-669.217
-591.02
-478.817
-433.841
-470.668
-531.471
-509.688
-405.634
-276.507
-117.135
17.7911
127.8
208.975
293.597
408.934
542.45
684.427
801.175
895.826
967.755
1067.42
1135.9
1137.94
1133.71
1099.08
1054.73
1022.13
950.517
859.94
772.184
675.495
555.613
370.698
73.7358
-244.538
-481.481
-535.075
-412.529
-334.802
-505.77
-978.088
-1510.74
-1872.73
-1868.19
-1561.36
-1248.1
-1185.73
-1462
-1789.84
-1873.83
-1602.57
-1172.72
-920.42
-930.293
-1063.18
-964.612
-556.544
28.1338
495.594
667.032
563.605
439.962
534.928
914.161
1415.31
1716.66
1691.28
1398.55
1112.87
1009.91
1108.48
1247.17
1204.7
949.89
499.198
41.454
-258.015
-416.29
-496.995
-622.675
-848.177
-1123.36
-1327.39
-1427.68
-1458.56
-1479.24
-1472.66
-1413.58
-1254.83
-1032
-829.843
-664.046
-580.363
-551.686
-449.356
-198.779
201.139
621.744
911.027
1003.33
967.598
937.981
999.097
1171.63
1378.49
1489.59
1462.64
1312.83
1100.02
888.304
717.492
569.717
421.158
300.492
190.797
69.9748
-76.2337
-305.968
-553.566
-718.893
-764.495
-665.613
-542.44
-498.405
-581.617
-764.652
-861.184
-770.92
-515.956
-250.963
-91.121
-29.2213
-24.6768
60.1022
254.734
470.521
671.577
806.032
884.073
966.501
1081.84
1184.64
1261.9
1264.72
1234.16
1223.66
1289.16
1376.14
1331.32
1138.57
823.74
491.206
200.983
12.9331
-100.994
-163.52
-248.142
-413.626
-696.798
-1049.08
-1349.49
-1532.99
-1555.4
-1486.76
-1431.29
-1506.51
-1727.78
-1940.43
-1966.92
-1734.36
-1427.68
-1260.32
-1269.1
-1286.65
-1072.9
-598.071
-36.1165
376.809
536.025
534.144
581.156
839.255
1301.7
1727.16
1889.98
1781.07
1556.66
1458.56
1530.02
1614.96
1577.19
1391.34
1097.98
800.861
515.809
242.667
-38.1537
-443.244
-830.469
-1076.5
-1091.07
-1034.5
-1157.36
-1531.11
-1997
-2244.92
-2100.59
-1641.75
-1183.06
-1034.82
-1249.98
-1577.81
-1595.05
-1111.92
-363.793
266.487
445.291
242.04
44.7448
167.761
706.993
1340.72
1696.13
1634.86
1333.35
1134.02
1175.39
1364.85
1438.19
1298.25
1007.56
748.05
597.611
520.197
369.13
81.7279
-225.263
-427.26
-429.297
-347.339
-370.688
-624.869
-951.135
-1139.03
-1052.21
-747.884
-502.95
-484.928
-685.201
-879.049
-832.663
-466.28
22.8057
355.027
417.553
294.224
230.757
389.973
757.923
1164.89
1354.67
1301.86
1144.68
1107.54
1268.01
1507.61
1688.61
1701.15
1558.7
1337.43
1076.98
759.647
440.589
261.942
232.324
264.92
189.7
-201.6
-765.279
-1290.72
-1566.21
-1524.06
-1363.43
-1293.07
-1514.97
-1926.96
-2253.38
-2224.86
-1940.12
-1678.26
-1685.63
-1871.01
-1882.92
-1560.73
-982.476
-420.365
-70.9057
14.8136
77.967
308.484
784.093
1349.97
1717.45
1839.99
1768.22
1704.75
1802.38
1984.48
2145.1
2168.77
1959.72
1606.34
1212.06
911.497
714.045
533.831
271.188
-71.3758
-468.631
-845.67
-1081.83
-1208.14
-1296.05
-1483.94
-1734.36
-1952.19
-2032.11
-1904.08
-1691.27
-1612.13
-1709.44
-1836.38
-1717.28
-1275.68
-725.005
-393.097
-419.268
-553.41
-430.08
79.8474
750.244
1248.42
1322.07
1061.62
845.523
988.284
1396.19
1805.52
1888.57
1525.32
1049.24
724.074
725.485
854.612
861.664
613.752
192.991
-137.036
-281.521
-310.826
-364.577
-514.233
-694.134
-810.254
-834.387
-824.828
-858.834
-936.247
-978.402
-872.781
-637.875
-370.688
-233.412
-258.328
-350.159
-270.865
36.1259
450.305
758.55
838.158
766.855
696.18
782.526
1034.98
1338.06
1578.6
1643.01
1566.07
1406.38
1232.59
1080.74
938.137
834.24
833.456
833.613
637.415
209.288
-338.72
-729.393
-862.125
-814.172
-823.104
-1047.82
-1485.35
-1960.02
-2164.37
-1985.09
-1716.34
-1744.55
-2105.45
-2500.66
-2532.48
-2104.66
-1502.12
-1010.84
-829.843
-880.146
-873.564
-572.215
9.95567
618.296
989.224
1076.51
1108.64
1241.21
1527.52
1863.5
2092.29
2109.69
1973.66
1823.54
1691.9
1588.79
1470.16
1327.4
1117.88
902.721
616.259
314.126
12.7764
-267.574
-526.926
-730.803
-870.117
-972.917
-1071.64
-1260.95
-1484.41
-1689.86
-1734.05
-1658.98
-1513.25
-1408.1
-1385.84
-1400.57
-1337.89
-1088.1
-701.969
-311.452
-88.457
-25.4603
-10.4164
109.152
401.412
767.012
1026.36
1103.78
1062.25
995.336
1029.03
1180.72
1304.99
1299.98
1128.22
882.349
724.701
687.718
738.961
708.873
518.787
218.221
-35.0195
-164.46
-187.81
-214.92
-309.102
-457.191
-605.437
-649.472
-593.057
-515.643
-536.485
-646.651
-715.289
-619.854
-393.881
-110.083
9.17213
-17.9384
-82.5021
-50.6903
190.483
556.553
860.253
938.921
822.644
730.342
806.346
1025.74
1209.4
1224.44
1067.11
877.648
825.778
811.361
735.357
543.39
291.403
46.4686
-127.321
-230.121
-358.778
-597.915
-932.957
-1170.37
-1236.81
-1242.3
-1356.38
-1625.76
-1913.32
-1983.21
-1804.41
-1509.02
-1282.73
-1249.82
-1351.05
-1370.17
-1168.18
-718.893
-246.262
33.6186
136.576
140.65
232.951
477.572
824.367
1138.88
1304.36
1296.69
1191.38
1107.07
1123.99
1180.56
1212.06
1194.2
1104.87
933.593
711.224
502.646
381.981
293.754
177.79
20.9252
-174.646
-343.421
-490.1
-600.736
-676.269
-740.206
-810.411
-874.975
-910.547
-903.809
-834.544
-740.989
-657.307
-612.018
-564.536
-530.687
-445.908
-292.177
-130.768
-1.79744
67.6242
125.763
197.692
309.425
417.553
502.019
555.143
572.694
569.873
565.016
609.05
691.479
745.7
729.716
653.085
575.358
517.846
470.834
373.518
231.384
107.585
34.4021
22.0222
10.2691
-44.2653
-139.701
-252.06
-354.704
-393.254
-376.486
-333.862
-318.974
-326.81
-302.363
-230.748
-160.386
-144.245
-110.71
-95.3521
-10.103
118.398
224.646
299.395
304.253
318.514
320.864
377.593
450.149
522.548
491.99
367.877
214.303
144.568
173.402
180.141
88.9365
-101.15
-272.589
-432.431
-511.882
-523.322
-512.195
-592.9
-801.322
-1020.87
-1130.88
-1065.53
-949.254
-874.348
-892.996
-982.476
-1008.8
-921.83
-681.754
-409.082
-231.845
-144.088
-131.552
-88.6137
23.5893
203.02
448.581
651.518
719.373
696.65
628.952
628.796
723.604
807.913
861.507
852.731
761.527
600.275
475.692
449.208
460.335
446.858
336.378
182.491
73.8925
11.6795
-42.6982
-61.5032
-83.4423
-94.882
-125.91
-146.752
-128.888
-120.425
-125.597
-157.095
-145.969
-116.038
-77.174
-100.68
-163.677
-187.183
-177.624
-122.776
-63.227
-33.4525
-24.6768
-101.307
-173.079
-206.301
-190.631
-170.259
-164.774
-161.013
-186.399
-199.72
-217.741
-204.108
-190.004
-170.259
-128.104
-109.142
-108.045
-150.983
-215.234
-243.285
-224.166
-148.163
-21.0725
78.4371
71.0718
-8.22246
-72.6295
-64.4806
19.3581
126.86
188.446
149.739
35.4991
-73.7264
-123.873
-48.3397
60.4157
107.741
45.215
-31.8854
-40.9744
9.01542
118.084
193.617
197.065
151.776
135.636
159.769
184.372
181.864
161.806
156.321
157.105
163.216
181.394
160.395
89.4066
13.7167
-41.9147
-47.0861
-23.8933
-0.543771
-22.0128
-66.2044
-132.962
-181.228
-223.539
-250.963
-267.261
-277.917
-262.089
-197.996
-109.769
-77.6441
-85.3228
-131.238
-159.446
-103.971
-13.5505
91.7573
164.94
191.737
199.416
191.424
213.99
222.138
239.22
265.546
239.376
211.952
152.247
99.7494
106.331
141.277
161.336
141.904
78.2804
7.13492
5.25443
37.5363
93.7945
156.008
202.863
184.528
129.367
112.129
160.552
211.169
253.167
267.584
226.996
164
60.8858
-25.3036
-49.5934
-42.3848
-8.8493
-22.0128
-70.1221
-161.483
-277.29
-358.308
-378.21
-341.07
-288.416
-284.342
-342.011
-413.156
-459.698
-466.75
-423.029
-339.973
-280.424
-253.314
-283.245
-331.668
-343.891
-321.168
-239.21
-157.409
-118.232
-90.6509
-72.316
-62.13
-47.7129
0.553185
86.1158
168.544
242.354
242.04
169.798
59.6321
-31.2585
-33.4525
25.1563
100.846
138.77
90.6603
24.3728
-31.8854
-26.8707
33.6186
120.905
165.88
137.673
90.3469
46.4686
53.3638
90.6603
123.099
146.762
165.567
110.562
68.5645
61.1992
95.9884
177.477
244.861
283.725
246.585
195.968
189.23
220.415
280.747
312.559
300.962
219.318
88.6231
0.866601
-3.0511
75.3029
128.27
107.115
23.9027
-94.4119
-170.102
-197.682
-145.499
-99.8967
-74.9801
-96.2924
-176.213
-235.292
-261.933
-251.903
-227.3
-213.51
-213.04
-216.331
-238.583
-264.127
-253.314
-231.531
-200.817
-154.431
-132.492
-88.1436
-44.2653
-26.5573
5.88126
59.4754
126.546
190.013
230.287
240.787
271.658
285.605
298.769
323.999
318.67
300.336
247.525
169.641
133.755
147.545
155.224
153.03
94.1079
1.65014
-78.271
-141.738
-168.221
-170.259
-183.109
-229.808
-333.705
-444.184
-503.89
-510.002
-453.43
-405.007
-418.171
-423.812
-418.641
-418.797
-397.328
-363.48
-313.803
-230.434
-152.237
-82.5021
-27.1841
15.4404
47.4089
75.9297
116.987
210.385
309.268
364.743
331.677
253.95
179.044
135.792
165.723
184.058
163.216
89.2499
-7.90905
-98.7997
-130.141
-110.71
-85.3228
-114.471
-194.705
-258.328
-285.126
-250.65
-196.115
-173.863
-224.793
-295.938
-331.981
-279.797
-169.788
-45.0489
82.3548
138.143
172.148
231.071
287.015
392.167
522.391
622.057
691.636
726.111
761.841
773.594
803.212
808.853
810.734
777.355
684.27
579.903
449.365
348.288
262.256
175.283
80.7877
-37.2134
-149.103
-274.313
-386.829
-470.354
-563.909
-651.666
-713.252
-720.931
-705.573
-706.357
-740.832
-773.584
-767.003
-733.624
-679.403
-612.018
-551.216
-491.04
-412.216
-291.864
-151.924
-39.7208
35.8125
84.5487
137.046
201.61
281.531
378.846
419.277
421.001
388.406
335.282
275.106
241.727
232.951
203.803
144.881
80.3176
13.56
-37.6836
-80.3082
-115.724
-148.476
-208.025
-282.462
-365.673
-439.17
-456.564
-444.498
-428.827
-418.171
-426.319
-458.288
-468.631
-421.932
-324.773
-203.637
-94.882
-30.7884
20.7685
59.9455
106.958
203.333
312.872
412.225
474.125
518.943
537.905
542.606
536.181
512.362
506.72
454.223
367.72
284.508
201.296
120.278
17.6344
-87.0466
-163.05
-206.615
-215.547
-241.874
-339.19
-451.863
-560.618
-608.258
-595.094
-569.864
-565.476
-606.847
-650.725
-654.486
-577.699
-431.804
-285.752
-195.332
-141.424
-74.9801
31.1113
229.66
459.081
615.789
721.41
750.715
750.871
792.242
894.259
1029.81
1155.02
1195.14
1159.88
1079.64
978.411
883.76
772.497
667.189
540.726
421.941
288.426
145.195
-12.6103
-202.07
-406.418
-575.506
-685.515
-745.534
-763.869
-774.681
-832.977
-924.964
-978.088
-974.014
-890.489
-812.448
-751.802
-696.014
-638.345
-519.874
-364.42
-193.608
-63.6971
32.2082
87.8396
158.358
239.376
342.02
454.693
541.353
552.792
486.818
400.002
317.574
301.119
296.261
290.776
250.973
186.879
99.1225
6.6648
-74.9801
-139.387
-174.49
-211.629
-259.582
-335.272
-413.313
-490.413
-517.21
-507.024
-466.907
-421.305
-400.306
-369.434
-367.711
-338.25
-277.29
-181.385
-76.077
1.02331
73.2657
137.673
200.199
273.852
360.041
430.873
508.444
591.186
643.213
645.563
625.975
558.747
493.713
460.961
439.179
412.068
340.61
200.356
53.2071
-42.0714
-110.866
-144.558
-211.159
-332.765
-470.041
-627.219
-717.483
-775.935
-799.598
-815.739
-873.721
-923.867
-934.524
-901.615
-854.759
-781.577
-704.006
-600.892
-450.296
-299.073
-203.167
-110.71
-26.8707
83.7651
235.145
430.717
588.522
679.412
742.096
781.586
804.309
863.701
923.093
937.04
935.787
879.372
825.308
775.318
713.731
660.764
557.807
415.673
274.949
121.375
-16.3713
-112.903
-204.264
-299.073
-368.024
-400.463
-431.177
-439.326
-449.826
-529.12
-620.481
-639.286
-580.52
-460.639
-324.303
-240.62
-201.914
-189.534
-148.79
-21.3859
140.18
285.448
362.705
347.975
311.148
287.172
314.439
357.847
392.48
405.017
345.938
257.241
188.289
121.062
89.2499
68.0943
18.1045
-60.2495
-184.676
-299.229
-386.046
-455.624
-467.377
-486.025
-518.777
-581.304
-646.338
-666.396
-644.3
-572.841
-491.823
-412.999
-351.413
-316.31
-289.043
-228.867
-114.627
24.9996
167.604
286.545
380.1
438.709
468.17
513.459
573.321
627.855
643.996
663.115
656.69
643.056
597.141
516.123
439.962
359.728
306.134
273.068
214.303
114.95
-29.2213
-177.154
-279.797
-367.241
-449.512
-593.997
-736.758
-864.475
-927.628
-919.48
-878.579
-825.925
-827.335
-848.804
-859.617
-781.42
-612.645
-430.551
-307.065
-241.874
-189.377
-114
12.463
156.634
278.867
397.024
468.17
505.153
560.628
619.236
687.561
712.164
706.053
685.994
676.435
704.956
693.516
654.496
595.887
487.288
379.16
268.21
185.939
88.6231
-38.6238
-155.215
-258.328
-331.354
-394.351
-431.648
-466.75
-521.911
-533.821
-505.144
-449.826
-344.204
-262.246
-191.101
-130.141
-77.0173
-1.1706
95.2048
223.862
332.304
407.054
463.312
474.282
478.983
499.355
537.435
574.888
575.985
539.629
490.109
426.799
382.921
368.974
335.282
252.226
179.984
80.7877
-39.7208
-138.447
-220.248
-304.557
-395.291
-490.726
-545.888
-595.251
-616.876
-586.632
-546.828
-526.299
-538.209
-531.314
-498.248
-438.229
-357.055
-287.946
-220.719
-150.827
-56.0184
30.9545
119.965
193.774
256.144
298.769
315.85
372.578
424.605
495.124
557.337
563.919
535.554
481.49
425.702
380.257
346.721
337.162
300.649
199.572
66.684
-76.2337
-213.04
-354.077
-488.062
-582.871
-647.748
-677.679
-719.834
-760.734
-806.336
-832.663
-805.553
-761.048
-689.119
-612.332
-552.626
-485.242
-428.043
-347.809
-266.477
-155.685
-37.2134
62.923
155.694
231.227
298.298
382.137
474.752
537.435
594.947
603.252
595.103
586.171
563.605
565.486
550.755
544.33
479.296
382.607
272.442
151.776
74.5194
18.4179
-24.5201
-92.5314
-197.839
-288.573
-387.926
-471.922
-503.42
-452.803
-359.248
-294.998
-254.097
-253.627
-251.59
-206.458
-106.635
9.32883
127.017
198.475
228.25
252.853
302.059
395.771
470.834
515.652
529.599
508.601
481.333
446.858
448.581
480.707
519.884
516.279
433.537
310.052
159.298
41.1406
-37.5269
-70.5923
-85.7929
-143.618
-245.949
-378.68
-493.391
-552.94
-555.917
-528.963
-524.889
-522.382
-528.023
-522.225
-461.109
-394.194
-317.094
-262.716
-222.129
-154.588
-62.4434
40.8271
137.203
204.9
234.518
268.837
299.709
349.072
385.742
412.382
441.059
461.902
455.32
408.934
369.914
331.05
278.553
246.428
222.138
182.021
127.957
19.0447
-138.917
-251.12
-299.856
-365.203
-512.666
-593.527
-596.661
-575.506
-635.211
-691.626
-613.586
-547.768
-544.791
-578.64
-512.352
-395.605
-368.651
-339.347
-202.384
-21.3859
60.2589
35.029
11.2093
65.1169
198.946
358.318
435.575
430.403
369.601
322.902
345.624
395.771
448.425
447.955
400.002
337.789
296.105
228.25
159.925
117.144
86.2725
56.1845
4.7843
-75.6069
-166.811
-274.783
-373.822
-413.156
-409.865
-344.204
-292.021
-296.409
-295.782
-281.051
-269.141
-225.733
-148.319
-56.3318
-29.5348
-34.8628
-15.431
43.9613
120.905
194.871
237.966
257.084
271.815
309.425
368.034
430.247
497.944
523.488
510.011
455.633
397.338
367.72
365.056
360.825
344.057
298.142
234.518
132.658
19.985
-75.9203
-124.813
-163.207
-220.562
-307.221
-390.12
-398.582
-350.159
-290.924
-276.82
-271.492
-303.774
-302.99
-263.5
-216.017
-129.514
-57.7422
-8.22246
27.507
49.6028
90.1902
135.636
207.878
279.807
329.327
347.975
333.871
326.819
311.775
312.402
309.425
302.53
280.12
206.311
111.502
-4.9316
-72.7862
-107.105
-123.56
-154.431
-238.583
-348.592
-445.124
-473.802
-444.184
-387.769
-365.047
-388.866
-415.35
-443.087
-419.111
-344.048
-271.022
-246.732
-246.575
-194.235
-113.374
-65.891
-45.9891
-22.953
21.8655
73.4224
113.696
163.373
223.079
266.017
284.038
323.215
376.182
390.913
368.19
329.013
280.904
221.668
203.177
220.885
209.132
129.837
24.8429
-68.8685
-118.545
-147.066
-181.385
-213.823
-206.615
-202.07
-242.188
-272.746
-292.021
-268.671
-240.934
-197.212
-179.348
-213.51
-223.696
-203.951
-143.305
-39.4074
64.9602
94.8914
86.7426
79.534
125.449
214.146
303.47
364.273
387.465
400.785
367.25
362.549
413.949
485.094
521.607
527.406
423.038
239.533
75.3029
97.3987
208.818
190.17
48.6625
-108.202
-169.788
-271.179
-375.076
-382.911
-342.481
-430.08
-576.289
-589.139
-449.982
-317.721
-340.914
-419.111
-489.63
-455.31
-315.527
-131.865
-30.0049
-32.6689
-12.767
70.445
161.649
238.906
315.536
341.863
294.224
275.419
332.617
374.772
334.185
264.92
248.152
260.218
211.482
161.649
141.59
122.472
26.8801
-116.821
-203.637
-223.383
-225.89
-191.884
-147.066
-149.26
-231.061
-372.412
-525.046
-555.917
-381.031
-153.804
-130.611
-297.505
-400.463
-364.89
-316.31
-288.26
-149.73
-8.06576
-45.519
-146.439
-104.598
105.704
267.584
259.435
177.32
63.2364
4.62759
117.457
361.138
454.693
338.102
233.265
287.486
343.587
218.691
95.0481
123.412
166.664
48.0357
-67.9282
-59.6227
-5.24501
-40.1909
-128.104
-194.078
-240.307
-263.343
-268.514
-227.144
-248.769
-289.983
-304.871
-279.327
-212.57
-118.545
-90.3375
-155.528
-236.233
-213.667
-41.6013
106.488
183.275
213.049
211.012
168.544
156.164
190.327
259.748
319.924
339.356
375.399
408.621
403.606
355.497
323.058
315.85
277.926
259.905
273.068
247.838
175.283
107.115
56.1845
27.9771
-18.4085
-55.8617
-86.2631
-93.785
-62.13
-77.0173
-52.1007
-31.8854
-45.3623
-82.3454
-87.9869
-76.7039
-52.5708
-26.5573
-14.1774
-17.3115
-25.7738
-36.7433
-22.4829
-0.543771
4.7843
9.79896
19.0447
7.60505
-30.9451
-78.1142
-140.954
-168.378
-161.483
-164.46
-218.525
-291.864
-371.785
-413.94
-434.938
-472.862
-497.465
-507.494
-537.896
-577.543
-611.235
-603.243
-556.857
-524.889
-482.108
-460.012
-407.671
-346.712
-293.588
-224.009
-146.752
-55.705
27.8204
98.4957
176.85
260.689
308.014
364.899
454.066
565.329
651.362
675.495
641.019
593.693
566.583
575.515
575.202
515.966
416.3
304.41
208.035
170.425
145.508
133.755
82.3548
1.02331
-98.3296
-176.684
-168.691
-145.812
-109.456
-114.627
-145.342
-176.213
-206.772
-215.861
-238.583
-203.794
-139.23
-67.6148
-21.2292
0.0830608
-7.43892
-16.528
46.9388
129.524
240.943
314.596
344.684
374.929
426.329
500.295
572.537
620.49
668.913
736.297
750.244
695.867
607.327
559.374
600.432
609.207
579.433
520.981
431.657
332.774
230.444
174.499
150.523
73.7358
-88.3003
-270.865
-433.841
-532.097
-545.574
-544.477
-581.617
-689.746
-789.255
-869.333
-912.271
-873.251
-797.718
-711.528
-662.792
-640.383
-613.429
-545.731
-450.139
-356.114
-228.397
-115.724
-49.5934
-55.2349
-84.5393
-70.1221
-25.4603
61.5126
109.309
79.534
-3.52122
-89.0838
-126.85
-85.0094
-4.9316
-1.95414
-65.5776
-170.885
-291.08
-400.776
-378.994
-304.401
-259.425
-289.67
-347.652
-391.53
-390.277
-301.737
-182.168
-63.5404
-2.11085
38.1631
126.39
225.272
306.761
408.307
504.213
571.441
586.641
573.948
588.208
681.92
759.96
796.317
783.153
706.68
601.215
581.156
651.832
699.628
658.727
497.004
355.497
267.27
240.16
237.966
215.87
143.784
32.3649
-65.4209
-113.687
-70.749
-57.4288
-131.238
-191.571
-132.335
-26.2439
-18.2518
-132.649
-174.646
-91.4344
62.1394
162.276
175.283
117.614
50.2296
45.215
103.354
259.435
369.757
357.377
181.708
-47.7129
-67.7715
107.585
249.406
187.976
-78.1142
-351.1
-441.834
-423.029
-397.799
-442.931
-574.409
-728.296
-858.677
-910.704
-897.07
-839.559
-803.516
-800.695
-841.126
-903.966
-889.235
-814.642
-635.055
-492.764
-421.618
-443.714
-497.308
-492.137
-406.261
-241.874
-95.3521
27.9771
22.4923
-39.4074
-26.8707
100.533
289.209
452.342
510.481
451.872
349.542
276.829
292.344
411.442
542.763
545.427
399.218
221.041
110.719
141.12
237.809
289.679
259.905
158.358
28.4472
-5.55843
40.6704
104.137
173.402
189.386
167.291
113.383
89.2499
133.285
234.832
325.879
388.092
375.555
347.191
357.377
438.395
560.314
665.935
743.036
777.668
786.131
756.513
781.586
859.783
963.211
1005.37
959.293
880.782
821.703
815.278
877.491
935.473
813.398
539.002
340.923
362.079
530.54
549.188
405.487
157.418
-8.37917
-109.926
-154.901
-111.336
-117.918
-265.537
-562.969
-797.404
-750.078
-580.363
-581.147
-858.99
-1254.36
-1482.69
-1445.24
-1283.83
-1179.14
-1238.22
-1390.39
-1475.79
-1441.16
-1328.8
-1198.89
-1055.35
-940.949
-869.02
-833.29
-796.464
-665.613
-471.608
-257.858
-102.247
-57.5855
-139.387
-219.465
-202.384
-47.8696
118.398
235.302
304.41
228.877
56.9681
-30.0049
29.5442
169.798
251.756
231.071
130.464
25.9399
-35.9598
3.68735
123.726
145.195
41.6107
-120.269
-261.306
-253.941
-87.9869
121.688
248.935
200.356
74.8328
59.4754
160.239
358.318
510.481
539.629
488.229
453.126
495.907
620.177
747.11
864.955
893.789
835.18
726.111
657.943
715.299
817.786
892.222
918.235
928.892
859.313
797.57
759.02
830.165
921.37
955.689
967.128
944.406
918.392
834.397
657.63
536.495
620.647
859
974.494
757.296
383.391
198.789
266.33
391.696
528.503
541.196
248.779
-220.248
-585.692
-586.005
-302.05
-227.3
-538.993
-1147.18
-1741.57
-1912.85
-1666.19
-1353.4
-1330.84
-1684.37
-2145.56
-2372.01
-2264.97
-1905.64
-1512.15
-1320.97
-1382.87
-1540.36
-1603.2
-1442.41
-1113.01
-713.409
-387.142
-337.779
-508.121
-675.642
-590.549
-245.792
177.32
412.225
421.471
220.885
-39.4074
-31.2585
252.383
576.142
664.995
542.92
352.99
182.178
109.309
188.133
362.705
470.207
342.96
110.719
-83.1289
-158.035
-15.7445
191.424
277.77
131.404
-95.1954
-200.973
-107.262
64.6468
252.383
321.648
226.996
130.934
159.925
334.028
500.922
638.041
708.873
740.058
744.289
775.318
913.534
1114.12
1308.91
1408.42
1445.71
1460.92
1445.09
1458.88
1540.99
1643.01
1702.25
1697.86
1627.03
1351.06
1032.32
899.901
1103.15
1404.97
1372.06
932.182
421.001
146.918
157.731
344.371
467.23
295.008
-278.544
-927.315
-1205.94
-984.67
-693.82
-732.527
-1248.72
-1991.68
-2451.93
-2412.75
-2016.28
-1770.09
-1864.59
-2192.11
-2480.92
-2516.18
-2261.53
-1834.34
-1458.24
-1300.75
-1313.76
-1374.87
-1346.67
-1156.89
-789.412
-292.804
50.543
16.0673
-256.448
-438.543
-315.057
79.3773
539.315
776.258
626.758
234.362
-108.202
-78.271
243.764
567.523
656.533
360.041
-142.365
-489.473
-474.742
-135.94
134.539
78.9072
-284.185
-663.889
-790.979
-602.303
-244.225
13.8734
24.5295
-151.61
-341.07
-345.145
-77.9575
270.091
500.295
520.354
422.098
345.468
468.17
754.319
1046.11
1273.96
1352
1326.3
1294.8
1319.56
1498.06
1741.58
1891.24
1908.47
1824.63
1758.66
1745.18
1810.84
1854.72
1732.49
1383.66
1105.03
1115.06
1313.3
1328.65
1057.39
668.129
360.825
267.27
250.032
257.868
126.39
-207.085
-630.667
-907.57
-935.777
-873.564
-1007.86
-1431.76
-1972.87
-2309.01
-2214.2
-1935.89
-1798.14
-1915.52
-2186.93
-2322.96
-2255.1
-2033.05
-1700.67
-1459.5
-1345.73
-1278.03
-1182.59
-1003.79
-809.471
-555.604
-234.979
23.746
87.2127
42.7076
5.09772
114.323
363.489
637.258
786.131
698.844
459.864
279.18
314.439
485.565
640.705
565.956
288.426
-14.4908
-183.422
-150.827
-59.3093
-83.2856
-270.552
-507.181
-646.808
-683.634
-585.065
-443.557
-365.673
-429.14
-549.962
-573.155
-400.933
-155.058
47.7223
117.927
55.8711
43.9613
197.849
442
640.235
762.468
835.65
930.615
1009.91
1115.84
1279.13
1493.35
1664.79
1701.78
1674.35
1671.53
1756.62
1861.62
1853.47
1615.12
1306.56
1195.45
1297.78
1506.05
1419.7
1034.2
583.664
327.76
292.657
389.973
463.155
261.002
-264.283
-828.746
-1023.53
-774.525
-542.283
-721.087
-1328.02
-1984.31
-2228.78
-1989.95
-1588
-1436.15
-1683.27
-2080.69
-2309.32
-2188.97
-1751.6
-1272.54
-1024.32
-1056.13
-1172.56
-1197.79
-983.573
-554.977
-113.844
190.17
227.31
28.1338
-139.074
-26.4006
317.574
754.632
968.852
827.972
477.416
199.259
271.971
551.852
749.304
643.056
329.953
4.94101
-132.962
-38.4671
92.2274
105.077
-84.2259
-368.494
-570.648
-638.972
-526.613
-323.676
-247.202
-342.481
-524.262
-597.288
-494.487
-230.905
61.9827
249.876
258.965
198.319
245.018
418.023
686.778
946.286
1070.09
1134.34
1140.76
1236.2
1394.31
1594.74
1714
1811.16
1857.7
1882.77
1852.06
1628.28
1374.1
1278.04
1456.68
1617.94
1423.15
838.784
275.106
27.1935
98.1823
298.769
347.035
-9.63284
-737.072
-1346.35
-1433.8
-1084.96
-802.732
-1039.52
-1729.82
-2511.16
-2778.04
-2358.22
-1683.74
-1335.23
-1632.81
-2195.4
-2486.09
-2240.21
-1555.24
-823.888
-482.421
-629.727
-920.89
-963.828
-610.922
-4.46147
639.138
1013.36
952.398
569.09
316.947
513.772
1023.54
1464.21
1537.39
1225.7
745.386
506.72
677.532
1077.14
1257.19
1004.89
515.182
88.3097
-69.0252
88.3097
279.65
254.577
-60.7197
-490.883
-756.973
-761.831
-570.334
-390.12
-382.911
-570.491
-797.404
-886.728
-734.878
-463.616
-292.021
-219.935
-259.896
-296.095
-256.605
-65.2642
212.266
470.05
622.214
705.896
813.554
934.376
1124.93
1351.38
1600.39
1747.85
1777.47
1642.38
1357.33
1125.25
1169.44
1461.54
1654.14
1411.24
790.205
250.032
11.366
74.9895
267.584
265.86
-124.813
-866.669
-1524.69
-1667.29
-1355.6
-1118.5
-1371.11
-2090.4
-2844.79
-3072.8
-2664.89
-2044.17
-1706.94
-1873.83
-2325.78
-2592.18
-2396.92
-1756.14
-968.373
-488.689
-451.393
-655.897
-723.908
-409.708
235.302
950.517
1412.18
1402.46
1067.11
882.193
1045.48
1548.04
2002.5
2147.14
1894.53
1442.74
1153.14
1254.53
1571.71
1740.8
1566.07
1084.19
582.097
337.005
399.375
535.554
504.996
178.574
-257.388
-535.232
-590.236
-447.945
-302.99
-309.259
-439.17
-578.796
-608.571
-524.419
-329.004
-80.1514
76.2432
43.1778
-73.5697
-51.0038
184.372
488.542
659.51
716.239
760.117
868.872
1033.73
1227.26
1409.52
1569.36
1609.63
1501.66
1265.97
1065.54
1060.53
1272.87
1349.18
1045.64
502.332
-29.6915
-291.551
-292.491
-203.481
-314.743
-792.86
-1486.92
-2036.02
-2123.62
-1866.47
-1734.99
-2057.81
-2742.78
-3370.86
-3505.79
-3100.39
-2578.23
-2381.72
-2614.28
-2974.08
-3081.42
-2720.37
-2047.15
-1359.67
-978.088
-957.09
-995.326
-808.06
-313.49
321.021
947.383
1352.79
1382.4
1197.33
1160.51
1479.09
1974.92
2347.41
2392.23
2136.33
1796.43
1664.17
1832
2093.23
2096.37
1770.88
1320.98
984.68
899.43
995.336
1047.83
876.864
486.035
110.092
-79.3679
-103.658
-45.6757
35.029
-19.8189
-205.831
-404.067
-465.967
-305.027
-19.5054
175.596
244.391
169.798
122.942
223.392
502.332
852.105
1089.67
1136.84
1078.23
1094.22
1247.79
1589.73
1863.97
1955.49
1776.37
1394.63
1085.13
1020.41
1229.77
1454.33
1271.14
604.976
-117.918
-553.723
-560.462
-366.77
-319.758
-721.557
-1546.47
-2338
-2604.72
-2270.77
-1910.34
-2053.42
-2787.91
-3730.35
-4169.6
-3830.02
-3066.85
-2542.82
-2666.46
-3235.47
-3609.06
-3348.77
-2533.89
-1586.27
-992.976
-936.247
-1144.2
-1142.79
-701.812
69.9748
825.621
1297
1350.28
1116.47
938.137
1110.99
1616.21
2132.57
2322.5
2078.97
1620.6
1278.51
1314.86
1606.65
1803.17
1663.07
1234.47
747.11
484.154
530.07
699.158
715.925
486.348
113.226
-154.588
-181.071
-66.8313
102.413
203.96
164.94
39.5735
-4.77489
63.7065
267.114
560.158
799.607
910.4
830.322
745.23
853.985
1161.29
1459.98
1627.97
1665.26
1611.67
1605.56
1681.4
1875.41
2060.01
2063.61
1901.11
1517.17
1158.47
1050.18
1200.62
1278.19
985.463
294.067
-373.509
-708.551
-782.517
-658.404
-728.139
-1213.46
-2030.23
-2712.06
-2832.1
-2470.58
-2249.15
-2648.91
-3450.94
-4182.77
-4234.32
-3626.61
-2916.57
-2621.96
-2906.07
-3325.1
-3358.01
-2815.33
-1890.6
-1015.23
-662.478
-769.51
-902.869
-635.368
49.2894
822.8
1389.77
1596.94
1445.87
1233.69
1257.51
1569.2
1991.22
2182.56
2059.54
1673.25
1308.12
1168.34
1289.95
1477.21
1348.56
934.22
476.005
172.932
127.643
214.616
231.854
22.0222
-342.481
-626.279
-661.068
-505.614
-295.625
-172.766
-158.819
-215.704
-216.017
-17.1548
338.729
734.887
1009.6
1114.28
1069.46
1083.41
1223.03
1543.03
1919.76
2112.66
2092.45
1965.67
1926.65
2095.11
2329.7
2474.66
2352.43
2007.04
1550.08
1182.45
1166.62
1308.6
1283.52
844.739
70.6017
-616.563
-922.614
-952.388
-912.114
-1085.12
-1627.33
-2394.1
-2929.89
-3002.13
-2713.79
-2505.36
-2818.78
-3500.3
-4179.32
-4282.75
-3705.43
-2983.95
-2650.95
-2849.18
-3188.46
-3217.76
-2708.93
-1857.38
-1059.26
-654.33
-667.023
-746.944
-536.485
93.1676
924.974
1595.06
1841.56
1674.51
1404.97
1405.44
1756.15
2170.02
2379.69
2265.45
1894.84
1551.02
1399.64
1469.38
1572.33
1442.89
1103.93
719.373
427.269
358.004
403.763
379.787
185.782
-120.582
-347.339
-402.03
-349.689
-260.209
-170.415
-132.805
-142.521
-153.804
-33.139
204.117
464.879
665.465
774.064
855.709
984.68
1177.43
1374.1
1585.34
1719.8
1806.77
1889.04
2011.9
2144.16
2243.05
2255.11
2185.69
1911.61
1482.23
1280.23
1351.38
1470.94
1247.32
692.733
32.0515
-460.795
-704.476
-754.309
-774.681
-1142.48
-1834.5
-2520.1
-2859.21
-2781.17
-2584.97
-2710.81
-3289.69
-4078.4
-4519.53
-4291.21
-3664.53
-3146.77
-3156.02
-3541.05
-3798.68
-3570.35
-2796.69
-1797.36
-1147.33
-1087.94
-1254.21
-1160.97
-586.005
292.03
1124.78
1614.33
1664.79
1481.29
1426.6
1759.76
2285.98
2692.48
2797.48
2562.73
2183.81
1947.96
1998.11
2205.12
2246.18
1971.16
1518.27
1149.54
965.561
962.114
982.642
801.018
444.194
83.4517
-103.658
-128.261
-133.119
-161.64
-195.645
-258.328
-252.53
-155.371
-5.0883
203.177
355.81
497.004
615.319
720.627
883.76
1075.73
1284.46
1456.37
1636.27
1803.64
1975.7
2111.41
2184.12
2220.64
2195.72
2026.79
1790.47
1624.21
1587.38
1638.31
1408.1
856.022
181.081
-269.298
-530.53
-646.181
-764.652
-1129.47
-1759.75
-2493.3
-2945.87
-2957.15
-2874.26
-3083.93
-3622.85
-4342.92
-4846.43
-4769.01
-4237.15
-3760.91
-3782.54
-4180.73
-4437.73
-4181.98
-3462.22
-2593.9
-2015.03
-1876.18
-1909.87
-1683.9
-1013.35
-141.738
504.996
851.478
980.919
1059.59
1310.63
1758.19
2243.52
2553.33
2569.47
2473.56
2385.96
2359.79
2447.55
2560.22
2521.36
2252.76
1936.68
1700.21
1613.24
1595.53
1472.67
1235.41
907.423
613.125
476.162
408.464
325.879
193.147
58.065
-60.5629
-125.91
-53.6678
101.003
282.001
370.071
381.04
406.27
511.421
740.685
1011.79
1209.24
1336.96
1454.8
1633.14
1893.43
2094.96
2208.1
2249.31
2230.82
2123.79
1924.14
1841.25
1959.4
2074.58
1809.59
1207.52
503.429
93.1676
-16.528
-37.997
-161.17
-672.038
-1559.79
-2364.64
-2696.39
-2574
-2372.63
-2679.47
-3497.8
-4457.63
-5000
-4698.81
-3987.67
-3601.69
-3902.57
-4525.8
-4911.46
-4672.48
-3864.02
-2888.36
-2271.56
-2302.11
-2547.52
-2459.92
-1832.93
-839.088
72.012
594.006
611.871
411.755
498.728
987.03
1678.74
2161.71
2319.52
2204.97
1900.79
1722.3
1882.15
2252.76
2486.57
2353.52
1918.19
1510.75
1354.98
1476.9
1670.59
1642.7
1318.15
917.452
683.643
621.274
646.974
729.559
724.074
616.729
434.478
338.259
455.633
677.845
921.213
1025.89
1017.43
965.248
1026.05
1292.14
1588.01
1856.45
1966.61
1925.08
1917.88
2050.92
2309.33
2519.79
2534.05
2273.6
1899.38
1655.86
1756.78
2036.97
1984.32
1450.57
672.987
71.6986
-192.981
-231.061
-197.996
-496.681
-1266.27
-2150.58
-2642.64
-2592.81
-2366.52
-2531.54
-3169.49
-4069.78
-4737.36
-4653.52
-4046.9
-3544.65
-3667.04
-4241.22
-4698.02
-4603.53
-3934.39
-2999.94
-2328.6
-2295.53
-2593.28
-2601.43
-2070.34
-1203.9
-364.733
196.595
323.372
143.001
89.5633
423.508
1042.97
1544.13
1712.59
1593.49
1322.86
1131.2
1210.81
1520.78
1706.63
1570.77
1252.49
953.965
829.225
879.058
962.427
910.713
644.937
389.659
265.233
349.385
468.17
494.183
500.138
454.536
410.501
468.17
642.116
889.244
1161.45
1295.27
1325.83
1378.02
1536.45
1834.19
2155.13
2350.7
2462.28
2451.47
2477.64
2620.87
2793.25
2935.69
2882.88
2530.13
2163.59
2061.73
2248.84
2349.61
1985.89
1257.51
563.762
163.373
27.6637
-7.28222
-247.202
-892.526
-1676.69
-2219.37
-2359.63
-2238.02
-2349.28
-2873.79
-3611.88
-4205.8
-4226.02
-3807.92
-3394.68
-3358.95
-3684.59
-3998.01
-3996.6
-3567.22
-2865.32
-2212.01
-1996.69
-2111.71
-2082.72
-1684.84
-1032.47
-405.477
47.4089
314.596
340.766
308.328
455.633
770.146
1101.9
1322.54
1359.53
1223.03
1058.8
956.315
1011.48
1037.65
909.93
794.906
698.687
550.442
396.398
255.204
163.53
46.4686
-54.9215
-76.8606
-142.051
-238.27
-321.012
-316.31
-166.027
10.5825
128.27
224.802
311.462
463.625
695.397
946.129
1170.69
1373.32
1547.57
1733.9
1934.02
2157.8
2408.53
2633.09
2762.53
2855.3
2907.96
2891.19
2716.77
2492.21
2471.68
2629.17
2659.89
2269.69
1554
874.044
536.808
414.733
376.966
146.762
-520.344
-1429.88
-2134.59
-2305.56
-2083.98
-1968.64
-2363.07
-3175.29
-4047.53
-4350.76
-3857.6
-3115.74
-2838.53
-3249.73
-3816.38
-3991.27
-3560.64
-2693.73
-1879.16
-1579.85
-1803.31
-2021.92
-1702.08
-918.853
-136.723
362.392
559.374
471.461
356.28
553.889
1020.88
1444.3
1597.56
1494.14
1326.46
1149.69
1100.17
1201.72
1271.61
1178.06
890.968
625.505
482.744
431.97
450.149
379.16
210.072
-12.1402
-175.587
-221.816
-206.928
-193.608
-175.43
-169.475
-158.035
-149.573
-94.5686
38.4765
280.434
540.099
670.323
763.251
927.324
1203.91
1488.18
1683.44
1783.42
1908.79
2090.41
2344.28
2520.73
2468.86
2307.3
1988.24
1830.43
1940.13
2222.52
2271.88
1800.97
1049.4
381.51
138.3
164.47
249.876
-12.1402
-791.136
-1721.35
-2285.82
-2215.61
-1864.59
-1926.8
-2577.92
-3456.74
-4097.83
-3984.06
-3309.43
-2735.57
-2796.21
-3387.94
-3799.93
-3678.17
-3045.38
-2179.41
-1536.13
-1416.87
-1689.07
-1772.75
-1329.43
-511.569
245.801
648.854
724.074
580.843
513.615
772.34
1221
1603.68
1717.13
1598.66
1374.1
1163.8
1160.66
1307.5
1394.63
1239.8
960.703
746.483
660.921
660.921
663.115
605.916
413.636
201.766
150.053
231.227
315.066
293.597
196.908
148.642
124.979
219.474
354.87
458.454
584.447
671.89
754.005
862.291
1069.62
1336.33
1575.94
1691.43
1689.71
1771.98
1940.13
2222.52
2444.57
2428.12
2157.17
1686.73
1344.48
1465.3
1789.06
1862.71
1427.69
573.478
-152.864
-431.177
-342.794
-144.245
-388.553
-1257.66
-2315.9
-2880.99
-2738.39
-2247.27
-2183.33
-2855.61
-3855.25
-4643.02
-4512.64
-3657.8
-2864.85
-2781.64
-3346.89
-3868.72
-3840.05
-3132.51
-2112.65
-1310
-1147.02
-1458.87
-1566.68
-1105.81
-264.127
525.525
962.584
1034.67
845.836
744.603
997.373
1399.33
1714.63
1752.24
1607.12
1381.46
1160.04
1176.02
1322.86
1348.71
1085.6
752.752
561.255
511.265
561.255
592.91
513.615
200.513
-59.7794
-69.0252
107.585
318.2
375.399
326.349
283.881
277.926
414.106
672.987
943.622
1115.37
1199.06
1242.78
1349.65
1507.61
1740.33
2005.32
2169.24
2249.63
2329.7
2462.75
2596.42
2600.5
2526.22
2267.96
1928.06
1797.84
1887.63
1971.16
1635.64
947.54
251.443
-84.2259
-170.572
-223.383
-358.465
-896.287
-1738.75
-2399.43
-2598.14
-2381.88
-2250.87
-2711.28
-3493.1
-4286.19
-4548.68
-4091.25
-3385.91
-3054.94
-3469.59
-4001.61
-4106.76
-3662.81
-2842.13
-2062.82
-1719.94
-1866
-2065.33
-1818.98
-1111.29
-311.766
232.638
485.408
444.194
301.433
393.89
724.231
1095
1302.01
1326.77
1161.76
960.233
848.344
915.571
1118.51
1172.57
1014.92
774.064
565.956
495.437
550.442
647.444
695.867
580.373
417.71
307.701
293.911
410.972
616.572
817.159
895.669
856.022
807.129
873.417
1060.84
1388.83
1637.68
1712.59
1677.96
1655.55
1740.64
1995.6
2316.7
2535.46
2631.84
2614.44
2561.63
2500.05
2352.43
2137.74
2051.23
2116.58
2218.13
1936.68
1273.81
509.071
43.4912
50.8565
184.058
96.7719
-533.664
-1582.82
-2401.15
-2549.71
-2167.5
-1783.57
-2097.3
-2992.88
-3985.32
-4463.43
-3993.31
-3092.24
-2571.65
-2936.63
-3741.63
-4198.28
-3842.08
-2847.93
-1824.63
-1306.71
-1514.03
-1936.36
-1883.23
-1212.52
-326.183
289.053
517.69
400.159
92.6975
16.8508
309.738
730.656
964.308
905.072
633.654
306.917
103.354
136.889
404.076
524.742
276.986
-73.0996
-328.847
-405.477
-252.844
-12.767
85.4889
-64.4806
-299.856
-297.976
-82.8155
162.276
407.367
578.179
701.508
814.808
967.755
1169.91
1372.38
1589.57
1794.39
1964.42
2019.58
2082.42
2173.47
2301.65
2437.52
2539.69
2690.29
2776.32
2743.41
2645.78
2482.49
2124.1
1850.49
1834.35
2083.2
2089.94
1577.04
720
-92.3747
-446.221
-347.025
-43.7952
-145.499
-1067.1
-2306.19
-2957.47
-2784.15
-2061.25
-1723.24
-2172.36
-3122.95
-3999.73
-3972.31
-3060.11
-2039.47
-1773.22
-2294.59
-2942.27
-3043.66
-2511.79
-1561.98
-644.77
-307.535
-546.201
-807.277
-646.808
-78.4277
573.634
1050.18
1286.97
1132.93
745.543
516.436
626.602
895.669
1098.92
1102.68
809.01
250.502
-225.106
-334.959
-144.402
-8.06576
-175.117
-511.882
-915.405
-1157.36
-1059.89
-733.624
-494.801
-554.193
-745.377
-798.188
-674.388
-388.71
-29.0646
309.425
476.632
588.365
762.938
990.791
1252.65
1510.12
1738.13
1955.8
2060.95
2072.7
2124.73
2191.33
2306.83
2491.11
2673.99
2742
2689.35
2513.21
2251.51
1821.97
1416.1
1301.54
1445.4
1413.43
954.905
93.9512
-628.786
-933.74
-897.07
-640.383
-750.705
-1545.53
-2587.01
-3131.57
-2888.67
-2209.03
-1956.89
-2340.51
-3105.09
-3794.29
-3619.4
-2687.3
-1720.73
-1504
-2002.18
-2457.1
-2358.69
-1684.53
-861.968
-213.51
-65.1075
-266.321
-285.752
44.2747
505.466
809.95
948.48
1137.63
1221.31
1074.32
810.107
533.674
460.648
573.164
838.941
922.467
530.54
-130.925
-537.112
-356.898
101.943
398.121
220.728
-313.333
-746.944
-686.768
-170.102
348.445
371.168
7.76175
-227.144
-102.717
332.461
804.622
1065.07
1049.24
946.129
990.635
1187.62
1348.24
1435.22
1436.31
1434.43
1441.48
1449.63
1454.65
1351.85
1314.39
1489.44
1749.73
1950.16
1889.51
1675.45
1408.57
1014.61
775.631
855.552
1169.91
1312.36
911.184
162.276
-538.993
-920.106
-908.197
-610.295
-534.135
-1163.63
-2194.46
-2849.97
-2777.57
-2162.02
-1682.18
-1839.83
-2583.41
-3493.25
-3664.85
-2879.74
-1775.73
-1316.26
-1729.35
-2361.98
-2586.38
-2131.3
-1302.63
-504.83
-182.012
-350.943
-514.86
-381.031
-23.1097
339.199
606.7
844.896
963.367
845.523
576.142
293.127
171.992
322.275
683.487
912.907
742.252
185.625
-277.76
-226.047
194.401
672.674
901.624
669.54
305.664
56.498
168.701
604.193
907.266
1000.19
891.125
748.05
721.88
857.276
1170.69
1428.01
1453.86
1406.22
1304.99
1254.84
1237.92
1205.32
1268.01
1298.57
1234.94
1115.84
926.541
812.457
876.394
1045.8
1210.34
1244.97
1181.19
1143.74
1161.92
1118.35
878.432
536.495
478.356
727.365
895.356
650.578
1.18002
-748.354
-1247.47
-1338.83
-1008.02
-723.751
-1095.15
-1989.17
-2763.31
-2790.89
-2200.88
-1631.25
-1554.15
-2175.65
-3081.27
-3469.28
-2901.05
-1880.26
-1381.77
-1693.93
-2321.7
-2589.67
-2216.71
-1445.55
-705.103
-402.813
-549.649
-648.061
-403.91
-17.4682
180.611
141.904
182.021
421.941
660.607
695.397
422.411
62.6096
-103.814
190.327
751.185
1065.38
800.861
207.878
-176.213
-42.2281
539.942
1218.49
1528.93
1308.12
782.683
406.27
548.875
984.523
1388.52
1491.16
1266.75
904.602
584.134
642.429
954.435
1295.75
1400.11
1251.24
978.568
704.799
635.377
761.841
1006.62
1089.99
951.458
697.277
493.087
405.643
579.276
889.558
1146.72
1245.76
1207.36
1255.78
1354.98
1363.13
1152.67
943.152
931.085
1046.89
1014.92
676.278
42.7076
-630.51
-1041.71
-993.446
-676.425
-675.955
-1244.81
-2146.66
-2739.96
-2692.47
-2255.26
-1941.69
-2169.07
-2919.39
-3647.45
-3680.36
-2982.85
-2278.14
-2165.94
-2496.28
-2714.26
-2517.9
-1978.67
-1389.6
-1041.87
-958.813
-906.473
-526.926
12.7764
328.7
335.282
231.384
401.882
808.696
1149.54
1213.63
848.187
403.92
350.326
795.063
1391.49
1532.22
1075.26
557.65
386.682
642.743
1127.28
1422.37
1388.05
1105.97
808.226
727.365
749.304
753.065
699.941
614.692
543.233
442
344.841
278.083
242.667
255.047
365.996
524.428
631.46
581.156
464.879
395.301
368.347
426.642
570.5
768.266
865.425
846.62
808.226
825.464
1007.72
1363.91
1782.17
2149.02
2186.47
1749.88
1149.38
802.742
951.928
1359.53
1516.39
1118.51
256.144
-673.448
-1162.38
-929.822
-450.766
-435.879
-1109.88
-2139.92
-2775.53
-2771.46
-2398.18
-2093.38
-2337.06
-3011.69
-3512.53
-3396.09
-2781.48
-2292.71
-2260.12
-2427.79
-2452.4
-2135.38
-1631.09
-1189.64
-1031.68
-1079.95
-876.385
-261.306
374.302
604.976
438.395
251.913
401.256
796.473
1171.01
1262.05
988.284
603.566
503.743
787.071
1199.68
1316.9
1129.32
883.446
698.531
729.089
900.057
1043.29
1082
975.591
876.708
780.959
539.786
240.943
39.1034
77.1834
280.747
373.048
242.824
-57.4288
-310.669
-355.487
-162.893
197.378
439.179
400.002
206.624
9.79896
-32.6689
139.396
352.99
501.392
571.127
574.105
637.258
798.824
1001.29
1299.66
1663.07
2018.17
2196.5
1904.09
1360.31
934.376
905.072
1211.44
1432.71
1254.06
718.903
-61.1898
-666.553
-672.978
-394.038
-316.154
-730.333
-1506.82
-2104.04
-2234.73
-2135.85
-2084.92
-2334.4
-2804.99
-3030.18
-2757.98
-2230.97
-1923.98
-2115.16
-2500.98
-2523.7
-2091.34
-1448.84
-989.842
-885.631
-1004.89
-1006.92
-583.654
194.088
801.801
894.572
689.128
625.191
903.505
1331.16
1506.83
1280.23
878.902
722.507
1090.93
1622.95
1878.39
1641.76
1048.62
631.773
702.135
1050.18
1307.34
1209.4
863.231
489.012
251.599
162.433
71.8553
-94.7253
-224.323
-244.695
-219.465
-268.358
-455.937
-703.693
-829.529
-748.825
-470.825
-141.738
-16.9981
-166.968
-453.9
-591.96
-362.696
29.074
283.254
315.38
195.811
190.013
379.943
677.218
953.495
1102.99
1233.22
1420.33
1596.78
1613.55
1297.16
867.462
672.831
793.653
1061.62
1218.8
1063.5
556.397
-74.3533
-375.859
-298.759
-255.978
-512.979
-1002.06
-1339.14
-1410.6
-1379.1
-1381.3
-1586.59
-2026.94
-2389.09
-2328.6
-1827.45
-1407.47
-1490.68
-1860.98
-2153.71
-2136
-1791.72
-1232.9
-716.386
-439.953
-414.096
-240.934
140.964
515.026
738.335
817.942
945.659
1130.42
1307.34
1405.44
1355.61
1252.65
1221.94
1387.89
1614.96
1631.1
1415.47
1100.02
854.925
778.765
722.82
623.154
398.592
86.7426
-107.419
-195.645
-243.128
-449.199
-789.882
-1090.13
-1210.96
-1087.63
-863.692
-777.502
-857.58
-1025.88
-1117.56
-976.521
-655.583
-299.543
-79.6813
-54.2946
-114.314
-114
-18.8786
88.7798
218.691
372.891
537.435
652.929
740.999
833.926
926.698
1058.8
1206.89
1347.93
1358.43
1267.69
1111.14
971.83
889.558
849.441
861.194
832.359
685.994
468.483
265.546
99.9061
-24.6768
-157.879
-281.051
-417.857
-634.898
-844.26
-946.433
-931.233
-951.605
-1077.44
-1257.19
-1489.74
-1689.54
-1751.13
-1706.47
-1625.14
-1533.78
-1424.24
-1314.54
-1239.16
-1113.01
-845.513
-487.749
-156.625
19.0447
151.15
318.2
457.984
560.941
605.133
612.811
647.914
735.514
863.701
923.563
788.481
563.292
464.252
525.055
535.554
326.036
46.6253
-182.482
-288.73
-251.277
-168.221
-216.487
-489.003
-806.336
-903.182
-704.79
-458.758
-371.785
-404.537
-496.211
-507.024
-306.908
75.4596
461.275
652.459
659.354
593.85
611.401
685.837
801.175
957.883
1038.74
999.724
866.835
809.48
883.603
1025.11
1147.81
1165.68
1114.43
1021.51
968.539
959.136
990.164
996.746
938.137
802.585
658.1
549.658
481.96
469.267
424.448
336.065
158.828
-42.3848
-231.531
-418.484
-562.499
-680.97
-747.884
-842.536
-984.043
-1133.39
-1278.03
-1388.51
-1521.71
-1645.04
-1658.04
-1636.42
-1646.92
-1604.92
-1504.63
-1350.9
-1138.71
-905.689
-652.919
-471.295
-348.906
-234.822
-142.991
-4.46147
129.054
254.89
373.205
470.991
520.197
477.416
394.831
302.53
179.984
80.9444
28.6039
-1.48402
-37.0567
-100.837
-237.956
-404.85
-533.351
-554.977
-498.248
-435.252
-403.91
-414.88
-391.06
-315.057
-197.839
-56.3318
15.4404
92.8542
190.483
341.393
524.115
648.384
728.775
764.662
886.58
986.56
988.284
894.102
795.22
829.852
926.384
1001.45
994.082
913.848
802.742
700.098
739.902
835.18
898.804
861.194
755.416
738.021
810.89
927.324
1012.42
1003.33
917.452
798.197
661.704
573.478
542.763
521.137
500.295
440.276
312.716
85.3322
-236.546
-455.937
-487.749
-483.204
-493.391
-596.348
-822.634
-1129.15
-1383.34
-1464.04
-1382.24
-1300.75
-1314.07
-1359.52
-1403.86
-1369.86
-1252.8
-1075.87
-873.878
-785.494
-790.509
-784.084
-732.84
-670.627
-607.787
-483.361
-341.384
-285.126
-345.301
-493.391
-605.28
-645.397
-599.168
-503.733
-514.389
-644.77
-821.694
-823.888
-629.57
-425.536
-371.472
-456.251
-507.808
-356.741
-80.6216
193.147
388.562
454.85
473.968
526.465
614.692
689.912
699.158
690.225
776.728
940.801
1064.44
1072.12
1020.57
943.936
920.586
970.262
1026.52
1025.27
882.193
705.426
636.004
673.614
718.433
743.193
773.437
785.034
784.407
824.837
938.451
1100.49
1197.33
1191.06
1194.51
1175.86
1066.48
974.65
972.613
1049.24
1069.77
983.113
838.158
671.734
504.84
356.594
240.787
91.2871
-139.544
-409.238
-607.474
-731.273
-871.214
-1021.81
-1185.73
-1373.78
-1576.71
-1731.07
-1796.89
-1766.64
-1716.34
-1695.18
-1661.49
-1676.54
-1722.14
-1741.73
-1664.78
-1513.25
-1360.77
-1212.99
-1106.9
-1026.98
-980.596
-949.568
-876.072
-805.239
-737.855
-712.938
-696.798
-703.849
-668.12
-546.671
-379.777
-204.734
-52.7275
26.7234
49.7595
54.304
104.764
286.545
478.826
598.394
636.161
618.923
587.425
540.882
521.451
630.99
776.101
884.073
936.884
910.713
822.957
746.483
741.312
819.666
948.637
989.851
892.849
696.18
511.578
431.187
516.123
697.59
818.883
807.756
745.073
716.866
828.285
1069.3
1277.72
1391.65
1410.14
1358.74
1325.36
1332.41
1336.65
1280.7
1189.81
1144.21
1155.18
1151.1
1052.38
864.485
618.14
397.338
235.772
64.8035
-48.3397
-197.839
-392.784
-580.363
-781.106
-961.477
-1218.01
-1483.32
-1697.85
-1829.64
-1896.08
-1925.23
-1964.57
-2046.84
-2122.68
-2061.25
-1862.71
-1629.05
-1470.62
-1438.5
-1446.96
-1424.39
-1278.18
-1049.23
-850.842
-751.332
-812.918
-865.259
-782.987
-654.643
-506.711
-420.365
-384.949
-377.427
-317.251
-90.0241
157.575
257.868
234.675
154.754
127.8
182.805
269.307
334.655
376.652
360.041
355.81
394.831
458.297
503.586
479.14
464.566
533.831
694.77
841.762
881.252
804.465
716.866
729.246
913.377
1068.05
1083.41
910.87
698.844
646.034
792.869
1072.28
1252.81
1255.63
1121.96
997.843
1004.89
1105.34
1246.07
1357.8
1413.28
1380.68
1234.94
1012.42
804.779
709.657
748.364
847.717
830.949
584.134
169.171
-176.997
-261.933
-147.066
-30.1616
-101.934
-435.409
-898.167
-1250.76
-1294.33
-1175.54
-1148.27
-1347.14
-1724.18
-1996.38
-2088.83
-2010.48
-1834.18
-1668.7
-1619.96
-1649.58
-1574.99
-1393.99
-1157.52
-1012.72
-975.581
-980.282
-943.299
-858.677
-715.916
-519.561
-465.967
-526.456
-559.835
-503.106
-359.719
-251.12
-170.885
-84.2259
-44.7354
-39.8775
7.91846
70.2883
160.709
204.9
181.864
139.083
119.808
157.105
302.059
459.394
539.159
521.764
515.182
655.436
865.111
1037.8
1080.58
1034.51
991.261
1054.73
1241.99
1430.67
1484.89
1364.85
1128.54
962.897
946.6
1006.62
1067.26
1041.41
920.899
747.424
613.282
604.976
677.532
719.059
703.389
610.147
453.91
325.096
275.889
301.746
284.978
259.278
186.566
61.0425
-96.6058
-162.58
-141.894
-97.7027
-104.598
-150.513
-242.501
-379.15
-513.606
-624.712
-706.513
-774.055
-838.932
-921.203
-1001.59
-1146.71
-1377.85
-1570.29
-1614.95
-1522.34
-1397.28
-1291.35
-1233.99
-1219.11
-1196.07
-1134.64
-983.573
-876.698
-833.604
-845.2
-812.605
-749.922
-683.007
-606.69
-488.689
-345.615
-211.786
-100.837
-2.42427
54.9309
32.3649
14.3435
102.57
277.3
426.015
482.117
495.124
497.318
514.085
546.994
619.55
705.739
693.83
672.674
719.686
856.963
1007.87
1118.82
1086.54
989.067
917.765
941.115
1081.68
1198.74
1182.45
1058.02
927.638
899.901
961.957
1009.13
973.867
844.426
618.61
425.075
309.738
252.54
184.372
78.5938
60.8858
93.481
57.2815
-49.9068
-158.819
-218.525
-150.357
-36.2732
86.1158
128.114
4.00076
-179.661
-275.253
-229.024
-124.657
-46.6159
-45.9891
-134.843
-236.859
-322.422
-353.764
-392.157
-514.233
-662.792
-779.069
-871.997
-982.633
-1073.52
-1160.03
-1242.77
-1286.49
-1284.61
-1264.39
-1246.37
-1296.05
-1353.25
-1319.09
-1248.57
-1168.96
-1065.06
-945.023
-843.79
-755.25
-712.468
-622.205
-516.74
-377.113
-203.324
19.2014
260.689
415.829
454.38
424.762
405.8
371.481
402.823
473.341
559.061
597.924
639.138
678.629
805.876
904.445
923.407
939.078
960.86
977.158
960.233
945.346
932.026
954.122
993.142
1001.29
935.16
779.549
607.954
524.115
575.202
708.403
768.736
691.636
548.248
390.286
295.008
260.689
252.853
179.357
-13.2371
-172.766
-205.518
-126.224
-4.30476
61.826
51.64
-18.2518
-120.425
-159.602
-92.8448
38.1631
123.412
159.612
169.171
153.03
93.9512
-1.79744
-73.413
-120.896
-187.967
-279.484
-360.816
-428.827
-498.562
-576.759
-672.508
-766.219
-868.393
-958.97
-1021.81
-1074.15
-1050.02
-975.111
-909.607
-887.825
-993.916
-1168.65
-1324.1
-1372.52
-1285.24
-1142.48
-1025.1
-950.665
-910.234
-783.614
-615.153
-392.784
-188.907
-64.1672
16.0673
62.6096
102.257
211.325
430.873
622.214
745.386
712.791
602.782
501.549
519.57
638.982
789.108
940.331
1061.94
1161.29
1209.71
1201.88
1111.14
1012.57
934.533
878.588
866.992
863.231
783.466
679.569
572.381
514.556
516.279
487.915
442.94
357.691
264.45
194.558
184.999
230.444
281.374
293.127
238.593
154.597
53.3638
-85.9496
-222.442
-295.155
-270.865
-167.438
-104.598
-98.643
-198.466
-325.086
-359.875
-279.641
-153.334
-119.485
-158.349
-199.406
-153.648
-73.5697
-1.64073
-3.52122
-131.082
-333.548
-479.914
-462.832
-338.093
-224.166
-199.876
-212.256
-283.402
-339.033
-350.943
-328.847
-265.224
-273.999
-326.496
-365.83
-413.94
-459.385
-496.681
-483.988
-499.972
-630.197
-858.52
-1054.25
-1108.78
-940.479
-648.845
-363.95
-253.471
-323.362
-436.976
-474.742
-377.427
-201.443
-12.767
81.4145
128.897
127.487
141.12
229.66
368.504
520.981
629.266
671.577
632.4
582.88
562.351
633.183
749.618
851.948
869.969
757.923
576.769
393.577
292.5
282.158
324.782
351.266
300.962
190.483
135.792
162.903
235.302
268.837
248.779
144.098
38.1631
-21.3859
-1.95414
81.4145
146.448
165.567
149.112
68.7212
-21.0725
-105.538
-164.147
-152.551
-114.784
-116.351
-227.144
-380.561
-468.631
-408.298
-243.911
-98.4863
-83.2856
-197.212
-329.161
-322.579
-174.49
41.9241
207.094
199.886
132.031
41.1406
20.4551
112.286
226.213
290.933
261.159
211.639
194.401
203.02
244.077
284.822
284.665
222.922
115.89
28.2905
-32.3555
-74.0398
-87.0466
-101.777
-106.792
-146.909
-238.113
-335.742
-427.573
-525.202
-597.288
-598.698
-540.873
-432.588
-318.034
-194.548
-161.326
-191.884
-238.583
-230.748
-183.735
-119.955
-1.0139
113.696
185.625
206.938
172.305
137.673
101.473
29.7009
-102.717
-182.639
-193.765
-110.553
4.00076
148.486
245.488
221.355
150.053
49.7595
3.37393
-13.2371
-45.6757
-70.1221
-87.5167
-99.1131
-56.4885
-13.0804
38.6332
28.9173
-30.9451
-63.227
-72.4728
-75.1368
-38.6238
44.7448
118.241
136.106
91.1304
35.3424
39.8869
48.5058
32.0515
9.01542
-31.1018
-35.6464
-18.7219
9.01542
59.7888
89.0932
81.1011
75.1462
129.837
224.019
312.872
370.227
382.451
362.862
327.289
316.477
343.9
376.026
340.923
279.964
216.654
201.923
267.114
367.25
455.477
460.805
380.413
295.321
297.358
381.51
447.328
469.267
436.672
343.43
257.241
241.884
257.398
271.815
164.783
2.43368
-221.345
-405.007
-511.725
-517.837
-410.805
-333.235
-352.823
-491.823
-638.189
-720.147
-716.543
-686.768
-659.188
-689.432
-794.113
-895.817
-895.347
-769.823
-630.04
-517.68
-425.536
-415.663
-493.077
-574.722
-563.126
-447.318
-331.354
-272.119
-267.574
-312.549
-322.735
-265.537
-142.521
-4.14806
53.3638
22.649
-81.2484
-164.617
-149.887
-18.4085
196.125
365.526
398.592
295.164
179.827
150.993
256.301
384.958
447.955
439.806
398.592
410.501
498.415
581.313
614.379
521.294
342.647
188.76
93.6378
77.8102
137.673
211.169
249.876
224.489
142.687
66.8407
21.0819
14.3435
42.0808
110.406
186.566
216.497
215.87
257.398
380.727
531.167
621.117
676.278
645.563
591.342
566.269
631.46
748.677
825.934
869.186
879.215
892.379
859.783
835.807
769.833
668.756
542.92
430.56
373.205
355.654
266.957
63.0797
-201.757
-440.58
-638.816
-782.674
-866.826
-974.798
-1135.11
-1290.72
-1321.28
-1262.98
-1184.47
-1181.97
-1237.13
-1323.16
-1376.13
-1320.81
-1210.02
-1089.04
-996.423
-920.89
-812.605
-698.991
-628.159
-579.58
-508.434
-381.658
-240.307
-103.658
-7.59563
66.3706
156.164
258.338
383.234
455.32
463.782
431.5
410.345
415.046
456.26
504.213
520.981
494.34
440.589
405.487
379.316
332.147
281.531
246.271
223.705
209.758
173.559
117.301
49.4461
-19.3487
-23.1097
17.0075
43.6479
-2.42427
-111.493
-236.703
-319.915
-286.223
-170.259
-63.6971
-18.0951
-6.49868
21.0819
101.16
194.401
294.537
389.816
402.979
381.824
373.988
423.978
568.776
707.463
813.241
808.696
761.841
684.74
635.221
670.01
706.993
734.26
739.432
665.779
566.426
469.894
438.709
476.162
493.557
449.522
295.321
103.667
-59.466
-150.827
-191.728
-219.308
-313.803
-455.154
-584.124
-685.358
-735.661
-795.994
-855.386
-873.407
-916.816
-957.09
-965.709
-985.454
-959.597
-890.959
-757.287
-607.631
-506.397
-461.109
-455.154
-421.148
-329.317
-218.368
-98.9564
-39.5641
-18.5652
19.6716
49.4461
107.898
160.239
192.521
164
81.2578
0.553185
-18.2518
1.80685
11.9929
20.4551
-31.1018
-103.031
-149.573
-166.811
-151.454
-122.619
-148.476
-176.527
-177.781
-136.88
-35.4897
8.38859
11.366
-5.40172
-39.2507
-7.90905
31.4247
61.6693
46.1552
18.1045
37.0662
83.6084
115.107
99.5927
20.7685
-59.466
-135.94
-189.064
-154.744
-136.566
-135.626
-165.244
-180.915
-154.274
-148.476
-162.11
-191.728
-165.714
-109.299
-57.7422
-27.6543
-0.387063
36.596
85.6456
185.625
293.284
363.802
348.132
336.849
371.324
493.4
658.257
771.4
821.547
778.765
722.194
699.314
769.519
823.74
840.352
843.016
835.18
817.159
779.235
696.65
618.923
601.999
595.103
611.558
559.374
469.267
373.205
268.21
219.944
141.59
31.1113
-101.934
-243.598
-349.219
-403.44
-415.037
-388.239
-378.367
-429.61
-540.246
-609.354
-651.352
-686.768
-708.864
-727.356
-751.802
-772.958
-774.368
-754.623
-683.947
-631.137
-614.056
-668.12
-767.63
-842.223
-825.298
-732.997
-613.586
-510.785
-471.922
-476.936
-510.315
-528.336
-527.239
-515.643
-486.025
-496.055
-564.849
-605.437
-617.503
-579.737
-569.237
-569.08
-596.348
-634.741
-680.343
-708.864
-672.665
-594.624
-499.032
-436.192
-394.664
-388.396
-389.493
-378.21
-302.363
-201.287
-104.441
-8.06576
33.6186
88.4664
179.984
305.507
475.379
641.959
722.194
753.692
743.976
752.595
817.159
964.308
1135.9
1231.96
1241.84
1171.48
1119.14
1152.04
1261.74
1398.55
1511.38
1567.79
1584.24
1613.24
1674.19
1735.62
1759.91
1713.06
1648.49
1583.93
1535.19
1522.34
1491.47
1411.24
1283.37
1141.7
1018.06
887.207
743.349
576.455
392.323
218.221
75.1462
-35.6464
-166.654
-314.9
-490.726
-670.314
-845.043
-996.267
-1085.28
-1138.4
-1186.98
-1264.71
-1356.07
-1454.95
-1545.37
-1593.79
-1592.7
-1603.67
-1679.04
-1761.47
-1817.1
-1816.48
-1804.41
-1772.91
-1748.62
-1767.58
-1792.66
-1799.4
-1787.96
-1776.05
-1765.39
-1747.21
-1696.44
-1612.29
-1458.87
-1275.21
-1105.18
-997.99
-927.158
-821.38
-681.754
-499.032
-309.102
-155.058
-39.7208
57.1248
190.327
346.565
485.721
573.008
572.537
560.001
560.314
613.282
739.432
854.455
908.676
901.938
904.132
958.509
1018.69
1087.32
1138.25
1156.27
1136.69
1120.39
1168.81
1296.84
1415.16
1508.71
1540.68
1512.16
1438.51
1388.52
1427.38
1526.58
1608.53
1593.18
1522.97
1449.32
1404.19
1415.47
1463.58
1474.71
1394.94
1281.17
1201.72
1141.86
1122.9
1094.85
1030.75
931.556
815.435
702.292
619.08
560.941
484.311
399.689
310.835
214.773
101.003
-73.2563
-268.044
-420.991
-534.918
-654.8
-820.44
-1010.21
-1230.86
-1421.57
-1564.65
-1665.41
-1773.07
-1912.85
-2071.75
-2292.4
-2487.5
-2620.55
-2695.14
-2701.88
-2681.19
-2722.88
-2771.3
-2757.51
-2692.63
-2568.36
-2417.45
-2233.01
-2075.04
-1978.2
-1853.15
-1674.03
-1450.56
-1177.26
-933.74
-700.715
-547.455
-503.106
-450.609
-322.422
-111.18
122.315
292.344
434.634
532.107
632.4
818.099
1053.32
1247.48
1290.42
1243.72
1224.6
1248.26
1346.21
1492.26
1637.68
1729.36
1744.4
1731.86
1698.8
1672.31
1638.47
1612.77
1609.47
1572.65
1497.43
1430.36
1427.22
1462.33
1468.75
1434.75
1330.53
1204.23
1099.7
1033.73
1032.16
1021.66
984.523
929.362
832.203
770.46
738.335
689.285
633.34
551.068
448.738
393.107
364.899
328.7
248.622
150.993
37.0662
-76.5472
-196.899
-337.779
-474.899
-609.511
-684.261
-739.892
-789.255
-862.438
-944.866
-1029.8
-1109.72
-1161.91
-1206.41
-1185.88
-1129.47
-1105.81
-1090.76
-1122.89
-1188.55
-1231.8
-1239.16
-1211.58
-1149.06
-1095.46
-1067.41
-1041.56
-1013.5
-972.604
-928.569
-923.084
-933.113
-946.59
-948.784
-894.406
-795.21
-679.873
-598.385
-532.254
-486.025
-443.714
-384.008
-317.564
-256.448
-178.878
-81.4051
44.118
186.252
292.97
360.982
372.891
371.951
372.421
381.51
422.411
509.071
596.827
701.508
765.602
786.287
735.827
685.054
676.748
677.532
699.471
694.3
717.179
764.348
858.216
938.607
980.919
950.517
854.142
785.19
748.05
768.579
790.675
765.288
721.88
676.278
646.66
663.585
661.391
583.507
452.656
302.53
207.094
163.059
133.598
83.7651
7.91846
-124.5
-282.775
-403.127
-489.786
-528.493
-561.715
-641.166
-727.669
-790.822
-847.551
-850.058
-826.395
-845.984
-863.378
-899.734
-958.343
-949.568
-902.869
-846.924
-767.943
-698.991
-638.345
-609.511
-617.19
-595.094
-520.658
-420.835
-297.192
-169.945
-60.7197
18.888
52.4235
93.0109
214.616
321.178
390.913
424.448
424.292
458.297
541.353
670.323
812.928
880.939
873.417
852.888
860.41
879.529
912.751
945.189
987.657
994.709
957.099
877.961
784.72
716.866
644.153
583.664
512.362
424.919
278.867
117.457
12.6197
-41.2879
-67.3014
-118.388
-215.39
-343.108
-489.316
-609.668
-664.672
-674.075
-687.082
-743.183
-853.035
-948.314
-977.305
-965.709
-906.003
-863.848
-869.803
-921.987
-979.185
-970.41
-911.958
-773.584
-643.517
-591.803
-607.787
-648.061
-658.717
-580.52
-477.72
-381.814
-317.407
-273.216
-240.464
-221.972
-199.406
-137.507
-57.4288
-32.0421
-24.9902
-41.758
-33.2957
4.62759
98.0256
183.431
202.236
157.731
71.8553
2.90381
-9.78954
18.1045
66.684
134.068
169.171
189.856
196.282
234.048
306.604
374.615
435.888
456.417
453.753
450.619
493.087
587.895
699.941
825.778
909.46
937.354
909.93
881.252
876.864
912.124
967.912
999.41
1010.69
987.5
910.87
828.285
759.49
710.911
662.645
601.058
531.01
438.082
386.838
351.736
309.268
263.353
168.858
111.189
78.5938
47.5656
-7.43892
-101.15
-181.542
-254.254
-287.319
-329.474
-369.905
-454.37
-556.857
-631.294
-696.954
-709.648
-703.223
-724.221
-756.347
-801.322
-830.783
-826.552
-834.701
-849.118
-877.639
-906.786
-923.397
-895.19
-866.356
-831.566
-817.463
-854.603
-871.214
-886.571
-847.081
-801.635
-776.092
-757.13
-781.89
-811.665
-807.12
-760.891
-730.646
-691.94
-694.29
-669.217
-637.719
-592.273
-515.486
-457.191
-375.703
-270.552
-136.096
-0.387063
114.48
213.99
309.895
432.754
562.822
696.023
781.586
851.634
937.04
1028.4
1160.82
1279.92
1369.71
1440.07
1480.19
1509.81
1542.09
1544.28
1552.9
1557.29
1554.31
1556.35
1539.11
1519.52
1411.55
1288.38
1171.79
1068.2
995.492
927.324
858.686
747.737
641.176
510.168
389.346
265.703
151.933
35.1857
-88.9271
-195.175
-305.654
-416.604
-535.232
-672.665
-806.336
-911.331
-1029.96
-1131.35
-1188.86
-1210.33
-1225.22
-1258.44
-1266.74
-1260.63
-1280.06
-1270.98
-1283.98
-1277.4
-1255.15
-1239.32
-1210.8
-1170.68
-1102.83
-1066.32
-1015.38
-992.349
-963.201
-924.651
-855.073
-749.765
-692.88
-634.114
-579.11
-537.112
-475.369
-408.455
-354.077
-316.937
-281.051
-228.554
-138.604
-50.0635
33.6186
116.987
179.514
225.586
298.769
397.024
490.579
562.822
641.646
712.321
758.863
832.83
893.632
973.083
1083.56
1155.02
1194.83
1198.74
1164.27
1120.55
1103.15
1143.74
1192.94
1216.14
1161.92
1092.18
1009.13
935.63
942.055
945.346
926.071
845.523
728.932
631.303
576.925
564.859
533.674
497.474
407.367
301.746
202.393
126.39
72.3255
30.4844
-39.5641
-107.419
-160.699
-230.434
-305.027
-407.044
-499.502
-620.011
-714.976
-761.205
-801.165
-822.477
-857.893
-884.22
-908.824
-936.091
-937.188
-956.149
-969.156
-966.962
-932.8
-879.989
-797.561
-715.759
-675.172
-664.202
-638.189
-598.228
-551.529
-480.07
-431.804
-403.597
-397.955
-428.513
-452.176
-465.496
-436.662
-390.12
-367.711
-412.529
-483.048
-525.046
-496.995
-430.237
-347.182
-300.953
-319.758
-347.495
-382.755
-329.004
-226.987
-112.747
-48.4964
-29.2213
-37.3702
-0.700479
109.935
227.937
333.088
404.076
447.798
447.955
479.766
545.27
603.252
672.987
707.306
726.895
748.991
775.161
810.734
849.911
877.021
859.313
836.12
838.471
812.614
808.54
791.772
768.266
738.805
701.978
689.285
665.465
620.647
571.127
488.229
445.291
441.059
400.785
360.198
259.435
149.426
34.8722
-31.7287
-69.4953
-145.342
-250.023
-334.332
-401.246
-449.826
-456.878
-460.639
-466.28
-501.383
-537.896
-544.164
-527.553
-487.122
-452.646
-414.566
-409.708
-418.797
-414.41
-393.097
-350.316
-282.305
-200.19
-158.505
-151.924
-186.713
-204.264
-163.677
-117.761
-81.5618
-47.5562
-24.5201
-21.8561
-9.78954
21.7088
73.2657
127.8
113.383
54.7742
59.3187
63.5498
100.846
135.009
128.584
113.226
116.204
138.926
180.454
200.356
178.574
161.336
135.792
153.187
180.141
199.572
197.692
162.276
110.562
87.2127
96.1451
105.234
96.1451
49.4461
-22.0128
-61.9733
-68.8685
-42.8549
-23.4231
-39.8775
-121.052
-196.586
-245.949
-259.425
-238.583
-256.605
-271.492
-289.827
-287.319
-284.812
-275.88
-294.841
-313.803
-376.486
-446.221
-464.556
-492.607
-470.981
-476.466
-514.233
-583.184
-653.546
-654.8
-614.056
-576.132
-543.537
-511.882
-478.66
-419.894
-345.928
-275.723
-218.838
-168.691
-98.0162
-12.2969
80.1609
125.92
166.82
189.073
232.011
302.373
349.072
405.33
442.47
437.769
429.933
455.32
507.66
565.956
589.619
584.917
532.734
458.454
406.27
390.756
388.719
379.787
378.533
363.019
333.558
317.103
329.327
362.235
407.524
406.584
383.391
349.542
337.005
366.153
414.733
476.162
481.804
462.372
417.553
400.942
405.643
429.776
473.968
497.318
475.379
440.903
417.24
394.36
372.108
325.096
280.12
204.587
137.203
90.817
52.1101
17.9478
-35.333
-103.031
-188.75
-276.193
-353.764
-427.73
-478.033
-506.084
-548.238
-577.386
-633.801
-701.185
-755.25
-837.991
-901.772
-938.285
-938.598
-925.591
-926.218
-920.106
-929.509
-931.86
-921.517
-904.436
-904.122
-880.146
-870.743
-846.297
-788.158
-703.693
-608.414
-498.875
-433.215
-406.261
-376.486
-350.159
-264.127
-154.274
-32.8256
56.6547
144.725
212.109
266.957
326.663
388.249
433.537
456.73
480.707
531.167
610.774
662.331
668.129
634.124
591.656
580.373
628.952
675.651
699.314
671.264
621.117
595.574
576.612
567.993
560.628
510.011
443.097
413.636
382.764
364.273
359.101
354.557
346.408
368.974
402.666
413.949
420.531
399.532
400.159
410.501
421.941
419.12
381.824
358.944
323.685
311.148
276.046
203.96
137.516
70.6017
6.50809
6.19467
21.3954
-28.9079
-128.104
-274.626
-401.246
-479.13
-508.121
-513.136
-562.029
-651.196
-750.862
-818.716
-824.515
-858.05
-887.668
-936.247
-974.954
-987.178
-993.289
-962.418
-956.306
-922.3
-909.45
-884.377
-879.362
-898.481
-907.256
-868.863
-790.196
-703.379
-607.787
-563.282
-530.687
-517.524
-504.517
-476.779
-388.396
-276.663
-173.079
-83.2856
-8.06576
60.8858
98.4957
158.045
238.749
337.946
432.441
467.543
476.319
503.429
545.74
625.662
739.902
814.025
852.888
830.636
809.323
814.965
876.551
969.166
1013.36
987.344
933.279
889.401
875.454
904.602
929.048
926.541
861.821
803.525
776.728
781.116
787.384
764.975
729.089
643.84
566.739
519.884
491.99
462.372
429.306
389.032
329.013
262.882
168.858
68.8779
-10.4164
-28.7512
-51.4739
-90.1808
-185.146
-315.37
-419.111
-458.131
-478.503
-486.495
-506.711
-601.049
-687.708
-694.76
-690.686
-667.18
-652.606
-694.447
-691.626
-685.828
-658.561
-637.405
-663.575
-708.237
-739.422
-731.273
-681.91
-648.375
-651.822
-677.993
-696.327
-687.238
-648.845
-591.02
-594.31
-625.339
-641.48
-629.413
-595.407
-568.297
-533.978
-537.269
-537.582
-513.606
-483.361
-418.014
-370.375
-322.579
-245.165
-176.684
-118.075
-71.2191
-48.8098
-35.333
17.4777
88.9365
169.014
241.1
262.099
300.962
380.884
461.902
530.853
551.382
552.949
534.144
528.189
551.225
605.446
650.735
699.158
703.075
679.726
655.749
652.459
692.733
701.038
712.634
670.48
609.05
538.845
503.429
527.406
568.15
586.798
565.956
492.303
420.061
358.788
346.251
345.938
316.477
284.822
248.465
223.079
180.297
148.956
99.1225
65.2736
18.1045
-18.0951
-63.0703
-84.2259
-102.091
-116.821
-107.419
-112.433
-108.045
-145.655
-163.363
-186.87
-191.884
-185.929
-185.303
-198.936
-227.927
-255.351
-250.023
-222.129
-213.04
-214.92
-267.418
-322.109
-366.77
-385.732
-374.763
-364.106
-365.987
-388.083
-434.782
-469.101
-479.13
-479.287
-477.72
-465.653
-453.117
-473.332
-486.182
-512.195
-534.135
-524.889
-480.07
-399.679
-339.817
-301.11
-301.737
-310.199
-278.701
-216.174
-136.723
-66.3611
-22.4829
-27.811
-22.0128
-10.4164
39.5735
112.129
159.925
180.767
183.902
197.378
193.304
238.749
291.873
350.639
381.824
375.555
379.16
366.31
366.466
377.123
409.875
444.35
440.276
410.031
388.719
388.092
394.36
416.77
434.791
407.367
388.876
363.176
338.572
320.864
311.619
292.657
229.504
182.961
163.373
146.605
127.33
88.153
49.7595
28.2905
11.6795
11.366
-2.58098
-12.2969
1.49343
28.6039
28.9173
-5.71514
-50.0635
-78.5844
-98.643
-74.3533
-44.1086
-54.4513
-102.091
-159.602
-176.213
-146.596
-130.768
-131.865
-152.394
-195.645
-224.95
-242.658
-243.911
-233.098
-237.016
-229.494
-197.212
-156.938
-123.246
-136.566
-165.087
-206.145
-206.301
-174.96
-144.558
-108.672
-111.806
-146.126
-176.37
-182.325
-156.938
-142.521
-120.582
-140.954
-208.809
-262.873
-287.946
-269.141
-242.501
-207.398
-229.651
-270.082
-301.737
-316.781
-310.356
-269.298
-227.77
-207.085
-199.876
-188.593
-147.693
-97.2326
-41.6013
1.80685
40.5137
63.8632
101.16
167.134
230.601
256.457
253.637
225.116
231.854
266.643
301.433
339.669
349.542
351.422
337.632
315.693
292.5
279.337
277.143
308.955
330.737
326.663
270.404
190.797
154.284
138.613
168.387
192.207
182.805
160.395
146.292
135.479
141.12
144.254
137.359
120.435
90.1902
71.0718
62.7663
66.5273
84.392
115.89
124.039
144.098
155.224
162.433
147.545
124.039
130.464
168.231
247.368
294.224
298.298
281.217
237.809
193.147
232.168
283.254
303.47
253.637
183.588
148.956
128.427
123.256
97.0853
61.3559
-6.34197
-58.8392
-107.262
-140.171
-176.213
-215.077
-251.433
-285.752
-332.921
-391.06
-459.855
-537.582
-598.385
-655.583
-677.522
-694.76
-707.454
-683.164
-646.024
-615.309
-613.272
-630.04
-648.218
-648.845
-594.31
-506.084
-413.156
-326.34
-303.617
-291.551
-275.566
-228.711
-160.856
-128.888
-127.947
-108.672
-77.0173
-23.5799
41.1406
88.6231
85.1755
66.684
65.4303
51.7967
50.6998
54.304
60.2589
50.8565
43.6479
61.1992
39.1034
17.7911
-1.32731
-11.9835
-9.006
-10.8865
-14.9609
-22.953
-9.16271
13.8734
58.6919
80.9444
78.4371
63.5498
46.4686
82.6682
162.119
241.413
274.165
275.576
284.665
287.015
311.148
376.026
420.061
436.358
450.462
453.91
454.223
460.178
491.833
520.354
535.398
537.748
525.995
507.974
490.579
510.011
551.539
562.351
541.353
493.87
442.94
417.083
422.881
452.969
437.298
393.264
336.378
287.956
268.524
278.553
271.031
204.744
125.293
45.9985
-14.1774
-49.7501
-83.4423
-154.744
-223.696
-273.686
-336.056
-366.144
-405.477
-488.689
-581.304
-635.995
-650.725
-641.323
-635.838
-640.226
-659.814
-685.515
-675.799
-663.732
-675.642
-651.352
-652.763
-652.292
-619.384
-591.803
-551.999
-519.717
-485.398
-465.34
-466.123
-438.699
-400.306
-367.084
-327.75
-288.26
-277.29
-270.708
-247.359
-214.607
-149.573
-95.0387
-57.1154
-52.4141
-65.7343
-39.8775
4.7843
44.4314
87.5261
90.9737
73.8925
45.6851
68.0943
123.412
174.656
186.095
158.045
124.353
125.606
168.387
225.429
249.876
258.024
230.13
229.504
253.95
283.411
338.102
365.056
386.212
425.389
448.111
459.551
468.797
466.603
473.498
501.079
505.623
481.49
450.462
415.046
399.689
393.734
395.301
374.302
358.004
367.563
375.555
378.69
386.368
378.22
336.378
321.021
304.097
290.463
255.36
223.392
189.7
127.957
102.1
59.6321
55.8711
19.2014
-50.847
-129.358
-188.593
-242.814
-282.932
-331.668
-405.947
-463.146
-507.494
-531
-569.08
-600.892
-643.987
-673.918
-676.582
-665.769
-644.3
-617.503
-620.167
-619.54
-612.175
-598.228
-588.512
-574.879
-521.755
-495.428
-471.451
-460.168
-466.123
-460.168
-445.751
-409.082
-382.441
-380.091
-360.032
-351.1
-314.9
-251.433
-203.951
-138.917
-125.127
-101.464
-51.4739
10.4258
80.0042
96.6152
87.6828
93.481
157.575
244.077
354.243
424.292
443.097
466.133
502.489
564.545
642.273
685.211
703.859
698.531
693.673
697.277
713.261
735.671
727.522
699.471
673.771
686.464
707.62
698.687
690.539
674.868
643.526
638.982
622.214
617.983
583.977
545.584
525.368
507.974
481.96
422.411
389.973
329.797
269.464
224.646
174.029
129.681
89.8768
25.3131
-17.6249
-59.1526
-109.769
-152.864
-203.794
-247.672
-292.334
-327.907
-364.106
-386.516
-433.215
-496.368
-552.626
-609.825
-638.189
-661.225
-670.157
-675.642
-687.238
-719.99
-735.818
-752.899
-770.45
-764.809
-760.421
-736.601
-720.774
-711.215
-737.698
-735.504
-735.818
-702.909
-665.613
-657.777
-599.168
-561.402
-518.464
-470.354
-430.394
-408.925
-359.562
-299.073
-268.985
-220.719
-181.071
-163.207
-115.881
-21.8561
66.9974
118.398
145.978
162.276
178.26
241.257
331.05
395.457
434.634
452.656
467.543
528.659
590.872
626.132
626.132
604.819
576.455
589.149
611.558
622.841
632.087
649.481
648.854
629.736
610.774
594.477
586.641
579.276
600.745
631.46
663.898
670.01
653.556
610.304
572.381
549.972
522.548
481.804
432.284
388.092
374.772
387.152
412.852
415.986
386.368
335.125
287.956
258.024
218.847
188.916
133.755
53.0504
-10.7298
-57.4288
-96.2924
-142.521
-218.681
-275.41
-343.734
-397.172
-442.46
-491.197
-518.621
-566.73
-587.572
-625.025
-678.463
-728.139
-803.516
-851.312
-849.588
-825.141
-769.353
-733.937
-714.662
-687.552
-660.755
-619.54
-586.632
-560.462
-517.68
-463.303
-424.752
-385.105
-353.607
-311.452
-277.29
-228.397
-189.377
-156.782
-128.104
-107.262
-61.3465
-25.6171
13.56
25.9399
38.0064
49.6028
81.5712
111.659
117.927
131.404
140.964
142.531
181.394
221.041
220.415
220.101
208.818
203.803
220.415
233.421
220.571
216.34
208.661
234.205
299.082
343.274
358.004
357.691
339.826
349.699
348.132
347.191
334.341
307.544
303.94
321.648
363.489
370.227
398.748
413.165
404.233
409.248
422.725
417.553
406.114
367.877
306.447
251.756
224.019
194.401
195.655
181.551
128.27
93.3243
95.675
60.1022
22.9624
1.18002
-48.0263
-97.8595
-137.977
-154.588
-172.923
-177.31
-167.908
-165.557
-180.601
-200.19
-234.979
-223.853
-217.114
-200.347
-180.915
-203.324
-228.241
-268.358
-281.208
-269.768
-259.896
-254.254
-278.387
-303.147
-320.071
-308.475
-295.155
-311.452
-309.729
-307.221
-272.432
-246.889
-249.239
-247.986
-258.642
-240.62
-205.831
-177.937
-155.058
-144.402
-142.835
-130.298
-104.128
-80.4649
-43.3251
-47.2428
-53.3544
-42.5415
-53.8245
-14.9609
22.9624
42.5509
35.9692
34.4021
51.7967
88.4664
127.017
139.553
108.525
92.6975
86.1158
110.092
141.277
175.439
180.924
180.454
200.826
198.789
191.11
174.342
184.372
179.357
201.296
184.372
163.53
128.27
120.905
126.546
131.091
133.598
83.9219
20.9252
-43.7952
-68.0849
-66.8313
-38.7805
-41.2879
-56.9587
-86.4198
-110.553
-103.188
-84.8527
-78.1142
-84.5393
-81.8752
-84.696
-41.1312
-6.65538
37.5363
63.2364
73.2657
98.1823
134.852
165.41
192.677
239.376
273.695
301.119
297.358
283.411
266.33
237.182
252.54
269.621
262.256
241.884
200.826
169.641
140.18
116.831
85.9591
48.6625
-4.9316
-33.7659
-72.4728
-73.5697
-76.077
-97.2326
-122.149
-149.73
-137.193
-158.349
-160.386
-173.549
-195.645
-210.533
-215.077
-216.958
-234.979
-253.784
-277.447
-263.813
-246.575
-214.764
-208.339
-224.95
-229.964
-229.651
-213.823
-185.303
-152.08
-144.872
-129.671
-122.776
-86.7332
-57.8989
-57.8989
-47.8696
-56.3318
-63.0703
-56.9587
-66.6746
-84.2259
-91.4344
-93.785
-110.71
-140.171
-172.452
-176.997
-188.907
-196.429
-180.601
-192.825
-194.548
-209.122
-195.489
-172.296
-157.879
-138.29
-130.768
-129.358
-140.327
-137.977
-126.067
-89.2405
-73.8831
-64.7941
-49.7501
-36.7433
10.7392
49.4461
72.4822
91.4438
103.667
129.524
187.349
219.944
231.384
224.802
217.751
254.577
282.941
304.097
333.714
342.647
332.147
312.245
303.313
295.008
285.762
282.784
271.345
250.189
223.862
193.774
170.895
177.32
173.872
178.574
170.581
145.038
128.74
116.517
110.249
95.5183
39.7302
-9.31942
-38.7805
-38.7805
-32.5122
-29.0646
-33.139
-72.316
-110.553
-119.642
-126.067
-111.806
-113.844
-131.395
-149.887
-174.49
-193.451
-209.749
-220.405
-230.121
-212.57
-206.145
-207.242
-204.891
-215.547
-237.8
-266.164
-263.657
-242.971
-231.845
-230.905
-233.569
-271.022
-286.379
-276.193
-249.083
-219.622
-228.084
-243.285
-271.962
-257.702
-211.003
-161.326
-137.35
-135.469
-134.216
-120.896
-99.2698
-65.1075
-1.48402
54.304
80.0042
114.793
150.053
166.35
202.55
221.668
247.055
265.703
269.621
270.875
249.562
270.091
279.493
280.904
294.537
277.3
257.241
282.001
292.5
311.775
315.693
293.284
246.271
220.728
228.72
240.16
234.988
244.704
257.241
259.435
273.382
256.144
228.877
190.797
158.045
134.695
143.001
117.457
78.2804
39.8869
5.25443
-17.9384
-15.1176
-12.767
-38.1537
-87.5167
-116.508
-126.537
-121.366
-91.5911
-98.7997
-115.881
-137.82
-161.953
-188.123
-174.96
-147.379
-135.94
-147.693
-155.685
-160.856
-187.653
-209.906
-213.98
-206.145
-210.689
-246.889
-266.634
-290.14
-314.273
-295.468
-259.582
-219.778
-219.151
-231.061
-239.21
-249.553
-237.173
-220.562
-225.577
-247.829
-266.321
-274.313
-244.695
-224.166
-205.675
-207.712
-204.734
-209.122
-196.429
-197.212
-195.175
-180.601
-184.049
-179.034
-160.699
-137.663
-135.156
-133.589
-111.963
-76.3905
-47.7129
4.15747
37.2229
54.9309
67.7809
83.4517
99.5927
143.001
192.521
238.279
281.217
298.612
327.76
323.999
343.274
369.444
379.63
366.623
341.393
320.081
291.717
296.261
290.776
257.084
243.451
211.012
178.26
179.67
166.977
164
151.776
107.428
68.5645
27.0368
23.1191
26.41
23.746
43.9613
18.7313
-7.28222
-29.6915
-47.0861
-53.6678
-48.6531
-40.0342
-37.997
-13.3938
-22.3262
-36.2732
-58.9959
-48.4964
-34.236
-37.2134
-30.475
-22.6396
-17.3115
-6.49868
16.224
35.4991
34.8722
30.4844
21.7088
5.56784
17.0075
29.5442
48.976
79.8474
96.9286
83.9219
75.773
77.1834
58.2217
61.0425
62.7663
35.4991
21.0819
0.0830608
-12.767
-13.0804
-24.05
-22.6396
-47.2428
-83.9124
-118.075
-156.782
-184.206
-221.816
-242.501
-263.813
-269.611
-275.723
-293.431
-310.982
-315.684
-298.602
-269.298
-238.27
-211.473
-184.049
-162.11
-124.5
-109.613
-101.777
-103.031
-101.934
-90.4942
-61.9733
-38.9372
-24.2067
-5.55843
1.49343
14.0301
11.6795
16.6941
12.1496
8.85871
11.366
12.7764
21.8655
29.8576
21.8655
-20.7591
-48.4964
-60.8764
-64.3239
-45.519
-45.2056
-42.8549
-69.3386
-84.3826
-58.9959
-28.9079
-20.7591
-43.4818
-65.5776
-82.9722
-83.7557
-41.6013
10.2691
38.9467
55.401
43.8046
34.8722
45.5284
72.012
91.7573
110.092
116.204
105.234
142.374
182.961
228.407
243.451
237.182
234.832
220.258
225.743
245.958
265.703
284.665
304.41
303.156
291.717
275.576
266.957
269.307
267.74
264.606
245.174
222.765
216.027
201.296
180.924
132.815
87.2127
49.9162
0.709893
-14.4908
-28.9079
-34.236
-48.3397
-90.9643
-117.448
-148.79
-165.087
-177.154
-185.459
-189.534
-187.967
-190.004
-180.601
-201.13
-209.749
-219.465
-233.882
-223.383
-202.697
-171.199
-162.58
-166.341
-163.677
-149.26
-136.723
-143.618
-161.796
-174.646
-212.57
-234.039
-237.643
-222.756
-204.264
-214.45
-241.561
-238.427
-242.188
-235.449
-232.472
-229.494
-213.98
-229.808
-217.271
-184.362
-143.932
-126.85
-94.2552
-69.1819
-74.51
-72.4728
-60.7197
-31.572
11.2093
67.9376
101.63
118.554
132.815
141.434
154.284
187.192
235.302
252.383
255.047
263.666
271.188
272.128
310.835
321.805
301.903
279.493
252.383
233.421
236.712
259.278
243.294
230.13
211.169
209.758
199.886
198.946
201.766
171.678
136.732
114.167
85.6456
77.8102
68.7212
44.7448
19.2014
6.50809
17.9478
37.2229
41.2973
41.9241
3.06051
-41.4446
-46.4592
-65.4209
-74.6667
-108.672
-118.702
-124.5
-113.374
-72.7862
-44.7354
-45.3623
-75.4502
-123.246
-151.454
-149.73
-154.588
-140.327
-146.596
-170.415
-214.92
-222.756
-234.509
-256.291
-276.977
-290.924
-313.176
-361.756
-383.225
-361.286
-351.57
-367.084
-378.053
-395.291
-413.469
-424.909
-422.872
-408.141
-394.978
-371.002
-363.009
-351.256
-329.944
-314.117
-295.155
-264.44
-226.047
-181.698
-157.722
-108.359
-63.8538
-45.0489
-1.64073
26.0966
50.0729
95.3615
136.889
161.649
166.82
177.006
199.886
247.995
297.358
322.431
348.288
381.04
394.674
402.823
444.037
490.109
518.63
525.995
551.539
559.531
537.121
534.614
514.712
474.438
450.462
437.298
440.119
443.88
431.344
428.68
399.375
333.714
289.836
260.845
245.645
237.809
219.788
219.788
200.356
151.306
95.675
69.0346
17.7911
-30.475
-71.6892
-98.7997
-107.105
-95.3521
-101.464
-122.933
-124.186
-145.029
-128.888
-153.491
-190.474
-208.809
-246.262
-260.209
-275.88
-274.313
-288.73
-316.624
-322.579
-352.04
-384.635
-387.613
-385.889
-376.33
-362.853
-359.092
-350.473
-353.294
-359.562
-335.586
-307.378
-287.79
-275.88
-278.857
-285.596
-273.686
-246.262
-224.323
-204.578
-207.085
-214.45
-234.195
-229.651
-207.085
-200.503
-187.81
-183.892
-184.676
-177.154
-170.885
-166.027
-154.274
-147.222
-131.708
-135.626
-144.402
-138.447
-122.463
-74.3533
-3.20781
1.96356
8.23188
35.3424
47.0955
87.9963
144.881
187.663
214.93
253.48
277.456
311.619
343.43
367.407
370.854
374.772
373.518
382.451
378.533
392.323
410.345
391.383
398.121
392.323
364.429
339.356
332.147
329.17
296.105
290.933
276.516
247.368
243.137
223.705
210.542
203.803
178.73
167.761
133.128
95.9884
83.9219
76.0865
72.6389
54.6175
35.029
-1.48402
-54.7647
-102.874
-125.44
-157.565
-170.572
-165.871
-170.729
-155.528
-146.596
-151.454
-167.908
-171.199
-186.87
-189.377
-179.974
-182.639
-197.056
-195.489
-156.468
-135.469
-119.328
-107.575
-129.201
-167.595
-191.728
-205.048
-203.011
-187.653
-192.511
-214.294
-247.829
-262.873
-285.126
-306.908
-314.9
-299.073
-299.856
-290.61
-263.343
-247.516
-217.271
-193.295
-166.184
-163.677
-130.455
-129.671
-122.933
-75.6069
-41.2879
-15.5877
-2.58098
22.9624
48.8193
76.5566
116.204
138.143
135.009
129.837
130.778
130.621
145.351
154.284
162.903
157.418
111.816
104.137
82.6682
100.69
135.165
132.658
140.964
135.009
138.77
150.053
148.799
153.657
161.806
173.559
176.85
175.753
187.819
209.445
222.295
204.43
174.813
163.686
145.665
139.867
151.933
138.926
127.957
133.442
140.65
127.957
135.949
126.546
137.829
130.934
112.129
111.659
103.824
109.935
117.301
123.569
121.845
117.614
93.481
68.5645
30.4844
9.95567
6.19467
-3.99135
-5.40172
-19.0353
-51.7873
-98.3296
-133.902
-155.371
-191.884
-226.673
-258.485
-286.536
-310.356
-321.168
-313.333
-338.876
-357.681
-371.002
-366.77
-357.055
-343.421
-331.041
-337.309
-341.227
-335.272
-308.005
-321.325
-305.968
-256.291
-225.42
-208.495
-187.183
-188.28
-200.817
-187.026
-168.065
-118.075
-94.7253
-72.7862
-63.5404
-65.1075
-37.2134
-18.2518
4.15747
29.074
55.7144
78.4371
102.727
119.181
121.688
134.068
136.262
160.552
168.387
182.961
221.041
231.698
252.383
250.973
274.009
282.314
252.696
241.1
231.854
232.951
259.748
271.031
279.964
287.015
255.36
234.048
221.355
236.555
233.578
237.026
229.817
227.466
236.555
261.315
255.674
252.383
244.548
215.4
192.834
179.827
196.908
187.192
185.625
180.611
143.628
116.674
106.801
101.473
92.3841
64.3334
22.1789
-20.289
-61.6599
-97.0759
-126.85
-147.379
-155.215
-159.446
-166.811
-185.773
-207.242
-213.51
-211.473
-216.017
-225.263
-240.464
-245.635
-264.283
-280.894
-284.655
-300.796
-309.572
-302.99
-314.273
-325.243
-329.474
-340.757
-347.965
-356.584
-346.398
-323.362
-321.012
-312.863
-314.9
-315.37
-320.698
-312.236
-288.103
-269.141
-231.375
-230.278
-222.442
-199.406
-182.952
-188.75
-173.863
-158.035
-148.006
-113.217
-77.6441
-57.8989
-38.3104
-34.0793
-10.103
36.2826
67.9376
114.637
124.823
129.681
140.65
165.567
194.088
215.4
226.056
275.889
304.723
326.506
341.236
340.453
357.377
358.474
370.541
363.489
373.518
379.316
384.331
376.496
351.422
347.348
319.924
321.491
323.058
333.871
331.991
309.581
293.597
282.628
271.345
258.338
250.502
232.011
240.003
231.698
210.229
193.617
181.394
156.634
135.792
114.01
91.7573
71.8553
62.1394
55.8711
30.9545
22.1789
14.8136
12.6197
-10.5731
-28.1244
-45.2056
-65.7343
-80.4649
-87.8301
-98.0162
-104.284
-127.321
-129.828
-135.94
-172.296
-183.422
-172.452
-188.437
-222.286
-232.942
-256.135
-272.746
-266.164
-283.558
-283.245
-279.484
-299.073
-306.281
-308.945
-302.05
-302.05
-308.475
-312.393
-335.272
-342.011
-353.92
-332.765
-317.721
-314.273
-309.729
-309.885
-277.133
-234.352
-176.213
-148.163
-147.693
-144.088
-138.133
-129.201
-114.627
-94.7253
-100.994
-81.8752
-62.4434
-56.0184
-44.8921
-32.0421
-31.4153
-16.0579
-1.0139
22.649
46.3119
60.7291
77.4968
106.331
138.3
128.427
146.135
156.164
175.283
189.7
240.787
264.763
259.121
261.785
266.643
291.09
283.254
294.694
292.657
298.455
313.499
314.596
322.745
307.388
285.448
250.973
242.354
229.347
219.631
216.967
180.454
161.022
147.545
136.262
130.621
96.1451
57.1248
32.0515
3.37393
0.396477
-11.5133
-13.5505
-23.7366
-45.2056
-61.3465
-78.271
-77.6441
-98.4863
-102.874
-131.395
-148.79
-139.23
-138.917
-139.074
-134.999
-136.096
-132.962
-126.85
-124.97
-131.865
-139.544
-146.752
-155.998
-154.901
-153.961
-163.99
-164.774
-166.341
-165.087
-158.505
-149.416
-141.268
-133.902
-108.516
-83.7557
-79.3679
-77.6441
-87.36
-86.2631
-83.599
-77.0173
-69.0252
-72.316
-65.7343
-73.2563
-63.6971
-54.608
-54.7647
-48.8098
-75.4502
-79.838
-86.5765
-84.696
-68.7118
-37.0567
-36.2732
-36.9
-46.7726
-52.5708
-28.2811
-10.8865
18.5746
44.9016
64.6468
77.6535
107.585
139.867
153.657
174.813
186.252
187.663
175.909
169.014
197.535
210.385
229.817
247.995
242.04
234.832
224.802
213.049
200.043
219.318
242.354
241.727
222.138
200.983
193.147
184.372
187.976
189.23
172.148
132.188
120.278
106.331
76.7133
59.162
59.162
42.0808
37.5363
31.1113
11.9929
8.38859
14.6569
11.0526
18.7313
-7.43892
-29.2213
-46.7726
-57.1154
-38.9372
-53.041
-61.9733
-72.7862
-95.979
-125.597
-137.663
-132.805
-130.925
-118.388
-101.15
-125.597
-145.812
-152.08
-165.087
-135.469
-119.015
-129.671
-144.402
-159.916
-172.296
-179.661
-163.677
-156.155
-158.035
-173.706
-196.115
-191.257
-190.474
-168.065
-148.163
-151.297
-166.498
-186.243
-203.637
-213.197
-210.219
-193.295
-170.102
-164.617
-163.677
-178.878
-172.766
-162.11
-142.835
-136.41
-142.365
-123.246
-80.3082
-48.0263
-14.1774
48.976
78.4371
82.9816
91.914
89.8768
73.5791
73.8925
67.6242
84.0786
104.921
111.973
116.047
123.882
136.262
166.194
191.267
193.461
196.595
175.126
163.216
182.805
193.617
198.319
184.528
159.769
149.426
145.351
166.194
195.498
191.894
189.7
177.32
162.433
160.709
152.403
147.389
139.553
124.196
130.151
112.913
97.5555
82.8249
77.4968
75.773
69.6614
70.445
59.0053
46.1552
28.2905
27.6637
27.1935
16.8508
-16.9981
-37.0567
-52.4141
-74.0398
-68.5551
-82.1887
-102.717
-105.225
-108.359
-111.336
-96.4491
-93.6283
-99.74
-121.209
-144.088
-156.625
-163.677
-164.304
-186.243
-192.668
-211.003
-234.979
-254.254
-270.708
-271.492
-285.439
-273.529
-251.747
-243.441
-243.285
-242.658
-266.791
-265.537
-240.15
-228.084
-195.645
-180.131
-172.923
-164.304
-161.796
-153.491
-121.522
-100.994
-88.7704
-87.6734
-83.4423
-77.8008
-42.3848
-4.61818
6.97821
25.1563
40.6704
59.162
81.8847
108.055
119.965
134.068
131.091
128.114
127.487
121.218
140.65
150.993
144.098
131.091
134.225
141.434
143.001
187.192
186.879
154.597
128.897
116.987
119.808
111.973
124.666
117.144
108.995
107.741
108.368
118.711
140.65
147.232
143.471
140.023
134.852
123.569
114.48
103.98
82.3548
72.1688
76.5566
90.3469
87.6828
89.5633
67.7809
62.6096
77.3401
77.967
81.8847
67.1541
41.454
32.0515
23.5893
2.43368
0.396477
-31.4153
-66.2044
-97.2326
-117.605
-137.82
-158.662
-144.245
-169.318
-175.743
-194.235
-210.533
-218.055
-220.405
-209.122
-227.614
-234.509
-241.091
-230.591
-218.211
-218.368
-216.174
-221.502
-229.181
-225.42
-238.27
-263.186
-266.164
-248.456
-240.777
-219.778
-193.765
-166.027
-128.574
-85.3228
-69.9654
-78.1142
-75.4502
-72.316
-50.3769
-29.0646
-21.5426
10.5825
8.38859
11.6795
33.3052
38.4765
57.7516
55.0876
41.9241
43.4912
42.5509
40.5137
45.5284
48.1924
33.1485
34.7155
35.3424
37.3796
69.8181
81.8847
89.5633
107.898
111.816
115.107
128.897
139.24
134.852
124.979
122.315
126.076
114.323
111.816
111.346
113.226
115.263
103.354
63.8632
61.0425
60.5724
53.6772
61.3559
58.8486
64.1766
57.4382
57.5949
80.4743
81.4145
69.9748
60.7291
46.7821
52.8937
53.6772
71.2285
48.8193
37.3796
23.9027
1.80685
4.00076
14.9703
13.4032
8.07517
6.97821
-22.1695
-27.1841
-47.7129
-71.2191
-78.8978
-100.367
-98.1729
-110.553
-107.105
-106.949
-111.65
-129.514
-149.73
-160.543
-171.826
-161.953
-145.499
-135.469
-155.841
-154.274
-160.856
-161.013
-142.521
-119.328
-108.516
-109.613
-112.747
-108.986
-109.613
-100.053
-105.381
-123.56
-107.262
-91.2777
-82.1887
-62.7569
-44.7354
-28.7512
-26.4006
-43.3251
-57.8989
-48.8098
-57.2721
-47.0861
-33.7659
-33.6092
-28.5945
-14.6475
4.31418
11.5227
19.5149
16.8508
6.6648
1.49343
13.0898
40.2003
45.6851
36.7527
49.2894
51.64
46.6253
45.9985
35.8125
35.8125
28.4472
26.0966
22.1789
26.7234
49.7595
74.8328
95.0481
115.263
108.995
101.16
87.6828
72.1688
56.3412
53.6772
76.7133
86.7426
102.884
124.666
112.913
96.9286
85.3322
78.7505
72.1688
70.1315
58.5352
33.6186
31.7381
23.4326
35.8125
18.2612
-0.543771
-12.1402
-32.8256
-29.2213
-24.5201
-14.9609
-8.69259
-15.2743
-23.1097
-35.8031
-44.1086
-49.7501
-41.1312
-52.7275
-48.6531
-45.8324
-47.2428
-55.2349
-63.6971
-49.9068
-47.7129
-46.7726
-33.4525
-19.192
-11.1999
-5.87184
-0.543771
-10.4164
-14.9609
-23.1097
-39.5641
-37.5269
-29.378
-26.714
-26.4006
-34.8628
-59.1526
-75.4502
-78.4277
-82.8155
-91.5911
-92.218
-106.322
-106.478
-106.322
-93.9418
-90.9643
-97.0759
-111.023
-123.56
-114.627
-125.127
-129.671
-113.53
-107.419
-112.12
-122.463
-139.074
-115.254
-94.5686
-64.7941
-56.1751
-49.4367
-54.608
-42.0714
-18.0951
-22.0128
-13.864
-24.8335
-11.5133
17.9478
56.9681
93.7945
106.018
100.063
83.9219
64.6468
71.0718
77.1834
97.0853
115.107
99.2792
98.339
86.7426
89.7201
86.5859
88.153
97.5555
85.1755
86.7426
100.533
101.63
89.4066
89.5633
98.339
100.533
105.077
121.845
117.927
105.861
92.2274
93.9512
93.0109
83.9219
86.7426
103.824
105.234
93.0109
103.824
98.8091
99.436
76.7133
46.3119
61.826
62.4529
75.3029
80.1609
65.2736
43.0211
-0.0736472
-27.1841
-40.5043
-46.3025
-50.3769
-44.2653
-47.7129
-55.5483
-73.8831
-85.9496
-87.5167
-88.9271
-89.2405
-84.696
-79.5246
-78.4277
-62.9136
-49.4367
-70.9057
-86.4198
-107.105
-122.776
-135.94
-134.843
-121.679
-114.471
-107.732
-103.188
-106.478
-119.015
-128.418
-144.402
-132.022
-134.216
-136.096
-114.157
-105.852
-93.1582
-85.6362
-82.8155
-92.6881
-92.5314
-90.9643
-112.59
-105.225
-87.9869
-85.1661
-61.8166
-46.3025
-32.5122
-28.7512
-17.3115
-0.700479
7.76175
19.3581
16.0673
19.8283
10.2691
32.835
44.2747
45.8418
49.9162
44.4314
42.7076
41.9241
58.6919
91.7573
111.189
128.427
131.718
167.447
173.245
180.924
186.566
188.133
213.049
219.631
231.071
225.429
231.071
218.064
215.4
215.243
199.729
179.827
178.417
179.357
167.291
158.358
141.277
121.845
119.338
122.002
114.95
93.0109
72.6389
65.587
55.401
50.6998
30.7978
6.6648
-1.48402
9.01542
-7.12551
-14.9609
-27.9677
-47.8696
-43.7952
-46.1458
-27.1841
-18.5652
-3.52122
-14.1774
-37.997
-49.4367
-59.3093
-64.9508
-69.3386
-60.4062
-56.9587
-48.6531
-35.333
-44.1086
-72.9429
-74.8234
-87.0466
-99.4265
-106.478
-105.852
-115.881
-118.858
-121.992
-117.291
-115.097
-110.553
-113.374
-118.232
-121.522
-131.552
-131.865
-138.29
-150.827
-143.305
-133.589
-130.768
-121.992
-137.82
-153.648
-173.236
-193.608
-204.421
-203.324
-191.414
-152.707
-125.91
-122.463
-106.792
-116.038
-124.813
-133.589
-109.142
-81.7185
-50.2202
-19.6622
11.6795
27.9771
37.0662
47.5656
53.9906
59.7888
76.7133
92.3841
119.965
150.366
141.12
134.695
107.898
106.645
116.987
114.793
124.196
135.636
144.098
158.828
185.625
184.215
176.066
149.896
135.792
127.487
136.419
144.411
137.516
137.046
128.427
129.367
112.599
112.599
83.9219
92.6975
83.1383
78.9072
80.9444
87.2127
98.1823
102.884
93.6378
91.914
80.4743
57.2815
49.7595
45.9985
60.4157
53.9906
57.2815
50.3863
40.357
37.5363
12.6197
6.35138
5.41113
-12.4536
-25.9305
-9.31942
-2.58098
-32.6689
-44.2653
-38.9372
-53.041
-71.3758
-61.9733
-55.8617
-50.847
-53.1977
-46.9293
-55.2349
-42.2281
-64.0105
-55.0782
