-153
-175
-97
-106
124
176
220
207
36
75
47
-101
-70
36
79
31
-14
-79
-203
-184
-208
-152
-209
-247
-247
-305
-282
-250
-88
-232
-322
-238
-271
-227
-216
-137
-65
-102
-117
-80
-90
-58
49
124
140
238
245
232
165
130
77
97
148
140
145
146
166
116
159
112
-21
-73
-245
-349
-331
-303
-361
-232
-71
-19
83
56
28
71
-77
-167
-132
-97
13
50
107
175
55
91
134
87
127
223
272
258
239
183
193
212
263
359
461
475
450
377
260
216
115
149
192
151
164
251
329
363
457
343
396
351
351
327
349
244
202
98
-34
7
-141
-160
-146
-198
-159
-153
-199
-163
-96
-115
-35
99
109
177
92
11
7
-114
-213
-250
-427
-447
-416
-334
-425
-484
-484
-452
-441
-327
-260
-195
-95
-48
-10
-104
-201
-321
-380
-281
-171
-42
6
-35
-143
-235
-308
-426
-416
-333
-222
-105
75
154
178
92
21
-80
-70
-48
-69
72
38
-11
67
0
17
36
42
84
49
79
17
-34
-20
-94
-109
-21
-44
25
101
116
100
43
-15
63
-64
-96
-148
-266
-372
-312
-308
-351
-358
-511
-525
-571
-456
-397
-254
-228
-188
-170
-178
-117
-134
-141
-236
-183
-266
-494
-543
-508
-407
-371
-402
-343
-318
-449
-476
-605
-586
-363
-232
-76
96
168
169
103
74
27
22
-138
-65
52
83
176
267
295
325
379
299
294
382
327
246
189
98
-71
-116
-130
-122
38
86
89
7
65
69
36
110
235
475
450
538
476
426
387
364
344
337
279
268
279
158
47
2
-34
-195
-235
-266
-334
-265
-157
-115
-28
-198
-220
-263
-295
-347
-334
-281
-283
-340
-403
-447
-417
-370
-394
-311
-274
-128
-112
-61
-126
-83
9
-53
-2
-5
133
212
341
478
500
603
633
667
762
746
652
610
548
591
474
518
456
384
458
337
222
189
107
141
23
107
260
152
283
114
64
39
157
200
95
164
194
117
142
120
19
-8
-23
-73
-162
-107
-171
-99
-38
-61
-185
-324
-449
-532
-421
-330
-214
-296
-396
-444
-668
-689
-544
-540
-330
-272
-328
-387
-481
-580
-598
-643
-670
-655
-516
-367
-207
-188
-215
-353
-464
-461
-475
-428
-521
-560
-664
-629
-737
-790
-776
-784
-681
-718
-640
-649
-597
-573
-693
-742
-658
-465
-302
-204
-265
-358
-286
-351
-177
-4
123
275
613
729
883
1113
1103
1155
1261
1447
1510
1611
1759
1644
1571
1654
1643
1540
1578
1501
1291
1164
1120
1075
855
803
746
544
480
527
462
374
368
308
129
-19
-8
-37
-101
-15
63
106
213
248
199
285
348
357
342
320
367
354
410
335
218
183
184
216
188
177
146
143
-12
5
54
-2
20
67
-77
-147
-291
-472
-605
-623
-713
-898
-948
-1010
-1166
-1257
-1224
-1228
-1234
-1332
-1326
-1261
-1193
-1103
-964
-979
-961
-873
-966
-1012
-827
-900
-805
-651
-611
-707
-691
-726
-720
-558
-408
-128
199
416
576
718
646
739
756
759
811
916
1112
1130
1021
1092
1139
1003
1020
1087
979
773
529
407
248
126
111
36
-139
-214
-377
-603
-746
-938
-1001
-957
-1104
-1128
-1174
-1174
-1227
-1181
-1161
-1273
-1281
-1198
-1115
-1015
-842
-675
-625
-625
-508
-419
-191
-78
87
257
406
547
740
800
901
1089
1166
1214
1311
1409
1378
1323
1392
1340
1299
1324
1319
1321
1318
1347
1229
1136
1025
991
933
841
670
569
514
596
612
659
532
361
313
306
354
364
359
397
351
279
212
170
266
187
180
132
38
-58
-216
-386
-575
-779
-933
-1039
-1032
-951
-940
-820
-883
-948
-1065
-1050
-987
-1083
-1017
-1113
-1035
-1039
-1094
-966
-922
-821
-692
-688
-717
-697
-726
-775
-766
-679
-579
-501
-371
-266
-240
-307
-411
-354
-471
-442
-293
-197
-155
-45
49
-38
-147
-287
-299
-305
-322
-201
-270
-356
-360
-437
-416
-414
-481
-496
-479
-574
-721
-666
-606
-572
-557
-507
-488
-554
-541
-513
-563
-422
-422
-362
-128
-44
13
-6
108
120
82
130
78
189
287
437
690
718
717
643
520
582
640
632
606
657
630
622
677
620
642
642
737
878
928
1021
1160
1224
1304
1354
1348
1406
1397
1517
1628
1606
1516
1526
1442
1351
1349
1363
1402
1189
1204
1161
999
888
683
447
157
13
-145
-317
-362
-567
-723
-967
-1144
-1237
-1227
-1274
-1363
-1352
-1349
-1278
-1166
-1115
-1108
-1141
-1163
-1148
-1156
-1195
-1138
-1139
-1245
-1292
-1410
-1505
-1228
-1152
-1051
-931
-986
-956
-1068
-904
-737
-649
-608
-578
-422
-479
-419
-482
-529
-666
-787
-747
-697
-628
-676
-699
-791
-814
-821
-877
-941
-737
-606
-630
-462
-427
-400
-369
-297
-49
154
365
498
497
571
589
570
579
571
583
586
622
577
495
471
566
520
574
647
779
879
930
891
829
852
972
1034
1106
1008
921
860
805
676
621
513
498
671
717
750
718
610
561
473
442
458
494
570
477
518
515
545
556
506
415
423
604
641
683
779
701
618
609
471
409
471
493
436
315
97
-74
-232
-331
-318
-454
-503
-549
-542
-478
-370
-414
-484
-532
-509
-527
-480
-477
-377
-417
-426
-451
-615
-678
-699
-665
-678
-573
-571
-549
-519
-552
-365
-301
-353
-180
-93
-141
-16
25
-103
-119
-203
-239
-174
-18
75
77
59
-62
-207
-161
-283
-264
-143
-86
-185
-312
-264
-395
-510
-574
-598
-551
-555
-463
-352
-286
-307
-374
-376
-295
-258
-191
-167
-154
11
-45
-61
-143
-239
-305
-273
-124
-63
125
105
119
201
272
325
243
234
276
373
462
458
285
120
-60
-70
-70
93
288
197
214
417
748
909
1122
957
941
1031
1213
1428
1478
1582
1600
1581
1687
1815
1831
1758
1752
1754
1776
1742
1556
1568
1430
1395
1238
900
444
77
-235
-488
-636
-812
-1046
-1458
-1678
-1999
-2069
-2103
-2094
-1889
-1837
-1713
-1563
-1415
-1235
-1263
-1224
-1019
-659
-281
171
558
621
774
846
862
859
870
971
1031
1117
1060
764
588
240
76
-113
-585
-906
-1001
-1089
-1243
-1164
-1198
-1370
-1446
-1567
-1621
-1908
-1977
-2042
-1945
-1757
-1772
-2013
-2317
-2542
-2419
-2014
-1538
-1313
-1342
-1119
-815
-364
-114
-38
11
522
1318
2203
2821
3075
2789
2443
2278
2410
2870
3244
3288
3057
2626
2123
1790
1430
1185
1027
803
736
498
291
0
-443
-982
-1573
-1832
-1739
-1396
-1067
-845
-758
-348
138
633
1143
1162
1320
1612
2044
2742
3641
4219
4481
4572
4304
3777
2705
1596
869
956
1561
1995
1789
795
-1000
-2947
-4401
-5179
-5470
-5514
-5401
-5296
-5173
-5444
-6149
-7246
-7848
-7733
-6807
-5022
-2756
-585
562
868
687
730
1563
3157
5148
6996
8142
8403
8037
7479
6846
6052
5676
5419
5124
4774
4216
3320
2036
167
-1816
-3434
-4677
-5125
-5443
-5663
-6343
-7561
-8788
-9544
-9369
-8559
-7469
-6699
-6295
-6042
-5496
-4460
-3175
-1931
-779
406
1639
2928
3927
4410
4600
4687
4980
5726
6616
7242
7114
6297
5034
3702
2879
2577
2606
2246
1409
205
-1191
-2384
-3225
-3607
-3526
-3255
-2860
-2685
-2544
-2444
-2340
-2154
-1635
-570
759
1972
2791
3259
3432
3435
3488
3839
4466
5244
5738
5827
5543
5302
5020
4822
4610
4134
3755
3253
2549
1668
767
-318
-1560
-2852
-3754
-4108
-4494
-5143
-6190
-7330
-8181
-8572
-8607
-7966
-7285
-7232
-7354
-7403
-6791
-5571
-4258
-3150
-2085
-985
202
1646
3204
4775
6057
6796
7398
8054
8838
9350
9576
9300
8563
7394
6234
5190
4089
3150
1823
286
-1388
-2855
-4067
-4970
-5809
-6634
-7504
-8259
-8655
-8821
-8824
-8618
-8072
-7336
-6579
-5732
-4904
-4011
-3122
-2124
-845
287
1432
2636
3622
4497
4946
5124
5041
5129
5453
5813
5932
5649
5126
4070
3069
2396
1947
1579
979
184
-835
-1674
-2350
-2947
-3426
-3752
-3786
-3746
-3471
-3052
-2580
-2065
-1396
-755
175
1338
2563
3478
4184
4695
5024
5461
5860
6209
6188
5880
5291
4638
4501
4452
4563
4238
3450
2297
1118
410
41
-117
-424
-871
-1455
-2140
-3016
-4314
-5678
-6486
-6079
-4857
-3821
-3807
-5040
-6437
-7172
-6680
-5480
-4156
-3449
-3632
-3580
-3132
-2141
-1502
-1567
-1597
-781
1007
3071
4613
4921
4289
3395
3114
4293
6307
7848
7829
6366
4355
2899
2352
2739
3480
3391
2303
515
-1441
-2744
-3520
-4015
-4152
-4304
-4433
-4840
-5564
-6629
-7556
-7909
-7337
-5992
-4602
-3660
-3536
-3893
-4132
-3544
-2208
-637
627
1302
1502
1597
1848
2172
2506
3018
3449
3734
3848
3692
3160
2485
1804
1372
1345
1424
1472
1017
55
-956
-1722
-1963
-1799
-1572
-1285
-1119
-1122
-991
-841
-437
58
519
1238
2040
2914
3826
4725
5395
5783
5649
5353
5098
5307
5634
5863
5661
4905
4216
3724
3236
2675
2153
1465
841
602
822
718
229
-462
-1475
-2613
-3720
-4270
-3754
-2557
-1734
-2363
-4165
-5852
-6559
-5884
-4406
-3231
-3482
-4926
-5992
-5574
-3859
-2592
-3056
-4252
-4508
-3139
-950
1097
2030
1742
845
587
2024
4477
6372
6575
5578
4402
3953
4473
5438
6044
5695
4384
2830
1682
1089
707
-121
-1036
-1825
-2207
-2783
-3703
-5120
-6584
-7428
-7371
-6337
-5321
-5232
-6042
-7070
-7186
-6200
-4760
-3354
-2745
-2399
-1932
-1192
-64
1038
1827
2210
2814
3857
4923
5856
6303
6046
5486
5161
5078
5066
4836
4442
3588
2620
2087
1610
1087
97
-1083
-1990
-2285
-2050
-1793
-1752
-1962
-2310
-2430
-2087
-1560
-933
-447
152
1025
1715
2415
2637
2791
2967
3305
3749
4061
4084
3936
4091
4438
4811
4671
4151
3282
2756
2812
3361
3638
3143
1456
-836
-2569
-2415
-901
39
-796
-3101
-5403
-6405
-5675
-4190
-3477
-4675
-7180
-8722
-7680
-4995
-3406
-4120
-6015
-6668
-5119
-2353
425
1814
1337
109
86
2241
5349
7485
7519
6330
5493
5779
6907
8073
8389
7582
6120
4762
4037
3847
3297
2118
792
-330
-1139
-2298
-3636
-5314
-6797
-7636
-7854
-7456
-7431
-8088
-8966
-9324
-8839
-7828
-6735
-5849
-5144
-4617
-3807
-2871
-1828
-566
517
1474
2379
3115
3972
5008
6129
6979
7045
6443
5696
5375
5524
5779
5600
4748
3444
2074
968
441
114
-272
-809
-1296
-1863
-2186
-2218
-2196
-1991
-1678
-1328
-977
-485
-229
60
644
1294
2079
2739
3072
3066
2889
3092
3391
3935
4323
4412
4011
3857
3715
3701
3831
3881
3850
3574
2954
1815
252
-986
-1152
-437
-35
-726
-2585
-4760
-5988
-5905
-4719
-3800
-4250
-6145
-8039
-8334
-6901
-5225
-4837
-5848
-6795
-6285
-4454
-2313
-842
-529
-1446
-2014
-1030
1347
3842
5008
4702
3860
3593
4014
4932
6038
6699
6248
5112
4259
3825
3653
3366
2737
2079
1406
468
-730
-2005
-3184
-3980
-4438
-4581
-4564
-4837
-5554
-6459
-6673
-6228
-5582
-5027
-4869
-4856
-4612
-3946
-2987
-1970
-1384
-1211
-1195
-765
346
1770
2996
3532
3471
3154
3340
4070
5100
5805
5658
4845
3919
3351
3302
3548
3573
3058
2220
1386
761
614
515
505
460
240
95
-57
-99
-76
-25
440
840
1086
1056
704
80
-63
411
1172
2034
2187
1920
1552
1540
2048
2456
2657
2644
2548
2323
2309
2334
2083
1386
428
-205
-485
-311
-275
-926
-1679
-2130
-2442
-2374
-2221
-2538
-3447
-4366
-4519
-3670
-2786
-2825
-3784
-4654
-4675
-3910
-2751
-1886
-1766
-2456
-2838
-2409
-1134
80
540
339
-71
-120
183
938
1842
2456
2250
1510
915
789
1117
1609
2167
2436
2020
1027
-192
-897
-902
-650
-350
-385
-1076
-2007
-2713
-2939
-2371
-1943
-2040
-2482
-2778
-2798
-2514
-2062
-1917
-1992
-2475
-2813
-2828
-2108
-1187
-499
-374
-444
-474
-393
148
753
1365
1869
2188
2377
2658
3056
3371
3494
3478
3445
3468
3600
3598
3705
3750
3662
3353
2852
2366
2075
2083
2231
2378
2131
1550
885
568
500
649
821
772
569
90
-187
-270
-316
-417
-282
-145
9
40
92
139
109
147
257
429
303
260
197
251
428
477
230
-144
-557
-687
-382
50
319
117
-232
-469
-536
-439
-175
-282
-714
-987
-1165
-1515
-1699
-1757
-1785
-2010
-2220
-2250
-2350
-2503
-2725
-2974
-3019
-2760
-2152
-1493
-1222
-1229
-1497
-1602
-1231
-638
103
470
491
66
-280
15
560
1076
1099
529
-128
-486
-223
717
1438
1399
452
-503
-921
-643
-217
5
-224
-1082
-2026
-2687
-2882
-2515
-2064
-1857
-2100
-2421
-2441
-2327
-1896
-1359
-831
-567
-469
-357
-172
150
788
1370
1698
1782
1879
2013
1989
2143
2256
2478
2571
2575
2632
2630
2554
2382
2160
2007
1777
1727
1606
1208
848
477
178
-55
-188
-119
-49
-37
-192
-397
-707
-1046
-1177
-894
-293
311
651
535
267
-125
-36
362
709
1143
1499
1639
1548
1479
1541
1795
2316
2769
2935
2796
2323
1777
1608
1993
2315
2238
1571
510
-391
-691
-726
-562
-848
-1679
-2609
-3236
-3389
-3212
-3004
-2941
-2988
-3155
-3090
-2993
-2613
-2079
-1660
-1217
-704
-450
-471
-568
-351
189
879
1284
1202
878
588
542
842
1212
1498
1134
419
18
-33
116
12
-427
-1153
-1900
-2594
-3064
-3556
-3888
-4011
-4095
-4024
-4061
-4166
-4327
-4457
-4483
-4048
-3026
-2242
-1833
-1668
-1405
-801
25
878
1521
2001
2255
2224
2636
3308
3891
4150
4083
3727
3213
2863
2689
2691
2744
2599
2062
1463
865
468
292
252
37
-235
-522
-627
-729
-686
-844
-987
-931
-853
-495
-186
84
316
369
483
819
1234
1685
1868
1906
1904
1885
1893
2046
2559
3037
3256
3155
2676
2153
1799
1818
2071
2423
2487
1754
866
428
39
-192
-472
-756
-979
-1243
-1615
-1887
-2081
-2519
-2764
-2791
-2344
-1707
-1336
-1240
-1395
-1428
-971
-323
517
1129
1240
1146
1053
1256
1540
1445
1089
506
-4
-168
-281
-141
-221
-843
-1911
-2836
-3248
-3060
-2705
-2471
-2852
-3554
-4379
-4894
-4779
-4217
-3618
-3322
-3149
-3067
-3023
-2783
-2367
-1770
-1092
-602
-364
-195
145
392
841
1085
1353
1778
1961
2052
1908
1696
1736
1889
2031
2095
1941
1484
1158
1068
1117
1334
1303
1035
502
145
49
197
502
611
661
468
241
164
306
529
707
999
1193
1140
956
889
898
1047
1227
1227
1093
966
643
449
376
343
363
21
-138
-124
81
187
37
-140
-549
-512
-84
346
644
659
455
398
611
1084
1516
1656
1640
1307
1143
1175
1275
1165
877
610
447
376
206
29
-457
-932
-1392
-1526
-1256
-922
-759
-844
-1185
-1492
-1344
-1247
-1132
-1069
-1159
-1138
-1125
-1260
-1376
-1562
-1855
-2086
-2022
-1855
-1536
-1449
-1608
-1835
-2073
-2330
-2437
-2267
-1940
-1693
-1536
-1366
-1434
-1426
-1309
-1104
-727
-327
-227
-194
-210
-78
285
555
999
987
840
570
384
293
415
510
674
707
474
340
152
120
207
514
727
948
949
861
886
1069
1373
1433
1328
1004
739
475
439
689
833
1007
881
525
197
-90
-319
-376
-309
-292
-351
-407
-634
-918
-1061
-1300
-1400
-1370
-1314
-1269
-1108
-908
-689
-517
-516
-419
-266
-38
379
573
760
781
834
906
1111
1372
1610
1627
1671
1794
1813
1792
1876
1966
1921
1884
1713
1527
1456
1422
1121
728
353
198
53
-149
-220
-395
-525
-478
-459
-404
-418
-574
-771
-1050
-1332
-1449
-1440
-1400
-1441
-1463
-1504
-1480
-1576
-1826
-2056
-2042
-1937
-1680
-1402
-1272
-1310
-1391
-1211
-983
-776
-562
-274
-199
-297
-403
-446
-376
-300
-118
47
109
140
91
51
189
368
699
848
643
336
21
-115
-96
49
363
336
101
-265
-678
-721
-463
31
341
434
292
132
-52
107
270
603
887
790
626
570
677
683
808
884
958
967
691
565
542
522
713
712
572
405
54
-163
-452
-639
-501
-617
-698
-785
-892
-797
-664
-573
-512
-400
-262
-142
62
421
787
884
843
752
688
719
965
1365
1784
1739
1619
1318
1069
1075
1113
1480
1779
1907
1834
1457
1011
652
374
230
159
188
186
-78
-475
-973
-1256
-1445
-1524
-1338
-1351
-1263
-1482
-1710
-1795
-1993
-1884
-1615
-1366
-1190
-1294
-1493
-1450
-1326
-1051
-858
-636
-559
-416
-260
-119
-32
-138
-162
-128
-18
26
91
-16
15
40
349
591
591
467
111
-5
-16
258
552
760
818
486
-18
-297
-281
-154
166
322
296
41
-254
-389
-227
237
660
800
683
484
465
543
786
968
941
786
684
741
673
617
643
657
682
718
877
923
806
618
361
252
261
170
23
-39
-75
-38
-103
-73
-143
-317
-497
-566
-266
47
298
194
-143
-408
-419
-306
-73
216
250
131
1
-47
243
495
760
886
929
781
756
1174
1621
1887
1893
1775
1566
1479
1442
1366
1157
850
443
-17
-362
-621
-1033
-1334
-1730
-2051
-2203
-2401
-2450
-2482
-2611
-2879
-3072
-3198
-3134
-2873
-2628
-2465
-2368
-2230
-2016
-1765
-1423
-1052
-606
-453
-185
41
205
196
272
488
722
980
995
1008
807
616
511
532
611
730
710
753
702
327
131
61
216
491
505
553
428
207
-40
-180
139
330
393
251
-58
-134
-81
229
780
1443
1528
1139
807
655
877
1280
1673
1617
1238
983
917
1008
1250
1454
1496
1397
1331
1047
747
636
809
1076
748
248
-97
-174
-25
245
311
-142
-746
-1085
-911
-617
-217
-6
2
-81
-416
-548
-444
39
617
1066
1315
1223
1104
1194
1497
1621
1587
1258
887
760
1040
1291
796
-221
-1271
-1686
-2002
-1968
-2150
-2675
-3279
-4077
-4500
-4424
-4068
-3774
-3585
-3551
-3662
-3847
-3574
-2946
-2359
-1993
-1826
-1789
-1554
-1043
-305
158
454
608
464
605
833
941
990
1223
1438
1656
1555
1229
891
697
883
1178
1420
1345
1013
665
603
795
884
766
595
311
238
265
308
266
-153
-436
-444
-345
-180
-99
-94
-255
-396
-230
87
216
19
-124
97
402
829
1087
1203
1154
1147
1221
1279
1329
1658
2034
2089
1942
1713
1666
1756
2017
2382
2679
2509
2123
1687
1483
1657
2042
2115
1773
1207
634
209
19
275
1126
1371
603
-642
-1197
-980
-274
361
498
74
-887
-1522
-1153
-90
127
-1045
-2653
-3309
-2978
-2455
-2237
-2571
-3286
-4026
-4402
-4362
-3948
-3604
-3713
-3921
-3994
-3853
-3762
-3515
-2726
-1822
-1582
-1953
-2314
-2206
-1603
-896
-385
-68
-98
-528
-801
-406
364
1064
1400
1522
1558
1320
1147
1116
1438
1957
1784
1349
1188
1223
1607
1881
1883
1589
1000
534
579
992
1604
1747
1603
1212
852
598
505
759
990
1206
1130
800
571
604
937
1258
1374
1105
1019
968
1089
1402
1654
1559
1173
914
985
1556
2044
2061
1557
913
959
1631
2141
2303
2174
1833
1779
2229
2944
2936
2303
2034
2633
3137
3107
2447
1850
1614
1750
2274
1873
651
-1346
-2482
-2131
-1195
-1257
-3192
-5665
-7071
-6889
-6216
-5829
-6046
-6808
-7792
-8159
-7614
-6300
-5098
-4956
-5338
-5342
-4850
-3941
-2843
-1571
-568
-334
-801
-990
-471
489
1385
1925
2202
2078
1620
1335
1760
2564
3158
3022
2375
1869
1477
1199
1364
1869
1924
1133
-137
-811
-480
302
809
733
15
-992
-1473
-929
380
1272
1403
786
273
468
1265
2156
3006
3373
3018
2702
2907
3668
4290
4619
4442
4111
3720
3385
3430
3587
3862
3693
3069
2382
1988
1617
1808
2307
2527
2402
1492
831
913
1471
1470
749
199
544
1580
1950
1065
-252
-756
-557
277
834
314
-1769
-3905
-3964
-2182
-728
-2046
-5309
-7762
-7494
-5340
-3765
-4015
-5343
-6796
-7497
-7039
-5406
-3572
-3037
-3607
-4091
-3813
-3173
-2452
-1666
-539
317
102
-725
-1182
-645
446
1467
2020
2062
1219
234
85
1260
2730
2790
1715
306
-293
10
1039
1986
1890
815
-462
-992
-333
837
1659
1472
562
-122
-112
442
1165
1704
1777
1598
1656
1822
2052
2360
2582
2990
3241
3232
3213
3222
3601
4014
4232
4295
4162
3833
3480
3384
3618
3620
3372
3125
2724
2484
2354
2596
2825
2311
1021
-377
-388
716
1726
1239
-931
-3150
-3790
-2922
-1383
-922
-2633
-5548
-7592
-6960
-4993
-4335
-6323
-9370
-10780
-9753
-7997
-7078
-7386
-8332
-9229
-9287
-7715
-5595
-3848
-3293
-3060
-2547
-2093
-1651
-737
1176
3103
3659
2789
1813
1823
2884
4418
5242
5063
3836
2779
2634
3336
4147
3757
2375
1335
1460
1860
1849
1036
466
136
-32
20
-110
-343
-576
-313
466
1035
1234
1294
1260
1711
2293
2936
3491
3703
3759
3582
4078
4983
5711
5971
5800
5400
5587
6181
6855
7235
7049
6403
5648
5256
5473
5817
6008
5820
4483
2470
647
452
1723
2826
1862
-694
-3421
-4557
-3962
-2799
-2620
-4838
-8420
-11116
-10471
-8123
-7311
-9769
-13891
-16434
-15638
-12980
-10551
-10231
-11676
-13094
-13341
-11264
-7971
-5354
-4465
-5066
-5397
-4483
-2616
-347
1570
2655
2726
2078
1610
2227
3580
4855
5011
4930
4563
3628
2628
1714
1644
2349
3090
2612
861
-1111
-2010
-1573
-71
1258
1179
-287
-1793
-1969
-314
2134
3670
3616
2388
1880
2817
4850
6977
8334
8354
7634
7244
7663
9333
10937
11889
11829
11072
10532
10606
11343
11877
11922
11173
9956
9136
8970
9044
8106
5870
3013
1789
2350
3364
2767
-52
-3513
-6190
-6464
-5214
-4427
-6340
-10381
-13771
-13962
-11543
-10248
-12380
-16523
-19267
-18734
-15572
-12501
-11387
-12523
-14243
-14573
-12092
-7792
-4243
-2952
-3347
-3298
-2277
-403
1428
3012
4181
4470
4103
3646
3218
2990
2911
3459
4070
3714
1800
-987
-2645
-2544
-1123
-366
-1415
-3978
-6493
-7511
-6414
-4234
-2864
-3296
-5015
-6195
-5389
-2789
90
1779
1765
1168
1087
2458
4741
6853
8111
8617
8741
8865
9288
10179
11488
12689
13425
13450
12978
12366
12297
12891
13550
13759
13217
11664
8944
6124
4399
4844
6368
6871
4498
-190
-4675
-6158
-4371
-2082
-2122
-6349
-11924
-15098
-13551
-9292
-7416
-10574
-16441
-19750
-18074
-12861
-8043
-6702
-8763
-11576
-11796
-8338
-3320
913
2531
2027
1307
1685
3001
4867
6834
7775
7466
5701
3590
2104
1689
2315
3095
2702
287
-3445
-6673
-7583
-6449
-4851
-4933
-7209
-10140
-12001
-11544
-9257
-7119
-6229
-6774
-7708
-7602
-5689
-2563
627
2483
2753
2570
3230
5285
8194
10674
11920
11970
11387
11237
11729
13143
14444
15230
14792
13606
12563
12256
12669
13359
13626
12143
8836
4655
1498
1029
2704
4101
2786
-1947
-7795
-11285
-10476
-7070
-4944
-7198
-12871
-17621
-17570
-13091
-8827
-8811
-13159
-17606
-17919
-13392
-6938
-2823
-3139
-5935
-7559
-5351
-312
4593
7183
7227
6386
6105
6675
7878
9477
10558
10686
9304
6706
3718
1610
956
1568
2468
1531
-1691
-6136
-9247
-9658
-7899
-6168
-6038
-7949
-10673
-12110
-11346
-8441
-5473
-3854
-4092
-4914
-4753
-2773
591
3705
5642
6259
5959
5657
6353
8271
10616
12234
12560
11502
10030
9301
10001
11356
12352
12227
10673
8717
7223
7123
7636
7147
4671
453
-2937
-3626
-1923
-284
-1441
-5698
-10619
-13106
-12155
-9360
-7891
-10044
-14156
-16736
-15276
-11021
-8488
-9698
-12986
-14344
-11658
-5935
-989
607
-558
-1773
-459
3900
8806
11434
11162
9735
9672
11366
13206
13719
12769
10865
9164
8107
7063
5260
2504
-371
-2069
-2383
-2832
-4949
-8583
-12002
-12857
-11309
-9340
-8728
-10161
-12276
-13024
-10980
-7373
-4391
-3293
-3696
-3911
-2532
673
4235
6926
7613
7163
6582
7064
8787
10363
11096
10620
9663
8801
8755
9048
9150
8806
8233
7296
6453
5618
5123
5309
5052
3643
122
-3922
-6102
-4727
-1995
-1320
-4610
-10382
-14459
-13936
-9636
-5784
-6751
-12343
-17618
-17818
-12492
-6912
-6130
-10767
-15567
-15428
-9410
-1556
3019
2235
-1066
-2613
589
7233
12778
14515
12416
9671
9352
11635
14127
15211
13913
11055
8179
6439
5691
5042
3661
1554
-320
-1893
-3248
-4971
-7107
-8626
-8819
-7909
-6637
-6291
-7249
-8642
-8731
-6707
-3687
-1029
-69
-476
-584
822
3747
6936
8784
8765
7481
6462
7308
9192
10530
10234
8346
5902
4607
5002
6367
7160
6490
4532
2319
1463
2241
4037
4986
3395
-950
-6230
-8453
-5975
-1419
368
-3172
-10015
-15850
-15980
-11219
-5679
-5125
-11254
-18671
-20510
-14818
-6913
-4505
-9577
-16577
-18745
-13014
-3756
2842
2953
-1620
-5506
-3816
3342
10997
14316
12524
8712
6837
7955
10766
13288
13790
12051
8993
5977
4113
3605
3039
2308
1583
666
-990
-3099
-4796
-5779
-5955
-5462
-4291
-3284
-3418
-4031
-4095
-3444
-1582
859
2474
3206
3579
4444
5985
7725
9289
9911
9246
8099
7251
7078
7660
8279
7783
6283
4400
2958
3127
4321
5544
5596
4126
2538
2202
3058
4677
5123
2467
-3014
-7632
-7767
-3746
320
-734
-6968
-14389
-17539
-14297
-7628
-3802
-7306
-15626
-21383
-18549
-9660
-2937
-4291
-11385
-16553
-14009
-5343
3318
6087
2238
-3224
-4664
400
8102
12751
11870
7930
4896
4421
4619
4228
3585
2816
2024
507
-2010
-5063
-7669
-7941
-4942
-1414
-924
-4275
-8423
-8863
-4514
1511
4806
3445
120
-971
2223
8186
12756
13098
9161
5464
5720
9033
12515
13046
10458
6739
4539
4319
4635
4219
2614
815
-374
-837
-1098
-1687
-1892
-522
2186
5088
6323
5160
3534
3773
7063
11185
11683
6771
-186
-3069
489
6640
8527
3223
-6320
-13185
-12215
-5279
322
-2296
-12135
-20931
-20722
-12613
-5135
-5686
-13675
-21149
-20861
-12867
-3224
1033
-2136
-8103
-10453
-6105
1757
7019
7041
4105
1884
2231
4003
5027
4444
2331
214
-763
-660
-832
-2549
-4772
-5397
-3693
-614
1080
-234
-3212
-5173
-3925
294
5090
7153
4628
-440
-3016
-164
6182
11390
11945
8218
3614
1932
4604
8862
10709
8720
4327
256
-1174
90
1813
1987
256
-2165
-3653
-3281
-960
1732
3467
4306
5095
6088
7315
8680
10094
11398
11168
8954
5107
2495
3270
6042
7334
4757
-1174
-7310
-9319
-6439
-1420
-369
-6159
-14833
-18893
-14771
-7454
-4453
-8888
-16116
-18778
-13814
-4996
1214
815
-4095
-8099
-6648
66
6939
9273
6780
3137
1625
2977
4730
5204
4162
2012
-354
-2602
-4323
-5084
-5031
-4411
-3192
-2428
-3212
-4814
-5222
-3734
-1571
-69
575
876
1122
1294
1239
957
1154
2875
5346
7268
7368
5549
2960
1785
3248
5144
4936
2188
-1129
-2922
-2564
-863
391
-85
-1887
-3358
-3196
-1074
1799
3858
4457
4490
5423
7224
9221
10781
11525
10368
6931
2659
1069
3282
6725
6918
2432
-4381
-9448
-9395
-4781
-533
-2278
-10280
-17817
-17807
-10473
-3327
-3944
-11529
-18260
-16664
-7245
2574
6280
2297
-4362
-7141
-2590
6267
12318
11350
6154
2131
2300
5207
7236
6651
3850
602
-2067
-3723
-4485
-4941
-4887
-4510
-3378
-2634
-3378
-4765
-4989
-3094
-325
1624
2113
1558
1086
1667
3084
4375
5153
5828
6649
7153
6806
5769
4325
3328
3344
3582
2930
836
-1430
-3014
-3420
-2462
-1408
-1724
-3123
-3994
-3305
-1082
1048
2392
3007
3809
5390
6981
8060
8986
9675
8610
4944
528
-1100
1251
4878
5136
880
-6065
-11154
-10859
-5831
-1029
-2707
-10847
-18321
-17575
-9871
-2593
-3015
-10207
-16021
-14131
-5375
3606
6710
3078
-2852
-5136
-847
6627
10824
8818
3817
633
970
3121
4105
3022
436
-2205
-3346
-3427
-3331
-3733
-4254
-4027
-1844
801
1857
902
-33
1113
3593
5710
6230
5980
5439
4937
5534
7274
8682
8927
7831
6060
4561
3568
3154
2330
1178
-248
-2007
-3831
-5170
-5462
-5553
-5452
-4669
-3820
-3224
-2923
-2226
-571
1906
4231
5529
5479
5492
6616
8705
10619
10551
7038
1134
-2712
-1432
2967
5039
1763
-5774
-12467
-13773
-9304
-3287
-2786
-9754
-18285
-20299
-13647
-4731
-2032
-7543
-14943
-16222
-9285
523
6200
4898
-446
-3861
-1361
5284
10243
9756
5417
1700
1386
3370
4814
3827
1048
-1482
-2400
-1609
-629
-808
-2476
-3741
-2598
1057
4576
5614
4116
2268
2182
3690
6433
8816
9435
7805
6066
5737
7000
8827
9389
8188
5548
3338
2588
2708
2610
1653
-328
-2402
-3664
-4088
-4129
-3804
-2724
-1198
168
508
393
733
2239
4533
6542
6953
5987
5022
6057
8212
7824
3002
-3466
-5769
-2825
939
402
-5745
-13898
-18410
-16066
-9371
-5304
-9104
-18010
-23735
-20397
-11009
-4472
-6820
-14583
-18836
-14409
-4274
3806
4585
-562
-5281
-4290
2404
9518
11303
7223
1410
-955
1379
4945
5799
3503
449
-1120
-672
278
1172
1045
327
660
2703
5383
6822
6749
6147
6188
7489
9374
10539
10201
9292
9252
10129
10772
10360
9475
8116
6819
5821
4870
3985
3260
2386
933
-929
-2545
-3317
-3083
-2355
-1335
-551
-545
-587
452
2867
5471
6789
6512
5730
6078
7598
9611
10505
7778
1415
-4722
-5754
-1132
3232
1394
-6906
-16698
-21488
-18587
-11509
-7880
-12118
-21116
-26351
-22994
-14297
-8727
-11363
-18556
-22010
-16765
-6614
964
1130
-4319
-8720
-6891
73
6909
8200
4389
-577
-2855
-1601
661
1380
-203
-1941
-2326
-1670
-936
-792
-648
663
3389
6759
8986
9173
8301
8311
9945
12229
14308
15077
14362
12748
11832
12486
13345
13441
11909
9582
7488
6192
5164
3944
3077
2761
2517
1131
-1512
-3697
-3959
-1877
1240
3480
3285
1499
462
2470
6867
11100
12222
10037
7123
6146
8325
10994
9915
3409
-3901
-6603
-3234
671
151
-6052
-14632
-19847
-18424
-12437
-9453
-13216
-20891
-24953
-20928
-12984
-8948
-12666
-19723
-21303
-14601
-4550
1624
-3
-6405
-10419
-7653
229
6907
7197
2557
-2236
-3779
-2270
-737
-1083
-2751
-3770
-3535
-3123
-3456
-4002
-3577
-1348
2453
6298
7828
6143
3745
3948
6953
10545
12595
12345
10989
9694
9746
11377
12825
12790
11375
9132
7393
7163
7441
6526
4670
3341
3143
2661
945
-1347
-2813
-2176
412
3446
4550
3930
3346
4472
7526
10974
12880
12388
10628
9445
9706
9758
7150
1445
-3276
-4001
-1490
-183
-3439
-10247
-16786
-18799
-15664
-11590
-11755
-17391
-23383
-23510
-16991
-9400
-7887
-13589
-19806
-19059
-10450
-396
3819
553
-5497
-7765
-4032
2837
7381
6525
2591
-937
-2284
-2034
-2141
-3458
-4863
-5096
-4664
-4839
-5570
-5629
-4224
-1397
2220
5563
7121
6291
4855
5095
7486
10329
11489
10745
9103
8050
8463
9096
9449
9389
8495
6882
5497
5483
6276
6374
5227
3935
3169
2801
2369
1784
1674
2297
3447
4659
5356
5868
6832
8224
10197
12000
12548
11998
10677
10175
10084
7725
2439
-2929
-4922
-3418
-1845
-3796
-9529
-16305
-20036
-18484
-14008
-12217
-15965
-21987
-23400
-18509
-11618
-8979
-12690
-18042
-18186
-11219
-2259
2556
691
-4213
-6297
-2508
4295
8896
7853
3369
178
565
2618
2616
-646
-4651
-5832
-4350
-2510
-3146
-5515
-6586
-4784
-264
4616
6851
5752
3538
2708
4315
7519
10183
10320
8351
6373
6352
7613
8641
7995
5879
3888
3163
4003
5269
5252
3935
2294
1238
1110
865
229
-356
157
1872
3574
3975
3663
4321
7085
11179
14298
15063
13772
12517
12454
11856
9023
3824
47
-284
986
64
-5294
-13039
-18409
-18457
-14262
-11197
-14042
-21255
-26199
-23548
-15543
-9077
-10005
-16807
-21309
-17708
-7516
1599
3087
-1901
-7194
-6726
-92
7130
9873
7005
2670
921
2168
3920
3278
371
-2251
-2414
-998
-338
-1558
-3301
-2782
587
5106
8326
8962
7725
6691
7106
9004
10902
10946
9841
8363
7029
6376
5919
5323
4394
3358
2081
519
-305
379
2639
4478
4391
2477
74
-1008
-722
922
2673
3713
3507
2360
2066
3833
7296
10093
10977
10508
11042
11952
10736
6247
1190
-895
795
3255
1955
-4100
-12389
-17365
-16112
-10781
-8368
-13187
-22223
-27050
-23414
-15456
-11103
-14543
-21778
-24941
-19942
-10985
-5070
-6047
-10428
-12335
-9003
-2451
2882
4187
2312
904
1814
4002
5180
4396
2845
2162
2674
3853
3775
2151
928
2044
5652
10139
12889
12198
9525
7845
9180
12887
16084
16384
14028
11077
9414
9513
10363
9847
7831
5154
2620
921
259
566
1265
2005
2560
2322
1071
-140
-308
678
2431
4240
4483
3228
2347
3489
6974
11201
13815
13598
11095
7832
4556
1768
533
825
843
-1980
-7158
-12939
-17160
-17984
-15738
-13738
-16093
-22414
-27651
-26917
-21205
-15427
-14884
-19445
-23771
-22285
-14856
-7179
-4856
-8194
-12253
-12303
-7202
-820
2227
1036
-1240
-1108
1752
4370
4020
870
-1150
257
3911
6410
5976
3756
2791
4952
9334
13154
14419
13467
11144
9371
8973
10371
12579
14416
14981
13506
10158
6684
5330
6075
7587
8044
6638
3625
762
51
2310
5824
8097
7926
6122
4663
4560
6001
7961
9128
9084
8241
7570
7681
8923
11009
12873
13883
12547
7677
830
-3709
-3325
-172
1196
-2072
-9228
-16250
-19129
-16780
-13084
-13753
-19293
-25318
-26332
-22353
-18421
-18961
-23639
-27036
-24228
-16580
-10310
-9900
-14486
-18302
-16681
-9801
-3373
-1616
-3900
-5836
-4294
-473
1900
855
-1812
-2451
-64
2917
3381
691
-2120
-1276
3798
9602
12420
11954
10444
10296
11884
13766
14140
13100
12664
13952
15504
14942
12230
8852
6670
6305
7238
7800
6624
4565
2911
2845
4277
5795
6889
7348
8197
9165
9995
10153
10022
10581
12127
14216
15451
15100
13210
12071
12835
14326
12814
7902
2190
-1216
-1478
-534
-1341
-5977
-12735
-17574
-17548
-15311
-15250
-19256
-23768
-24735
-21966
-19184
-19968
-23792
-26428
-23997
-17215
-11287
-10974
-15449
-19615
-18630
-12821
-6466
-3971
-5897
-8881
-9279
-6852
-4305
-3369
-3812
-3776
-2545
-829
-273
-1344
-2409
-1332
2149
5875
8446
9241
9287
9710
11366
13116
13826
13806
13934
15244
16325
15809
13730
10966
9060
8372
8051
7735
7067
6450
6000
5948
5828
5699
5806
6619
8427
10761
12540
12427
11349
10724
11752
14356
17099
18253
17388
15004
11793
7920
4899
4399
5992
6987
4547
-1505
-8861
-13441
-12744
-8530
-5746
-8921
-17045
-23847
-24118
-18655
-13642
-14475
-20900
-26862
-26177
-19147
-11918
-10215
-13976
-18445
-18959
-15106
-10243
-7668
-7944
-8591
-7491
-5373
-4754
-6163
-8254
-7923
-4367
-58
1539
-1091
-4839
-5922
-2774
2610
6814
7626
5529
3524
3649
6185
8909
10340
11220
12838
14678
14976
13117
10355
8604
9310
11388
12724
11625
8185
5157
4363
6087
8644
9807
8892
7513
7320
8577
9895
10292
10081
9984
11373
13374
14638
14428
12693
10509
8244
6640
5683
4481
2151
-928
-3365
-4947
-5943
-6792
-7626
-8831
-10909
-12556
-12864
-11716
-10769
-11957
-15254
-18896
-20217
-18189
-14032
-11179
-11878
-15137
-17735
-17585
-14865
-11569
-9606
-9168
-9443
-8994
-7178
-5413
-4857
-5372
-5591
-4961
-3467
-2237
-2636
-3248
-2894
-1262
646
1920
3167
4302
4687
4366
3852
3989
5036
6930
8975
10404
11168
11279
11266
11051
10630
10550
10799
11256
11911
12209
11413
9340
7121
6644
8391
10752
11727
10640
8397
6731
6354
6856
8010
9412
10509
11252
11395
10059
7173
3667
1345
1226
2181
1948
-300
-3818
-7300
-9054
-8886
-7967
-7431
-7608
-7490
-7093
-7058
-7940
-9909
-12413
-14286
-14797
-13766
-12255
-11546
-12147
-14121
-16089
-16872
-16157
-14215
-12060
-10208
-9120
-9001
-9219
-8684
-6466
-3430
-1221
-1190
-2428
-2893
-1724
393
2024
1733
355
-329
745
3044
4665
4729
3436
2263
1883
2215
2848
3430
4393
5940
7299
7835
7863
8312
9511
11078
12548
13536
13563
12845
12056
11159
10139
9386
9629
10946
12082
11273
8661
5627
4242
5060
7289
8774
8752
7590
5820
4671
4528
4843
4754
3814
2296
1001
-132
-788
-1108
-1253
-1292
-1725
-2619
-3922
-5536
-7411
-9365
-11037
-12944
-15163
-17471
-19248
-20074
-20058
-19499
-18893
-18364
-17772
-16960
-15919
-14889
-14146
-13356
-11895
-9323
-6557
-4518
-4141
-4447
-4069
-2725
-613
507
291
-406
-904
-86
1573
3032
3707
3568
3121
3061
3902
5307
5977
5546
5314
6181
8422
10944
13101
14225
14280
14475
14958
15733
16467
16793
16404
14976
12718
10774
9980
10452
11369
11554
10206
7742
5516
4647
5455
6470
6842
5975
4191
2575
1779
2308
3102
3094
2385
1027
-455
-1465
-1795
-1555
-1400
-1889
-2973
-4331
-5982
-7812
-10209
-12762
-15027
-16917
-18224
-19341
-20280
-20671
-20572
-20535
-20218
-19083
-16854
-14355
-13144
-13431
-13962
-13409
-11105
-7597
-4294
-2525
-2533
-3225
-3380
-1820
1014
3451
4216
3281
2005
1585
1999
2379
2426
2285
2342
2908
3193
2704
1738
1631
2748
4496
6008
6937
7981
9611
11690
13694
14839
15027
14960
15193
15495
15362
14604
13510
12489
11840
11529
11439
11065
10269
9120
7940
7486
8155
9258
9356
7929
5613
3743
3419
4515
5662
5538
3824
1297
-603
-1097
-643
-390
-1182
-3116
-5965
-8933
-11315
-13158
-14664
-16334
-18169
-19862
-21246
-22061
-22025
-21574
-20420
-18894
-17548
-16464
-15503
-14121
-12773
-11293
-9658
-7911
-6556
-5473
-4266
-2626
-882
383
785
427
77
709
2244
3113
2654
1179
-359
-660
407
1786
2295
1482
222
-310
665
2670
4666
6028
6745
7286
7994
9225
10979
12726
14004
14659
14458
13409
12077
11472
11876
12747
13174
12293
10353
8591
7956
8968
10761
11936
11733
10411
8948
8312
7867
7219
6137
4680
3651
3218
2910
1602
-494
-2379
-3220
-2961
-2746
-3477
-5234
-7916
-10644
-12869
-14621
-15648
-16219
-16428
-16628
-17590
-19144
-20381
-20163
-18343
-15191
-12367
-11848
-13201
-14393
-13071
-9004
-4282
-1461
-1606
-3451
-4532
-3275
282
3733
4848
3881
2269
1849
2815
4113
4670
4352
3532
2525
1431
238
-498
-356
696
2004
2762
2928
2828
3138
4393
6137
7358
8153
9178
10421
11495
11555
9992
7796
6786
7598
9567
10594
9689
7394
5091
4829
7014
9921
11721
11465
10135
9288
9333
9128
8100
6384
4893
4328
3894
2834
1034
-550
-915
-258
300
-637
-2855
-5257
-6754
-6906
-6896
-8001
-10766
-14340
-16791
-17302
-16329
-15476
-16167
-18028
-19324
-19125
-17287
-14905
-13214
-12200
-11457
-10146
-7885
-5351
-3464
-2528
-2123
-1384
134
1827
3133
4242
5086
5654
5650
5352
5395
5992
6640
6188
4237
1566
-214
-457
713
2703
4340
4786
3941
2469
1663
2408
4570
7115
8576
8431
6845
5020
4342
5060
6550
7747
7876
7181
6106
5698
6415
8120
9973
10931
11101
10898
10624
10441
10044
9097
7530
5606
3704
2091
1224
940
831
509
-25
-426
-936
-1407
-2148
-3337
-4557
-5880
-6988
-8200
-9722
-11742
-13997
-15735
-16467
-16443
-16504
-17047
-18324
-19733
-20226
-19163
-16510
-13510
-11324
-10238
-9552
-8556
-6761
-4173
-1448
509
1681
2520
3524
4915
6381
7456
8134
8818
9463
9675
8738
6839
4906
3805
3633
3809
3709
3239
2978
3178
4016
4900
5072
4292
3393
3594
5037
6696
7263
6478
4633
3203
3105
3993
5066
5612
5761
5500
5082
5077
5944
7552
9529
11125
10898
8981
6513
5236
5028
5401
5170
3810
1806
77
-198
788
2199
2673
1871
256
-1450
-2799
-4032
-5258
-6423
-7447
-8638
-10540
-13084
-15472
-17020
-17373
-17074
-17087
-17844
-18858
-19468
-19056
-17319
-14964
-12915
-11624
-10817
-10000
-9058
-7873
-5867
-3514
-1258
337
1203
1681
2646
4762
7623
9913
10699
10149
8958
7930
7716
7850
7664
7408
7079
6530
5856
5328
5290
5599
5879
5954
5358
4264
3391
3098
3657
4373
4484
3800
3023
3078
4071
5162
5538
5521
5386
5663
6562
7796
9110
9612
9335
8501
7097
5454
4119
3569
3918
4815
5130
4382
2874
1702
2172
4142
5725
5589
3673
1215
-518
-1283
-1611
-2689
-4660
-7088
-8954
-10194
-11627
-13604
-15908
-17886
-18683
-18487
-18168
-18228
-19087
-19418
-18485
-16387
-14064
-12816
-12399
-11813
-10469
-8335
-5768
-3323
-1422
-197
682
1589
2843
4344
5894
6841
6915
6569
6451
6867
7607
8234
8176
7750
7035
6374
6302
6383
6309
5881
5357
4970
4527
3955
3048
2066
1421
2033
3862
5784
6363
5548
4563
4252
4666
5586
6693
7642
8236
7936
6988
6139
5960
6383
6709
6881
7032
6856
6510
6508
7085
7836
8599
8647
8037
6890
5381
4005
3018
2745
2480
1504
-518
-3219
-5749
-7204
-7882
-8545
-9943
-11966
-14210
-16546
-18268
-19234
-19708
-19619
-19437
-18995
-18840
-18561
-17829
-16422
-14488
-12704
-11023
-9416
-7761
-5985
-4026
-2241
-733
247
910
1449
2158
2865
3506
4294
5291
6544
7789
8539
8085
6662
5253
4586
4969
5669
5272
3536
1642
1043
1893
3193
3828
3412
2688
2720
3704
5365
6735
7026
6714
6477
6542
6866
7003
6526
5919
5421
5054
4993
5181
5798
6768
7523
7797
7892
8037
8536
9834
11258
11726
10780
8413
5930
4635
4914
5904
6097
4698
1955
-897
-2890
-3780
-4044
-4438
-5852
-8368
-11059
-13067
-14064
-14599
-14990
-15820
-17069
-18310
-19240
-19259
-18232
-16524
-14739
-13279
-12720
-12277
-11367
-9791
-7510
-5263
-3467
-2588
-2313
-1944
-1019
328
1673
2741
3659
4289
4821
5091
4942
4944
4833
4914
4684
4127
3057
1449
150
-596
-402
600
1484
1646
1254
855
1348
2884
5091
7058
7763
7176
6143
5343
5597
6910
8405
9050
8198
6832
5996
6156
7256
8237
8882
9123
8589
7735
6991
6569
7219
8469
9770
9821
8259
5935
4084
3584
3981
3964
2774
746
-1299
-2486
-2973
-2925
-3104
-3955
-5595
-7856
-9786
-10708
-11081
-11172
-11542
-12612
-13844
-14709
-14733
-13828
-12554
-11696
-11883
-12195
-11855
-10716
-8608
-6606
-5583
-5337
-5406
-4799
-2617
-32
1822
2090
1234
637
857
2032
3369
3820
3375
2398
1671
1738
1917
1953
1560
601
-545
-1487
-1799
-1535
-356
1462
3439
4816
5503
5413
4967
4649
5171
6458
7905
9073
9152
8706
7715
7294
7532
8110
8546
7798
6068
3954
2434
1873
2309
3183
3517
3367
3165
3092
3298
3386
3352
3286
3328
3338
3022
2328
1148
5
-851
-1182
-1169
-1291
-2004
-3591
-5374
-6535
-6319
-5574
-5656
-6886
-8893
-10177
-9893
-8340
-6722
-6592
-8303
-10509
-11191
-9948
-7493
-5570
-5013
-5593
-6165
-5531
-3819
-1926
-843
-1036
-2304
-3403
-3329
-1864
108
955
445
-708
-1287
-673
456
1201
1472
1471
1656
2074
2321
2475
2758
3393
4167
4486
4083
3437
3154
4320
6299
7867
7766
6395
4909
4491
5691
7302
8127
7739
6800
5450
4389
3754
3296
3039
2796
2589
1961
1020
535
882
1642
2140
1855
869
-166
-678
-725
-505
-508
-1003
-1633
-2156
-2406
-2356
-2414
-2779
-3237
-3480
-3414
-3422
-3659
-3891
-3919
-3144
-2039
-1215
-1222
-2134
-3394
-4158
-3885
-2700
-1414
-1037
-2036
-3691
-4566
-4173
-2904
-2119
-2525
-4142
-5962
-6709
-5962
-4401
-3293
-3066
-3633
-3822
-3090
-1744
-509
1
279
296
355
619
1267
2208
3378
4400
5200
5621
5749
5837
5642
5597
5909
6243
6549
6657
6436
6253
6076
5980
5982
5897
5618
4689
3787
3020
2458
2279
2430
2770
2475
1879
976
165
-452
-1342
-2827
-4687
-6117
-6734
-6482
-5697
-5308
-5627
-6632
-7663
-8003
-7294
-6011
-5266
-5330
-5815
-5604
-4204
-2256
-535
485
771
889
1292
2025
2858
3484
3625
3743
4466
5521
6232
5981
4996
3844
3170
2831
2445
1736
540
-1014
-2436
-3012
-3147
-3082
-3191
-3191
-3143
-3214
-3493
-3876
-4022
-3964
-3341
-2623
-1928
-1472
-887
186
1620
2770
3200
3339
3145
3566
4538
5521
6120
6286
6383
6408
6530
6553
5965
4965
3892
2953
2639
2668
2732
2404
1833
1100
311
-485
-1492
-2572
-3552
-4551
-5083
-5208
-5529
-6172
-7275
-8280
-8855
-8904
-8777
-8850
-9189
-9353
-9145
-8715
-8231
-7817
-7366
-6592
-5223
-3664
-2235
-1347
-559
56
556
1180
2030
3234
4364
5773
6966
7696
8025
8110
8224
8415
8937
9307
9270
8570
7478
6424
5849
5634
5262
4648
3483
2022
466
-641
-1113
-1463
-1908
-2465
-2856
-3065
-2924
-2398
-1787
-1193
-272
771
1524
1962
2430
3013
3722
4670
5364
6030
6169
5702
5087
4478
4062
3702
3143
2454
1635
890
392
78
-279
-885
-1595
-2544
-3622
-4677
-5542
-6455
-7259
-7685
-7943
-8332
-9173
-10109
-10680
-10718
-10288
-9835
-9698
-9945
-10285
-10277
-10301
-9991
-9303
-8198
-7008
-6199
-5764
-5635
-5302
-4087
-2371
-688
452
1016
1499
2060
3358
5039
6575
7550
8075
7970
7863
7808
7853
7998
8112
8526
8792
8902
8455
7761
7115
7105
7871
8568
8899
8301
7442
6620
6369
6592
6782
6841
6314
5570
4885
4302
3740
3514
3134
2855
2562
2377
2308
2194
1694
722
58
-266
-116
-71
-443
-1185
-2044
-2208
-1992
-1860
-2224
-3043
-4015
-4890
-5599
-6207
-7106
-8255
-9212
-9714
-9862
-10200
-10902
-12071
-12846
-12857
-12146
-11238
-10635
-10448
-10258
-9698
-8766
-7537
-6634
-6011
-5575
-5152
-4322
-3281
-2290
-1620
-1233
-922
-467
304
943
1635
2070
2330
2906
3357
3394
3125
3206
3837
4699
5102
5192
4970
4432
4248
4735
5732
6908
8095
8827
9276
9431
9669
10146
10999
11957
12471
12140
11256
10645
10299
10567
10952
11103
10834
10174
9442
8845
8474
7853
6889
5945
5499
5273
4854
3712
1817
197
-698
-1081
-1412
-2539
-4328
-6035
-6980
-7227
-7569
-8416
-9898
-11699
-12878
-13368
-13468
-13697
-13956
-14204
-14333
-14343
-14253
-14144
-13848
-13021
-11917
-10710
-9909
-9352
-8840
-7994
-6645
-5460
-4390
-3819
-3643
-2999
-2016
-1119
-631
-512
-637
-535
-78
702
1261
1714
2287
2823
3475
3821
3785
3399
3084
3083
3154
3036
2886
2796
3057
3638
4534
5319
5855
6159
6386
6594
6871
7217
7378
7457
7630
8040
8421
8756
8765
8995
9605
10414
11346
11852
12077
12341
12872
13287
13422
13248
12736
12107
11633
10954
9912
8488
6684
5067
3671
2270
609
-1358
-3475
-5320
-6598
-7897
-9428
-11145
-12819
-14138
-14887
-15391
-15627
-15766
-15900
-15453
-14830
-14109
-13851
-14021
-14182
-13937
-12843
-11214
-9809
-9226
-9343
-9824
-9691
-8740
-7085
-5730
-5215
-5348
-5448
-4860
-3679
-1972
-635
23
56
-176
155
1415
2872
3691
3707
3364
3383
4007
5202
6312
7132
7231
6944
6632
6625
6687
6624
6213
5551
5124
4867
4851
4711
4737
4987
5185
5568
5818
6149
6680
7312
8203
8950
9494
10088
10572
10834
11053
11023
10660
9994
9251
8607
8026
7505
6649
5505
4311
3315
2722
2327
1888
1089
-142
-1321
-2081
-2531
-2716
-3193
-3722
-4219
-4531
-4986
-5706
-6538
-7385
-7838
-8030
-8269
-8630
-8887
-9454
-10246
-11127
-11607
-11534
-11062
-10489
-10494
-11070
-11966
-12416
-11895
-10567
-9193
-8696
-8809
-9080
-8861
-7931
-6479
-4979
-4079
-3557
-2854
-1834
-512
772
1863
2730
3444
4389
5112
5443
5608
5768
5931
6062
6303
6119
5803
5343
5344
5754
6105
6047
5736
5580
5605
5998
6494
7007
7763
8113
8218
8139
7872
7339
6801
6418
6024
5362
4350
3416
2656
2374
2191
1918
1477
1099
1027
1203
1105
621
8
-631
-685
-362
239
575
377
99
107
288
140
-237
-688
-864
-741
-409
-251
-494
-848
-1070
-905
-897
-1076
-1638
-2354
-2975
-3412
-3652
-4174
-4914
-5642
-6148
-6604
-7199
-7813
-8279
-8527
-8375
-8168
-7978
-7860
-7890
-7718
-7188
-5956
-4580
-3378
-2663
-2527
-2441
-1948
-1182
-227
426
775
1189
1728
2228
2571
2684
2559
2558
2976
3761
4560
5109
5350
5693
6086
6376
6247
5848
5245
4859
4690
4644
4470
3938
3239
2650
2515
2504
2279
1664
786
68
172
732
1217
1066
348
-346
-511
-41
429
480
308
-42
-441
-585
-707
-737
-849
-842
-766
-329
83
305
278
233
259
372
406
87
-391
-842
-1045
-1170
-1372
-1809
-2030
-2163
-2177
-2277
-2694
-3135
-3158
-2262
-800
507
1048
693
78
147
1313
2603
3313
3126
2297
1735
1716
2158
2312
1856
1191
680
689
980
1143
897
589
306
-60
-620
-1432
-2084
-2384
-2121
-1759
-1805
-2302
-2750
-2840
-2774
-2548
-2465
-2800
-3370
-3388
-2767
-2106
-1861
-2029
-2441
-2515
-2042
-1399
-955
-665
-361
-18
207
321
227
289
428
597
651
589
487
490
785
1146
1107
694
403
302
620
1223
1775
2139
2257
2237
2043
1395
420
-647
-1323
-1453
-1378
-1768
-2588
-3493
-3911
-3550
-2824
-2296
-2334
-2378
-1866
-724
595
1431
1790
2047
2539
3244
3884
4041
4134
4332
5015
5831
6341
6115
5270
4820
5065
5847
6437
6528
5826
4890
4478
4689
5056
4940
4408
3751
3104
2816
2861
2761
2544
2113
1205
94
-1106
-2172
-2690
-2817
-2903
-3174
-4100
-5262
-6265
-6986
-7103
-7027
-7293
-7692
-8139
-8531
-8645
-8443
-7979
-7641
-7190
-6892
-6753
-6411
-5956
-5362
-4787
-4143
-3527
-3042
-2787
-2577
-2013
-1276
-846
-778
-952
-1353
-1410
-1127
-689
-291
-38
7
169
631
1043
1508
1898
2295
2785
3251
3564
3527
3399
3428
3654
3963
4217
4279
4104
4189
4356
4374
4193
4005
3797
3825
4279
4725
4983
5037
4806
4463
4263
4184
4110
4234
4309
4150
3912
3806
3705
3692
3654
3508
3207
2368
1339
369
-440
-744
-647
-568
-598
-1046
-1851
-2452
-2913
-3204
-3314
-3227
-3238
-3337
-3661
-3896
-3808
-3254
-2485
-1954
-2057
-2842
-3605
-3751
-3077
-1916
-1179
-1426
-2202
-3206
-3509
-3418
-3298
-3435
-4020
-4943
-5900
-6616
-6971
-7067
-6965
-6735
-6391
-6041
-5770
-5409
-5160
-4698
-3956
-3147
-2330
-1491
-821
-306
263
1043
2090
3318
4386
4887
4959
4908
4927
5304
5900
6315
6466
6340
6125
6361
6627
6742
6615
5963
5320
5118
5283
5571
5629
5376
4970
4918
5140
5034
4532
3516
2440
1755
1344
1084
824
506
231
-106
-454
-971
-1639
-2395
-2896
-3002
-3040
-3118
-3616
-4019
-4044
-3616
-3080
-3018
-3232
-3438
-3389
-2868
-2159
-1725
-1840
-2271
-2635
-2741
-2321
-1896
-1753
-2015
-2678
-3165
-3695
-3918
-4098
-4350
-4623
-4628
-4374
-4053
-3995
-3836
-3429
-2671
-1793
-1545
-1707
-1843
-1401
-508
715
1628
2158
2644
3265
3728
3876
3632
3469
3670
4203
4599
4378
3768
2924
2704
2956
3126
2884
2249
1653
1315
1359
1530
1577
1471
1305
1327
1418
1452
1402
1155
856
947
1253
1460
1297
860
443
153
267
640
1005
1168
1167
729
332
-196
-663
-735
-789
-817
-946
-980
-1076
-1047
-965
-815
-697
-548
-465
-350
-166
-46
-36
-272
-536
-745
-1114
-1681
-2468
-3239
-3610
-3435
-3054
-2908
-3153
-3929
-4527
-4503
-3448
-2231
-1460
-1453
-2057
-2502
-2228
-1152
168
1146
1440
1209
697
848
1341
1835
2169
2300
2117
1745
1484
1106
890
961
1096
1153
932
567
369
259
76
-71
-164
73
642
1097
1270
1024
874
1086
1767
2283
2013
1342
502
140
390
718
595
-8
-827
-1448
-1730
-1749
-2026
-2297
-2621
-2854
-2569
-2261
-2104
-2273
-2458
-2121
-1036
141
916
929
602
411
794
1400
1693
1645
1189
907
804
852
737
212
-202
-438
-503
-483
-794
-1220
-1505
-1162
-386
262
496
500
523
893
1532
2108
2509
2649
2849
3172
3543
3887
4378
4719
5044
5406
5523
5136
4406
3623
3202
3075
2771
2239
1471
635
-32
-583
-1050
-1575
-2229
-2698
-3015
-3374
-3695
-3885
-3959
-3847
-3458
-3139
-3048
-3243
-3672
-3778
-3714
-3657
-3696
-3997
-4284
-4637
-4846
-5094
-5542
-5805
-5993
-6099
-5967
-5852
-5646
-5444
-5323
-5028
-4702
-4182
-3423
-2740
-2049
-1345
-481
249
802
1064
1325
1517
1823
2165
2430
2813
3431
3944
4075
3882
3447
3257
3252
3675
4015
4219
4252
4352
4469
4552
4674
4573
4591
4756
4912
5224
5438
5568
5633
5655
5788
5797
5691
5578
5640
5627
5513
5321
5204
4915
4782
4634
4096
3448
2684
2058
1592
1431
1252
827
279
-243
-502
-672
-776
-1203
-1941
-2426
-2682
-2846
-2820
-3041
-3497
-4031
-4748
-5519
-6139
-6719
-6948
-7229
-7603
-8167
-9056
-9651
-9634
-9250
-8807
-8666
-9040
-9323
-9184
-8643
-7959
-7607
-7522
-7379
-7010
-6079
-5204
-4500
-3806
-3160
-2432
-1739
-1159
-600
-148
264
730
1321
1939
2753
3294
3616
4181
4697
5328
5917
6508
6930
7258
7554
7816
8035
8303
8618
8701
8597
8315
7833
7476
7225
7037
6965
6806
6558
6360
6178
5802
5374
4836
4415
4058
3469
2747
1807
991
593
566
610
337
-148
-742
-1036
-1137
-863
-591
-489
-635
-1264
-1739
-2163
-2395
-2473
-2523
-2739
-3227
-3973
-4569
-4863
-4970
-4891
-5150
-5702
-6374
-6728
-6463
-6160
-6126
-6449
-6882
-7249
-7143
-6861
-6608
-6605
-6855
-6730
-6266
-5530
-4845
-4525
-4457
-4315
-3970
-3381
-2739
-2155
-1739
-1242
-709
12
773
1345
2086
2831
3607
4237
4686
4817
4971
5193
5633
6251
6780
6902
6840
6810
7036
7395
7721
8116
8138
8159
7975
7754
7653
7489
7148
6625
5943
5262
4564
4072
3724
3243
2821
2187
1478
760
131
-34
-85
-160
-407
-982
-1664
-2316
-2532
-2482
-2194
-1910
-2168
-2488
-2665
-2714
-2736
-2898
-2966
-3064
-3221
-3421
-3639
-3951
-4166
-4133
-4072
-4055
-4299
-4535
-4681
-4558
-4267
-3881
-3822
-4175
-4558
-4754
-4451
-4031
-3625
-3730
-3817
-3828
-3667
-3221
-2801
-2412
-1970
-1648
-1379
-1176
-968
-732
-540
-180
200
491
590
569
327
596
914
1326
1593
1827
2173
2726
3564
4148
4770
5028
5203
5428
6014
6602
6837
6501
5882
5273
4826
4644
4225
3873
3521
3295
3080
2990
2867
2583
2458
2128
1944
1743
1513
1314
996
610
414
384
414
254
-132
-421
-505
-329
-246
-623
-1268
-1959
-2215
-1968
-1635
-1355
-1413
-1740
-2105
-2180
-2144
-1992
-1853
-1934
-2051
-2142
-2095
-2008
-1970
-1958
-1799
-1703
-1675
-1453
-1430
-1378
-1208
-1108
-908
-550
-261
-305
-371
-657
-852
-881
-929
-896
-1068
-1262
-1460
-1776
-1813
-1740
-1759
-1922
-1978
-1781
-1568
-1055
-527
-24
301
742
1220
1602
1903
1945
1823
1698
1713
1571
1492
1236
798
592
473
320
193
171
83
-17
105
58
-38
-137
-252
-190
-193
-153
-345
-509
-537
-317
189
438
403
-106
-718
-819
-525
-40
158
38
-452
-830
-842
-603
-247
54
253
422
523
439
147
-2
137
718
1288
1630
1600
1372
1510
1991
2655
3360
3491
3177
3013
3062
3279
3480
3461
3083
2759
2564
2526
2331
2063
1706
1274
950
316
-415
-1014
-1490
-1580
-1551
-1548
-1755
-2102
-2446
-2716
-2665
-2806
-3006
-3584
-3932
-4030
-4213
-4120
-4285
-4586
-4738
-4550
-4067
-3561
-3325
-3335
-3355
-3220
-2803
-2341
-1802
-1235
-884
-711
-513
-567
-703
-573
-517
-226
-105
-97
-165
-263
-279
-173
-11
-91
-318
-534
-835
-858
-448
89
483
572
191
-244
-399
-199
513
1018
1421
1657
1847
2183
2593
3021
3481
3954
4370
4930
5266
5561
5647
5575
5733
5995
6101
5978
5653
5530
5340
5089
4662
4034
3608
3325
3330
3420
3286
2589
1723
990
639
656
722
478
-106
-804
-1521
-2230
-2796
-3393
-4264
-4945
-5545
-5981
-6218
-6452
-6889
-7315
-7631
-7361
-7013
-6653
-6475
-6655
-6738
-6848
-6530
-5964
-5249
-4838
-4445
-3909
-3488
-2948
-2576
-2234
-1982
-1924
-1682
-1212
-861
-574
-658
-1130
-1418
-1287
-941
-510
-264
-234
-492
-741
-826
-837
-498
-12
394
822
1187
1176
1376
1826
2582
3473
4321
5084
5422
5754
6139
6524
6849
7148
7148
6996
6728
6469
6202
5921
5615
5289
4920
4620
4590
4515
4407
4243
4098
4067
4186
4232
4272
4182
4026
3778
3326
2948
2503
1944
1395
741
156
-371
-743
-1257
-2023
-2860
-3581
-4175
-4439
-4419
-4570
-5062
-5815
-6413
-6679
-6587
-6470
-6548
-6664
-6589
-6441
-6160
-5974
-6038
-6311
-6204
-5933
-5533
-4948
-4669
-4559
-4647
-4669
-4432
-4162
-3806
-3505
-3177
-2595
-1964
-1358
-1107
-926
-526
168
704
1112
1416
1527
1878
2287
2916
3461
3926
4170
4377
4581
4756
4926
4712
4480
4215
4124
4256
4235
3960
3824
3594
3415
3230
2998
2903
2753
2712
2785
2796
2587
2367
2196
2297
2755
3172
3244
3185
3011
2946
2894
2680
2338
1953
1439
1003
813
841
866
530
19
-484
-850
-952
-854
-832
-992
-1482
-2150
-2654
-2898
-2856
-2653
-2558
-2584
-2705
-3037
-3295
-3429
-3601
-3664
-3814
-3962
-4055
-3981
-3965
-4028
-3947
-4077
-4315
-4672
-4777
-4517
-4001
-3273
-2731
-2348
-2150
-1965
-1668
-1455
-938
-553
-116
288
431
503
674
806
1077
1379
1742
1924
1799
1570
1386
1618
2078
2446
2646
2667
2695
2757
2900
2887
2778
2581
2364
2447
2613
2932
3016
2848
2771
3007
3359
3593
3465
3196
2957
3033
3097
2889
2398
1714
1219
913
861
1060
1039
593
317
261
366
362
177
-8
-60
105
221
121
-216
-569
-916
-1113
-1190
-1257
-1422
-1754
-1961
-1907
-1636
-1401
-1421
-1571
-1743
-1784
-1901
-1970
-2066
-2225
-2245
-2293
-2183
-2079
-2192
-2268
-2384
-2387
-2420
-2352
-2070
-1874
-1882
-1808
-1632
-1391
-955
-605
-399
-373
-230
-145
66
385
566
636
463
418
421
588
720
531
304
166
132
170
282
648
1040
1348
1528
1645
1955
2346
2735
3020
3019
2852
2443
2093
1792
1476
1327
1138
885
631
536
521
562
623
690
799
916
1055
1352
1573
1789
1961
2048
2103
2027
1973
1878
1903
1937
1752
1426
818
335
67
-120
-68
-264
-560
-780
-1000
-1188
-1341
-1506
-1610
-1570
-1561
-1573
-1540
-1573
-1559
-1510
-1480
-1318
-1357
-1339
-1343
-1476
-1673
-2000
-2067
-1871
-1598
-1391
-1336
-1295
-1380
-1452
-1541
-1832
-1895
-1793
-1585
-1246
-1068
-943
-842
-962
-1194
-1223
-1294
-1197
-854
-352
194
531
814
803
649
421
370
546
724
748
493
166
-17
82
80
-83
-268
-615
-587
-320
-153
-149
-152
-196
-330
-274
-207
-218
-126
107
294
462
516
525
591
906
1337
1553
1314
998
733
597
910
1204
1360
1275
1071
1030
1170
1285
1310
1347
1301
1505
1880
2308
2716
3055
3299
3130
2872
2480
1940
1616
1372
1342
1366
1053
558
-95
-638
-1035
-1247
-1419
-1468
-1372
-1501
-1532
-1728
-2107
-2292
-2292
-2174
-2162
-2255
-2354
-2546
-2613
-2610
-2586
-2380
-2141
-1765
-1403
-1277
-1243
-1443
-1503
-1211
-982
-683
-468
-401
-359
-46
92
2
-271
-837
-1175
-1143
-929
-603
-590
-821
-1199
-1453
-1383
-1187
-854
-465
-194
-103
-109
-365
-574
-536
-393
-179
-132
-425
-888
-1246
-1454
-1565
-1518
-1624
-1602
-1390
-985
-528
-54
484
946
1478
2033
2599
3180
3772
4190
4371
4181
3971
3712
3528
3544
3551
3477
3209
2792
2431
2059
1803
1596
1318
1180
917
771
542
266
-211
-642
-740
-688
-510
-733
-1186
-1652
-1890
-1959
-1796
-1490
-1518
-1627
-1688
-1707
-1659
-1532
-1496
-1275
-841
-410
-197
-184
-319
-518
-534
-640
-645
-721
-701
-455
-132
-92
-254
-493
-798
-987
-936
-715
-731
-950
-1215
-1434
-1611
-1636
-1584
-1396
-1161
-1046
-1129
-1244
-1450
-1502
-1314
-1142
-1069
-983
-1054
-1138
-1004
-766
-422
-84
183
237
357
543
827
1080
1224
1480
1636
1721
1817
1776
1735
1691
1836
2193
2431
2410
2077
1712
1499
1113
813
434
-24
-140
-151
-191
-63
91
270
460
611
743
858
993
1185
1373
1369
1076
754
381
179
328
443
546
653
776
710
763
586
237
33
0
114
223
208
-61
-218
-229
-56
342
539
507
284
192
149
41
-171
-813
-1629
-2091
-2284
-2374
-2332
-2529
-2728
-2848
-2790
-2718
-2458
-2338
-2186
-1922
-1750
-1685
-1913
-2127
-2279
-2044
-1466
-848
-439
-348
-217
-63
190
476
709
967
1261
1663
2042
2198
2099
1877
1742
1600
1611
1596
1263
1006
716
605
625
477
292
116
138
359
680
662
414
140
96
263
483
759
916
812
867
990
925
744
715
708
904
1486
1864
2064
1926
1666
1497
1708
1605
1531
1439
1287
1310
1398
1478
1305
947
446
123
27
111
248
228
-40
-353
-680
-971
-1236
-1359
-1525
-1667
-1756
-1875
-1989
-1969
-1891
-1731
-1680
-1754
-1918
-2118
-2151
-2247
-2250
-2226
-2197
-2413
-2324
-2133
-1943
-1651
-1226
-782
-513
-318
-155
50
256
565
644
683
665
697
828
837
661
266
-127
-168
1
395
774
976
948
786
761
787
807
953
1006
1108
1371
1513
1546
1478
1331
1210
1217
1376
1334
1022
787
448
385
355
398
362
448
694
886
1111
1117
1153
1029
1104
1213
1260
1142
793
633
523
506
631
703
613
693
910
948
966
758
545
269
138
240
319
449
351
143
-7
17
66
-3
-100
-337
-636
-914
-1105
-1288
-1501
-1627
-1968
-2097
-2192
-2196
-1960
-1867
-1777
-1738
-1692
-1724
-1578
-1468
-1441
-1498
-1692
-1885
-2175
-2270
-2147
-1967
-1787
-1528
-1306
-1129
-1047
-1069
-1163
-1222
-1065
-586
59
429
538
320
129
120
329
837
1071
1009
909
754
712
678
840
1056
1316
1415
1470
1397
1317
1303
1258
1411
1433
1373
1376
1452
1683
1632
1416
942
597
712
837
1119
1318
1561
1744
1930
2070
2224
2143
2013
1964
1844
1835
1588
1436
1263
1093
1095
1207
1384
1346
1234
1118
930
1007
1162
1139
1034
734
403
275
31
-230
-522
-753
-880
-1038
-1200
-1619
-2159
-2631
-2921
-3038
-3062
-3130
-3164
-3132
-2997
-2867
-2612
-2370
-2324
-2159
-2062
-2018
-1859
-1867
-1840
-1533
-1350
-1360
-1326
-1390
-1456
-1389
-1356
-1452
-1334
-1234
-1007
-651
-371
-233
-371
-324
-237
65
311
593
641
458
347
402
590
605
620
416
252
410
621
934
1182
1400
1628
1867
2073
2309
2630
2858
3181
3249
3205
3024
2726
2404
2162
1941
1684
1409
1184
1082
1090
1205
1368
1409
1352
1366
1351
1399
1476
1516
1475
1341
1178
984
763
618
376
1
-280
-521
-616
-503
-344
-458
-575
-843
-1009
-1072
-1183
-1316
-1643
-1993
-2057
-2000
-1798
-1475
-1329
-1358
-1450
-1434
-1479
-1623
-1826
-1906
-1977
-1976
-1710
-1709
-1677
-1636
-1618
-1412
-1306
-1244
-1462
-1912
-2301
-2597
-2652
-2651
-2491
-2426
-2273
-1965
-1551
-1124
-819
-625
-397
-88
435
1079
1554
1689
1592
1425
1426
1570
1790
1969
2122
2234
2265
2255
2214
2159
2038
2060
2208
2286
2487
2647
2826
2853
2797
2694
2547
2505
2690
2848
2851
2523
1886
1227
650
329
126
15
-194
-349
-107
273
528
760
836
824
671
475
213
-93
-327
-644
-925
-1137
-1330
-1283
-1087
-853
-601
-478
-378
-471
-417
-556
-762
-930
-1209
-1269
-1333
-1218
-1054
-862
-902
-1059
-1399
-1801
-2106
-2527
-2862
-3081
-3175
-3254
-3231
-3190
-3157
-3108
-2914
-2507
-2093
-1674
-1303
-1102
-855
-805
-780
-698
-733
-705
-656
-549
-435
-328
-257
-213
-153
163
581
1020
1320
1502
1572
1455
1361
1338
1475
1592
1699
1894
2057
2436
2825
3009
3144
3206
3187
2837
2670
2438
2298
2010
1791
1604
1416
1624
1840
2094
2257
2254
2007
1651
1313
955
647
418
300
259
395
424
407
371
279
195
175
233
299
110
-173
-429
-701
-876
-898
-899
-1098
-1291
-1534
-1676
-1777
-1794
-1957
-2019
-2041
-2018
-1725
-1579
-1541
-1666
-1870
-1948
-1836
-1676
-1509
-1493
-1475
-1251
-1051
-795
-510
-228
-218
-310
-423
-728
-1092
-1509
-1806
-1807
-1400
-718
-177
165
295
191
96
-18
-102
-120
-86
102
398
683
865
941
1030
1190
1368
1612
1748
1652
1471
1146
899
650
481
405
457
626
941
1296
1338
1281
1167
1054
1102
1235
1349
1507
1628
1788
1815
1750
1607
1469
1501
1412
1499
1536
1396
1392
1403
1492
1498
1223
748
319
-42
-273
-418
-822
-1243
-1436
-1314
-1072
-825
-658
-673
-798
-947
-1135
-1366
-1571
-1856
-1889
-1828
-1746
-1522
-1245
-986
-802
-629
-690
-862
-1167
-1447
-1674
-1854
-1927
-1899
-1853
-1660
-1600
-1455
-1319
-1236
-1084
-958
-840
-767
-713
-754
-606
-353
24
333
388
400
475
567
719
919
831
726
554
394
381
292
420
282
44
-145
-219
-24
406
888
1242
1256
1191
1093
1106
1258
1580
1732
1667
1577
1453
1407
1391
1324
1360
1489
1702
1979
2076
1834
1559
1499
1592
1689
1655
1501
1215
976
968
1056
969
789
600
355
320
232
169
93
-195
-579
-914
-1048
-989
-705
-322
0
5
-134
-426
-713
-1050
-1334
-1425
-1486
-1591
-1775
-1956
-2208
-2503
-2556
-2540
-2528
-2491
-2389
-2301
-2115
-2034
-2017
-2026
-2042
-1893
-1720
-1372
-1091
-962
-1053
-1277
-1560
-1792
-1808
-1732
-1485
-1498
-1526
-1573
-1566
-1422
-1288
-1140
-782
-390
-87
183
265
457
664
830
1158
1579
1842
2091
2105
2356
2539
2557
2505
2267
2113
2031
2045
2165
2477
2743
2782
2565
2102
1780
1715
1859
1954
2158
2321
2333
2368
2358
2152
1756
1369
1085
994
991
1025
819
429
232
62
-89
-46
-86
70
215
109
-76
-427
-710
-982
-1063
-970
-752
-462
-355
-327
-719
-1225
-1621
-1918
-1898
-1789
-1666
-1645
-1968
-2070
-2271
-2589
-2615
-2458
-2359
-2229
-2081
-1963
-1855
-1856
-1903
-2038
-2156
-2208
-2150
-2153
-1917
-1709
-1728
-1601
-1598
-1541
-1294
-1116
-801
-558
-330
-92
-43
-24
6
158
454
741
953
1174
1360
1619
1770
1922
1872
1662
1552
1706
1890
2066
2088
1863
1755
1621
1623
1610
1556
1521
1570
1654
1774
1829
1809
1823
1801
1720
1730
1657
1560
1534
1546
1602
1592
1425
985
634
290
4
-225
-491
-679
-815
-1066
-1131
-950
-747
-515
-185
123
300
384
382
309
225
305
249
228
29
-332
-602
-805
-940
-1015
-1090
-1098
-1055
-1101
-1258
-1429
-1574
-1529
-1204
-954
-740
-766
-814
-908
-1014
-1131
-1220
-1430
-1485
-1448
-1365
-1213
-1324
-1659
-1916
-2002
-1837
-1486
-1198
-1099
-1051
-926
-684
-425
-261
-75
201
398
584
767
785
800
637
453
460
730
978
1243
1418
1358
1312
1229
1050
922
1041
1141
1306
1482
1506
1405
1126
932
1037
1130
1219
1466
1405
1272
1062
860
687
448
299
263
164
222
398
421
229
74
-12
-41
101
119
128
178
157
63
69
-1
17
-111
-295
-356
-553
-530
-513
-676
-908
-1251
-1363
-1156
-940
-612
-585
-644
-636
-646
-625
-617
-587
-584
-524
-483
-424
-590
-807
-991
-1226
-1289
-1164
-1066
-1018
-972
-983
-972
-822
-725
-705
-840
-881
-773
-483
-205
89
107
282
435
607
898
1014
1260
1393
1550
1403
1045
671
377
363
670
870
927
900
826
618
406
221
155
354
601
847
1017
1022
937
773
630
560
579
583
788
934
1061
1181
1085
875
557
403
361
536
663
632
514
310
86
45
-78
-75
-158
-310
-374
-436
-542
-656
-558
-491
-328
-298
-179
-112
-99
-64
66
62
-77
-254
-517
-715
-942
-1207
-1428
-1700
-1709
-1549
-1255
-893
-812
-866
-1118
-1436
-1725
-1833
-1715
-1428
-1034
-662
-343
-206
-253
-441
-590
-633
-474
-286
55
318
456
521
430
263
282
264
323
447
506
466
185
-59
-181
-117
148
504
723
783
704
777
654
411
373
553
845
1151
1362
1565
1384
1136
1124
1031
1031
1039
1016
948
908
833
752
435
392
469
662
889
1002
1075
871
715
711
674
838
1023
1214
1403
1326
1133
863
617
403
542
806
751
652
420
131
-39
-107
-216
-224
-204
-303
-537
-856
-1250
-1427
-1513
-1644
-1613
-1539
-1355
-991
-785
-700
-822
-962
-1283
-1353
-1083
-797
-469
-216
-245
-477
-616
-617
-541
-555
-645
-746
-831
-915
-996
-1082
-1126
-1318
-1166
-805
-586
-331
-135
43
90
21
-99
-201
-202
-14
282
543
721
846
704
490
270
290
414
452
439
264
195
183
278
516
550
475
390
292
390
385
511
628
751
974
1134
1378
1457
1570
1470
1383
1203
999
1068
1081
1264
1375
1377
1219
1040
703
430
187
208
292
219
131
-51
-242
-396
-508
-499
-355
-126
73
29
-58
-128
-268
-379
-499
-607
-708
-911
-719
-643
-691
-922
-1227
-1355
-1584
-1520
-1470
-1475
-1398
-1287
-1069
-767
-603
-534
-513
-486
-426
-281
-113
-146
-259
-510
-664
-710
-563
-273
-177
-142
-336
-431
-382
-201
-113
-203
-324
-280
-54
201
496
469
352
242
219
161
165
187
267
234
362
558
679
691
572
636
591
623
505
518
385
235
212
295
603
846
1042
911
634
387
265
243
245
246
223
110
138
320
455
473
658
783
859
869
815
718
346
46
44
142
283
352
422
309
137
-132
-398
-678
-827
-885
-922
-712
-371
-52
59
17
-275
-384
-342
-364
-283
-236
-267
-488
-809
-1060
-988
-875
-616
-372
-306
-352
-473
-664
-848
-939
-909
-882
-808
-578
-377
-286
-222
-252
-306
-292
-340
-347
-342
-272
-347
-194
-10
173
203
69
-169
-493
-729
-862
-764
-678
-522
-437
-461
-317
-118
111
195
299
228
195
150
78
294
485
879
1317
1575
1697
1521
1253
896
805
865
960
1104
1033
911
776
557
164
-134
-199
134
384
723
866
666
493
355
245
360
488
648
929
1019
936
459
-3
-246
-463
-379
-254
-118
41
228
379
353
167
-143
-180
-53
150
297
403
358
172
-35
-137
-168
-235
-428
-624
-710
-894
-971
-1074
-1124
-1042
-870
-680
-630
-507
-598
-645
-592
-660
-525
-582
-528
-557
-559
-555
-528
-512
-658
-811
-917
-864
-940
-983
-1102
-1062
-968
-888
-638
-336
51
422
747
898
1003
1019
941
1002
1020
947
1102
1253
1459
1624
1657
1528
1151
893
579
517
697
831
871
963
922
698
686
663
638
601
668
678
670
569
433
363
196
176
97
170
162
77
-327
-782
-1068
-1243
-1198
-1122
-1007
-773
-485
-271
-160
-108
-152
-239
-245
-276
-192
-101
-115
-277
-479
-599
-577
-473
-319
-210
-317
-402
-722
-1048
-1349
-1525
-1524
-1312
-1065
-713
-779
-1138
-1399
-1707
-1807
-1707
-1414
-1127
-1025
-957
-1065
-1158
-1212
-1245
-941
-568
-59
329
611
638
364
-37
-383
-484
-322
135
673
1027
1174
1068
791
566
613
851
1206
1475
1576
1383
1216
1087
864
829
780
851
973
1208
1349
1437
1260
995
865
844
982
1226
1120
818
413
-49
-262
-344
-252
65
311
484
575
387
168
-54
-140
-114
-174
-200
-237
-387
-615
-726
-938
-829
-571
-367
-111
58
102
40
-102
-292
-436
-510
-447
-386
-206
-113
-184
-186
-223
-354
-539
-489
-406
-350
-176
-150
-292
-399
-603
-697
-780
-829
-706
-698
-621
-851
-1311
-1756
-1967
-1815
-1503
-983
-758
-773
-607
-555
-563
-629
-746
-693
-490
-173
97
142
131
62
-1
-64
-13
260
621
1142
1469
1511
1579
1439
1438
1240
966
916
805
779
790
673
429
153
88
196
441
595
692
710
662
702
587
459
302
340
355
524
676
657
747
771
824
810
645
489
219
-125
-378
-528
-652
-653
-689
-728
-747
-808
-851
-675
-513
-336
-240
-218
-128
-139
-235
-318
-528
-738
-1065
-1365
-1457
-1489
-1332
-1206
-1262
-1259
-1197
-1051
-880
-871
-1014
-1201
-1274
-1324
-1248
-1157
-1049
-912
-843
-762
-673
-788
-900
-771
-795
-606
-570
-717
-784
-888
-811
-725
-645
-494
-277
13
382
538
641
730
899
1015
1138
1382
1478
1456
1437
1477
1444
1455
1460
1506
1605
1671
1651
1584
1395
1236
1351
1321
1276
1222
1139
988
821
799
677
629
543
570
625
580
420
234
25
-323
-673
-685
-705
-637
-302
-52
-35
-141
-457
-860
-1096
-1176
-842
-615
-501
-375
-258
-142
-141
-245
-341
-338
-229
-181
-198
-470
-790
-1063
-1374
-1282
-1313
-1317
-1459
-1631
-1713
-1813
-1674
-1393
-1073
-725
-596
-505
-595
-738
-914
-1009
-1014
-826
-736
-686
-664
-845
-865
-927
-872
-814
-627
-302
-9
87
-27
-368
-793
-972
-850
-364
207
679
1127
1315
1306
1324
1279
1298
1432
1595
1656
1591
1357
1223
1160
1033
1030
1124
1252
1462
1616
1411
939
557
253
228
389
484
596
622
736
742
878
1017
940
871
438
201
70
-102
-112
-27
139
350
522
469
369
202
205
239
254
328
241
150
33
-206
-439
-601
-769
-850
-856
-636
-492
-436
-559
-677
-715
-768
-879
-1153
-1367
-1483
-1544
-1513
-1301
-1257
-1063
-836
-758
-708
-710
-833
-1041
-1114
-1130
-1116
-1168
-1297
-1287
-1176
-845
-678
-564
-404
-30
381
550
608
497
369
454
493
645
828
1034
1357
1560
1722
1604
1438
1196
991
867
676
658
761
835
875
923
938
860
