-0.0729321
0.88122
0.245118
0.245118
-2.61734
-4.20759
-6.11589
-4.84369
-3.88954
-1.34513
-3.25344
-3.25344
-6.75199
-6.43394
-6.75199
-4.20759
-3.88954
-1.66318
-2.93539
-2.29929
-4.52564
-3.57149
-4.20759
-2.29929
-0.709033
1.83537
1.19927
0.88122
-1.66318
-1.02708
-2.29929
0.88122
1.83537
5.65198
3.74367
2.78952
-1.98124
-4.20759
-4.84369
-2.29929
1.19927
3.74367
4.06173
0.88122
-3.57149
-7.07004
-7.3881
-5.16174
-1.02708
3.42562
3.74367
2.47147
-1.98124
-4.20759
-6.43394
-3.57149
-0.390983
5.65198
7.56028
9.46858
5.65198
2.15342
-2.29929
-0.390983
1.83537
8.51443
11.6949
13.2852
9.15053
6.28808
0.563169
-0.390983
-1.34513
3.74367
5.65198
9.15053
7.87833
5.65198
-0.709033
-4.84369
-7.70615
-6.75199
-4.20759
-1.66318
0.563169
1.83537
-0.709033
-8.0242
-12.1589
-11.8408
-12.1589
-10.2506
-1.98124
5.01588
-0.390983
-4.84369
-7.07004
-8.97835
-15.0213
-8.34225
0.563169
4.69783
2.15342
4.37978
2.47147
-7.07004
-12.4769
-7.07004
-0.0729321
1.51732
3.74367
7.87833
2.47147
-8.97835
-10.2506
-4.52564
-4.84369
-4.20759
4.69783
5.65198
-4.52564
-12.4769
-11.5228
-7.3881
-8.97835
-4.52564
6.28808
7.56028
-8.0242
-9.9325
-4.84369
-10.2506
-8.34225
6.28808
16.1476
6.28808
1.83537
3.42562
2.47147
-7.3881
0.88122
17.4198
20.6004
11.3769
12.331
13.9213
1.51732
-7.3881
4.37978
15.1935
11.6949
11.3769
18.6921
13.2852
-5.79784
-9.9325
1.83537
1.51732
-1.66318
8.19638
17.1018
7.24223
-9.61445
-8.34225
-3.57149
-15.3394
-13.4311
8.83248
10.4227
4.69783
0.88122
3.74367
-4.52564
-26.4711
-18.8379
7.24223
1.19927
-0.0729321
17.1018
14.8754
-5.16174
-20.7462
-11.5228
-3.88954
-16.6116
0.88122
23.4628
12.013
-3.25344
-12.795
-12.1589
-24.5628
-29.0155
5.33393
31.096
5.01588
-4.84369
5.01588
-26.1531
-37.2848
-25.1989
0.563169
19.0101
-1.98124
12.6491
18.6921
-23.2906
-37.2848
-14.7033
-5.47979
-8.34225
9.78664
32.0502
22.5087
-20.7462
-30.2877
-4.52564
-23.2906
-11.5228
33.3224
31.4141
19.6462
-8.34225
-11.5228
0.563169
-31.878
-8.0242
35.8668
19.0101
10.4227
11.3769
10.1047
-8.6603
-32.196
0.563169
26.0072
3.42562
10.4227
30.4599
3.42562
-24.5628
-14.0672
3.74367
9.46858
1.51732
19.3282
35.5487
-15.0213
-27.7433
2.78952
-8.0242
-5.16174
11.3769
23.1448
18.6921
-17.5657
-7.70615
13.6032
-24.2448
-18.2018
19.3282
10.4227
1.83537
-0.0729321
9.15053
-2.61734
-37.6029
-14.7033
19.0101
5.01588
-0.390983
15.5115
-1.02708
-25.835
-28.3794
-11.8408
8.83248
-1.98124
6.92418
20.6004
-13.113
-26.4711
-16.6116
-17.2477
-5.47979
-4.52564
8.51443
23.4628
-13.113
-6.11589
-4.84369
-37.9209
-15.6574
-3.25344
16.1476
22.5087
2.15342
13.2852
-15.0213
-40.7834
-15.3394
1.19927
5.01588
17.4198
38.4112
7.24223
-26.4711
-11.5228
-15.6574
-2.93539
2.15342
6.60613
40.3195
8.83248
-5.16174
15.8296
-14.0672
-22.6545
-14.3852
17.1018
37.457
0.245118
21.8726
18.6921
-37.9209
-30.9238
0.245118
26.9614
10.7408
17.4198
42.5458
2.78952
-36.0126
-21.0643
28.5516
-0.390983
-15.9755
36.5029
27.2794
5.33393
-6.43394
10.4227
13.6032
-46.5083
-21.3823
39.3653
13.2852
4.69783
18.374
18.6921
-15.0213
-51.2791
0.245118
15.8296
-0.0729321
3.74367
19.3282
21.5545
-49.3708
-15.3394
16.7837
-29.9697
-15.0213
-2.61734
25.3711
-1.66318
-20.4282
19.6462
-20.7462
-44.6
-39.1932
7.24223
24.0989
-31.878
31.7321
20.2823
-57.004
-25.517
-27.7433
10.4227
-8.0242
-25.1989
45.4083
-14.0672
-39.5112
-17.5657
14.2393
-9.61445
-71.9524
26.9614
11.6949
-28.3794
12.331
15.1935
25.0531
-56.3679
-42.3737
32.6863
-7.3881
-9.2964
25.0531
64.1733
-12.795
-68.4538
26.0072
-19.474
-35.6946
24.0989
17.4198
67.3538
-6.43394
-42.3737
68.626
-58.2762
-81.4939
69.8982
39.6834
46.3625
19.3282
41.2736
29.5058
-115.843
-19.474
43.1819
64.1733
47.3166
30.778
140.187
-65.5913
-99.6228
38.0931
-16.2935
64.8094
13.6032
78.4856
109.655
-74.8148
-33.7863
2.47147
29.5058
-52.5513
48.9069
140.823
-59.8664
10.7408
-55.7318
-67.8177
9.15053
-69.0899
80.0758
49.543
-21.0643
-7.70615
-89.7632
-35.6946
-42.0556
-7.70615
49.861
0.88122
11.3769
-50.0069
-46.8264
4.06173
-29.9697
20.2823
29.1877
-28.6975
1.51732
-39.1932
-63.0469
48.9069
-45.2361
-20.7462
94.7061
-108.21
-3.88954
-2.29929
-128.883
85.4827
-83.7202
-13.7491
125.875
-157.508
-8.6603
-9.9325
-158.78
25.3711
20.9184
-10.5686
80.3939
-12.4769
-114.889
-29.9697
-61.4567
-59.8664
68.944
66.3996
84.5285
-4.84369
-25.517
3.42562
-90.0812
35.5487
13.9213
60.6747
148.457
-25.1989
71.8065
-6.11589
-84.0383
35.5487
-80.2217
95.6603
135.735
-38.8751
87.0729
17.1018
-115.525
-6.75199
-6.43394
-16.2935
143.368
7.24223
-0.709033
79.1217
-132.7
17.4198
-21.7004
-23.2906
142.096
-66.2274
81.348
49.2249
-50.3249
14.5574
-102.167
131.918
-67.1816
-49.0527
257.548
-145.422
73.7148
81.6661
-241.473
157.68
-15.3394
-130.474
209.522
5.97003
-74.4968
9.78664
-46.5083
27.9155
-78.6314
3.10757
110.609
-175.001
58.4484
58.1303
-210.304
181.216
-58.9123
-182.634
204.434
-126.657
-88.491
94.3881
5.33393
-15.3394
-124.113
145.912
-91.3534
-182.952
255.322
-156.554
-50.961
174.219
-213.485
54.6318
125.875
-185.178
-25.517
142.732
-104.075
-113.617
169.13
20.6004
-116.161
5.65198
46.6805
-65.9094
-70.3621
116.334
-38.8751
-0.0729321
74.669
-158.462
56.8581
56.222
-133.336
66.7177
134.144
-131.746
-86.5827
187.895
-85.9466
-74.4968
168.176
-47.1444
-27.4253
65.7635
-52.5513
-6.75199
72.1245
-13.113
2.15342
87.0729
-0.390983
-52.2332
46.9986
48.2708
-99.6228
0.245118
168.494
-64.9552
-1.98124
155.772
-165.777
-9.2964
98.2047
-140.015
104.566
128.101
-39.5112
16.1476
17.4198
-88.491
-78.9495
114.743
-63.683
27.9155
220.972
-173.41
-2.93539
71.4884
-134.29
36.1848
-29.9697
106.474
35.8668
-71.9524
70.2162
-90.0812
34.5946
-84.0383
-45.2361
171.356
-105.666
109.655
20.9184
-129.838
84.8466
-176.909
65.1274
55.5859
-180.09
268.362
-70.6802
-209.35
189.167
-154.009
-56.6859
121.422
-142.56
108.064
51.7693
-183.27
88.6632
-48.4166
-98.0325
133.826
-51.9152
23.4628
47.9527
-116.161
49.543
-12.795
-48.4166
60.9928
9.46858
-34.4224
-14.7033
70.8523
-81.1758
-1.02708
102.339
-129.838
112.199
14.5574
-132.7
142.414
-109.482
-53.1874
106.792
-12.795
-0.390983
-7.07004
102.657
-108.528
-68.1358
104.566
-96.1242
68.944
52.0874
-64.0011
113.153
-146.058
-52.5513
122.695
-117.434
151.955
12.013
-15.6574
49.543
-84.0383
-49.0527
49.543
-30.6058
85.1646
48.2708
-10.2506
35.2307
-37.6029
-78.3134
29.5058
29.5058
-44.282
121.104
-109.8
86.1188
-17.8838
-200.127
204.434
-103.121
-91.3534
267.408
-131.428
-54.7776
174.537
-248.152
21.8726
74.669
-82.7661
75.6231
58.1303
-18.5199
-48.0986
12.013
-53.5054
-1.98124
22.8267
18.374
16.4657
-1.02708
22.5087
-114.571
54.3137
-76.087
87.709
4.69783
33.0043
-32.8321
-21.3823
13.2852
-67.1816
-14.7033
29.5058
77.5314
-95.8062
133.508
-164.505
63.8552
-62.4108
-77.9953
161.497
-98.0325
64.1733
35.2307
-86.2646
-18.2018
35.5487
-60.1845
43.1819
66.3996
18.374
-42.0556
95.0242
-106.938
-23.2906
95.6603
-86.2646
199.663
-122.84
26.0072
164.677
-291.725
157.998
-10.5686
-129.52
277.903
-141.605
-49.0527
217.156
-268.826
80.3939
65.7635
-120.932
161.179
-72.2704
97.5686
-66.2274
-63.0469
85.8007
-150.511
34.5946
129.056
-147.648
112.517
13.2852
-19.156
-54.4596
66.0816
-22.9726
-144.468
133.826
63.2191
-112.027
-32.5141
259.138
-317.169
70.2162
121.74
-223.981
288.399
-82.7661
-103.757
241.964
-223.662
-14.0672
50.8152
-117.752
41.2736
-24.8809
124.603
-51.5971
-15.6574
12.331
-114.253
-49.6888
-73.8607
153.545
-64.3191
0.88122
212.703
-279.321
144.64
-94.2159
-196.628
301.757
-161.961
-18.5199
368.866
-323.53
-41.7376
124.285
-202.353
16.1476
53.9957
94.07
92.1617
-48.7347
-13.113
-36.9668
-140.015
44.7722
-180.408
185.351
198.391
-204.579
165.949
145.912
-445.662
163.723
45.0902
-200.445
260.729
-93.8978
153.864
-70.9982
-115.207
31.4141
-108.846
140.823
-37.9209
31.4141
255.004
-216.347
-109.482
210.795
-202.671
-121.25
279.175
31.096
-107.892
218.746
-98.3506
-102.167
108.382
-169.276
72.1245
120.468
-21.7004
32.0502
4.37978
56.8581
-215.393
1.19927
160.861
-161.961
184.714
103.294
-155.918
66.3996
-60.1845
-141.605
64.8094
178.035
-129.838
93.4339
129.692
-281.23
127.783
-90.3993
-75.769
197.436
-101.849
67.3538
67.0357
-139.061
32.3682
-78.3134
-28.3794
-89.1271
162.133
-7.3881
-79.9036
297.304
-375.055
142.414
-20.7462
-214.121
285.536
-157.826
131.6
-32.196
-119.342
98.2047
-220.164
85.8007
93.4339
-138.107
189.485
-49.3708
-71.3163
65.7635
-39.8293
-155.6
86.7549
85.1646
-206.488
231.786
35.2307
-72.9065
-18.8379
5.01588
-2.61734
-110.755
151.319
-40.4654
32.6863
97.2505
-224.617
150.047
-70.3621
-102.485
141.778
-6.43394
97.5686
-120.932
168.812
-58.9123
-170.23
157.362
-137.471
38.7292
88.6632
-29.6516
181.534
-84.3563
-12.795
-47.4625
-123.477
181.852
-247.198
246.416
180.58
-400.817
441.063
-287.591
-162.915
361.233
-507.682
475.095
-81.1758
-219.846
384.768
-235.43
-43.3278
21.8726
-83.0841
66.3996
31.4141
-12.795
102.339
24.735
-123.159
-56.6859
55.5859
-85.6285
-80.5397
194.256
23.4628
-190.585
308.754
-312.717
159.27
-52.8693
-235.43
371.41
-309.218
231.468
72.7606
-197.9
233.694
-272.006
-68.1358
200.935
-253.877
289.035
23.4628
-20.4282
32.6863
-140.969
-2.61734
-127.611
98.5227
71.1704
-77.9953
292.852
-206.806
-76.087
166.904
-334.662
86.1188
85.4827
-6.43394
156.408
44.1361
-36.3307
-14.3852
-142.878
-7.3881
-105.666
215.565
-35.6946
-31.5599
245.144
-294.27
54.3137
36.8209
-159.098
164.995
-13.7491
33.0043
60.9928
-15.3394
28.5516
-155.918
154.182
-111.709
-107.256
230.196
-11.5228
-182.316
286.173
-137.153
-115.525
207.614
-335.298
294.442
-90.0812
-103.439
240.055
-98.3506
-5.47979
-39.1932
-26.4711
67.0357
-247.198
290.307
-104.075
22.1906
162.133
-318.123
305.574
-323.53
-55.4137
316.387
-290.135
229.56
67.0357
-188.995
161.815
-276.141
-7.07004
84.5285
-106.302
83.5744
127.465
-30.9238
15.8296
-3.25344
-170.548
112.835
-199.173
33.9585
204.434
-46.5083
86.4368
-106.62
122.695
-399.226
169.13
-4.20759
-104.712
419.436
-246.244
140.187
13.2852
-224.617
84.5285
-26.7892
-53.1874
147.821
-51.9152
76.8953
123.331
-310.172
303.347
-321.622
66.7177
120.468
-196.946
363.777
-97.3964
-83.0841
247.688
-319.396
91.2076
-55.0957
-124.113
272.178
-246.88
399.399
-152.737
7.24223
101.703
-401.771
241.645
-164.823
-63.0469
430.249
-263.101
200.935
-40.4654
-320.986
280.448
-359.152
250.869
56.8581
48.5888
88.9812
-169.594
109.655
-301.903
86.4368
-44.282
58.7664
12.013
65.1274
49.2249
-40.1473
-30.2877
9.46858
-115.207
-1.34513
-9.61445
94.07
16.4657
78.4856
83.5744
-280.594
156.09
-262.465
-22.0184
350.419
-366.149
585.776
-271.37
-75.1329
229.242
-581.787
448.378
-302.221
134.462
461.418
-572.246
648.114
-451.069
-276.459
503.719
-702.647
673.24
-121.886
-29.3336
347.556
-547.12
332.29
-416.719
164.995
98.8408
-89.4451
363.141
-236.703
-23.6087
10.7408
-231.932
149.093
-4.84369
29.1877
181.216
-181.68
56.5401
-62.7289
-138.107
142.732
-45.5542
-60.8206
354.553
-434.212
234.33
-11.8408
-358.516
496.404
-301.903
141.46
68.944
-228.751
149.729
-143.196
53.3596
81.6661
-11.8408
67.9899
-62.7289
58.1303
-161.643
9.15053
65.7635
-53.5054
79.7578
140.187
-89.1271
-59.8664
110.927
-244.654
121.74
86.4368
-128.565
292.852
-240.201
89.2993
36.1848
-256.104
305.574
-303.811
291.579
-167.368
98.2047
104.566
-238.293
198.073
-138.743
-125.703
216.52
-217.301
227.015
-2.93539
-88.491
166.904
-262.465
96.6144
-186.769
102.021
163.723
-130.474
213.657
-100.259
-194.402
110.609
-231.296
171.356
100.749
-71.6343
189.167
-163.869
-84.0383
-25.835
-26.7892
91.2076
-35.6946
175.491
-67.8177
-56.3679
9.46858
-162.279
245.78
-268.508
239.419
100.431
-262.147
187.577
-98.0325
-139.379
235.603
-135.881
103.93
168.176
-337.207
120.15
50.4971
-238.611
236.557
171.992
-250.697
171.674
-154.327
-108.528
60.9928
15.8296
155.454
19.9643
-39.5112
69.8982
-413.221
367.275
-336.252
194.256
258.82
-271.37
256.912
-199.491
-63.365
-105.666
105.52
-38.8751
-22.9726
262.319
-80.8578
-99.9408
155.772
-287.909
15.5115
125.557
-128.247
174.855
144.004
-288.545
164.995
-182.952
-111.073
186.623
-50.643
198.073
-138.107
185.032
-328.619
90.5715
-47.1444
79.1217
149.093
-92.6256
119.196
-251.651
20.9184
-25.835
-48.4166
210.158
25.6892
-93.5798
171.356
-219.846
-36.3307
58.7664
-24.8809
37.457
241.009
-209.986
109.336
-148.603
-160.688
112.517
41.5917
-59.8664
372.364
-179.772
-33.7863
17.7379
-320.668
128.101
25.3711
89.9354
196.8
-74.8148
-87.8549
-72.5885
-220.482
203.797
11.0588
88.0271
125.875
-255.786
101.703
-229.705
123.967
16.4657
175.491
-48.7347
-38.8751
-31.2419
-140.015
-20.4282
152.591
-157.508
317.342
-207.442
45.4083
-15.0213
-124.749
71.8065
22.1906
35.2307
37.139
28.2336
-39.5112
-178.181
124.603
-158.462
99.4769
109.655
-10.8867
152.591
-185.496
42.2278
-224.935
37.139
87.391
2.15342
164.995
105.52
-258.012
109.655
-160.052
-121.568
236.875
-97.0784
53.0415
204.752
-282.82
216.52
-192.175
35.2307
-10.2506
-69.408
156.408
-110.118
164.677
-46.1903
-120.614
108.064
-224.299
119.196
10.4227
14.8754
146.548
-188.359
183.442
-130.474
-216.983
287.127
-277.095
221.608
8.51443
-57.322
170.402
-188.677
41.2736
-63.0469
-23.6087
-63.365
59.7206
102.339
6.28808
53.9957
-19.156
-38.8751
-151.783
55.2679
-114.571
207.296
-67.1816
72.4426
68.944
-112.027
-34.7404
-1.02708
-75.769
117.924
-125.067
130.646
120.15
-235.748
212.703
-44.6
-186.451
144.004
-191.539
152.273
77.2134
-161.643
355.19
-346.112
137.643
-47.1444
-177.227
339.923
-327.347
221.29
-2.61734
-104.075
114.743
-119.978
44.1361
65.1274
-209.986
271.224
-88.809
-25.517
200.299
-342.931
260.092
-207.76
-125.067
381.27
-283.138
269.952
-41.7376
-166.731
217.156
-381.734
274.087
10.1047
-163.869
292.534
-281.866
136.689
-11.8408
-102.167
198.709
-179.772
152.591
-217.301
101.703
14.5574
-48.4166
42.5458
172.629
-281.548
194.892
-94.852
-132.064
234.012
-235.43
144.958
72.4426
-112.663
121.422
-196.31
74.3509
-51.2791
-129.838
367.594
-251.969
228.287
-111.073
-177.545
120.468
-154.964
15.1935
295.714
-249.425
297.304
-347.384
152.273
-147.33
-115.525
360.596
-252.923
256.276
-35.6946
-260.556
284.264
-323.848
68.944
209.84
-232.886
210.158
-97.3964
-0.709033
3.74367
-57.6401
-15.3394
152.591
-211.259
244.508
-241.155
142.732
-64.0011
-97.0784
226.061
-118.706
4.06173
101.385
-252.923
223.199
-210.304
223.199
-69.726
34.9126
38.4112
-325.439
348.51
-368.057
333.562
2.78952
-66.2274
144.958
-198.218
-10.5686
-73.8607
142.732
-82.448
114.425
171.992
-268.826
183.76
-251.651
115.379
-121.25
140.823
100.749
-137.153
360.596
-491.461
227.651
-62.7289
-188.041
260.729
-15.0213
53.9957
-44.282
10.7408
-18.5199
-169.912
177.081
-2.93539
-166.413
405.123
-471.742
324.975
-42.0556
-206.17
236.875
-109.8
-51.5971
15.5115
88.3451
-90.0812
156.726
-73.2246
21.8726
-26.7892
-142.878
137.325
-159.734
211.749
-28.6975
-91.6715
326.565
-514.679
327.519
-283.456
137.325
14.5574
29.5058
186.623
-218.256
221.926
-309.218
85.1646
-54.4596
-68.7719
206.024
-37.9209
95.3422
-88.1729
-29.0155
-64.6372
-139.061
224.789
-193.13
276.313
16.4657
-235.43
386.359
-492.415
228.923
-156.236
15.1935
71.8065
-107.574
255.64
-124.431
-1.98124
64.8094
-147.648
7.56028
-21.3823
102.657
-83.4022
318.932
-375.373
270.27
-176.273
-337.207
483.364
-502.275
502.129
-123.159
7.24223
148.775
-281.866
74.0328
-54.1415
-39.8293
72.1245
36.5029
68.3079
-57.9581
75.3051
-152.101
60.0386
-164.823
103.612
98.8408
-55.7318
128.101
-86.9007
15.5115
-88.1729
7.24223
42.2278
44.1361
-29.9697
-8.0242
61.6289
-168.64
130.328
-43.3278
-87.8549
201.253
-259.284
266.771
-156.872
126.829
-0.709033
-147.012
151.319
-301.903
272.178
-103.757
-69.408
365.685
-413.539
275.359
-43.6459
-247.198
314.797
-179.453
-61.4567
227.333
-268.508
230.196
-134.926
25.0531
128.419
-214.439
149.411
3.74367
-173.41
335.152
-243.382
38.7292
170.402
-343.249
198.073
-18.5199
-188.359
331.018
-281.23
152.909
-6.43394
-3.57149
26.6433
-133.336
267.408
-344.84
152.591
164.677
-188.995
88.9812
25.3711
-276.459
218.746
-85.3105
44.4541
150.683
-65.2733
-63.365
-71.3163
130.964
-137.789
66.3996
188.213
-258.966
13.2852
182.17
-173.41
47.3166
244.508
-424.988
291.579
-20.1101
-382.37
663.381
-367.421
-102.485
334.198
-339.433
80.0758
-10.8867
129.056
-200.127
224.789
-75.769
-20.1101
126.193
-218.574
27.9155
-42.6917
76.5773
-20.4282
73.0787
115.379
-209.986
-98.3506
279.812
-368.057
228.923
101.385
-221.436
177.081
-33.4682
-104.075
118.56
-53.8235
-257.376
295.714
-115.843
-59.5484
411.166
-277.731
-1.98124
-86.5827
98.2047
-341.977
360.596
66.3996
-231.614
368.548
-246.562
-117.752
178.671
-247.198
40.3195
187.577
-42.6917
240.373
-174.365
33.6404
-220.482
-218.574
340.559
-219.528
452.195
61.3108
-367.103
246.416
-349.929
-116.797
413.393
-96.1242
-0.0729321
343.422
-396.364
5.65198
153.545
-338.161
269.316
-32.196
75.9412
116.97
-131.746
85.8007
-188.359
-68.1358
219.064
-39.1932
-28.6975
236.557
-343.568
52.7235
83.8924
-92.3076
146.23
80.7119
-359.47
229.56
19.6462
-374.1
563.831
-280.594
-8.6603
246.734
-385.232
279.812
-80.2217
-46.5083
-55.4137
55.904
122.058
-110.118
87.391
-54.1415
-124.113
-34.1043
164.359
-139.697
225.425
-13.4311
-311.126
329.746
-296.496
144.322
9.46858
-158.78
144.322
-177.863
158.952
-145.74
187.895
-68.7719
-307.31
390.493
-185.496
-69.0899
289.989
-313.035
242.918
-197.264
60.3567
-14.3852
-39.8293
46.6805
-50.3249
210.477
-92.3076
34.5946
-18.2018
-180.408
92.4798
-106.62
213.339
-40.7834
-27.4253
158.316
-291.407
202.525
-39.1932
-174.365
201.571
-190.267
170.402
12.6491
78.4856
-97.7145
1.51732
-136.517
-83.4022
185.351
-38.5571
202.525
46.0444
-125.067
74.987
-248.47
82.6202
-29.3336
150.047
-1.34513
67.9899
114.107
-180.09
23.4628
-194.084
-4.84369
175.173
-98.6686
214.293
124.921
-311.444
113.789
-141.605
-153.373
357.734
-320.032
289.671
83.2563
-271.688
207.614
-346.43
56.222
123.013
-98.9867
239.419
157.044
-309.218
113.471
-75.1329
-198.218
316.705
-98.0325
-67.1816
187.577
-249.107
57.8123
240.055
-326.711
224.789
-112.345
-221.118
250.233
-49.6888
86.7549
-118.706
95.6603
-212.849
75.9412
-17.5657
-12.1589
148.457
-227.797
253.413
-288.545
328.791
-198.218
-93.2617
351.373
-447.888
306.21
141.142
-116.161
10.4227
-25.835
-88.809
-72.9065
239.101
-167.368
215.565
27.9155
-292.679
35.8668
145.594
-232.568
84.2105
220.018
-244.336
60.3567
9.46858
-75.769
17.7379
-60.1845
62.9011
36.5029
31.7321
-65.9094
7.56028
128.738
-243.7
185.032
167.858
-181.998
135.735
-64.9552
36.5029
-102.803
124.285
-9.2964
-50.961
216.201
-291.725
77.8495
113.789
-243.382
45.4083
190.121
-203.307
-7.07004
237.829
-503.865
370.774
-146.058
-170.548
359.96
-294.27
78.4856
19.6462
-66.8636
60.0386
5.65198
38.7292
36.8209
-158.78
250.551
-165.777
-93.8978
351.055
-203.625
137.643
25.0531
-101.213
44.4541
-79.9036
27.9155
94.7061
78.8036
-199.173
123.013
-196.628
41.5917
-45.2361
-15.9755
244.508
-330.209
277.585
-266.917
0.245118
126.511
-235.112
193.938
1.83537
-28.0614
59.0845
-0.0729321
-90.7173
107.746
-100.577
57.8123
138.279
-101.849
204.752
-154.964
84.2105
-8.97835
-102.167
96.9325
55.2679
-47.4625
52.4054
51.1332
-133.018
120.468
-162.279
22.8267
82.3022
-204.897
137.961
-17.5657
-18.8379
18.374
-15.0213
-46.5083
-68.4538
-18.5199
58.4484
75.6231
-6.43394
82.9383
-98.0325
-59.2303
13.6032
-80.5397
114.107
95.3422
-67.8177
108.7
-75.769
-99.3047
97.5686
-127.293
83.2563
41.2736
-18.2018
29.8238
-19.7921
-26.7892
-87.8549
-1.34513
-9.61445
-13.7491
86.4368
-43.3278
60.6747
-140.651
43.5
-48.4166
-43.9639
146.548
-107.574
93.4339
-5.16174
-59.5484
98.8408
-38.239
4.69783
37.7751
-43.0098
18.056
63.5372
-32.196
117.606
-100.577
-12.795
48.5888
-131.11
152.909
-40.1473
-13.113
115.697
-148.284
-13.4311
40.3195
-133.972
113.471
8.51443
-14.0672
36.5029
-50.3249
-30.6058
-63.0469
-18.8379
28.5516
54.9498
40.6375
2.15342
-29.0155
-118.706
-43.3278
-14.0672
58.4484
44.4541
2.47147
28.8697
-102.803
-113.935
-32.196
-42.3737
23.1448
119.196
-63.683
26.6433
-10.2506
-171.502
46.0444
-54.1415
71.1704
87.0729
-5.47979
117.606
-88.1729
-5.47979
-35.6946
-77.3592
131.918
18.6921
156.726
108.382
7.56028
12.331
-56.6859
-6.11589
83.8924
64.1733
134.144
148.139
4.06173
17.1018
-77.9953
13.2852
17.7379
22.1906
156.09
28.8697
29.8238
-2.61734
-97.3964
-42.3737
-107.892
12.331
52.4054
11.6949
103.93
-57.6401
-101.213
-110.118
-175.637
21.2365
-13.7491
60.9928
14.8754
-80.5397
-90.0812
-133.336
-69.726
-57.322
-46.8264
-39.8293
-52.5513
-84.3563
-67.1816
-139.061
-161.961
-141.287
-216.665
-73.5426
-73.8607
-55.0957
-94.5339
-196.946
-205.852
-215.711
-77.9953
-107.256
-75.769
-62.0928
-84.3563
-61.1386
-101.849
-84.0383
-139.697
-143.196
26.9614
105.838
270.588
241.009
127.465
47.3166
-39.1932
121.74
325.929
474.459
497.04
412.757
308.754
209.204
260.092
286.173
385.086
485.272
447.742
470.642
364.413
231.15
88.3451
-21.0643
62.9011
149.093
261.683
245.462
59.7206
-170.866
-340.069
-431.031
-332.436
-146.694
-121.25
-90.0812
-252.287
-416.083
-469.198
-528.355
-450.114
-376.327
-257.694
-137.789
-102.485
-178.817
-269.78
-333.39
-332.436
-217.301
-118.07
116.97
256.594
183.76
60.0386
-188.677
-208.714
-147.648
-106.938
67.9899
98.2047
151.001
11.3769
-159.734
-206.806
-374.418
-366.785
-358.834
-212.213
24.735
232.104
276.313
-119.66
-611.684
-797.108
-456.794
120.468
705.363
866.933
623.306
79.7578
-425.307
-295.86
41.9097
588.321
865.343
886.97
807.776
392.083
237.511
9.46858
-150.193
-64.0011
270.906
906.371
880.927
386.359
-235.748
-804.741
-870.259
-623.134
67.3538
494.496
255.004
-142.56
-679.429
-861.672
-805.059
-558.888
-126.339
-35.6946
151.319
241.645
132.554
-56.3679
-367.739
-163.551
167.858
560.968
958.85
993.199
884.426
431.84
208.25
331.654
501.493
782.65
872.658
903.191
717.449
357.734
114.107
-147.012
-204.261
-58.5942
32.3682
-16.2935
-285.682
-632.994
-1000.66
-1286.91
-1264.01
-1049
-852.448
-861.672
-1034.37
-1229.97
-1360.69
-1343.52
-1197.22
-961.858
-895.703
-895.385
-814.918
-737.632
-370.92
204.116
537.751
194.574
-424.352
-310.49
364.731
1209.47
1821.08
1878.33
1588.91
801.096
343.74
635.392
1357.05
2107.33
2097.79
1833.17
1231.74
503.719
286.173
151.319
96.6144
168.176
689.461
1079.39
430.249
-728.409
-1595.1
-1886.43
-1709.59
-1016.88
-148.921
82.3022
-675.93
-1722.95
-2182.54
-1955.45
-1301.85
-571.292
-87.5368
-28.3794
-143.196
-117.434
-22.0184
-86.2646
-54.7776
504.673
1253.05
1661.74
1711.36
1678.28
1452.78
1060.94
969.027
1454.05
1959.44
1905.69
1719.31
1350.05
883.79
296.986
-131.11
19.0101
-8.0242
8.83248
-85.9466
-439.301
-972.99
-1865.44
-2293.54
-2236.29
-1851.45
-1427.48
-1375.64
-1641.53
-2186.03
-2582.01
-2510.76
-2083.3
-1648.85
-1253.19
-847.996
-580.515
-680.383
-988.892
-1060.14
-859.446
-358.198
615.037
1933.67
2736.12
2116.55
457.284
-550.3
106.474
1877.38
3504.53
4065.89
3563.37
1961.34
331.972
84.5285
865.979
2017
2586.95
2369.4
1614.67
206.978
-647.624
-1079.22
-1509.22
-1354.97
-706.145
448.696
395.264
-1049.64
-2497.09
-3477.32
-3352.33
-2560.38
-972.99
317.342
-4.20759
-1291.04
-2459.56
-2421.71
-1651.71
-504.819
671.65
1161.45
1050.77
842.761
819.225
668.787
671.014
1267.99
2179.85
2766.65
2862.38
2656.6
2183.34
1565.05
1132.51
1367.86
2061.21
2313.11
1878.65
1329.06
756.569
-147.012
-929.099
-1040.42
-780.251
-641.899
-726.818
-1189.9
-2045.14
-2799.87
-3131.92
-3128.42
-2788.42
-2104.3
-1697.19
-1981.21
-2527.3
-2725.77
-2520.31
-2183.81
-1594.78
-912.878
-436.756
-327.665
-305.401
-379.189
-444.39
-153.691
293.488
883.472
1274.67
2195.43
3098.38
2777.14
1395.21
-137.471
389.221
2013.82
3582.45
4348.63
3607.26
2360.18
124.921
-867.397
181.534
1599.4
2831.21
2144.22
1071.44
-245.29
-1788.47
-1811.37
-2039.73
-1650.76
-972.99
-241.473
546.02
-1129.15
-2997.38
-4075.57
-3814.14
-2064.86
-839.09
730.489
633.484
-1207.07
-2462.42
-2885.75
-1361.33
199.663
1358.32
2223.42
1438.47
807.457
381.27
359.324
845.305
1276.9
2737.07
3681.68
3228.46
2233.28
1219.65
1068.26
1039.95
1461.69
2882.1
3169.3
2046.58
399.399
-690.561
-762.122
-1078.9
-660.346
179.944
-11.5228
-957.087
-2265.55
-2969.07
-3294.44
-3205.7
-2320.25
-1569.65
-1625.31
-2164.73
-2563.88
-2811
-2877.16
-2501.54
-1363.56
-358.198
-152.737
-398.272
-545.212
-664.163
-887.116
-300.949
735.578
1719.94
1532.29
805.867
369.82
504.037
2029.73
2841.39
2660.1
1077.8
172.629
1157.31
2091.75
3257.72
2985.47
2280.35
852.303
-649.85
-76.4051
861.526
2065.98
1640.75
344.058
-333.708
-1257.01
-1294.54
-1713.09
-1961.49
-1267.19
-720.457
144.322
-649.85
-2421.39
-3241.33
-3443.61
-2042.91
-594.509
477.003
852.621
-775.162
-2030.83
-2299.9
-1251.28
539.977
1352.28
1924.13
1478.86
691.369
478.911
365.685
963.302
1503.03
2310.25
3177.89
2919.31
2330.28
1544.7
1035.5
1031.37
1157.95
2095.88
2659.15
2074.25
952.17
-341.659
-834.32
-1162.55
-1078.58
-313.671
-147.012
-621.544
-1923.01
-2949.04
-3236.87
-3265.18
-2465.92
-1870.53
-1680.97
-1871.16
-2328.84
-2366.69
-2700
-2412.49
-1534.98
-699.466
-59.5484
-184.542
-168.322
-658.438
-916.059
-194.084
762.294
1829.99
1704.04
1144.27
353.281
135.735
1851.3
3243.72
3205.88
1332.56
-62.7289
750.526
1755.25
2939.99
3093.29
2520.16
1221.88
-792.973
-539.805
571.782
1665.56
1648.07
276.631
-461.882
-1469.78
-1580.15
-1397.27
-1895.65
-1671.11
-1059.5
-28.6975
-403.997
-2481.82
-3646.84
-3604.22
-2266.82
-642.853
538.069
1100.38
-360.742
-2084.58
-2468.15
-1220.11
816.363
1702.77
2179.85
1779.42
791.555
515.487
688.825
1538.97
2045.63
2819.45
3712.21
3088.52
2166.17
1239.05
1006.56
1448.33
1922.22
2981.65
2945.39
1819.18
26.6433
-1438.93
-1212.48
-715.051
-42.0556
80.3939
-532.49
-1669.84
-3034.91
-3282.99
-3157.68
-2598.23
-2075.99
-2065.49
-2228.97
-2730.22
-2989.43
-3042.86
-2820.23
-1978.35
-1206.12
-632.357
-283.456
-693.741
-749.4
-971.399
-445.98
696.14
1177.03
1950.53
1084.8
648.432
287.763
1014.83
3723.03
4007.36
3042.72
246.098
-324.166
1543.43
2582.82
4140.95
3466.68
2323.92
188.213
-1422.08
148.457
1319.84
2210.06
1295.67
-368.057
-950.408
-2011.74
-1856.85
-1922.69
-2167.27
-1236.34
-651.122
63.2191
-1331.75
-3539.66
-3956.94
-3302.39
-1278.64
261.683
1000.83
454.103
-1833.95
-2855.85
-1930.96
0.88122
2042.77
2325.51
2499.8
1400.94
531.39
657.02
989.064
2298.16
2860.16
3654.65
3546.83
2415.84
1396.81
674.83
1394.26
2004.28
2546.88
2740.57
2000.15
200.299
-1516.86
-1576.01
-769.755
-239.565
-553.163
-882.345
-1777.98
-2985.93
-3836.08
-3710.77
-2630.67
-2168.22
-2084.26
-2521.58
-2761.07
-2990.07
-3027.6
-2520.62
-2089.67
-1374.05
-946.273
-302.221
-406.542
-792.973
-796.472
-306.038
844.033
1254
1925.72
1560.6
912.732
557.47
1394.58
3856.61
4410.97
3123.18
523.756
125.557
1779.1
3189.66
4132.04
3303.52
1926.04
-288.227
-1076.67
376.499
1510.67
2368.13
953.761
-210.304
-1377.87
-2321.84
-1988.53
-2233.74
-1841.27
-1548.34
-954.225
-590.693
-2160.91
-3769.29
-4115.01
-3106.47
-1322.85
39.3653
709.18
-60.8206
-2103.66
-2756.94
-1536.26
822.724
2603.17
2871.92
2443.51
1189.44
544.748
848.804
1758.75
3017.59
3595.81
3980.01
3549.37
2433.01
1534.52
1034.55
1649.02
2293.71
2658.51
2672.51
1587
134.144
-1369.28
-1632.31
-761.168
-297.768
-323.212
-1281.82
-2393.72
-3393.35
-4079.39
-3482.73
-2686.65
-2203.85
-2620.81
-3424.84
-3330.06
-3185.03
-2871.12
-2613.49
-2159
-1431.3
-1161.59
-630.767
-610.412
-865.807
-537.896
120.468
1138.87
1597.5
1580.32
1475.05
793.145
986.202
2497.58
4045.85
4426.55
2005.87
44.1361
667.833
2538.61
4519.11
4181.97
3245.95
1394.9
-944.683
-766.575
658.61
2520.48
2151.54
276.631
-830.185
-2229.93
-2393.4
-2235.65
-2157.73
-1716.27
-1684.79
-846.724
-1354.33
-3274.4
-4317.29
-4198.34
-2289.08
-660.664
219.7
448.378
-921.147
-2258.87
-2531.44
-862.626
1794.05
2858.88
2593.95
1679.23
738.122
668.469
1169.72
2683.32
3787.91
3788.23
3701.08
2746.29
1996.33
1416.84
1551.06
2469.27
2678.55
2792.41
2018.28
881.245
-467.607
-1472.65
-1009.25
-269.144
17.4198
-952.634
-2261.73
-3156.72
-3726.35
-3626.17
-3032.69
-2410.9
-2507.27
-3337.38
-3902.24
-3484.32
-2887.34
-2398.17
-2296.4
-2155.5
-1540.39
-1313.94
-779.933
-393.501
-311.126
66.0816
350.419
1199.93
1583.5
1355.78
1368.5
943.901
1330.65
2751.7
4309.19
4339.73
1642.02
-142.56
736.85
2980.38
4694.99
4288.84
3042.08
893.649
-1262.73
-1054.73
774.698
2769.19
2607.94
278.857
-1388.36
-2523.49
-2619.54
-2171.09
-2106.84
-1443.07
-1333.66
-1075.08
-1858.12
-3905.73
-4500.81
-3833.85
-1686.7
-266.599
63.2191
-153.373
-1664.43
-2595.68
-2238.19
-126.021
2182.07
2760.29
2120.05
1045.68
337.697
723.81
1755.25
2835.03
3550.33
3556.05
3621.25
2696.68
1727.26
1367.54
1578.09
2597.45
2933.63
3428.19
2368.45
348.192
-1202.94
-1705.14
-261.192
332.29
417.209
-784.068
-2668.2
-3520.26
-3792.83
-2883.84
-2424.25
-2313.57
-2455.11
-3389.22
-4035.5
-3803
-2804.96
-1983.12
-1981.53
-2120.52
-1872.12
-1619.59
-1093.53
-627.905
-98.0325
251.823
393.992
969.663
1212.34
1293.76
1030.41
1056.81
1569.82
2687.77
4275.8
4284.7
2148.99
-540.759
-6.11589
2814.99
4868.33
4839.38
3190.61
1386.95
-1212.48
-1657.75
503.719
2953.03
3384.94
902.555
-1202.3
-2550.84
-2776.65
-2207.98
-1616.41
-660.028
-663.526
-1134.24
-2182.22
-3885.06
-4584.14
-3718.4
-1396.31
315.433
204.434
-613.911
-2025.1
-2984.34
-2551.79
-510.226
2229.46
2958.75
1890.1
488.771
-279.639
333.244
1325.56
2634.98
3762.47
3755.47
3396.71
2192.89
1177.03
1238.73
1784.51
3022.68
3280.3
3064.66
2229.14
412.757
-711.234
-911.606
482.728
1371.36
699.002
-764.03
-2478.96
-3245.14
-3379.68
-2573.1
-1691.47
-1746.49
-2633.21
-3718.72
-4212.65
-3914.64
-2786.51
-1753.8
-1500.95
-2048.95
-2382.91
-2230.24
-1774.16
-1207.39
-441.527
194.256
237.193
418.164
395.264
941.357
1061.26
1102.93
1444.19
1595.59
3117.14
3652.74
3187.43
1118.19
-466.971
1223.47
3198.24
5000
4294.25
2440.65
694.55
-1466.29
-705.827
1403.48
3432.65
3203.97
131.282
-1782.11
-2796.06
-2420.76
-1282.45
-868.351
-195.992
-854.675
-1821.55
-2873.66
-4248.59
-3641.75
-2289.4
-588.785
208.568
-842.907
-1666.34
-2732.76
-2941.09
-1435.44
411.803
2264.45
1989.33
547.928
-11.5228
-217.301
814.455
1914.91
2850.93
3490.53
2732.94
2186.52
1603.54
1398.4
1978.2
2496.62
3340.09
3250.09
2486.45
1684.96
469.37
-3.25344
131.282
805.867
1284.22
360.278
-1067.45
-2387.36
-2824.68
-2344.42
-1726.77
-1550.57
-2037.5
-2954.13
-3798.87
-3919.41
-3384.77
-2390.22
-1917.6
-1985.98
-2380.05
-2484.68
-2252.19
-1711.18
-711.552
-316.851
206.66
-236.385
-43.6459
383.496
598.498
1500.49
1056.17
1657.92
1268.63
1996.33
3631.43
3207.15
2357.32
-246.244
654.157
2835.35
3770.42
4305.06
2520.48
1504.31
-570.02
-1382.64
915.277
2624.48
3322.92
1189.12
-1405.22
-2413.76
-3045.41
-1665.07
-417.355
-25.1989
-108.21
-1821.23
-2686.65
-3702.5
-3937.54
-2144.37
-982.213
-45.8722
-828.595
-2070.26
-2178.72
-2794.47
-1692.42
89.9354
1514.8
2038
306.21
-176.909
-90.7173
426.433
1745.71
2398.03
3590.4
2859.84
1618.49
1450.87
1460.73
2441.6
2399.62
2786.05
3193.47
2288.62
1699.59
840.535
875.52
845.942
472.232
1060.94
737.804
-137.153
-1602.41
-2395.63
-1733.13
-1706.73
-1664.11
-1882.3
-2360.96
-3069.26
-3878.7
-3246.1
-2351.74
-2147.55
-2303.4
-2676.15
-2675.83
-2535.57
-2034.64
-996.525
-644.443
-561.432
-837.5
-592.283
444.244
670.696
1269.27
1206.61
1040.59
1148.09
807.457
2614.62
3662.92
3176.3
1867.52
-298.722
848.168
2212.29
3396.39
4335.59
2640.7
1656.65
-840.999
-1404.27
825.268
2295.62
3635.25
1251.77
-1036.6
-2476.41
-3206.66
-1220.11
-295.542
503.719
45.4083
-1851.76
-2986.89
-4109.6
-3285.22
-1112.93
-128.247
286.173
-923.374
-2084.58
-2214.66
-2656.75
-920.511
807.776
1907.28
1686.87
-316.215
-512.134
-658.12
361.233
1860.52
2451.46
2989.28
1757.79
995.107
891.423
972.844
1869.75
2473.41
2875.42
2574.86
1533.25
1021.19
744.483
501.175
907.325
1343.05
1660.79
861.844
-598.962
-1395.36
-1818.05
-1413.17
-1047.41
-772.936
-1055.68
-2325.34
-3274.4
-3530.43
-2773.47
-1980.57
-1802.78
-2020.33
-2492.64
-2720.68
-2459.24
-1871.48
-1233.15
-794.245
-731.271
-583.06
-498.14
-122.522
391.765
588.003
859.3
817.635
1018.01
1155.09
1330.65
2201.47
2576.77
2367.5
1203.75
379.997
1174.17
2113.69
3123.5
2894.82
1881.2
727.627
-858.809
-484.464
875.202
2373.54
2409.48
283.31
-1388.05
-2517.13
-2013.97
-621.226
281.084
619.808
-461.246
-1725.82
-2587.41
-2749.3
-1536.89
-197.582
457.602
63.2191
-1124.06
-1427.8
-1452.29
-974.262
143.686
916.231
1546.93
694.231
-89.1271
-305.72
-282.184
736.214
1291.53
1956.57
1674.46
834.492
567.329
107.428
556.516
1154.45
1856.71
2078.39
1061.9
456.012
36.8209
65.7635
459.828
791.873
1348.78
774.062
-354.381
-1160.32
-1415.72
-723.638
-344.522
-266.599
-695.968
-1688.29
-2241.69
-2401.67
-1823.77
-1173.36
-1128.2
-1278.64
-1778.61
-2042.28
-1923.32
-1532.44
-705.827
-325.757
-248.788
-515.633
-748.764
-410.358
-145.74
540.613
898.42
935.95
844.987
421.344
488.453
504.355
1246.05
2037.04
1854.8
1090.52
15.8296
68.944
709.498
1381.86
1794.05
1394.26
563.513
-675.294
-1204.53
-364.241
754.025
1220.92
607.404
-531.217
-1378.5
-1775.43
-1120.25
-88.809
379.679
352.009
-269.144
-777.389
-1222.34
-1137.1
-192.812
551.745
1008.15
799.824
282.356
-159.734
-524.22
43.5
997.334
1753.98
1680.51
733.352
166.268
-127.611
126.193
815.091
1335.42
1423.84
590.547
-149.875
-456.157
-311.444
241.645
435.656
418.164
51.1332
-394.456
-606.595
-692.469
-485.1
-388.095
-343.249
-231.296
-391.593
-662.572
-986.984
-1058.23
-780.251
-603.733
-443.753
-570.02
-882.345
-1087.81
-1145.69
-691.833
-326.393
-292.679
-488.917
-735.724
-563.022
-337.843
-8.97835
283.628
311.617
303.665
229.56
406.078
565.103
629.667
849.122
967.119
1074.3
924.5
708.862
582.278
404.169
626.805
917.185
987.474
551.109
-230.66
-514.043
-466.653
-161.325
151.001
115.697
-283.138
-1119.61
-1567.11
-1288.18
-739.222
-251.333
-269.78
-584.65
-1057.91
-1425.26
-1132.97
-574.472
51.1332
367.912
203.797
-58.5942
-374.418
-164.823
421.662
1007.19
1385.04
1215.52
1033.59
859.936
836.082
1134.1
1456.6
1721.22
1532.61
1178.3
962.348
796.326
822.724
775.334
695.822
590.865
356.144
126.193
-219.846
-474.604
-587.83
-637.446
-592.283
-673.386
-846.087
-1095.44
-1321.57
-1337.48
-1230.29
-1071.9
-1015.61
-1089.71
-1133.61
-1144.74
-1080.17
-977.124
-876.302
-691.515
-531.217
-400.499
-342.295
-348.338
-272.642
-144.468
114.743
390.493
569.238
649.068
576.235
538.387
630.939
879.337
1171.31
1303.3
1280.08
1101.02
913.686
869.159
953.443
1083.84
1074.3
922.592
683.736
437.883
259.456
114.107
15.8296
-94.2159
-229.705
-388.095
-581.151
-789.792
-1004.48
-1143.46
-1195.94
-1191.49
-1170.18
-1165.41
-1190.54
-1247.79
-1279.91
-1220.43
-1054.73
-832.411
-602.779
-418.946
-298.404
-230.66
-133.336
58.1303
310.662
591.819
838.308
1005.92
1036.45
983.657
1009.42
1149.36
1357.68
1484.59
1476.32
1375.81
1195.16
1033.27
921.002
893.331
904.781
802.687
589.275
300.167
57.8123
-90.0812
-211.895
-300.631
-428.805
-585.286
-746.538
-885.844
-938.004
-997.798
-1078.26
-1154.6
-1181.31
-1079.85
-951.362
-887.116
-940.548
-1029.6
-966.311
-748.128
-468.561
-267.235
-202.353
-217.62
-240.201
-166.095
62.583
392.72
667.515
751.799
653.203
524.711
535.524
742.257
1038.04
1229.19
1207.88
1011.65
777.561
659.246
718.403
878.065
970.935
864.389
566.057
226.061
14.8754
-22.3365
19.3282
12.9671
-103.757
-317.169
-567.793
-786.93
-914.15
-906.835
-798.062
-711.234
-749.4
-899.52
-1061.73
-1132.65
-1054.41
-837.5
-573.836
-405.905
-417.037
-531.853
-571.928
-422.762
-133.018
162.769
357.098
416.891
385.404
347.238
388.267
551.109
777.879
948.99
975.07
861.526
728.263
665.925
658.928
696.458
744.165
707.908
557.152
331.336
111.881
-3.88954
-15.9755
-18.5199
-96.7603
-262.465
-450.433
-598.008
-681.337
-689.925
-656.211
-657.802
-729.999
-819.053
-835.592
-760.85
-657.802
-590.375
-568.747
-551.255
-484.782
-353.745
-188.041
-46.8264
30.1419
53.3596
85.1646
194.892
388.903
582.596
680.555
674.512
640.799
648.432
707.272
791.237
868.523
898.102
841.489
708.862
570.192
497.994
492.269
488.771
426.751
297.622
135.099
-17.8838
-138.107
-227.479
-297.768
-356.608
-407.178
-461.246
-540.441
-650.804
-756.397
-796.79
-733.816
-599.916
-491.143
-502.275
-614.547
-700.102
-637.128
-421.808
-161.643
12.331
34.2765
-43.6459
-85.6285
16.1476
249.279
498.63
649.386
671.014
615.991
556.516
550.791
628.077
761.34
871.386
878.065
756.887
560.968
399.081
348.192
383.178
410.212
348.192
180.262
-51.2791
-265.327
-388.413
-411.312
-400.181
-437.074
-548.392
-700.102
-835.91
-914.468
-921.147
-875.348
-815.555
-781.205
-779.297
-789.156
-781.205
-730.953
-629.495
-495.596
-355.653
-225.571
-115.207
-42.3737
4.69783
77.2134
213.975
404.805
597.226
718.403
733.034
682.464
668.469
750.844
896.194
1011.65
1014.51
889.514
718.403
615.673
625.533
672.286
642.071
485.272
249.915
45.4083
-50.0069
-57.004
-73.5426
-185.496
-389.049
-597.372
-707.417
-694.377
-632.357
-627.269
-716.323
-841.317
-903.973
-851.812
-719.503
-593.873
-539.169
-549.664
-557.616
-491.461
-344.522
-170.548
-33.7863
45.0902
95.6603
163.723
266.135
389.539
508.808
608.358
677.693
715.859
737.804
759.432
781.059
793.463
794.417
779.469
735.578
662.426
576.871
490.997
406.714
320.522
227.969
124.603
12.331
-103.121
-220.482
-332.754
-426.579
-497.504
-553.163
-608.186
-675.294
-752.581
-819.689
-846.087
-817.781
-751.308
-691.515
-674.34
-694.059
-699.784
-635.538
-489.553
-308.264
-164.823
-97.3964
-80.5397
-41.4195
74.987
265.499
468.416
612.811
667.515
659.882
652.567
697.094
794.735
898.102
946.446
907.007
802.051
688.507
613.765
581.324
552.381
482.41
355.508
195.528
45.7263
-69.726
-158.462
-246.88
-353.745
-471.106
-571.61
-637.128
-677.203
-711.234
-757.669
-813.964
-844.815
-821.916
-756.397
-684.518
-630.131
-604.369
-583.378
-518.495
-397.318
-255.786
-132.064
-42.0556
18.056
80.0758
178.353
307.482
430.568
522.802
579.097
609.948
643.343
689.779
735.578
754.661
736.532
691.687
640.163
597.226
554.925
493.542
400.671
283.946
165.949
68.3079
-10.2506
-90.7173
-191.857
-308.582
-418.309
-497.504
-545.848
-583.696
-634.266
-697.558
-752.263
-772.936
-751.944
-708.69
-671.478
-653.667
-642.853
-610.73
-533.126
-413.539
-282.502
-172.456
-102.485
-53.5054
16.7837
134.144
295.396
455.694
570.828
617.263
627.441
653.203
717.449
827.495
912.732
941.039
884.108
796.644
729.217
700.592
704.091
674.512
617.263
454.739
299.531
188.531
118.878
70.5343
-15.6574
-155.918
-315.261
-445.662
-494.96
-503.865
-506.091
-564.931
-665.435
-764.348
-799.652
-746.22
-645.716
-562.068
-548.074
-592.919
-628.859
-587.83
-454.249
-276.777
-128.247
-63.365
-69.0899
-77.9953
-20.4282
117.606
291.579
429.931
483.682
461.736
420.072
416.891
472.55
556.834
613.765
603.587
529.163
430.568
354.871
320.84
308.754
279.175
206.978
100.431
-12.1589
-105.666
-171.82
-224.935
-286.636
-363.923
-442.799
-502.593
-536.942
-556.343
-580.197
-612.956
-634.266
-625.996
-593.237
-552.527
-518.813
-496.232
-470.152
-412.903
-315.897
-202.671
-108.21
-52.5513
-16.6116
43.818
157.68
305.892
433.748
496.086
494.496
481.774
519.94
625.851
750.526
814.773
775.97
664.017
563.513
542.839
598.18
655.111
626.169
486.544
293.806
145.594
101.385
137.007
163.087
97.5686
-67.4997
-257.058
-373.782
-373.464
-302.857
-259.284
-311.126
-444.708
-572.246
-603.415
-523.584
-396.364
-320.668
-344.84
-431.349
-488.599
-439.937
-292.679
-130.156
-38.239
-53.5054
-120.932
-137.471
-58.5942
96.2964
249.597
305.574
272.496
209.204
164.995
205.388
316.705
400.035
400.671
323.384
216.838
149.729
148.139
179.626
186.623
134.144
39.6834
-49.6888
-100.895
-120.296
-139.061
-178.817
-239.883
-288.227
-299.359
-291.407
-292.998
-327.983
-386.822
-415.447
-383.006
-303.811
-224.299
-204.897
-245.926
-287.909
-270.098
-164.505
-13.4311
96.6144
119.514
74.669
39.6834
88.6632
222.881
376.499
456.966
429.931
345.966
290.943
324.657
433.748
529.481
536.478
442.017
302.393
210.477
214.929
280.13
324.975
281.084
144.958
-16.6116
-111.073
-104.712
-43.9639
-2.93539
-44.6
-171.502
-306.674
-367.421
-334.344
-248.47
-187.087
-205.216
-287.591
-368.375
-379.189
-302.857
-188.677
-106.62
-95.8062
-140.969
-177.227
-148.921
-51.2791
67.3538
143.686
147.821
106.474
78.4856
106.474
182.806
258.502
281.402
238.465
164.677
111.881
109.018
139.233
157.044
125.875
46.0444
-46.5083
-110.118
-128.247
-120.296
-122.204
-156.872
-218.574
-279.003
-313.671
-314.943
-299.04
-281.866
-276.459
-280.594
-286.636
-281.866
-264.691
-233.204
-191.221
-145.422
-97.3964
-58.5942
-27.7433
-3.25344
24.735
67.9899
129.056
194.892
234.648
269.634
285.218
282.992
298.895
330.064
385.086
424.525
431.522
400.671
340.877
296.668
281.084
297.622
308.754
284.9
215.883
118.242
37.457
0.245118
4.69783
13.2852
-11.8408
-82.7661
-174.683
-241.155
-256.74
-228.115
-196.946
-200.127
-244.654
-300.313
-322.576
-290.135
-221.754
-160.688
-141.923
-163.869
-186.451
-166.095
-92.3076
11.3769
84.8466
108.382
92.7978
79.4397
120.468
198.391
286.173
332.29
317.023
267.09
221.926
227.969
263.909
296.032
282.992
215.565
117.924
38.0931
1.51732
-8.6603
-20.7462
-63.0469
-133.654
-244.654
-330.209
-355.972
-359.152
-349.611
-372.51
-422.126
-479.693
-509.908
-488.917
-443.117
-395.728
-375.055
-373.464
-372.51
-342.295
-276.777
-188.995
-111.073
-60.5025
-24.8809
4.37978
59.4025
131.6
213.339
288.717
336.743
370.138
388.267
410.53
440.109
470.642
498.312
509.126
501.811
477.321
442.972
406.078
372.682
342.468
312.253
275.041
224.789
160.543
89.9354
23.4628
-27.7433
-64.3191
-93.8978
-128.565
-172.456
-223.662
-274.233
-305.401
-315.261
-305.401
-296.178
-293.634
-302.539
-312.081
-302.857
-272.96
-227.479
-193.13
-153.055
-123.477
-91.6715
-58.2762
-0.709033
53.9957
107.746
146.23
173.265
201.889
241.645
284.582
319.25
330.7
316.069
290.625
273.133
270.588
277.267
267.09
224.471
149.729
65.7635
-1.66318
-36.9668
-52.2332
-76.087
-133.018
-222.39
-318.123
-385.868
-409.086
-399.544
-387.459
-403.679
-450.751
-500.048
-521.358
-496.232
-434.212
-365.195
-321.622
-305.083
-293.316
-258.33
-188.677
-93.8978
0.563169
70.5343
116.652
155.136
206.66
278.539
356.78
419.436
454.739
467.779
474.14
486.544
505.946
523.756
525.665
503.083
457.92
405.76
359.642
324.339
289.989
244.508
181.534
105.838
27.2794
-43.6459
-101.213
-144.468
-179.135
-213.485
-255.786
-305.083
-355.972
-394.774
-410.358
-398.908
-369.648
-342.931
-331.8
-339.751
-343.886
-327.029
-272.642
-192.812
-111.709
-55.7318
-32.8321
-20.4282
4.69783
66.3996
147.184
230.196
273.769
288.399
273.451
272.814
284.9
321.476
340.877
342.786
306.528
260.092
214.611
185.669
157.044
123.967
68.626
2.47147
-59.2303
-109.164
-147.966
-188.677
-243.064
-302.539
-355.017
-383.96
-387.459
-383.006
-388.095
-403.997
-427.533
-431.986
-401.135
-345.794
-291.089
-253.241
-230.342
-206.488
-163.551
-95.1701
-10.2506
65.7635
121.422
160.861
193.302
239.737
301.757
360.278
405.442
428.659
434.066
442.972
456.012
468.097
471.596
452.513
417.527
382.542
349.465
322.43
290.625
241.964
179.944
115.061
57.4942
15.5115
-21.0643
-65.2733
-117.752
-173.729
-220.482
-251.333
-272.006
-286
-299.04
-317.805
-328.301
-322.576
-306.992
-286.636
-265.963
-250.697
-229.387
-193.13
-144.15
-91.3534
-51.2791
-25.835
-3.88954
23.4628
70.8523
134.144
179.308
201.889
200.617
181.852
181.534
206.978
238.783
256.912
235.921
183.76
124.285
77.5314
63.5372
66.0816
49.543
0.245118
-76.7231
-155.282
-207.76
-232.25
-237.021
-248.47
-288.227
-339.433
-382.37
-402.725
-394.456
-373.782
-357.88
-348.974
-341.341
-325.121
-291.407
-243.7
-196.946
-155.918
-113.299
-62.0928
-3.88954
60.0386
117.924
159.588
191.712
228.605
276.631
333.562
385.722
414.347
416.573
402.261
388.903
398.126
417.846
432.794
421.98
373.636
312.571
248.325
210.158
197.118
179.308
154.818
91.2076
6.92418
-60.5025
-102.803
-112.663
-124.749
-139.379
-168.004
-217.301
-251.969
-272.642
-265.963
-243.382
-216.983
-195.356
-192.175
-185.814
-174.047
-143.832
-95.4881
-42.0556
7.87833
44.4541
70.5343
88.9812
112.835
146.548
187.259
230.196
256.594
268.362
258.82
241.645
230.832
224.471
231.468
226.379
204.116
160.543
96.9325
40.6375
-6.11589
-34.1043
-56.0498
-92.9437
-147.966
-220.164
-287.591
-334.026
-354.063
-358.516
-365.195
-385.232
-424.988
-459.656
-470.788
-449.796
-407.178
-365.195
-333.072
-320.35
-310.49
-286.955
-234.158
-155.918
-86.2646
-19.156
14.8754
17.7379
55.2679
110.291
178.035
254.049
307.482
340.241
346.92
348.829
358.052
378.725
406.396
420.39
413.393
377.771
331.654
291.261
260.729
241.009
218.428
182.17
129.374
65.7635
2.47147
-48.4166
-88.809
-115.207
-140.651
-172.138
-208.078
-251.651
-281.866
-299.359
-298.404
-279.957
-265.327
-248.152
-236.703
-224.935
-202.671
-171.184
-121.25
-70.3621
-12.795
33.9585
67.0357
102.339
125.239
167.858
215.883
263.273
307.164
320.204
328.155
316.387
308.754
310.344
307.482
313.525
288.081
245.78
192.984
130.964
93.1159
57.8123
28.8697
-6.11589
-64.6372
-125.703
-191.857
-231.614
-263.101
-277.731
-287.909
-313.989
-329.891
-365.195
-376.009
-374.1
-357.562
-323.53
-297.768
-265.963
-245.608
-224.935
-194.084
-159.734
-101.531
-45.8722
12.6491
59.4025
84.8466
111.563
130.328
171.038
221.29
270.27
310.662
311.935
302.393
282.356
277.585
298.258
315.433
324.975
294.76
238.783
182.17
128.738
119.514
105.202
91.8437
48.5888
-22.9726
-89.4451
-143.832
-160.052
-164.505
-165.777
-181.362
-222.708
-250.061
-277.095
-266.917
-241.473
-220.482
-194.084
-200.445
-196.946
-196.946
-184.224
-142.56
-105.03
-59.8664
-32.196
-12.4769
13.6032
34.5946
76.2592
111.563
156.408
194.256
211.431
228.923
224.153
230.196
238.147
248.643
265.817
253.095
233.058
184.714
140.187
107.746
78.8036
65.7635
29.5058
-12.795
-73.2246
-134.926
-173.092
-202.671
-206.488
-218.256
-241.155
-270.734
-310.49
-323.53
-320.668
-297.132
-265.009
-252.605
-239.565
-238.293
-220.482
-181.998
-137.471
-78.9495
-40.4654
-5.16174
25.0531
51.7693
99.4769
142.096
194.256
236.875
262.319
287.763
292.852
304.62
312.889
315.115
324.657
313.525
300.485
269.634
233.376
201.571
165.949
148.457
111.245
78.1675
32.6863
-22.0184
-61.1386
-98.3506
-107.574
-132.382
-145.422
-162.597
-206.806
-222.39
-231.932
-229.705
-212.213
-192.175
-184.224
-181.68
-175.955
-158.462
-119.66
-80.2217
-33.4682
3.74367
24.0989
42.5458
67.9899
105.52
148.139
186.305
225.425
242.918
234.012
245.462
239.101
231.15
235.921
218.746
198.073
158.634
117.924
71.8065
34.5946
2.15342
-43.0098
-62.4108
-113.299
-161.643
-198.536
-237.975
-281.23
-297.45
-302.539
-327.665
-321.304
-333.708
-321.94
-333.072
-309.536
-306.356
-263.737
-242.427
-216.029
-195.356
-175.001
-145.422
-116.797
-35.3765
-2.61734
70.2162
106.156
131.282
151.319
176.127
215.565
259.456
307.482
331.972
326.883
321.476
303.665
291.897
320.84
332.926
321.476
319.886
254.049
188.531
161.497
114.107
99.4769
104.248
58.1303
16.4657
-28.6975
-94.5339
-120.932
-135.562
-147.012
-158.144
-175.955
-202.353
-234.476
-227.479
-224.299
-208.396
-173.41
-166.731
-168.64
-158.78
-123.795
-126.657
-33.1502
-21.7004
8.83248
39.3653
20.2823
68.944
85.8007
185.351
149.411
268.362
170.402
185.032
173.901
192.348
202.207
223.199
261.047
140.823
179.626
74.0328
61.6289
51.7693
56.5401
19.9643
-23.6087
-52.8693
-173.729
-133.972
-224.617
-165.459
-238.611
-193.766
-295.86
-275.187
-289.499
-327.347
-262.147
-306.674
-253.559
-298.404
-229.069
-262.465
-164.823
-172.456
-109.8
-84.6744
-66.2274
-19.7921
-31.878
93.752
48.2708
156.09
184.078
177.717
220.654
228.923
234.648
232.422
316.069
237.193
319.25
266.453
251.823
226.379
217.792
196.164
158.634
216.838
85.4827
149.411
39.3653
50.1791
-57.9581
-3.25344
-43.9639
-111.709
-14.0672
-162.279
-88.1729
-179.772
-191.857
-160.052
-241.473
-121.568
-197.264
-132.382
-131.428
-181.362
-133.336
-76.7231
-151.147
56.5401
-48.7347
12.6491
58.4484
-35.0585
124.603
81.03
181.534
149.093
213.657
156.09
121.104
245.78
128.738
278.857
138.597
232.74
141.778
57.1762
189.167
-19.7921
152.591
41.9097
-32.5141
46.9986
-168.004
-115.207
-140.969
-233.522
-88.491
-255.149
-176.273
-274.233
-299.995
-253.877
-354.699
-183.906
-264.055
-241.791
-213.803
-285.046
-180.408
-249.425
-81.1758
-85.6285
-101.531
15.8296
-89.4451
-32.8321
33.9585
76.2592
103.93
195.846
190.439
110.927
240.055
125.557
229.878
309.39
168.494
385.722
179.308
137.961
278.221
53.9957
218.428
207.614
159.27
223.199
-1.02708
85.8007
-38.239
-65.5913
79.7578
-50.643
57.8123
-73.2246
-148.284
-161.643
-121.568
-180.09
-42.3737
-34.1043
-152.419
-103.757
-169.276
-187.723
-87.2188
2.47147
-53.5054
81.6661
-11.5228
-26.4711
13.6032
-50.0069
192.348
29.1877
194.892
196.482
20.6004
130.01
49.2249
150.047
131.6
186.623
218.11
-11.2047
126.829
-64.3191
42.5458
21.8726
53.3596
80.7119
-81.4939
16.1476
-213.485
-110.118
-171.502
-57.9581
-155.282
-190.267
-37.6029
-438.029
-118.388
-292.361
-224.299
-74.8148
-339.433
-33.1502
-263.737
-235.748
-153.055
-216.983
-62.0928
-154.646
-25.1989
-13.113
-91.0354
-54.4596
20.2823
59.0845
-56.0498
201.889
107.428
-32.5141
250.233
48.2708
191.712
213.975
162.769
258.184
95.6603
211.749
195.528
89.6173
253.731
202.843
-17.5657
273.769
1.19927
158.952
55.904
71.1704
204.116
-174.683
125.239
-7.3881
-107.892
-7.70615
24.735
-81.4939
-108.21
74.3509
-234.476
-7.70615
-167.368
32.0502
-175.637
-36.3307
40.6375
-192.175
-10.5686
-84.9924
88.6632
-137.471
197.436
65.4455
-42.0556
78.8036
8.19638
58.1303
-1.66318
235.603
27.2794
210.158
-67.8177
244.826
-99.3047
112.835
117.288
-60.1845
192.666
-147.33
118.878
-143.832
5.33393
-97.0784
-38.239
-122.84
4.69783
-167.049
-154.327
-58.2762
-383.642
-6.75199
-303.493
-54.1415
-198.855
-64.9552
-246.88
-98.3506
-176.909
-205.852
62.265
-306.356
136.689
-224.617
-50.0069
6.60613
-102.803
18.6921
116.334
21.2365
58.1303
199.027
-69.0899
255.64
-77.0412
246.416
148.775
42.2278
350.419
50.4971
144.64
232.104
47.6347
190.757
150.683
109.018
127.783
66.3996
92.7978
71.4884
63.2191
28.8697
105.52
-61.4567
-24.2448
77.5314
-143.514
38.0931
-19.474
-151.147
27.9155
-173.41
-71.6343
86.1188
-272.96
196.164
-151.465
-102.803
70.5343
-199.173
89.9354
-47.1444
-23.6087
165.949
-126.339
122.695
115.061
-173.729
332.608
-74.4968
100.431
199.345
-96.7603
271.542
-148.284
153.864
121.74
-71.3163
177.717
-20.4282
5.97003
-55.7318
-78.3134
40.3195
-133.972
-37.9209
0.563169
-197.582
-118.706
-124.431
-138.425
-143.514
-144.15
-80.5397
-189.313
-218.892
-31.878
-301.903
-46.5083
-155.282
-125.703
-5.79784
-233.522
111.881
-182.316
-99.3047
130.964
-177.227
62.9011
109.655
-112.981
264.227
-131.11
158.952
159.907
-102.167
356.144
-61.4567
230.514
130.01
23.4628
223.199
13.9213
166.586
119.196
41.9097
282.674
-77.0412
101.703
179.308
-182.316
208.568
-14.0672
19.6462
80.0758
-152.101
115.697
-169.276
-53.5054
99.1588
-214.121
123.967
-181.362
-87.8549
41.2736
-308.9
171.038
-134.29
-43.6459
160.225
-273.278
159.907
-107.256
-112.027
232.74
-159.098
169.13
62.583
-50.961
152.591
-56.6859
146.548
-8.34225
151.001
1.19927
168.494
-1.34513
-19.7921
173.583
-111.073
28.8697
135.735
-149.875
159.907
-140.015
-81.8119
193.62
-511.816
363.141
-276.459
-167.686
273.133
-584.332
372.682
-408.45
-125.703
230.832
-508.954
194.256
-66.2274
-350.883
273.133
-333.072
-22.6545
176.127
-343.886
333.244
-266.917
119.514
65.1274
-225.889
304.938
-127.929
138.915
72.7606
10.1047
164.359
-67.4997
97.8866
169.766
-37.9209
192.03
100.113
-23.9267
158.316
19.9643
19.9643
198.709
7.56028
49.861
148.139
-71.6343
52.4054
59.7206
-0.0729321
41.9097
26.6433
-0.390983
-5.16174
-33.7863
-42.3737
56.8581
-105.03
7.87833
-44.9181
10.4227
-175.001
40.6375
-14.3852
-124.113
42.5458
-1.34513
-117.752
91.2076
-164.505
26.6433
104.884
-232.886
221.29
-74.1787
-110.436
130.964
-97.7145
34.2765
116.652
-211.259
273.133
-243.064
46.3625
95.3422
-223.026
307.8
-325.439
181.852
-39.1932
-222.39
154.182
-123.795
-87.5368
170.72
-307.946
158.952
-105.984
-283.456
331.336
-413.539
201.253
-100.895
-98.6686
81.348
-314.625
270.588
-287.909
20.6004
216.52
-336.57
253.095
-98.3506
-148.603
338.969
-383.324
389.539
-36.9668
-141.923
361.233
-205.534
98.5227
156.09
-25.835
112.199
133.19
-1.66318
100.431
21.5545
63.5372
61.6289
16.7837
188.849
-100.259
129.056
-12.795
-52.2332
47.3166
4.69783
-24.5628
69.8982
-94.2159
10.1047
35.2307
-246.562
168.176
-17.8838
-246.244
275.359
-188.041
-62.7289
122.058
-268.19
227.333
-154.009
-1.66318
132.554
-115.843
32.3682
8.19638
-10.5686
39.3653
28.2336
23.4628
81.9841
-58.2762
91.8437
-54.4596
83.2563
73.0787
-136.199
273.133
-151.465
-15.3394
164.041
-150.511
57.8123
45.0902
-150.829
148.775
-156.872
-46.1903
120.15
-220.482
33.0043
-15.9755
-140.651
13.9213
-145.104
34.5946
-123.795
-106.62
78.8036
-205.534
-3.25344
-31.5599
-142.242
84.2105
-155.282
5.33393
95.0242
-274.869
206.66
-91.6715
-47.7805
136.053
-80.8578
80.3939
38.0931
-33.7863
96.2964
66.3996
-56.3679
240.373
-136.517
257.23
-92.9437
44.7722
268.998
-314.625
435.656
-185.496
103.294
151.637
-184.224
234.648
-92.3076
18.374
8.83248
112.517
-201.399
160.861
-51.5971
-112.345
144.004
-210.622
123.013
-80.5397
-116.797
124.921
-109.164
-70.0441
94.7061
-122.84
17.4198
9.46858
-139.379
266.135
-335.298
259.774
-16.2935
-223.662
400.989
-339.433
215.247
96.2964
-192.812
325.293
-200.445
127.147
67.6718
-133.972
210.477
-54.4596
-33.4682
124.921
-96.4423
55.2679
-146.694
184.078
-194.72
5.33393
103.93
-284.41
258.82
-412.266
251.187
-191.857
-183.27
294.442
-458.066
237.193
-125.385
-232.25
268.998
-367.739
147.503
-7.70615
-215.711
260.41
-258.966
111.245
15.1935
-93.2617
114.743
-64.0011
123.013
-94.2159
109.973
49.861
-80.2217
159.588
-40.1473
108.7
-37.6029
117.606
43.818
-45.2361
143.686
-64.9552
146.23
-103.439
118.56
68.944
-123.795
202.207
-89.7632
8.51443
81.9841
-77.0412
-1.66318
122.058
-135.881
90.8895
-36.9668
27.2794
-77.6773
-7.3881
90.2534
-192.812
137.007
-35.3765
-69.0899
25.0531
-9.61445
-65.2733
15.5115
23.4628
-39.1932
26.9614
27.5975
-93.5798
108.7
-79.9036
8.19638
118.878
-160.37
240.055
-186.769
106.792
34.9126
-118.706
144.958
-66.2274
61.6289
1.83537
-57.6401
137.961
-201.399
75.9412
59.7206
-231.614
296.986
-325.757
170.72
-101.213
-123.795
76.5773
-147.648
59.0845
-147.012
108.064
-254.831
157.998
-240.519
9.78664
18.374
-145.104
38.0931
-53.5054
-16.6116
-94.5339
45.4083
-47.7805
-5.79784
21.8726
45.0902
-39.8293
106.156
-45.8722
80.7119
5.01588
88.9812
12.013
113.471
23.4628
66.0816
94.3881
-13.113
152.591
-28.3794
159.27
-27.7433
95.9783
54.6318
-31.878
110.927
-22.3365
48.5888
8.51443
16.1476
-1.66318
-4.20759
-26.7892
1.19927
-46.5083
5.97003
-61.7747
-4.84369
-33.1502
-81.4939
19.3282
-126.975
98.2047
-229.387
174.219
-146.376
-69.408
129.056
-205.216
144.004
-152.737
148.139
-123.477
31.7321
94.3881
-134.926
147.503
-49.3708
25.0531
65.1274
-36.0126
70.2162
-5.79784
32.0502
48.2708
-58.5942
171.038
-153.373
117.288
-17.8838
-26.7892
9.46858
-40.4654
88.3451
-190.267
173.583
-196.628
96.2964
-145.74
22.5087
-37.2848
-118.388
81.03
-160.37
61.3108
-150.511
78.4856
-152.419
1.51732
75.6231
-235.748
193.302
-100.895
-62.0928
86.7549
-60.5025
39.3653
-55.4137
139.551
-53.5054
-17.5657
174.219
-79.9036
13.2852
169.448
-89.1271
93.4339
82.9383
-14.7033
111.245
-59.2303
167.222
-51.9152
39.3653
108.7
-54.1415
47.3166
12.013
54.9498
-107.892
164.041
-133.336
75.9412
-63.683
61.3108
-140.333
88.9812
-29.3336
-130.474
169.13
-219.846
102.975
-34.4224
-167.049
229.56
-298.722
202.207
-128.883
-11.8408
69.8982
-187.087
235.921
-268.19
201.253
-74.4968
-43.9639
110.927
-78.3134
51.7693
-29.0155
121.422
-150.511
203.161
-93.5798
3.10757
115.379
-175.955
195.846
-150.193
110.609
-20.4282
-33.7863
40.0014
-42.3737
-4.20759
-29.6516
54.6318
-116.479
133.826
-170.548
134.144
-138.743
9.78664
49.2249
-189.631
221.29
-200.763
83.8924
-11.2047
-81.1758
30.778
-12.1589
-36.9668
64.4913
-77.6773
117.924
-88.491
-18.5199
137.007
-177.863
132.236
4.69783
17.1018
-7.70615
50.4971
64.4913
-191.539
269.952
-140.651
-1.34513
176.445
-133.336
93.752
-49.0527
131.6
-162.915
127.465
67.3538
-181.68
217.474
-93.5798
13.6032
-37.2848
143.368
-204.897
167.54
-59.5484
9.46858
-22.0184
37.139
-21.0643
-66.5455
118.878
-131.428
85.4827
-43.0098
39.0473
-109.8
140.823
-133.972
5.65198
99.4769
-153.691
108.382
-91.3534
78.4856
-137.789
69.8982
12.013
-146.694
130.01
-59.5484
-79.5856
64.8094
-39.5112
-87.5368
89.2993
-107.892
47.6347
-39.8293
-36.6487
68.944
-151.465
123.013
-87.8549
-6.43394
39.0473
-65.9094
26.0072
-20.1101
-36.9668
73.7148
-101.213
86.4368
-1.02708
-72.9065
110.291
-84.6744
44.4541
-8.0242
30.4599
0.245118
37.139
-37.6029
100.113
-80.5397
14.2393
134.144
-180.408
188.213
-40.4654
-1.34513
61.6289
-28.3794
58.1303
-57.004
80.3939
49.861
-91.0354
161.815
-67.1816
-2.29929
43.5
2.78952
1.51732
-1.34513
107.11
-90.7173
40.6375
44.4541
-47.4625
-35.3765
111.563
-51.9152
-15.3394
55.904
20.2823
-112.345
83.8924
4.69783
-89.1271
105.838
-65.9094
51.4513
-104.712
86.4368
-61.7747
-77.6773
150.365
-144.786
74.3509
-70.3621
82.9383
-181.362
57.8123
91.2076
-294.588
294.76
-172.456
-16.6116
14.5574
-42.3737
-43.3278
-53.5054
103.612
-130.474
43.1819
-36.0126
18.374
-207.124
255.322
-272.324
102.339
53.0415
-195.992
200.617
-229.705
165.949
-153.691
41.9097
42.5458
-115.207
93.1159
-41.7376
-21.0643
-0.390983
41.5917
-101.213
151.955
-165.459
168.812
-68.4538
-79.9036
297.304
-406.86
390.493
-208.396
13.6032
162.133
-137.471
112.517
-3.57149
6.28808
-22.3365
92.4798
-53.5054
75.6231
27.9155
7.87833
28.5516
37.139
-53.8235
119.832
-83.0841
111.881
39.6834
-91.3534
236.239
-251.969
168.812
-17.2477
-50.3249
110.927
34.5946
-75.4509
127.147
-112.345
2.78952
96.6144
-167.049
293.17
-285.364
250.869
-102.167
-162.915
263.909
-284.41
161.815
-10.2506
-40.4654
25.3711
-34.1043
-96.7603
121.74
-232.886
210.477
-71.9524
-108.21
242.918
-358.516
199.663
-113.617
-60.1845
92.7978
-81.1758
77.8495
-65.5913
-105.984
141.46
-201.399
-18.5199
213.021
-267.235
160.225
-4.52564
-177.227
98.5227
-73.8607
-67.1816
123.331
-126.021
168.494
-202.671
93.752
23.1448
-267.553
322.112
-185.814
64.1733
17.4198
50.1791
-177.863
180.58
-159.416
72.7606
59.4025
-115.207
279.812
-334.98
326.883
-172.456
-91.9895
292.534
-226.207
67.6718
215.883
-244.018
150.047
22.5087
-165.777
226.697
-168.958
136.689
43.1819
-172.774
297.622
-285.364
65.7635
166.586
-293.316
317.978
-174.047
43.818
124.921
-306.038
243.554
-126.975
-19.156
120.15
-72.5885
-5.47979
142.732
-341.659
303.983
-149.875
-74.1787
297.304
-343.568
393.038
-345.794
177.399
-59.2303
-32.196
70.5343
9.78664
34.2765
-34.7404
115.697
-278.685
341.195
-362.651
279.175
-69.408
-41.1015
186.623
-263.419
192.348
-170.548
63.5372
-36.3307
55.5859
-13.4311
6.92418
-32.8321
-25.835
5.97003
-118.706
143.686
-78.6314
47.6347
-16.2935
-19.474
18.374
-141.605
146.23
-122.204
115.697
-36.3307
42.2278
-46.8264
8.51443
-9.61445
-24.2448
84.5285
-45.2361
123.649
-133.654
173.583
-120.614
1.83537
140.823
-166.731
201.571
-69.408
14.5574
75.9412
-127.293
150.365
-112.345
54.3137
93.1159
-85.3105
51.7693
-14.0672
10.4227
-81.8119
56.8581
31.4141
-48.0986
-23.6087
130.01
-218.256
157.044
-136.517
61.6289
-27.7433
-21.7004
53.9957
-117.116
148.139
-213.803
104.248
-34.1043
-6.11589
-73.5426
81.9841
2.47147
-178.817
210.477
-152.737
25.3711
5.65198
-26.1531
15.5115
-25.835
8.83248
40.6375
-150.511
157.044
-116.161
-52.8693
187.895
-200.763
46.6805
114.743
-242.746
150.047
-42.0556
-65.9094
76.2592
-99.9408
116.016
-166.413
77.2134
57.1762
-223.662
265.817
-160.052
-57.322
192.348
-196.31
48.2708
52.4054
-49.6888
18.056
10.1047
45.0902
-63.0469
-18.8379
99.1588
-28.6975
-80.5397
227.969
-78.3134
-135.244
273.769
-205.852
47.9527
110.927
-58.9123
132.872
-147.966
215.883
-149.557
-46.8264
238.465
-211.577
157.044
32.3682
-52.2332
34.9126
-61.1386
84.2105
-29.0155
-56.3679
248.961
-230.66
79.4397
57.1762
-131.428
61.3108
11.0588
43.1819
-39.8293
10.4227
58.1303
-106.302
-35.6946
132.872
-124.749
45.4083
109.018
-144.468
47.9527
-2.93539
-93.2617
80.7119
-24.2448
43.818
-23.2906
11.3769
-35.3765
-40.1473
-6.43394
35.8668
2.47147
-51.9152
162.133
-239.247
130.01
-43.9639
-133.018
204.434
-189.631
148.775
-42.3737
-127.293
169.13
-231.296
99.7949
38.7292
-162.915
216.201
-190.585
75.3051
24.735
-195.038
255.958
-183.588
-17.5657
192.984
-152.101
-34.4224
118.56
-70.0441
-37.6029
13.9213
151.637
-166.413
43.818
148.457
-199.491
78.4856
35.8668
13.9213
-87.5368
156.726
-41.4195
-80.2217
106.156
-48.4166
-40.7834
75.9412
-9.61445
-16.9296
26.3253
13.2852
-63.0469
-11.8408
81.03
-100.895
13.9213
110.291
-111.709
3.74367
49.543
-80.8578
41.9097
-52.8693
117.288
-112.981
5.33393
50.1791
-110.755
68.626
-62.4108
88.3451
-56.6859
41.2736
-34.4224
-12.4769
40.0014
-97.3964
106.156
3.42562
-25.1989
29.5058
30.4599
-65.9094
23.1448
5.65198
10.7408
31.7321
-46.8264
112.835
-115.207
0.88122
100.113
-170.23
154.818
-46.5083
-14.3852
45.4083
-61.4567
-28.0614
47.6347
-80.5397
39.6834
39.6834
-60.8206
49.543
-98.0325
83.5744
-112.027
0.88122
116.652
-129.52
48.5888
78.8036
-151.783
28.8697
80.3939
-140.651
103.93
4.69783
10.1047
-11.8408
-46.1903
134.462
-172.774
83.2563
141.778
-215.393
239.419
-105.03
-42.3737
117.924
-137.153
113.789
-13.7491
1.51732
80.3939
-101.213
72.1245
-33.7863
-75.769
154.818
-124.431
63.5372
91.5256
-192.494
153.227
-103.757
-27.7433
81.9841
-88.809
100.749
-87.2188
38.7292
-38.8751
-57.9581
76.2592
-94.2159
97.5686
-11.5228
-40.7834
18.6921
-21.3823
-18.5199
-40.4654
95.3422
-4.20759
-58.9123
57.1762
55.904
-177.863
116.334
11.6949
-36.6487
15.8296
46.9986
60.0386
-200.763
177.717
-27.7433
-136.835
132.554
56.5401
-116.161
-2.61734
142.732
-171.184
-35.0585
154.818
-95.4881
-47.1444
134.462
-52.2332
-134.29
106.792
-8.34225
-103.757
59.0845
126.193
-207.76
71.4884
106.474
-220.482
102.975
47.9527
-63.365
35.2307
0.563169
52.0874
-119.342
73.3967
47.6347
-128.565
178.353
-54.4596
-37.6029
139.551
-156.236
102.021
-4.52564
-13.7491
48.9069
32.3682
-3.88954
-17.2477
14.2393
22.5087
-42.6917
5.97003
163.405
-201.081
111.563
61.3108
-200.127
123.331
9.15053
-73.2246
51.1332
27.5975
-68.4538
39.0473
-105.348
116.016
-124.749
2.78952
176.445
-289.499
229.242
-117.434
-74.1787
91.5256
-87.5368
56.222
-54.1415
71.8065
-67.4997
-7.07004
-6.43394
8.19638
-66.2274
73.3967
2.15342
-78.3134
109.336
-122.522
51.1332
-60.1845
51.4513
-35.0585
-12.1589
116.016
-185.814
128.419
-32.8321
-112.663
111.881
-19.474
-73.8607
82.6202
-30.9238
-46.1903
18.6921
-46.8264
96.2964
-174.047
157.362
2.78952
-208.078
256.912
-157.508
-48.4166
147.821
-110.436
54.3137
-27.4253
28.2336
45.0902
-137.789
171.992
-28.6975
-107.574
185.032
-62.0928
-47.1444
145.912
-108.846
76.5773
24.0989
-69.0899
176.127
-142.878
103.612
42.5458
-102.803
149.411
-86.9007
51.7693
65.7635
-98.6686
127.147
-20.7462
-77.9953
141.46
-73.2246
-13.7491
96.2964
-72.5885
41.2736
-9.61445
7.87833
-3.25344
-41.1015
54.3137
-37.9209
-36.3307
56.5401
-8.0242
-105.348
104.566
-45.5542
-107.892
117.288
-76.4051
-24.2448
20.6004
-21.3823
-4.84369
-74.1787
33.9585
0.563169
-123.159
98.5227
-20.4282
-103.121
90.2534
-49.0527
-68.4538
56.8581
-68.1358
-0.390983
39.0473
-109.482
128.738
-119.342
18.056
49.861
-127.293
129.374
-111.073
34.9126
60.3567
-137.153
124.285
-32.196
-85.3105
132.872
-98.9867
40.9556
23.4628
-57.004
107.11
-129.201
105.202
-0.0729321
-91.6715
133.19
-74.8148
4.06173
50.1791
-22.3365
11.0588
6.60613
16.7837
8.19638
-38.239
66.7177
-19.7921
-30.6058
60.6747
-11.8408
-0.709033
-8.0242
57.8123
-48.4166
-10.2506
67.6718
-72.2704
45.4083
-3.57149
4.69783
19.0101
-42.6917
54.9498
-35.3765
-29.6516
66.7177
-53.8235
19.6462
29.5058
-45.8722
55.2679
-64.6372
40.0014
-8.6603
-39.1932
60.3567
-41.4195
5.33393
22.5087
-34.1043
5.01588
12.9671
-42.3737
48.5888
-46.5083
27.2794
15.1935
-66.5455
90.2534
-75.1329
4.37978
48.2708
-71.9524
44.4541
-4.20759
-12.795
24.735
-25.1989
21.2365
0.245118
-46.8264
69.2621
-57.004
5.01588
49.861
-76.7231
76.5773
-53.5054
13.2852
33.3224
-77.0412
99.4769
-77.0412
29.1877
46.0444
-83.0841
89.6173
-49.3708
11.0588
22.1906
-37.2848
54.3137
-36.0126
17.4198
25.0531
-19.156
2.47147
26.3253
-19.156
-1.34513
26.9614
-30.2877
44.1361
-45.8722
35.5487
12.6491
-65.2733
79.7578
-49.6888
-4.52564
28.8697
-32.5141
16.1476
-26.1531
15.8296
-9.61445
-36.3307
26.9614
-5.79784
-57.9581
44.4541
-17.5657
-48.4166
33.0043
-35.0585
-1.34513
-31.5599
13.2852
-12.1589
-56.3679
50.8152
-41.1015
-28.6975
6.60613
-7.3881
-25.517
-24.2448
34.9126
-63.365
15.8296
-8.6603
-18.8379
-7.70615
-21.7004
19.9643
-36.6487
-2.93539
18.6921
-34.7404
2.15342
19.3282
-31.5599
19.9643
-5.16174
-29.3336
66.7177
-53.8235
19.3282
29.8238
-45.5542
55.2679
-64.6372
40.0014
-8.6603
-38.8751
60.3567
-41.4195
5.33393
22.8267
-33.7863
5.01588
12.6491
-42.6917
48.5888
-46.5083
27.2794
14.8754
-66.2274
90.2534
-75.769
4.37978
48.5888
-71.6343
44.4541
-4.20759
-12.4769
25.0531
-25.1989
21.2365
0.563169
-46.8264
69.2621
-56.6859
5.33393
49.861
-76.7231
76.8953
-53.8235
12.9671
33.3224
-77.0412
99.7949
-77.0412
29.1877
46.0444
-83.0841
89.6173
-49.3708
11.0588
21.8726
-37.2848
54.3137
-36.3307
17.4198
25.6892
-19.156
2.47147
26.9614
-19.156
-1.34513
26.9614
-29.9697
44.1361
-45.8722
35.5487
12.6491
-65.2733
80.0758
-49.6888
-4.84369
28.8697
-32.5141
16.1476
-26.1531
16.1476
-8.97835
-36.3307
27.2794
-5.79784
-57.9581
44.1361
-17.2477
-48.4166
32.6863
-35.3765
-1.34513
-32.196
12.9671
-11.8408
-56.3679
51.1332
-40.4654
-28.3794
6.60613
-7.3881
-25.517
-23.9267
34.9126
-63.0469
15.8296
