32.8935
3.90413
6.95564
2.8361
1.31034
1.92064
-29.6626
24.0441
15.1947
-17.4565
48.3037
-4.02982
-11.6586
30.1472
-38.512
4.66701
26.7905
-13.6421
21.7555
15.3473
-0.367996
-10.1329
-2.96179
-0.520572
-9.8277
29.0791
-0.21542
9.70201
30.4523
-28.1368
12.9061
0.547459
-31.3409
35.6399
9.54943
-6.0133
40.5223
5.58246
-22.0338
21.7555
-7.38648
-23.4069
51.6604
-3.57209
-3.41951
65.2396
-35.1553
-9.06482
29.842
-46.7511
12.9061
19.0091
-6.92876
29.0791
0.0897312
3.75155
-15.3204
-10.7432
12.4484
-48.1242
40.0646
21.6029
-58.4994
82.1755
-35.3079
-60.3303
86.7528
-90.3877
2.07322
80.3446
-87.4888
64.6293
18.8566
-66.8911
54.4067
-46.5985
-11.9638
26.9431
-34.0873
45.8625
-21.4235
-4.33497
31.6729
-69.9426
40.6749
-6.16588
-52.8541
72.2581
-41.2583
5.58246
34.5719
-78.3343
28.9266
-18.3719
-44.1573
36.5554
-29.8151
8.93913
2.8361
-35.613
20.2297
-34.0873
-18.5245
8.17625
-16.9988
28.6214
-23.2544
6.19276
12.4484
-52.8541
33.3513
-19.5926
-14.7101
61.1201
-45.2253
29.2317
53.0335
-73.757
50.7449
11.8381
-60.0251
84.3116
-27.2213
2.37837
72.7158
-53.4644
30.6049
2.22579
-21.8812
19.1617
-16.9988
46.4728
-22.1863
6.65049
29.842
-71.7735
44.7945
-16.3885
-48.7345
63.2561
-43.2418
-8.91224
31.0626
-43.6995
-14.405
-5.403
-15.7782
-4.33497
23.1287
-14.7101
-11.2009
21.2978
-36.3759
3.90413
-0.367996
-18.9822
12.2958
-12.7266
24.5019
-1.28345
-11.0483
8.63398
-22.7966
9.09171
1.31034
8.93913
13.0587
6.65049
21.4503
-21.2709
12.1432
-4.18239
-30.4254
33.3513
-3.26694
-0.673148
21.2978
-8.14936
-18.6771
0.242307
5.42989
-48.582
33.3513
6.80307
-50.2603
77.5983
-55.753
-33.0192
61.4252
-98.932
39.3017
31.9781
-71.0106
75.4622
-16.0833
-21.8812
57.6108
-48.582
23.4338
35.6399
-29.8151
77.4457
4.36185
-19.1348
77.4457
-38.2068
28.3163
60.052
-46.7511
69.5117
16.1102
-2.35148
68.9014
-20.2029
23.739
-11.506
-0.21542
31.5204
-33.9347
69.6643
-29.2048
-9.52255
33.6564
-93.5918
49.3717
-39.7326
-18.6771
66.1551
-71.4683
36.8605
-40.0377
-41.4109
22.0607
-69.3323
28.1637
-21.2709
-10.7432
20.0772
-28.1368
24.1967
-56.5159
-3.57209
-4.94527
-38.3594
46.3202
-35.7656
10.9226
-0.0628446
-40.648
20.0772
-37.5965
1.15776
-15.1679
-14.0998
25.875
-41.1057
13.0587
-1.28345
-40.1903
5.12473
-8.60709
-18.5245
-8.60709
22.3658
-14.0998
-7.99679
13.8216
-48.582
3.29382
6.80307
-2.96179
6.19276
0.85261
6.19276
-70.2477
51.2026
-0.520572
-73.2992
97.7383
-35.1553
-24.0173
58.2211
-37.4439
-20.3554
17.1782
-4.64012
-42.6315
66.9179
0.242307
-29.0523
101.705
-50.718
-12.4215
37.3182
-51.9386
16.5679
21.6029
40.9801
-9.67512
45.0996
36.0976
-72.2312
110.097
-52.0912
-37.1388
134.967
-106.408
91.6352
71.3426
-66.4333
79.7343
-60.3303
32.2832
14.1267
-12.2689
93.6187
-36.3759
30.1472
18.5514
-24.6276
36.7079
7.41337
-1.74118
33.0461
38.0811
-58.0417
32.741
39.1491
-69.0271
59.4417
6.95564
-30.8832
45.2522
6.34534
-8.14936
-1.74118
27.4008
-85.2002
14.2793
79.7343
-132.804
102.316
35.1822
-139.059
117.726
-50.4129
-74.825
49.982
-38.8171
-28.5945
-2.96179
49.3717
-49.8026
-6.16588
41.7429
-132.499
8.78655
26.0276
-99.5423
33.6564
53.3387
-73.9096
-29.3574
43.1161
-121.361
-11.8112
35.7925
-85.963
24.3493
-1.28345
-60.3303
16.7205
-14.5575
-32.8667
-26.0007
30.7575
-31.3409
-23.2544
56.8479
-29.0523
-41.5635
42.6584
-44.4624
-8.14936
41.7429
-6.77618
0.0897312
42.9635
-16.541
-34.8501
78.2086
-49.0397
-3.57209
79.7343
-46.5985
21.1452
42.6584
-11.0483
-2.50406
11.0752
3.4464
-59.72
59.2892
-14.8627
-38.512
119.557
-39.7326
-55.9056
94.0764
-94.0496
-15.9307
74.5467
-43.3944
24.0441
43.7264
-27.2213
9.24428
24.5019
-30.7306
-33.477
46.1676
-16.8462
0.394883
83.2436
-24.3224
-7.84421
17.4834
-24.9327
-3.87724
46.7779
2.22579
11.9906
15.805
-17.6091
12.4484
26.0276
-17.9142
21.6029
33.809
18.5514
-11.9638
9.39686
20.5349
-35.9182
35.1822
13.669
-18.5245
70.122
-37.5965
-6.77618
40.3698
-103.509
15.4999
9.85458
-35.4604
19.9246
16.1102
-24.9327
-24.3224
8.32883
-44.4624
-6.92876
31.3678
-58.1942
33.5038
11.8381
-55.2953
11.6855
46.1676
-45.8356
5.88761
21.4503
-42.0212
49.2192
-18.8297
-39.8851
52.881
-26.0007
20.84
28.774
-43.3944
31.6729
-55.2953
-14.7101
23.1287
-105.645
76.988
1.61549
-50.8706
59.1366
-71.7735
-6.92876
-21.1183
-60.3303
2.8361
31.8255
-13.7947
-23.8647
52.5758
-87.9465
17.7885
4.97216
-84.4373
68.7489
-60.788
33.809
46.0151
-65.0602
47.6934
-39.2748
-4.64012
17.3308
-27.6791
78.056
-27.8316
-36.9862
45.5573
-26.9162
4.36185
25.875
-10.8957
-2.35148
52.2707
-72.0786
18.5514
73.6313
-96.7959
106.13
-35.7656
-22.0338
84.4642
-105.34
81.2601
-47.9717
-15.3204
87.6683
-83.9796
61.7304
-3.72466
-22.6441
53.6439
-3.57209
-9.98027
58.984
25.1122
-58.652
92.3981
-30.4254
27.5534
66.9179
-69.9426
102.926
-37.9017
11.2278
49.5243
-49.4974
49.0666
-10.2854
51.3552
-13.3369
29.9946
-23.2544
-9.98027
66.4602
-60.6355
76.6828
-2.19891
-56.8211
82.4807
-83.6744
62.951
-2.65663
-56.8211
121.998
-110.07
40.2172
23.4338
-83.3693
103.994
-16.8462
-24.9327
49.5243
-20.2029
-29.3574
40.5223
-15.7782
-86.5733
96.5177
-62.1612
-24.475
65.3922
-100.153
49.2192
7.8711
-42.4789
49.8295
-13.4895
-28.1368
7.2608
-10.7432
-28.1368
16.2628
3.90413
-0.21542
-13.4895
-24.3224
-26.7636
-43.0892
60.5098
-52.2438
34.4193
42.811
-100.915
38.3863
-39.1223
-19.5926
17.0256
-1.5886
33.6564
-47.8191
19.772
-31.9512
-62.0086
25.4173
-31.9512
19.4669
61.5778
13.2113
-43.6995
0.0897312
8.02367
-63.9921
66.9179
37.4708
-16.8462
37.776
-3.11436
-59.72
-10.2854
38.5388
-76.3508
71.1901
44.4893
-88.0991
81.4127
-22.3389
-59.5674
18.2463
-11.506
-20.2029
2.22579
52.1181
-63.5344
1.61549
1.31034
-104.577
71.6478
-21.7286
-32.8667
42.9635
-25.543
-4.64012
-67.6539
30.9101
-7.99679
-35.1553
82.3281
-43.2418
10.3123
38.2337
-31.4935
28.3163
19.4669
-1.89375
-11.506
51.2026
5.12473
-41.1057
53.0335
-24.9327
-29.9677
28.4688
19.772
12.7535
-5.70815
13.5164
-52.0912
-15.6256
37.6234
-37.7491
37.776
32.8935
-66.5859
-4.18239
17.9411
-45.9882
6.65049
46.9305
-31.7986
10.4649
-3.72466
-8.75967
2.53094
-31.0357
55.4748
-24.9327
42.0481
42.3532
-38.2068
56.2376
-11.3535
-13.3369
24.0441
50.7449
-42.9367
16.7205
14.2793
-41.1057
61.8829
-60.9406
77.2931
15.9576
-73.2992
124.592
-32.8667
-21.7286
58.984
-20.508
3.59898
-7.23391
40.6749
-26.4585
-35.4604
58.0686
-44.9201
-67.1962
109.792
-143.332
17.636
106.13
-202.226
118.946
-23.4069
-73.4518
42.3532
-69.0271
29.0791
-84.7424
121.388
-53.1592
-87.1836
148.393
-202.378
58.8314
102.163
-169.575
110.555
9.70201
-93.897
20.0772
59.2892
-76.9611
3.14125
51.0501
-62.7715
35.9451
24.807
-87.4888
-33.477
105.672
-86.7259
10.3123
131.61
-211.075
87.058
-11.6586
-65.2127
86.6002
-59.4148
13.669
-96.1856
70.2746
-59.2623
-48.7345
141.528
-226.791
84.159
31.5204
-129.447
143.358
-101.526
15.4999
37.776
-99.3897
128.864
-19.1348
-41.4109
120.625
-123.039
71.3426
92.5507
-138.144
193.098
-53.9221
-36.2233
128.406
-106.256
82.3281
33.1987
1.92064
44.7945
-23.5595
2.98867
29.5369
27.8585
12.601
28.3163
-4.48754
-16.3885
14.2793
16.7205
21.7555
24.9596
0.85261
-55.4479
80.192
-74.825
26.7905
65.5448
-116.936
91.7878
-92.6764
1.00519
82.7858
-113.579
82.6333
-33.0192
-77.4188
89.8043
-57.7365
-11.9638
99.1115
-110.68
-8.91224
117.115
-150.808
85.6848
109.029
-189.104
153.581
-37.2913
-90.8455
143.969
-43.3944
-21.1183
68.5963
-57.1262
-34.6976
28.9266
-1.74118
-12.4215
8.63398
11.0752
-39.1223
21.6029
-20.2029
15.1947
-25.8482
-24.3224
3.90413
-71.6209
45.2522
-12.1163
-71.4683
72.1055
-90.0826
-42.0212
68.2911
-73.2992
7.2608
14.2793
-62.1612
-12.1163
10.4649
-36.3759
41.2852
-30.8832
29.2317
-39.8851
-16.3885
92.3981
-125.328
110.249
54.8645
-166.981
221.782
-83.9796
-37.2913
177.23
-145.162
82.7858
103.384
-125.022
33.1987
64.3242
-62.7715
48.914
21.4503
-64.6024
57.0005
17.4834
-2.19891
-31.9512
-0.21542
-6.47103
-51.9386
127.185
-88.2517
-82.4538
128.101
-166.218
35.6399
98.3486
-128.989
86.9054
-30.2729
-78.6394
98.0434
-26.7636
-40.4954
45.8625
-26.3059
6.19276
11.6855
-28.2894
20.2297
-45.8356
45.4048
33.3513
-36.681
76.988
-93.2867
31.5204
118.946
-112.511
74.5467
-40.4954
-48.8871
135.272
-75.893
40.8275
-26.9162
-73.2992
136.34
-47.2088
29.6894
53.4913
-92.9815
106.283
-59.5674
-47.6665
113.759
-113.884
92.5507
-11.0483
-76.5033
123.676
-141.195
69.6643
18.5514
-65.5179
91.6352
-145.925
133.441
-90.2352
-40.3429
216.442
-313.301
236.582
-34.6976
-220.993
354.218
-284.922
94.229
95.9074
-217.331
235.514
-174.61
33.809
41.5904
-146.688
226.665
-157.674
28.3163
97.8908
-148.977
164.719
-76.3508
-68.8745
140.46
-89.0146
137.713
-69.3323
-34.3924
110.097
-195.97
199.201
-60.4829
-88.4043
208.661
-218.857
89.6517
48.7614
-161.03
91.3301
-38.9697
-20.2029
53.3387
-31.4935
-19.8977
31.3678
-65.9756
39.4543
-3.11436
-45.683
89.6517
-119.835
49.0666
-2.50406
-40.648
65.087
-122.581
90.8724
-52.2438
-1.74118
93.0084
-209.855
144.426
-1.89375
-92.6764
124.134
-98.7794
-0.21542
100.179
-61.5509
69.5117
-8.75967
-35.0027
77.2931
-145.925
111.318
33.6564
-134.635
230.327
-135.55
-17.7616
189.131
-181.628
115.437
-29.0523
-43.6995
55.7799
-38.8171
91.6352
-114.19
29.3843
60.2046
-122.886
116.353
-43.0892
-72.3838
122.303
-66.7385
18.5514
-32.1038
-47.0562
72.7158
-101.068
89.194
-43.547
-65.2127
123.676
-88.0991
3.90413
79.8869
-62.1612
-1.74118
9.24428
-22.0338
-14.2524
57.1531
-32.1038
5.42989
20.2297
-7.69164
38.0811
-72.9941
101.248
-64.1447
-30.4254
176.315
-179.797
56.2376
58.2211
-150.655
151.292
7.41337
-116.478
101.553
-13.7947
-36.3759
81.7178
-87.3362
-14.2524
53.3387
-79.86
82.6333
-55.9056
-45.9882
61.4252
-108.087
121.998
-45.0727
-9.8277
31.6729
-64.6024
72.4107
-69.1797
67.3757
21.2978
-128.227
187.911
-92.3712
-44.7676
141.375
-155.232
88.2786
91.6352
-132.346
76.3777
-19.2874
-95.5753
91.1775
-51.3283
39.1491
-46.4459
5.58246
59.5943
-104.882
123.524
-137.534
10.1597
91.1775
-121.666
152.208
-99.5423
-21.4235
72.7158
-117.241
155.412
-112.969
39.912
80.4972
-135.55
137.713
-78.9446
24.0441
44.947
-76.1982
108.266
-70.858
28.774
35.9451
-100.458
94.0764
-56.0582
-1.43603
61.7304
-119.072
69.3592
-90.6929
76.0725
44.0316
-194.597
230.174
-180.865
-0.673148
214.459
-329.932
255.044
-80.3177
-132.346
315.464
-296.365
240.702
-69.0271
-101.984
221.172
-279.277
278.083
-58.9571
-96.6434
220.714
-239.454
146.41
-7.38648
-123.649
160.905
-143.789
75.4622
10.77
-68.8745
119.099
-157.521
50.1346
57.1531
-158.131
184.096
-56.9736
-108.087
188.063
-193.987
65.6973
83.8539
-157.369
100.027
16.1102
-28.1368
-10.7432
83.5487
-60.788
-1.28345
112.386
-136.313
72.8684
-0.0628446
-63.8395
80.0395
-35.613
56.0851
-137.839
96.3651
6.49792
-162.251
303.868
-262.188
45.2522
129.932
-222.824
257.79
-135.398
-13.3369
24.6544
-80.1652
155.107
-139.67
132.983
-37.1388
-99.0846
207.44
-204.667
108.876
-5.25042
-141.501
182.876
-144.094
46.9305
45.2522
-154.47
114.369
-38.8171
-62.9241
143.358
-172.016
73.6313
36.7079
-146.841
133.441
-123.192
42.6584
53.6439
-37.7491
22.8235
-45.5304
19.6194
-42.1738
42.6584
9.24428
-18.3719
29.3843
-45.2253
75.157
-73.757
88.4311
-15.1679
-107.934
224.224
-235.64
130.695
90.7198
-260.052
282.508
-171.253
-10.1329
95.2971
-151.418
148.241
-124.87
107.808
-26.4585
-102.746
208.813
-221.145
142.748
16.1102
-208.939
203.626
-134.024
17.3308
109.181
-95.1176
36.8605
29.9946
-41.5635
19.4669
68.5963
-72.6889
17.3308
62.6458
-64.9076
45.4048
74.5467
-98.4743
33.0461
110.402
-116.783
89.0414
73.3261
-164.234
161.668
-13.0318
-103.204
69.3592
-3.26694
-31.7986
41.2852
58.8314
-146.383
60.052
57.7634
-96.9485
133.288
-57.8891
-71.3158
131.61
-29.9677
-11.8112
86.2951
-111.596
12.9061
74.3942
-68.5694
47.6934
-18.6771
-43.8521
27.0957
12.9061
12.7535
-122.734
109.029
-89.4723
-97.5588
202.253
-196.886
25.2647
125.049
-179.187
82.6333
28.774
-149.129
48.6088
58.8314
-72.0786
51.0501
41.1326
-114.495
14.5844
72.1055
-95.8805
-2.65663
47.2357
-129.6
43.2687
102.163
-153.402
50.4398
81.4127
-197.496
161.668
16.5679
-199.479
246.652
-118.614
-70.7055
164.261
-121.666
50.1346
-23.1018
21.6029
-24.1698
-43.3944
171.89
-225.57
89.8043
106.74
-283.091
252.755
-60.3303
-125.633
216.137
-120.293
8.17625
83.7013
-94.6599
72.8684
-56.6685
85.8374
36.0976
-105.798
187.605
-96.4908
-55.1427
207.288
-229.232
73.3261
125.049
-199.632
198.896
26.4854
-142.264
108.419
-54.9901
-41.8686
114.216
-9.98027
-15.6256
63.4087
-21.576
-8.60709
49.2192
-0.520572
-33.1718
29.2317
17.9411
-33.9347
79.2766
-5.70815
-43.8521
93.6187
-60.3303
49.5243
85.227
-92.2187
82.4807
-7.84421
-1.5886
72.1055
-74.5199
29.842
-26.0007
-25.543
92.3981
-67.5014
-31.4935
62.4932
-84.4373
50.4398
52.881
-143.332
28.9266
7.71852
-55.4479
86.4477
19.772
-116.173
14.8896
53.6439
-76.3508
29.6894
3.75155
-86.4208
24.5019
99.7218
-128.989
-6.62361
74.6993
-270.58
158.463
-19.5926
-209.092
229.564
-203.599
6.19276
111.623
-199.632
100.027
-104.577
-13.6421
118.641
-109.46
112.08
-131.736
-34.8501
177.841
-205.735
148.699
-41.716
-149.74
236.735
-140.89
45.5573
36.5554
-93.7444
78.6663
-29.51
86.9054
-40.3429
40.5223
81.7178
-139.975
129.627
48.7614
-138.602
165.024
-25.0853
-99.3897
220.104
-101.984
-47.3614
143.816
-100.153
36.8605
24.5019
5.58246
-26.7636
4.66701
158.921
-170.032
119.557
71.4952
-237.318
269.234
-84.895
-68.1117
213.391
-175.372
93.161
30.2997
-41.1057
55.6273
-108.087
123.981
-87.9465
12.9061
92.7033
-122.276
60.2046
-17.7616
-52.3964
46.9305
-36.2233
-21.1183
40.5223
-12.2689
14.737
-30.4254
-14.0998
43.879
-70.858
88.8889
-72.9941
-22.0338
80.9549
-136.923
121.845
-77.8765
-51.3283
118.031
-113.732
47.3882
58.984
-88.4043
30.4523
-8.45452
-72.0786
94.0764
-77.1136
31.8255
-0.825724
-81.8435
109.029
-152.028
109.029
-25.543
-136.16
195.692
-197.343
83.2436
11.6855
-115.715
96.8228
-101.526
58.2211
-20.0503
-29.9677
-0.9783
-28.442
66.1551
-78.792
54.2542
-48.1242
-12.1163
91.3301
-99.2371
79.2766
-62.1612
5.27731
88.5837
-88.7094
80.8024
-69.6374
31.6729
65.087
-53.4644
79.5817
-101.984
103.231
-36.2233
-1.5886
91.3301
-159.505
108.876
-16.9988
0.700035
69.9695
-74.3673
28.0111
-18.6771
28.9266
-45.3779
5.73504
19.9246
-74.9776
109.792
-38.3594
-36.2233
52.4232
-105.645
75.3096
-48.8871
18.8566
20.84
-87.9465
104.299
-99.0846
45.0996
42.9635
-146.993
166.397
-103.052
25.7225
82.6333
-147.756
159.684
-121.666
33.1987
62.3407
-101.678
168.686
-126.396
73.021
9.09171
-101.373
154.954
-141.806
79.5817
-21.4235
-37.1388
75.3096
-66.1282
37.1657
-54.9901
35.7925
-38.6645
8.93913
62.0355
-91.3032
53.7964
-50.4129
21.9081
7.41337
1.61549
20.3823
-85.8105
80.9549
-40.1903
49.982
40.2172
-53.0067
-8.30194
7.41337
38.844
-64.2973
109.639
-100.915
26.3328
153.276
-168.049
153.428
-91.4558
-28.5945
114.369
-62.7715
80.6498
-85.2002
37.4708
13.5164
-65.9756
123.829
-113.732
-37.5965
80.8024
-62.9241
11.2278
72.8684
-123.497
7.8711
51.0501
-95.2702
44.3367
4.66701
-15.473
-18.9822
61.8829
-8.60709
-108.087
155.717
-130.515
13.3638
118.489
-144.094
102.926
-10.8957
-48.1242
-5.86073
42.0481
-15.1679
-39.4274
125.049
-104.882
-6.62361
109.029
-71.7735
-8.75967
46.6254
-75.4353
-65.0602
187.605
-119.682
-32.2563
134.509
-217.331
87.2105
89.6517
-170.948
56.2376
-4.18239
-40.0377
46.1676
36.0976
-60.0251
-54.9901
77.1405
-6.62361
-45.2253
150.987
-138.602
-17.1513
155.107
-161.946
119.404
-5.25042
-89.93
75.7673
-30.8832
54.7119
-59.2623
105.367
-67.5014
-65.2127
153.886
-186.968
122.608
27.8585
-123.039
135.882
-75.4353
-13.9472
16.8731
-9.36997
-27.5265
-39.7326
130.847
-98.7794
1.92064
76.5302
-123.192
32.2832
74.5467
-101.221
42.6584
20.9926
-58.8045
90.4146
11.3803
-2.35148
-56.2108
75.4622
0.394883
-99.3897
187.758
-68.4168
-5.70815
111.623
-146.23
75.6148
57.0005
-41.716
-18.3719
29.9946
2.68352
-78.4868
179.214
-136.618
5.73504
102.621
-148.519
101.705
-10.7432
-29.8151
-6.47103
38.844
-13.1844
-95.2702
195.387
-206.498
47.2357
132.831
-220.077
187.3
-48.2768
-92.5238
58.984
-51.4809
47.0831
-59.4148
82.9384
-42.6315
-87.3362
171.585
-142.569
33.6564
85.227
-214.584
124.592
29.0791
-72.0786
51.9655
-49.8026
-49.3448
-11.0483
32.1307
-71.6209
30.1472
9.24428
-79.2497
35.1822
-34.8501
-4.64012
-11.2009
22.9761
-59.1097
-32.1038
109.792
-175.372
134.356
-46.2933
-105.34
189.589
-170.795
72.1055
7.10822
-71.4683
56.2376
-23.1018
53.0335
-110.985
125.507
-20.508
-111.901
162.43
-102.289
24.807
92.093
-100.763
44.6419
57.4582
-45.9882
-5.70815
110.555
-111.138
30.2997
107.198
-85.6579
84.159
-54.0747
22.8235
13.2113
26.7905
9.24428
-33.7821
135.119
-144.552
72.2581
51.9655
-120.903
158.921
-74.5199
23.5864
4.51443
-17.3039
67.6808
-74.0621
73.4787
-57.7365
12.9061
80.9549
-78.3343
38.0811
37.776
-87.4888
39.4543
50.4398
-85.8105
85.5322
-17.7616
-32.7141
52.881
-92.6764
123.524
-66.1282
34.2667
38.6914
-127.464
135.272
-144.4
23.8916
124.286
-163.624
89.194
-13.6421
-81.9961
27.2482
-33.0192
-0.367996
-27.0688
44.7945
-65.2127
-17.1513
90.7198
-162.861
44.7945
44.3367
-138.449
103.536
0.547459
-63.687
32.5884
-8.30194
12.1432
-41.4109
31.8255
-31.0357
-28.1368
105.977
-81.0806
24.9596
69.054
-137.991
98.9589
4.0567
-93.2867
102.163
-140.585
116.658
-20.3554
-35.613
118.183
-192.919
118.794
-48.4294
-39.7326
167.313
-243.116
165.635
-24.6276
-88.7094
197.065
-228.927
114.522
4.81958
-82.7589
211.712
-100.153
39.1491
12.1432
-130.82
214.001
-50.4129
-23.2544
116.505
-168.354
172.348
-21.7286
-10.438
114.979
-175.372
147.936
-127.921
69.6643
106.893
-249.677
266.029
-176.746
1.00519
133.594
-250.44
276.252
-214.127
66.0025
80.0395
-190.02
199.354
-151.571
22.671
103.384
-169.422
130.084
-86.7259
50.8975
33.5038
-71.7735
99.4166
-69.4849
-40.1903
54.4067
-3.57209
1.92064
24.9596
-34.2398
-58.0417
83.091
-92.9815
-21.2709
87.058
-95.5753
37.1657
-1.89375
-12.4215
-41.2583
-66.7385
63.8664
-90.2352
89.8043
-56.6685
-87.6414
181.502
-173.542
39.3017
20.5349
-95.2702
145.8
-118.919
64.3242
107.961
-174.457
30.1472
34.4193
-37.7491
101.095
-62.4664
23.1287
132.526
-157.826
42.5058
40.6749
-71.9261
71.953
-112.664
212.018
28.1637
-226.18
205.609
-197.496
33.3513
113.454
-129.905
272.743
-105.493
-146.536
89.194
10.6175
-75.1302
57.7634
141.222
-67.9591
12.601
-14.5575
2.68352
27.2482
-27.5265
2.22579
22.3658
82.1755
-94.2021
57.916
118.641
-221.603
65.3922
5.27731
-57.5839
39.7594
91.6352
-22.3389
-54.5324
-9.98027
-29.3574
46.0151
-60.788
98.6537
-5.70815
-72.5364
57.6108
-56.6685
19.1617
3.29382
-48.582
57.7634
17.9411
-107.476
-85.2002
267.86
-229.079
-71.0106
334.689
-306.435
-22.3389
127.033
-77.8765
56.2376
-26.611
-75.893
36.4028
44.1841
-192.003
86.7528
144.579
-240.675
-9.52255
127.796
-12.4215
-61.5509
20.2297
49.5243
-106.866
-5.403
7.56595
89.0414
57.7634
-125.175
48.3037
21.4503
-110.985
-17.9142
203.016
4.36185
0.547459
45.7099
-142.874
90.1095
-137.076
70.7323
176.01
-166.828
159.531
-92.2187
-34.2398
147.478
-125.938
101.553
-96.7959
-48.8871
145.8
-33.477
93.3136
-143.179
-31.646
38.9966
-176.593
262.215
12.4484
-193.071
202.863
-63.9921
-90.998
131.61
-102.289
31.5204
199.659
-128.989
2.53094
157.548
-170.795
2.22579
203.778
-18.0668
-59.72
58.6789
46.6254
-142.874
85.9899
63.2561
-205.277
224.834
-110.375
-176.593
326.449
-231.978
-49.1923
174.942
-228.316
22.2132
78.056
-48.7345
-78.1817
34.877
32.4358
-177.051
120.93
69.2066
-165.913
139.239
-94.0496
-179.492
233.073
-78.1817
-104.882
237.803
-202.378
-180.407
229.869
-78.0291
-92.6764
114.674
-74.6724
-81.3858
98.3486
-39.2748
-148.519
112.08
-32.7141
-150.655
210.034
-13.3369
-211.991
135.882
-57.4314
-159.352
186.385
-0.9783
-93.2867
94.229
-21.576
-70.4003
49.5243
-5.70815
-78.792
72.7158
63.7139
-24.7801
32.741
28.4688
-86.5733
-33.9347
145.8
-36.0707
6.04019
157.701
-113.884
-31.0357
90.2621
-38.6645
17.1782
56.5428
8.17625
-15.3204
101.858
12.7535
-74.5199
107.656
-52.7015
-22.1863
183.028
1.92064
-23.7121
78.6663
-1.89375
-77.8765
86.7528
80.192
-71.1632
138.323
74.6993
-98.4743
118.336
5.42989
-119.53
96.5177
34.1141
-30.2729
116.658
16.5679
-102.289
32.4358
6.19276
-94.2021
64.019
53.4913
-104.12
67.3757
83.5487
-107.934
8.02367
-20.6606
-129.6
45.8625
41.8955
-61.7035
46.6254
-2.80921
-146.536
-5.55557
8.93913
-123.192
8.4814
36.5554
-71.7735
5.88761
-14.2524
-126.853
-46.4459
-32.4089
-74.5199
31.2152
18.704
-55.4479
-14.5575
-39.8851
-100.915
-52.7015
-7.23391
-59.2623
-43.3944
61.8829
-38.9697
-102.136
-13.6421
-150.808
-95.7279
1.76807
-65.9756
52.7284
-30.4254
-154.317
-135.092
-106.713
-111.596
-109.002
40.8275
5.42989
-54.2273
-4.94527
-64.6024
-112.816
-58.8045
12.1432
52.2707
138.781
136.493
95.4496
138.018
121.082
125.507
227.123
279.151
297.002
335.604
319.736
281.134
273.658
271.98
279.304
307.072
336.367
316.685
294.561
280.829
188.521
152.208
127.033
51.9655
64.3242
62.6458
23.4338
12.9061
-12.1163
-128.074
-170.643
-207.871
-299.874
-225.723
-237.166
-232.588
-199.785
-287.821
-311.165
-390.962
-377.535
-330.847
-294.992
-167.133
-217.331
-205.43
-220.382
-373.569
-314.064
-259.442
-189.104
-88.862
-141.653
-197.343
-215.805
-193.529
-241.743
-232.131
-128.379
-133.872
-123.802
-137.534
-84.7424
-85.6579
-230.147
-290.872
-364.719
-144.247
396.787
804.317
640.298
-139.517
-488.611
-184.68
303.868
705.6
715.976
740.693
515.491
342.775
472.77
369.934
340.334
154.039
353.455
663.184
719.027
868.551
438.288
-60.3303
-506.767
-362.888
326.907
489.4
437.677
28.1637
-294.382
-467.555
-619.063
-299.569
-174.457
-131.888
-242.201
-216.873
11.8381
-159.81
-194.75
-450.162
-302.01
8.78655
195.845
477.957
86.6002
-0.9783
-204.667
-42.0212
409.603
302.495
406.094
257.638
380.766
480.398
231.547
134.967
21.4503
-34.8501
-23.7121
209.119
331.79
102.621
-264.782
-370.517
-285.99
-279.124
-251.966
-293.466
-435.362
-654.003
-745.091
-683.908
-657.817
-811.309
-916.586
-762.179
-594.956
-550.251
-627.607
-706.947
-818.174
-800.018
-691.384
-597.702
-682.077
-677.194
31.2152
883.656
1229.55
224.834
-839.077
-586.107
240.854
1372.2
1612.21
1462.38
1246.48
580.946
666.236
787.686
916.613
962.996
766.326
1080.17
1054.54
1304.16
1138
166.245
-542.47
-910.483
33.5038
605.053
421.046
-131.888
-903.464
-1057.72
-1452.74
-1038.95
-547.352
-484.033
-560.474
-1048.41
-798.034
-729.833
-621.199
-492.425
-673.38
-250.287
137.713
887.013
1009.38
410.824
220.409
50.7449
686.986
1119.39
1519.9
1526.76
886.861
945.144
719.943
789.212
632.517
514.27
686.071
472.465
679.205
434.321
-48.1242
-558.643
-826.871
-547.963
-387.453
-353.428
-598.313
-941.608
-1305.5
-1475.78
-1311.15
-1157.2
-1126.07
-1308.55
-1278.19
-1152.16
-1213.5
-1198.39
-1241.88
-1167.73
-1192.9
-958.392
-517.753
-427.275
-375.247
-551.777
-698.097
-844.723
-133.719
1559.11
2612.65
2016.07
-28.442
-952.746
82.7858
1762.04
2633.4
2301.85
1857.4
1305.99
1044.78
1184.84
1171.87
1041.27
790.28
1014.87
1240.53
1185.3
980.39
80.9549
-998.824
-1658.41
-857.081
350.709
276.862
-638.898
-1691.52
-1841.81
-1800.92
-1593.56
-990.28
-769.961
-762.637
-1142.25
-1184.05
-893.394
-670.481
-287.058
-332.373
-314.979
123.371
952.163
1516.08
1044.01
667.151
724.672
1165.46
1592.37
1821.39
1998.53
1513.95
1060.8
911.273
1090.55
1135.41
796.841
667.456
449.731
369.628
243.448
24.807
-336.34
-913.077
-952.289
-705.116
-564.441
-811.461
-1272.7
-1421.92
-1566.1
-1552.67
-1357.38
-1266.44
-1302.3
-1397.05
-1209.68
-1211.52
-1475.17
-1554.05
-1343.34
-955.035
-756.686
-614.486
-531.637
-548.268
-667.735
-675.669
-466.029
-355.107
-414.459
151.14
1842.9
3097.07
2348.38
3.75155
-1134.77
42.9635
2027.06
3130.95
2793.75
2205.42
1280.2
670.661
601.849
757.781
1145.48
1034.1
1192.01
1034.71
755.95
621.684
-301.858
-1295.89
-1890.94
-940.388
454.003
267.25
-814.513
-2027.49
-2115.53
-1866.83
-1635.37
-816.954
-443.753
-318.031
-874.78
-1093.57
-910.788
-855.861
-247.236
-138.297
165.482
590.101
1221.76
1492.13
468.498
-153.249
119.557
1304
2371.58
2671.08
2342.28
1135.56
19.3143
-21.1183
1019.3
1731.06
1491.82
999.614
422.877
-49.9551
-409.576
-330.847
-352.666
-820.463
-667.277
-192.156
55.3222
-639.05
-1576.63
-1802.14
-1717.3
-1266.59
-930.623
-702.064
-1061.53
-1544.28
-1427.1
-1285.67
-1270.56
-1383.47
-899.497
-528.891
-707.099
-779.115
-859.523
-822.141
-1061.99
-897.514
-217.026
10.77
-188.494
-824.278
-259.747
1462.22
2855.85
2461.6
-35.4604
-1222.04
-187.273
2211.52
3402.38
2582.13
1892.03
986.798
788.144
755.34
976.117
1556.36
1084.6
981.763
694.31
475.669
481.314
-298.043
-927.419
-1671.38
-921.011
505.726
316.074
-903.007
-2429.99
-2268.56
-1717.15
-1295.58
-664.378
-591.905
-441.16
-1063.67
-1195.49
-857.539
-576.037
49.5243
98.0434
499.165
815.455
1217.34
1359.69
251.077
-119.072
380.461
1708.18
2527.36
2271.49
2267.82
1452.92
809.047
434.321
692.937
1437.96
1209.56
1067.97
697.361
312.718
-290.415
-849.3
-671.549
-629.286
-439.939
-294.839
-336.493
-917.501
-1744
-1787.79
-1560.61
-1170.62
-1101.51
-1262.48
-1399.18
-1718.98
-1521.85
-1474.86
-1331.9
-1268.27
-1154.3
-756.076
-926.808
-831.143
-911.093
-728.612
-635.083
-632.947
-133.262
-160.878
-202.836
-664.836
-244.794
1562.77
3213.49
3185.72
535.936
-1209.07
-237.318
2197.33
3751.62
3021.85
2186.81
1274.4
680.425
709.11
838.799
1562.92
1342.3
1070.56
772.429
327.67
380.156
-381.502
-1095.56
-1722.03
-1153.54
242.38
74.2416
-1117.99
-2520.62
-2398.86
-1679.77
-1541.38
-1002.49
-700.996
-333.441
-774.843
-1352.34
-1116.61
-1008.44
-199.479
298.375
832.696
1292.56
1172.18
1061.87
105.825
-41.5635
893.421
2180.4
2853.26
2047.66
1320.63
1020.67
1391.58
1799.72
1465.73
1033.03
620.311
712.619
824.152
512.592
57.7634
-681.009
-985.855
-805.358
-327.491
-129.447
-757.144
-1425.43
-1790.85
-1664.67
-1296.19
-1009.96
-998.824
-1509.95
-1838.14
-1543.37
-1114.63
-1201.45
-1517.28
-1318.78
-949.542
-914.755
-1059.7
-878.442
-675.669
-586.717
-383.486
-349.462
-290.72
-424.376
-207.413
-244.794
-359.837
1078.04
3016.97
3560.14
892.048
-1732.41
-842.739
2033.16
3950.13
3042.91
1872.35
1265.1
703.464
521.899
683.019
1536.68
1451.24
1056.37
796.841
66.1551
-134.33
-668.04
-922.079
-1322.74
-1196.26
232.768
-28.8997
-1257.14
-2711.95
-2585.77
-1262.93
-1320.76
-1128.97
-855.708
-207.566
-372.958
-1422.22
-1287.96
-1016.37
-78.3343
872.976
1286.3
1482.52
963.606
782.499
313.175
307.988
1510.59
2462.51
2753.17
1823.37
1102.15
1078.65
1192.16
1551.18
1440.86
1357.4
821.558
303.868
414.181
95.9074
-318.794
-809.783
-743.565
-463.283
-792.389
-857.539
-1259.12
-1702.81
-1834.79
-1748.89
-1145.75
-1010.57
-1208.16
-1511.33
-1733.02
-1602.72
-1420.85
-1101.66
-870.813
-859.98
-915.06
-928.182
-994.857
-968.614
-622.725
-229.689
-137.381
-308.571
-292.246
-77.7239
-114.19
-486.475
-503.563
934.922
3297.86
4011.16
1599.85
-1561.68
-1583.65
1461.92
3882.08
3614.46
2226.63
1193.69
464.378
0.394883
302.342
1417.98
1640.43
1090.85
394.803
-202.684
-266.46
-704.658
-995.01
-1330.98
-1263.24
-204.057
-136.618
-1113.41
-2428.92
-2580.73
-1531.62
-1301.53
-979.752
-417.358
168.686
-159.047
-1488.14
-1600.58
-972.276
400.449
1387
1593.13
1415.54
498.097
390.531
388.395
840.935
1671.41
2227.24
2421.77
1413.55
1031.65
1269.83
1448.8
1323.07
720.705
900.745
874.044
642.587
448.663
-305.52
-807.494
-1254.54
-889.58
-203.752
-394.014
-860.591
-1625.61
-1959.29
-1867.13
-1552.83
-962.816
-875.238
-1258.97
-1568.39
-1470.44
-1334.34
-1264.31
-974.412
-655.071
-638.593
-782.777
-678.415
-631.574
-787.812
-711.066
-344.884
4.97216
26.1802
-105.493
-215.195
-342.138
-774.233
-694.283
1174.01
3536.34
3949.21
995.495
-2075.86
-1503.09
1507.08
4005.66
3620.26
2144.54
1136.17
13.5164
-228.011
307.377
1509.06
1997.31
1041.42
253.213
-502.648
-565.509
-565.509
-989.822
-1104.1
-977.311
121.845
34.2667
-1375.84
-2539.99
-2537.86
-1264
-864.71
-395.082
71.0375
34.2667
-650.646
-1762.16
-1310.38
-194.444
1080.33
1724.81
1342.3
950.332
305.547
412.35
767.851
980.847
1750.59
2185.59
2332.52
1586.42
778.989
979.779
1009.23
961.775
943.008
1157.84
1063.7
240.549
-361.21
-672.465
-876.611
-799.103
-350.224
-182.696
-747.532
-1529.18
-1815.56
-1634.3
-1447.4
-1143.77
-760.653
-793.305
-1343.65
-1776.96
-1573.12
-1222.65
-1056.35
-821.836
-588.853
-625.624
-910.788
-929.555
-747.99
-626.692
-605.179
-318.489
47.3882
4.20928
-124.412
-454.129
-516.379
-776.826
-79.0971
2294.83
3955.01
2927.56
-985.092
-2622.84
-159.047
3293.9
4549.9
2886.37
1436.29
140.154
-541.707
-38.512
1232.9
2533.31
1902.56
695.53
-360.905
-785.523
-419.341
-510.734
-619.063
-953.967
-387.3
440.271
-496.545
-2115.68
-3152.43
-2036.19
-725.256
-405.915
-75.2827
-201.463
-566.424
-1870.34
-2112.48
-662.547
886.555
1720.69
1011.97
416.317
24.807
101.858
837.426
1137.7
1617.09
1803.69
1930.48
1782.79
988.171
1028.6
1274.4
1504.64
1468.94
1047.07
1024.79
596.814
78.056
-269.359
-457.027
-396.15
-451.687
-405.609
-483.881
-920.4
-1469.67
-1657.19
-1465.86
-1149.87
-855.861
-770.418
-1069.16
-1700.37
-1983.24
-1565.95
-937.641
-623.03
-742.192
-976.548
-1155.21
-1207.09
-1023.39
-759.433
-498.223
-343.511
-207.719
-262.341
-441.16
-571.917
-522.635
-495.324
-440.092
1125.64
3344.4
3843.02
874.654
-2588.66
-1864.23
1769.66
4738.49
4069.75
1951.84
534.563
-615.096
-417.358
556.534
2309.78
2727.84
1138.46
-167.133
-1142.7
-780.031
-219.162
-225.57
-248.609
-660.869
-74.9776
-197.954
-1688.92
-2804.71
-2575.24
-727.544
2.22579
-243.879
-448.636
-861.353
-1341.36
-2080.43
-1261.56
468.803
1547.97
1513.79
304.326
-250.44
-344.274
329.348
1349.47
1670.18
2008.75
1679.95
1532.87
1169.43
978.101
1457.49
1321.24
1461.31
1357.56
1495.03
1200.4
167.618
-293.161
-595.261
-264.324
59.5943
194.471
-91.4558
-997.604
-1562.29
-1627.74
-1360.28
-1083.35
-748.295
-673.99
-1214.72
-1907.57
-2139.48
-1760.94
-1326.4
-906.821
-520.499
-712.592
-1247.22
-1485.08
-1107.46
-866.388
-719.611
-386.232
-10.1329
-34.3924
-685.739
-585.344
-500.359
-191.698
-306.435
-193.071
1935.97
3514.37
3227.53
-361.973
-2709.5
-591.447
2818.47
4960.64
3343.64
1422.55
5.73504
-968.004
28.3163
1339.71
3075.56
2488.45
402.737
-754.856
-1382.55
-192.156
57.3057
13.669
-157.979
-788.727
-142.111
-1105.78
-2022
-2562.12
-1813.27
-57.1262
-369.449
-439.176
-859.065
-1054.51
-1422.68
-1892
-472.895
782.956
1473.82
819.269
-254.254
-305.215
-46.9036
1015.63
1685.75
1807.35
1747.85
1266.01
1247.55
1300.95
1779.43
1901.95
1191.1
1077.89
1378.92
1692.92
997.936
129.932
-29.8151
-401.642
-239.454
221.935
399.686
-421.63
-1766.13
-1662.99
-1265.07
-1152.77
-999.129
-914.908
-966.631
-1749.19
-2110.49
-1786.27
-1470.13
-1215.94
-952.746
-770.266
-1137.52
-1631.86
-1534.52
-959.765
-671.244
-523.703
-221.603
-141.653
-454.434
-609.756
-413.238
-266.003
-273.326
-382.418
443.017
2067.95
3364.08
2551.01
-607.315
-2190.14
-292.398
3421.15
5000
3095.7
808.131
-549.183
-706.489
239.939
1887.91
3384.07
2384.39
225.902
-1264.92
-1341.2
-196.428
389.921
520.068
-247.236
-634.015
-555.286
-1377.21
-2029.02
-2269.32
-1041.09
-72.6889
-574.358
-892.174
-1317.71
-1214.11
-1472.27
-1545.35
-238.844
609.63
976.423
212.78
-614.638
-357.09
169.601
1260.82
1539.73
1444.53
1347.94
1032.11
1123.35
1069.95
1686.05
2041.1
1552.85
1078.19
778.684
1270.59
1083.23
569.808
272.132
-200.242
-34.545
-23.5595
223.461
-323.981
-1242.95
-1289.94
-1334.8
-897.972
-934.742
-846.554
-971.361
-1724.17
-1905.28
-1899.33
-1355.7
-1093.88
-1134.46
-1112.04
-1358.6
-1392.78
-1242.34
-774.385
-555.286
-567.645
-497.613
-497.308
-339.849
-509.819
-308.419
-53.1592
-142.416
-310.707
-497.46
1099.55
2938.85
3029.03
661.506
-2085.32
-1110.05
1850.07
4085.92
3606.22
1518.22
308.446
-798.645
-366.092
1385.17
2948.31
3054.35
754.882
-934.59
-1286.89
-418.121
894.947
876.333
444.085
-399.354
-764.163
-1057.26
-1741.26
-1502.93
-859.217
-134.482
-550.404
-1288.87
-1108.07
-1111.73
-1148.96
-1334.34
-748.6
199.201
236.735
113.454
-446.957
-480.677
45.2522
538.53
1129
976.27
883.046
761.443
704.38
1051.34
1268.76
1776.07
1781.57
1398.45
1010.45
723.147
976.575
843.529
731.386
563.095
377.715
341.86
-141.348
-242.658
-433.989
-520.194
-615.096
-879.663
-683.145
-820.463
-951.526
-1313.89
-1556.95
-1346.09
-1280.94
-1061.69
-1256.22
-1399.79
-1300.31
-1219.45
-979.295
-1153.99
-1092.81
-861.353
-711.829
-430.479
-569.171
-491.967
-442.075
-460.689
-178.271
-356.785
-298.959
-364.109
174.331
1845.65
2635.07
1879.06
-747.532
-1684.5
339.266
2752.86
3952.26
2498.21
929.582
-404.084
-749.668
733.217
2261.57
3392.77
2018.21
-49.9551
-973.802
-778.2
846.275
1499.45
1379.53
293.646
-937.641
-851.589
-1010.27
-622.725
-306.283
-206.04
-327.491
-1314.2
-1195.04
-989.975
-873.102
-916.128
-1198.09
-631.422
-547.2
-419.494
-426.36
-672.465
-451.535
-414.611
9.24428
190.81
158.158
484.671
561.264
698.887
547.837
640.908
1140.44
1250.91
1392.5
1151.73
852.378
600.933
411.739
831.018
910.815
941.33
696.293
112.996
-152.944
-388.826
-45.0727
12.9061
-192.614
-317.421
-762.789
-833.28
-922.079
-764.62
-800.781
-1218.08
-1214.87
-1223.72
-981.736
-892.632
-1092.2
-1237.3
-1404.83
-1045.36
-718.542
-652.63
-626.692
-877.374
-925.13
-908.652
-607.772
-72.6889
-43.8521
-309.792
-945.575
-777.742
711.093
2166.67
2158.73
-80.7755
-1745.99
-938.404
1360.91
3151.7
2662.39
1288.13
-178.577
-896.751
30.9101
1536.83
2988.59
2645.91
963.301
-414.306
-938.252
413.418
1655.69
1911.25
1109.62
-169.117
-296.975
-507.988
-248.456
231.7
376.342
244.364
-895.378
-1126.23
-642.407
-272.411
-293.924
-915.67
-815.428
-764.62
-654.308
-320.167
-429.869
-486.932
-730.138
-466.945
-187.426
-228.164
93.0084
84.0064
51.9655
-141.043
0.242307
557.449
596.356
668.219
588.422
533.8
445.611
262.52
603.375
723.91
631.754
411.129
146.105
155.412
65.8499
232.31
308.14
171.585
20.6875
-233.962
-208.481
-270.732
-324.134
-415.069
-609.756
-581.377
-671.854
-633.71
-640.881
-794.678
-798.187
-875.543
-693.825
-497.002
-456.417
-481.44
-794.83
-912.619
-777.437
-420.867
-79.7074
-202.989
-465.877
-665.294
-662.852
-444.974
73.4787
822.626
925.462
50.1346
-1007.67
-972.429
237.193
1378.46
1604.73
857.108
-106.256
-580.004
-214.432
806.606
1611.6
1666.52
949.874
39.912
-329.322
161.21
1141.66
1670.8
1319.72
534.715
-6.16588
-84.895
184.249
644.418
943.771
704.075
35.6399
-413.391
-309.334
67.2231
272.59
96.8228
-222.671
-468.166
-480.982
-288.279
-148.061
-155.385
-384.249
-576.494
-561.695
-425.444
-152.639
6.80307
-112.206
-478.083
-696.877
-405.457
22.9761
236.735
141.68
-104.272
-269.817
-326.88
-154.927
84.3116
212.628
226.512
60.3572
-119.835
-202.226
-76.1982
169.601
237.04
178.909
36.0976
-35.1553
28.9266
68.4437
81.8704
-13.7947
-58.1942
40.8275
158.921
192.488
-2.19891
-208.481
-225.723
-86.8785
56.8479
59.2892
-32.7141
-172.626
-307.198
-340.612
-215.195
-65.2127
-89.1671
-302.01
-480.066
-449.704
-312.538
-234.267
-259.747
-288.431
-285.38
-309.181
-380.129
-404.694
-322.15
-173.084
-70.0952
-74.9776
-80.7755
-100.763
-86.2682
-48.7345
35.4873
245.889
371.459
382.14
267.708
179.824
283.118
411.129
516.864
506.336
445.764
421.809
370.849
376.647
414.333
454.918
422.115
311.955
289.984
333.773
385.496
332.4
203.016
111.012
82.9384
167.618
220.409
180.282
58.3737
-67.3488
-106.256
-117.851
-49.65
37.6234
37.3182
-91.7609
-275.157
-294.229
-191.698
-97.2537
-88.2517
-166.828
-226.943
-266.613
-228.621
-146.383
-133.719
-165.913
-206.04
-185.9
-115.715
-34.0873
10.6175
-47.3614
-132.499
-123.497
-6.92876
103.536
115.59
49.982
-8.91224
-12.8792
29.6894
95.1445
129.932
91.0249
6.04019
-38.6645
-2.80921
61.1201
76.5302
7.2608
-107.629
-170.032
-119.682
-26.3059
-15.6256
-118.919
-253.034
-318.336
-273.326
-150.35
-60.3303
-115.41
-287.516
-406.067
-347.325
-168.964
-28.1368
-28.1368
-155.538
-297.738
-318.641
-179.95
12.7535
114.827
69.054
-68.4168
-175.22
-138.907
37.9285
209.729
231.395
118.183
8.02367
-0.21542
87.058
199.354
256.875
223.461
145.342
106.893
132.983
180.892
208.356
197.065
146.563
96.2125
103.994
158.921
181.96
140.002
78.6663
45.7099
49.3717
90.5672
150.682
174.179
123.524
41.5904
9.85458
51.0501
113.911
143.358
127.948
87.8208
58.984
68.7489
99.7218
105.52
79.4292
58.0686
66.9179
95.4496
123.066
130.542
98.8063
34.877
-11.8112
11.6855
90.1095
137.408
91.7878
-11.9638
-92.829
-104.577
-62.7715
-17.7616
-15.0153
-70.5529
-155.08
-213.211
-215.195
-171.863
-130.057
-140.28
-197.954
-253.796
-268.444
-236.861
-195.97
-183.612
-195.36
-208.634
-213.211
-207.566
-182.391
-141.043
-116.173
-113.274
-99.5423
-72.8415
-58.8045
-59.1097
-46.9036
-6.47103
39.7594
61.8829
61.8829
53.4913
47.0831
52.2707
68.7489
87.2105
100.637
102.316
80.6498
40.5223
14.1267
19.9246
32.741
23.8916
-0.520572
-18.2194
-25.3904
-36.681
-56.0582
-68.5694
-68.1117
-69.9426
-76.1982
-69.1797
-48.8871
-41.4109
-60.9406
-82.4538
-76.8085
-42.6315
-5.25042
13.5164
18.704
23.8916
24.5019
26.0276
49.5243
93.3136
132.831
146.257
147.325
175.247
225.139
251.382
238.261
219.494
239.786
297.613
346.284
356.659
334.841
297.155
251.687
218.426
238.566
298.375
316.532
254.434
154.954
80.8024
55.017
56.2376
61.8829
57.6108
22.0607
-51.3283
-135.703
-190.783
-200.853
-192.919
-197.343
-218.704
-248.151
-281.87
-319.099
-348.393
-347.783
-309.487
-261.73
-245.252
-268.596
-301.4
-312.08
-282.786
-208.939
-119.377
-73.9096
-104.425
-165.15
-168.964
-84.4373
31.5204
98.6537
91.9404
46.7779
15.4999
31.0626
97.2805
179.519
222.545
200.422
143.816
107.808
120.472
164.261
198.896
195.387
160.752
124.744
98.8063
85.9899
75.3096
66.6128
48.914
18.2463
-14.2524
-38.2068
-58.4994
-86.1156
-109.612
-135.855
-143.332
-153.859
-167.591
-187.273
-193.376
-195.512
-192.766
-194.75
-195.512
-188.494
-172.931
-150.045
-119.835
-88.4043
-66.8911
-60.6355
-51.7861
-21.7286
30.7575
83.091
119.404
138.323
149.156
156.785
166.55
188.063
224.376
262.978
283.728
278.083
255.654
230.022
210.95
205.762
218.121
235.819
230.632
183.181
109.181
50.8975
35.7925
51.2026
61.5778
41.7429
-9.67512
-73.9096
-126.396
-145.925
-132.804
-112.664
-117.699
-155.843
-202.531
-228.469
-226.18
-206.04
-181.17
-163.166
-164.082
-187.121
-211.686
-204.057
-155.69
-98.6268
-68.8745
-71.3158
-86.4208
-88.7094
-61.8561
-8.45452
47.9985
81.8704
82.4807
60.6623
46.7779
65.5448
107.961
141.833
147.325
131.61
111.623
99.264
97.7383
102.316
104.757
96.0599
74.8519
53.0335
42.2007
38.9966
28.1637
3.14125
-22.7966
-34.3924
-34.0873
-35.4604
-46.9036
-62.6189
-76.8085
-88.0991
-95.4227
-94.8124
-85.6579
-74.0621
-64.4498
-55.753
-47.0562
-42.1738
-39.8851
-28.5945
0.242307
43.2687
73.7839
79.124
71.3426
72.7158
96.8228
127.948
150.682
152.36
140.612
126.728
120.777
135.882
148.393
149.004
128.406
77.5983
46.3202
56.5428
81.8704
88.2786
51.6604
-8.45452
-60.1777
-77.4188
-57.8891
-29.8151
-32.5615
-87.6414
-164.845
-210.923
-197.038
-148.367
-121.971
-146.383
-202.531
-244.184
-239.302
-191.546
-136.618
-114.19
-136.313
-173.084
-177.509
-127.921
-50.8706
2.68352
5.27731
-25.2379
-46.4459
-27.9842
26.9431
90.4146
127.491
121.693
85.8374
56.3902
63.4087
106.13
150.682
165.177
145.647
111.928
87.3631
81.8704
92.093
106.13
111.165
97.128
67.986
40.0646
24.9596
22.5184
19.1617
8.02367
-8.30194
-25.2379
-41.4109
-55.9056
-62.4664
-67.6539
-71.0106
-73.4518
-82.4538
-88.862
-89.4723
-80.3177
-67.5014
-57.8891
-52.7015
-53.0067
-51.3283
-41.2583
-18.0668
9.24428
28.1637
32.5884
27.8585
28.3163
44.0316
71.8004
97.8908
111.012
110.555
104.299
103.841
114.674
133.136
147.936
147.173
130.847
113.606
110.249
120.014
125.812
114.674
86.6002
53.949
31.3678
24.5019
26.3328
22.0607
-0.21542
-40.3429
-80.1652
-98.932
-93.5918
-84.4373
-91.3032
-114.342
-141.348
-157.674
-158.589
-150.35
-139.67
-138.602
-147.451
-155.538
-156.911
-144.247
-122.734
-113.122
-109.765
-107.019
-108.392
-94.5073
-63.3818
-33.9347
-17.1513
-20.508
-28.442
-22.0338
4.0567
44.0316
76.6828
84.3116
71.1901
57.1531
59.1366
84.7693
121.082
144.426
142.596
119.557
93.6187
85.6848
100.332
121.693
130.084
116.353
85.6848
54.2542
38.6914
40.8275
46.6254
41.5904
21.2978
-7.08133
-31.4935
-44.4624
-48.582
-51.6335
-59.5674
-71.7735
-82.7589
-88.862
-91.4558
-92.5238
-94.2021
-94.6599
-90.3877
-80.928
-67.1962
-57.5839
-53.0067
-50.1077
-43.0892
-24.7801
-0.0628446
23.739
38.5388
44.7945
45.5573
47.9985
65.087
87.6683
111.47
127.338
123.066
110.707
103.384
104.757
115.132
127.033
128.864
116.2
90.7198
63.2561
42.3532
32.5884
33.1987
32.5884
20.6875
-7.23391
-43.2418
-75.893
-88.7094
-84.2847
-73.2992
-67.1962
-84.2847
-111.901
-138.754
-146.841
-127.616
-100
-78.6394
-81.5383
-101.678
-121.055
-122.124
-96.6434
-59.1097
-29.0523
-23.7121
-38.512
-54.5324
-52.3964
-24.475
14.1267
44.4893
51.5078
37.6234
22.671
22.3658
43.4213
73.7839
93.0084
93.3136
74.8519
53.4913
44.7945
52.1181
67.0705
73.021
64.4767
44.1841
21.4503
11.2278
9.24428
13.8216
19.772
12.2958
-1.74118
-16.9988
-29.9677
-32.7141
-29.3574
-26.611
-27.2213
-33.477
-44.0047
-53.0067
-56.6685
-56.2108
-50.4129
-42.3264
-37.2913
-36.3759
-42.0212
-46.4459
-41.716
-25.543
-1.89375
19.3143
29.2317
27.2482
22.9761
27.706
46.9305
73.9364
94.9919
99.5692
87.9734
73.021
66.1551
73.7839
88.5837
95.2971
88.2786
65.5448
42.5058
28.0111
25.5699
30.1472
28.9266
18.5514
-0.367996
-18.8297
-31.0357
-35.1553
-36.0707
-36.8336
-43.0892
-49.9551
-59.72
-67.1962
-75.1302
-77.5714
-77.7239
-70.2477
-63.5344
-60.4829
-65.3653
-72.0786
-75.893
-66.8911
-46.4459
-24.9327
-11.2009
-10.2854
-17.4565
-18.3719
-4.02982
19.772
43.4213
52.4232
42.5058
25.5699
16.8731
24.1967
42.811
58.8314
55.9325
37.0131
11.8381
1.15776
6.95564
26.0276
36.2502
31.8255
10.4649
-8.91224
-16.8462
-6.62361
9.24428
17.9411
11.5329
-6.92876
-23.5595
-29.3574
-21.1183
-8.45452
-1.43603
-6.92876
-20.3554
-33.3244
-35.613
-27.0688
-12.5741
0.547459
3.29382
-0.673148
-8.60709
-9.67512
-1.5886
14.737
32.8935
41.4378
39.912
30.4523
22.0607
22.2132
32.5884
46.4728
52.2707
49.5243
34.1141
17.3308
12.7535
14.5844
26.1802
33.0461
27.2482
11.3803
-6.16588
-16.8462
-14.7101
-5.09785
1.61549
-2.50406
-15.6256
-31.7986
-41.1057
-40.3429
-33.1718
-27.2213
-27.8316
-34.6976
-42.4789
-46.5985
-44.9201
-39.1223
-33.3244
-27.6791
-24.475
-21.576
-19.2874
-18.8297
-16.8462
-14.0998
-6.0133
3.90413
12.4484
15.4999
10.4649
5.42989
2.22579
8.02367
19.6194
27.0957
28.3163
19.6194
6.49792
0.242307
2.37837
9.09171
17.7885
15.9576
5.58246
-6.62361
-15.0153
-17.1513
-10.2854
-6.0133
-5.70815
-9.36997
-16.9988
-20.6606
-20.9657
-16.6936
-9.2174
-6.31845
0.0897312
-0.21542
-0.0628446
0.85261
1.31034
5.12473
13.3638
20.9926
26.1802
28.0111
22.2132
16.2628
13.669
17.1782
24.1967
31.8255
30.9101
25.2647
13.9741
6.95564
7.56595
12.7535
22.0607
22.3658
16.2628
4.66701
-7.69164
-10.8957
-9.2174
-3.26694
-2.35148
-7.69164
-19.7451
-33.0192
-40.1903
-42.0212
-35.3079
-30.1203
-26.4585
-31.3409
-38.0542
-43.2418
-43.2418
-31.9512
-18.9822
-7.69164
-2.35148
-5.25042
-9.06482
-8.14936
-0.0628446
12.9061
25.1122
29.3843
24.807
16.7205
11.2278
13.2113
22.5184
30.4523
34.5719
28.0111
18.8566
10.77
9.85458
15.9576
23.1287
25.2647
21.7555
11.8381
5.27731
1.00519
4.0567
5.73504
4.66701
-1.43603
-11.9638
-18.3719
-21.7286
-20.9657
-19.1348
-19.5926
-23.7121
-23.2544
-24.1698
-20.0503
-13.1844
-7.84421
-0.825724
4.36185
8.63398
15.1947
21.1452
28.9266
34.2667
37.6234
39.912
40.3698
41.5904
42.0481
43.879
45.5573
46.0151
43.7264
36.5554
32.4358
26.4854
25.1122
26.6379
30.1472
26.7905
18.0937
4.81958
-5.403
-8.75967
-6.47103
-2.04633
-3.57209
-17.3039
-36.9862
-54.2273
-60.4829
-54.9901
-45.683
-42.0212
-50.2603
-66.7385
-78.3343
-76.6559
-68.1117
-50.4129
-36.681
-35.3079
-44.4624
-53.7695
-52.8541
-38.9697
-17.7616
0.242307
4.66701
-2.35148
-12.7266
-16.0833
-8.91224
5.27731
20.84
30.7575
28.9266
19.9246
11.2278
9.39686
17.0256
31.3678
43.7264
47.5408
40.9801
26.4854
15.0422
15.4999
23.8916
36.8605
45.4048
35.6399
19.1617
-1.5886
-13.3369
-11.3535
