-4
-3
-5
-4
-8
-6
-8
-9
-9
-13
-6
-9
-10
-6
-10
-12
-7
-7
-14
2
-9
-3
-2
-2
-7
-1
-6
-6
-2
-6
-3
-4
-2
-3
-3
0
-1
0
1
3
3
4
5
3
4
6
2
5
7
7
7
9
6
5
6
2
4
2
4
2
6
2
4
1
2
-1
-5
-4
-8
-8
-9
-8
-9
-9
-11
-13
-13
-14
-13
-13
-13
-15
-16
-19
-25
-24
-28
-25
-24
-23
-23
-24
-28
-25
-26
-26
-21
-19
-24
-22
-20
-20
-19
-21
-22
-7
-17
-16
-13
-16
-11
-6
-14
-5
-6
0
-3
-5
-1
-3
-1
4
11
1
4
2
20
9
11
15
10
18
4
14
26
13
14
17
22
16
16
16
19
15
18
8
18
24
4
8
15
12
10
12
13
9
2
3
6
2
1
7
-1
-5
-11
-4
-5
-3
-7
-21
-12
-7
-14
-16
-7
-13
-17
-22
-19
-17
-22
-23
-16
-21
-24
-18
-21
-21
-15
-28
-18
-20
-15
-16
-13
-10
-18
-15
-14
-11
-13
-14
-11
-17
-8
-7
-5
-8
-10
-3
-11
3
-3
-6
-1
-10
-5
-2
-1
2
11
4
10
6
6
6
5
13
8
7
12
7
9
-4
1
3
1
-2
-10
-3
-4
-5
-8
-10
-5
-9
-7
-7
-10
-9
-7
-1
-4
-7
-8
-7
-6
-10
-9
-5
-4
-6
-11
-9
-9
-11
-13
-14
-11
-12
-15
-17
-18
-17
-15
-14
-11
-13
-12
-11
-11
-10
-11
-9
-7
-8
-4
-3
-3
-1
0
4
5
2
2
2
4
5
2
1
2
-1
-1
-5
-1
2
5
5
3
3
4
3
2
8
7
9
9
8
8
5
3
3
4
6
7
6
4
3
1
0
-1
-2
-6
-9
-10
-9
-11
-14
-10
-10
-8
-6
-8
-9
-4
-8
-13
-3
-7
-11
-1
-5
-6
-7
-5
1
-4
-10
-6
-6
-8
-9
-6
-3
-10
-11
-9
-9
-8
-9
-6
-7
-10
-10
-4
-1
-8
-4
1
-5
-9
2
9
0
3
4
3
10
4
3
4
4
4
0
1
4
-1
0
-3
-6
-6
-3
2
-8
-9
-1
-6
-3
0
0
5
10
0
2
7
-4
5
2
-8
4
-4
-9
-5
-2
-2
-10
2
-3
-7
-3
-10
-9
-12
-13
-16
-17
-15
-15
-14
-19
-11
-3
-4
0
-4
-4
4
0
-3
-2
-7
-5
-7
-11
-8
-7
-4
-6
-3
-2
-5
-1
-4
-6
-1
-3
-8
-1
-8
-8
-5
-10
-6
-2
2
3
13
8
16
9
12
3
2
-2
-3
-7
-5
-8
-6
-5
-5
-4
1
3
8
7
12
7
8
-3
-2
-10
-9
-14
-11
-12
-9
-8
-6
-2
0
2
4
3
3
-2
-5
-10
-13
-21
-16
-22
-16
-13
-11
-4
0
-2
3
4
-4
7
-2
0
-1
-4
-8
-5
-8
-10
-3
-8
-3
-1
1
1
7
4
3
6
1
-3
-1
-9
-9
-8
-8
-9
-2
-5
0
3
5
6
4
5
1
-1
-4
-7
-12
-10
-13
-9
-10
-4
-6
3
-2
9
3
5
0
1
-6
-9
-10
-13
-13
-13
-10
-11
-8
-3
1
4
3
5
3
5
-4
-12
-13
-14
-14
-16
-14
-13
-7
-3
1
0
1
5
5
0
-5
-4
-9
-14
-14
-10
-14
-16
-5
-2
0
1
10
5
8
8
4
-6
-7
-6
-10
-13
-13
-11
-7
-1
-2
2
7
11
6
8
2
1
-8
-7
-16
-15
-18
-4
-12
-2
1
17
8
9
1
5
-10
-15
-21
-18
-20
-18
-17
-8
-3
0
1
9
13
10
4
2
-3
-10
-14
-22
-23
-22
-17
-17
-10
-1
6
7
14
15
14
6
3
-4
-5
-18
-18
-19
-14
-18
-11
-5
2
4
7
9
11
11
10
-1
-11
-18
-19
-20
-20
-20
-18
-14
-7
2
7
10
12
12
14
12
4
-3
-10
-17
-19
-15
-15
-15
-10
-1
6
13
19
19
13
10
8
-2
-13
-20
-25
-28
-25
-23
-21
-16
-7
0
5
8
6
1
1
1
-5
-11
-14
-16
-18
-14
-7
-4
0
6
11
12
14
11
4
1
-2
-8
-9
-5
-7
-6
-1
-3
-11
-11
-10
-11
-12
-11
-14
-16
-12
-9
-5
-2
-1
2
5
1
-5
-7
-14
-22
-18
-19
-21
-17
-6
-1
7
22
29
27
31
27
11
3
-11
-26
-32
-41
-40
-29
-24
-12
8
19
30
32
24
23
9
-9
-24
-40
-43
-53
-50
-43
-32
-12
10
24
41
47
45
52
21
-5
-18
-47
-45
-59
-61
-36
-25
-3
18
37
56
57
53
40
27
7
-26
-54
-69
-78
-70
-55
-38
-4
23
42
61
58
58
44
21
-4
-37
-56
-76
-79
-73
-60
-33
-4
20
45
64
71
73
49
38
1
-22
-52
-72
-76
-76
-65
-34
-3
19
41
63
70
67
24
11
-10
-17
-45
-61
-68
-66
-57
-43
-21
10
20
39
47
47
41
25
8
-13
-28
-52
-45
-52
-41
-28
-14
12
23
38
45
49
44
34
18
1
-11
-34
-37
-43
-40
-28
-22
-1
8
18
33
33
35
26
10
6
-10
-25
-28
-44
-38
-35
-25
-8
-4
15
26
30
38
27
19
15
3
-10
-24
-39
-45
-42
-31
-25
-18
-6
1
15
30
22
21
11
-1
-6
-30
-37
-43
-42
-43
-33
-15
-17
5
22
29
28
25
25
6
1
-18
-26
-31
-41
-35
-25
-16
-7
12
22
30
33
20
20
18
-4
-22
-21
-29
-41
-27
-18
-15
2
11
30
50
32
26
25
-1
-14
-19
-26
-27
-33
-28
-11
-5
3
18
22
24
19
18
11
-2
-10
-24
-24
-31
-27
-28
-15
-15
0
3
7
11
8
2
1
-9
-12
-16
-16
-19
-11
-15
-7
-8
-5
-4
1
-1
0
-4
-8
-11
-15
-18
-16
-15
-11
-5
-3
-3
0
-2
-3
-3
-5
-4
-3
-1
-2
0
-1
0
1
-1
2
1
7
2
12
9
12
11
13
6
11
4
-2
2
-7
-6
-4
-2
-4
7
4
6
12
7
4
1
-6
-11
-12
-18
-14
-17
-13
-10
-6
0
5
10
11
13
5
5
-7
-11
-17
-20
-24
-18
-22
-15
-10
-3
0
12
8
11
6
-3
-14
-22
-32
-35
-34
-31
-20
-12
-1
3
8
6
9
6
8
9
4
4
-8
-15
-26
-28
-29
-23
-17
-3
-1
10
10
13
12
23
14
23
25
15
19
4
-6
-15
-21
-26
-20
-13
-2
7
12
22
17
28
28
27
31
24
19
4
-7
-17
-33
-25
-35
-25
-21
-14
-10
-2
-4
2
5
7
12
13
9
3
-11
-24
-39
-42
-50
-43
-39
-31
-28
-19
-20
-11
0
5
20
24
16
24
0
-1
-20
-23
-31
-31
-28
-27
-20
-10
-11
7
7
22
29
35
34
36
23
13
3
-11
-14
-19
-15
-15
-13
-11
-7
-9
1
2
6
25
19
25
30
22
16
6
0
-8
-16
-18
-21
-22
-30
-30
-26
-30
-13
1
7
24
25
23
25
12
4
5
-10
-16
-20
-34
-41
-44
-40
-36
-30
-4
3
15
31
29
26
23
11
2
-13
-24
-29
-46
-49
-49
-52
-38
-25
-4
12
28
39
31
35
19
5
-1
-21
-30
-37
-44
-46
-44
-33
-27
-9
8
22
33
36
41
28
11
7
-11
-19
-21
-19
-21
-25
-12
-15
-12
2
7
18
19
23
16
5
3
-11
-14
-13
-16
-7
-4
-4
-1
-6
-15
-16
-16
-22
-17
-13
-16
-12
-16
-15
-9
-6
3
8
10
9
-4
-8
-22
-38
-26
-39
-28
-24
-19
-7
3
16
19
25
22
16
9
0
-11
-27
-32
-45
-42
-39
-31
-18
-2
11
25
26
36
27
23
11
-9
-27
-37
-52
-49
-48
-40
-25
-16
7
19
27
32
30
19
11
-8
-27
-32
-46
-43
-40
-32
-24
-6
9
17
31
31
25
27
6
-3
-24
-43
-58
-55
-55
-31
-23
-2
7
22
34
28
37
14
2
-12
-24
-37
-43
-45
-45
-29
-20
-5
13
14
29
26
23
12
-8
-15
-33
-34
-32
-32
-20
-9
-1
15
20
19
18
11
-10
-15
-41
-40
-56
-51
-37
-30
-2
9
28
38
47
40
27
18
-11
-24
-43
-63
-62
-57
-50
-31
-9
14
40
53
57
51
34
12
-10
-29
-55
-71
-71
-68
-51
-23
-3
22
43
43
45
43
25
-1
-22
-47
-61
-61
-66
-47
-27
-2
19
37
54
53
54
30
11
-16
-44
-56
-80
-71
-71
-51
-26
-8
28
47
59
58
56
37
14
-13
-40
-58
-76
-78
-80
-48
-29
-16
22
38
61
67
58
50
36
12
-14
-35
-53
-61
-64
-54
-42
-28
-8
4
19
29
36
35
26
18
6
-7
-17
-28
-40
-42
-40
-35
-27
-18
-9
4
20
19
26
28
20
11
6
-4
-23
-24
-37
-43
-31
-33
-16
-5
3
20
32
37
30
24
15
-7
-17
-17
-52
-60
-51
-58
-36
-25
-4
24
38
53
59
53
40
23
-3
-26
-52
-65
-67
-71
-58
-40
-11
19
38
62
67
62
53
29
13
-18
-42
-59
-75
-71
-66
-46
-21
10
38
57
67
62
52
30
11
-21
-41
-55
-69
-63
-58
-32
-16
15
41
49
63
56
38
15
0
-19
-57
-68
-62
-56
-40
-22
7
28
43
55
49
35
15
3
-22
-50
-57
-55
-49
-36
-13
12
35
44
49
43
27
18
-2
-31
-47
-56
-59
-48
-28
-12
6
28
43
50
49
41
20
-5
-25
-46
-61
-61
-56
-43
-18
7
27
47
59
55
44
28
-2
-28
-47
-67
-71
-61
-50
-26
4
24
44
59
54
46
30
2
-19
-38
-54
-59
-54
-45
-26
-2
16
36
48
49
45
33
12
-9
-27
-42
-52
-51
-45
-33
-14
2
19
36
42
41
36
21
5
-11
-32
-44
-52
-55
-47
-31
-15
10
31
44
54
52
37
19
-7
-32
-50
-63
-65
-55
-38
-14
10
33
46
51
48
38
18
2
-17
-35
-43
-47
-49
-40
-31
-22
-4
10
22
36
42
39
37
19
1
-15
-37
-49
-52
-50
-43
-20
-9
21
24
43
43
36
29
8
-5
-26
-38
-48
-50
-47
-37
-17
-3
19
31
44
45
38
28
11
-8
-30
-39
-49
-49
-43
-26
-10
1
18
29
25
30
20
24
6
4
0
-13
-19
-25
-30
-34
-37
-26
-19
-8
6
19
29
25
28
13
8
-12
-17
-24
-23
-23
-11
-6
6
3
6
3
-6
-16
-15
-20
-15
-17
2
1
7
14
9
9
0
1
-7
-10
-11
-14
-12
-15
-16
-14
-9
-10
-7
1
8
1
10
7
7
-4
2
-1
-2
-3
4
0
0
-5
-8
-14
-24
-20
-28
-18
-20
-5
-1
9
10
14
15
11
10
6
3
0
-5
-13
-11
-30
-26
-28
-31
-19
-10
4
15
22
31
21
14
5
-12
-19
-26
-28
-17
-9
-3
14
16
14
13
3
-5
-15
-27
-30
-24
-36
-24
-13
-4
3
17
22
29
35
25
19
9
-7
-14
-35
-39
-40
-40
-24
-15
4
19
32
40
38
32
14
-3
-17
-39
-47
-42
-46
-38
-15
-10
4
15
21
22
22
10
-1
-10
-29
-31
-30
-24
-22
0
2
17
25
22
24
27
10
-6
-7
-37
-36
-30
-33
-38
3
35
20
22
35
40
35
28
11
-14
-18
-33
-72
-82
-43
-7
4
1
-15
3
61
60
14
16
12
-45
-51
-7
-36
-83
-33
28
18
5
11
-2
-12
-14
-43
-60
-41
-21
-18
0
16
5
2
15
19
8
38
59
45
59
51
6
-61
-53
-37
-41
-18
9
-9
-85
21
42
-26
-14
-27
41
-6
-7
-2
-46
16
29
18
-20
-44
-34
26
-5
-30
4
-43
8
-5
-39
-28
-8
8
-39
0
-38
-67
24
-25
-70
-12
-37
-55
-29
10
30
-42
16
55
-8
4
-2
75
103
68
120
193
255
144
68
195
133
109
360
137
-358
-418
-271
-212
-234
-85
-121
-291
-139
-90
-136
-96
-76
-82
-61
8
-13
-69
-70
-50
-2
66
42
-7
42
102
116
77
33
14
5
73
154
173
132
-6
-66
-11
289
911
903
50
-248
1
-121
-150
8
-52
-264
-408
-503
-605
-607
-539
-169
-104
-255
-95
-5
164
-170
-201
334
-2
-57
290
258
114
195
1180
1099
-415
-612
-118
350
1260
1441
217
-1037
-837
-463
-323
121
-407
-837
-217
-9
-416
-552
79
-90
-472
962
1673
924
166
10
595
53
-584
171
277
-498
-159
277
-678
-1497
-1149
-419
-323
-74
215
-167
-480
-465
-391
-68
701
58
-96
1225
497
34
1014
1260
1060
404
-247
-81
576
864
243
-248
-298
-880
-225
730
-363
-589
-42
-619
-423
48
-914
-1481
-1019
-257
116
-549
-781
-569
103
245
-220
205
-87
-14
976
1787
1254
-303
-175
331
389
251
260
1216
810
-972
-459
935
-612
-1275
922
712
-1121
-554
127
-640
-577
-57
-580
-337
479
-154
-723
347
502
-541
210
327
-280
-321
-42
771
343
283
443
255
-787
-277
1441
-222
-316
819
-56
-1130
-140
604
-1152
-1139
-31
237
-204
702
847
-613
-43
-587
-128
1298
351
336
598
285
-328
-183
730
859
1207
1
-10
334
-830
232
-61
29
490
-859
-962
-993
-1179
-916
367
649
-605
-598
-217
-1284
-1561
936
703
-677
1025
227
-424
628
-354
218
872
160
738
1483
1202
335
160
376
326
-137
50
724
-316
-934
-444
-539
-598
-1099
-561
22
-1334
-494
85
-1337
-239
200
-940
-343
145
-775
-606
784
393
-53
745
318
-305
-89
593
744
460
1210
777
-451
86
583
-754
-661
865
11
248
724
-698
-985
-1121
-744
-245
84
666
-213
-690
-68
-788
-1176
-45
-202
-225
942
755
473
354
-933
-729
466
78
736
1894
345
-608
266
-207
-589
378
807
513
618
669
77
-697
-539
407
-27
169
397
-683
-416
-236
216
504
-49
-90
-396
-213
339
473
409
625
328
-81
73
-638
-698
265
683
1126
1236
261
-509
-792
-994
-689
-158
720
1170
659
296
-27
-1220
-2004
-713
128
-55
1033
1319
512
-160
-894
-1128
-1702
-803
1140
1274
1104
1021
-137
-1237
-607
-632
-943
420
1019
1208
1104
339
-553
-1635
-1126
-75
-56
806
1192
63
107
-167
-1530
-1352
-635
27
1081
988
210
-53
-463
-939
-861
-381
308
745
963
1256
622
-505
-749
-589
-555
-406
127
830
1407
1365
627
-667
-1916
-1406
-365
461
1585
1028
226
133
-863
-1300
-1107
-761
405
1253
1295
899
40
-827
-986
-684
-93
1066
1337
833
704
244
-392
-932
-787
-37
495
814
895
1207
177
-1210
-1311
-990
-330
265
1111
1176
197
-536
-424
-559
-844
-893
87
987
1110
1003
687
-450
-1194
-910
-432
398
933
843
956
293
-383
-93
-303
-722
-411
41
286
378
159
-385
-610
-419
-362
-291
-100
-575
-1039
-153
316
-83
314
251
-406
-531
-477
-275
-293
54
815
606
278
166
-545
-982
-492
108
349
687
420
-442
-466
-125
-255
-533
-596
-501
-229
443
676
-31
-574
-673
-821
-414
304
394
223
-151
-392
71
623
234
-401
-531
-299
136
347
624
872
864
200
-315
-570
-380
-396
496
1479
962
252
-136
-557
-961
-1215
-339
672
889
759
430
-369
-1047
-935
-791
-168
773
1171
1304
799
119
-577
-1284
-1325
-633
618
1836
2202
1587
419
-755
-1302
-1172
-577
286
975
1285
1186
744
-317
-1480
-1338
-617
-320
293
989
1119
575
-228
-476
-1244
-2017
-563
896
928
1219
696
-311
-126
-486
-1136
-330
620
1036
1048
111
-230
-183
-1061
-954
-377
-100
698
570
141
366
-546
-502
-412
-2512
-442
1897
-286
-675
341
414
-76
-378
-1374
-2122
-375
1522
1772
1157
924
-386
-1915
-2048
-842
668
633
1291
1691
1364
904
-1126
-2115
-1865
-1676
-405
1816
3746
3590
1318
-770
-3324
-4915
-3292
-770
2511
4108
3050
1943
346
-1612
-4242
-4925
-2417
-495
2335
6295
5664
1345
-1707
-4390
-6112
-3363
943
2640
4462
5871
2488
-612
-1482
-5248
-6316
-1556
2109
4899
6492
2688
-1989
-3783
-4303
-3063
-953
1046
3832
4997
2798
-549
-3526
-4724
-2872
-7
2090
3444
2929
801
-1026
-2202
-2044
-1047
-1019
13
2158
2019
537
-226
-498
-500
-1218
-1878
-971
525
2613
3056
494
-643
-532
-1905
-1909
-507
-946
1409
5047
2516
-1404
-3528
-2956
124
237
-263
1115
1399
2320
1682
-2474
-2902
-2050
-859
2755
2962
1230
-254
-1142
-1623
-488
910
86
143
-64
1190
2472
-1
-3195
-3228
289
2159
2218
1158
-1270
-1622
-127
177
-218
312
328
428
1263
1177
-69
-803
-557
32
692
933
951
-28
-85
1194
1727
1241
-302
-652
-500
127
1282
1097
346
-601
-409
256
543
496
-119
-420
-187
371
371
327
85
-278
-144
-182
160
605
196
-421
-397
-303
119
587
46
-597
-867
-388
387
305
-57
-432
-709
-408
65
-80
-287
-29
-555
-707
63
118
-278
-939
-847
-187
66
-167
-746
-580
-371
-596
-930
-840
-313
-294
-354
-464
-715
-836
-735
-505
-461
-414
-413
-341
-315
-782
-1007
-581
-252
-317
-252
-464
-846
-196
46
-493
-553
-973
-1047
-24
185
-349
-5
-63
-910
-1089
-770
-377
-226
-347
-219
127
35
-486
-895
-741
-221
-244
-279
-123
-150
41
9
-118
-130
-868
-1157
1
411
278
111
-608
135
268
-968
-517
81
138
234
-112
471
710
-587
-940
-206
809
522
-37
-1
-939
517
1878
775
-710
-1253
777
1565
668
-491
-510
860
967
1504
1275
-604
-611
1325
1831
632
-459
-510
1419
1757
171
-446
-1256
1018
4186
1798
-1593
-2725
-1531
1259
1980
1350
393
-128
471
719
-112
-2349
-2155
1119
2867
2505
735
-1050
-1021
317
560
-1
300
1087
2048
1884
-122
-1109
910
1443
619
869
680
1551
1331
94
134
194
599
1353
1287
-436
-819
1232
2119
326
-1562
-753
804
1185
619
-627
-746
827
1049
-348
-592
-289
-56
371
209
80
207
298
719
71
-1222
-877
-254
426
1358
1037
58
-1018
-1492
-1002
-610
-436
715
1306
766
171
-1433
-1811
-1415
-1141
10
1012
1445
591
-71
-958
-1769
-1128
-91
660
592
662
653
1158
975
-992
-1709
-1110
16
1363
2078
1569
266
-453
-516
-498
-730
-355
681
1539
2254
1128
-936
-1838
-2145
-1155
428
1725
2441
1806
-26
-1779
-2214
-1969
-840
759
1892
2098
1432
223
-1109
-1745
-2564
-1884
717
2604
3129
2071
-147
-2609
-3247
-1825
-476
567
1507
1733
1218
192
-1825
-3880
-3885
-1747
784
2217
1992
424
-1241
-2428
-3281
-3151
-1745
39
1398
1588
308
-1047
-1732
-2370
-2310
-1295
-246
1002
1790
949
-496
-1714
-2344
-1469
-30
593
771
784
413
-505
-1688
-2077
-1169
274
1132
979
176
-729
-1483
-1743
-1222
-200
970
1531
982
-403
-1537
-1655
-990
-282
337
1336
1552
973
-543
-2041
-1636
-641
648
1470
1639
1255
394
-406
-1559
-1655
-1041
376
2009
1940
867
-669
-1527
-1509
-1248
-911
-420
927
1963
1460
-201
-1828
-2703
-2582
-717
1007
1584
1226
-47
-1111
-2275
-2175
-1351
-751
95
667
850
-22
-956
-2133
-2220
-1105
-533
96
-78
-273
-408
-365
-450
-1376
-1548
-698
605
744
-116
-702
-951
-568
270
821
172
-852
-578
537
843
415
-160
-585
84
1184
1340
535
-555
-681
459
1434
1577
1274
817
631
725
882
1139
1415
1710
2093
2399
2379
1988
1555
1455
1719
2204
2645
2807
2748
2467
1921
1505
1506
1608
1613
1606
1523
1225
765
413
120
-347
-597
-404
-217
-291
-777
-1518
-1688
-1196
-988
-1430
-2094
-2475
-2091
-1220
-1235
-2330
-2763
-1947
-1194
-1307
-2083
-2739
-2323
-1099
-373
-799
-1798
-2109
-1348
-819
-1316
-1741
-1256
-591
-636
-1312
-1754
-1477
-1114
-1052
-943
-1028
-1395
-1417
-1328
-1528
-1382
-752
-485
-903
-1371
-1242
-694
-298
-359
-676
-464
787
2539
3582
2977
1208
-23
563
2828
5288
6444
6075
4650
3174
3131
4298
4997
5130
5457
5640
5458
5133
4456
3446
2603
2460
3162
3978
3931
2790
1076
-514
-1366
-973
153
673
169
-888
-1914
-2454
-2586
-2336
-1772
-1486
-1496
-1540
-1789
-1934
-1757
-1778
-2115
-2256
-1811
-980
-568
-1122
-2106
-2414
-1798
-1126
-996
-1135
-1232
-1343
-1630
-2090
-2350
-1869
-800
-276
-946
-1966
-2293
-1952
-1471
-1294
-1605
-1971
-1749
-1136
-941
-1453
-2262
-2796
-2670
-2024
-1459
-1411
-1874
-2579
-3080
-3033
-2688
-2643
-3020
-3378
-3234
-2127
116
2465
3117
1590
-534
-1091
1097
5328
9140
10320
8874
6553
5270
5966
7895
9409
9811
9717
9745
9970
9939
8921
7057
5754
6071
7610
9071
9143
7262
4212
1682
960
2042
3696
4296
3183
1344
512
1570
3854
5761
6137
5337
4811
5505
6862
7547
6698
4592
2422
1086
177
-1223
-3313
-5824
-8531
-10854
-12112
-12601
-13394
-14929
-16539
-17304
-16998
-16241
-15987
-16658
-17708
-18083
-17136
-15334
-14083
-14257
-15068
-15099
-14087
-12809
-11867
-11434
-11304
-10854
-9958
-9308
-9132
-8946
-8661
-8434
-7912
-6949
-6212
-6132
-6275
-6201
-5852
-5353
-5169
-5707
-6092
-4473
-472
3512
4274
921
-3684
-4783
-79
7790
13547
13675
8979
3982
3302
7527
13060
16126
15941
14291
13320
13741
14571
14365
12889
11659
12420
14905
16743
15865
12370
8205
5866
6755
9751
11887
10998
7430
3372
1113
1510
3360
4439
3626
1713
201
-106
466
817
197
-861
-1186
-311
1241
2240
1394
-1038
-2872
-2422
-320
1578
1947
567
-1668
-3290
-3413
-2294
-970
-525
-1323
-2831
-4104
-4356
-3616
-3013
-3532
-4532
-4602
-3705
-3217
-4045
-5524
-6116
-4839
-2462
-1291
-2684
-5067
-5809
-4557
-3123
-2682
-2836
-3045
-3413
-4028
-4553
-4776
-4883
-5032
-5032
-4384
-2251
1481
4273
2136
-4938
-10533
-7722
2864
12883
14386
7087
-2186
-5793
-1021
8194
14483
13839
8923
4919
4085
5582
7714
8766
8090
6865
6546
6758
6326
4641
2153
113
-481
857
2964
3502
736
-4041
-7512
-7074
-3678
-891
-618
-3648
-6775
-7492
-5647
-2421
-1720
-2558
-3751
-3710
-1723
-350
433
-54
-915
-620
1129
3560
4119
2676
1112
730
1523
3146
4283
3497
1427
-43
5
516
548
42
-829
-1971
-2834
-2609
-1972
-2673
-4771
-6245
-6061
-4802
-3611
-3481
-4988
-7410
-8650
-7727
-5229
-3349
-3836
-6536
-8815
-8506
-5995
-3074
-2996
-5637
-9107
-8308
-1317
6226
8068
143
-9512
-10805
27
15267
20715
14250
1985
-4323
208
11302
20946
21143
14313
6739
4269
7387
12327
15552
14726
10386
5341
3680
5629
7981
7069
3239
-324
-1299
-243
956
130
-3879
-7478
-9050
-6423
-2993
-2937
-4684
-8561
-9253
-7241
-4410
-1980
-3581
-5090
-4921
-2625
-76
140
-604
-1482
-881
1573
4255
4780
3057
891
249
1917
4485
6087
5151
2373
-176
-799
528
2109
2137
251
-2234
-3979
-4248
-3659
-3495
-4695
-6089
-6141
-5742
-6189
-7737
-9000
-9617
-9200
-8398
-7670
-7587
-8699
-9209
-9567
-8219
-7492
-8004
-9037
-9119
-3160
4091
7826
166
-11862
-12338
-381
16863
21610
13203
1767
-3667
2620
13779
23147
23565
15892
7649
5623
9724
15256
18957
17878
13376
7465
5168
8148
11266
9939
5331
645
-627
858
1174
1507
-2372
-5611
-6411
-6921
-4621
-5976
-6356
-7488
-9093
-7788
-8175
-6557
-6276
-6174
-4251
-3082
-2224
-2614
-2745
-2107
-343
1869
3250
2545
566
-285
784
3821
6459
6780
4500
1339
-64
1387
3955
4708
2907
-262
-2636
-3315
-2422
-1557
-1980
-3401
-5184
-6370
-6986
-7352
-8533
-9027
-9181
-9272
-9438
-10436
-10254
-10741
-9752
-8961
-8560
-10025
-12943
-6522
2557
7544
153
-14222
-14018
-285
17346
21890
11141
-269
-4456
2523
15621
24468
23429
14923
6307
6329
12035
18304
21129
17664
11223
5236
5363
8985
12150
9020
4004
495
-2423
-353
-1305
-115
-3044
-8135
-8252
-10522
-8510
-9951
-9769
-8001
-10055
-10890
-12404
-11605
-10127
-7938
-6474
-4854
-6691
-8247
-6358
-4495
690
1147
1037
-43
-2540
-1100
1019
5496
6129
3838
2195
1069
1600
3080
5041
4679
2603
-356
-1810
-1262
-514
40
-903
-3807
-6214
-6377
-6606
-6634
-7030
-7900
-9525
-10830
-11249
-10514
-8688
-10448
-11732
-14522
-12473
-2091
2477
1642
-10638
-19159
-6876
8572
18872
11951
-2822
-3882
-92
10376
21850
21479
16067
6756
3971
13763
20936
22843
20615
13446
9283
8827
12052
18434
16158
9200
6148
2987
3554
4522
3888
4748
68
-4199
-5125
-6089
-5590
-6124
-5213
-5089
-8549
-11800
-11733
-8911
-7463
-6885
-6284
-7087
-9116
-9650
-6865
-2575
-59
-834
-2721
-3677
-2972
-326
3439
5630
4233
1207
-155
1316
3800
5490
5543
3575
346
-1427
38
2390
2436
-627
-3343
-4876
-5358
-4774
-4579
-4627
-6949
-9818
-11116
-10465
-8646
-7074
-9985
-12947
-13807
-15984
-4921
3091
867
-7295
-22935
-11152
8778
14006
11414
-4961
-7368
1988
6959
17735
20497
12065
6361
4268
11250
22055
20481
16414
14502
8950
11003
14278
16246
17480
9650
7642
8266
6549
6934
3988
4824
4953
262
-2581
-4797
-5664
-5283
-3262
-2419
-6289
-10742
-12870
-10112
-5984
-5678
-7416
-8964
-10392
-10127
-7369
-4468
-2175
-4211
-5972
-5734
-4558
-219
972
2070
1082
-1071
276
932
3134
3765
3356
3047
1128
597
1267
2544
2085
630
-737
-2432
-3308
-4415
-4771
-4606
-5047
-5951
-8897
-10540
-9531
-8168
-7821
-11311
-12578
-14790
-10926
1844
-55
-7206
-18997
-18540
4859
9636
6557
292
-8632
-1026
4761
10810
20467
15067
4507
4119
7947
17060
20722
15481
15957
12140
8348
10056
14698
17445
13688
8678
7986
7913
4727
4620
4742
7934
1438
-1875
-2855
-3793
-3633
-3314
-2204
-3870
-10533
-11592
-8098
-5433
-6028
-7178
-9482
-6352
-10942
-9180
-6266
-2954
-3366
-7381
-7009
-3623
-4002
-1964
31
2399
-245
-3337
-1920
2959
4392
3902
3633
1355
-156
-1994
3023
5773
4260
-2745
-3383
-3917
-308
-544
-2924
-6229
-7414
-7721
-6969
-5662
-8535
-9875
-9172
-9391
-11431
-13947
-10431
3970
-1436
-9604
-21972
-14661
8104
10681
1006
-2221
-5134
2948
3735
6327
18568
16418
5394
3941
6399
15585
17991
15134
16160
13197
6992
8052
16576
18616
17393
8887
8521
5825
4893
7263
9776
10967
2356
-2328
-4251
-2301
-563
358
-757
-3894
-10663
-12182
-6206
-3640
-5485
-6418
-9994
-10072
-10378
-9575
-4162
-2359
-3703
-7376
-8816
-6488
-3841
291
2546
267
-4080
-4605
-464
3906
4006
2229
1837
781
-771
997
5573
6243
1819
-2477
-2527
-1284
429
713
-2523
-4323
-7316
-8477
-5243
-3178
-5887
-9128
-9457
-10672
-11135
-11946
-12245
58
1721
-8430
-16404
-21539
1598
12494
3129
-4168
-7127
-956
6016
2166
10565
16949
9982
2741
3971
11848
18513
15441
14379
15363
9488
4506
9713
18891
19993
11401
4524
7898
5968
7034
6932
10554
6535
-1284
-3513
-1471
1032
1496
-490
-2103
-7878
-11276
-7532
-1739
-2662
-5462
-9207
-11551
-8078
-7666
-4190
-2534
-3865
-10423
-9038
-6001
-1576
-351
-1947
-2774
-3026
-4703
-1835
2511
4570
2276
480
-1193
-384
1289
3731
5229
964
-1875
-4161
449
-261
-830
-2177
-3440
-6238
-7016
-6010
-3864
-5575
-9166
-10106
-9889
-9644
-10102
-13809
461
3283
-8687
-16480
-22814
1239
15496
3228
-7096
-7517
-69
7986
2274
7586
16109
10222
1365
3130
10173
18286
14542
12373
16420
8766
4164
8243
19661
21211
12469
1743
4568
6474
9267
7828
11856
7896
-1842
-5400
-1371
3044
3309
-555
-1908
-6265
-10230
-8572
-2594
-873
-3165
-9551
-11894
-8125
-6680
-2255
-529
-4758
-8469
-9295
-5284
-2348
-950
-1866
-3195
-4289
-5733
-2955
1655
3504
1228
-1456
-1629
80
2638
4292
3794
243
-3033
-2989
-799
1541
900
-2332
-4921
-6867
-5996
-3875
-4291
-5249
-6756
-8963
-11153
-10069
-11248
-9746
3225
-613
-10439
-20249
-18989
10516
16045
-1550
-10410
-7215
4437
10128
1206
10100
14848
6870
1070
4218
13663
19870
13370
13466
15644
6784
3072
11151
24060
21082
7586
-640
6833
10739
11457
7486
9240
5206
-1082
-5417
208
4738
4727
100
-3848
-8353
-10397
-6070
1268
1576
-5530
-11506
-10171
-6311
-4001
-3290
-2771
-4393
-7581
-8857
-5649
-962
931
-825
-3900
-5690
-4607
-1050
2824
3451
890
-1645
-2395
-278
2720
3923
2334
-117
-1693
-2195
-2473
106
293
-2958
-5583
-8718
-7374
-3593
-4580
-5325
-8776
-11388
-9176
-9416
-10654
-7343
6379
-3740
-11826
-23410
-11996
17750
12630
-7336
-9683
-5880
9162
7063
-498
11561
16632
5182
-553
4850
16429
20066
11212
12564
11148
8898
5077
14425
24789
17415
3760
54
9974
10300
9160
5986
9769
3090
-4676
-4717
2859
6341
1970
-5142
-5235
-6298
-7388
-4973
1200
-31
-9032
-14478
-9834
-3779
-2713
-4443
-5346
-6624
-8487
-7791
-3102
652
-29
-3441
-5256
-4314
-1840
864
2599
1465
-1373
-3414
-2754
348
3389
3733
-11
-3332
-4335
-3118
-821
1735
-25
-5495
-9175
-7894
-3013
-2741
-4972
-6410
-10507
-11107
-10372
-10239
-11290
-4384
2959
-9124
-12835
-23592
-5299
17768
6307
-10809
-10993
-1388
12063
5361
949
11503
13373
2472
1500
8783
17915
17934
9799
13744
12260
7593
7266
16591
21017
14975
3716
1752
10629
11715
10023
6422
8213
1474
-2973
-256
4056
5648
180
-3455
-3806
-6210
-5782
-3204
210
-1462
-8625
-13495
-6819
-383
-5526
-5198
-6541
-6425
-6997
-5339
-3722
622
-1580
-4486
-4083
-2215
-371
563
1006
455
-1378
-1335
24
1055
1583
879
-790
-2438
-1653
-761
-1218
-1380
-3084
-4847
-5775
-5623
-5284
-5692
-6825
-6671
-10725
-8273
-9253
-9056
-13044
-2044
2717
-8764
-16329
-20229
2605
20044
-807
-14472
-9042
6119
13046
1517
-629
12311
14585
1454
3140
9131
17165
15845
10821
12098
11650
6348
7603
21801
21601
10110
758
5836
13490
11920
6785
7003
7228
2861
-2039
467
4883
4147
-2130
-4278
-4241
-6300
-6314
-3071
365
-6362
-10789
-11940
-5236
-2590
-3943
-6957
-6707
-6485
-5319
-5897
-3771
386
-2958
-6686
-4715
-3311
419
1640
-1934
-1257
187
-2804
-814
4011
3626
-966
-2879
-385
446
-973
-1568
-1784
-3203
-5332
-7159
-3795
-3027
-6239
-7531
-8595
-6591
-7598
-10802
-10738
-9590
401
1565
-10380
-16898
-21176
6120
19700
104
-14783
-11478
4861
13605
2527
-277
11775
14197
578
415
12295
20623
14444
8004
13891
13094
7432
7691
20573
21228
8981
1061
8256
14521
11888
5975
7301
7191
1996
-2238
1811
7204
4014
-4570
-6410
-2422
-2165
-5222
-3947
-1658
-4692
-9439
-9228
-5567
-2900
-3269
-5593
-7142
-7297
-7030
-4576
-469
-20
-4218
-6667
-4443
-487
1787
1088
-908
-1099
-1127
-2193
-63
4440
3598
-2944
-4699
-1115
1587
-256
-1109
-635
-3110
-6065
-6917
-3942
-1738
-5507
-9631
-9868
-7910
-7818
-9690
-9003
-10400
1985
-2660
-10762
-14822
-16153
6860
15148
-6530
-14152
-6897
6695
11396
73
1726
14708
10243
-337
3579
14122
20464
12392
6066
11294
13054
9114
9025
18834
19899
9293
-340
8447
14949
12293
4679
6003
8166
2544
-1012
2505
5974
3213
-4543
-4844
-3479
-2622
-2753
-3985
-3523
-6637
-9843
-8139
-3305
-1713
-6737
-9312
-6887
-5295
-6488
-5925
-3147
-1797
-4448
-7905
-6010
174
2592
-1373
-3440
-1139
-226
-1642
325
3576
1656
-2597
-3441
821
866
-2598
-2339
-2440
-2760
-6533
-7221
-3983
-1020
-4757
-10011
-7398
-7278
-9052
-9396
-9922
-7768
4909
-5921
-15632
-16662
-13119
11451
13269
-10293
-14844
-5482
9937
10273
-317
2928
14341
6392
-1294
7477
16516
20478
9250
5695
13919
14108
9365
10705
20718
17790
5456
834
9795
16590
11398
5378
4438
6952
1781
-1589
2718
7536
4488
-6152
-7067
-2290
-803
-1927
-3090
-4152
-7536
-9339
-6644
-1725
-1549
-6880
-9744
-6656
-4041
-5407
-4891
-2227
-2643
-6105
-7582
-3926
1557
1956
-3013
-4697
-678
1318
-405
152
2560
1266
-2889
-2288
302
813
-1741
-2605
-1260
-2607
-7445
-6688
-2342
-3129
-6695
-10843
-7254
-6369
-8010
-12631
-11718
-7108
4900
-7244
-14553
-16870
-10600
12634
11273
-10275
-14648
-5233
12488
11749
-1057
1045
11554
9678
1167
6914
13983
18534
9066
7417
13120
13295
10339
10455
19862
16200
7200
2618
10910
14870
10539
5704
6117
5375
521
1500
5152
5584
537
-6316
-5331
-3221
-793
-2235
-6031
-5186
-9112
-9723
-8345
-775
-1873
-7622
-11266
-8483
-4063
-421
-3634
-6756
-3069
-3841
-6940
-2207
1010
-234
-2530
-3947
-1015
2542
-140
-802
2645
647
-2235
-743
1658
2180
-2625
-3524
-2462
-1812
-4843
-6395
-3720
-5172
-4713
-9814
-8402
-4070
-8730
-10471
-8974
-11335
1699
-2733
-11288
-13819
-15887
6972
14959
-7040
-13206
-5919
8613
10889
-603
1130
12489
11267
-824
5114
14912
20020
11728
5367
10898
15972
12184
10807
17764
14579
9120
4874
9361
13483
10463
7201
4460
6279
1858
1060
3545
6469
2440
-4656
-3084
-1543
-428
-1685
-4581
-2418
-6757
-5571
-8301
-4604
-604
-5385
-9471
-7958
-6730
-1884
-3381
-6572
-5251
-3027
-5728
-4816
137
743
-3668
-5500
-1166
2483
-928
-3468
712
3027
-2291
-5692
-1656
4486
1662
-4811
-3303
-1358
-2725
-5498
-5109
-1478
-2113
-8835
-10434
-4261
-5223
-10021
-9584
-9183
1890
1652
-12534
-13633
-15762
5066
15240
-3999
-14786
-6290
7231
11520
588
-2771
11132
13771
327
3170
12486
18495
13346
7148
9537
12353
12227
9600
15986
16462
9127
3450
6468
15268
11283
6197
4427
6874
5212
-147
2217
5254
5518
-2088
-7834
-4226
826
438
-4476
-6331
-6384
-6638
-6145
-3995
-3044
-5494
-8596
-8722
-5252
-3298
-4825
-6146
-4938
-3956
-5423
-5928
-2179
2019
-563
-6258
-4570
1977
2315
-2112
-1333
2351
-612
-4800
-1203
3045
861
-4995
-4368
209
-729
-4529
-4784
-4658
-4245
-6452
-8336
-4047
-5413
-9516
-9125
-9013
-8215
2703
-3882
-9983
-16117
-13753
9077
10739
-7235
-11990
-4320
10237
9052
-2838
377
14170
9155
-493
5758
13260
17406
10119
6209
11935
13473
9810
9247
17240
14095
7873
5318
8103
13556
10301
5742
4187
6500
2667
1484
3669
4472
3920
-4089
-4783
-1563
1121
-195
-4458
-4651
-5690
-5182
-5738
-4893
-1860
-3542
-9491
-9987
-3701
-1962
-4213
-6382
-5562
-3360
-4897
-5701
-708
1068
-3835
-5623
-2478
2297
610
-3086
-423
2358
-471
-4654
-60
3260
-165
-3710
-3714
240
-981
-4874
-4185
-2503
-4919
-6034
-6726
-4044
-4129
-11998
-8544
-9735
-6974
4580
-4035
-12553
-16898
-9830
13653
10026
-11450
-12811
509
10089
6137
-2271
3861
14618
6121
-2299
5905
15748
17417
8589
5315
10691
12798
10690
11431
16052
13415
6226
4237
10430
13189
9757
6370
4503
5471
2146
1010
3566
5964
4142
-5436
-7917
-1436
3590
541
-6662
-8206
-4207
-3077
-6608
-5301
-1659
-3861
-9029
-9925
-3768
512
-4865
-8557
-2841
-1923
-7843
-6151
1625
2759
-4545
-8854
-1856
4823
-201
-4162
621
2601
-1947
-4512
-135
4212
-133
-5648
-2678
652
-2327
-5234
-3068
-2065
-6041
-7513
-5615
-3390
-5523
-11073
-7841
-7821
-9967
1615
272
-10965
-15653
-13462
6802
12712
-4997
-13527
-4925
7304
7572
193
1268
11910
9453
1181
3248
10651
17870
13044
5500
6912
12888
12642
9967
13115
13168
10364
5404
4624
11679
13635
7537
2379
3015
4975
3540
933
3447
5745
-811
-8147
-5039
3469
2570
-6255
-7780
-2193
-2890
-8931
-7592
-286
-449
-8738
-11824
-5479
-177
-3139
-7468
-5270
-2204
-5141
-7184
-1747
2200
-2813
-7321
-3231
1703
-689
-4123
-1494
2095
-511
-4617
-2244
2650
1955
-3219
-3924
-1953
-1573
-2262
-2770
-2213
-5404
-7789
-6362
-2131
-2318
-7516
-9467
-7349
-5444
-8468
67
1326
-9028
-12441
-14078
3543
14501
-2403
-12427
-6247
5321
8905
2102
-88
9479
12948
-30
2467
9159
18429
14145
3011
7446
11854
13314
8842
11993
14296
10629
4455
3981
13264
12755
8308
1180
3365
5824
1747
1069
4124
5264
-1182
-8624
-3533
2806
2980
-5421
-6987
-2474
-3140
-7179
-8203
-62
-277
-8551
-12436
-6858
1088
-3192
-7848
-5837
-2104
-4277
-7665
-2368
3240
140
-6394
-5101
1107
2787
-435
-1207
888
-174
-2776
-1369
3265
2580
-2815
-5175
-1720
586
-2760
-4487
-2397
-2059
-6310
-6978
-4671
-2926
-4048
-8550
-8050
-7389
-7552
-10931
797
3965
-10935
-15264
-15640
6437
16371
-3209
-16474
-5721
8833
9270
-1378
-1029
11916
14918
-4249
-2161
11377
22741
13974
1517
4676
12768
13474
8645
11593
15463
8159
1902
2477
13071
12411
7119
1266
4036
3906
885
1068
5866
6966
-1658
-9793
-3958
3802
3068
-5615
-7372
-4808
-2782
-5710
-8303
748
-1197
-8361
-11851
-6424
-720
105
-5923
-7155
-5471
-5408
-5651
-1035
1465
-2402
-7436
-5976
-875
1992
-1234
-1618
-191
-1634
-2554
-2792
2293
4029
-863
-4208
-4009
-228
-1
-960
-1467
-3162
-5875
-7514
-4576
-1152
-3522
-7927
-8441
-6102
-6032
-7221
-9453
432
5361
-8813
-17026
-13501
9120
16376
-3151
-16146
-3579
10054
10637
95
1978
10543
11925
-2745
105
13757
19832
11109
517
4273
10774
11334
10415
11407
13097
4578
1739
4129
13223
11816
5619
523
1594
2346
1508
2875
5943
3524
-3414
-8787
-3741
3112
3872
-3367
-7553
-5622
-3914
-3805
-5296
781
-1824
-6728
-11566
-6172
1765
-497
-5335
-5522
-5369
-3933
-5096
-1823
2263
-1617
-8319
-4939
2189
1624
-2033
-2157
510
381
-2579
-1058
3890
4045
-1990
-4818
-1742
2742
363
-2154
-2106
-2197
-3885
-5837
-2461
-1939
-2709
-6310
-4965
-6113
-4341
-6770
-7070
-5459
994
1951
-10306
-13184
-7987
9319
13325
-4541
-13623
-3279
9421
11382
-233
2102
8150
10649
-1411
2837
11421
16920
11103
904
3743
9630
12125
11289
9048
7312
4777
5783
4241
10729
8086
5431
1125
1414
2808
2115
3280
4145
1730
-2800
-7013
-1621
3414
3765
-4084
-8231
-4801
-1694
-1798
-3941
-2888
-1919
-6842
-9197
-4038
-415
-1918
-5354
-7311
-4473
-3252
-4611
-2134
626
-2753
-7197
-4837
1340
2188
-2131
-3346
-532
433
-1654
-1460
2138
2615
-1537
-3466
-383
1679
-148
-2526
-1459
-537
-3001
-3905
-2921
-1800
-3221
-5133
-4766
-3833
-3975
-4806
-5871
-6619
-5719
2510
341
-9053
-10218
-6654
8258
8391
-5277
-9355
864
7193
7314
-1418
2559
10422
8568
-1135
2191
9670
16473
9242
-46
3403
10284
11921
7804
5966
8437
5913
5357
3302
8334
8037
5295
3
1689
3903
2853
572
2028
3638
-883
-6166
-2819
3258
2556
-3429
-6745
-4155
-890
-4632
-5808
-536
-750
-7411
-10172
-5425
587
-1117
-6874
-6903
-3688
-3473
-4394
-2592
3
-1946
-5838
-4440
458
1748
-848
-1967
-657
-401
-1280
37
2731
2538
-1067
-3077
-670
2369
1879
-762
-1792
-1418
-740
-1917
-2055
-1707
-2296
-3457
-4356
-3932
-2859
-3702
-4772
-5781
-6300
-6266
-1185
2805
-5958
-9660
-10742
3105
9819
195
-10963
-3707
5233
8393
724
-1568
6798
11941
685
-1589
6894
14692
12662
1030
1189
9500
10903
7806
6124
8835
7525
4415
3131
6608
9318
5686
2605
2766
3396
1892
1201
3965
4977
110
-5032
-3339
2100
3104
-2442
-5523
-3191
-2404
-3690
-4488
-3351
-1035
-4226
-9120
-5645
-925
-2224
-4971
-5838
-3790
-2560
-4715
-3858
159
-406
-4608
-4739
-133
1907
-793
-2086
128
1606
-107
-1378
1410
4106
1737
-1963
-923
2353
2668
203
-1049
-253
-247
-1049
-1960
-1596
-1230
-3397
-5006
-4136
-2754
-3465
-4745
-4812
-5795
-6409
-7952
-3905
3591
-3003
-11227
-11370
-2113
10542
3070
-9512
-6458
3621
6835
1453
-1625
5616
11633
2096
-3411
4440
13158
13236
3876
1190
6735
9564
7884
7204
9085
7738
4009
2614
6163
9254
6282
2969
2340
3423
1679
45
3401
4562
1671
-4646
-5376
641
2608
-1053
-5854
-4446
-2970
-4041
-4992
-4175
-832
-3641
-8238
-7102
-2807
-936
-3316
-5468
-4418
-2861
-4238
-3497
394
441
-3383
-4410
-799
2238
1130
-895
595
2297
751
-526
1600
4380
3051
-951
-1084
2458
3107
988
-519
-298
353
-1321
-1911
-381
-1120
-3232
-4112
-4288
-4080
-2596
-4958
-4741
-4208
-6110
-6439
-6341
-6275
-2968
1250
-6218
-8588
-9209
-598
7534
2001
-7460
-4243
2448
6251
3429
540
5263
9159
2904
239
6189
11469
11680
6245
1502
5135
9593
9030
7973
7516
5773
3939
3190
5683
8402
6410
2595
1198
1491
1823
1777
2254
2461
-6
-3775
-4545
-1095
1823
-539
-5050
-5817
-3562
-2891
-3867
-3118
-1859
-4044
-7411
-6136
-1456
-287
-3493
-5016
-3063
-2108
-3169
-2150
1092
1442
-1930
-3448
-570
2418
2137
753
704
984
438
536
2104
3053
1813
-275
-598
736
1640
888
-484
-1139
-1246
-1696
-2311
-1757
-1604
-2609
-4627
-5223
-4155
-4795
-4623
-4171
-4705
-6154
-6859
-4664
-3626
-4683
-7229
-1982
130
-4168
-6840
-6465
3274
7780
290
-7700
-1101
5673
8301
1670
597
6660
9258
2463
1375
7206
12411
10506
2524
1718
7664
9008
7510
6711
6339
4550
3067
3436
6401
6737
2970
733
1473
2355
1411
590
1641
1701
-1223
-4172
-2960
863
1400
-2717
-5509
-3739
-1636
-2550
-3780
-2379
-1339
-3808
-5743
-3670
-779
-266
-2471
-4218
-2458
-1107
-1916
-811
835
-215
-2133
-2129
356
2100
804
-535
34
664
-9
-596
863
2232
442
-2031
-1613
332
538
-826
-1569
-1638
-1913
-2490
-2710
-2203
-2008
-2869
-3880
-4005
-3555
-3724
-4358
-3683
-3287
-4726
-5655
-4483
-2332
-2129
-4729
-6514
-1990
2698
-592
-5688
-6453
1010
8597
2660
-5162
-1466
5557
7076
2966
-117
5416
9835
4118
516
4716
9447
10297
5027
2128
5438
7298
6382
6193
6499
4283
3486
2882
4996
5488
3321
1779
1932
2582
719
-107
1340
2792
528
-2919
-3630
-140
1447
-747
-3949
-3706
-1460
-1536
-3214
-3254
-1267
-1735
-3696
-4561
-2002
-830
-1398
-3118
-2401
-2076
-1954
-2118
-401
-30
-1612
-3131
-1508
549
135
-1428
-1041
69
-521
-1708
-746
827
477
-1383
-1896
-700
-112
-726
-1042
-907
-1272
-2266
-1995
-861
-915
-2257
-2714
-2772
-2101
-2426
-3220
-2622
-3031
-3730
-3578
-2830
-3442
-2648
-3174
-3230
-3645
-4089
-2058
2391
-379
-4533
-5592
-493
6372
4128
-3111
-2776
3793
5756
3723
469
3941
8855
5067
973
2946
8002
10934
6477
1763
3848
6959
7598
6476
5674
5420
4132
3109
3805
5935
4569
2860
1517
2181
1628
327
1122
2652
1249
-2431
-3885
-658
1492
-511
-3768
-3907
-1717
-2154
-3884
-3295
-1413
-1814
-5017
-5308
-2487
-1028
-2510
-4080
-2879
-2103
-3013
-3128
-1265
205
-1632
-3362
-2014
488
639
-1301
-1149
386
435
-917
-892
1273
1477
-466
-1601
-340
1358
490
-857
-954
-118
-202
-1644
-1536
-659
-759
-1936
-2812
-2361
-2233
-2228
-2768
-3064
-2374
-3644
-4628
-2990
-1976
-3037
-3793
-3354
-2472
-2075
-4150
-3349
1604
1178
-3159
-4914
-1423
5672
5403
-1658
-2378
3435
6333
4178
1570
3844
8834
6697
1475
3170
7817
9865
7100
3127
4261
6603
6354
5971
6186
5351
3533
2247
3146
5331
3921
1398
1344
1073
527
-414
-443
1215
733
-2510
-4454
-2775
-262
-724
-3256
-4127
-3215
-2879
-3540
-3401
-1966
-1807
-3690
-4731
-3276
-1494
-1616
-2411
-2146
-1850
-2505
-2429
-574
807
-352
-2222
-1854
142
852
-111
-449
328
276
-852
-846
754
1483
135
-1287
-1055
-35
165
-325
-478
-624
-1263
-1804
-1480
-790
-917
-1727
-2301
-2509
-2392
-2104
-2157
-2037
-2467
-3184
-2904
-2772
-2782
-2367
-1965
-2285
-2441
-2402
-1959
-994
-2022
-1405
1179
1086
-740
-2628
-368
4830
5166
711
-1424
2406
5973
4821
2224
2659
6594
6414
2364
2274
5346
7879
6521
2977
2552
4271
5173
4685
4579
3900
2162
1699
1959
3350
3136
792
514
691
107
-746
-724
710
491
-2155
-3791
-2232
-132
-527
-2777
-3512
-2095
-1955
-2995
-2712
-1598
-1241
-2626
-3911
-2512
-718
-1099
-2099
-1964
-1439
-1543
-1599
-856
158
-253
-1813
-1581
-4
419
-213
-769
-166
147
-771
-795
267
838
-54
-1184
-949
91
211
-716
-670
-320
-766
-1210
-1194
-382
-309
-1457
-1910
-1278
-772
-1371
-1905
-1671
-1397
-1382
-2095
-2208
-1460
-1673
-2180
-2077
-1587
-1366
-1666
-1757
-1445
-1207
-1713
-866
1193
549
-1631
-2145
647
4231
2791
-931
-112
3516
4561
2596
1300
3762
6388
3908
1206
3211
5834
6031
4020
2462
3772
4500
3364
3676
4586
3660
2039
1329
2216
3439
2087
298
881
971
-168
-926
-624
672
95
-2438
-3088
-1531
-633
-1479
-2587
-2609
-1961
-2384
-3193
-2150
-1130
-1846
-2938
-3007
-1795
-1281
-1784
-1651
-1170
-1219
-1892
-1761
-386
253
-549
-1335
-749
151
67
-259
-75
533
309
-496
-188
562
825
261
-352
-9
276
132
-39
162
182
-450
-889
-771
-124
-257
-1063
-1203
-1191
-1245
-1604
-1704
-1147
-1296
-2005
-2541
-2311
-1594
-1667
-2109
-2217
-2108
-2170
-2027
-1559
-1480
-1413
-1456
-1326
-942
-1287
-752
947
1206
-81
-1174
100
3134
3585
1371
562
2289
3888
3457
2549
3362
5047
4373
2452
2801
4407
5226
4421
2996
2964
3254
2948
3017
3346
2892
1679
943
1090
1647
1332
212
126
193
-680
-1577
-1510
-327
-185
-1837
-3133
-2689
-1369
-1275
-2067
-2254
-2110
-2178
-2410
-2048
-1232
-996
-1511
-1954
-1482
-1022
-944
-557
-186
-159
-816
-1086
12
840
506
-184
-165
383
409
167
262
776
660
-239
-389
87
491
281
-349
-508
-532
-624
-655
-536
-499
-967
-1493
-1481
-1110
-981
-1207
-1563
-1696
-1610
-1716
-1793
-1568
-1438
-1628
-1956
-2134
-1792
-1317
-1377
-1609
-1587
-1464
-1298
-1215
-1109
-688
-497
-739
-645
-189
149
211
206
759
1433
1209
775
1175
2198
2870
2433
1814
2296
3116
3218
2970
3025
3418
3444
2880
2692
3168
3370
3009
2566
2211
2023
1858
1739
1744
1433
686
175
277
220
-69
-340
-469
-564
-1154
-1402
-1106
-761
-880
-1576
-1731
-1367
-1116
-1207
-1280
-981
-842
-1059
-1130
-748
-301
-183
-370
-457
-322
-133
52
184
250
42
-181
-60
166
215
12
-192
-228
-232
-376
-555
-445
-346
-631
-1030
-1155
-905
-737
-943
-1251
-1352
-1254
-1254
-1263
-1168
-1128
-1179
-1306
-1278
-1036
-893
-886
-818
-733
-792
-816
-631
-321
-222
-453
-500
-308
-196
-234
-276
-102
-1
-198
-439
-364
-30
72
-183
-424
-401
-247
-148
-152
-194
-182
-108
-42
-45
-26
173
510
680
507
338
626
1204
1479
1323
1188
1387
1711
1898
1963
2020
2093
2155
2180
2162
2143
2188
2292
2298
2061
1706
1598
1826
1941
1592
1064
871
1016
1013
680
369
292
263
49
-269
-370
-293
-365
-605
-835
-925
-826
-728
-802
-950
-1063
-1069
-942
-855
-933
-1022
-961
-840
-849
-958
-918
-708
-617
-757
-900
-816
-589
-514
-661
-769
-703
-586
-556
-634
-690
-621
-561
-593
-652
-682
-618
-530
-552
-650
-707
-647
-535
-551
-657
-688
-635
-554
-551
-652
-699
-622
-522
-516
-631
-717
-642
-522
-529
-633
-667
-600
-566
-604
-611
-574
-559
-552
-547
-572
-601
-562
-433
-315
-365
-510
-485
-254
-61
-73
-154
-63
134
220
261
417
628
747
744
800
1033
1251
1339
1421
1553
1657
1678
1722
1921
2109
2078
1957
1950
2053
2122
2067
1980
1943
1864
1709
1603
1576
1508
1319
1096
960
847
647
463
376
271
59
-205
-374
-383
-426
-652
-862
-898
-895
-983
-1093
-1106
-1063
-1100
-1187
-1196
-1130
-1078
-1065
-1043
-1000
-979
-965
-893
-779
-722
-742
-743
-668
-588
-572
-583
-556
-511
-517
-554
-561
-530
-507
-531
-559
-563
-579
-596
-594
-586
-574
-599
-647
-647
-613
-573
-562
-592
-597
-552
-494
-464
-475
-461
-387
-313
-295
-322
-292
-188
-125
-110
-104
-136
-121
-28
27
-5
-48
-23
55
84
37
-16
21
123
152
83
20
60
184
241
184
139
185
294
369
356
352
433
548
624
638
651
737
860
945
967
966
1010
1108
1203
1221
1181
1181
1248
1306
1284
1208
1178
1211
1198
1112
1016
960
940
876
754
641
562
487
384
279
191
87
-13
-86
-164
-259
-354
-424
-451
-490
-572
-647
-674
-676
-701
-752
-784
-777
-766
-774
-788
-776
-751
-734
-718
-698
-678
-661
-637
-606
-585
-579
-575
-556
-532
-519
-513
-498
-470
-450
-445
-434
-404
-361
-341
-335
-323
-286
-245
-233
-223
-210
-175
-150
-148
-140
-128
-91
-69
-66
-75
-75
-49
-40
-48
-82
-99
-97
-118
-145
-179
-216
-230
-240
-277
-325
-352
-362
-367
-391
-421
-437
-426
-416
-427
-434
-430
-406
-368
-358
-348
-305
-249
-190
-138
-97
-40
44
129
198
257
336
425
498
557
614
679
746
807
850
888
929
972
1008
1026
1039
1049
1060
1055
1028
1002
965
935
884
828
749
690
642
555
477
397
361
271
206
116
42
-11
-82
-135
-201
-263
-301
-304
-361
-393
-411
-411
-417
-417
-417
-396
-373
-346
-320
-295
-263
-221
-179
-141
-113
-81
-50
-17
6
23
36
47
59
59
58
39
25
7
-12
-46
-90
-123
-164
-200
-258
-289
-352
-390
-441
-465
-508
-545
-586
-604
-618
-630
-650
-669
-665
-659
-665
-652
-647
-635
-612
-587
-549
-531
-512
-478
-426
-374
-355
-332
-292
-240
-196
-177
-161
-135
-96
-70
-61
-61
-46
-10
9
7
-1
10
47
60
59
47
67
99
107
115
106
120
157
179
193
194
206
244
292
314
320
336
375
421
442
442
449
487
523
532
523
521
542
576
572
545
545
557
578
567
514
479
470
485
468
406
358
343
355
339
270
211
203
211
191
135
71
60
79
72
24
-32
-49
-25
-14
-48
-98
-118
-84
-62
-90
-149
-174
-136
-103
-125
-194
-214
-179
-138
-168
-220
-251
-217
-178
-190
-245
-284
-256
-204
-208
-261
-314
-289
-224
-224
-291
-322
-294
-235
-207
-271
-311
-283
-233
-212
-245
-298
-285
-230
-205
-239
-286
-280
-223
-199
-229
-284
-270
-208
-170
-189
-247
-237
-187
-126
-141
-182
-190
-136
-82
-83
-126
-130
-76
-20
-12
-57
-53
-8
51
58
14
11
58
113
122
76
57
99
157
172
128
107
138
187
217
175
147
178
224
265
233
198
240
282
303
293
262
276
322
351
330
294
299
339
357
329
289
280
314
336
293
246
236
253
275
249
181
164
188
202
172
107
90
111
129
108
46
22
40
69
64
3
-31
-15
30
28
-34
-65
-54
-17
-14
-66
-110
-103
-74
-72
-112
-166
-166
-139
-123
-162
-232
-231
-214
-180
-169
-254
-284
-237
-211
-225
-280
-310
-282
-239
-239
-293
-328
-288
-232
-226
-264
-304
-268
-198
-187
-221
-255
-221
-155
-126
-154
-195
-173
-109
-73
-88
-124
-121
-69
-23
-32
-64
-75
-32
20
17
-18
-38
-10
50
59
10
-18
9
61
74
34
0
11
59
83
53
14
14
64
98
63
30
48
62
94
101
59
51
79
117
113
91
76
112
133
148
130
113
135
166
187
169
150
158
197
212
202
177
177
210
224
210
191
182
197
216
207
178
159
160
180
179
141
111
112
116
111
86
49
35
40
38
12
-25
-44
-37
-34
-57
-87
-114
-105
-100
-112
-145
-165
-155
-139
-161
-180
-180
-177
-162
-161
-180
-184
-172
-159
-149
-153
-161
-152
-137
-124
-127
-129
-127
-101
-89
-89
-105
-99
-84
-62
-64
-71
-84
-68
-56
-51
-68
-66
-66
-55
-51
-59
-73
-72
-53
-56
-63
-71
-69
-67
-53
-53
-63
-68
-53
-43
-38
-47
-44
-32
-13
-11
-13
-11
-5
14
29
33
22
36
48
65
62
67
67
84
93
96
87
93
100
105
106
104
102
99
103
102
98
90
89
90
89
81
72
72
73
71
63
60
57
54
51
45
42
38
40
31
31
29
35
27
32
31
33
29
32
29
32
32
28
24
22
24
19
19
13
15
8
10
3
4
-4
-5
-13
-11
-22
-23
-32
-33
-41
-41
-49
-56
-57
-64
-61
-74
-70
-73
-70
-86
-75
-81
-83
-84
-83
-90
-83
-80
-89
-78
-87
-81
-74
-77
-65
-70
-60
-51
-52
-48
-45
-38
-40
-30
-31
-28
-27
-18
-15
-15
-10
-13
-3
3
-4
0
9
6
7
18
12
11
9
19
1
7
8
6
7
10
11
13
14
16
18
17
17
20
28
22
25
29
30
32
33
34
31
47
41
46
49
51
49
60
54
60
62
58
62
67
56
51
57
54
51
44
45
45
39
40
32
22
32
24
13
12
1
3
-7
-10
-31
-29
-27
-36
-34
-51
-47
-24
-47
-43
-44
-42
-54
-49
-49
-56
-53
-59
-52
-48
-47
-45
-46
-41
-48
-32
-33
-28
-20
-25
-22
-19
-13
-17
-6
-12
-13
-5
-8
-3
-8
-1
-9
1
1
2
-3
-4
-1
-5
0
-6
-6
-17
-13
-16
-19
-20
-13
-16
-22
-28
-16
-18
-22
-18
-19
-24
-22
-18
-18
-13
-27
-21
-16
-22
-25
-19
-12
-15
-6
-14
-6
-11
-4
-12
-10
-12
-1
3
7
4
4
9
9
6
7
13
12
13
13
11
12
8
6
13
17
10
12
6
11
11
7
10
12
9
14
17
7
12
11
12
12
12
17
18
15
8
17
14
18
19
14
17
16
24
17
19
18
20
15
19
17
15
12
17
15
8
12
13
6
4
7
5
-5
1
-4
-5
-10
-12
-8
-17
-16
-16
-23
-17
-27
-21
-23
-27
-24
-27
-28
-27
-30
-27
-30
-31
-27
-29
-30
-27
-29
-28
-29
-27
-29
-25
-27
-25
-26
-24
-22
-25
-20
-14
-20
-12
-17
-3
-15
-6
-3
-5
-2
-3
1
2
-3
3
0
8
2
5
9
7
7
8
12
9
9
13
11
11
14
14
11
16
17
14
17
15
18
14
20
19
18
17
20
18
20
16
19
18
13
15
14
14
11
8
10
12
6
7
5
4
3
-5
1
-2
-15
-7
-10
-15
-26
-17
-12
-20
-24
-27
-28
-24
-24
-25
-20
-30
-28
-29
-28
-32
-21
-26
-23
-25
-24
-20
-21
-24
-14
-19
-10
-17
-15
-13
-2
-10
-12
-10
-1
-6
-4
-7
3
-5
-3
-2
1
-2
7
2
-2
0
-1
-2
1
-3
-3
-4
-6
-10
-3
-10
-5
-9
-6
-7
-5
-18
-14
-11
-10
-9
-14
-11
-14
-13
-10
-11
-5
-7
-4
-10
-11
-9
-9
-2
-3
-6
-4
-3
-4
-2
-6
-5
-1
-9
-9
-7
-7
-9
-6
-13
-13
-9
-11
-12
-20
-19
-17
-15
-20
-17
-18
-21
-19
-20
-21
-19
-19
-15
-14
-16
-18
-19
-15
-17
-13
-6
-15
-12
-11
-4
-8
-10
-4
-8
-6
-9
-8
-7
-8
-6
-10
-7
-9
-8
-9
-7
-9
-9
-8
-8
-7
-12
-8
-9
-6
-15
-9
-10
-11
-17
-11
-11
-13
-15
-11
-10
-13
-13
-12
-12
-13
-10
-10
-12
-12
-11
-6
-14
-16
-10
-11
-7
-9
-8
-7
-2
-11
-8
-4
-10
-7
-6
-6
-24
-13
-12
-9
-12
-12
-10
-13
-15
-14
-12
-7
-13
-13
-13
-12
-12
-12
-12
-12
-12
-12
-12
-12
-12
-11
-13
-11
-12
-12
-12
-13
-12
-12
-12
-12
-12
-11
-12
-12
-12
-12
-12
-12
-12
-12
-11
-11
-12
-12
-12
-12
-12
-12
-12
-12
-12
-11
-12
-13
-12
-12
-12
-12
-12
-12
-12
-12
-12
-12
-11
-12
-11
-11
-11
-12
-12
-12
-12
-12
-12
-12
-12
-12
-12
-12
-12
-13
-12
-12
-12
-13
-12
-13
-12
-12
-12
-12
-12
-12
-12
-13
-11
-12
-11
-12
-12
-12
-13
-11
-11
-13
-14
-13
-12
-13
-12
-12
-13
-10
-11
-13
-11
-12
-14
-11
-12
-13
-3
-9
-9
-8
-9
-7
-7
-9
-10
-9
-9
-9
-8
-9
-9
-8
-8
-8
-9
-8
-7
-8
-8
-8
-7
-8
-8
-8
-8
-8
-8
-8
-8
-8
-8
-8
-8
-8
-8
-7
-8
-7
-8
-9
-9
-9
-8
-8
-8
-8
-8
-8
-7
-8
-8
-7
-7
-9
-8
-7
-7
-7
-7
-8
-7
-10
-12
-13
-10
-11
-15
-12
-11
-12
-12
-12
-13
-18
-11
-5
-12
-15
-12
-10
-11
-13
-13
-9
-12
-13
-6
-8
-9
-7
-7
-10
-7
-8
-7
-6
-9
-9
-4
-8
-15
-8
-6
-8
-8
-11
-7
-9
-8
-8
-9
-5
-13
-13
-12
-9
-12
-16
-10
-12
-10
-13
-16
-12
-6
-17
-12
-9
-12
-15
-11
-11
-13
-9
-13
-11
-13
-5
-8
-7
-8
-4
-3
-3
-1
-6
-3
0
-1
5
4
1
0
-2
-4
-1
-1
3
1
0
1
-5
-3
-7
-10
-9
-8
-12
-8
-14
-10
-12
-17
-11
-19
-14
-19
-15
-16
-15
-17
-16
-17
-16
-16
-12
-10
-16
-1
-6
-9
-2
-11
-4
-5
-3
-3
3
5
6
4
17
7
2
10
6
12
11
3
8
11
8
7
7
2
10
-1
4
2
1
-1
-2
-3
-11
-10
-15
-12
-16
-11
-12
-11
-16
-13
-15
-18
-16
-16
-15
-22
-16
-4
-15
-11
-8
-8
-7
-7
-1
1
-6
6
3
11
10
7
6
10
10
7
8
7
7
9
11
8
1
11
2
3
-2
4
5
1
-2
-12
-4
-2
-13
-16
-6
-13
-13
-17
-10
-12
-13
-15
-13
-10
-15
-18
-12
-7
-14
-7
-8
-8
-3
-10
-3
3
-6
-1
6
3
4
2
5
14
5
9
10
8
9
6
6
13
3
7
6
3
-1
1
4
5
-7
-6
1
-1
-15
-8
-6
-7
-9
-16
-5
-10
-6
-10
-7
-9
-13
-14
-5
-4
-11
-7
-10
-3
-5
-6
1
-3
1
-3
7
5
3
3
10
4
6
2
5
7
2
10
10
-3
3
5
6
-1
-2
-2
2
-10
-4
-5
-7
4
-4
-7
-1
-3
-7
-4
-4
-3
-3
-3
-3
-3
-8
-7
-1
-4
-4
-3
-2
-7
-6
1
-2
-6
-6
1
0
0
-3
2
4
3
4
6
4
2
6
11
6
-2
3
6
5
4
-1
7
0
1
-2
0
3
-4
-4
-5
-1
-10
-4
-5
-1
-5
-5
-5
-4
6
-1
-2
1
-1
2
1
-1
2
2
2
0
1
2
0
0
0
0
1
0
1
0
0
1
1
0
0
0
0
0
-1
0
0
0
-1
0
0
1
0
0
0
0
1
0
1
0
0
0
0
-1
0
0
0
0
0
-1
0
0
0
1
1
0
0
-1
0
0
1
0
0
-1
1
0
0
0
0
-1
0
0
0
0
0
0
0
0
0
0
0
1
0
0
0
-1
0
1
0
0
1
-1
0
-1
-1
0
0
0
0
0
0
0
0
-1
0
-1
1
0
1
1
0
0
0
0
0
0
0
0
0
0
0
0
0
0
1
0
-1
0
0
0
0
0
0
-1
0
0
-1
0
0
0
0
0
0
0
1
1
0
0
0
0
0
0
0
-1
0
0
0
0
0
0
-1
-1
0
0
0
0
0
1
0
1
-1
0
0
-1
0
0
0
1
0
0
0
0
0
0
0
1
0
1
0
0
0
-1
-1
0
0
0
0
1
0
-1
0
0
0
0
1
0
-1
0
0
0
0
0
1
0
0
0
0
0
0
0
0
0
0
1
0
0
0
0
0
0
0
0
0
0
0
0
0
-1
-1
0
0
0
0
0
0
-1
0
0
-1
0
0
0
0
0
0
0
0
0
0
0
0
0
0
0
0
0
-1
0
0
1
0
0
-1
1
0
0
0
0
0
0
0
0
0
0
-1
1
0
0
-1
0
0
0
1
0
-1
0
0
0
0
0
0
0
1
-1
0
-1
0
-1
-1
0
0
0
1
0
0
0
0
0
1
0
-1
-1
0
0
0
0
0
0
0
-1
0
-1
0
1
0
0
0
0
1
0
0
0
0
0
-1
-1
0
0
0
0
-1
0
1
0
1
0
0
0
0
-1
0
0
0
-1
0
0
0
0
0
0
0
0
-1
0
0
0
1
0
1
0
-1
0
1
0
0
-1
0
0
0
0
0
0
1
0
1
0
0
0
0
0
1
0
1
0
0
0
1
0
0
0
0
0
-1
0
0
0
0
0
0
0
0
0
-1
0
0
0
0
0
0
0
0
0
0
1
0
1
0
0
1
0
0
1
0
0
1
0
0
1
0
0
0
0
0
0
0
0
0
0
0
1
0
0
-1
0
0
-1
0
-1
0
0
1
1
0
0
0
-1
0
0
0
0
0
0
1
0
0
-1
0
0
0
0
-1
0
1
1
1
1
2
1
-1
1
0
0
1
-1
0
0
-2
-3
-3
-5
-4
-3
-5
-3
-3
-3
-3
-3
-3
-3
-3
-4
-4
-4
-4
-4
-3
-4
-5
-5
-6
-3
-5
-4
-4
-3
-5
-4
-5
-3
-3
-3
-4
-5
-2
-3
-4
-5
-4
-2
0
1
1
0
0
-1
0
-1
-1
-1
-1
-1
0
0
-2
-1
0
0
-1
1
1
4
4
3
4
5
5
3
3
4
5
4
4
5
4
2
3
4
6
5
1
4
9
10
8
7
9
10
8
6
8
9
9
7
7
7
7
8
9
8
8
7
8
8
8
8
7
9
9
8
12
8
6
10
8
7
10
10
8
11
7
6
14
7
5
2
4
7
0
5
4
2
8
3
3
5
3
4
6
2
5
4
3
4
4
4
3
3
4
4
4
4
5
3
3
3
4
4
3
4
5
4
2
4
5
4
2
-3
-4
-4
-2
-3
-5
-3
-6
-6
-3
-4
-3
-7
-4
-2
-4
-2
-8
-6
-4
-4
-3
-16
-13
-5
-10
-9
-9
-8
-12
-5
-10
-4
-11
-6
-11
-7
-7
-10
-8
-6
-8
-4
-11
-15
-12
-12
-13
-9
-12
-13
-12
-14
-13
-10
-12
-12
-13
-11
-12
-13
-12
-13
-16
-16
-14
-17
-18
-17
-16
-15
-15
-14
-15
-21
-14
-14
-17
-18
-16
-13
-17
-15
-22
-16
-2
-21
-18
-14
-17
-16
-18
-18
-14
-18
-16
-14
-17
-18
-16
-16
-19
-18
-18
-15
-14
-14
-16
-20
-21
-21
-19
-18
-19
-20
-21
-21
-21
-19
-20
-20
-20
-20
-20
-19
-19
-19
-19
-17
-16
-15
-14
-15
-15
-15
-17
-17
-16
-14
-15
-17
-18
-17
-15
-15
-17
-15
-22
-23
-11
-13
-15
-15
-14
-19
-15
-16
-15
-17
-17
-15
-16
-16
-15
-16
-16
-16
-16
-16
-16
-16
-15
-16
-15
-18
-16
-16
-17
-17
-16
-17
-17
-18
-17
-16
-15
-16
-17
-19
-19
-15
-12
-9
-12
-13
-13
-12
-11
-11
-11
-11
-12
-12
-14
-13
-13
-14
-11
-13
-15
-8
-12
-13
2
-3
-5
-4
-4
-6
-6
-4
-2
-5
-3
-3
-3
-5
-3
-4
-3
-3
-5
-5
-2
-5
-6
-1
-1
-7
-4
-4
-4
-6
-2
-3
-6
-4
-4
