0.657734 -0.856858 2.60085 0.821957 -0.641526 -1.59978 0.477344 0.182055 0.281243 0.484354 -0.658271 -0.0718028 
1.70827 0.166564 3.71183 1.15487 0.258837 -2.58324 -0.273725 0.0323039 0.0771383 0.685944 -0.332768 0.0978487 
2.61361 0.86083 2.62172 1.77703 1.18413 -1.13701 -0.785385 1.30056 0.550978 0.118935 -0.197911 0.0358477 
2.84159 1.74477 0.723657 0.468428 0.260612 -0.0722202 0.16287 0.253129 0.0893988 0.0815431 0.0156349 -0.0163428 
3.87022 1.40346 2.89401 1.82931 -0.248304 -1.0148 -1.02929 -0.199198 -0.244566 -0.455651 0.123118 0.0465234 
5.50508 -1.07401 4.49638 -1.12089 1.6398 -1.08016 -1.4619 0.762935 -1.03188 -0.84032 -0.288727 0.159469 
4.68112 -0.588276 2.99049 -0.165257 1.46998 -1.08458 -0.784777 0.576169 -0.897018 -1.07537 -0.0671514 0.109041 
3.94353 0.189733 1.77914 0.600544 0.601485 -0.535033 -0.735348 0.476417 -0.747557 -1.28949 0.106828 0.096884 
4.78097 -1.0273 3.30403 -0.826181 1.14398 -0.586534 -0.705891 0.294044 -0.893925 -1.18106 -0.0808864 0.206693 
4.90139 -1.11475 3.46473 -1.56337 1.08181 -0.881084 -0.78019 0.240757 -1.24521 -1.21328 -0.130948 0.259407 
4.52582 -0.687417 2.98792 -1.43601 0.991577 -1.41146 -0.751378 0.331596 -1.21793 -1.1786 0.0307086 0.21665 
4.19078 -0.641098 2.74631 -1.43238 1.05847 -1.44457 -1.04758 0.410509 -1.10083 -1.1183 0.0688593 0.148149 
4.61046 -0.814524 3.11633 -2.196 1.70252 -1.54523 -1.51336 0.717261 -1.68162 -1.23629 0.115791 0.183232 
4.55523 -0.989321 3.25892 -2.58747 1.48442 -1.32797 -1.5939 0.572423 -1.73578 -1.34395 0.117927 0.200588 
4.27555 -0.870286 2.94277 -2.44603 1.50341 -1.12041 -1.25204 0.358372 -1.65035 -1.30429 0.144191 0.195387 
3.63162 -0.00435932 1.89775 -1.71296 0.993559 -0.959017 -0.704445 -0.195074 -1.34964 -1.16271 0.266674 0.104603 
4.03729 -0.79438 2.7961 -2.4029 1.01463 -1.14552 -0.88505 0.0265646 -1.60322 -1.2262 0.175295 0.191238 
3.78884 -0.578041 2.55697 -2.20967 0.944219 -1.34901 -0.629199 0.0814842 -1.51767 -1.12765 0.217783 0.156989 
3.85543 -0.656737 2.52143 -2.17505 0.973547 -1.5202 -0.838502 0.15367 -1.34088 -1.04247 0.218496 0.159892 
3.57823 -0.294515 1.82392 -1.63322 0.813997 -1.51118 -0.725228 -0.0571496 -0.997959 -1.12584 0.235692 0.123065 
4.11804 -0.951691 2.85005 -2.71039 0.808437 -1.52915 -0.976427 0.373732 -1.53232 -0.985273 0.221665 0.149517 
3.70987 -0.243575 1.50436 -1.75204 0.466618 -1.37048 -0.770255 0.162909 -0.810066 -1.2408 0.287691 0.103987 
3.8236 -0.640986 2.02352 -2.55218 0.821638 -1.36857 -0.221457 0.316898 -1.01406 -0.963987 0.0449809 0.122037 
4.06433 -0.970602 2.09239 -3.14244 1.07396 -1.54264 -0.42642 0.782195 -1.14358 -0.946742 0.0342714 0.144117 
3.95014 -0.795669 1.36007 -2.77349 1.29461 -1.56463 -0.140695 0.804462 -0.760255 -1.00764 -0.0701704 0.112925 
3.89606 -0.598857 0.621957 -2.34445 1.40496 -1.47063 -0.0262961 1.02604 -0.535367 -0.942726 -0.114246 0.0272321 
4.53514 -1.12666 1.01243 -2.73575 1.45235 -1.46585 0.0670488 1.31765 -0.446574 -0.84397 -0.383102 0.06348 
4.80437 -1.50214 0.696794 -2.32389 1.47296 -1.28496 0.565403 1.57781 -0.378408 -0.745816 -0.486629 0.0188184 
4.59735 -0.705512 -0.649083 -0.533739 1.10735 -1.21716 1.3223 1.46684 0.0651304 -0.743096 -0.306554 -0.0238681 
4.51916 -0.528875 -0.984226 0.0882821 0.707141 -0.384446 1.56954 1.62451 -0.000989133 -0.875407 -0.222362 -0.0427172 
4.99475 -1.16341 -0.702345 -0.323364 1.39885 -0.62012 2.20916 1.57534 -0.0369752 -0.767867 -0.299968 0.0160075 
5.40826 -1.83294 -0.678025 -0.00430298 1.66858 -0.781607 3.22265 1.26892 -0.0752132 -0.596216 -0.437845 0.0691605 
5.4398 -1.49876 -1.31285 1.22039 0.958012 1.09876 2.10941 1.67646 -0.234416 -0.878356 -0.114177 0.0351773 
4.57552 -0.641949 -1.46089 1.24017 1.44602 1.10555 1.99844 1.55944 -0.251637 -0.734994 -0.0434881 0.0269333 
5.04613 -1.02715 -1.81045 1.40431 2.01302 1.11179 2.34584 1.80255 -0.439407 -0.779495 -0.0138141 0.0514215 
5.40606 -0.92305 -2.17924 1.72758 2.82881 1.04296 2.67426 1.53125 -0.624864 -0.69506 0.0420795 0.0740725 
4.65226 -0.303098 -1.79841 1.52507 3.00783 0.973541 2.25024 1.68199 -0.95806 -0.440709 -0.0183526 0.0783724 
4.21409 -0.261602 -1.59654 1.49163 2.94993 1.02618 2.09952 1.53737 -0.6662 -0.42273 -0.0602601 0.0422916 
4.15871 -0.64243 -2.15049 1.59022 3.35922 1.26968 2.4382 1.63903 -0.691848 -0.612223 -0.0788993 0.0728748 
4.74414 -0.763594 -1.9102 1.61549 4.07274 0.856579 2.23971 1.96542 -0.914591 -0.516728 -0.16373 0.101194 
4.3819 -0.144629 -1.95885 1.77924 3.38171 0.593365 2.24189 1.63836 -0.525847 -0.500282 -0.212891 0.0742596 
3.74032 -0.63939 -1.78876 1.43889 4.08879 1.0761 1.81991 2.09519 -0.603525 -0.445153 -0.216661 0.0622605 
3.78747 -0.309902 -1.17513 1.34421 3.49941 0.750847 1.83085 2.20923 -0.575929 -0.470491 -0.215248 0.0478949 
4.15967 -0.565346 -0.784828 1.21805 4.0318 0.691856 1.84671 2.21622 -0.69797 -0.368589 -0.18143 0.0653945 
3.90534 -0.145273 -0.760359 1.59657 3.46945 0.585687 2.15215 2.01476 -0.603562 -0.287634 -0.150234 0.0689815 
3.90766 -0.910684 -1.13644 1.70214 3.69408 1.36171 1.97597 1.94108 -0.418231 -0.511013 -0.0301117 0.0885362 
4.24656 -0.404553 -0.923647 2.17038 3.31241 1.31355 1.86269 1.73816 -0.345736 -0.504489 0.0180843 0.13434 
3.93336 -0.276813 -0.689975 1.71208 3.46839 1.50548 1.62343 1.80006 -0.291005 -0.564466 0.0405619 0.130583 
5.33787 -0.912952 -2.23287 2.41469 4.23852 1.74102 1.98729 2.03054 -0.499335 -0.590772 -0.0214852 0.192516 
3.79889 -0.264564 -1.13947 1.92591 3.24654 2.06325 2.06895 1.80703 -0.136066 -0.669766 0.106372 0.177764 
5.03403 -0.523497 -2.03377 2.06903 3.80026 1.78764 2.31315 2.09729 -0.332391 -0.644974 -0.0452202 0.208554 
5.39185 -0.734466 -2.36698 1.92938 3.96479 2.08687 2.23581 2.43764 -0.371334 -0.717504 -0.0960122 0.223496 
4.4613 0.0946769 -1.28973 1.38762 2.78177 2.04718 2.07756 2.30114 0.267095 -0.745769 -0.0451804 0.1716 
6.05181 -0.464256 -1.56747 1.80677 3.14646 1.92456 2.10583 2.91958 0.239119 -0.86947 -0.283927 0.178417 
4.65477 0.39998 -1.1686 1.4536 2.58326 1.75433 2.34653 2.60791 0.422765 -0.887994 -0.218328 0.147792 
3.62277 1.29896 0.0619776 1.15889 2.26728 2.21756 2.20984 1.90701 0.344878 -0.703698 -0.159504 0.0490508 
3.86933 1.81803 0.447051 0.625192 1.3836 2.13525 2.59109 1.83527 0.159292 -0.549284 -0.0564407 0.0185173 
4.23364 2.0131 0.614222 1.15667 2.12764 2.61878 2.68078 1.93816 0.362152 -0.469656 -0.223765 0.0203744 
3.94437 2.62859 1.21268 0.90924 1.8103 2.68653 2.73847 1.73904 0.309802 -0.351831 -0.180395 0.0060582 
2.7488 1.97581 1.78211 2.03716 2.26671 2.05263 1.49127 0.880538 0.34391 0.0335107 0.0127982 0.0331887 
3.21827 2.60839 2.03337 1.70232 1.87214 2.2101 2.09097 1.40681 0.554506 0.0115965 -0.110345 0.0185329 
3.36727 2.95243 2.54755 2.21065 2.18126 2.41573 2.06788 1.34483 0.735562 0.0885593 -0.12388 0.0193423 
3.37893 3.02306 2.68555 2.43036 2.31108 2.19442 1.8931 1.39782 0.61154 0.0704446 -0.0599009 0.0180658 
3.61985 3.03918 2.55503 2.5746 2.73373 2.99367 2.53789 1.5214 0.614676 0.0365809 -0.0850834 0.0424909 
3.20756 2.77454 2.38368 2.07136 1.99849 1.96299 1.6955 1.14148 0.462301 0.051807 -0.0558526 0.00875081 
4.80127 4.02491 2.73504 1.91051 2.26614 3.49666 3.14628 1.67376 0.422014 -0.364609 -0.00633904 0.0282802 
3.37471 2.91207 2.39768 2.02133 2.07375 2.23884 1.98074 1.26506 0.453278 0.0207783 -0.0243854 0.0214329 
3.50034 2.92046 2.44321 2.33952 2.69884 2.96844 2.51593 1.47451 0.345632 -0.116163 -0.0270755 0.0519102 
3.24268 2.75384 2.32486 2.05087 2.14376 2.33144 2.10428 1.36169 0.490881 -0.0180408 -0.0570203 0.0350836 
3.39795 2.79468 2.30943 2.02262 2.45704 2.65826 2.35808 1.41949 0.352339 -0.0800759 -0.0541062 0.0466653 
3.10486 2.61634 2.19222 2.00979 1.99711 2.18959 2.03143 1.25881 0.576004 0.12936 0.0432505 0.0542564 
3.43578 2.90502 2.36179 2.02262 2.3504 2.81495 2.70196 1.69989 0.577334 0.046069 0.0451595 0.0745205 
3.33094 3.10833 2.86093 2.49439 2.51961 2.27089 2.10057 1.49338 0.834307 0.302961 0.0699406 0.0698898 
2.83586 2.4008 2.26306 2.21355 2.03668 1.72031 1.3834 1.0255 0.718826 0.481309 0.25261 0.0743648 
2.68001 2.25789 2.03339 1.81487 1.61456 1.42438 1.15831 0.912658 0.705851 0.453606 0.264858 0.0647877 
2.82126 2.69005 2.42663 2.4959 2.05428 1.98187 1.75568 1.25059 0.886945 0.56043 0.293101 0.100727 
2.67661 2.5791 2.37162 2.32354 1.85846 1.97839 1.45308 1.35427 0.873243 0.560681 0.412599 0.101453 