-4.0961
-4.0961
-4.9843
-4.9843
-2.31971
-2.91184
-4.0961
-1.43152
-1.43152
-1.72758
-2.02365
-2.61578
-1.13545
0.0488108
-0.54332
-1.13545
-0.839385
-0.54332
0.640941
0.0488108
0.0488108
0.0488108
0.344876
0.937007
1.23307
1.52914
0.344876
-0.54332
-0.247255
0.640941
-0.247255
-1.13545
-0.247255
1.23307
0.0488108
-1.43152
-0.839385
-0.247255
0.640941
0.0488108
-1.43152
-1.13545
-1.13545
-1.43152
-0.839385
-2.02365
0.344876
4.19373
1.23307
0.344876
2.41733
1.8252
0.640941
0.937007
1.52914
1.8252
2.41733
3.30553
4.48979
4.48979
2.7134
3.89766
6.26618
5.08192
2.7134
4.48979
5.97012
6.85831
7.15438
5.67405
7.45044
8.63471
6.26618
8.04257
10.7072
8.63471
8.04257
10.4111
9.5229
9.81897
9.5229
10.115
9.5229
10.115
9.81897
9.22684
8.63471
8.33864
9.22684
9.5229
10.7072
9.22684
8.63471
9.22684
9.5229
9.5229
9.22684
8.93077
8.33864
8.33864
8.93077
8.04257
8.93077
8.33864
8.93077
9.22684
9.5229
9.5229
8.93077
10.4111
9.22684
11.2993
9.22684
10.7072
8.33864
9.81897
8.93077
9.81897
9.81897
10.115
10.7072
10.4111
11.2993
11.0032
10.7072
10.7072
10.7072
11.2993
11.0032
11.0032
10.4111
9.81897
9.5229
8.93077
9.5229
8.63471
8.93077
8.04257
8.63471
8.04257
8.04257
7.74651
7.15438
7.15438
6.56225
6.85831
6.56225
6.56225
6.26618
6.56225
7.74651
7.74651
7.74651
7.15438
7.45044
7.15438
8.04257
9.22684
8.63471
10.115
9.22684
10.7072
9.81897
11.5954
11.2993
13.3718
12.4836
13.6678
13.3718
14.2599
13.9639
15.1481
15.1481
16.0363
15.1481
14.8521
13.0757
12.7796
11.2993
11.8914
11.2993
11.5954
10.4111
9.5229
7.45044
6.56225
4.78586
4.48979
3.00946
1.8252
-1.13545
-2.61578
-5.28037
-5.8725
-8.53708
-9.42528
-12.9781
-13.2741
-16.5308
-16.5308
-20.0836
-20.3797
-23.3403
-23.0443
-26.0049
-26.0049
-27.7813
-28.9656
-28.6695
-29.8538
-29.8538
-29.2617
-30.4459
-28.3735
-29.2617
-27.1892
-26.8931
-26.301
-23.3403
-23.3403
-20.3797
-18.8994
-17.7151
-13.8663
-13.2741
-11.2017
-9.72134
-7.35282
-4.39217
-1.43152
-0.247255
1.8252
3.00946
6.85831
8.93077
9.81897
10.7072
12.7796
13.0757
0.640941
6.56225
15.4442
21.6616
22.8458
19.5891
14.556
13.0757
12.7796
13.3718
15.4442
14.556
14.2599
6.56225
2.7134
2.7134
0.344876
0.0488108
-0.247255
-0.247255
-1.72758
-3.20791
0.0488108
-3.20791
-5.57643
-7.64889
-12.0899
-12.0899
-11.7938
-9.42528
-10.0174
-12.0899
-13.8663
-16.2348
-15.3466
-12.0899
-7.64889
-5.28037
-4.0961
-7.35282
-11.7938
-14.4584
-14.7545
-10.6095
-6.46463
-3.80004
-3.80004
-7.05676
-6.76069
-6.16856
-7.05676
-6.46463
-5.57643
-5.28037
-3.20791
0.344876
-1.72758
0.0488108
0.0488108
2.7134
1.52914
3.60159
1.23307
-2.61578
-14.4584
-12.3859
1.8252
14.556
22.5498
17.8127
12.1875
12.7796
18.4049
26.3986
31.4317
32.0239
29.3593
28.4711
30.2475
33.5042
33.5042
31.7278
30.8396
33.2081
35.8727
34.0963
27.2868
21.9576
25.2144
37.9452
51.8602
55.413
45.3468
26.9908
13.6678
11.0032
17.5167
24.9183
24.6222
16.6285
8.33864
7.74651
16.3324
25.8065
29.0632
22.8458
13.6678
9.22684
11.8914
15.4442
16.3324
11.5954
5.37799
3.89766
5.08192
6.85831
7.45044
8.63471
10.4111
6.56225
5.97012
10.115
7.74651
7.74651
5.97012
-3.80004
-4.0961
-6.76069
-16.2348
-8.83315
-5.57643
-16.2348
-23.0443
-21.86
0.344876
40.6098
64.5911
55.413
16.6285
-38.1436
-76.9282
-75.1518
-33.9987
23.1419
63.7029
71.1045
45.9389
3.30553
-32.2223
-47.6177
-34.5908
6.26618
61.0383
109.001
128.837
111.073
69.032
31.4317
24.3262
54.2288
102.783
140.976
155.483
160.812
184.498
242.822
315.654
355.623
319.503
206.998
69.9202
-18.8994
-19.4915
56.5973
142.16
171.471
114.034
-20.6758
-163.379
-246.87
-246.574
-187.064
-109.199
-61.2367
-76.9282
-144.135
-219.632
-293.352
-326.215
-341.611
-328.88
-310.82
-316.149
-218.151
-167.82
-126.667
-124.003
-154.201
-155.682
-195.354
-178.479
-130.812
-91.4354
-26.5971
-17.7151
21.6616
35.5766
37.6491
55.117
49.7878
41.794
34.6885
65.4792
122.324
157.852
160.22
163.477
175.912
171.767
154.595
139.2
139.496
123.804
89.7566
73.1769
89.7566
108.705
105.152
93.0133
83.5392
63.1107
27.5829
2.7134
-8.53708
-19.7876
-25.4128
-17.419
-4.39217
5.67405
9.81897
-3.50397
-35.7751
-66.2698
-77.8164
-66.5659
-31.9262
14.2599
47.4193
63.7029
76.4337
85.0196
75.5455
56.0052
42.9783
28.4711
0.937007
-8.24102
27.2868
67.8478
70.5124
60.1501
57.7815
25.2144
-44.0649
-96.1724
-109.495
-116.601
-119.266
-105.054
-101.798
-137.325
-195.946
-246.87
-293.352
-352.269
-414.147
-446.122
-439.312
-428.654
-435.167
-442.273
-434.575
-446.418
-494.676
-557.442
-604.221
-609.55
-584.088
-524.283
-465.366
-420.956
-392.238
-358.486
-337.466
-341.018
-349.604
-358.19
-259.304
-84.6259
218.249
569.382
825.183
922.292
798.241
750.278
777.22
870.777
985.354
1071.21
1231.98
1281.72
1314.58
1340.63
1405.77
1426.49
1210.36
959.597
783.438
738.732
718.895
694.914
687.216
599.877
456.582
301.147
147.193
-49.098
-254.567
-414.443
-533.165
-646.558
-715.837
-648.038
-527.244
-515.105
-608.958
-691.264
-760.543
-849.659
-865.054
-760.839
-635.011
-535.829
-403.488
-227.921
-78.1124
20.1813
47.7153
16.0363
-22.7482
-31.3341
29.9514
135.351
257.034
347.926
392.631
379.605
312.99
155.483
-54.1311
-214.302
-363.519
-388.389
-405.857
-399.343
-338.65
-399.639
-503.558
-793.702
-1051.28
-1135.95
-1242.24
-1304.12
-1405.37
-1436.46
-1376.06
-1298.79
-1153.72
-1116.12
-1144.54
-1224.18
-1283.1
-1252.31
-931.965
-102.39
652.577
975.288
722.152
661.459
1083.06
1321.39
1450.47
1406.66
1728.18
1894.57
1795.98
2056.22
2447.03
2944.42
2754.34
2321.5
1956.74
1600.87
1513.24
1372.31
1325.24
1117.1
832.288
592.772
343.189
57.1894
-195.946
-410.298
-850.547
-1319.22
-1754.14
-1835.26
-1690.19
-1676.57
-1587.75
-1574.13
-1577.98
-1598.41
-1743.48
-1675.68
-1465.47
-1350.9
-1258.23
-1076.74
-622.28
-58.2761
241.638
487.668
736.363
771.003
899.791
1084.83
1311.91
1499.32
1405.77
1517.09
1684.96
1825.29
1907.89
1740.32
1718.41
1356.62
921.108
861.895
640.438
520.828
320.984
64.5911
-138.214
-593.266
-862.093
-1133.59
-1408.33
-1684.86
-2084.84
-2278.77
-2394.23
-2320.51
-2246.79
-2337.09
-2428.87
-2496.37
-2561.51
-2595.26
-2411.4
-2294.75
-2298.01
-2222.51
-1945.69
-1481.76
-1268
-1161.12
-847.882
-796.959
-479.577
542.44
1665.12
2542.95
2204.55
2006.78
2529.63
2694.84
2993.27
2839.91
3202
3526.48
3064.03
3150.18
3366.9
3872.88
3725.73
2908
2473.97
1959.11
1560.31
1287.04
958.412
702.316
333.418
-284.47
-697.185
-1018.42
-1281.03
-1395.6
-1775.16
-2302.75
-2947.58
-3280.06
-2999.98
-2759.28
-2700.07
-2549.07
-2501.7
-2270.48
-1983.29
-1862.79
-1360.37
-1084.14
-987.625
-834.855
-609.846
285.16
886.468
1276.68
1709.83
1793.32
2191.23
2169.91
2306.69
2692.47
2503.58
2621.71
2325.05
2253.11
2197.45
1828.55
1990.5
1656.24
1346.55
769.227
379.308
414.54
5.67405
-367.664
-928.116
-1201.38
-1465.77
-1832.3
-1969.67
-2069.74
-2286.76
-2756.62
-3048.54
-3073.41
-2852.24
-2707.47
-2734.71
-2948.17
-2975.7
-2805.47
-2499.33
-2155.31
-2046.95
-1869.31
-1964.94
-1605.22
-1341.42
-1070.52
-621.984
-650.999
-200.683
-485.498
-63.9013
1486.3
2598.32
3443.58
2713.78
2619.63
3285.49
3199.33
3366.31
2868.92
3212.95
3515.23
2778.62
2916
3089.79
3817.22
3812.48
2911.85
2440.22
1727
1334.42
841.17
447.996
-4.9843
-577.575
-996.803
-1138.03
-1138.91
-1430.24
-1358.59
-1770.42
-2282.02
-2818.2
-3336.9
-2994.06
-2844.84
-2762.24
-2595.85
-2426.5
-1902.17
-1659.4
-1549.56
-867.719
-678.237
-636.788
-526.947
-523.987
394.408
747.614
1176.02
1653.57
1650.02
2195.08
2303.14
2745.17
3015.18
2800.83
2647.17
2286.27
2139.71
1865.85
1843.35
1749.79
1421.75
1123.91
845.019
741.989
487.668
201.669
-162.491
-637.084
-1167.63
-1536.23
-1775.75
-1957.54
-2102.61
-2331.17
-2498.45
-2614.8
-2542.86
-2478.91
-2490.16
-2593.78
-2656.55
-2862.61
-2904.35
-2542.56
-2305.12
-1853.62
-1810.69
-1584.79
-1395.31
-1500.41
-1024.34
-1024.04
-717.91
-831.599
-1012.2
-434.871
-664.914
169.398
1406.95
2561.61
3424.04
2462.72
2749.31
3197.85
3187.78
3136.56
2330.97
2968.99
2709.93
2237.41
2400.25
2644.8
3729.88
3350.62
2862.7
2385.74
1739.43
1716.64
1277.27
738.436
70.5124
-549.152
-894.365
-1083.25
-1207.6
-916.569
-836.04
-1152.24
-1535.35
-2171.59
-2349.53
-2333.54
-2312.81
-2383.57
-2602.07
-2652.4
-2247.68
-2046.95
-1668.58
-951.505
-790.742
-390.461
-900.878
-778.603
-272.331
-345.459
617.049
592.476
1003.41
1273.13
1655.65
2807.93
2427.19
2648.65
2651.02
2271.17
1964.15
1299.78
1595.84
1421.16
973.808
904.824
761.529
997.197
1053.45
1081.87
1039.53
415.132
-169.893
-627.906
-999.172
-1339.35
-1603.14
-1847.1
-2357.52
-2419.4
-2113.27
-2014.38
-2205.64
-2179.58
-1964.64
-2375.58
-2580.75
-2579.57
-2480.68
-2446.04
-2716.05
-2317.25
-2198.83
-2153.23
-1768.65
-1427.28
-1164.08
-1512.84
-1625.35
-1389.39
-1264.15
-1295.83
-776.827
378.716
1485.41
2083.46
1880.36
2247.18
3031.17
3500.43
3265.06
2494.4
2744.28
2785.43
2095.9
2163.99
2712.3
3723.07
3754.75
3270.98
3611.45
3504.28
3227.16
2712.6
1989.9
1242.63
275.982
-378.619
-400.528
-1024.04
-927.524
-827.454
-775.346
-1050.69
-1570.87
-1476.73
-1619.13
-1972.34
-2181.36
-2840.4
-3058.9
-3011.82
-2963.27
-2630.49
-2358.41
-1758.28
-1372.21
-1387.31
-910.944
-356.71
-183.512
63.7029
36.4648
462.799
741.1
839.986
1897.83
1597.32
2327.12
2584.7
2674.41
2844.35
2061.55
2766.19
2409.13
1954.08
1633.74
1261.58
1726.11
1368.46
1388.89
1532.19
1296.52
874.626
510.465
166.734
-167.524
-825.677
-1564.06
-2050.2
-2552.92
-2518.28
-2541.97
-2448.12
-2425.02
-2420.29
-2634.04
-2919.16
-2722.86
-2676.09
-2630.79
-3024.26
-2965.93
-2832.11
-3003.24
-2916.79
-2478.02
-2124.52
-2205.93
-2011.12
-1757.69
-1164.38
-1251.72
-823.605
333.714
1004.3
1971.84
1699.76
1979.54
3158.77
3403.91
3980.35
3045.08
3585.1
3790.87
2939.39
3057.52
3294.07
4204.18
4083.97
3456.61
3757.41
3668.3
3683.1
3296.44
2773.88
1891.02
1086.02
188.346
-286.838
-834.263
-1175.63
-1129.74
-1570.28
-1686.93
-2132.81
-2151.16
-2188.17
-2447.23
-2698.59
-3181.47
-3516.91
-3291.61
-3451.48
-3322.1
-3216.4
-2945.8
-2533.09
-2490.16
-1797.36
-1037.07
-646.262
59.854
155.483
730.442
966.998
1425.9
2176.43
1898.42
2329.49
2369.16
2687.73
2735.99
2504.17
3042.71
2703.42
2481.67
2136.16
2363.54
2407.36
2061.26
2016.25
1678.74
1517.98
801.794
564.941
112.258
-383.356
-576.39
-1365.4
-1924.08
-2422.65
-2409.03
-2632.27
-3112.19
-3127.29
-2991.99
-3123.44
-3373.32
-3117.82
-2941.95
-3082.58
-3333.65
-3106.86
-2984.59
-3055.64
-3088.8
-2807.54
-2499.93
-2663.95
-2275.51
-2138.13
-1446.82
-1292.87
-820.052
461.023
1107.33
2503.58
2146.52
2603.35
3493.32
3797.09
4275.53
3249.66
3903.67
3961.7
3445.95
3317.16
3430.85
4460.57
4277.3
4047.56
4056.74
4214.24
4008.48
3628.33
3128.57
2263.17
1453.73
343.781
-179.959
-901.47
-1389.09
-1506.92
-1952.8
-1995.73
-2344.49
-2368.47
-2104.68
-2376.47
-2497.26
-2866.75
-3244.53
-3284.5
-3576.72
-3756.13
-3677.97
-3425.13
-3103.01
-2905.83
-2390.97
-1462.51
-580.239
-55.9075
447.7
1007.26
1322.28
1891.61
1742.39
2163.4
2045.86
1822.63
2348.44
1682
2615.19
2269.39
2765
2895.27
2620.52
3103.11
2566.64
2784.54
2390.48
1937.8
1369.05
686.92
219.137
-275.292
-650.111
-937.886
-1211.75
-1804.17
-2025.93
-2215.7
-2182.54
-2471.5
-2527.46
-2901.1
-3025.74
-3394.34
-3426.91
-3379.24
-3480.79
-3360.88
-3579.38
-3321.21
-3207.82
-3061.86
-2528.05
-2501.41
-2117.71
-2100.53
-1972.93
-1513.73
-1334.32
-1000.65
309.733
926.733
2078.72
1641.43
2375.97
3738.47
3747.64
4382.7
3646.39
4421.78
4321.12
3493.32
3832.91
3564.97
4493.43
4040.75
3694.94
3924.39
3974.43
4232.01
3794.13
3303.55
2664.34
2018.62
1102.89
507.801
-387.797
-896.437
-1529.42
-2167.74
-2137.25
-2607.4
-2395.71
-2400.45
-2136.36
-2359.89
-2729.97
-2839.22
-2925.67
-3129.07
-3610.17
-3431.64
-3675.6
-3442.6
-3570.2
-3002.94
-2264.55
-1504.26
-751.069
-32.2223
518.163
1326.13
1889.54
2009.15
2433.71
2182.94
2436.67
2115.44
1732.62
2371.53
2016.25
2408.54
2061.55
2213.43
2811.78
2485.52
2985.87
2677.37
2561.9
2335.12
1565.64
1111.48
429.64
-83.1455
-821.236
-1613.51
-2107.34
-2279.06
-2407.85
-2551.74
-2658.91
-2566.84
-2496.08
-2834.48
-2849.58
-2870.3
-3270.88
-3434.01
-3545.93
-3658.73
-3712.61
-3912.45
-3773.9
-3451.78
-3176.73
-2848.69
-2668.09
-2255.67
-1564.06
-1434.68
-928.116
25.5104
950.122
1906.12
1365.8
2130.24
3261.21
3502.8
4019.73
3321.61
4282.04
4343.92
3858.67
4276.71
4006.7
4881.28
4432.15
4224.31
4434.52
4169.24
4484.85
4022.98
3421.38
2978.76
2442.88
1521.82
764.786
-5.57643
-418.588
-902.654
-1670.06
-1805.06
-2408.15
-2604.44
-2472.1
-2496.97
-2656.25
-3153.64
-3218.48
-3274.43
-3454.74
-3744.59
-3829.56
-3667.31
-3723.27
-3650.14
-3385.16
-2675.49
-2019.41
-1516.99
-812.058
-308.747
724.521
1337.08
1666.01
2301.96
2309.95
2646.28
2374.49
2181.75
2631.18
2331.86
2458.58
2340.45
2338.96
2778.62
2681.22
3098.08
3080.61
2779.21
2714.08
2159.25
1890.43
1291.19
578.857
-51.4666
-1117.6
-1564.66
-1978.85
-2444.86
-2703.03
-3039.36
-2859.65
-2998.2
-3167.26
-3005.61
-3001.46
-2965.64
-3219.07
-3454.74
-3492.63
-3668.2
-3862.72
-3983.81
-3977.59
-3560.14
-3432.24
-3451.18
-2921.23
-2394.82
-1731.05
-1460.44
-895.549
669.453
1131.31
1947.86
1785.03
2722.07
3651.13
3408.35
3938.31
3495.4
4490.18
4157.69
3832.61
4182.86
4044.3
4949.08
4449.32
4491.36
4433.92
4522.15
4490.18
3978.28
3539.81
2905.93
2414.17
1211.55
800.609
-234.435
-519.546
-971.638
-1782.56
-1980.04
-2803.99
-2369.66
-2642.93
-2637.01
-2998.2
-3147.13
-3121.37
-3408.26
-3513.06
-3818.01
-3518.69
-3834.89
-3844.06
-3923.41
-3412.4
-2765.2
-2553.51
-1550.15
-1237.21
-247.758
262.363
1069.44
1848.09
2031.65
2722.96
2602.46
2842.87
2687.14
2795.5
2863.3
2757.01
2720.89
2362.95
2667.6
2724.74
3097.19
2937.61
2927.25
2938.2
2615.49
2442.59
1725.81
1412.58
566.422
-110.68
-962.163
-1668.28
-2024.15
-2621.31
-2751.29
-3228.54
-3195.68
-3457.7
-3354.08
-3210.78
-3284.8
-3138.54
-3427.5
-3166.07
-3491.75
-3439.34
-3626.75
-3804.09
-3826.89
-3826.89
-3412.1
-3468.36
-2755.73
-2552.33
-1733.71
-1594.56
-761.135
729.258
1111.48
2284.78
2041.72
3312.13
3654.09
3791.46
4295.07
3700.27
4829.17
4077.76
4070.35
3937.72
3996.93
4817.03
4271.09
4450.8
4287.37
4633.47
4515.93
4123.05
3634.55
3252.33
2592.99
1492.22
884.1
-201.868
-380.099
-1375.17
-2025.93
-2523.61
-3102.72
-2767.87
-3253.41
-3047.65
-3284.8
-3275.32
-3216.7
-3487.6
-3518.1
-3600.7
-3457.7
-3856.2
-3823.93
-4059.6
-3527.27
-3163.41
-2763.13
-1713.28
-1452.74
-311.412
173.543
1037.46
1856.67
2118.1
2730.07
2646.58
2901.49
2827.77
2826.88
2821.55
2749.61
2656.94
2608.98
2695.72
2705.2
3106.37
3018.43
3231.6
3043.9
2834.28
2651.02
1959.11
1695.91
792.32
101.599
-738.93
-1486.79
-1923.19
-2590.23
-2839.81
-3187.09
-3382.5
-3508.92
-3374.21
-3230.62
-3113.97
-3121.66
-3265.85
-3226.77
-3492.04
-3252.23
-3375.1
-3463.32
-3538.52
-3745.77
-3346.67
-3364.14
-2897.84
-2496.67
-2086.92
-1437.05
-1063.42
-515.993
568.494
1205.92
2189.16
2322.39
2570.19
3569.12
3624.18
4254.8
4050.52
4238.22
4655.38
3935.35
4159.17
4006.11
4400.17
4642.95
4002.56
4048.15
3996.34
3947.19
3880.87
3250.25
2779.21
2368.57
1385.63
921.7
-8.53708
-528.724
-793.11
-1863.09
-2192.02
-2982.81
-3148.61
-3001.46
-3334.53
-3232.1
-3521.65
-3632.38
-3345.49
-3661.39
-3426.61
-3358.22
-3439.64
-3372.14
-3613.72
-3437.86
-2838.92
-2522.13
-1967.31
-1630.68
-1160.23
-143.839
354.735
1362.54
1999.67
2351.99
3040.05
2960.41
3403.62
3488.88
3325.16
3374.9
2902.67
2796.98
2616.67
2479.6
2622
2489.66
2473.38
2454.13
2222.32
2294.85
2083.46
1776.14
1507.91
706.461
134.462
-693.336
-1442.09
-1962.86
-2765.5
-3170.22
-3748.73
-4137.46
-4142.2
-4210.3
-3930.22
-3688.04
-3630.6
-3357.04
-3210.19
-3062.75
-2680.82
-2668.98
-2569.8
-2649.44
-2912.64
-2679.05
-2785.04
-2571.87
-2174.85
-1995.43
-1311.52
-1091.54
-424.805
704.388
1468.24
2636.51
2918.36
3207.32
4131.64
4515.93
5000
4681.43
4560.05
4872.99
4148.52
3925.88
3674.81
3690.8
4007.59
3393.55
3347.96
3299.99
3391.18
3728.7
3179.49
2844.35
2434.59
1752.16
1163.88
183.905
-539.678
-1030.55
-1897.43
-2624.27
-3345.49
-3728.89
-3612.54
-3776.56
-3668.2
-3583.23
-3502.4
-3045.87
-2985.18
-2852.24
-2663.65
-2668.98
-2578.98
-2769.94
-2747.14
-2380.61
-2196.16
-1904.54
-1625.35
-1180.36
-405.857
247.263
1035.09
1711.6
2290.41
2947.08
3255.58
3559.35
3710.34
3690.5
3668.89
3237.82
2886.09
2692.17
2411.2
2257.84
1981.91
1814.04
1851.35
1715.75
1703.02
1681.4
1466.46
1295.33
823.406
254.073
-221.112
-915.385
-1520.54
-2196.16
-2861.42
-3229.73
-3751.69
-4026.14
-4055.45
-4012.82
-3732.74
-3606.32
-3282.72
-2856.69
-2567.73
-2212.45
-2125.7
-1978.85
-1752.36
-1781.97
-1752.36
-1906.91
-1941.84
-1724.53
-1784.93
-1557.55
-1281.03
-952.393
-330.064
-72.4872
540.664
1342.71
1998.79
2719.11
2871.88
3268.91
3833.5
4004.04
4117.73
3800.94
3724.25
3668
3217.09
2974.62
2727.11
2821.55
2784.84
2384.85
2277.68
2269.09
2419.79
2347.25
1926.84
1675.78
1326.42
818.669
247.263
-486.979
-955.058
-1412.77
-2102.9
-2660.1
-3161.63
-3247.2
-3158.67
-3239.5
-3117.52
-3033.44
-2785.63
-2474.76
-2323.18
-1983
-1789.96
-1626.53
-1633.64
-1794.4
-1692.26
-1622.39
-1405.67
-1337.28
-1223.89
-820.348
-376.842
310.917
892.39
1585.77
2284.49
2757.31
3199.63
3416.05
3634.25
3678.96
3438.85
3110.81
2626.74
2200.7
1797.76
1407.54
1145.82
896.239
731.922
643.103
616.753
673.597
691.657
625.635
469.904
185.682
-201.868
-668.171
-1235.14
-1753.55
-2372.62
-3002.94
-3548.59
-3932.88
-3994.46
-4034.43
-3864.49
-3552.44
-3084.36
-2519.47
-2060.27
-1573.83
-1180.66
-804.361
-630.57
-598.003
-779.787
-943.511
-1069.93
-1284.28
-1381.69
-1656.14
-1434.09
-1307.38
-923.083
-559.219
-77.8164
919.332
1510.87
2386.63
2583.22
3320.42
3741.72
3993.08
3920.55
3503.09
3481.18
2984.09
2593.58
1984.28
1750.68
1652.69
1430.93
1238.19
1153.52
1466.76
1632.55
1798.35
1648.24
1668.08
1520.05
1173.65
687.809
111.962
-400.824
-974.302
-1747.03
-2292.09
-2773.49
-2901.98
-2978.66
-2967.12
-2782.97
-2514.14
-2100.53
-1648.15
-1297.01
-921.603
-731.825
-622.28
-631.459
-780.972
-819.46
-904.135
-1042.1
-1139.51
-1211.45
-1010.13
-606.589
-323.255
412.172
798.833
1634.33
2078.13
2595.95
3061.36
3196.96
3405.69
3045.97
2823.92
2346.37
1906.12
1409.62
985.354
582.113
326.017
64.5911
8.63471
135.351
289.897
469.608
474.938
454.805
416.021
215.88
17.2206
-390.461
-856.172
-1376.95
-2017.04
-2487.49
-2831.22
-3022.48
-3039.06
-3107.45
-2921.23
-2633.45
-2166.56
-1640.15
-1203.16
-741.891
-434.871
-242.725
-207.197
-199.203
-197.131
-307.267
-732.417
-1018.71
-1414.26
-1350.6
-1581.24
-1525.28
-1436.76
-1163.19
-711.692
-587.641
120.547
579.153
1338.26
1680.22
1808.42
2209.58
2277.68
2622.89
2312.91
2215.51
1973.32
1694.13
1433.6
1039.53
1100.52
1084.54
1174.84
975.584
1102.89
1336.78
1693.25
1818.48
1737.95
1741.8
1636.7
1414.65
1102.6
658.202
438.225
-44.361
-557.738
-1106.94
-1487.98
-1491.53
-1617.36
-1623.28
-1673.02
-1579.16
-1305.9
-1154.61
-932.853
-743.075
-600.668
-582.016
-696.001
-905.615
-974.894
-1092.73
-1248.46
-1411
-1666.8
-1572.35
-1417.81
-1098.65
-665.506
-350.493
262.363
723.632
1159.74
1626.63
1862.3
2225.87
2223.5
2074.87
1886.28
1561.79
1433.3
1071.21
747.91
499.807
304.404
287.232
275.686
395.296
622.378
853.309
941.833
991.572
996.901
1054.04
928.806
564.645
191.603
-360.263
-778.899
-1275.4
-1711.5
-1896.25
-2165.08
-2231.4
-2282.02
-2171
-1793.22
-1532.98
-1173.26
-957.723
-787.189
-634.419
-698.073
-664.026
-752.845
-900.878
-1234.84
-1664.13
-1949.54
-2127.48
-2259.82
-2375.28
-2292.38
-2159.16
-1785.23
-1555.77
-1038.84
-322.07
235.421
901.272
1069.14
1572.16
1955.26
2246
2453.25
2214.03
2322.09
2110.99
1977.17
1789.76
1644.1
1785.32
1810.49
1830.92
1780.88
2042.6
2325.64
2608.68
2654.87
2608.98
2616.38
2384.56
2153.33
1631.96
1289.71
913.706
275.982
-296.017
-1000.06
-1298.2
-1506.33
-1825.19
-1961.68
-2147.91
-1995.14
-1849.18
-1806.25
-1636.9
-1587.45
-1448.01
-1521.73
-1672.13
-1733.12
-1802.4
-1863.68
-2073.89
-2250.94
-2249.16
-2057.9
-1823.71
-1474.36
-1076.44
-502.374
149.266
643.991
1250.63
1697.98
2166.65
2486.11
2481.08
2534.37
2388.7
2276.2
2093.82
1734.7
1552.91
1303.62
1190.82
1154.7
1141.68
1354.25
1441.29
1567.71
1576.6
1613.01
1635.51
1490.74
1239.97
836.137
411.876
-181.735
-735.674
-1359.78
-1753.55
-2202.68
-2507.33
-2721.68
-2776.45
-2660.99
-2493.41
-2258.63
-1960.2
-1746.14
-1505.15
-1388.2
-1321.29
-1338.76
-1432.61
-1511.66
-1678.64
-1943.92
-2176.62
-2345.97
-2344.49
-2297.71
-2258.63
-2027.11
-1726.01
-1349.42
-854.988
-539.974
248.448
675.078
1344.78
1625.45
1949.05
2417.42
2583.81
2881.36
2695.72
2780.1
2671.15
2619.04
2465.98
2344.29
2416.53
2407.06
2424.23
2261.4
2379.82
2458.58
2614.01
2522.82
2289.52
2165.77
1833.88
1541.07
1019.11
533.855
132.686
-433.983
-1019.6
-1550.45
-1971.75
-2071.22
-2353.67
-2488.38
-2623.98
-2594.96
-2393.05
-2309.26
-2112.67
-1989.51
-1861.02
-1811.57
-1892.99
-1873.45
-1837.92
-1791.44
-1845.62
-1898.32
-1882.93
-1639.56
-1368.66
-984.664
-529.316
-100.613
544.217
1039.53
1645.28
2176.72
2571.08
3001.86
3082.09
3137.16
3053.96
2932.87
2848.79
2529.93
2246.59
1946.09
1735.29
1627.52
1491.33
1504.65
1506.43
1502.28
1464.09
1366.69
1332.93
1179.57
904.528
477.306
-55.9075
-588.529
-1162.3
-1724.24
-2238.5
-2699.47
-3071.04
-3332.17
-3471.32
-3374.5
-3204.56
-2950.83
-2684.08
-2438.94
-2110.6
-1866.35
-1622.69
-1421.66
-1355.04
-1337.87
-1440.9
-1515.51
-1490.64
-1510.48
-1480.87
-1496.27
-1380.21
-1201.98
-905.319
-682.974
-251.311
54.2288
486.78
750.87
1001.64
1462.61
1684.96
2101.22
2068.07
2241.26
2358.51
2378.93
2534.07
2334.52
2471.6
2309.95
2265.54
2099.15
2002.04
2036.09
1925.36
1871.77
1559.42
1562.68
1347.44
1320.2
1059.07
794.688
638.958
267.988
69.9202
-330.064
-547.968
-750.477
-1089.77
-1336.69
-1675.68
-1762.13
-1789.07
-1861.31
-1878.78
-1920.53
-1882.93
-1706.47
-1707.36
-1467.25
-1423.43
-1265.04
-1224.77
-1260.3
-1157.57
-1114.05
-941.439
-897.325
-775.05
-702.218
-455.596
-224.665
105.448
468.424
764.786
1216.88
1429.75
1856.38
2055.04
2351.99
2522.53
2519.86
2519.27
2339.85
2219.95
2070.43
1824.7
1619.23
1350.7
1132.5
996.309
819.558
724.817
661.459
535.927
461.319
251.112
92.1251
-40.5121
-288.911
-545.6
-961.867
-1338.46
-1635.42
-1964.05
-2177.22
-2428.28
-2552.33
-2589.93
-2631.97
-2514.14
-2378.24
-2093.73
-1813.94
-1612.62
-1379.91
-1184.51
-942.919
-764.984
-658.697
-581.127
-500.598
-470.695
-449.674
-411.186
-343.979
-201.868
-162.491
-117.785
-21.2679
74.6573
257.626
299.371
366.874
458.654
454.509
543.329
447.7
572.343
638.366
734.587
792.616
760.345
946.274
1036.57
1223.98
1246.19
1294.15
1358.69
1329.68
1329.09
1171.58
1197.04
1081.28
1011.7
819.262
641.326
661.163
572.935
626.523
489.445
470.201
482.339
405.066
403.882
267.1
251.408
178.872
-28.3735
-176.406
-433.687
-479.281
-607.477
-765.872
-891.996
-1066.67
-1040.92
-1081.48
-1057.79
-1002.43
-964.532
-837.52
-853.508
-792.814
-760.839
-652.479
-574.91
-598.003
-592.378
-619.024
-508.295
-449.97
-333.321
-205.124
-53.539
177.984
332.826
603.134
837.618
1105.85
1340.93
1415.83
1565.35
1546.69
1629.89
1575.12
1495.47
1394.22
1200.3
1090.46
901.272
820.15
702.316
629.78
541.256
454.213
408.915
340.228
314.174
187.162
82.651
-130.22
-322.07
-557.146
-792.222
-999.468
-1236.32
-1439.72
-1604.33
-1731.05
-1740.52
-1737.56
-1667.69
-1533.87
-1408.04
-1217.96
-1063.12
-902.95
-717.91
-624.649
-534.349
-528.428
-532.869
-521.618
-564.844
-577.279
-627.314
-624.057
-547.376
-518.066
-474.544
-375.954
-268.779
-154.793
-63.6052
-1.43152
107.224
172.655
227.427
233.644
244.303
315.062
348.222
406.547
408.323
499.215
629.78
746.726
882.323
951.011
1099.34
1185.49
1237.9
1249.15
1227.24
1261.29
1208.29
1120.06
987.723
888.245
841.763
761.825
667.972
563.757
501.88
454.509
382.269
301.443
242.23
198.117
107.521
-37.8476
-200.98
-309.339
-406.153
-549.744
-715.541
-892.292
-982.296
-1069.64
-1157.86
-1193.09
-1222.7
-1167.04
-1149.28
-1122.93
-1032.63
-915.089
-744.555
-653.071
-563.067
-432.207
-287.727
-127.259
-2.91184
121.14
253.481
392.631
527.637
650.208
798.537
972.919
1129.54
1226.94
1311.91
1404.58
1512.65
1590.51
1586.37
1575.41
1512.94
1446.03
1340.63
1181.35
1065.29
883.212
709.421
500.695
282.199
129.725
-49.9862
-201.276
-384.244
-562.179
-702.81
-829.23
-937.886
-1052.17
-1166.45
-1276.29
-1370.14
-1460.15
-1498.34
-1511.36
-1489.75
-1468.14
-1455.41
-1373.99
-1273.92
-1120.56
-964.828
-828.046
-669.355
-533.757
-395.791
-277.66
-170.781
-58.2761
13.6678
59.2619
89.1645
121.14
165.845
192.491
183.017
161.997
148.081
115.514
90.0527
65.7753
28.7671
-13.2741
-73.0793
-129.332
-186.768
-194.17
-180.255
-155.385
-126.075
-105.054
-24.8207
64.5911
172.951
266.212
336.971
420.758
470.497
515.202
540.368
568.198
593.956
576.784
532.966
489.445
479.971
497.439
509.873
510.169
519.051
533.559
553.099
564.941
573.231
590.403
573.527
520.828
436.153
351.182
292.561
208.775
105.744
-11.4977
-112.752
-176.998
-244.501
-287.135
-313.78
-318.221
-310.82
-332.136
-337.762
-329.176
-299.273
-274.108
-285.062
-303.714
-306.083
-280.325
-260.489
-229.402
-176.11
-123.41
-68.3423
-17.419
49.7878
151.338
259.994
335.491
384.046
433.488
494.182
551.619
584.778
599.581
605.798
602.838
585.37
560.797
546.585
537.407
512.242
462.207
396.48
334.899
284.272
229.203
164.365
87.092
6.26618
-68.6383
-147.688
-212.23
-261.673
-301.05
-339.834
-396.975
-441.089
-458.852
-459.445
-454.411
-463.886
-465.07
-456.188
-449.674
-443.753
-436.648
-416.811
-399.047
-405.561
-427.173
-446.122
-449.97
-453.819
-475.432
-512.736
-546.192
-570.173
-590.009
-611.622
-629.386
-638.86
-653.663
-684.75
-723.831
-748.996
-757.878
-772.386
-805.841
-839.296
-849.955
-837.224
-814.131
-772.09
-690.376
-567.804
-425.397
-272.923
-93.5078
123.804
354.735
567.606
751.463
923.18
1082.76
1209.77
1293.26
1347.15
1388.89
1413.46
1407.25
1377.64
1355.44
1353.36
1354.25
1339.74
1313.1
1292.67
1276.09
1242.04
1180.46
1100.23
1004.01
876.994
706.757
501.88
300.851
105.152
-95.2842
-311.708
-528.428
-705.771
-854.1
-975.486
-1080.89
-1155.79
-1188.65
-1208.19
-1221.22
-1225.96
-1200.2
-1150.46
-1109.31
-1076.44
-1041.81
-980.223
-894.661
-811.17
-719.094
-593.266
-448.49
-291.576
-126.371
52.4524
262.659
480.859
669.453
831.696
984.466
1135.16
1268.1
1362.84
1423.23
1465.28
1487.18
1480.67
1447.22
1409.91
1376.46
1323.76
1234.64
1125.99
1022.36
917.555
790.543
633.925
462.503
289.305
111.962
-79.5928
-276.476
-457.964
-619.912
-781.268
-947.36
-1094.8
-1201.09
-1275.1
-1339.35
-1399.16
-1435.57
-1442.09
-1435.57
-1427.87
-1409.22
-1366.59
-1312.7
-1269.78
-1238.1
-1193.39
-1124.7
-1049.21
-986.441
-929.892
-856.764
-762.023
-665.506
-576.983
-483.722
-376.546
-273.812
-193.282
-124.003
-46.4334
30.8396
87.092
120.843
143.344
167.326
199.301
233.644
264.139
307.661
374.868
450.66
521.42
603.726
710.013
821.63
915.483
986.835
1044.86
1093.42
1119.47
1108.81
1066.48
1009.63
939.168
848.868
743.469
639.846
551.322
471.089
389.079
310.029
248.744
207.295
165.845
112.554
52.4524
-5.28037
-68.6383
-150.945
-249.238
-345.755
-435.759
-530.5
-635.9
-735.377
-807.617
-852.323
-881.93
-898.806
-888.739
-845.218
-782.156
-715.837
-643.005
-549.744
-439.608
-335.985
-244.501
-147.688
-38.7357
68.1438
165.845
260.882
360.36
463.391
567.014
668.268
768.634
875.81
982.69
1073.29
1142.27
1201.19
1256.25
1295.93
1306.88
1294.45
1267.21
1224.57
1157.37
1067.66
965.222
856.862
737.844
599.285
448.292
299.075
153.115
3.00946
-153.609
-307.859
-450.267
-583.792
-714.653
-838.704
-942.327
-1025.52
-1100.43
-1166.45
-1215
-1241.06
-1244.31
-1238.98
-1230.1
-1201.68
-1153.42
-1098.35
-1035.88
-962.756
-879.561
-785.116
-689.487
-600.964
-503.854
-397.863
-294.536
-200.091
-114.232
-29.2617
53.0445
124.988
185.682
236.309
282.791
322.464
343.189
349.702
353.551
341.412
322.464
291.673
252
211.143
170.286
123.212
78.8022
40.3137
11.0032
-8.24102
-19.7876
-21.564
-10.0174
9.81897
35.8727
62.2225
92.4212
124.396
151.634
168.806
175.319
176.504
169.398
157.259
134.462
116.106
101.599
96.5661
93.9015
99.8228
117.291
148.081
184.201
222.098
261.178
302.628
339.34
362.729
370.723
366.578
351.774
322.76
277.758
224.466
170.582
119.363
69.3281
22.2537
-14.1623
-35.183
-45.8413
-49.9862
-48.5059
-33.9987
-14.1623
5.37799
21.9576
35.2806
48.8996
62.8147
71.1045
78.5061
92.7173
105.448
124.988
149.266
180.353
216.176
260.586
303.516
352.367
398.257
441.482
479.379
510.465
533.855
546.585
551.619
544.513
531.486
503.952
471.681
428.159
378.716
322.464
262.363
194.86
127.061
53.3406
-23.0443
-98.837
-174.63
-249.238
-317.629
-382.468
-438.72
-488.163
-528.428
-559.219
-580.831
-591.49
-593.266
-586.161
-570.469
-549.744
-524.579
-493.492
-463.886
-427.766
-396.087
-361.151
-329.472
-301.938
-272.923
-249.534
-227.329
-208.973
-193.578
-179.367
-169.597
-159.234
-153.609
-153.017
-153.905
-158.346
-167.82
-190.913
-209.862
-226.441
-253.087
-283.582
-317.925
-356.71
-396.383
-431.614
-466.254
-493.492
-513.921
-525.467
-529.316
-514.809
-489.051
-447.306
-391.942
-325.327
-248.942
-163.083
-71.8951
21.3655
116.106
206.11
290.785
368.058
437.929
500.991
556.059
607.575
650.208
690.473
722.448
754.127
779.885
803.866
821.038
829.328
830.216
816.597
795.872
759.16
711.79
645.767
567.014
473.161
370.13
261.178
147.193
35.8727
-74.5597
-177.59
-276.476
-364.704
-437.536
-497.341
-544.415
-579.647
-601.556
-609.55
-604.221
-589.121
-563.66
-523.691
-485.202
-436.351
-372.993
-311.708
-240.06
-162.195
-82.8495
3.60159
89.7566
180.649
271.837
360.36
448.884
533.262
615.273
685.736
746.726
803.274
844.131
869.297
882.027
880.547
864.263
831.4
780.773
718.007
641.918
549.842
451.844
344.373
232.164
119.955
5.08192
-107.127
-214.599
-319.406
-414.443
-500.006
-577.279
-645.078
-704.291
-756.398
-800.216
-836.04
-861.205
-879.561
-892.588
-899.99
-900.286
-892.884
-877.193
-857.356
-831.599
-799.328
-759.359
-714.653
-661.065
-599.187
-536.125
-471.287
-407.041
-334.801
-267.298
-205.717
-133.477
-68.9344
-16.2348
29.0632
64.5911
98.0464
122.62
136.831
138.015
129.725
121.732
113.442
111.073
107.817
104.856
104.856
110.185
127.061
154.595
190.715
229.796
268.284
305.884
341.708
379.308
415.725
446.515
464.575
469.312
463.095
452.141
440.89
429.047
412.468
385.526
353.847
324.536
302.035
286.344
270.653
253.185
227.131
196.636
169.99
147.489
126.173
95.0858
59.5579
18.4049
-23.6364
-56.2036
-86.1062
-105.054
-124.003
-145.911
-160.715
-158.346
-144.727
-111.568
-79.0006
-43.4728
-4.0961
41.794
130.021
186.274
265.619
343.189
404.178
457.766
517.571
577.968
643.103
692.25
725.113
735.475
737.548
735.179
734.587
723.04
694.914
648.432
591.291
534.447
482.931
433.785
378.42
310.325
234.829
159.628
90.3487
25.5104
-42.5846
-121.338
-210.75
-304.306
-392.83
-471.583
-542.639
-611.326
-679.717
-743.963
-794.591
-823.605
-830.414
-821.236
-804.953
-783.932
-755.214
-714.949
-661.657
-602.148
-545.007
-496.453
-452.931
-410.594
-365.296
-320.294
-280.029
-245.685
-219.336
-198.315
-178.183
-156.57
-137.029
-123.706
-115.417
-109.495
-108.607
-115.713
-129.924
-145.911
-163.675
-186.472
-216.671
-248.35
-283.582
-322.662
-366.776
-412.37
-457.668
-505.335
-556.258
-606.293
-650.111
-684.454
-709.324
-724.719
-727.68
-719.39
-691.56
-640.637
-569.877
-477.505
-378.915
-269.075
-149.464
-22.4522
117.291
250.52
381.085
494.182
590.699
690.177
780.477
864.56
935.615
992.756
1035.69
1068.55
1106.44
1147.01
1176.61
1190.82
1192.3
1177.5
1152.63
1128.65
1095.79
1046.94
978.545
892.686
798.241
706.461
621.49
533.855
440.298
343.189
249.04
166.734
105.744
63.4068
22.2537
-16.5308
-47.9138
-65.3816
-57.0918
-28.9656
11.8914
52.7484
87.9802
127.357
177.984
240.158
303.812
354.143
381.677
390.263
389.671
386.71
376.94
350.886
302.332
234.236
160.516
94.1976
40.3137
-10.6095
-64.4934
-126.963
-189.433
-239.468
-277.068
-305.491
-340.722
-389.277
-447.602
-508.295
-558.923
-604.221
-648.334
-699.554
-758.174
-810.874
-848.77
-868.311
-873.344
-872.456
-870.679
-868.015
-856.172
-830.414
-802.288
-776.531
-755.51
-746.036
-738.042
-731.233
-725.607
-722.647
-726.495
-733.009
-741.595
-747.812
-752.549
-747.812
-736.858
-744.555
-744.555
-732.121
-728.864
-720.574
-709.324
-692.744
-668.467
-639.748
-612.806
-591.49
-569.877
-544.711
-511.848
-477.505
-449.97
-432.503
-420.364
-402.6
-370.033
-321.478
-264.634
-206.605
-144.135
-69.5265
28.4711
153.411
290.785
419.869
535.039
642.807
751.167
862.191
972.031
1063.52
1121.54
1152.34
1176.02
1207.4
1243.82
1277.27
1295.04
1293.56
1282.31
1279.35
1290.6
1300.37
1288.53
1246.48
1176.91
1094.9
1011.41
926.141
823.703
689.881
533.855
376.644
233.348
116.106
12.1875
-96.1724
-203.348
-304.898
-381.875
-412.37
-412.37
-407.929
-403.192
-396.383
-370.921
-312.004
-228.218
-138.214
-56.7957
16.3324
92.4212
177.984
274.501
371.019
447.107
495.07
526.453
554.283
582.705
608.167
620.306
611.128
587.738
565.83
553.987
551.915
548.954
535.335
509.281
478.49
450.068
423.718
390.855
341.708
270.949
184.794
93.9015
6.85831
-79.5928
-169.004
-262.265
-353.749
-435.759
-503.262
-555.37
-597.707
-628.794
-652.479
-673.5
-685.342
-688.895
-689.191
-682.974
-675.276
-672.612
-665.802
-656.624
-647.446
-628.794
-609.254
-597.411
-580.239
-558.034
-544.415
-529.02
-504.15
-484.018
-464.182
-435.463
-409.113
-384.836
-352.269
-318.221
-284.47
-245.685
-211.046
-184.104
-161.011
-146.504
-137.325
-132.885
-135.549
-148.28
-169.893
-192.394
-210.158
-222.888
-226.737
-218.447
-203.644
-180.847
-143.247
-84.3298
-9.72134
69.3281
145.713
214.4
280.127
347.926
416.613
476.418
517.275
535.631
541.552
547.474
560.5
573.527
577.968
565.238
546.585
534.743
539.184
550.434
553.691
540.072
513.13
486.188
470.793
463.983
452.141
431.712
388.783
348.222
316.247
308.549
294.93
289.897
251.408
221.21
202.854
200.189
209.367
211.736
202.261
193.379
203.742
229.796
275.39
315.358
348.222
367.17
393.224
424.903
461.023
477.898
468.128
431.416
376.644
322.168
254.369
174.431
68.736
-52.0587
-170.485
-281.509
-375.658
-468.623
-558.923
-650.111
-728.568
-800.512
-852.619
-907.095
-957.723
-1016.05
-1065.19
-1111.97
-1146.02
-1177.11
-1209.97
-1233.95
-1246.68
-1240.46
-1217.08
-1183.32
-1139.8
-1086.21
-1016.94
-932.853
-837.224
-743.075
-647.742
-558.034
-462.109
-363.223
-267.594
-181.143
-106.535
-37.2554
23.1419
87.3881
133.278
175.616
201.373
218.249
230.684
240.158
242.526
243.415
233.052
230.092
227.427
225.355
229.203
226.835
224.466
229.796
230.092
228.907
220.321
197.228
173.247
150.746
119.659
89.1645
52.7484
13.3718
-16.8269
-31.6302
-31.6302
-24.8207
-10.9056
10.115
48.6035
102.487
171.767
236.901
295.818
346.149
399.441
454.213
512.538
550.73
574.712
584.186
585.074
600.173
612.312
621.49
612.608
592.476
579.449
571.751
575.6
578.857
559.612
531.486
505.136
493.886
497.439
494.182
477.602
448.588
419.277
405.066
396.48
387.894
361.249
321.28
277.462
246.079
225.355
210.551
183.313
149.266
121.436
113.442
124.988
144.825
164.957
174.431
188.05
214.696
251.408
285.752
300.555
300.851
284.864
271.541
263.547
251.112
227.723
189.531
153.115
127.949
115.81
114.626
109.001
102.487
93.6055
94.1976
104.56
118.475
120.251
109.593
90.6448
71.1045
49.4917
21.9576
-12.9781
-55.3154
-102.39
-149.464
-191.209
-228.81
-268.482
-310.228
-351.677
-388.981
-422.14
-447.01
-470.991
-491.124
-512.736
-531.685
-541.455
-552.113
-560.107
-576.983
-585.864
-594.746
-606.293
-625.537
-646.262
-669.651
-694.817
-722.647
-750.477
-776.531
-801.696
-816.499
-825.085
-823.309
-815.315
-801.104
-781.86
-755.806
-725.015
-691.856
-660.177
-633.827
-613.695
-596.227
-576.983
-557.146
-544.415
-536.718
-527.244
-509.48
-481.353
-445.53
-402.008
-352.269
-297.201
-235.027
-162.787
-82.5534
-1.72758
73.1769
142.752
212.624
283.087
351.478
410.099
456.582
490.629
516.091
541.256
561.093
571.455
570.863
558.724
545.105
532.078
517.275
498.327
473.753
445.627
413.652
387.894
364.801
349.406
342.892
311.51
278.942
259.994
236.309
213.808
185.978
156.667
128.837
103.08
84.4274
69.032
55.413
44.4586
42.3862
49.4917
70.2163
100.119
131.502
165.253
199.597
234.829
272.725
310.325
339.34
357.104
370.13
380.789
386.71
390.263
388.783
379.901
368.65
359.768
352.07
346.741
339.932
328.385
315.654
304.7
292.265
279.534
263.251
239.566
210.847
177.984
140.088
102.487
61.3343
11.0032
-42.5846
-96.4685
-155.978
-213.71
-266.41
-321.774
-375.066
-418.884
-458.852
-491.716
-514.217
-531.092
-541.159
-546.488
-548.856
-543.823
-529.316
-512.736
-494.676
-477.505
-463.293
-444.049
-426.285
-406.745
-386.316
-367.368
-344.867
-320.886
-293.648
-261.377
-226.145
-187.657
-147.392
-105.943
-64.1974
-21.86
16.6285
53.0445
85.0196
111.073
135.647
151.338
167.326
174.727
181.241
183.017
184.498
184.794
187.458
190.123
193.972
200.485
207.295
221.506
236.901
257.626
280.423
302.924
328.089
351.182
377.828
400.921
423.126
441.778
453.917
464.575
467.24
467.536
461.023
451.252
439.114
421.35
410.099
392.927
376.644
360.952
345.261
334.307
333.418
318.023
308.253
303.516
294.042
283.383
274.501
264.731
253.185
238.085
228.611
216.769
202.261
188.938
179.168
171.767
163.773
159.924
157.852
156.371
158.148
156.371
157.852
158.444
156.075
154.595
150.45
145.417
140.088
130.614
118.771
106.632
92.4212
76.1376
57.4855
37.057
16.9245
-4.39217
-26.5971
-49.9862
-72.7833
-94.6921
-116.601
-137.918
-158.346
-178.183
-198.611
-218.447
-240.06
-259.897
-280.621
-305.491
-331.248
-353.157
-376.842
-401.712
-422.732
-444.937
-461.221
-472.175
-485.794
-486.979
-488.459
-485.202
-468.623
-461.221
-442.273
-422.14
-399.343
-375.954
-350.493
-325.327
-298.385
-273.812
-249.238
-228.81
-204.828
-185.584
-164.564
-147.096
-126.075
-108.903
-93.5078
-77.2242
-63.0131
-51.7626
-41.1043
-28.9656
-24.5246
-14.1623
-12.9781
-9.72134
-10.0174
-9.72134
-15.6427
-18.8994
-25.1167
-32.2223
-39.3279
-49.9862
-57.98
-67.158
-73.0793
-78.1124
-82.2573
-79.5928
-75.1518
-65.6777
-52.3548
-34.5908
-12.9781
16.0363
45.3468
77.914
114.034
147.489
182.129
217.953
248.152
277.166
306.18
329.866
352.07
369.242
382.269
393.816
404.77
411.284
413.06
415.725
418.389
416.909
414.54
407.139
400.033
388.783
376.94
357.4
339.932
317.135
292.561
266.508
239.862
209.959
179.464
148.97
116.699
87.9802
58.0776
27.2868
-0.247255
-27.7813
-52.9469
-75.4478
-97.6527
-117.785
-132.292
-142.655
-152.425
-156.866
-160.419
-156.866
-152.425
-147.096
-140.286
-133.477
-121.634
-115.417
-108.607
-100.613
-96.1724
-87.5865
-84.9219
-82.8495
-75.4478
-75.4478
-68.6383
-68.9344
-63.6052
-61.2367
-61.2367
-58.8682
-60.6446
-63.6052
-65.9738
-71.0069
-79.2967
-87.8826
-94.9882
-105.054
-117.489
-125.779
-127.555
-145.615
-154.497
-165.452
-177.59
-190.025
-195.946
-209.269
-218.151
-226.145
-235.027
-242.133
-246.574
-249.238
-250.719
-249.83
-245.389
-240.06
-232.955
-225.553
-217.263
-209.269
-200.683
-194.17
-188.841
-182.031
-174.63
-168.412
-162.491
-154.793
-146.207
-137.029
-125.187
-109.791
-94.1
-76.9282
-58.5721
-41.4003
-24.8207
-8.53708
8.93077
23.1419
34.9845
47.4193
58.9658
66.6635
74.0651
82.0589
88.8684
95.974
105.744
114.33
119.659
124.988
134.166
142.752
149.562
156.371
163.181
167.918
172.655
178.872
184.794
188.642
191.899
195.156
197.524
199.005
200.189
199.301
196.34
191.011
186.274
180.649
172.359
164.365
156.667
147.785
142.16
135.943
130.021
127.061
124.396
120.547
119.067
116.402
112.258
109.001
104.56
99.5268
96.8622
89.1645
80.2825
75.5455
71.1045
66.6635
63.4068
59.2619
58.0776
59.5579
58.6697
59.2619
61.0383
61.3343
61.6304
61.0383
60.1501
58.3737
56.0052
52.1563
48.8996
44.4586
36.7609
32.616
24.9183
17.2206
7.45044
-3.80004
-15.9387
-29.2617
-46.1374
-57.3879
-76.336
-90.5472
-111.272
-127.555
-143.247
-161.307
-147.688
-175.518
-187.657
-197.723
-209.269
-218.743
-223.481
-232.955
-235.619
-241.837
-241.837
-243.317
-240.652
-238.876
-233.547
-226.441
-216.967
-206.013
-194.466
-179.663
-163.971
-149.76
-134.661
-118.377
-101.502
-88.7708
-73.9675
-58.8682
-46.1374
-35.479
-23.3403
-10.6095
-1.72758
5.67405
14.8521
21.6616
24.6222
27.879
29.0632
26.9908
24.6222
18.7009
15.1481
5.37799
-4.68823
-10.9056
-21.86
-27.7813
-39.3279
-47.3216
-51.4666
-59.4603
-63.3092
-69.2305
-70.7108
-68.6383
-67.7501
-63.3092
-57.6839
-47.3216
-35.183
-20.6758
-4.9843
14.8521
37.353
59.5579
82.651
105.744
130.318
154.299
178.28
202.261
225.947
248.448
269.764
288.416
305.292
321.576
334.603
347.63
359.176
368.354
374.275
378.716
380.789
378.42
374.275
368.946
360.064
348.222
336.379
320.688
300.851
281.015
261.771
238.381
211.143
188.05
163.477
138.311
112.258
84.4274
63.4068
37.057
13.3718
-9.42528
-30.4459
-47.3216
-66.5659
-81.9613
-95.8764
-106.831
-118.673
-126.075
-134.957
-138.214
-139.694
-145.319
-145.615
-149.76
-147.688
-149.464
-147.688
-144.135
-145.319
-139.99
-139.694
-137.029
-123.41
-128.74
-124.891
-118.969
-118.377
-116.305
-113.344
-112.16
-110.087
-110.087
-107.719
-108.311
-110.087
-108.903
-109.791
-111.568
-113.048
-114.825
-116.305
-121.042
-122.818
-125.187
-129.628
-131.996
-136.437
-138.214
-139.694
-144.135
-146.8
-149.168
-148.872
-150.945
-155.089
-153.905
-155.682
-155.682
-155.385
-157.754
-156.274
-157.458
-155.385
-156.274
-155.978
-153.609
-154.201
-150.352
-149.464
-145.911
-143.543
-140.286
-136.437
-132.588
-124.891
-119.562
-109.791
-102.982
-92.3236
-80.481
-67.4541
-56.7957
-40.5121
-26.8931
-12.9781
0.640941
8.93077
25.2144
44.7547
63.1107
76.4337
93.0133
105.152
121.14
135.351
148.378
158.444
171.471
180.945
185.978
197.228
199.893
203.446
206.702
206.406
206.406
202.854
200.781
194.268
189.235
180.353
174.135
162.589
155.187
143.937
133.87
124.1
113.442
101.007
91.2369
80.2825
69.9202
59.5579
52.4524
41.2019
35.5766
26.9908
24.3262
21.0694
18.1088
14.8521
13.9639
17.2206
17.8127
20.7734
22.2537
27.5829
31.1357
33.8003
38.2412
39.7216
47.4193
47.1232
48.6035
49.7878
49.7878
49.1957
46.5311
45.3468
39.7216
43.5704
35.2806
30.2475
24.9183
16.6285
11.5954
2.7134
-7.64889
-17.419
-27.1892
-39.0318
-48.5059
-60.9406
-70.7108
-82.8495
-95.2842
-105.647
-116.009
-126.075
-134.069
-141.47
-150.648
-155.089
-162.491
-167.228
-170.189
-173.149
-174.63
-175.518
-174.334
-174.334
-171.077
-167.228
-163.083
-157.754
-152.425
-145.319
-138.51
-130.812
-121.93
-116.305
-105.943
-99.1331
-92.0275
-84.6259
-78.4085
-69.8226
-65.3816
-57.3879
-51.1705
-47.9138
-41.4003
-39.3279
-34.5908
-30.742
-26.8931
-26.0049
-23.9325
-19.1954
-22.1561
-16.5308
-15.6427
-11.4977
-10.0174
-11.4977
-10.9056
-6.76069
-2.61578
0.640941
3.60159
7.74651
15.1481
19.8852
24.6222
32.3199
37.353
47.4193
55.413
62.5186
72.8809
79.9864
92.4212
100.711
111.962
119.659
131.502
140.384
151.042
159.036
169.102
180.057
187.458
193.676
201.373
208.183
212.624
217.065
222.69
224.762
225.947
226.835
225.947
224.466
222.69
218.841
214.104
209.071
202.854
196.044
187.458
178.28
169.102
160.516
149.858
139.2
127.357
116.402
107.817
92.1251
82.355
69.9202
58.6697
46.5311
36.4648
26.9908
15.1481
5.67405
-3.80004
-2.31971
-19.4915
-24.5246
-33.7026
-38.4397
-47.3216
-49.6902
-55.0193
-58.8682
-60.9406
-65.3816
-64.4934
-69.2305
-69.8226
-69.5265
-69.8226
-69.5265
-68.6383
-65.0856
-65.6777
-61.5328
-60.0524
-56.2036
-55.6115
-52.3548
-51.4666
-48.2098
-46.7295
-45.2492
-45.5452
-43.4728
-43.1767
-44.361
-46.1374
-46.1374
-47.9138
-51.4666
-54.4272
-57.0918
-61.8288
-66.2698
-70.4147
-76.04
-83.1455
-88.7708
-94.396
-100.613
-106.535
-110.976
-116.305
-121.634
-124.595
-126.963
-129.628
-132.292
-133.181
-133.181
-132.292
-132.292
-129.332
-124.595
-123.114
-118.969
-110.68
-102.39
-99.4291
-90.2511
-81.9613
-72.4872
-63.3092
-52.0587
-44.0649
-32.8144
-21.2679
-12.3859
-2.61578
8.04257
17.5167
26.9908
36.1688
44.1625
50.972
55.7091
63.9989
70.5124
73.473
77.914
79.0983
81.4668
82.9471
85.0196
86.2038
82.651
84.1314
80.8746
77.914
77.914
73.1769
70.8084
68.1438
63.1107
60.4461
57.1894
52.4524
50.3799
46.235
45.0507
42.9783
40.6098
41.2019
36.7609
37.353
37.057
35.8727
39.7216
37.6491
37.057
40.6098
40.0176
42.0901
45.0507
44.7547
47.1232
52.1563
52.1563
53.9327
55.7091
56.0052
65.1832
59.854
59.854
62.8147
59.5579
60.1501
58.3737
58.9658
53.6366
52.4524
47.1232
43.5704
40.3137
35.5766
29.6553
23.734
18.997
10.115
6.56225
-1.13545
-8.24102
-15.0505
-20.9718
-28.6695
-35.479
-40.5121
-47.3216
-54.4272
-59.4603
-64.1974
-71.0069
-74.2636
-77.2242
-81.6652
-85.218
-89.659
-89.3629
-91.7314
-92.9157
-94.1
-94.1
-94.1
-92.6196
-91.1393
-92.0275
-88.7708
-85.218
-84.0337
-80.777
-79.5928
-77.8164
-72.7833
-70.1187
-68.6383
-64.4934
-64.4934
-59.7564
-56.4997
-54.1311
-50.8744
-47.6177
-45.5452
-45.5452
-43.4728
-32.2223
-39.0318
-36.9594
-35.183
-33.7026
-34.2948
-31.3341
-31.038
-33.1105
-31.9262
-31.6302
-28.6695
-30.4459
-28.3735
-28.0774
-25.4128
-26.0049
-22.7482
-23.3403
-19.4915
-19.7876
-15.0505
-15.0505
-10.9056
-9.42528
-5.57643
-2.91184
0.640941
4.48979
7.15438
12.4836
15.1481
19.8852
22.8458
27.879
32.0239
34.9845
40.6098
42.0901
47.1232
50.3799
54.2288
56.8934
58.9658
63.7029
64.295
66.6635
68.4399
70.8084
69.6242
71.9927
72.5848
71.9927
72.5848
70.8084
71.6966
69.6242
68.736
66.6635
64.295
64.5911
59.5579
58.3737
55.7091
54.2288
49.4917
47.4193
45.6429
41.2019
39.1294
35.5766
33.5042
29.3593
25.8065
24.6222
19.2931
16.9245
13.6678
10.115
6.85831
3.89766
0.344876
-2.61578
-6.16856
-7.35282
-11.2017
-15.0505
-15.9387
-18.3072
-21.564
-22.7482
-24.5246
-26.301
-28.6695
-29.2617
-30.4459
-31.9262
-32.2223
-32.8144
-33.7026
-32.8144
-33.9987
-33.1105
-32.8144
-31.9262
-31.9262
-31.038
-29.2617
-28.3735
-28.0774
-26.0049
-25.1167
-23.0443
-23.0443
-20.3797
-20.6758
-17.7151
-20.0836
-15.9387
-15.9387
-12.3859
-12.0899
-10.6095
-10.6095
-9.42528
-7.94495
-7.64889
-9.42528
3.89766
-1.13545
-3.50397
-1.13545
-2.31971
-2.91184
-3.80004
-5.8725
-3.80004
-5.57643
-5.8725
-7.64889
-9.12921
-10.9056
-12.682
-12.9781
-15.0505
-13.8663
-18.6033
-18.6033
-20.6758
-20.0836
-22.7482
-23.6364
-24.2285
-24.5246
-24.8207
-25.7089
-26.5971
-25.7089
-25.7089
-25.4128
-24.2285
-22.4522
-22.7482
-22.7482
-21.2679
-18.6033
-15.3466
-14.7545
-13.2741
-10.9056
-7.64889
-6.16856
-4.68823
-0.839385
0.640941
3.89766
6.26618
12.7796
13.0757
15.7403
17.8127
22.5498
21.6616
23.1419
25.5104
27.5829
28.4711
30.5435
30.8396
29.9514
30.8396
32.616
31.4317
26.3986
26.3986
26.1026
23.438
20.7734
16.9245
15.1481
11.8914
8.63471
5.37799
0.640941
-1.72758
-5.8725
-10.6095
-14.4584
-18.0112
