17.1074
17.7761
53.2193
47.2007
76.1794
170.695
181.172
137.481
131.685
147.957
87.7709
75.5106
143.053
121.208
104.044
107.833
93.3437
63.6962
14.2095
9.08251
-4.06937
-75.6245
-18.5587
-4.51519
15.9928
54.5568
33.1571
38.73
39.8445
45.4174
76.6252
106.05
118.533
107.164
119.647
77.294
48.7611
47.8694
65.0337
46.0861
36.7237
70.1607
25.5781
13.7637
23.7948
11.9804
-37.9522
-12.763
19.3365
9.52834
57.4547
103.152
71.4982
29.5905
72.1669
88.2167
18.6678
10.42
50.9902
50.9902
56.1172
54.7797
40.2904
33.3801
29.5905
-10.3109
22.6802
58.5692
1.28055
7.29921
58.3463
34.2717
17.1074
21.1198
18.6678
-41.5188
-11.4255
45.4174
69.0462
41.182
66.1483
142.385
79.9689
45.8632
101.591
116.75
45.1945
48.984
51.8818
20.4511
-22.7941
-27.0294
-62.4726
-90.7826
-60.6893
-68.9371
-63.3643
-64.2559
-51.7728
-33.4939
-50.2124
-54.8936
-24.8003
5.73881
-34.6085
-23.017
53.6652
43.1882
2.39512
44.3028
61.0213
36.7237
-11.2026
29.3676
22.4573
-43.0792
-93.4576
-57.7914
-49.3207
-66.708
10.8658
49.2069
8.19086
-37.0605
31.1509
18.8907
-32.6023
-42.8563
-21.9024
-32.1564
-18.5587
-0.725668
23.126
62.5817
24.0177
8.8596
29.3676
18.4449
-5.18393
-6.74432
-30.3731
-19.0046
-7.63598
-21.0108
14.6553
6.85338
-34.1626
-65.8163
-73.3954
-53.3332
30.7051
36.5008
18.4449
46.7548
112.96
88.4396
50.5444
94.6812
103.375
63.4733
21.5657
14.4324
-21.2337
-68.7142
-47.9833
-41.2959
-51.327
-10.5338
15.9928
-50.6582
-13.4317
-5.85267
-92.343
-96.1325
-51.9957
-62.4726
-76.5162
26.4697
12.872
-86.1014
-58.4602
3.06386
-3.62354
-34.8314
-34.3856
-51.1041
-96.1325
-117.978
-60.6893
-68.4913
-91.8972
-27.9211
9.30543
24.9093
47.4236
65.0337
10.6429
-9.41928
8.19086
6.40755
49.6527
39.8445
15.9928
49.4298
57.2318
3.95551
-8.75054
28.476
5.29299
14.6553
45.4174
-0.0569286
-59.5748
-47.9833
-97.47
-106.609
-59.5748
-58.0144
-74.5099
-97.47
-117.309
-163.006
-129.569
-144.059
-123.774
-88.1076
-17.2212
-7.41306
22.0115
6.85338
12.872
15.547
-42.8563
-34.6085
-10.5338
-24.5774
-23.2399
42.7424
7.74503
-93.9034
-51.5499
21.5657
-68.9371
-115.749
-18.1129
-19.0046
-117.532
-27.6982
48.3152
-10.088
-63.5872
-23.6857
0.834724
-25.6919
-4.06937
6.40755
4.62425
-17.2212
24.0177
60.3525
7.96795
2.39512
22.6802
-2.28606
-0.725668
-4.06937
24.6864
70.6066
31.5967
21.1198
13.5408
-29.9273
-39.5126
-64.2559
-64.9247
-49.3207
-33.271
-15.215
15.547
28.6989
6.63047
44.9715
24.0177
0.388898
-10.9797
-48.2062
-53.1103
-7.85889
-25.469
-20.1191
72.3899
79.3002
33.3801
65.2566
85.5417
-13.2088
-16.3296
29.1447
38.2841
56.563
72.6128
97.1332
109.393
64.8108
81.0835
112.96
70.1607
61.9129
72.3899
49.4298
36.055
27.5843
-80.7515
-151.638
-119.538
-69.6058
3.06386
63.0275
28.6989
-76.2932
-193.546
-102.597
-91.4513
-183.96
-124.665
-21.6795
10.42
54.7797
176.49
165.568
104.044
96.6874
147.735
179.165
203.463
225.977
150.409
28.253
-11.6484
67.0399
48.984
55.0026
99.8082
77.9627
61.2442
37.1696
-5.85267
-47.0916
-35.5001
-76.5162
-121.099
-43.525
36.5008
12.4262
-36.6147
-29.4815
-87.4389
-78.9682
-50.6582
-52.2186
-54.6707
-73.6183
-15.215
10.1971
-13.6546
16.4386
77.7398
18.222
-17.89
14.2095
-27.9211
-10.088
1.28055
-39.2897
-8.75054
-3.62354
-56.454
-13.4317
-21.0108
-97.0242
-41.2959
-27.6982
-60.4664
-16.9983
-0.0569286
-41.073
-54.6707
-76.962
-123.551
-74.5099
-43.525
-63.3643
-67.1538
-103.043
-64.7018
-6.52141
-17.2212
-6.74432
52.3277
57.6776
17.999
10.6429
6.18464
-12.763
30.928
61.4671
-5.62976
-24.3545
-2.9548
-20.1191
-101.037
-87.8847
-23.4628
-13.4317
-66.2621
-81.4202
-49.3207
-49.5437
-102.151
-105.049
-82.7577
-97.0242
-82.7577
-22.1253
18.4449
11.0887
15.7699
-12.0942
-47.3145
-66.0392
-55.3394
-44.1937
-49.3207
-60.2435
-70.7204
1.50346
16.6616
-8.30472
31.3738
64.5879
2.1722
-91.8972
-16.3296
-33.7168
-113.52
-62.6955
-18.7816
15.1012
3.50968
14.8783
14.6553
43.857
67.9316
67.0399
141.27
112.514
117.418
124.552
81.7522
70.3836
124.329
96.6874
26.4697
109.616
148.849
105.381
63.9192
70.3836
25.801
-22.5712
4.17842
61.69
84.2043
32.2655
60.7984
60.5755
-7.19015
-28.5898
30.928
45.1945
-13.4317
64.5879
132.354
66.3712
3.28677
69.492
70.1607
-6.07558
-23.9086
59.0151
134.583
117.641
130.347
157.989
125.443
100.031
161.109
115.189
72.3899
87.1021
50.9902
-17.6671
-42.1875
-38.8438
-28.144
14.2095
19.1136
5.73881
32.4884
10.1971
-84.9869
-40.4042
32.2655
11.9804
24.6864
72.3899
33.3801
-15.6609
-0.502755
-81.1973
-144.282
-90.5597
-14.7692
-68.2684
-62.0268
60.5755
79.3002
2.61803
-20.7879
35.8321
30.2593
-36.1689
-12.9859
46.7548
10.6429
-65.5934
-81.4202
-136.48
-184.406
-106.609
-98.1387
-101.928
-103.043
-52.4415
-83.2036
-153.644
-77.1849
-0.279842
-70.0517
-149.855
-101.26
-96.3554
-91.8972
-8.75054
35.6092
-59.1289
-30.3731
7.74503
-83.4265
-78.5224
8.19086
-29.2586
-117.978
-165.013
-175.49
-99.2533
-24.8003
-71.835
-133.805
-111.068
-66.708
-54.6707
27.1385
26.2468
-20.7879
-48.652
-78.5224
-77.4078
51.2131
106.718
12.872
2.84094
-6.2985
-6.74432
31.1509
113.852
59.4609
-35.723
-53.1103
15.7699
9.97417
-30.3731
24.4635
-12.5401
-131.13
-100.814
60.1296
92.0062
80.1918
90.6687
48.984
7.96795
102.037
149.741
55.2255
15.9928
9.52834
-21.0108
-8.30472
59.4609
82.421
16.4386
-46.8687
-57.7914
-79.1911
-32.8252
17.7761
28.476
-48.8749
-43.0792
-13.4317
-3.84645
-0.948581
59.0151
74.3961
-33.7168
-39.7355
22.4573
136.589
174.707
151.301
87.1021
26.4697
32.2655
30.2593
26.4697
3.7326
-14.1005
-30.1502
-63.1414
-39.2897
16.4386
38.73
-4.73811
-25.6919
20.674
86.6563
97.1332
124.774
164.007
56.7859
23.7948
63.2504
67.9316
90.4458
112.96
83.9813
29.5905
63.2504
98.9165
89.1084
104.044
87.548
24.0177
37.8383
92.2291
35.6092
-13.4317
22.4573
4.84716
-69.8288
-21.0108
51.436
62.3588
69.2691
63.2504
49.8756
1.94929
-32.3793
-24.5774
61.0213
91.7833
74.619
116.081
129.233
100.7
85.3188
35.6092
-22.7941
0.611811
55.6714
67.4858
100.254
90.8917
97.802
75.7336
6.85338
-16.1067
30.2593
104.935
52.7735
71.0524
116.75
126.781
77.7398
51.2131
61.69
53.2193
28.253
15.547
9.30543
-5.62976
-42.8563
-96.1325
-102.374
-89.4451
-24.1316
15.1012
55.2255
49.8756
75.5106
48.984
0.611811
4.40134
21.7886
60.7984
33.1571
3.7326
-69.3829
-119.315
-170.14
-171.254
-103.489
-45.7541
-11.4255
15.7699
-20.1191
-67.1538
-123.774
-147.848
-121.545
-118.201
-96.1325
-62.9185
-47.3145
-33.4939
-87.216
-88.7764
-71.6121
-42.8563
7.07629
50.0985
139.041
141.716
119.425
31.3738
7.74503
14.8783
11.5346
30.2593
38.0612
32.9342
-0.0569286
-9.86511
-48.2062
-65.3705
-62.0268
-25.6919
-43.525
-72.7266
-25.6919
-3.17771
-35.723
-63.3643
-27.6982
-22.7941
-42.4104
21.7886
93.5666
48.3152
-25.2461
-34.8314
-80.5286
-133.805
-92.343
-12.0942
-43.525
-129.347
-119.093
-44.4167
-96.1325
-124.442
-5.18393
26.6927
-51.9957
-7.85889
76.1794
19.5594
-11.8713
39.3987
-11.8713
-88.7764
-6.96724
115.635
62.5817
26.4697
61.0213
-0.0569286
-66.708
-35.2772
40.9591
77.9627
97.802
45.8632
43.1882
43.1882
12.4262
20.8969
44.5257
52.7735
29.3676
86.2105
151.97
173.815
198.559
185.407
150.632
135.697
181.172
252.281
262.535
247.377
176.936
144.391
131.908
210.596
260.529
211.042
146.843
49.4298
-7.41306
11.3116
48.7611
87.1021
104.044
70.3836
36.2779
79.9689
100.923
56.563
-11.8713
-35.946
-58.2373
-24.3545
97.802
183.624
173.147
66.3712
-48.4291
-88.9993
-29.2586
67.0399
159.549
178.051
128.787
34.9404
10.8658
-3.62354
5.5159
20.0053
6.18464
22.0115
35.1634
54.111
25.1323
-44.4167
-89.8909
-129.347
-119.093
-10.3109
66.5941
79.5231
68.1545
-24.1316
-152.307
-209.595
-177.05
-126.003
-39.0667
-14.9921
-57.7914
-102.82
-156.988
-187.75
-193.323
-161.892
-154.313
-106.609
-93.9034
-113.966
-155.873
-228.989
-278.253
-265.992
-228.543
-211.379
-173.038
-167.242
-229.658
-264.878
-306.34
-356.049
-366.08
-374.328
-331.083
-231.441
-165.459
-184.852
-250.834
-299.652
-285.163
-252.395
-161.892
-42.1875
1.05764
-24.3545
-100.814
-146.288
-130.238
-49.0978
24.9093
79.3002
77.294
103.152
139.933
121.431
133.022
145.951
78.8543
44.9715
132.576
236.454
335.873
348.802
289.73
265.879
326.288
409.658
531.368
577.511
501.498
431.949
375.775
376.889
392.716
393.162
314.251
273.903
316.257
369.979
301.99
203.686
130.793
137.703
202.125
283.712
338.994
301.545
214.386
135.028
131.239
191.203
266.547
304.443
318.932
355.713
347.019
273.012
226.2
173.37
101.369
186.521
342.784
459.59
473.857
367.527
207.252
81.5293
74.3961
127.004
242.696
266.993
250.943
250.72
279.03
247.377
128.118
-13.4317
-140.715
-129.792
-45.3083
22.0115
-3.62354
-140.269
-364.743
-557.117
-641.378
-628.672
-590.777
-603.706
-666.567
-824.167
-942.98
-1002.27
-1061.35
-1065.14
-1028.8
-962.819
-890.818
-870.979
-870.087
-852.923
-896.168
-946.769
-840.44
-683.509
-536.832
-376.78
-348.916
-399.963
-466.837
-475.531
-390.155
-239.912
-68.9371
-12.763
-4.96102
16.4386
-8.97346
-27.9211
-29.2586
2.1722
129.901
334.759
426.599
433.063
422.141
357.05
301.099
327.18
456.469
587.542
693.203
692.98
605.598
503.727
373.991
337.434
359.056
484.779
651.964
689.637
600.248
443.986
259.86
129.01
160.218
368.642
610.948
764.09
741.575
552.322
374.66
244.925
229.544
286.832
493.027
684.955
827.397
797.304
564.805
304.443
57.0089
27.1385
215.5
532.483
741.129
770.108
591.778
285.272
75.5106
77.294
238.014
448.667
655.308
683.618
534.043
330.969
129.456
-9.19637
-27.0294
75.7336
246.039
371.094
360.84
150.187
-213.385
-568.931
-762.197
-769.776
-566.479
-327.962
-290.736
-566.925
-987.339
-1370.3
-1550.2
-1487.78
-1271.78
-1047.75
-1010.08
-1056.67
-1194.43
-1373.2
-1416.89
-1296.07
-1097.24
-852.923
-630.01
-479.989
-509.191
-604.375
-647.843
-631.124
-457.252
-176.158
100.923
256.962
241.358
106.05
-14.9921
-45.0854
97.3561
299.093
494.142
544.297
410.549
236.9
59.238
-2.9548
85.9876
217.506
269.668
253.395
195.215
52.5506
-35.5001
-61.3581
-62.6955
14.2095
82.198
135.92
209.036
232.887
137.035
44.3028
49.6527
114.075
267.216
442.426
536.495
540.285
532.929
462.265
423.255
513.535
645.5
754.058
761.192
716.163
651.964
611.394
607.382
656.2
752.275
788.387
763.867
696.993
638.366
584.421
588.211
589.994
560.347
497.931
490.129
499.492
464.94
473.411
513.535
507.739
421.695
429.72
469.621
440.197
427.045
448.222
407.205
284.38
221.965
153.753
96.6874
145.282
173.815
151.524
1.50346
-124.442
-203.8
-262.203
-264.878
-302.996
-387.034
-532.819
-649.18
-768.885
-867.635
-968.392
-1111.5
-1244.14
-1393.49
-1451.89
-1451.89
-1540.39
-1644.04
-1775.56
-1854.47
-1815.24
-1634.46
-1419.79
-1281.58
-1245.92
-1240.57
-1185.06
-1024.79
-746.816
-474.862
-195.775
-35.0543
40.7362
112.068
191.648
317.149
408.32
483.888
568.595
654.862
758.963
799.533
716.163
555.443
401.633
370.648
442.203
532.483
576.397
482.773
287.501
63.6962
-47.7604
-32.1564
5.96173
64.365
39.6216
-30.1502
-124.22
-231.664
-250.834
-201.125
-123.997
39.8445
157.766
230.881
246.708
255.847
252.95
286.387
440.865
600.025
758.294
836.759
829.626
759.185
737.34
793.068
897.837
1026.9
1097.34
1107.38
1108.71
1122.53
1073.05
962.482
916.339
942.643
939.968
945.987
936.401
801.093
601.586
504.841
471.85
447.776
488.123
467.838
375.552
228.429
129.456
123.66
192.986
225.977
223.748
106.718
-103.489
-206.92
-183.96
-88.7764
26.0239
92.8979
11.7575
-192.654
-381.461
-519.445
-548.2
-536.609
-588.548
-679.942
-803.436
-988.008
-1205.79
-1403.52
-1608.6
-1726.07
-1747.92
-1734.99
-1716.71
-1677.92
-1788.71
-1993.35
-2095.89
-2038.82
-1830.4
-1554.65
-1370.75
-1331.74
-1327.28
-1325.05
-1247.03
-1043.96
-734.556
-417.796
-181.731
-71.1662
27.1385
180.949
330.078
442.872
595.121
786.604
936.624
1078.17
1166.45
1144.38
1042.29
899.621
798.418
848.797
987.449
1097.12
1010.63
800.647
535.381
338.771
277.024
317.149
400.072
383.8
236.9
59.4609
-111.959
-171.031
-60.2435
39.1758
132.576
199.45
232.442
274.572
292.182
327.18
390.487
514.873
689.637
863.286
978.755
1024.45
995.919
970.284
1048.08
1182.94
1400.28
1466.93
1407.42
1329.62
1196.99
1131.23
1143.93
1203.9
1220.39
1141.7
1008.4
888.252
777.687
692.98
636.806
565.474
509.3
407.428
333.198
261.42
122.1
81.5293
50.7673
94.9041
92.675
-0.948581
-222.301
-406.651
-505.847
-494.701
-359.393
-257.299
-237.905
-440.979
-634.691
-803.436
-921.58
-914.893
-892.378
-892.824
-1025.46
-1147.17
-1309.67
-1469.95
-1621.75
-1713.37
-1735.88
-1723.18
-1751.93
-1833.3
-1944.53
-2121.74
-2236.1
-2253.71
-2076.72
-1821.26
-1583.63
-1475.74
-1429.38
-1360.94
-1224.96
-970.175
-652.97
-306.117
-66.2621
83.0897
142.162
251.835
426.376
564.582
755.842
962.482
1132.34
1219.28
1239.79
1224.63
1201.45
1178.49
1161.32
1166.45
1177.82
1209.25
1208.8
1058.56
948.439
830.963
738.232
733.773
735.334
659.32
506.179
312.244
79.746
-71.835
-98.8075
-57.7914
13.5408
44.5257
-7.41306
-83.8723
-115.749
-79.8599
-24.1316
133.691
320.492
425.261
500.606
497.262
534.043
567.48
654.193
844.338
1067.7
1227.08
1275.9
1240.01
1181.38
1075.72
1066.36
1175.59
1289.94
1324.94
1228.42
1066.14
831.855
649.958
590.44
622.54
626.998
528.024
366.635
178.497
43.857
-35.0543
-1.39441
17.5532
43.1882
-41.5188
-190.202
-366.749
-546.194
-583.867
-561.575
-395.059
-319.714
-321.944
-535.494
-743.472
-909.543
-993.358
-952.342
-906.868
-897.728
-1068.7
-1228.75
-1431.83
-1561.34
-1627.1
-1669.9
-1688.62
-1656.75
-1640.48
-1656.97
-1688.18
-1794.29
-1814.12
-1771.99
-1588.76
-1387.02
-1223.18
-1138.03
-1074.94
-990.906
-883.908
-672.586
-400.855
-110.845
96.9103
241.358
375.329
505.733
642.825
800.424
969.393
1129.89
1262.75
1345.45
1392.26
1396.72
1359.04
1334.52
1348.79
1333.63
1316.91
1275.23
1172.91
1009.96
853.701
757.848
721.959
702.565
640.15
543.183
374.437
180.057
21.3427
-43.9708
-43.9708
-23.4628
-38.8438
-112.851
-182.177
-230.549
-243.478
-190.202
-60.6893
97.1332
234.225
307.34
350.808
346.573
354.821
451.565
601.363
792.399
932.389
985.888
991.684
925.925
866.407
901.85
986.334
1097.79
1127.22
1076.17
942.866
790.17
700.113
632.348
634.8
608.273
602.255
523.789
403.416
248.045
55.8943
-94.795
-208.258
-202.685
-205.36
-241.249
-442.317
-701.565
-890.818
-911.772
-741.02
-570.269
-506.293
-659.88
-908.874
-1106.6
-1097.01
-991.129
-900.849
-944.094
-1147.17
-1341.77
-1443.2
-1455.68
-1508.29
-1619.3
-1722.06
-1804.76
-1797.63
-1691.3
-1641.59
-1695.31
-1764.86
-1788.27
-1696.43
-1418.68
-1193.76
-1105.48
-1084.53
-1010.08
-841.331
-588.325
-247.268
9.75125
156.874
222.633
347.911
546.972
775.235
988.786
1081.74
1124.54
1175.14
1320.7
1430.15
1508.84
1509.29
1421.68
1361.05
1355.26
1372.87
1394.93
1345.89
1215.27
1151.07
1112.28
1085.98
1057.89
956.687
769.885
568.372
373.991
286.387
271.006
246.931
198.336
77.7398
-19.2275
-61.3581
-89.8909
-117.086
-134.919
-80.7515
17.7761
139.041
240.244
261.866
266.993
265.656
357.273
510.637
717.501
826.951
821.601
798.864
773.675
858.605
983.436
1071.26
1086.87
1065.25
988.786
932.612
862.171
772.56
692.757
626.106
603.592
579.517
495.033
328.294
116.75
27.8072
13.9866
84.2043
85.0959
-58.2373
-355.381
-618.864
-708.029
-673.032
-593.452
-551.99
-662.109
-880.564
-1025.23
-1132.68
-1189.3
-1267.1
-1344
-1444.98
-1497.14
-1531.47
-1575.16
-1690.18
-1824.38
-1920.01
-1942.52
-1831.29
-1726.07
-1654.96
-1687.29
-1802.98
-1837.98
-1759.06
-1573.38
-1331.07
-1186.85
-1112.62
-1085.64
-985.556
-843.115
-644.499
-357.164
-125.78
45.8632
186.076
295.08
355.713
481.881
633.239
814.468
1025.34
1149.06
1223.07
1247.37
1276.57
1287.94
1286.82
1294.4
1317.81
1361.05
1378.44
1343
1262.3
1150.62
1031.81
953.12
975.634
991.238
921.466
751.383
547.641
421.249
406.314
439.751
446.438
386.92
231.104
104.044
42.7424
92.452
144.391
170.472
108.279
77.7398
37.6154
30.4822
127.004
224.862
328.963
419.02
518.216
556.112
600.248
670.02
694.986
689.414
729.761
787.941
845.899
877.775
852.363
824.499
764.312
698.33
698.999
645.5
601.586
477.646
356.381
245.593
187.859
119.202
77.7398
37.6154
-37.2834
-148.294
-329.523
-441.202
-526.132
-562.913
-611.731
-615.743
-657.874
-728.76
-792.513
-849.802
-949.221
-957.246
-999.823
-1065.8
-1089.88
-1163.22
-1267.99
-1433.17
-1581.18
-1729.42
-1796.29
-1790.94
-1797.41
-1757.06
-1718.72
-1764.41
-1772.66
-1737.22
-1638.25
-1411.77
-1196.43
-1035.71
-928.49
-870.756
-818.148
-724.748
-502.503
-233.001
39.8445
243.141
321.161
395.837
465.609
572.384
722.628
870.419
1037.6
1170.91
1258.07
1308
1309.34
1224.63
1124.76
1096.01
1148.39
1245.36
1282.36
1180.94
1089.1
987.894
944.649
1023.78
1071.26
1037.83
929.491
772.337
651.518
590.44
592.446
570.601
517.993
410.549
299.538
218.175
171.586
185.407
151.747
141.493
134.36
138.372
153.976
149.295
174.484
242.696
308.009
363.96
419.243
450.674
450.005
434.178
515.095
571.938
635.469
630.787
585.09
539.839
476.309
527.133
536.272
550.316
456.915
349.917
279.699
200.342
152.862
129.01
162.447
131.908
82.198
-3.40063
-216.06
-425.375
-551.767
-570.269
-563.581
-515.878
-548.869
-670.803
-870.31
-1002.5
-1015.2
-1009.85
-962.819
-1001.38
-1099.69
-1212.48
-1309.45
-1388.58
-1432.5
-1478.86
-1571.82
-1646.72
-1675.47
-1637.35
-1610.16
-1578.73
-1611.94
-1646.27
-1597.45
-1479.09
-1307.67
-1156.53
-1025.68
-902.41
-801.43
-720.512
-604.598
-403.976
-247.045
-93.0117
67.4858
169.357
309.124
434.624
544.743
666.008
827.62
999.263
1097.57
1155.53
1167.12
1126.1
1091.77
1132.12
1224.18
1325.16
1370.64
1284.59
1143.49
1036.04
999.486
1051.65
1102.92
1131.23
1038.72
895.608
773.675
693.203
671.135
671.358
671.135
655.085
569.932
504.173
460.036
427.045
421.918
435.738
468.061
502.835
487.231
435.515
339.217
236.454
250.72
315.142
376.221
416.791
390.487
361.285
326.511
301.99
338.994
395.168
432.395
428.382
406.76
383.577
375.106
354.821
330.078
266.101
191.426
80.6376
21.5657
-2.9548
2.39512
-2.73189
-74.287
-165.236
-287.392
-377.672
-421.14
-386.811
-426.936
-486.899
-586.764
-691.088
-774.903
-819.486
-820.378
-893.939
-942.534
-1028.8
-1091.89
-1138.03
-1169.24
-1201.78
-1297.41
-1354.25
-1404.86
-1476.41
-1542.84
-1567.81
-1644.04
-1679.04
-1707.79
-1687.06
-1629.33
-1556.66
-1467.27
-1349.35
-1181.5
-1080.07
-959.921
-827.957
-683.732
-521.451
-333.312
-108.616
74.619
177.828
249.829
319.601
419.466
536.718
616.744
738.009
833.861
923.027
915.448
899.844
885.8
887.583
992.576
1079.73
1113.62
1120.75
998.148
896.054
878.221
920.575
1034.93
1110.05
1129.67
1014.42
888.921
778.802
734.888
757.402
776.573
823.384
797.749
723.296
650.404
571.047
503.727
441.534
395.837
361.508
365.744
350.14
313.359
243.587
218.844
164.899
130.793
159.549
194.323
282.597
313.805
336.542
323.613
298.647
295.526
320.715
363.069
383.354
351.477
340.109
305.111
229.098
154.199
134.583
190.534
199.227
154.645
133.245
119.202
97.3561
35.8321
-69.8288
-135.142
-211.824
-239.689
-255.515
-304.556
-397.288
-549.538
-672.14
-769.553
-809.678
-857.604
-933.172
-1028.8
-1064.02
-1106.15
-1157.87
-1218.28
-1337.54
-1424.92
-1544.62
-1628.44
-1613.73
-1615.29
-1623.31
-1666.11
-1711.58
-1677.7
-1566.25
-1439.18
-1316.14
-1204.46
-1101.25
-974.188
-816.365
-670.357
-513.426
-372.991
-230.326
-47.0916
83.3126
178.942
280.145
387.366
511.752
613.4
744.25
924.141
1019.1
1059.67
1075.95
1050.31
1052.76
1072.82
1098.68
1164.89
1198.1
1190.75
1130.56
1042.29
1000.6
986.557
998.817
994.582
984.328
918.791
868.413
818.257
796.412
761.415
743.582
743.804
726.863
721.736
682.726
644.831
557.895
494.142
465.163
446.661
424.37
420.803
399.849
332.53
271.451
278.585
284.157
291.068
305.557
312.022
336.096
303.997
267.439
244.033
236.454
220.627
227.983
248.714
248.937
251.612
249.829
248.714
246.931
215.5
151.97
126.781
111.623
158.434
212.379
135.92
-4.96102
-147.848
-195.106
-188.419
-134.474
-204.468
-319.269
-459.481
-610.616
-659.211
-697.998
-720.958
-847.796
-996.033
-1125.1
-1216.27
-1274.67
-1387.91
-1476.41
-1577.17
-1679.71
-1741.68
-1770.88
-1800.97
-1830.17
-1885.01
-1869.41
-1789.83
-1650.95
-1529.69
-1432.72
-1312.79
-1196.43
-1040.39
-898.62
-725.194
-530.367
-309.906
-86.1014
130.793
310.238
432.172
540.285
648.398
802.654
929.937
1032.92
1155.75
1220.39
1229.09
1194.76
1194.76
1197.66
1196.99
1203.9
1237.11
1251.6
1178.26
1050.31
931.72
896.277
893.825
902.296
887.583
858.828
802.654
770.331
779.916
773.675
744.027
720.844
680.497
631.456
613.177
668.683
690.082
642.825
600.694
520.445
453.349
387.366
353.038
357.273
357.05
338.325
310.015
242.473
209.036
234.671
285.495
329.855
337.657
326.065
301.545
282.151
238.46
238.906
322.721
381.348
442.203
421.249
312.69
174.93
70.3836
85.5417
133.468
195.215
219.067
169.357
5.73881
-107.501
-183.737
-176.604
-145.619
-147.403
-193.768
-271.565
-340
-445.66
-518.107
-648.511
-761.083
-912.441
-1031.7
-1055.55
-1146.05
-1277.35
-1446.76
-1603.25
-1704.9
-1802.09
-1805.43
-1827.72
-1922.01
-1956.12
-1995.13
-1998.25
-1948.1
-1860.94
-1722.51
-1587.87
-1411.99
-1258.4
-1143.16
-1020.33
-937.853
-781.145
-473.079
-154.09
115.858
287.947
335.65
357.273
466.055
641.487
822.716
995.696
1090.43
1125.65
1151.29
1174.47
1192.75
1229.31
1247.14
1243.8
1277.46
1292.39
1204.79
1094
970.061
896.723
913.664
964.266
951.782
833.193
689.637
560.793
504.396
546.08
606.49
636.583
578.18
438.19
385.36
389.15
462.488
516.21
503.95
460.482
418.574
400.518
394.722
405.645
425.484
439.082
456.469
496.148
484.779
475.863
442.203
405.645
447.553
478.092
531.814
536.941
476.977
376.666
326.065
320.938
371.985
405.422
355.49
275.91
182.509
149.295
166.013
206.584
212.602
220.627
142.83
53.8881
-23.017
-60.2435
-87.4389
-143.167
-185.967
-234.339
-300.098
-423.146
-506.07
-637.812
-760.86
-881.679
-992.912
-1024.12
-1070.26
-1133.35
-1251.94
-1365.4
-1477.53
-1602.36
-1728.75
-1851.57
-1920.01
-1944.31
-1967.27
-2008.06
-2002.26
-1997.36
-1955.01
-1897.27
-1742.12
-1520.77
-1305.88
-1159.43
-1078.07
-917.568
-719.398
-427.827
-102.597
131.462
281.037
387.812
505.064
662.664
815.805
981.876
1108.04
1174.92
1224.85
1281.03
1358.82
1389.58
1378.44
1368.41
1345.45
1371.31
1351.02
1265.87
1144.16
1013.75
920.575
859.273
855.93
822.27
746.034
630.787
552.991
528.024
483.442
494.587
459.813
402.97
302.882
221.073
236.454
279.922
339.217
309.57
298.87
301.768
302.213
351.7
363.737
379.118
373.769
398.289
410.772
455.801
509.523
504.619
489.238
513.312
495.033
513.981
541.176
512.866
482.773
434.401
418.574
427.936
452.903
428.382
350.808
229.767
150.409
90.6687
69.0462
69.9378
74.8419
3.7326
-104.38
-182.623
-205.137
-250.166
-319.937
-349.362
-388.595
-350.476
-368.978
-427.827
-512.311
-651.186
-731.658
-745.702
-740.797
-791.622
-947.438
-1141.82
-1320.15
-1444.98
-1501.6
-1570.7
-1660.31
-1790.05
-1955.45
-2098.78
-2132.22
-2111.71
-2050.41
-2010.96
-1921.12
-1752.6
-1600.8
-1391.04
-1219.84
-1117.07
-1013.64
-828.402
-537.501
-229.435
-35.2772
90.8917
201.234
296.863
456.469
680.72
900.289
999.486
1093.33
1212.15
1322.71
1382.67
1413.44
1400.51
1339.87
1315.13
1377.55
1452.45
1430.38
1312.46
1170.46
1037.83
1000.15
1002.38
999.486
920.352
787.05
665.562
573.722
558.118
561.239
496.371
360.394
273.903
242.25
255.402
278.362
288.839
299.984
288.17
280.591
307.786
318.932
314.028
261.866
260.752
329.409
440.642
529.139
560.347
561.684
528.693
540.953
526.464
536.272
565.92
583.307
536.495
497.708
490.575
464.494
442.649
384.914
314.251
228.875
218.398
247.823
261.866
249.383
197.89
57.4547
-74.9558
-121.99
-108.839
-107.055
-179.279
-291.85
-353.374
-396.174
-475.977
-574.727
-737.454
-876.552
-1001.83
-1020.78
-1000.49
-1018.32
-1138.92
-1318.81
-1478.42
-1592.99
-1624.65
-1657.64
-1763.3
-1934.72
-2051.08
-2089.2
-2033.69
-1984.65
-1983.32
-1954.78
-1912.88
-1788.04
-1607.48
-1421.13
-1291.17
-1206.91
-1089.21
-849.133
-513.872
-151.861
98.9165
219.513
311.353
400.295
651.518
919.014
1123.87
1227.08
1272.33
1326.5
1402.51
1529.13
1583.07
1593.33
1516.64
1445.31
1454.67
1451.11
1422.58
1298.41
1154.19
1036.04
959.139
944.649
923.695
832.301
686.739
569.486
481.213
489.238
479.206
425.039
343.006
290.845
294.634
308.009
330.523
285.049
242.473
201.011
211.488
260.306
319.378
338.548
295.972
262.981
297.532
403.416
481.658
552.768
583.976
562.353
573.722
631.456
702.788
746.256
764.09
717.501
680.943
684.287
696.324
692.98
602.255
486.34
410.103
341.446
328.963
319.601
281.26
112.96
-47.3145
-125.557
-123.997
-95.018
-157.657
-269.336
-392.607
-461.264
-560.907
-617.749
-783.374
-965.048
-1112.84
-1177.93
-1162.33
-1191.53
-1321.26
-1528.57
-1701.11
-1806.99
-1862.5
-1911.54
-1954.11
-2109.26
-2271.77
-2370.74
-2348
-2210.91
-2118.4
-2106.36
-2110.15
-2027.9
-1839.09
-1597.23
-1295.85
-1079.63
-938.967
-751.497
-490.912
-185.521
53.6652
231.55
363.069
517.993
744.696
1026.24
1283.92
1406.53
1412.1
1425.7
1492.79
1597.56
1654.85
1636.57
1555.88
1457.35
1436.62
1472.06
1504.16
1417.67
1210.81
1026.01
907.869
879.336
891.15
817.812
652.41
449.559
299.538
228.429
224.64
235.785
182.955
96.9103
30.928
7.96795
40.9591
56.1172
47.4236
34.9404
47.2007
113.629
245.816
314.474
364.183
405.422
406.091
514.204
676.485
811.124
886.246
864.846
828.957
854.592
940.414
1020.22
1009.29
897.837
816.92
808.226
817.589
846.567
872.871
769.662
578.849
476.977
442.426
505.287
513.758
405.199
179.834
-47.5374
-126.449
-159.217
-165.236
-255.961
-337.77
-546.64
-725.416
-837.319
-961.927
-1063.58
-1234.1
-1333.08
-1407.75
-1426.7
-1549.53
-1730.98
-1864.95
-2013.19
-2090.31
-2074.26
-2056.65
-2115.06
-2270.87
-2423.35
-2450.76
-2342.21
-2138.91
-1976.18
-1905.74
-1813.9
-1735.44
-1553.32
-1284.04
-994.696
-823.275
-681.725
-408.88
-124.665
189.642
378.673
542.737
655.531
797.081
1032.92
1300.64
1532.25
1604.7
1627.43
1650.62
1731.98
1805.54
1828.72
1699.43
1557.21
1458.91
1425.92
1409.2
1319.59
1185.62
976.526
791.731
654.193
594.007
505.733
364.852
176.49
0.165985
-114.411
-171.031
-163.452
-198.45
-243.701
-267.107
-261.98
-186.858
-76.962
-40.85
-28.5898
-24.1316
48.984
200.342
354.152
441.311
490.575
512.643
553.882
687.407
841.886
1019.99
1082.41
1069.7
1066.81
1126.1
1182.72
1217.27
1216.38
1197.66
1179.15
1148.84
1179.38
1122.31
984.328
763.421
622.763
570.824
543.405
546.972
407.205
142.608
-135.811
-291.85
-320.606
-308.123
-385.028
-438.75
-578.294
-776.018
-885.022
-981.767
-1113.51
-1243.47
-1341.55
-1425.59
-1461.25
-1545.29
-1769.32
-1993.35
-2133.78
-2254.16
-2247.91
-2166.77
-2184.83
-2262.18
-2382.55
-2492.67
-2443.85
-2255.27
-2095.22
-1945.64
-1794.29
-1685.5
-1537.27
-1299.42
-1067.37
-850.471
-637.589
-360.285
32.4884
446.438
727.309
880.673
950.222
1021.11
1230.42
1536.48
1830.73
1976.07
1937.73
1871.08
1858.37
1886.46
1945.75
1912.98
1810.44
1658.64
1529.8
1457.57
1377.1
1238.45
963.151
733.327
581.969
482.327
434.847
341.223
161.555
-77.4078
-235.23
-280.482
-233.67
-187.304
-253.509
-382.576
-459.704
-416.682
-277.361
-108.393
-4.29228
-2.28606
-7.63598
77.9627
248.714
452.68
610.056
642.602
665.785
730.875
879.113
1075.05
1156.19
1174.7
1153.96
1149.06
1199.66
1264.31
1281.03
1248.03
1149.51
1063.02
1001.71
934.618
842.332
689.414
572.384
480.098
436.184
457.584
376.889
182.732
-46.4229
-213.385
-288.73
-364.743
-463.271
-598.802
-678.828
-761.528
-924.924
-1027.02
-1201.78
-1431.83
-1591.21
-1649.39
-1621.3
-1711.58
-1920.9
-2179.93
-2395.71
-2463.69
-2439.4
-2407.52
-2397.04
-2476.18
-2618.84
-2645.37
-2578.72
-2396.15
-2199.1
-2080.28
-1936.73
-1744.35
-1491.12
-1200.89
-924.924
-689.305
-518.107
-300.321
45.4174
468.284
868.636
1086.87
1190.3
1248.48
1357.04
1626.99
1942.19
2197.42
2277.89
2194.3
2105.58
2115.39
2159.53
2143.48
2037.59
1850.79
1681.38
1553.87
1451.11
1291.06
1066.36
771.891
465.386
298.424
161.555
105.158
-3.62354
-236.122
-475.531
-645.614
-669.465
-593.006
-506.739
-487.122
-503.841
-511.866
-426.713
-263.54
-106.164
7.29921
72.8357
163.561
300.876
485.671
687.407
875.992
963.597
1012.64
1088.87
1191.86
1351.24
1470.72
1494.13
1457.13
1429.49
1402.51
1398.5
1388.92
1380.22
1323.6
1168.45
1001.27
830.518
713.934
602.477
503.281
424.147
245.816
117.864
6.63047
-55.3394
-139.378
-272.903
-482.218
-675.707
-807.226
-969.284
-1002.94
-971.29
-959.921
-1049.09
-1167.23
-1296.52
-1428.48
-1529.24
-1623.98
-1604.59
-1663.21
-1818.58
-1920.68
-2002.49
-1991.34
-2019.2
-2116.17
-2202.44
-2222.95
-2200.21
-2089.2
-1945.64
-1820.14
-1774.67
-1755.5
-1633.56
-1418.01
-1088.99
-798.755
-559.346
-354.489
-174.598
58.5692
386.697
736.894
1044.51
1275.9
1412.32
1565.46
1732.65
1851.01
1916.33
1962.69
1994.57
2042.05
2092.88
2078.39
1989.67
1781.47
1550.75
1362.39
1191.41
1077.73
966.049
850.58
668.014
445.324
200.342
-0.279842
-166.35
-288.061
-399.072
-465.054
-551.767
-662.778
-704.24
-743.027
-735.448
-715.162
-660.995
-550.653
-433.4
-294.971
-147.625
15.3241
217.061
351.923
486.34
609.834
730.43
886.692
1035.6
1138.58
1219.06
1250.49
1254.05
1281.25
1329.4
1375.76
1363.5
1297.97
1211.7
1147.72
1081.74
1016.87
930.829
786.381
556.557
330.3
170.026
93.5666
-1.39441
-122.882
-243.478
-391.27
-482.664
-497.599
-485.562
-501.612
-606.381
-761.974
-905.976
-987.117
-974.856
-904.416
-831.969
-861.394
-946.101
-1030.81
-1158.54
-1280.02
-1341.1
-1368.3
-1435.4
-1454.79
-1485.33
-1537.71
-1606.82
-1702.89
-1800.75
-1799.19
-1758.4
-1732.98
-1636.24
-1570.48
-1515.42
-1394.82
-1295.85
-1165.67
-1026.8
-860.279
-644.499
-413.784
-160.332
65.7025
295.303
490.352
666.231
905.194
1125.88
1326.72
1559.44
1727.97
1829.39
1856.81
1878.66
1851.01
1818.69
1761.18
1717.94
1678.48
1586.19
1452.89
1250.71
1050.53
803.991
655.531
510.637
390.264
270.337
93.5666
-84.0952
-288.952
-427.827
-535.494
-590.108
-667.905
-716.723
-739.906
-719.844
-671.917
-561.798
-412.892
-341.114
-235.676
-156.319
-10.5338
164.676
318.932
486.563
565.697
614.515
624.769
701.451
864.4
990.124
1029.58
1015.98
1024.45
999.932
982.99
984.328
985.665
958.916
854.592
709.699
579.517
433.286
277.024
126.781
-20.342
-111.514
-139.824
-202.908
-284.048
-433.4
-603.037
-697.107
-770.891
-738.123
-693.54
-655.199
-621.093
-644.499
-688.859
-747.039
-747.931
-716.723
-649.626
-576.288
-454.131
-282.265
-203.354
-192.877
-215.614
-254.178
-309.906
-420.248
-481.327
-460.15
-413.561
-417.573
-472.633
-542.628
-638.703
-768.885
-821.492
-898.174
-940.305
-954.125
-990.683
-1004.95
-1018.32
-965.048
-887.029
-795.857
-684.623
-528.584
-312.358
-94.795
122.322
282.82
397.174
508.854
617.636
747.594
870.865
1003.94
1093.78
1160.65
1210.14
1246.92
1266.54
1250.71
1172.47
1056.33
987.449
891.15
838.543
764.09
645.5
523.343
419.912
345.459
255.625
153.084
66.5941
-19.2275
-108.17
-201.57
-264.432
-313.696
-371.653
-459.035
-479.543
-469.958
-453.462
-469.066
-506.07
-480.212
-415.567
-357.833
-291.85
-154.982
-72.2808
-2.50897
2.39512
-26.5836
-16.1067
-15.6609
28.0301
88.6625
135.92
173.592
170.917
157.989
130.57
63.6962
-36.1689
-104.826
-103.712
-100.814
-84.7639
-60.0206
-92.1201
-180.84
-315.702
-404.199
-467.283
-503.618
-535.272
-531.928
-515.209
-534.157
-578.963
-650.295
-697.552
-728.537
-704.686
-643.384
-465.277
-278.698
-173.038
-105.049
-36.6147
69.492
202.348
327.848
426.153
511.975
615.629
733.327
869.527
949.776
1031.81
1119.19
1162.66
1205.01
1231.09
1245.36
1177.15
1038.27
906.754
770.777
647.506
521.56
433.732
283.043
122.991
-21.0108
-192.654
-328.631
-467.729
-589.439
-660.549
-712.933
-727.869
-699.559
-683.509
-676.376
-705.131
-698.221
-669.911
-590.777
-514.095
-461.933
-385.92
-294.302
-212.716
-105.272
-12.3172
63.6962
136.143
188.528
236.008
245.593
275.241
313.582
344.344
419.689
435.515
436.853
379.564
254.287
172.701
81.9751
71.0524
116.973
145.728
145.728
48.984
-112.182
-277.138
-380.57
-399.963
-379.678
-330.191
-252.395
-249.943
-266.661
-270.005
-252.172
-207.366
-167.465
-172.369
-146.288
-79.414
-44.4167
-45.5312
-82.089
-110.622
-138.709
-117.309
-117.309
-160.777
-223.639
-311.021
-405.313
-453.685
-464.831
-488.237
-550.43
-578.963
-606.158
-602.368
-610.839
-611.954
-609.947
-656.759
-661.44
-619.979
-542.851
-450.342
-384.359
-327.516
-265.992
-257.076
-187.304
-113.966
11.7575
203.463
367.527
524.458
638.812
743.136
831.855
932.835
1080.4
1229.09
1382.45
1478.53
1513.52
1527.12
1533.81
1557.88
1586.64
1619.85
1610.71
1560.78
1543.62
1505.28
1445.54
1315.8
1167.12
976.749
805.774
647.283
485.002
355.267
176.044
3.06386
-210.71
-448.781
-720.289
-935.624
-1143.6
-1313.68
-1414.66
-1499.37
-1499.82
-1487.11
-1467.05
-1451.67
-1415.11
-1323.27
-1165.45
-1017.88
-851.808
-703.571
-554.442
-410.217
-284.717
-127.34
25.1323
164.007
246.262
281.482
288.839
337.211
370.871
407.428
466.055
461.819
457.807
478.538
449.782
397.397
364.629
303.997
220.404
174.707
131.908
118.756
127.672
127.004
106.718
57.0089
-35.2772
-155.65
-281.819
-356.941
-373.659
-350.031
-299.429
-280.928
-308.346
-401.524
-527.47
-591.669
-591
-617.304
-638.257
-637.366
-649.849
-663.892
-655.868
-632.239
-611.508
-602.814
-609.502
-627.558
-624.66
-583.198
-521.005
-455.469
-356.941
-276.915
-233.447
-144.728
-66.9309
30.2593
100.923
128.564
200.565
303.997
390.487
435.738
416.568
423.701
529.362
731.99
898.06
967.386
1010.19
1096.68
1220.17
1302.65
1311.56
1312.68
1323.16
1393.37
1510.63
1548.97
1530.47
1466.04
1406.53
1328.73
1251.6
1121.2
1029.58
950.668
870.865
768.994
588.434
379.341
143.722
-53.1103
-186.635
-350.476
-511.197
-658.765
-825.727
-960.367
-1110.83
-1243.69
-1307.67
-1261.97
-1207.8
-1219.39
-1274.67
-1290.95
-1252.38
-1155.86
-1073.38
-1005.17
-947.215
-875.66
-741.912
-589.885
-442.094
-313.027
-194.437
-65.1476
16.6616
73.2815
164.23
243.81
299.538
354.375
365.744
427.491
497.485
562.13
571.715
503.281
436.853
338.102
277.693
242.696
231.773
175.153
104.489
41.6278
9.75125
-21.6795
-76.5162
-174.375
-302.996
-387.926
-443.654
-408.211
-406.651
-428.496
-456.583
-499.16
-554.219
-619.533
-613.068
-592.783
-582.306
-572.275
-542.628
-523.457
-452.348
-363.405
-290.959
-210.264
-130.238
-76.962
-11.2026
36.9467
122.322
197.221
287.278
346.573
405.422
512.643
550.985
587.988
603.369
617.413
621.871
643.716
692.311
743.359
789.725
819.818
813.799
799.31
775.235
795.52
805.106
814.468
824.499
838.988
805.106
758.294
715.272
657.091
628.112
556.334
439.305
326.957
252.058
159.995
32.7113
-123.774
-271.342
-348.693
-333.535
-263.986
-209.372
-174.598
-174.598
-179.725
-248.159
-318.377
-397.511
-450.342
-461.264
-419.134
-324.173
-242.809
-150.969
-129.124
-128.455
-183.069
-311.69
-422.7
-506.07
-531.036
-503.618
-491.358
-457.698
-384.359
-300.321
-211.824
-268.89
-387.48
-498.937
-573.167
-608.61
-613.068
-618.864
-566.479
-472.856
-388.372
-305.002
-216.283
-162.115
-147.18
-147.403
-148.74
-105.272
-35.0543
85.5417
231.996
324.951
389.372
415.899
392.047
308.678
138.372
-20.1191
-125.334
-156.542
-121.768
-44.6396
45.6403
70.6066
57.2318
42.9653
-20.7879
-76.2932
-145.396
-197.335
-245.261
-233.67
-189.979
-109.73
-67.1538
-88.1076
-126.226
-174.598
-211.824
-226.314
-183.069
-127.117
-85.4327
-65.8163
9.30543
127.895
288.839
429.051
515.318
497.931
489.015
543.851
623.208
702.788
750.715
775.012
796.635
844.338
905.862
949.107
896.277
772.56
650.181
539.616
458.921
398.289
395.614
378.896
304.22
232.442
145.06
62.5817
-60.2435
-206.697
-340.668
-498.937
-623.545
-655.645
-639.149
-595.904
-584.312
-585.65
-571.383
-549.984
-460.15
-369.647
-284.494
-154.536
9.75125
226.869
487.008
724.411
911.881
967.163
960.476
954.68
951.337
975.634
1014.87
1016.65
1038.27
946.433
759.185
524.235
281.037
37.8383
-227.205
-514.095
-829.294
-1058
-1184.84
-1255.95
-1320.37
-1421.35
-1540.83
-1603.47
-1635.13
-1651.17
-1693.31
-1696.43
-1661.87
-1604.36
-1414
-1121.76
-771.56
-379.678
-63.1414
134.36
216.169
261.866
349.248
509.3
675.147
817.589
990.124
1127.22
1221.28
1246.03
1174.25
1063.68
951.337
804.214
676.485
551.876
421.249
220.181
34.4946
-110.399
-227.874
-299.206
-377.226
-500.051
-654.53
-820.155
-947.661
-1002.5
-992.689
-991.352
-959.252
-933.394
-852.031
-723.187
-585.65
-428.273
-318.154
-201.125
-32.1564
192.094
439.528
647.06
818.703
970.953
1155.75
1303.09
1423.91
1499.48
1524.22
1484.77
1436.84
1365.51
1270.1
1134.79
993.021
833.416
631.902
464.271
275.91
83.9813
-148.517
-366.972
-509.859
-588.548
-634.468
-617.749
-622.208
-650.741
-644.722
-639.595
-592.114
-506.739
-430.502
-366.972
-283.38
-142.721
78.1856
331.192
584.644
793.514
974.297
1133.9
1194.76
1226.19
1142.82
1023.11
910.989
816.474
850.58
940.414
1006.62
997.703
886.023
615.406
206.138
-242.586
-741.689
-1212.26
-1559.78
-1782.47
-1874.09
-1878.1
-1833.74
-1804.32
-1811.67
-1833.3
-1879.88
-1910.87
-1957.46
-1998.25
-1994.02
-1859.82
-1567.14
-1195.54
-715.385
-176.158
303.551
676.262
909.875
1044.29
1156.64
1242.91
1323.6
1434.39
1601.57
1761.85
1892.7
1963.81
1922.79
1778.57
1561.45
1298.64
979.869
643.939
228.875
-165.904
-472.187
-695.546
-850.025
-918.236
-954.794
-1054.44
-1187.52
-1345.78
-1508.51
-1656.52
-1750.59
-1752.6
-1693.97
-1550.86
-1319.48
-1066.47
-737.008
-422.7
-119.984
142.83
406.314
606.044
764.535
900.512
1046.97
1206.13
1375.54
1561.23
1715.26
1783.47
1788.38
1757.61
1667.11
1535.37
1342.1
1168.23
980.984
803.322
622.985
471.182
321.83
163.784
6.40755
-149.186
-287.169
-452.794
-544.857
-619.756
-653.861
-670.803
-600.808
-478.652
-328.854
-150.3
55.8943
297.532
526.91
754.058
923.918
1105.15
1317.14
1484.1
1532.69
1530.02
1452.45
1306.44
1163.77
1041.39
1006.62
987.894
896.5
742.69
514.204
219.067
-133.582
-543.296
-918.459
-1310.56
-1713.59
-2045.29
-2303.64
-2466.15
-2550.63
-2567.13
-2545.73
-2487.77
-2428.03
-2388.13
-2338.86
-2261.96
-2156.3
-1939.18
-1601.91
-1224.74
-799.869
-370.093
120.985
604.038
1036.71
1400.95
1670.23
1896.04
2044.95
2133.45
2202.55
2218.38
2185.16
2132.33
2007.95
1893.59
1710.58
1474.74
1192.31
871.757
477.423
-0.0569286
-489.128
-936.292
-1307
-1606.59
-1817.47
-1940.74
-2008.06
-2045.51
-2072.26
-2068.25
-2034.36
-1985.54
-1868.29
-1786.48
-1744.58
-1639.14
-1452.34
-1132.9
-758.853
-351.145
88.4396
504.841
832.97
1113.39
1346.12
1469.61
1579.51
1610.71
1575.72
1496.58
1421.68
1433.05
1460.02
1510.63
1579.28
1545.18
1463.81
1270.1
970.061
659.097
324.282
54.3339
-177.05
-368.755
-510.528
-560.907
-551.544
-484.001
-360.062
-235.23
-102.374
-14.1005
80.4147
178.719
287.947
393.831
520
723.296
951.56
1236.22
1516.2
1745.8
1828.05
1740
1573.49
1351.69
1172.91
981.43
795.743
609.834
420.357
269.668
103.598
-115.972
-406.428
-787.609
-1251.94
-1697.54
-2132.44
-2477.07
-2759.72
-3028.33
-3181.03
-3291.15
-3273.09
-3129.31
-2913.53
-2618.62
-2351.12
-2079.39
-1820.59
-1545.96
-1213.6
-785.38
-393.053
59.4609
501.275
924.81
1308.89
1661.98
1989.89
2268.75
2506.16
2651.94
2707.67
2661.53
2546.73
2370.85
2238.44
2037.82
1803.76
1519.54
1189.18
886.915
565.697
250.275
-75.4016
-431.617
-792.068
-1140.7
-1422.02
-1644.26
-1883.45
-2084.07
-2221.61
-2280.24
-2257.72
-2161.42
-2050.19
-1911.54
-1743.24
-1541.95
-1314.58
-1064.69
-808.563
-560.015
-301.436
-13.2088
265.879
565.028
900.735
1168.9
1375.76
1527.12
1577.72
1589.31
1549.19
1455.34
1334.3
1239.12
1147.28
1055.44
999.932
943.758
904.971
797.527
653.302
471.627
243.364
-2.73189
-257.299
-447.221
-592.337
-687.298
-637.366
-504.955
-294.748
-10.5338
327.625
637.698
925.702
1148.84
1274.34
1379.55
1494.8
1629.44
1717.27
1688.96
1572.6
1442.86
1315.13
1266.54
1226.41
1120.97
898.283
587.765
226.423
-126.895
-467.06
-815.919
-1189.08
-1589.65
-1963.25
-2337.75
-2652.06
-2940.28
-3196.19
-3393.69
-3519.19
-3545.27
-3465.47
-3289.81
-3058.2
-2775.77
-2524.55
-2250.37
-1900.39
-1452.56
-931.388
-371.876
133.468
605.152
1010.41
1401.84
1790.38
2144.59
2509.05
2819.13
3053.63
3206.77
3268.97
3265.84
3175.34
3010.39
2770.75
2476.73
2173.79
1787.04
1363.5
898.729
395.614
-121.768
-576.733
-991.575
-1359.16
-1596.34
-1762.41
-1886.35
-1968.16
-2085.63
-2178.81
-2262.4
-2334.4
-2396.37
-2376.76
-2273.1
-2075.38
-1800.97
-1487.56
-1109.72
-729.652
-337.548
-1.39441
310.461
619.865
899.621
1142.15
1354.36
1501.93
1647.94
1764.08
1899.83
1991.67
2011.73
1957.57
1847.89
1727.52
1553.2
1355.48
1159.76
906.754
629.673
358.61
120.762
-64.033
-225.868
-383.245
-497.376
-597.464
-642.047
-598.579
-476.2
-307.231
-129.569
91.7833
353.038
657.314
996.811
1331.63
1635.9
1877.1
2017.08
2045.62
1958.68
1778.79
1555.21
1367.52
1187.4
1025.79
853.924
657.76
426.822
188.751
-80.3057
-352.483
-700.004
-1139.14
-1666.78
-2194.41
-2674.57
-3076.48
-3357.35
-3573.13
-3701.75
-3800.06
-3814.55
-3693.28
-3523.65
-3282.68
-2992.44
-2716.7
-2358.48
-1939.18
-1476.86
-934.732
-412.892
113.852
566.588
1001.71
1457.35
1891.58
2321.81
2666.88
2967.36
3178.24
3299.06
3379.75
3363.48
3274.98
3100.67
2804.19
2520.42
2197.87
1830.28
1413.66
914.779
382.908
-165.904
-669.465
-1036.83
-1362.73
-1661.65
-1946.31
-2197.98
-2469.27
-2678.36
-2767.08
-2786.25
-2734.98
-2693.96
-2588.75
-2448.98
-2217.15
-1889.47
-1538.83
-1151.63
-728.314
-252.172
262.089
762.752
1244.24
1643.71
1941.07
2172.01
2351.68
2484.09
2561.44
2494.56
2324.48
2095.33
1902.51
1740
1608.26
1504.16
1388.69
1244.69
1040.72
830.518
572.607
296.195
-7.63598
-360.062
-692.202
-965.048
-1106.82
-1119.97
-1057.78
-952.342
-837.765
-638.48
-367.641
-65.5934
279.253
614.738
935.287
1266.98
1579.28
1842.99
2048.96
2141.92
2080.84
1914.99
1744.46
1530.91
1387.35
1200.78
960.699
747.148
553.437
363.737
106.941
-257.745
-721.85
-1243.91
-1801.64
-2282.69
-2763.73
-3208.45
-3616.82
-3971.03
-4211.33
-4290.02
-4198.4
-3973.04
-3661.18
-3326.37
-3004.04
-2622.41
-2141.36
-1601.47
-1045.07
-490.02
-25.469
407.651
826.059
1294.18
1760.29
2208.57
2639.24
3002.36
3347.43
3641.68
3858.35
3893.12
3825.58
3592.86
3252.92
2871.07
2401.39
1933.72
1428.15
895.831
354.598
-111.736
-572.498
-1058.89
-1473.51
-1855.81
-2155.4
-2403.06
-2564.23
-2645.59
-2737.88
-2817.9
-2852.23
-2851.12
-2760.61
-2592.31
-2368.29
-2083.85
-1777.79
-1415.78
-941.865
-455.914
88.2167
624.1
1126.55
1588.87
2019.09
2370.85
2597.55
2754.93
2775.88
2647.04
2451.77
2240.22
2019.76
1775.45
1525.34
1312.01
1092.44
879.336
634.354
363.515
96.2416
-171.477
-397.957
-642.27
-888.812
-1115.29
-1373.43
-1539.72
-1610.16
-1590.77
-1461.25
-1229.65
-893.27
-517.661
-137.817
289.73
720.844
1120.53
1456.46
1776.56
2058.99
2266.97
2411.64
2369.29
2208.34
2032.02
1836.52
1649.05
1443.97
1252.27
1022
812.462
626.998
352.815
30.2593
-419.58
-930.497
-1478.86
-2058.44
-2600.56
-3119.5
-3612.59
-4074.46
-4456.76
-4646.46
-4674.77
-4494.43
-4202.42
-3818.34
-3310.76
-2753.03
-2101.46
-1482.88
-869.641
-332.421
125.889
566.366
964.043
1408.53
1861.27
2279.01
2704.99
3060.99
3415.64
3777.88
4004.36
4101.32
4003.24
3759.82
3406.5
2991.66
2543.61
2036.48
1459.36
825.614
190.534
-405.09
-917.345
-1346.68
-1757.73
-2163.21
-2516.3
-2755.71
-2843.31
-2777.56
-2720.71
-2656.74
-2607.25
-2568.46
-2483.53
-2326.6
-2127.09
-1875.87
-1625.32
-1358.94
-977.977
-547.532
-20.342
517.325
1035.6
1523.33
1959.35
2319.8
2581.95
2776.55
2805.75
2690.06
2484.09
2206.56
1901.17
1548.97
1177.82
791.954
468.73
217.283
5.07007
-134.474
-290.513
-480.881
-651.186
-808.786
-929.159
-1025.68
-1123.99
-1214.27
-1278.69
-1286.49
-1214.04
-1106.38
-870.979
-591.446
-261.98
158.88
629.896
1163.77
1667.33
2098.67
2488.1
2820.02
3004.37
3090.86
2986.31
2756.93
2455.33
2091.98
1695.87
1284.37
903.856
522.452
186.299
-131.576
-420.694
-724.302
-1124.88
-1601.24
-2143.81
-2707.11
-3247.9
-3771.53
-4230.95
-4626.84
-4889.88
-5000
-4894.12
-4575.35
-4134.65
-3579.6
-2950.98
-2231.42
-1506.28
-784.711
-97.47
466.055
956.018
1405.63
1849.45
2252.48
2637.67
2948.64
3198.52
3457.55
3691.83
3891.12
3994.1
3959.77
3830.48
3614.7
3330.94
2947.75
2476.51
1917.22
1260.52
556.334
-117.086
-734.779
-1272.22
-1759.29
-2206.67
-2562.44
-2796.5
-2862.93
-2830.83
-2716.48
-2539.93
-2373.64
-2195.53
-2001.59
-1793.17
-1602.8
-1440.74
-1263.08
-1086.09
-860.502
-591.446
-285.163
42.7424
377.335
785.043
1200.55
1596.22
1981.42
2193.19
2303.08
2264.3
2131.88
1919.67
1644.15
1290.16
870.196
452.68
63.0275
-256.63
-471.518
-629.564
-758.185
-866.075
-905.753
-868.75
-804.996
-743.695
-704.686
-695.769
-709.367
-671.026
-619.756
-562.244
-459.481
-326.625
-139.378
153.753
529.139
939.299
1425.47
1885.57
2291.49
2653.28
2980.07
3221.26
3324.02
3252.92
3012.39
2696.3
2294.39
1872.41
1457.35
1042.51
607.382
151.97
-253.509
-608.61
-963.488
-1343.11
-1766.87
-2226.51
-2717.59
-3170.33
-3566.67
-3925.34
-4220.25
-4451.19
-4562.87
-4509.59
-4289.58
-3878.3
-3362.26
-2862.04
-2277.56
-1624.2
-942.534
-177.05
518.216
1173.14
1726.85
2206.34
2656.4
3032.45
3341.86
3506.59
3582.83
3591.3
3574.58
3570.34
3517.07
3403.16
3188.72
2889.57
2542.27
2164.43
1762.07
1324.27
806.443
193.878
-461.041
-1041.51
-1539.72
-1976.41
-2333.96
-2600.12
-2792.49
-2860.92
-2817.23
-2708.9
-2593.43
-2435.83
-2261.29
-2040.83
-1798.07
-1552.65
-1258.4
-1008.74
-806.78
-615.966
-403.53
-146.734
153.084
405.645
615.184
842.109
1089.1
1285.48
1454.45
1520.66
1489
1398.95
1227.75
1045.18
811.124
554.328
245.816
-56.6769
-328.408
-584.981
-779.584
-907.537
-1009.85
-1061.35
-1019.88
-896.168
-702.234
-475.308
-273.349
-126.672
-6.74432
132.131
250.275
365.075
492.804
619.196
760.969
947.993
1245.58
1587.98
1937.06
2252.26
2554.53
2832.06
3033.12
3164.2
3198.97
3070.13
2819.8
2480.3
2089.75
1673.8
1227.97
742.467
213.271
-337.548
-836.204
-1336.64
-1741.68
-2099.9
-2489.11
-2843.54
-3109.92
-3334.17
-3516.07
-3664.53
-3783.34
-3867.38
-3895.91
-3856.23
-3669.65
-3366.49
-2984.86
-2469.27
-1884.12
-1203.57
-476.2
297.309
983.882
1597.34
2096.22
2499.69
2825.14
3025.32
3149.93
3159.51
3104.9
3008.16
2943.07
2888.23
2801.96
2688.72
2515.96
2267.42
1989.67
1615.62
1201.45
759.408
294.857
-199.341
-699.336
-1157.87
-1582.96
-1955.23
-2297.85
-2560.44
-2743.9
-2817.01
-2806.09
-2733.42
-2598.56
-2407.97
-2162.31
-1886.79
-1595.45
-1292.28
-1029.25
-782.482
-571.606
-356.941
-142.721
42.5195
172.255
247.154
346.796
476.531
639.927
771.891
889.813
1001.49
1077.73
1105.82
1116.29
1051.42
942.42
763.198
516.656
251.835
6.18464
-208.704
-363.628
-463.716
-497.822
-462.379
-383.245
-217.397
-56.0081
74.619
189.419
287.055
349.248
410.995
442.872
534.489
679.605
836.759
1037.38
1227.97
1425.7
1566.13
1724.18
1898.49
2045.84
2185.38
2344.99
2461.35
2496.79
2442.4
2277.45
2028.45
1718.38
1357.71
929.714
471.627
-5.85267
-484.224
-944.094
-1283.15
-1555.55
-1807.21
-2053.31
-2274.89
-2494.9
-2695.75
-2853.57
-3030.56
-3239.43
-3441.61
-3572.24
-3612.14
-3512.28
-3269.52
-2909.07
-2475.73
-1965.26
-1384.79
-755.956
-128.455
453.349
995.696
1488.56
1910.98
2285.03
2586.85
2848.11
3009.49
3059.65
3072.36
3054.3
3014.4
2936.16
2757.38
2503.93
2174.24
1801.75
1456.24
1096.68
674.701
248.268
-184.852
-597.018
-963.488
-1310.34
-1620.41
-1903.29
-2160.09
-2342.43
-2467.04
-2523.21
-2523.88
-2498.69
-2403.51
-2242.56
-2026.12
-1796.51
-1557.11
-1327.51
-1133.79
-961.482
-778.024
-618.641
-459.035
-305.894
-195.106
-51.1041
124.997
307.563
549.87
777.018
957.355
1136.58
1277.68
1386.46
1462.92
1465.6
1389.36
1241.57
1038.5
867.521
661.327
448.667
236.677
57.2318
-74.5099
-154.759
-164.344
-154.759
-85.6556
54.7797
197.444
362.846
483.442
554.774
592.001
593.338
599.357
580.409
601.14
702.565
820.932
944.872
1134.13
1340.99
1549.64
1737.55
1882.89
1987.44
2046.29
1997.47
1880.22
1653.96
1346.78
1003.94
655.754
326.065
42.0737
-237.014
-475.308
-659.434
-852.7
-1011.86
-1163.22
-1360.72
-1640.25
-1935.39
-2235.65
-2527.89
-2788.48
-3004.48
-3168.55
-3240.32
-3199.53
-3033.01
-2761.51
-2414.65
-1990
-1543.29
-1078.96
-580.969
-92.343
376.443
808.226
1260.52
1635.23
1980.08
2285.7
2496.13
2666.43
2736.2
2752.03
2698.31
2595.99
2452.43
2246.02
1976.07
1716.37
1410.31
1121.2
857.267
545.189
224.64
-134.251
-521.005
-879.004
-1181.94
-1469.5
-1739.45
-1950.55
-2122.86
-2235.65
-2280.24
-2254.82
-2164.32
-2073.37
-1961.47
-1829.95
-1728.97
-1607.48
-1504.05
-1384.12
-1248.15
-1102.59
-891.264
-654.307
-369.87
-50.4353
276.801
621.202
969.17
1267.87
1532.92
1711.69
1809.33
1836.97
1810
1753.38
1618.96
1426.36
1241.79
989.232
756.733
518.885
284.38
93.5666
-107.278
-226.314
-280.259
-282.711
-238.574
-186.189
-95.4638
-15.8838
15.3241
-3.40063
-34.6085
-53.779
-58.906
-45.7541
38.73
175.599
359.279
580.855
832.078
1068.37
1279.24
1476.3
1583.74
1635.46
1611.38
1536.93
1451.55
1357.93
1248.03
1111.83
984.328
816.697
644.831
476.531
326.957
159.326
-96.5783
-369.201
-686.407
-1002.5
-1322.6
-1665.22
-1971.5
-2312.11
-2612.6
-2855.13
-3049.73
-3138.67
-3167.88
-3062.44
-2886.56
-2629.54
-2295.17
-1937.84
-1509.85
-1088.1
-667.459
-242.364
173.37
599.357
1022.22
1386.46
1690.96
1943.08
2143.03
2293.5
2419.67
2470.04
2465.59
2381.77
2270.09
2122.3
1944.19
1733.54
1465.37
1197.21
888.921
598.465
279.253
-2.73189
-296.086
-556.002
-778.47
-1021
-1206.02
-1370.53
-1527.24
-1637.35
-1724.51
-1779.13
-1828.61
-1856.26
-1855.81
-1812.79
-1727.63
-1594.56
-1452.56
-1263.97
-1052.65
-816.142
-528.807
-251.057
24.0177
299.538
535.826
744.027
932.166
1035.15
1108.49
1128.33
1122.31
1059.9
961.814
863.955
767.433
667.568
518.439
391.602
274.572
170.249
75.7336
5.96173
-21.2337
-70.7204
-100.145
-91.2284
-102.151
-144.951
-174.375
-186.858
-160.554
-80.3057
16.6616
135.474
258.522
353.483
479.429
602.7
720.621
835.199
916.562
997.257
1043.18
1067.03
1106.93
1135.46
1164.44
1155.08
1126.99
1103.81
1063.68
1019.55
941.528
828.289
765.873
663.333
510.637
331.861
87.1021
-178.387
-437.858
-708.029
-974.411
-1208.47
-1417.78
-1596.34
-1755.05
-1885.68
-1960.13
-1998.7
-2013.41
-1969.94
-1887.91
-1761.07
-1641.59
-1533.7
-1380.11
-1241.24
-1058.67
-817.257
-554.219
-252.84
29.1447
304.22
540.73
770.108
987.671
1185.4
1388.47
1535.15
1667.78
1721.95
1720.39
1671.79
1575.49
1448.21
1292.17
1158.42
1027.8
877.107
724.411
547.864
334.313
140.824
-55.5623
-259.082
-467.952
-625.551
-834.644
-1021
-1153.63
-1308.33
-1420.91
-1499.37
-1518.99
-1506.5
-1454.57
-1352.69
-1230.76
-1106.15
-1033.26
-960.813
-894.831
-824.167
-736.562
-634.914
-531.482
-418.688
-315.702
-211.156
-126.003
-80.9744
-46.6458
2.84094
51.2131
78.1856
142.83
225.308
331.192
421.026
521.114
588.211
651.295
664.67
628.112
601.363
548.087
485.671
421.249
373.546
338.102
347.242
330.3
349.694
380.456
413.224
470.959
511.975
518.216
509.968
474.302
437.522
406.314
399.849
395.391
410.995
411.887
419.689
443.986
461.15
489.238
484.111
493.027
472.965
436.407
364.629
266.77
155.314
85.3188
11.0887
-19.0046
-24.3545
-21.2337
16.2157
56.7859
105.604
96.6874
109.393
127.227
118.979
75.2877
35.1634
18.8907
-2.28606
-56.454
-218.735
-391.493
-603.929
-835.759
-1037.27
-1221.62
-1317.92
-1375.21
-1376.32
-1278.46
-1119.75
-905.307
-673.701
-449.673
-251.503
-60.6893
108.279
256.07
369.756
464.494
596.905
670.912
745.588
832.078
950.891
1036.04
1066.14
1110.72
1100.91
1085.75
1007.96
887.138
735.78
562.576
394.945
245.148
147.289
23.126
-76.5162
-160.332
-269.113
-396.397
-501.389
-625.997
-754.395
-902.855
-1073.83
-1208.47
-1337.31
-1434.95
-1530.58
-1565.8
-1564.68
-1559.11
-1518.1
-1454.79
-1392.6
-1307.22
-1190.86
-1026.57
-796.08
-582.529
-302.327
2.61803
266.101
510.86
680.72
803.545
896.277
999.932
1077.95
1121.42
1156.19
1165.11
1139.48
1121.42
1127.44
1105.15
1065.02
1016.2
935.956
843.001
707.247
536.049
340.332
138.595
-92.7888
-270.005
-398.849
-499.16
-549.315
-558.454
-570.046
-580.523
-557.786
-535.717
-463.048
-389.263
-301.658
-193.323
-74.287
37.8383
164.899
272.566
354.375
447.553
550.093
630.565
740.015
846.567
917.454
991.015
1057.67
1134.79
1244.24
1343.44
1410.54
1441.52
1426.59
1341.43
1208.8
1077.95
891.15
685.624
470.736
219.513
-17.2212
-223.639
-436.744
-671.026
-890.595
-1109.72
-1303.88
-1462.59
-1627.55
-1744.13
-1852.47
-1927.59
-1926.25
-1841.77
-1738.33
-1579.17
-1384.57
-1157.42
-901.964
-599.693
-280.928
45.8632
338.325
580.186
779.693
910.098
1017.54
1089.54
1095.78
1098.24
1074.16
1034.26
1005.5
959.139
895.608
827.174
755.173
640.373
576.842
460.259
317.371
187.19
-12.5401
-232.778
-461.933
-696.884
-943.649
-1188.41
-1382.79
-1517.87
-1577.17
-1596.34
-1566.47
-1484.44
-1356.71
-1191.08
-993.804
-780.03
-563.581
-358.947
-196.221
-68.0455
36.5008
142.608
273.012
397.62
518.885
680.943
827.62
953.343
1068.59
1164.22
1206.8
1207.24
1164.66
1096.45
972.959
821.824
604.484
358.387
114.52
-119.538
-342.006
-548.869
-728.091
-864.737
-959.698
-1027.02
-1044.41
-1078.29
-1079.63
-1026.35
-949.667
-864.068
-753.058
-619.979
-480.881
-340.668
-185.967
-17.6671
188.305
400.295
629.896
861.726
1118.08
1364.84
1536.93
1670.9
1778.57
1821.59
1830.28
1783.69
1696.09
1590.43
1478.97
1394.93
1281.47
1193.87
1066.81
945.095
815.137
657.537
501.275
306.895
111.177
-97.9158
-269.113
-461.933
-651.632
-852.254
-1080.07
-1305.88
-1531.47
-1704.67
-1835.75
-1930.04
-1985.32
-2001.59
-1921.57
-1795.85
-1638.91
-1459.92
-1285.82
-1099.24
-896.391
-697.552
-515.209
-310.798
-132.69
32.2655
207.475
368.196
533.374
678.045
778.802
882.456
997.925
1090.88
1168.9
1225.07
1221.73
1180.27
1102.03
976.526
835.868
646.614
433.063
244.925
76.4023
-64.2559
-138.486
-176.604
-203.131
-230.772
-258.859
-262.426
-283.157
-319.269
-376.557
-441.202
-514.541
-574.95
-644.499
-673.032
-684.846
-686.63
-647.843
-588.994
-487.791
-365.189
-241.249
-146.511
-41.5188
52.3277
103.152
134.137
144.391
122.991
95.3499
39.6216
-42.6333
-171.7
-292.519
-417.128
-513.426
-582.752
-620.201
-585.427
-577.179
-543.519
-511.643
-483.333
-462.156
-431.84
-375.443
-298.092
-232.555
-138.932
-28.5898
60.7984
173.147
288.17
408.097
581.524
739.792
886.915
1059.45
1203.01
1342.55
1464.26
1553.87
1614.5
1619.18
1654.18
1650.39
1596
1501.93
1340.32
1153.96
921.02
741.575
540.953
348.133
179.611
-0.725668
-180.394
-326.402
-448.558
-568.263
-594.789
-622.208
-632.016
-655.868
-689.75
-721.404
-742.358
-769.776
-789.17
-794.297
-730.098
-624.214
-502.503
-372.322
-250.611
-115.303
-5.62976
89.7771
131.908
78.1856
15.7699
-84.0952
-222.524
-342.675
-468.398
-570.938
-660.326
-668.574
-652.97
-586.096
-477.983
-387.703
-259.751
-142.276
-47.0916
42.9653
162.67
252.95
327.403
388.481
479.652
558.118
591.555
608.942
634.8
606.267
575.951
528.024
487.454
429.274
374.66
335.873
287.055
260.974
242.473
236.231
208.59
171.586
98.4707
42.9653
-32.8252
-78.5224
-129.792
-211.824
-278.253
-336.433
-426.713
-510.751
-617.081
-710.258
-782.928
-902.855
-989.123
-1111.06
-1195.99
-1273.11
-1323.72
-1351.8
-1342.66
-1271.55
-1175.26
-1045.74
-907.091
-741.02
-579.408
-393.722
-220.518
-30.819
158.211
325.842
449.336
527.579
602.7
626.106
656.422
677.599
677.153
721.513
786.381
869.75
920.575
1002.16
1042.06
1081.52
1125.43
1138.36
1138.58
1087.98
1001.71
861.28
679.383
504.841
292.405
108.056
-39.2897
-167.465
-256.853
-309.906
-324.619
-350.699
-352.037
-359.839
-340.891
-344.458
-332.198
-333.758
-355.603
-357.164
-410.217
-437.413
-410.886
-336.656
-181.731
4.17842
198.113
410.326
592.892
762.975
868.859
933.949
964.711
939.522
893.379
798.195
729.315
637.698
538.278
465.832
354.375
252.281
124.106
1.50346
-109.953
-219.849
-351.591
-500.497
-645.836
-810.569
-949.444
-1090.77
-1213.37
-1296.3
-1329.73
-1317.7
-1276.46
-1168.35
-1008.52
-815.919
-578.294
-288.952
17.1074
315.588
610.948
853.924
1063.46
1197.43
1244.91
1263.19
1207.46
1093.78
962.705
824.945
668.683
548.978
441.311
393.608
349.025
353.26
362.846
333.644
312.244
225.531
98.6936
-69.8288
-290.29
-542.405
-829.74
-1118.41
-1376.77
-1617.07
-1791.61
-1906.63
-1956.34
-1958.57
-1906.41
-1809.89
-1644.71
-1460.14
-1284.04
-1088.54
-898.174
-686.63
-503.395
-352.929
-199.787
-31.7106
150.187
314.919
486.34
663.779
796.635
950.445
1044.96
1085.53
1096.45
1067.47
1015.98
919.46
822.716
690.974
553.437
430.834
343.675
290.399
240.466
215.277
231.996
246.485
243.364
247.823
236.9
217.506
153.976
82.421
-26.5836
-140.046
-199.118
-261.98
-304.556
-341.114
-334.873
-314.81
-233.67
-93.2346
29.1447
211.488
395.168
549.647
688.299
748.931
764.312
731.321
661.104
559.009
443.986
355.044
252.727
153.307
87.548
65.0337
79.9689
114.52
204.354
293.52
379.564
448.222
500.829
526.241
511.083
440.197
386.029
275.464
184.738
114.298
-21.0108
-143.167
-288.284
-407.765
-534.38
-596.127
-641.378
-655.645
-622.653
-592.56
-549.315
-473.747
-365.412
-271.788
-191.985
-105.272
19.3365
149.072
310.907
458.476
645.277
795.743
881.342
962.705
977.863
967.386
905.862
824.499
685.624
473.411
265.21
75.5106
-108.839
-296.754
-434.738
-561.798
-656.536
-672.586
-667.013
-642.939
-617.972
-604.82
-601.477
-606.604
-672.809
-770.668
-892.378
-1039.72
-1167.9
-1256.62
-1340.88
-1359.38
-1325.28
-1215.38
-1043.29
-803.213
-563.804
-304.111
-21.2337
193.655
383.354
541.176
663.333
718.169
752.275
772.56
751.829
724.857
693.426
675.593
656.422
626.552
604.707
592.892
581.078
572.384
564.359
530.254
484.111
377.112
240.021
105.604
-51.9957
-171.254
-291.182
-385.251
-445.883
-521.897
-535.717
-492.695
-431.171
-342.897
-221.856
-84.9869
10.8658
62.3588
87.1021
78.4085
27.3614
-24.5774
-93.2346
-146.511
-175.044
-168.133
-144.951
-91.8972
7.52212
86.4334
178.942
298.647
381.57
431.949
431.949
423.032
382.685
297.755
220.181
102.26
15.1012
-61.3581
-94.3492
-75.1787
-39.2897
35.3863
149.964
268.331
357.273
497.485
618.304
704.349
772.114
815.137
815.137
760.746
669.351
577.957
513.535
466.277
406.091
354.375
339.663
329.632
327.18
299.315
295.08
250.052
179.611
96.2416
-21.2337
-174.375
-323.727
-480.435
-658.543
-817.703
-964.825
-1026.8
-1086.76
-1099.02
-1075.84
-1033.93
-982.658
-925.37
-864.068
-832.415
-757.516
-701.788
-624.214
-587.21
-528.138
-442.54
-402.192
-303.219
-244.816
-179.948
-75.6245
14.8783
138.372
274.126
419.912
544.52
616.298
689.414
724.634
724.411
706.355
628.781
536.718
430.388
346.796
290.622
217.506
167.128
141.047
138.595
150.187
184.515
176.713
160.441
136.366
59.9067
-5.62976
-62.6955
-160.554
-281.819
-375.889
-476.422
-590.331
-653.193
-698.89
-719.844
-700.227
-669.688
-614.183
-574.504
-532.597
-502.503
-465.723
-424.038
-357.164
-273.571
-182.177
-82.089
47.8694
199.45
366.635
526.018
655.308
760.077
847.013
866.407
824.499
760.077
616.075
462.042
316.703
140.824
-5.62976
-134.474
-216.283
-275.801
-289.175
-254.178
-193.1
-76.2932
48.3152
191.871
291.959
371.094
429.943
415.453
373.1
296.641
210.819
127.004
0.611811
-89.4451
-170.14
-200.233
-175.713
-121.768
-28.8127
109.171
276.133
443.317
593.338
704.126
768.994
817.589
819.595
788.61
713.711
600.025
491.467
369.979
241.581
112.514
-13.8775
-108.839
-191.985
-284.494
-340.891
-383.468
-446.329
-512.534
-554.665
-628.449
-695.1
-760.86
-798.086
-840.663
-878.112
-899.289
-887.029
-813.021
-709.59
-579.631
-440.088
-253.509
-90.1139
61.9129
207.921
319.155
388.258
426.376
470.513
508.408
527.356
542.514
552.322
568.595
565.474
562.799
607.827
616.967
652.633
644.162
594.898
466.055
271.006
70.8295
-151.861
-396.397
-647.174
-852.923
-983.773
-1070.49
-1109.05
-1108.38
-1090.99
-1014.98
-919.797
-790.953
-687.075
-586.096
-505.624
-448.558
-404.867
-358.056
-296.977
-271.342
-238.574
-192.431
-113.074
1.72638
110.954
236.454
385.583
511.306
637.029
772.783
844.115
917.677
951.114
957.801
922.581
870.419
792.177
714.826
631.233
517.325
410.549
299.761
181.84
48.7611
-50.4353
-173.706
-287.615
-406.205
-484.67
-555.334
-638.926
-678.159
-678.605
-633.13
-593.229
-517.661
-382.353
-257.076
-125.111
26.2468
185.853
329.186
454.24
522.897
560.347
550.539
493.919
400.518
331.192
265.433
224.417
190.757
170.917
195.215
241.358
303.997
371.316
440.197
504.841
541.845
587.988
614.292
592.446
532.483
412.555
300.207
128.118
-19.8962
-137.817
-252.618
-305.448
-314.587
-279.367
-208.481
-94.795
11.5346
153.53
292.628
409.658
524.012
596.682
634.8
646.837
622.094
557.003
510.637
445.992
388.704
342.561
311.353
269.222
208.813
126.558
7.96795
-105.495
-237.014
-378.341
-547.086
-680.834
-822.607
-991.575
-1142.04
-1263.97
-1347.12
-1370.97
-1355.59
-1297.41
-1178.15
-1040.39
-901.741
-765.987
-685.515
-612.177
-500.943
-435.629
-327.962
-207.812
-74.7329
43.4111
164.23
260.752
370.871
524.904
675.37
816.028
952.451
1044.29
1092.22
1133.01
1084.86
1018.66
926.816
826.951
733.327
631.679
514.427
374.883
236.454
83.9813
-20.1191
-123.774
-193.546
-253.286
-295.863
-330.86
-378.564
-410.886
-443.877
-487.568
-568.709
-652.97
-715.831
-777.132
-810.569
-810.569
-825.059
-814.359
-758.853
-669.911
-566.479
-449.896
-306.34
-160.109
-55.7852
23.5719
59.0151
70.6066
67.4858
95.5728
91.1146
94.9041
110.062
88.8854
107.164
124.552
153.753
174.484
170.249
187.859
208.813
207.698
186.299
164.899
176.044
181.617
212.156
234.448
238.014
269.445
306.003
371.539
417.905
452.457
482.996
513.312
500.606
499.046
483.888
432.841
391.602
356.158
340.554
309.124
283.266
272.789
290.845
306.003
344.79
368.419
399.849
442.426
455.578
433.509
431.949
378.004
292.851
202.794
93.1208
10.42
-121.99
-216.06
-304.111
-387.703
-422.477
-441.871
-433.846
-428.273
-393.499
-359.839
-292.296
-273.126
-222.97
-170.586
-162.338
-98.1387
-38.398
14.2095
41.182
83.9813
119.87
147.066
180.28
196.107
225.977
238.46
252.95
261.42
244.925
213.94
176.936
168.243
162.893
172.255
202.348
243.81
273.235
281.037
273.235
237.346
167.797
98.9165
9.97417
-76.2932
-141.384
-233.001
-334.65
-436.298
-528.138
-629.787
-693.317
-695.992
-668.574
-603.26
-468.175
-360.285
-252.395
-99.0304
-5.62976
96.0187
166.682
238.683
287.947
273.012
248.714
222.41
194.546
113.629
37.8383
-6.74432
-32.8252
-42.6333
-34.3856
-66.9309
-75.8474
-70.7204
-71.1662
-96.8013
-152.752
-189.533
-251.726
-302.996
-387.034
-425.152
-446.998
-477.091
-481.549
-518.553
-527.47
-556.002
-542.182
-525.018
-494.478
-445.883
-399.072
-327.294
-246.153
-166.127
-91.4513
7.29921
122.768
279.03
410.103
539.839
646.837
720.399
764.312
820.709
820.487
791.954
733.55
665.785
557.672
446.884
348.802
231.327
144.168
52.5506
-19.8962
-67.1538
-83.8723
-88.5535
-98.3616
-106.164
-107.055
-150.969
-194.214
-251.726
-302.773
-335.095
-372.991
-398.626
-395.951
-340.222
-307.9
-211.156
-68.7142
102.929
285.049
459.59
665.116
838.32
1004.17
1105.15
1159.98
1171.13
1159.76
1105.82
1014.42
907.646
780.139
694.986
629.004
585.982
522.006
466.277
436.853
350.14
248.491
186.967
125.889
34.4946
-54.4477
-163.229
-261.088
-327.516
-404.867
-453.908
-504.955
-572.052
-616.412
-636.028
-628.672
-576.288
-535.272
-501.166
-426.936
-366.08
-289.398
-240.357
-192.431
-150.969
-102.82
-44.1937
52.7735
165.568
278.139
399.849
500.16
564.136
626.106
668.906
665.339
616.298
529.362
394.054
266.101
90.2229
-61.3581
-226.983
-411.555
-540.399
-649.403
-709.367
-747.931
-741.02
-715.162
-668.128
-624.883
-554.888
-501.612
-462.825
-402.861
-372.545
-383.022
-398.403
-414.007
-453.239
-465.054
-458.366
-434.961
-392.83
-288.061
-182.4
-80.9744
33.3801
120.316
196.33
243.587
277.024
276.801
230.212
182.286
115.189
85.9876
42.9653
-13.2088
-85.2098
-141.607
-163.675
-219.181
-256.184
-327.071
-379.678
-433.846
-469.066
-491.358
-535.94
-578.071
-615.297
-657.651
-685.292
-682.84
-662.555
-599.248
-504.064
-396.174
-251.726
-96.3554
90.4458
245.371
384.245
505.51
564.582
587.988
599.357
610.279
612.286
676.039
696.547
739.346
773.898
788.164
810.233
799.533
797.081
769.662
729.984
691.866
642.825
582.415
458.921
334.313
207.921
70.8295
-20.5649
-96.8013
-124.888
-123.328
-100.145
-70.2746
-53.3332
-26.5836
9.52834
32.7113
72.3899
84.2043
94.6812
112.291
110.954
105.381
77.7398
82.8668
94.2354
131.016
142.385
208.144
316.926
408.097
506.625
587.319
637.029
675.37
669.797
619.865
565.697
498.377
388.035
290.622
187.19
91.3375
-16.9983
-128.901
-188.196
-238.797
-293.857
-314.365
-322.389
-345.572
-342.452
-353.597
-321.498
-311.467
-302.773
-279.59
-231.664
-187.304
-154.313
-141.384
-117.755
-91.4513
-49.0978
3.95551
39.6216
90.6687
106.718
140.601
124.997
103.598
63.6962
36.2779
-21.0108
-68.0455
-89.2222
-118.201
-150.3
-180.617
-196.221
-195.552
-194.883
-189.979
-181.731
-183.96
-173.706
-209.372
-244.37
-289.621
-350.031
-426.267
-517.884
-591.891
-639.595
-677.49
-693.763
-686.63
-648.957
-597.241
-534.38
-485.116
-420.025
-360.285
-340.668
-347.356
-365.412
-383.468
-404.867
-426.044
-434.292
-413.561
-412.223
-358.056
-305.894
-259.528
-182.846
-81.8661
35.8321
129.456
238.906
313.359
370.648
415.453
420.803
434.401
403.639
355.044
332.307
319.601
312.913
298.87
276.355
262.089
237.123
198.559
184.069
182.063
171.14
168.911
182.732
188.973
186.076
174.484
147.735
184.069
183.401
181.172
214.386
220.404
237.791
250.498
270.783
302.882
302.882
305.557
295.08
280.368
266.101
224.194
246.485
239.129
254.51
270.783
291.736
318.709
314.028
326.288
348.356
386.029
379.787
405.868
418.128
418.128
432.395
402.97
400.518
380.01
369.979
358.387
345.236
347.688
315.142
300.207
270.56
279.922
315.811
347.465
356.381
362.177
359.725
354.152
331.415
254.287
178.497
69.2691
-22.3482
-94.1263
-175.49
-239.689
-320.829
-405.982
-468.175
-505.624
-531.036
-553.773
-576.956
-577.179
-606.381
-624.437
-633.799
-631.793
-610.17
-566.925
-485.116
-392.161
-286.5
-210.933
-127.786
-88.9993
-41.073
-23.6857
-19.0046
-13.2088
-3.62354
14.4324
-4.29228
-56.8998
-83.2036
-112.182
-150.746
-177.05
-208.704
-206.029
-198.227
-177.273
-152.975
-154.759
-141.83
-150.078
-148.071
-182.846
-187.081
-202.685
-257.299
-289.621
-368.978
-440.756
-539.284
-584.09
-620.201
-661.886
-654.53
-645.168
-617.972
-588.771
-547.532
-477.76
-426.713
-366.08
-308.346
-249.72
-204.691
-159.886
-141.83
-115.749
-70.7204
-34.6085
12.872
68.6003
125.889
122.768
137.035
140.601
127.895
126.112
125.889
130.347
122.768
121.877
107.833
126.558
188.751
238.014
289.953
361.285
415.453
464.271
536.495
600.025
643.048
693.649
706.578
724.857
732.659
711.259
711.705
689.637
653.079
619.642
617.19
603.146
608.273
613.623
617.19
615.629
598.242
574.836
565.92
544.074
502.835
447.33
353.706
268.776
135.697
37.6154
-84.9869
-201.793
-303.219
-418.911
-484.001
-570.938
-603.929
-617.081
-648.066
-652.747
-619.979
-591.891
-518.776
-445.66
-341.114
-214.722
-99.2533
27.5843
151.078
281.26
397.843
506.625
581.078
663.333
713.488
727.755
718.169
700.782
675.37
653.079
616.744
553.437
480.321
374.214
278.807
166.905
77.294
19.3365
-38.6209
-106.609
-185.298
-254.401
-323.281
-397.957
-469.066
-564.25
-642.716
-673.701
-689.527
-728.091
-730.766
-735.448
-759.076
-758.853
-721.404
-677.044
-638.48
-583.198
-536.163
-469.512
-431.84
-380.57
-337.325
-314.81
-313.919
-338.216
-325.287
-308.123
-301.436
-315.925
-315.479
-315.256
-325.51
-312.358
-308.569
-284.494
-265.324
-256.407
-247.713
-232.778
-231.887
-240.357
-265.547
-278.698
-310.798
-300.99
-289.844
-261.757
-241.918
-226.314
-180.84
-163.452
-136.257
-106.609
-55.7852
-24.3545
50.5444
115.189
168.243
261.643
356.604
479.206
598.019
661.772
755.396
823.607
841.886
858.159
834.307
771.446
678.045
589.326
511.529
422.364
340.777
252.95
153.084
93.7895
18.4449
-71.6121
-124.22
-199.118
-205.36
-173.483
-166.127
-156.319
-152.752
-140.269
-144.728
-128.009
-133.805
-112.851
-79.6369
-51.1041
-6.96724
9.52834
24.6864
57.2318
104.489
181.617
272.343
370.425
431.949
493.696
526.241
531.368
517.548
499.269
459.813
425.039
396.06
400.295
401.187
378.896
394.054
379.118
375.106
358.61
344.567
305.334
269.222
227.092
180.503
152.416
122.768
100.031
70.8295
95.7957
147.066
167.574
193.655
201.902
194.323
203.24
186.299
175.599
162.67
148.849
123.437
85.0959
13.3179
-55.3394
-135.142
-227.651
-313.473
-392.607
-451.902
-487.791
-511.197
-540.399
-554.219
-570.715
-560.015
-562.244
-544.634
-536.163
-534.157
-504.064
-518.33
-507.407
-545.971
-570.938
-567.148
-549.315
-520.782
-480.881
-376.111
-298.984
-214.945
-126.672
-65.1476
-22.3482
-3.84645
28.6989
37.8383
34.2717
51.8818
55.0026
57.4547
79.5231
84.873
69.0462
68.8233
81.5293
100.7
112.96
125.666
113.406
96.4645
81.0835
57.0089
30.7051
1.50346
-47.0916
-80.9744
-111.068
-158.771
-196.221
-238.797
-295.417
-309.015
-305.671
-317.039
-339.331
-369.201
-383.913
-396.174
-412.892
-416.459
-402.415
-397.288
-384.136
-361.399
-328.185
-304.779
-261.311
-191.539
-139.601
-93.0117
-11.2026
64.8108
169.58
289.507
386.697
432.172
489.238
512.421
509.3
477.423
432.618
400.518
353.038
323.836
292.182
264.764
221.965
166.682
115.858
55.8943
20.2282
-20.7879
-46.2
-23.017
-26.5836
-47.7604
-52.2186
-26.8065
0.834724
77.9627
162.224
230.212
325.173
405.422
504.841
574.613
621.202
646.391
650.181
666.899
677.822
659.097
639.927
579.74
517.548
431.949
323.167
262.981
166.459
73.5044
5.5159
-44.1937
-48.2062
-51.7728
-75.6245
-120.876
-169.917
-264.878
-325.51
-401.747
-471.741
-522.788
-589.439
-626.889
-668.128
-676.376
-640.264
-569.154
-484.447
-361.399
-274.463
-168.802
-62.0268
63.9192
199.45
286.609
396.283
495.033
566.588
627.221
655.977
685.847
680.943
686.293
666.008
638.144
605.152
537.387
485.448
381.348
252.727
131.462
8.63669
-118.201
-263.317
-384.136
-491.135
-600.139
-677.936
-728.983
-785.157
-788.724
-808.117
-831.3
-807.226
-803.882
-784.711
-759.299
-745.702
-757.739
-764.649
-735.002
-685.738
-657.205
-572.275
-509.637
-422.477
-332.421
-193.323
-65.3705
40.2904
165.122
227.76
331.638
356.381
369.31
340.554
292.405
248.491
159.549
92.675
43.1882
-8.52763
-26.3607
-50.8811
-89.2222
-104.157
-109.507
-122.213
-127.34
-142.944
-157.434
-154.759
-176.827
-170.14
-162.784
-153.644
-144.728
-109.507
-111.736
-128.232
-74.9558
-37.0605
8.63669
90.4458
199.673
265.656
325.173
391.156
432.395
481.658
498.6
495.256
518.216
486.34
440.197
416.345
392.939
375.775
369.087
347.242
347.019
340.777
325.396
289.061
234.225
176.267
103.598
36.055
-27.9211
-77.6307
-104.38
-142.721
-166.796
-176.827
-211.602
-225.868
-223.193
-208.927
-150.078
-99.922
-44.1937
7.29921
66.817
112.291
149.964
193.209
238.014
284.38
319.824
368.642
408.097
434.401
460.482
452.68
484.779
509.077
542.068
570.824
565.251
562.353
515.764
452.011
413.001
351.477
281.705
222.856
174.93
124.552
61.4671
12.2033
-46.6458
-115.972
-214.945
-272.457
-323.281
-385.028
-414.007
-452.348
-494.924
-545.748
-591.891
-623.099
-634.245
-564.473
-522.12
-439.865
-350.922
-252.395
-125.557
-32.3793
35.8321
96.9103
122.545
139.487
153.084
147.289
129.456
108.948
101.814
42.7424
34.2717
5.96173
-36.3918
-94.795
-126.895
-135.588
-179.948
-181.062
-198.004
-228.097
-278.921
-311.467
-355.381
-371.653
-402.861
-426.044
-415.79
-426.49
-416.682
-418.688
-392.161
-379.455
-347.133
-316.817
-264.209
-201.793
-167.465
-145.619
-110.176
-97.0242
-80.0828
-47.3145
-16.5525
17.7761
28.476
56.563
88.6625
109.393
126.558
147.066
155.536
157.543
148.849
130.347
87.325
65.9254
44.7486
28.0301
24.4635
10.8658
17.999
40.0674
58.1234
49.4298
68.8233
66.5941
77.7398
92.2291
99.5853
108.725
100.254
96.6874
110.731
92.452
61.69
41.182
33.8259
32.9342
42.2966
116.75
168.465
239.798
311.353
376.666
427.936
444.655
462.934
446.884
447.999
423.032
364.406
320.269
261.643
232.664
210.373
182.732
173.592
175.822
162.447
137.703
133.691
79.0773
57.2318
37.8383
44.0799
55.6714
48.0923
36.5008
25.801
24.2406
0.165985
0.611811
-23.9086
-14.3234
-18.1129
9.52834
44.9715
51.2131
47.8694
51.2131
63.4733
69.492
92.675
105.381
129.01
149.072
144.837
166.682
163.338
159.549
175.153
206.138
248.268
248.491
281.705
280.145
264.764
227.76
168.465
104.044
1.94929
-64.4788
-92.343
-128.009
-156.988
-176.158
-227.205
-241.472
-253.063
-234.116
-195.775
-174.598
-123.774
-71.1662
16.6616
56.7859
53.6652
38.73
-6.2985
-63.5872
-117.309
-156.319
-187.973
-208.035
-235.23
-249.497
-236.568
-224.308
-209.15
-195.552
-170.586
-124.22
-132.244
-149.409
-152.752
-169.471
-204.468
-218.512
-243.255
-241.026
-246.599
-238.351
-210.933
-195.552
-162.338
-144.282
-116.418
-101.037
-92.1201
-109.953
-126.895
-168.579
-187.75
-200.01
-214.722
-199.564
-180.84
-144.282
-79.414
0.165985
64.1421
117.195
149.518
176.713
216.392
227.537
237.569
237.569
198.559
180.28
166.905
156.874
148.626
143.276
111.845
40.0674
-7.63598
-29.7044
-58.906
-64.2559
-74.7329
-76.962
-84.3181
-108.839
-118.87
-137.817
-151.638
-180.617
-147.848
-123.774
-77.6307
-10.5338
29.1447
85.7647
139.487
190.088
233.779
290.845
366.635
471.404
514.427
557.449
579.74
535.603
506.179
466.723
408.32
361.062
312.913
287.947
283.043
236.231
214.163
201.902
193.878
180.503
174.261
136.589
98.9165
49.8756
7.07629
-49.7666
-82.7577
-120.43
-139.824
-112.851
-124.888
-129.347
-161.446
-159.217
-158.771
-154.536
-143.39
-127.34
-112.851
-86.3243
-59.1289
-80.9744
-69.6058
-45.0854
-33.9397
1.50346
48.0923
140.824
201.457
283.266
329.855
367.75
386.475
377.781
378.896
342.561
323.167
230.658
160.663
97.802
15.1012
-56.8998
-118.424
-166.573
-193.323
-189.979
-139.601
-102.82
-62.0268
-25.6919
3.95551
30.4822
54.5568
69.0462
48.984
56.1172
13.7637
-26.1378
-81.6432
-114.857
-134.697
-126.895
-95.9096
-61.8039
-36.1689
-5.85267
40.7362
46.0861
74.3961
70.6066
77.294
73.9503
40.0674
44.5257
30.7051
16.2157
7.74503
-36.1689
-64.7018
-92.343
-99.6991
-107.724
-102.597
-87.6618
-63.1414
-50.4353
-51.5499
-48.2062
-75.1787
-98.1387
-118.201
-148.963
-168.133
-191.094
-236.791
-273.349
-289.398
-254.624
-238.351
-180.84
-120.653
-46.6458
35.3863
91.7833
154.868
154.645
157.097
130.124
127.004
106.273
53.2193
48.5381
11.7575
1.50346
-7.41306
-32.1564
-64.7018
-68.2684
-68.4913
-67.5996
-63.3643
-67.1538
-47.5374
-44.4167
-57.3456
-55.1165
-90.5597
-130.684
-123.551
-134.028
-131.576
-101.482
-67.5996
-54.8936
-27.4753
-3.17771
17.999
40.5133
67.0399
83.0897
119.425
138.595
122.991
155.091
133.245
107.61
110.508
92.675
104.935
120.316
120.762
139.264
147.512
151.747
166.459
168.688
147.957
127.895
98.9165
67.0399
33.8259
8.41377
7.07629
-37.9522
-57.3456
-70.7204
-101.705
-113.074
-133.582
-144.728
-160.332
-141.607
-142.721
-130.684
-89.668
-43.7479
33.1571
116.973
188.528
254.956
305.334
323.39
342.784
353.26
374.437
389.372
385.137
379.787
365.521
335.65
289.507
224.417
160.441
73.2815
18.222
-32.6023
-64.9247
-77.1849
-101.482
-127.786
-121.322
-113.52
-115.972
-98.1387
-90.1139
-79.8599
-74.0641
-89.2222
-112.628
-122.213
-136.926
-145.396
-149.186
-145.173
-154.09
-123.328
-77.8536
-41.073
7.52212
62.1359
135.92
201.902
254.733
278.807
321.384
323.167
321.607
293.966
256.739
217.729
155.759
131.908
106.941
67.7087
57.9005
50.0985
24.4635
21.5657
-1.39441
32.4884
53.4422
59.238
52.7735
37.8383
-2.50897
-41.7417
-80.7515
-141.161
-179.502
-213.162
-226.091
-233.67
-203.577
-183.069
-184.629
-190.871
-207.366
-217.62
-221.41
-215.391
-200.01
-179.725
-170.808
-145.619
-126.895
-105.495
-103.266
-108.839
-107.501
-101.482
-79.1911
-56.8998
-9.86511
21.7886
27.8072
24.2406
6.85338
-18.3358
-57.1227
-96.5783
-155.65
-170.808
-186.412
-218.512
-236.122
-245.039
-263.54
-258.859
-247.491
-230.326
-193.546
-166.796
-110.399
-85.8785
-39.0667
-26.5836
-4.06937
28.6989
48.7611
95.127
90.4458
104.712
104.935
113.183
136.812
162.447
200.342
235.116
274.126
326.511
359.725
365.075
347.242
303.105
292.628
265.433
204.8
143.499
94.6812
11.5346
-48.8749
-88.5535
-112.182
-125.78
-119.538
-76.5162
-64.2559
-57.1227
-45.7541
-59.7977
-87.8847
-92.5659
-113.743
-107.501
-66.2621
-60.4664
-52.6644
-36.1689
-37.5063
-40.6271
-31.7106
-31.2648
2.61803
44.0799
112.96
188.305
226.2
299.761
296.195
303.774
343.898
349.248
371.316
367.527
365.967
363.292
334.982
294.857
247.823
194.323
143.053
67.2629
16.8845
-36.3918
-67.8225
-106.609
-169.025
-195.998
-234.785
-278.921
-296.309
-285.609
-284.494
-283.157
-256.853
-197.781
-155.65
-125.557
-58.2373
-23.2399
1.05764
13.095
14.2095
10.6429
5.5159
-6.96724
12.6491
18.222
13.9866
54.111
80.4147
110.731
110.954
147.512
178.051
190.98
223.302
238.683
242.25
241.804
229.098
201.902
168.02
120.316
58.3463
-21.4566
-74.5099
-136.703
-195.998
-251.28
-281.15
-321.275
-344.012
-348.247
-363.851
-354.043
-347.579
-335.987
-312.804
-275.578
-253.063
-209.595
-181.731
-162.561
-106.387
-60.6893
-10.7568
56.3401
97.5791
145.505
185.407
212.379
214.831
180.503
176.936
137.035
104.044
73.9503
64.365
45.4174
20.2282
-3.17771
-6.07558
-22.7941
-37.5063
-25.9149
3.28677
27.8072
3.50968
10.1971
3.06386
-38.398
-66.4851
-85.6556
-111.291
-133.136
-135.365
-135.588
-128.901
-113.52
-116.863
-87.216
-44.1937
-10.7568
27.1385
72.8357
114.52
106.05
100.254
96.0187
114.743
125.666
114.298
145.951
153.307
204.8
267.439
276.355
295.303
298.87
314.697
304.22
285.272
278.139
270.783
244.702
201.902
170.472
122.1
75.7336
43.4111
24.2406
29.8134
42.2966
48.7611
73.0586
107.833
107.164
138.818
145.951
158.434
161.332
178.942
185.184
184.515
186.967
157.543
159.772
170.917
137.481
102.706
111.623
82.421
67.4858
55.0026
46.309
41.182
49.2069
58.7922
48.984
24.0177
-19.4504
-46.8687
-77.4078
-104.603
-142.498
-157.657
-183.514
-187.527
-175.49
-149.409
-105.272
-53.5561
-37.2834
-27.2523
-1.39441
-3.62354
7.29921
-7.63598
-41.9646
-60.0206
-89.4451
-118.647
-121.768
-135.811
-131.799
-108.839
-82.9806
-65.5934
-30.3731
-13.6546
26.9156
30.928
43.6341
32.4884
12.2033
1.28055
-40.1813
-41.7417
-54.0019
-58.4602
-48.2062
-54.2248
-96.8013
-129.347
-171.7
-190.871
-208.258
-220.295
-221.41
-226.091
-232.555
-235.899
-215.837
-224.085
-200.456
-184.852
-179.948
-142.944
-121.099
-83.8723
-68.2684
-47.7604
-21.0108
-10.3109
5.96173
13.5408
46.5319
63.0275
71.7211
87.7709
72.6128
83.9813
97.3561
104.266
107.164
144.614
165.568
170.472
136.812
129.01
97.5791
79.5231
68.8233
58.5692
71.4982
50.9902
36.7237
11.3116
-6.74432
-38.8438
-42.4104
-40.4042
-23.017
5.73881
34.7175
20.8969
1.72638
-9.19637
-21.2337
-43.0792
-60.2435
-23.4628
-10.3109
22.0115
44.3028
83.9813
102.706
101.369
142.162
164.453
189.865
217.061
233.333
246.262
227.76
212.825
204.132
143.945
126.558
120.093
95.127
73.9503
83.3126
94.9041
116.081
146.174
171.586
186.521
187.19
186.967
161.555
135.697
90
80.4147
48.3152
16.8845
18.8907
12.872
17.5532
31.5967
28.9218
65.2566
69.2691
47.2007
73.9503
65.9254
74.619
81.5293
64.1421
75.2877
39.3987
25.5781
3.95551
-26.8065
-28.144
-43.9708
-38.8438
-38.8438
-25.6919
-14.1005
-11.2026
9.52834
15.547
1.94929
9.52834
-0.948581
10.6429
5.96173
-22.3482
-43.3021
-49.5437
-57.5685
-80.5286
-102.374
-111.736
-120.43
-115.972
-99.922
-78.2995
-68.9371
-64.7018
-46.4229
-92.5659
-108.393
-122.882
-128.009
-93.6805
-87.8847
-78.5224
-66.708
-60.0206
-31.2648
-36.6147
-54.6707
-56.8998
-34.1626
-7.63598
-13.2088
42.2966
35.1634
53.2193
53.2193
-5.62976
-11.8713
-27.4753
-17.2212
-15.215
5.96173
6.85338
-6.74432
-21.0108
-35.946
-10.088
-35.946
-64.7018
-61.3581
-56.454
-52.2186
-42.8563
-67.8225
-82.7577
-104.826
-127.563
-109.953
-122.213
-107.947
-74.287
-59.3518
-7.41306
18.6678
28.0301
47.2007
53.2193
84.873
85.5417
123.437
113.183
123.437
128.341
105.827
129.01
122.545
135.474
123.66
104.044
78.4085
59.238
24.9093
18.8907
21.3427
51.436
83.5355
101.814
112.96
124.774
133.914
143.276
145.728
137.035
144.614
141.716
141.047
108.948
67.2629
13.7637
-27.6982
-58.6831
-72.5037
-56.8998
-58.906
-20.5649
-0.502755
28.0301
37.6154
59.238
64.8108
69.0462
100.7
124.552
174.261
188.973
211.934
216.392
234.002
189.642
213.048
193.209
147.289
116.75
78.6314
70.3836
38.9529
52.1048
48.0923
92.2291
114.966
128.564
127.449
143.053
133.022
113.183
112.291
106.718
89.7771
48.0923
54.5568
10.8658
26.4697
5.07007
13.7637
-0.279842
-22.3482
-26.5836
-51.9957
-30.596
-10.3109
22.9031
14.8783
30.4822
28.476
13.7637
13.3179
0.611811
-8.0818
-35.723
-44.1937
-70.2746
-48.2062
-62.2497
-104.38
-95.2409
-100.591
-111.959
-111.514
-100.591
-114.634
-144.505
-138.263
-162.561
-161.669
-169.025
-196.889
-196.443
-226.091
-206.252
-180.171
-140.715
-105.718
-71.1662
-56.8998
-77.4078
-62.4726
-52.6644
-62.6955
-44.1937
-38.1751
-10.5338
-11.8713
-27.6982
-31.2648
-40.85
-52.4415
-55.1165
-49.5437
-49.7666
-12.9859
13.5408
51.436
58.3463
56.3401
54.3339
69.9378
74.8419
34.0488
24.9093
-7.41306
-58.2373
-97.47
-122.213
-147.625
-161
-154.759
-140.046
-120.876
-121.099
-103.043
-82.089
-67.8225
-63.1414
-42.4104
-19.4504
-10.5338
-7.85889
-20.342
-39.2897
-57.7914
-71.3892
-97.2471
-84.3181
-48.652
-1.17149
56.1172
75.7336
95.7957
138.595
142.162
158.657
149.964
149.072
183.624
202.794
205.915
206.361
202.794
176.713
168.465
141.939
124.329
116.973
110.954
103.375
97.1332
86.2105
96.2416
66.1483
57.6776
49.8756
13.095
28.476
31.5967
36.2779
53.8881
67.7087
84.2043
126.335
129.901
149.964
153.753
144.837
142.83
134.806
142.385
122.768
102.037
63.2504
51.2131
6.63047
-9.6422
-17.6671
0.388898
24.6864
40.7362
75.7336
109.393
111.623
109.393
103.375
86.6563
78.8543
29.5905
24.6864
-6.07558
-25.0232
-41.073
-65.8163
-67.8225
-98.1387
-116.863
-142.498
-178.833
-174.152
-153.644
-129.569
-94.1263
-64.4788
-24.3545
11.3116
34.9404
36.2779
33.3801
21.5657
20.0053
0.834724
7.07629
10.6429
41.6278
54.3339
71.4982
79.746
49.6527
38.9529
25.3552
-19.4504
-36.6147
-54.2248
-62.4726
-87.216
-106.832
-106.609
-138.486
-140.269
-158.325
-168.579
-181.731
-150.3
-164.567
-166.796
-194.214
-226.76
-235.453
-259.305
-245.261
-257.968
-253.732
-257.968
-262.649
-249.274
-246.376
-233.893
-179.056
-119.538
-66.708
1.50346
68.1545
118.979
145.728
171.14
173.37
165.122
190.534
183.178
186.299
181.84
170.249
158.434
163.116
186.967
186.967
195.215
204.8
192.54
197.89
170.472
106.273
76.4023
46.5319
19.5594
6.40755
19.1136
18.6678
30.4822
18.4449
22.9031
6.63047
18.6678
38.5071
32.0426
95.127
128.118
153.753
152.193
132.354
112.291
76.4023
11.5346
-11.8713
-60.9122
-85.4327
-60.2435
-43.9708
5.73881
25.1323
34.2717
9.52834
20.8969
22.9031
22.0115
60.3525
69.2691
62.5817
84.4272
75.9565
68.8233
50.5444
32.2655
27.8072
33.3801
56.7859
67.0399
74.8419
86.2105
107.61
147.066
168.911
204.354
236.677
250.052
258.968
287.278
301.545
285.718
272.343
220.181
172.478
146.397
153.084
134.806
157.32
144.614
161.109
193.878
191.426
173.592
122.991
75.0648
11.9804
-35.946
-100.814
-134.474
-186.635
-201.125
-216.506
-235.676
-237.237
-259.751
-233.67
-231.664
-198.227
-175.267
-194.437
-189.31
-192.877
-183.292
-182.4
-178.165
-156.988
-144.728
-151.192
-159.217
-149.409
-120.653
-114.857
-95.2409
-56.0081
3.95551
68.8233
89.5542
115.189
99.3624
99.3624
102.706
112.514
127.672
124.106
115.858
118.31
97.1332
85.3188
66.1483
57.0089
43.4111
16.6616
-9.19637
-38.8438
-77.1849
-99.6991
-103.043
-126.449
-123.328
-122.882
-139.601
-112.851
-76.962
-70.0517
-48.8749
-36.6147
-33.7168
-41.9646
-25.469
-38.398
-11.8713
11.9804
-0.502755
4.17842
-19.0046
-23.4628
-40.6271
-39.9584
-40.85
-60.9122
-79.414
-83.4265
-111.068
-115.972
-147.403
-140.715
-118.87
-72.0579
-33.9397
17.7761
59.4609
43.857
35.3863
22.6802
20.8969
12.4262
28.6989
36.055
33.3801
52.9964
58.7922
37.8383
27.1385
11.3116
1.28055
23.349
60.3525
90.8917
96.9103
125.443
152.862
176.267
178.274
176.713
215.277
263.872
279.699
289.507
294.411
252.95
223.748
193.432
154.645
144.391
99.8082
73.7273
48.0923
9.30543
14.2095
-20.7879
-60.6893
-85.2098
-80.7515
-94.795
-136.48
-143.167
-143.167
-125.78
-143.167
-133.805
-130.015
-127.563
-113.966
-131.799
-129.124
-151.861
-139.378
-138.709
-104.826
-90.1139
-84.0952
-45.5312
-11.4255
43.857
62.8046
83.3126
129.01
147.289
189.865
201.234
193.655
178.942
181.84
196.775
196.998
221.742
203.463
204.132
193.209
136.812
124.106
97.5791
57.9005
41.4049
11.9804
-21.6795
-33.271
-67.5996
-61.581
-78.0765
-95.9096
-84.0952
-100.145
-103.266
-107.278
-108.616
-125.557
-141.384
-141.83
-117.086
-106.164
-106.832
-65.5934
-55.5623
-49.7666
-64.4788
-77.6307
-72.2808
-85.2098
-72.2808
-45.7541
-19.4504
-32.6023
-29.4815
1.72638
-19.2275
-41.5188
-30.1502
-31.2648
-6.07558
-29.9273
-6.2985
13.095
-12.9859
-5.62976
-34.3856
-45.5312
-49.9895
-62.0268
-78.2995
-84.3181
-108.616
-120.207
-130.015
-133.805
-114.634
-115.303
-119.761
-96.8013
-69.6058
-69.16
-49.7666
-53.1103
-32.6023
-12.763
-11.4255
14.6553
20.4511
49.4298
60.7984
51.8818
63.0275
75.9565
77.9627
71.7211
76.8481
71.4982
66.817
56.1172
42.5195
12.4262
2.39512
-8.30472
13.095
-5.18393
-22.7941
-6.96724
-27.9211
-19.8962
-5.18393
3.50968
-5.85267
-3.17771
-12.0942
-0.948581
-2.50897
23.126
36.5008
51.436
72.1669
84.4272
73.9503
75.5106
82.6439
77.7398
70.3836
48.0923
64.1421
63.4733
94.2354
103.598
120.316
147.957
168.243
194.1
216.615
192.094
188.528
186.299
181.172
185.407
182.955
170.472
155.759
147.289
138.372
137.035
126.781
92.452
79.0773
51.2131
51.6589
43.857
-2.73189
-15.215
-21.2337
-40.85
-61.8039
-56.8998
-72.7266
-79.8599
-70.0517
-62.0268
-57.7914
-22.5712
17.7761
19.3365
28.476
47.8694
51.6589
65.9254
71.944
103.152
102.706
84.6501
55.4485
40.2904
36.9467
18.4449
20.674
12.6491
44.7486
45.4174
62.5817
81.3064
68.6003
72.1669
84.6501
80.6376
89.7771
102.706
96.2416
103.152
78.4085
50.9902
24.2406
0.388898
-35.0543
-46.8687
-49.0978
-44.4167
-12.5401
11.3116
18.6678
-1.39441
8.63669
-3.84645
-23.9086
-29.9273
-83.4265
-92.5659
-107.055
-147.625
-186.635
-215.168
-222.078
-235.453
-211.824
-196.221
-185.744
-180.394
-189.31
-180.171
-178.61
-172.369
-138.486
-105.718
-87.4389
-70.9433
-77.4078
-99.4762
-122.213
-130.907
-149.632
-181.731
-165.013
-143.39
-99.6991
-80.7515
-62.0268
-65.8163
-66.0392
-54.8936
-45.977
-17.2212
-11.2026
15.3241
13.5408
8.8596
24.9093
31.1509
18.222
34.4946
40.2904
54.111
52.7735
61.0213
66.3712
55.8943
68.1545
79.0773
55.0026
55.2255
39.6216
9.52834
2.39512
-3.40063
-11.8713
-16.3296
-29.2586
-46.8687
-43.9708
-62.9185
-91.8972
-102.82
-96.3554
-97.47
-107.055
-114.857
-120.43
-113.074
-103.043
-109.507
-95.6867
-71.1662
-25.0232
9.30543
62.5817
92.0062
115.189
129.901
150.187
169.357
164.676
169.803
171.809
164.676
170.917
184.069
180.28
174.707
176.49
157.989
156.651
168.465
148.849
152.193
159.995
172.924
145.951
155.314
177.382
162.67
150.409
104.266
91.7833
83.9813
41.4049
34.9404
14.2095
2.61803
15.9928
1.28055
0.834724
5.07007
17.5532
6.18464
-10.3109
-29.2586
-6.74432
21.5657
16.8845
64.365
64.8108
57.9005
55.2255
60.7984
67.2629
75.7336
96.9103
131.908
141.939
129.679
108.948
72.3899
41.182
6.18464
-42.4104
-58.6831
-81.4202
-98.5846
-119.538
-128.232
-132.69
-150.746
-149.186
-145.396
-125.111
-122.659
-97.47
-95.018
-84.0952
-44.4167
-13.8775
-0.725668
5.96173
51.8818
47.2007
4.40134
-7.63598
-13.4317
-20.342
-47.3145
-25.2461
8.19086
31.5967
46.309
76.1794
84.2043
54.7797
40.7362
10.6429
-0.725668
5.5159
8.8596
35.8321
56.3401
54.3339
41.182
-23.6857
-74.287
-96.8013
-155.205
-149.855
-178.387
-217.174
-238.128
-300.767
-346.018
-375.889
-416.459
-422.477
-390.824
-351.591
-311.467
-252.84
-200.456
-171.031
-152.975
-141.161
-85.4327
-42.1875
3.95551
48.3152
80.4147
81.5293
81.9751
63.0275
37.6154
7.96795
-7.19015
-8.30472
-1.17149
15.1012
39.3987
80.8606
124.106
163.561
158.434
182.063
194.992
203.017
172.032
140.378
110.062
82.8668
59.9067
17.5532
8.41377
2.39512
16.6616
22.9031
14.4324
25.3552
29.5905
33.1571
46.309
63.0275
72.6128
92.0062
98.4707
105.827
120.762
133.245
119.425
105.827
84.6501
62.8046
59.6838
55.6714
58.3463
62.1359
98.4707
102.26
119.87
117.864
114.075
128.564
102.037
84.2043
47.2007
44.3028
43.857
55.6714
79.9689
84.4272
77.7398
75.2877
83.0897
79.9689
83.9813
69.0462
94.9041
78.1856
74.8419
83.9813
79.746
105.158
122.768
129.456
153.53
149.072
169.357
162.67
129.01
132.576
143.053
168.911
166.905
198.559
183.178
166.905
148.849
132.799
131.462
102.037
71.0524
52.9964
51.2131
32.7113
30.0364
21.1198
-6.07558
-32.1564
-33.7168
-42.6333
-34.6085
-43.7479
-54.8936
-86.3243
-102.374
-111.291
-150.969
-163.229
-168.579
-185.744
-192.877
-210.933
-225.199
-236.345
-248.828
-237.014
-205.806
-188.419
-153.644
-75.8474
-13.8775
-7.41306
27.5843
56.3401
26.6927
32.2655
41.6278
54.5568
59.0151
50.3215
50.3215
40.7362
17.1074
-17.6671
-17.89
-55.3394
-65.8163
-41.9646
-46.8687
-23.4628
-41.9646
-50.8811
-43.525
-12.9859
-6.2985
-3.62354
-9.41928
-2.73189
-6.2985
-7.63598
-4.96102
5.07007
-5.18393
-15.215
-34.8314
-43.9708
-61.1351
-76.2932
-75.6245
-83.8723
-59.7977
-56.8998
-33.271
-16.5525
-6.2985
-14.9921
-8.52763
18.8907
16.8845
30.0364
31.5967
40.9591
37.1696
40.0674
31.1509
13.9866
11.5346
-3.17771
-6.74432
-19.8962
-21.6795
-18.5587
-26.3607
-23.4628
-21.4566
-40.6271
-40.85
-27.6982
0.834724
38.2841
73.5044
90.6687
112.514
123.883
165.122
204.577
214.163
229.989
188.973
186.744
176.044
199.673
208.367
229.321
214.608
189.196
182.732
160.441
143.053
121.877
117.641
96.9103
114.966
129.233
125.443
111.177
119.425
77.294
23.126
-10.7568
-40.1813
-59.7977
-64.4788
-70.7204
-78.0765
-102.151
-127.117
-142.498
-155.65
-152.975
-137.371
-122.213
-136.257
-115.303
-91.4513
-68.7142
-60.0206
-42.1875
3.06386
41.4049
71.944
82.6439
94.2354
100.477
101.369
97.5791
99.1394
83.7584
92.2291
123.883
144.168
129.456
127.672
123.214
106.05
100.7
80.8606
79.3002
66.5941
39.8445
11.7575
-26.3607
-74.9558
-125.557
-134.919
-129.124
-100.814
-81.8661
-64.4788
-57.7914
-43.7479
-38.6209
-53.5561
-50.6582
-43.0792
-25.6919
-26.8065
2.1722
-2.9548
-6.52141
-12.763
-34.1626
-35.5001
-49.5437
-74.7329
-97.47
-82.3119
-65.5934
-69.6058
-46.2
-9.6422
-3.62354
23.5719
42.2966
40.2904
26.2468
0.388898
-17.4442
-57.5685
-82.5348
-88.7764
-110.622
-119.093
-144.951
-130.015
-125.334
-131.576
-117.532
-110.399
-81.4202
-67.5996
-38.398
-6.07558
20.4511
43.6341
63.6962
92.675
86.6563
86.6563
71.7211
80.1918
67.0399
73.5044
110.954
