-17.6399
-23.5631
-17.403
-20.9569
-0.581101
-4.60888
-15.2706
-22.8523
-23.5631
-38.9634
-26.8801
-30.1971
-43.4651
-21.6677
-23.3262
-1.76574
19.3209
30.4565
27.8503
-0.581101
-20.72
-20.2461
-20.9569
-9.11051
-19.2984
-17.6399
-7.92587
-12.9014
1.78818
10.7914
14.8192
-5.79352
-15.5076
-34.4618
-31.1448
-11.2429
-29.7233
-17.1661
-18.8246
-23.0893
-14.086
-11.7167
-20.2461
-24.9847
-20.2461
-9.34744
-20.9569
-34.6987
-23.3262
-35.1726
-33.751
-49.1514
-44.1759
-58.1546
-65.7363
-61.9455
-74.5027
-64.0778
-74.0288
-83.5059
-59.8131
-54.6007
-56.7331
-60.5239
-84.4536
-91.0876
-83.7428
-71.8964
-69.5272
-60.287
-15.9814
-31.1448
-42.5174
-60.9978
-93.6938
-99.854
-103.171
-109.331
-84.2167
-78.0566
-66.684
-46.0713
-38.9634
-74.5027
-83.0321
-88.2445
-98.9062
-79.7151
-59.3393
10.3176
40.1705
66.7065
35.6689
8.89602
-11.9536
-10.0582
15.2931
48.2261
62.9156
66.9434
21.6901
-27.8278
-69.7641
-125.205
-129.944
-147.713
-133.498
-98.6693
-40.385
2.97282
41.5921
56.9924
42.7767
32.8258
44.4352
46.3307
52.7277
67.1803
55.8078
74.2882
43.7244
19.3209
31.878
42.7767
42.7767
24.2963
16.2408
36.6166
43.2506
37.0905
28.561
25.7179
30.2195
22.4009
26.1918
33.7735
47.0414
45.8568
42.3029
28.798
6.05288
-12.6644
-8.63666
8.18524
12.9238
25.9548
23.5856
28.561
35.432
72.6297
82.5806
89.4516
78.3159
74.5251
29.2718
9.60681
4.39439
-23.3262
-39.9112
-56.2592
-33.5141
-80.1889
-91.5615
-57.2069
-51.9945
-26.4063
-5.79352
11.5022
25.0071
7.47445
26.6656
7.0006
1.31432
26.4287
35.432
23.8225
28.798
9.36988
-30.1971
-60.7608
-86.1121
-59.8131
-77.1089
-64.7886
-60.9978
-65.7363
-67.6317
-81.1366
-79.0043
-77.5827
-73.318
-65.2625
-46.3082
-54.1268
-62.8932
-82.0844
-134.682
-149.609
-148.424
-132.787
-107.199
-75.4504
-39.6742
-15.2706
1.31432
2.97282
-10.769
-18.8246
-46.0713
-48.6775
-47.2559
-64.3147
-7.68894
-4.84581
-18.8246
-20.2461
-31.3817
-23.5631
-38.4896
-23.5631
-10.5321
-43.4651
-68.8164
-94.4046
-103.408
-110.279
-101.276
-97.4847
-88.2445
-54.3638
-45.3605
-40.385
-36.5942
-30.434
-24.7478
-11.9536
21.9271
72.1558
93.2424
102.956
106.747
92.7686
70.2604
33.0627
42.3029
28.798
35.6689
47.5153
16.7146
3.20975
5.10517
-26.6432
-42.0435
-55.3115
-46.3082
-29.9602
-35.8834
-7.92587
17.8993
46.5676
38.9859
29.5088
43.9614
41.3552
48.2261
52.4908
42.3029
22.6378
-5.08273
-20.0092
-43.702
-25.2216
-20.4831
-23.5631
-37.3049
-20.9569
-10.2952
-32.3295
-21.6677
-21.1938
-38.2527
-42.7543
-33.2772
-42.9912
-19.2984
-12.1906
-39.6742
-20.9569
-5.08273
4.15746
19.0839
37.3274
43.7244
5.81596
-8.39973
10.7914
23.1117
17.1885
12.4499
20.5055
20.9794
21.2163
17.1885
12.6869
-1.29189
-38.0157
-65.2625
-97.0108
-117.15
-92.7461
-69.5272
-48.2036
-6.97816
-15.0337
-17.6399
-8.1628
-26.1693
-42.9912
-47.4929
-36.8311
-41.8066
-42.9912
-38.2527
-51.7576
-66.4471
-61.7085
-47.4929
-77.8196
-90.8507
-71.8964
-82.7951
-72.8442
-70.9487
-72.8442
-95.1154
-115.491
-126.153
-132.313
-115.491
-89.6661
-67.3948
-56.4961
-24.037
-13.3752
-23.8001
-25.6955
-36.3572
-41.0958
-17.6399
-17.403
15.2931
38.512
31.878
20.2686
38.2751
15.0562
1.78818
33.0627
49.4107
70.7342
104.141
137.785
159.345
160.056
144.419
128.782
136.363
132.572
169.059
177.826
161.004
149.868
152.474
156.028
126.649
114.329
97.5071
92.7686
59.1248
39.6967
59.3617
54.6231
53.6754
55.5708
57.4663
57.9401
57.7032
76.6574
66.9434
50.8323
41.5921
13.3977
2.49896
-4.84581
16.7146
30.2195
7.23752
-2.95038
-23.8001
-44.1759
-84.6906
-131.128
-132.787
-117.86
-106.251
-80.1889
-60.7608
-17.8768
-14.3229
-1.52881
-6.5043
20.2686
36.3797
39.9336
55.097
72.1558
105.326
108.88
109.59
88.7408
81.1591
76.8944
93.0055
100.113
76.1836
87.7931
87.3192
94.9009
104.852
110.775
126.886
132.099
149.868
148.684
112.907
116.224
107.221
97.981
76.4205
38.512
17.6624
-27.117
-57.2069
-78.2935
-126.864
-181.357
-229.217
-266.888
-303.849
-338.677
-357.395
-396.725
-469.225
-520.164
-573.947
-626.782
-636.496
-619.911
-622.043
-604.985
-577.738
-557.836
-505.475
-489.838
-441.978
-407.15
-368.53
-323.277
-305.034
-265.941
-206.945
-140.369
-103.882
-102.697
-100.565
-104.356
-99.617
-75.4504
-61.9455
-37.5419
21.6901
65.048
92.0578
114.566
119.778
107.695
102.483
136.6
171.429
221.657
253.643
283.496
299.607
311.69
292.025
252.458
251.51
271.649
261.698
228.765
236.584
270.702
276.862
239.901
219.288
207.679
225.922
229.476
191.331
178.3
145.367
114.803
61.2571
18.1362
12.6869
-2.00267
-8.1628
-25.9324
-43.702
-41.0958
-46.0713
-88.2445
-96.537
-74.7396
-81.6105
-65.9732
-69.2902
-64.3147
-77.1089
-89.4291
-92.0353
-97.7216
-79.7151
-60.5239
-16.6922
27.8503
72.3927
150.816
197.254
172.376
170.718
180.906
173.561
188.251
161.478
170.244
180.669
166.927
170.007
176.404
194.648
180.195
174.035
167.875
183.038
206.968
212.891
230.898
226.396
239.664
221.42
213.602
188.487
158.871
137.311
90.1623
81.8699
60.5463
9.84373
-28.7755
-51.9945
-94.8785
-131.602
-180.409
-219.266
-237.746
-265.467
-293.661
-323.514
-317.117
-328.726
-370.9
-403.359
-428.947
-477.517
-509.266
-526.088
-561.864
-569.445
-548.596
-534.38
-497.656
-451.929
-458.326
-407.86
-398.146
-396.725
-366.635
-337.256
-276.128
-249.592
-213.816
-181.12
-160.981
-128.759
-132.55
-150.557
-132.55
-103.408
-71.1857
-42.0435
-30.9079
10.3176
25.0071
-29.9602
-22.8523
-6.97816
-21.9046
-22.3785
-45.3605
-33.0402
-8.1628
-1.29189
-13.1383
-38.9634
-47.9667
-70.4749
-105.777
-101.512
-65.7363
-80.1889
-70.001
-51.0468
-37.7788
-56.4961
-42.9912
12.9238
33.7735
46.5676
59.3617
79.0267
44.1983
4.63132
14.1084
16.0039
1.31432
18.847
49.4107
63.6264
54.1493
51.3061
39.2228
61.9679
76.6574
48.9369
57.7032
77.3682
117.883
155.554
188.961
217.867
245.113
259.329
268.095
268.095
252.458
241.559
213.128
189.672
178.3
229.713
238.716
243.218
261.461
260.514
262.409
253.88
235.399
185.644
195.358
205.072
175.456
188.487
219.288
247.483
265.963
273.545
275.44
267.858
227.581
197.728
176.167
144.656
161.715
147.973
124.517
90.1623
95.3748
79.0267
72.8666
78.7898
72.3927
72.8666
65.7588
90.6362
105.563
123.806
143.471
149.631
161.952
195.358
185.407
207.442
170.955
126.412
87.0823
47.0414
23.5856
-3.66117
-22.6154
-56.2592
-97.0108
-138.71
-164.535
-211.921
-220.213
-256.7
-264.519
-272.575
-271.864
-246.749
-234.192
-227.795
-248.408
-244.143
-280.393
-264.519
-236.561
-219.976
-234.192
-244.617
-226.137
-240.826
-257.648
-267.125
-254.094
-234.192
-274.707
-291.529
-301.006
-323.988
-372.558
-406.202
-442.689
-420.891
-431.079
-433.923
-409.993
-383.694
-322.803
-263.097
-200.548
-137.052
-126.864
-141.079
-146.292
-148.661
-100.091
-78.5304
-60.287
-22.8523
-39.9112
-70.9487
-79.4781
-52.9422
-66.684
-64.0778
-30.1971
16.0039
84.2391
108.169
119.068
141.813
164.558
124.991
158.398
176.167
192.515
220.71
264.541
244.639
216.208
240.612
206.02
162.425
122.858
135.179
165.979
133.046
142.523
210.048
180.669
135.179
116.935
142.05
120.489
87.7931
118.594
134.468
98.9287
95.1378
86.1346
66.2326
44.6722
47.0414
54.3862
52.4908
35.195
26.4287
50.1215
79.7375
103.904
93.4793
85.8976
88.03
67.4173
49.8846
53.6754
85.6607
129.966
142.523
174.983
255.301
314.77
348.651
375.661
364.999
355.759
337.989
345.808
369.737
408.594
421.151
426.363
413.569
372.344
354.1
330.644
314.77
345.808
376.371
381.11
351.968
376.135
347.466
268.569
239.19
213.365
175.22
179.247
175.22
186.118
174.272
115.04
74.0512
-22.3785
-83.269
-143.686
-196.994
-222.346
-257.411
-292.713
-341.994
-381.798
-391.749
-420.418
-428.473
-449.086
-472.779
-471.831
-442.926
-418.048
-425.63
-433.923
-416.864
-413.547
-439.372
-448.138
-441.741
-455.72
-460.458
-436.292
-425.867
-418.996
-406.676
-400.99
-399.094
-386.063
-382.272
-368.767
-346.022
-342.705
-315.458
-268.547
-222.82
-201.97
-160.508
-122.362
-74.9765
-37.5419
-8.63666
19.7947
34.7212
53.2016
97.981
127.597
103.193
154.37
135.416
97.0333
72.8666
76.4205
78.079
59.1248
71.445
75.9467
27.1395
16.0039
32.3519
16.7146
-19.2984
-8.39973
-18.3507
-33.988
-48.2036
-37.7788
15.2931
5.10517
-6.74123
-6.03045
-14.7968
-70.9487
-91.0876
-103.171
-113.833
-101.986
-133.735
-129.944
-137.762
-183.49
-205.998
-172.591
-149.609
-125.679
-76.1612
-53.1791
-39.6742
-50.5729
-43.9389
-33.988
-10.5321
0.603539
43.7244
59.3617
89.6885
157.687
145.13
130.44
117.409
135.889
148.684
196.543
260.987
312.401
323.3
324.01
324.958
328.749
311.453
294.157
281.363
283.259
322.115
375.424
446.739
446.502
429.68
416.649
437.025
415.228
391.061
381.11
324.721
296.527
290.603
306.241
273.782
267.858
252.458
217.867
208.863
227.344
192.752
156.502
127.123
101.298
91.5839
83.5284
85.6607
68.6019
48.9369
-2.47653
-53.1791
-69.7641
-84.4536
-133.024
-169.037
-213.816
-239.642
-270.205
-296.978
-333.939
-373.269
-401.226
-381.798
-346.97
-338.441
-299.347
-250.066
-260.017
-268.547
-283.947
-314.985
-322.092
-382.035
-396.014
-388.195
-424.682
-436.292
-401.463
-369.241
-389.38
-400.516
-367.82
-320.197
-322.566
-327.779
-289.87
-292.003
-322.092
-305.981
-284.895
-254.568
-235.614
-207.656
-210.736
-173.065
-94.8785
-83.7428
-71.6595
-34.6987
2.49896
15.7669
38.512
56.7555
47.0414
53.6754
76.8944
72.1558
61.494
72.8666
84.2391
47.7522
9.36988
8.42216
18.1362
-0.818029
0.840467
44.9091
62.9156
35.432
57.7032
55.5708
5.10517
-33.2772
0.840467
-9.8213
-15.5076
-23.5631
-32.3295
-21.9046
-78.0566
-88.9553
-47.7298
-36.3572
-61.7085
-41.8066
-22.3785
-26.6432
-36.5942
-11.4798
13.3977
-22.1416
-43.9389
3.20975
33.0627
12.9238
-27.5909
-3.18731
-24.037
-17.1661
37.5643
96.7963
144.419
170.007
199.149
148.21
171.666
213.602
251.273
261.461
271.412
292.736
281.6
267.148
246.061
247.009
283.259
292.499
331.118
405.514
484.174
511.183
501.706
479.435
429.206
401.486
382.532
393.193
395.8
381.11
372.581
357.417
307.188
259.803
205.072
144.419
71.445
67.4173
91.1101
105.563
90.1623
20.5055
-68.8164
-128.522
-169.037
-220.213
-255.279
-257.885
-287.027
-289.159
-287.975
-317.591
-335.36
-362.607
-404.07
-415.916
-411.888
-407.86
-391.749
-404.07
-422.076
-431.553
-450.034
-459.748
-443.637
-444.347
-472.068
-468.514
-421.602
-346.733
-311.905
-344.127
-324.936
-327.779
-336.782
-306.218
-301.48
-276.839
-273.996
-214.29
-176.856
-183.016
-147.95
-130.655
-151.504
-205.287
-142.738
-136.815
-89.903
-63.1301
-45.8344
-39.6742
-57.6808
8.89602
62.4418
90.1623
94.664
101.061
50.8323
40.6444
82.1068
87.3192
25.481
25.9548
-11.7167
-64.7886
-57.2069
-44.8866
-32.0925
-83.7428
-99.3801
-102.697
-88.0076
-81.3736
-51.9945
-92.983
-117.624
-113.122
-120.467
-120.23
-128.759
-123.073
-138.236
-130.892
-96.7739
-60.5239
-48.6775
-58.3915
-68.5795
-74.7396
-62.1824
-18.8246
3.6836
-29.9602
-48.6775
-30.434
-24.9847
-29.9602
18.847
58.8878
78.7898
70.9712
117.883
209.337
220.71
228.054
274.255
288.945
237.295
298.422
327.564
310.742
322.589
367.368
386.796
370.922
410.015
451.478
438.92
417.36
443.185
417.597
369.264
312.401
256.723
213.365
200.808
240.849
280.653
322.589
346.992
321.167
291.788
259.329
218.814
218.814
201.519
163.847
103.667
102.009
38.512
-17.8768
-80.8997
-166.905
-256.463
-328.253
-358.342
-331.807
-311.668
-296.741
-308.825
-349.813
-320.671
-294.372
-305.508
-355.262
-320.197
-289.396
-249.119
-232.534
-239.642
-206.235
-231.349
-298.637
-321.145
-317.591
-332.517
-370.189
-379.192
-332.991
-306.692
-267.125
-235.14
-235.851
-247.934
-251.725
-268.31
-236.561
-212.158
-191.071
-182.068
-181.831
-131.839
-88.9553
-72.8442
-67.6317
-88.4814
-100.565
-70.4749
-62.8932
-22.1416
2.26204
13.1607
-7.21509
-19.0615
0.603539
-20.4831
-74.2657
-59.5762
-32.8033
-55.7853
-52.7053
-14.7968
17.8993
48.2261
40.8813
18.1362
79.2637
105.089
61.731
45.6199
92.0578
84.0022
46.5676
49.1738
98.4548
76.1836
-13.3752
-57.4438
-71.8964
-99.3801
-120.704
-127.101
-134.209
-128.285
-63.1301
-23.0893
-3.89809
-4.84581
-61.7085
-84.6906
-94.6415
-93.22
-63.8409
-51.2837
-74.5027
-112.885
-141.316
-116.439
-121.888
-81.8474
-57.9177
5.10517
72.3927
133.994
180.669
194.885
191.804
179.01
192.989
224.027
276.862
318.324
362.156
387.27
359.313
365.947
390.587
379.688
334.435
356.469
380.873
334.909
368.079
411.674
441.527
454.084
465.456
459.77
455.032
439.868
386.322
310.979
212.417
172.139
162.662
155.791
147.736
154.607
147.499
102.72
35.6689
-41.8066
-92.0353
-133.735
-185.859
-242.485
-272.101
-305.981
-333.939
-365.213
-353.367
-351.708
-390.802
-408.334
-425.867
-441.504
-428.236
-378.007
-359.29
-368.293
-331.096
-329.2
-314.511
-330.385
-347.207
-345.785
-380.851
-369.478
-335.597
-325.173
-330.385
-295.793
-261.913
-281.341
-297.689
-284.421
-278.024
-292.003
-264.045
-237.272
-267.836
-243.906
-223.057
-233.244
-254.094
-154.821
-65.4994
-91.3245
-34.2249
45.146
114.092
72.8666
50.5954
81.8699
65.2849
32.115
89.6885
122.148
107.458
119.541
96.3225
68.8388
46.8045
34.9581
17.4254
-31.3817
-24.5108
31.4042
51.5431
95.8486
89.9254
102.956
113.855
149.157
124.754
70.2604
42.7767
-0.581101
-40.6219
-25.4585
33.2996
34.0104
-4.60888
-36.3572
-77.5827
-114.78
-99.854
-146.055
-161.218
-162.166
-149.135
-126.627
-93.9308
-65.0255
-86.8229
-56.7331
-60.5239
-52.7053
4.15746
110.301
108.406
106.747
158.161
197.728
246.772
229.002
220.947
294.157
287.05
302.924
380.162
432.05
419.018
424.468
430.154
376.608
371.87
438.684
481.804
526.11
529.427
533.929
520.661
453.136
389.402
359.55
310.979
223.553
171.666
149.868
120.015
83.2914
63.6264
13.1607
-40.6219
-98.4324
-125.916
-173.776
-219.74
-263.334
-323.751
-404.543
-462.117
-495.287
-478.228
-465.908
-416.39
-360.238
-354.078
-364.029
-405.254
-412.362
-388.195
-333.465
-309.061
-261.913
-227.321
-230.164
-247.697
-251.014
-260.491
-291.766
-304.797
-335.834
-316.169
-279.682
-262.86
-253.857
-273.522
-338.204
-376.112
-341.994
-285.132
-245.328
-228.506
-210.499
-143.923
-142.264
-181.831
-169.037
-157.191
-163.114
-205.998
-172.591
-33.5141
65.7588
57.4663
39.6967
42.7767
31.1673
43.7244
107.458
137.074
133.52
130.203
194.648
162.662
98.6918
178.537
162.899
69.5496
69.5496
178.3
203.651
152.948
146.788
182.327
147.973
73.8143
105.563
172.376
120.963
49.6476
44.9091
50.1215
-2.2396
-22.1416
-36.5942
-21.9046
17.8993
9.60681
57.9401
104.378
119.068
80.6852
98.9287
141.339
82.8176
59.8356
107.221
73.3405
-7.92587
24.0594
46.0937
32.3519
51.0692
102.483
134.705
163.136
208.626
268.806
318.798
331.829
301.265
391.298
445.081
415.938
436.077
476.355
432.523
396.51
405.751
452.662
439.157
406.461
381.11
342.491
243.218
162.899
117.409
56.2816
-55.0746
-125.916
-94.4046
-153.163
-211.21
-284.184
-354.552
-435.818
-519.69
-584.372
-609.723
-627.493
-638.154
-575.605
-536.749
-503.816
-479.887
-486.521
-506.186
-500.499
-447.664
-358.579
-326.831
-283.947
-206.235
-161.455
-127.575
-137.526
-113.596
-113.596
-118.808
-97.4847
-57.6808
-33.2772
10.3176
12.6869
-43.4651
-60.05
-62.8932
-70.9487
-114.307
-105.54
-122.599
-137.526
-173.539
-192.256
-224.241
-258.359
-260.017
-269.731
-263.334
-262.86
-183.726
-139.658
-98.4324
-103.408
-81.8474
-80.1889
-92.0353
-26.6432
29.9826
41.1182
50.3584
43.0137
50.8323
143.471
183.512
202.229
182.801
125.702
119.778
165.269
134.231
139.917
163.373
141.102
145.84
198.202
270.228
270.465
292.499
248.667
138.97
117.646
201.519
219.762
185.17
148.21
153.659
147.499
155.791
227.818
209.811
152.237
53.6754
-22.3785
-42.0435
22.8748
105.089
121.2
107.695
93.0055
156.028
151.764
125.938
178.773
197.491
224.737
286.102
416.412
485.121
469.247
393.667
351.02
369.264
445.317
496.257
516.396
441.527
314.059
264.778
254.59
240.138
213.602
218.577
150.816
97.0333
76.8944
31.4042
-50.336
-179.225
-305.981
-341.758
-324.462
-347.444
-378.955
-483.677
-643.841
-788.841
-851.39
-840.965
-743.587
-724.633
-739.797
-760.646
-764.2
-724.633
-664.217
-561.153
-521.112
-411.414
-271.627
-130.181
-22.3785
89.9254
121.911
136.363
185.17
247.483
317.139
333.961
311.69
287.05
234.215
199.623
199.623
209.337
129.966
50.8323
-26.8801
-86.3491
-110.279
-167.852
-204.576
-240.352
-300.295
-363.081
-373.98
-405.728
-404.07
-362.607
-360.712
-326.831
-296.267
-272.811
-249.119
-259.307
-254.805
-192.019
-81.1366
43.0137
105.089
132.809
134.468
144.893
109.117
69.7865
90.6362
130.44
190.146
194.411
202.703
193.463
166.453
166.216
183.986
269.043
328.275
335.62
379.451
357.18
309.558
245.113
255.775
245.587
227.344
184.46
188.961
199.386
114.803
119.778
126.649
76.8944
97.0333
232.793
264.068
216.682
260.514
292.025
218.103
193.937
245.824
321.167
349.599
370.211
400.301
404.092
382.768
356.469
412.148
436.077
462.139
568.046
629.884
655.71
648.128
524.688
384.19
314.059
304.108
333.014
398.643
379.688
300.554
166.453
9.36988
-139.895
-183.253
-210.026
-272.101
-367.109
-420.181
-453.824
-505.949
-624.887
-773.914
-906.594
-1030.03
-1101.59
-1085.47
-959.429
-923.416
-979.331
-1041.64
-1062.26
-1024.58
-948.53
-790.025
-609.96
-461.169
-327.305
-186.57
-77.8196
15.7669
100.113
161.004
230.898
371.87
494.125
517.107
472.09
426.363
399.59
369.737
394.141
419.729
424.468
406.935
356.233
246.535
100.824
28.561
-28.7755
-63.1301
-98.1955
-167.615
-192.493
-237.035
-345.311
-443.637
-501.921
-553.334
-533.195
-468.988
-433.686
-356.21
-289.396
-310.009
-351.945
-313.089
-268.547
-215.712
-140.606
-69.7641
42.0659
158.871
153.896
111.486
114.092
169.296
193.463
224.737
297.711
365.71
417.597
359.55
320.456
283.969
268.806
189.672
161.952
199.386
250.089
229.239
181.617
211.47
160.53
110.301
107.932
147.736
151.527
141.102
218.577
258.144
192.515
206.731
253.169
277.572
295.105
359.786
447.687
465.93
417.36
391.535
469.247
552.172
641.968
755.456
776.306
735.317
700.963
652.393
578.945
511.42
486.543
492.703
484.884
477.777
490.334
465.456
296.764
103.667
0.129683
-34.6987
-101.986
-197.942
-340.573
-481.071
-588.873
-713.735
-818.457
-930.287
-1037.62
-1184.27
-1284.49
-1351.07
-1371.21
-1379.03
-1439.45
-1492.04
-1468.59
-1376.9
-1217.44
-1031.69
-845.467
-714.919
-606.643
-455.246
-298.163
-142.027
11.7392
202.466
322.589
448.871
509.525
555.963
609.982
622.777
627.752
621.829
675.848
671.347
651.919
587.948
487.254
382.295
255.775
184.223
189.909
212.654
132.572
29.2718
-83.0321
-169.511
-274.233
-360.475
-398.857
-417.574
-393.408
-414.021
-374.454
-342.942
-327.542
-379.192
-397.436
-305.034
-207.419
-155.532
-139.184
-51.7576
38.2751
120.963
149.868
180.669
209.574
236.584
309.084
398.643
440.105
453.373
437.973
440.579
437.973
418.071
414.517
398.406
365.71
300.554
341.306
360.734
302.45
244.403
179.721
138.022
82.1068
116.224
210.285
220.947
153.422
148.21
128.545
111.486
192.752
327.09
420.677
413.806
423.994
481.567
515.685
522.319
543.88
581.314
681.535
796.445
899.982
955.187
832.695
629.884
450.53
384.901
428.969
580.84
660.922
560.701
345.334
97.0333
-108.146
-226.61
-287.027
-350.998
-426.815
-576.316
-717.288
-829.592
-1004.21
-1209.86
-1404.38
-1562.65
-1614.06
-1549.14
-1467.64
-1438.97
-1540.38
-1698.88
-1769.01
-1661.92
-1432.81
-1219.34
-1020.32
-885.507
-822.958
-799.739
-717.525
-554.519
-363.555
-145.344
63.1525
263.594
443.896
473.275
451.004
451.715
486.306
592.924
738.398
844.778
862.311
764.223
587.474
417.123
358.365
383.479
394.378
404.566
353.626
273.782
172.613
64.5741
-62.6563
-110.516
-116.439
-177.566
-189.413
-183.253
-232.771
-327.068
-344.127
-351.708
-359.764
-339.388
-261.439
-211.447
-178.514
-149.135
-92.983
0.366611
72.6297
170.955
234.688
257.434
319.509
412.148
490.097
552.646
612.826
628.937
642.915
670.636
684.852
717.074
702.621
625.383
568.046
592.687
579.656
529.901
490.571
411.911
279.468
145.367
106.747
169.296
237.532
218.103
209.811
228.528
172.139
183.275
199.86
226.396
277.809
334.435
419.018
565.914
693.381
791.943
847.621
789.811
610.456
475.17
502.417
590.791
737.213
789.811
703.569
478.724
174.746
-66.4471
-160.981
-195.573
-253.383
-403.359
-595.981
-804.004
-1030.27
-1214.84
-1472.14
-1679.93
-1832.98
-1916.14
-1891.27
-1840.33
-1805.03
-1921.12
-2061.86
-2097.63
-2011.39
-1759.3
-1477.12
-1283.07
-1147.79
-1064.62
-946.635
-763.726
-512.82
-246.039
-41.8066
52.2539
192.752
392.246
548.144
642.679
662.817
657.368
650.734
653.814
761.38
840.277
831.273
747.164
596.241
510.473
526.821
550.987
531.322
413.806
213.365
61.731
12.9238
24.2963
56.2816
0.366611
-102.697
-205.998
-298.4
-299.821
-270.205
-231.349
-211.447
-210.262
-194.625
-129.233
-70.001
2.97282
66.2326
127.36
186.592
241.322
279.231
317.376
355.285
414.043
521.608
654.999
792.18
888.373
942.393
930.783
857.098
776.543
751.192
763.038
766.829
780.097
733.659
638.414
511.657
445.554
393.43
355.759
270.702
203.651
202.229
207.916
226.87
248.904
228.054
112.434
66.4695
99.4025
195.595
338.937
459.533
487.491
518.765
586.764
707.36
803.079
825.587
765.407
639.835
598.61
666.371
808.054
900.693
797.866
513.079
234.688
54.8601
-7.21509
-32.5664
-150.32
-398.146
-722.975
-981.463
-1123.86
-1211.76
-1317.9
-1505.07
-1742.71
-1927.28
-2007.84
-1995.75
-1985.8
-2078.44
-2173.21
-2195.48
-2087.44
-1852.17
-1585.87
-1438.26
-1408.41
-1388.03
-1282.36
-1048.04
-675.352
-325.173
-121.414
-51.9945
14.8192
148.684
347.703
567.809
621.355
635.571
642.205
705.465
878.659
1016.79
1017.97
865.154
690.064
551.698
556.437
640.072
682.482
608.087
442.001
275.677
168.586
154.607
170.007
134.468
2.26204
-141.553
-233.244
-201.97
-122.362
-72.8442
-108.62
-186.807
-228.743
-201.022
-99.3801
-31.6187
11.0284
56.7555
83.7653
134.468
213.839
278.757
295.105
310.505
343.912
449.345
608.798
734.844
800.71
772.989
694.092
609.982
562.123
603.349
663.765
650.734
576.339
473.038
417.597
399.827
408.831
400.064
331.592
257.434
191.331
158.635
195.358
238.005
258.381
245.35
255.775
313.586
395.326
537.956
679.165
772.515
843.12
839.803
786.494
781.755
803.079
776.306
784.125
792.891
734.607
655.473
487.728
326.38
143.708
14.5823
-105.303
-216.659
-364.74
-550.254
-732.926
-923.179
-1139.26
-1343.96
-1483.28
-1647.94
-1743.19
-1760.25
-1823.03
-1917.09
-1998.36
-2046.45
-2033.9
-1934.86
-1847.91
-1720.44
-1620.93
-1553.64
-1397.27
-1219.58
-974.829
-757.566
-564.233
-379.429
-194.151
-65.0255
29.9826
167.638
307.425
443.185
592.45
708.781
733.185
734.844
729.868
728.447
725.13
761.38
837.197
900.219
895.007
825.35
740.056
617.327
516.633
454.321
413.806
329.934
243.218
147.025
33.5365
-87.7706
-159.797
-104.593
-60.5239
-37.7788
-81.8474
-130.181
-121.414
-118.571
-130.892
-117.624
-38.2527
-21.1938
28.0872
66.2326
90.8731
133.046
130.44
169.059
237.769
340.595
404.329
417.36
428.733
482.278
519.713
503.128
465.456
383.005
320.219
269.754
276.151
317.613
349.599
298.896
247.483
203.888
172.85
227.344
262.883
242.27
164.321
144.893
203.414
274.729
315.244
334.909
341.306
341.069
369.027
444.607
475.644
508.34
530.138
549.329
611.167
668.03
650.023
576.576
432.523
310.032
243.929
212.654
120.015
-58.1546
-300.769
-579.87
-766.806
-887.403
-985.965
-1123.15
-1308.42
-1595.58
-1730.39
-1770.91
-1791.05
-1807.16
-1802.42
-1783.23
-1772.57
-1676.14
-1537.3
-1406.99
-1313.87
-1275.02
-1207.26
-1016.77
-762.305
-543.857
-387.958
-240.826
-162.64
-67.3948
47.7522
194.885
355.522
468.063
569.231
659.737
750.718
795.734
810.424
731.29
711.625
782.229
907.327
1025.79
989.778
879.844
718.022
578.471
524.451
546.249
567.335
533.218
403.144
234.688
131.151
60.0725
72.8666
101.535
53.6754
-22.6154
-58.3915
-114.543
-114.307
-121.651
-93.22
-45.3605
-33.2772
10.7914
23.1117
54.3862
52.7277
66.2326
89.2146
141.339
175.93
178.3
238.716
266.911
274.966
248.904
263.12
250.8
249.852
264.068
275.914
257.67
209.1
223.553
219.051
199.149
150.816
118.831
68.6019
29.9826
42.3029
121.2
164.558
201.755
201.045
164.558
205.072
273.071
340.832
399.827
354.337
265.489
274.729
374.713
569.468
708.071
703.569
537.956
384.19
260.277
262.883
285.154
229.239
82.1068
-138.71
-347.444
-507.607
-536.275
-638.865
-773.203
-1010.84
-1201.33
-1316.48
-1317.19
-1325.25
-1425.94
-1542.51
-1664.53
-1643.68
-1503.18
-1292.55
-1192.57
-1154.18
-1167.21
-1130.25
-997.574
-792.395
-572.999
-410.94
-280.156
-194.625
-69.5272
111.486
283.496
389.639
460.244
523.504
625.383
763.986
854.492
904.484
854.255
823.455
832.695
867.997
952.817
979.827
934.337
838.144
769.909
774.411
834.353
869.656
833.643
687.932
547.197
502.891
493.414
471.143
438.21
365.947
266.2
132.099
0.840467
-98.1955
-198.653
-174.249
-136.578
-94.4046
-63.367
-72.3703
-92.983
-130.181
-115.491
-70.7118
8.42216
61.731
58.8878
72.8666
88.2669
123.332
194.174
193.7
212.654
242.507
200.571
165.269
113.144
93.0055
110.301
76.8944
60.3094
35.195
25.0071
49.1738
34.2473
67.6542
63.6264
70.4973
72.8666
49.4107
66.7065
118.831
212.654
224.501
215.734
187.777
190.857
280.179
382.768
499.811
532.033
488.912
343.202
288.708
249.615
276.151
287.523
158.871
11.2653
-158.138
-277.313
-410.94
-531.774
-667.771
-806.136
-964.404
-1126.46
-1262.93
-1352.02
-1481.86
-1679.22
-1770.67
-1776.83
-1714.76
-1583.97
-1493.94
-1449.4
-1413.62
-1404.38
-1350.36
-1185.22
-963.931
-766.333
-590.295
-448.375
-326.12
-185.148
-88.7183
0.603539
124.28
254.353
441.764
607.139
687.932
708.545
692.197
706.175
763.038
844.067
970.35
1086.21
1134.78
1074.6
1013.47
984.092
955.661
981.96
986.224
1000.2
900.456
760.195
704.754
662.817
665.424
671.11
642.915
581.314
462.613
373.528
278.046
222.605
153.422
104.615
59.1248
-42.9912
-84.2167
-92.983
-85.8752
-114.307
-201.97
-277.55
-248.171
-183.016
-85.8752
5.3421
17.4254
-3.18731
-53.653
-67.8687
-17.1661
21.9271
72.3927
21.2163
-9.34744
-15.9814
5.57903
29.2718
-18.8246
-50.5729
-72.6072
-62.6563
-18.5876
37.3274
55.097
43.2506
6.52674
12.9238
156.502
310.032
469.484
481.331
403.381
340.358
353.389
508.34
665.898
751.192
670.399
512.368
394.615
395.326
465.456
490.097
362.393
105.563
-132.55
-262.15
-295.083
-416.864
-557.836
-817.983
-1070.07
-1267.67
-1363.39
-1391.82
-1469.06
-1569.52
-1693.67
-1785.83
-1784.65
-1722.34
-1714.52
-1694.85
-1681.82
-1605.53
-1473.09
-1288.52
-1164.13
-1110.59
-983.833
-789.552
-562.574
-343.179
-207.893
-147.003
-107.199
-9.58437
134.468
310.269
456.927
516.87
544.59
576.102
699.778
851.175
954.713
1008.5
975.799
952.344
932.679
941.919
952.58
912.303
859.468
799.999
751.665
683.667
641.968
588.896
523.978
508.103
505.26
520.187
510.71
442.001
357.891
265.963
230.187
265.963
292.499
260.04
151.527
59.3617
14.1084
-15.0337
-12.1906
-12.1906
-4.84581
-63.367
-98.6693
-75.4504
-58.1546
-25.4585
-53.653
-70.9487
-137.526
-132.076
-77.1089
-28.0648
-35.6465
-108.146
-162.877
-284.184
-329.674
-320.908
-277.787
-235.614
-190.124
-122.362
-98.6693
-70.001
-49.6252
71.682
143.471
250.563
359.313
397.458
442.001
441.053
567.572
674.427
778.675
833.406
850.701
806.159
806.159
859.468
875.816
873.446
813.741
700.726
512.842
384.901
268.806
104.615
-103.645
-351.945
-591.717
-780.074
-960.851
-1167.45
-1391.11
-1614.3
-1801
-1932.26
-1967.56
-1935.81
-1900.27
-1874.45
-1816.16
-1789.86
-1724.47
-1593.92
-1424.04
-1290.18
-1160.34
-970.565
-774.151
-578.449
-413.547
-296.741
-173.065
-18.3507
153.896
333.487
503.365
574.917
627.515
671.821
719.443
802.842
923.201
985.277
962.531
904.247
851.412
828.667
811.134
807.817
808.291
790.996
687.458
585.342
505.971
463.798
454.321
424.468
360.734
264.778
204.599
177.115
112.197
16.0039
-29.4863
-16.2184
43.4875
63.8633
26.1918
-53.8899
-109.331
-110.753
-64.7886
34.0104
66.4695
54.3862
-3.18731
-35.4095
-35.1726
49.6476
71.445
26.6656
2.49896
13.3977
9.60681
-21.6677
-51.5206
-90.1399
-159.086
-197.468
-106.962
17.8993
56.2816
-24.7478
-115.728
-149.135
-82.7951
52.9646
164.321
169.296
116.698
74.9989
145.367
295.579
418.308
439.157
371.87
326.617
448.634
668.978
813.504
842.172
745.031
581.551
544.353
612.115
740.53
728.21
587.237
431.339
298.896
269.043
234.452
64.5741
-201.733
-468.277
-694.543
-792.632
-890.246
-1056.57
-1333.78
-1588.71
-1762.38
-1873.73
-1904.77
-1889.85
-1919.46
-1964.48
-1968.74
-1905.25
-1758.59
-1642.26
-1628.75
-1544.88
-1384.48
-1126.7
-877.215
-686.962
-557.836
-497.182
-327.068
-95.3523
209.574
442.711
548.144
600.979
713.283
856.862
1024.13
1146.39
1182.4
1183.35
1157.05
1157.52
1189.27
1166.76
1109.43
1043.56
1017.5
1018.21
1004.47
897.376
719.443
577.997
496.257
506.445
543.406
546.486
436.314
264.068
92.7686
36.6166
27.6133
36.8535
-33.0402
-178.988
-297.452
-350.998
-319.96
-290.818
-277.076
-295.793
-285.132
-250.777
-148.661
-28.0648
53.4385
127.36
127.597
121.2
106.037
172.85
247.246
247.483
268.095
248.667
220.473
191.094
139.443
79.5006
34.0104
96.0855
169.77
161.004
106.51
59.1248
31.4042
18.6101
83.0545
212.891
263.831
231.845
228.765
291.077
411.437
530.138
622.066
642.442
623.014
586.29
616.616
635.571
656.183
630.832
540.563
432.997
283.733
197.017
155.081
47.5153
-75.2134
-225.663
-400.99
-559.257
-713.261
-862.762
-1035.01
-1184.98
-1328.09
-1483.51
-1611.22
-1708.36
-1739.87
-1731.1
-1734.42
-1725.89
-1696.75
-1637.28
-1551.28
-1441.81
-1290.18
-1135.23
-985.728
-820.352
-699.282
-583.898
-433.449
-246.749
-48.6775
126.412
234.215
309.558
326.617
368.79
494.125
652.393
791.469
908.512
926.281
917.041
925.571
924.86
955.424
1015.13
1067.49
1052.8
1015.84
891.216
782.466
697.172
620.881
609.272
559.517
525.873
466.167
366.42
286.576
231.608
200.097
185.17
137.785
28.0872
-26.4063
-43.2282
-36.5942
-17.6399
4.39439
-6.5043
-39.2004
-89.1922
-145.581
-57.6808
32.5888
93.7163
100.587
164.321
211.943
261.461
322.352
367.605
358.839
318.324
343.675
338.937
298.659
216.208
194.648
199.149
243.929
205.783
90.6362
-26.4063
-66.684
5.57903
146.551
243.692
171.666
73.3405
7.94831
117.409
303.161
484.648
544.353
519.95
472.801
482.515
596.951
653.34
739.582
709.966
618.749
570.179
506.208
421.151
290.84
131.388
-61.9455
-217.844
-372.084
-555.467
-789.788
-979.568
-1147.79
-1250.14
-1351.78
-1476.41
-1602.93
-1705.52
-1686.8
-1673.53
-1547.01
-1517.39
-1557.67
-1565.49
-1564.54
-1434.94
-1245.16
-1035.25
-923.653
-810.401
-777.231
-682.223
-555.467
-423.024
-240.826
-107.436
30.2195
123.332
251.273
357.18
508.814
659.027
787.915
907.564
949.5
971.298
989.541
1009.92
1071.28
1101.85
1062.28
1017.26
937.18
846.911
769.198
761.616
754.982
736.265
658.316
536.535
432.997
302.45
229.002
192.278
147.736
65.5218
-16.9291
-90.1399
-106.488
-116.202
-119.519
-102.46
-87.0598
-65.4994
-81.6105
-114.543
-66.684
-4.84581
26.6656
57.9401
102.246
111.249
88.5038
56.7555
95.8486
169.059
153.185
61.2571
-6.03045
-47.019
-29.9602
-6.5043
28.0872
34.0104
18.847
8.42216
-10.769
16.9516
28.561
84.713
141.339
206.257
199.386
169.533
210.759
273.782
381.584
485.832
646.469
679.402
595.293
486.069
496.494
579.419
689.116
709.729
595.767
467.115
291.077
208.626
147.736
88.7408
-69.0533
-275.181
-491.97
-703.784
-862.999
-1001.6
-1149.21
-1326.43
-1443.95
-1543.46
-1622.83
-1629.94
-1673.29
-1760.72
-1813.08
-1769.01
-1690.35
-1586.34
-1496.54
-1391.59
-1246.59
-1105.61
-973.645
-870.818
-808.269
-744.298
-603.563
-421.839
-203.155
-24.2739
81.1591
118.357
189.198
287.523
432.523
647.654
819.901
887.662
906.616
933.389
934.574
963.005
1056.35
1133.59
1127.43
1108.48
1112.27
1111.56
1118.43
1139.75
1090.24
1004.7
891.69
787.915
763.275
679.876
624.435
536.298
430.154
343.912
232.319
111.249
-49.6252
-186.096
-303.849
-259.07
-201.733
-181.12
-254.805
-299.821
-270.679
-193.677
-99.617
-3.66117
47.2784
-7.21509
5.57903
55.3339
163.136
229.239
242.27
193.937
189.909
214.55
275.677
311.927
280.179
265.252
272.834
364.051
393.193
422.099
435.84
480.62
475.407
425.179
364.051
317.376
326.853
351.731
427.311
482.989
433.234
311.927
241.796
221.894
260.751
248.904
109.354
-26.8801
-153.637
-254.805
-356.684
-497.182
-675.115
-820.826
-939.764
-1097.79
-1226.21
-1309.85
-1385.66
-1519.05
-1622.59
-1647.47
-1651.02
-1615.96
-1616.19
-1624.25
-1562.17
-1516.21
-1422.39
-1342.07
-1261.04
-1151.34
-1042.12
-919.388
-785.287
-645.736
-533.906
-420.891
-292.003
-167.378
-14.7968
201.755
296.764
329.934
366.657
416.886
521.608
684.852
797.156
851.886
912.066
914.198
954.476
918.7
886.004
888.61
854.966
802.368
791.469
824.639
811.608
772.752
721.813
689.116
626.567
559.991
498.863
444.37
453.136
441.29
386.085
329.46
221.42
148.447
138.733
165.742
190.857
205.546
183.512
145.367
170.244
172.85
206.731
233.03
196.78
218.814
185.881
171.192
200.097
230.187
242.507
262.646
306.004
399.827
481.567
486.069
458.112
410.015
401.486
429.68
478.25
464.746
464.035
524.215
576.102
555.252
482.989
381.821
300.081
278.52
332.303
419.018
448.634
320.93
161.004
46.3307
-13.8491
-11.4798
-76.1612
-146.766
-273.285
-423.972
-541.014
-658.767
-790.499
-940.949
-1084.53
-1275.02
-1441.58
-1562.17
-1690.12
-1823.74
-1923.02
-2002.62
-1999.07
-1922.54
-1826.82
-1785.6
-1744.13
-1639.65
-1500.57
-1285.21
-1158.45
-1028.85
-886.692
-712.787
-521.586
-343.653
-183.253
-73.5549
28.798
146.314
341.78
546.723
691.486
753.561
799.999
774.884
798.103
895.481
996.649
1042.38
1014.89
924.386
864.443
828.43
833.88
850.464
863.969
831.984
718.732
591.502
455.742
377.082
324.721
303.398
290.367
262.409
207.442
107.221
0.366611
-16.2184
14.5823
70.4973
101.298
102.246
124.28
134.705
159.582
206.731
302.924
370.685
366.184
336.331
347.94
444.133
530.138
612.826
651.682
649.076
598.373
571.6
603.112
637.94
654.288
630.121
559.28
463.561
397.932
346.992
340.832
404.566
465.93
474.223
440.816
362.156
247.246
173.324
149.394
91.5839
113.381
155.791
120.726
-24.9847
-184.674
-278.735
-387.722
-428.71
-457.141
-542.672
-689.094
-895.695
-1066.28
-1139.49
-1240.66
-1321.46
-1457.45
-1637.04
-1724.71
-1749.82
-1682.3
-1640.36
-1657.18
-1725.18
-1770.43
-1748.16
-1638.7
-1495.12
-1329.75
-1198.96
-1116.28
-1019.85
-878.4
-672.746
-499.315
-280.393
-112.174
48.9369
177.826
251.747
316.192
418.071
600.032
806.633
959.925
1047.59
1062.75
1020.82
1031.48
1090
1179.32
1220.78
1207.04
1099.24
1029.35
944.051
869.419
833.406
749.296
631.78
510.236
414.991
351.731
313.822
278.52
230.424
165.505
88.9777
48.6999
49.6476
46.8045
55.097
87.5561
119.068
129.966
135.416
161.715
219.762
319.035
454.084
570.652
662.107
736.028
798.814
877.948
962.531
1000.91
1031.71
1101.85
1125.3
1099
1072.94
1023.42
978.169
978.169
917.278
832.932
724.419
633.912
550.75
509.051
503.602
467.115
415.465
239.427
24.2963
-189.65
-336.545
-449.797
-482.493
-477.043
-543.146
-743.824
-998.759
-1173.85
-1274.54
-1316.01
-1362.21
-1432.81
-1581.84
-1738.92
-1855.73
-1902.64
-1916.86
-1976.56
-2082.47
-2200.7
-2284.33
-2236
-2113.03
-2033.42
-1998.36
-2011.86
-1997.41
-1862.36
-1602.93
-1335.67
-1085.24
-907.068
-785.761
-677.248
-509.503
-269.258
-29.7233
224.501
444.844
637.703
795.734
877.474
910.881
976.984
1089.52
1237.84
1389.24
1454.16
1422.65
1335.69
1239.74
1193.06
1205.38
1206.57
1174.82
1095.92
954.239
840.277
764.46
718.259
652.866
550.514
468.773
380.873
332.54
283.496
237.769
227.107
219.525
201.282
180.195
170.481
162.425
158.871
185.644
309.321
429.443
503.602
532.033
560.228
601.453
719.206
876.763
1067.02
1209.65
1269.59
1256.56
1247.56
1326.22
1386.16
1475.01
1505.33
1443.97
1350.62
1262.96
1203.01
1210.6
1191.88
1126.25
972.482
763.986
597.425
500.759
516.633
481.331
304.345
21.9271
-252.199
-510.924
-758.277
-833.146
-791.921
-848.547
-1047.09
-1312.93
-1589.18
-1823.98
-2001.68
-2076.07
-2176.29
-2327.69
-2489.75
-2679.53
-2743.5
-2780.93
-2806.05
-2838.27
-2911.24
-2907.93
-2850.35
-2763.64
-2646.12
-2515.81
-2400.43
-2218.46
-1933.2
-1648.42
-1301.08
-956.349
-667.534
-357.869
-63.367
245.113
527.768
787.915
1007.55
1174.11
1353.46
1531.63
1696.3
1759.56
1706.72
1645.6
1622.14
1674.03
1769.51
1790.83
1692.98
1459.84
1232.39
1039.77
924.623
906.379
870.603
762.09
558.569
381.11
262.883
254.117
241.322
187.303
112.197
27.6133
-47.019
-51.7576
29.7457
139.443
201.282
220.473
280.416
382.532
488.438
615.432
772.989
947.842
1090.95
1189.03
1292.34
1355.36
1397.29
1453.45
1603.42
1707.43
1784.67
1778.51
1747
1685.16
1620.72
1609.35
1625.22
1606.74
1473.82
1325.98
1215.1
1086.44
1011.1
934.811
824.876
676.559
521.608
372.344
294.631
223.79
44.4352
-156.954
-429.421
-681.038
-890.246
-960.14
-955.164
-947.819
-1141.15
-1436.6
-1728.97
-1980.12
-2150.7
-2222.73
-2299.97
-2449.94
-2643.51
-2851.06
-2932.33
-2931.38
-2907.45
-2957.44
-2977.82
-3021.18
-3028.52
-2937.78
-2800.83
-2678.58
-2566.28
-2417.96
-2232.44
-1909.75
-1529.71
-1160.82
-807.558
-491.496
-280.393
-18.3507
297.474
594.819
868.471
1082.89
1276.7
1474.77
1647.73
1720.7
1770.46
1789.17
1763.59
1789.88
1802.68
1777.8
1686.82
1502.73
1323.61
1152.55
1001.39
933.389
842.172
714.468
521.845
329.697
208.863
91.1101
34.2473
-36.1203
-102.934
-194.388
-231.586
-213.106
-107.91
56.7555
156.502
256.723
374.95
549.329
767.777
968.692
1194.25
1399.19
1508.41
1578.31
1614.56
1657.92
1690.85
1732.07
1801.02
1819.26
1863.81
1893.18
1858.36
1755.53
1583.52
1435.2
1368.15
1361.52
1283.81
1195.43
1031.71
881.976
712.335
572.311
483.226
346.045
228.528
126.886
87.7931
36.1427
-95.3523
-304.323
-624.176
-956.586
-1163.9
-1171.01
-1032.17
-961.087
-1109.64
-1407.46
-1720.44
-2072.99
-2181.74
-2223.91
-2313.47
-2405.64
-2614.13
-2745.16
-2787.8
-2777.61
-2835.43
-2962.89
-3062.4
-3077.09
-2955.78
-2700.61
-2441.18
-2324.13
-2297.36
-2272.25
-2056.17
-1708.83
-1307.95
-926.733
-688.146
-542.672
-353.13
-37.3049
300.081
552.646
696.698
762.09
899.272
1112.74
1282.38
1412.93
1400.14
1299.68
1185.01
1170.08
1266.98
1328.82
1285.94
1117.72
866.576
699.067
624.435
609.746
647.654
574.917
446.976
287.997
204.836
235.873
268.806
280.179
249.378
165.269
129.966
211.47
346.992
541.984
636.045
721.576
852.834
1003.76
1200.41
1371.94
1481.88
1561.25
1626.17
1667.63
1694.4
1685.16
1634.46
1526.42
1450.37
1423.59
1425.49
1428.57
1389
1283.81
1093.32
871.077
646.706
483.463
365.236
277.809
183.038
96.7963
0.129683
-142.501
-292.003
-453.824
-585.083
-680.565
-719.658
-705.916
-657.583
-673.22
-750.695
-863.947
-989.993
-1060.83
-1060.83
-995.916
-873.898
-757.566
-753.065
-835.752
-1053.02
-1274.78
-1472.14
-1656.23
-1765.46
-1828.24
-1871.84
-1893.16
-1952.87
-2067.54
-2206.62
-2444.26
-2641.86
-2716.49
-2594.23
-2365.6
-2164.68
-2012.34
-1973.72
-1939.6
-1839.38
-1635.86
-1337.09
-997.337
-685.066
-459.748
-230.401
-10.769
193.7
404.566
569.942
705.938
852.834
996.175
1196.62
1365.78
1436.86
1399.66
1403.22
1413.41
1414.83
1416.01
1387.11
1310.82
1159.89
1078.86
1047.35
1069.15
1041.43
976.984
901.404
809.239
748.822
743.373
767.54
747.401
736.976
708.308
688.169
736.976
847.858
911.829
960.399
981.249
1019.87
1084.31
1099.95
1120.33
1138.81
1152.78
1110.61
1112.74
1089.76
1018.45
891.216
736.739
599.084
513.079
471.853
437.262
414.28
321.878
174.746
5.3421
-187.517
-315.458
-396.725
-460.932
-490.785
-552.387
-577.027
-601.905
-652.133
-705.916
-787.893
-847.836
-874.372
-897.117
-888.587
-895.221
-860.156
-839.306
-795.949
-759.225
-681.038
-623.228
-648.105
-663.743
-707.574
-658.767
-583.187
-507.133
-449.797
-389.617
-356.921
-345.548
-307.166
-299.11
-360.712
-499.789
-658.293
-830.54
-882.901
-860.867
-844.519
-876.504
-952.795
-1076.95
-1232.37
-1340.65
-1420.25
-1445.37
-1421.68
-1418.12
-1407.93
-1358.65
-1280.47
-1125.04
-1041.88
-965.826
-882.427
-740.27
-500.262
-192.493
175.22
514.027
753.087
935.759
1100.9
1241.87
1384.26
1506.28
1585.89
1628.06
1676.4
1703.17
1742.74
1727.1
1633.99
1500.83
1381.89
1308.68
1275.51
1251.11
1220.55
1097.11
999.492
931.257
869.419
824.402
731.527
628.226
496.02
377.793
296.053
242.744
195.595
172.139
117.883
61.9679
-10.2952
-93.22
-126.864
-165.72
-159.323
-184.674
-200.548
-198.653
-187.517
-181.12
-241.537
-306.929
-391.039
-422.55
-375.401
-301.48
-239.168
-257.411
-316.406
-368.53
-405.491
-376.586
-363.081
-375.164
-372.558
-398.146
-420.891
-473.016
-508.555
-534.143
-583.187
-656.872
-719.421
-742.166
-784.102
-833.383
-837.885
-831.251
-794.527
-764.437
-769.65
-781.97
-846.888
-852.337
-789.552
-636.97
-449.323
-276.602
-142.264
-108.62
-112.411
-141.079
-115.728
-32.0925
62.4418
120.489
236.11
375.187
467.589
504.55
486.306
444.607
311.69
172.613
83.5284
64.5741
108.406
127.36
75.7097
-13.6121
-164.535
-264.045
-336.308
-375.875
-346.733
-373.269
-365.45
-356.21
-272.338
-133.024
2.97282
129.966
239.19
342.965
460.007
635.808
798.814
944.525
1049.96
1123.64
1182.4
1278.12
1339.96
1352.99
1317.92
1213.91
1131.46
1067.73
1050.19
1027.92
931.257
769.672
618.749
468.536
312.875
157.45
-27.8278
-204.339
-346.97
-405.965
-413.547
-435.581
-460.458
-529.168
-594.086
-690.753
-722.264
-731.03
-712.313
-664.927
-615.646
-550.491
-460.695
-354.315
-247.697
-168.8
-189.413
-208.841
-226.374
-243.669
-218.555
-150.793
-86.3491
-102.223
-123.073
-214.764
-304.797
-350.524
-411.414
-432.501
-457.141
-433.686
-430.369
-454.298
-555.23
-674.404
-777.705
-826.749
-815.614
-811.112
-798.081
-828.645
-918.677
-1006.81
-1049.94
-1046.86
-1061.78
-1060.6
-1024.35
-949.715
-799.029
-597.403
-394.829
-233.244
-94.1677
7.47445
114.803
322.826
615.432
882.45
1086.44
1218.41
1252.77
1265.56
1287.6
1343.04
1425.02
1536.13
1680.9
1724.49
1685.87
1590.86
1468.14
1323.14
1128.14
942.629
861.6
799.762
741.714
664.713
534.639
455.742
311.453
172.613
21.4532
-112.648
-215.949
-304.797
-352.419
-367.109
-306.692
-263.571
-247.697
-261.913
-264.045
-201.022
-56.4961
110.775
186.355
199.386
166.216
131.625
150.816
231.845
342.254
371.396
338.463
231.845
70.4973
-65.2625
-175.434
-269.494
-378.718
-457.852
-458.563
-441.504
-455.483
-499.789
-587.452
-719.658
-794.527
-808.98
-735.295
-621.096
-537.46
-489.838
-472.305
-454.535
-428.71
-371.847
-337.256
-334.176
-336.545
-333.939
-284.421
-163.114
-45.8344
14.1084
35.195
18.3731
-52.9422
-194.151
-318.302
-407.15
-489.838
-478.702
-415.679
-355.025
-331.333
-358.106
-483.677
-656.161
-829.829
-877.926
-876.741
-815.14
-695.965
-586.504
-472.779
-388.432
-282.762
-240.115
-258.596
-302.901
-270.679
-190.124
2.97282
290.13
542.932
700.015
801.657
882.45
969.876
1026.98
1080.28
1114.64
1186.19
1328.59
1544.66
1813.58
2055.72
2244.79
2281.04
2192.42
2028.47
1791.78
1582.57
1432.36
1295.89
1237.6
1242.34
1268.41
1230.26
1101.37
854.255
535.587
120.726
-249.592
-507.607
-680.802
-831.488
-970.801
-1119.12
-1224.31
-1312.69
-1388.74
-1455.32
-1587.76
-1721.86
-1877.05
-1944.58
-1931.54
-1817.35
-1620.22
-1374.29
-1118.41
-912.991
-711.128
-548.596
-468.277
-421.128
-401.463
-338.914
-216.896
-51.7576
194.411
421.625
558.569
570.889
481.804
326.853
186.592
54.8601
-73.5549
-186.807
-243.906
-233.008
-207.182
-204.576
-244.143
-335.36
-468.751
-621.57
-754.249
-838.833
-891.431
-921.047
-897.354
-875.083
-833.146
-781.259
-695.254
-629.388
-584.372
-551.913
-555.23
-527.983
-471.594
-409.756
-336.545
-176.619
3.44668
175.93
310.032
360.734
344.386
321.641
290.84
302.45
366.894
456.216
504.786
552.172
662.817
821.322
931.494
992.384
999.492
959.214
885.056
834.827
838.618
845.015
911.592
1070.1
1189.51
1278.59
1296.36
1283.1
1214.15
1111.8
1111.32
1165.34
1187.61
1152.55
1147.57
1162.26
1237.37
1371.94
1470.98
1502.25
1441.6
1292.81
1051.38
819.664
673.716
618.275
578.708
452.662
274.019
93.7163
-129.707
-411.177
-798.318
-1273.36
-1704.09
-2078.68
-2306.36
-2428.38
-2508.23
-2509.89
-2479.09
-2423.88
-2363.23
-2286.23
-2279.83
-2300.44
-2286.94
-2263.48
-2115.16
-1826.82
-1448.92
-980.989
-507.844
-76.3981
273.308
510.947
680.587
744.558
719.443
742.899
801.183
976.747
1192.83
1347.07
1412.46
1396.35
1338.3
1161.55
916.094
579.419
154.133
-293.187
-661.373
-918.44
-1079.08
-1150.87
-1181.19
-1214.13
-1350.6
-1596.05
-1867.81
-2096.21
-2275.8
-2298.78
-2233.39
-2061.62
-1789.86
-1469.06
-1135.47
-787.419
-424.445
-118.571
173.798
410.252
602.875
752.376
942.156
1179.08
1498.7
1844.61
2105
2318.23
2409.92
2413.24
2376.04
2259.48
2087.7
1928.72
1795.1
1666.21
1556.75
1462.21
1430.94
1398.72
1259.64
1051.38
842.646
629.884
466.641
318.087
183.275
142.287
202.703
250.8
340.595
448.871
533.455
606.192
707.597
812.793
892.164
976.036
1027.21
997.36
866.339
688.406
492.94
400.538
396.036
462.613
524.451
455.979
282.548
49.8846
-187.991
-497.182
-911.333
-1362.21
-1777.3
-2149.52
-2414.88
-2586.65
-2701.32
-2714.12
-2684.03
-2616.27
-2545.19
-2471.98
-2408.01
-2384.79
-2382.89
-2415.83
-2332.19
-2074.18
-1730.63
-1226.45
-685.54
-127.338
389.402
793.128
1169.84
1361.76
1446.1
1477.85
1503.44
1612.43
1694.4
1714.3
1705.06
1664.55
1573.57
1392.08
1090.47
676.559
191.331
-342.942
-832.909
-1246.11
-1560.04
-1762.38
-1862.6
-1880.84
-1890.79
-1849.8
-1807.87
-1791.28
-1774.7
-1738.92
-1626.62
-1481.38
-1275.96
-1043.06
-740.981
-386.774
0.603539
406.698
797.866
1195.91
1544.19
1841.3
2085.81
2311.6
2571.27
2767.21
2855.11
2900.13
2877.38
2831.18
2744.47
2618.42
2457.07
2233.65
2000.28
1784.43
1587.07
1353.46
1097.82
802.131
475.644
143.708
-140.606
-330.859
-435.818
-503.342
-524.903
-501.21
-440.793
-384.168
-305.981
-195.81
-41.3327
118.594
236.347
386.085
562.123
721.339
809.476
800.473
710.44
592.45
563.071
538.667
469.01
325.669
89.2146
-181.831
-429.184
-658.53
-898.302
-1169.82
-1497.26
-1836.3
-2126.3
-2421.28
-2730.7
-2985.16
-3175.89
-3265.92
-3269.24
-3181.34
-2989.19
-2774.06
-2560.59
-2374.36
-2187.9
-2006.65
-1785.83
-1485.41
-1162
-804.715
-399.094
38.0382
530.849
991.911
1392.79
1661.23
1833.48
1959.52
1957.63
1885.84
1769.03
1664.79
1569.3
1463.16
1320.29
1140.23
951.633
700.252
379.925
35.195
-339.625
-696.439
-958.955
-1133.57
-1277.62
-1345.62
-1349.65
-1303.21
-1241.61
-1171.48
-1098.74
-1011.32
-860.867
-690.279
-514.241
-282.052
6.28981
384.19
799.051
1166.05
1521.68
1773.54
1954.08
2077.51
2218.25
2342.16
2452.1
2563.22
2596.62
2551.84
2469.63
2345.24
2180.58
1996.01
1768.8
1534.71
1267.69
1009.44
755.456
494.835
274.729
70.7342
-125.442
-286.79
-446.717
-576.553
-687.199
-766.096
-785.998
-786.471
-664.454
-494.339
-264.282
2.49896
245.35
521.608
756.404
951.87
1027.69
908.275
640.309
372.581
207.679
100.587
29.2718
-47.2559
-141.079
-192.967
-259.07
-382.983
-604.985
-951.847
-1366.23
-1824.22
-2282.67
-2680
-3013.6
-3246.26
-3429.64
-3478.45
-3430.83
-3267.35
-3010.04
-2734.49
-2492.35
-2376.97
-2291.68
-2204.25
-2065.65
-1824.45
-1544.64
-1212.47
-803.767
-307.166
224.737
718.732
1167.71
1504.62
1731.84
1910.01
2050.03
2051.22
2013.78
1943.65
1835.85
1675.21
1509.6
1384.03
1259.64
1157.76
1026.5
822.744
545.301
231.135
-46.5451
-243.195
-370.426
-443.4
-469.462
-465.197
-399.094
-298.637
-169.985
-72.3703
-21.1938
-0.818029
-33.0402
-60.05
0.129683
147.973
364.999
587.948
767.066
944.051
1088.81
1288.78
1475.72
1597.02
1685.64
1712.41
1739.18
1777.33
1771.17
1733.5
1609.35
1411.04
1232.39
1070.57
944.288
854.492
750.007
592.924
393.193
229.713
141.813
85.6607
-2.2396
-164.535
-375.638
-572.525
-649.527
-609.249
-485.81
-345.548
-233.481
-140.606
-8.87358
174.035
366.894
508.34
471.143
271.886
-6.74123
-282.525
-450.981
-566.365
-704.968
-861.341
-1039.51
-1125.28
-1168.64
-1221.95
-1360.07
-1588.24
-1889.61
-2199.75
-2481.93
-2731.65
-2915.74
-3083.96
-3205.27
-3225.88
-3117.61
-2884.23
-2575.75
-2303.05
-2068.25
-1897.66
-1648.42
-1348.7
-1022.45
-739.086
-555.94
-444.584
-310.246
-55.0746
313.112
730.579
1085.5
1402.98
1674.5
1948.86
2173.71
2342.16
2386.94
2294.78
2140.77
1903.61
1651.99
1432.83
1257.51
1056.59
875.816
715.652
587.237
473.275
364.051
236.584
94.427
-18.3507
-93.6938
-110.279
-116.676
-149.846
-239.168
-301.243
-333.465
-279.208
-148.661
-3.42424
179.958
326.38
475.881
628.937
761.616
863.259
964.19
1016.79
1083.6
1156.81
1205.86
1256.8
1275.04
1253.01
1168.18
1101.13
1056.35
1051.85
1031
983.381
927.703
839.092
751.192
669.925
548.618
413.332
222.842
62.9156
-92.0353
-242.959
-348.391
-369.478
-353.13
-344.364
-313.326
-244.143
-166.668
-56.97
57.2293
114.329
156.976
218.103
224.737
61.0202
-156.243
-450.034
-742.64
-1014.4
-1264.12
-1501.99
-1709.31
-1814.74
-1873.5
-1850.99
-1864.02
-1908.33
-1988.64
-2107.11
-2243.58
-2401.37
-2604.66
-2852.48
-3049.37
-3133.72
-3099.84
-2930.91
-2612.71
-2228.65
-1840.33
-1430.68
-967.011
-488.416
-69.5272
275.203
517.344
708.308
863.732
1084.31
1316.5
1548.93
1743.92
1902.66
2095.28
2313.97
2589.28
2756.55
2784.03
2688.79
2513.7
2258.53
1952.89
1581.39
1158.47
762.564
377.793
45.3829
-206.235
-394.356
-512.82
-596.929
-659.952
-661.847
-629.862
-534.617
-414.257
-309.535
-284.421
-212.158
-140.369
-57.9177
29.2718
85.8976
124.517
175.93
290.84
420.914
556.437
689.59
826.772
960.636
1102.79
1261.06
1396.58
1460.55
1461.27
1383.08
1313.42
1183.59
1052.56
891.216
721.576
580.603
425.889
359.55
311.69
287.76
276.151
180.432
46.3307
-77.1089
-207.656
-413.784
-636.259
-871.055
-1081.45
-1230.71
-1298.95
-1267.67
-1142.57
-931.945
-709.707
-461.643
-210.262
36.8535
197.728
196.543
48.9369
-190.597
-443.163
-640.761
-838.596
-1075.29
-1399.4
-1633.96
-1760.72
-1785.12
-1707.17
-1650.31
-1612.88
-1624.49
-1658.84
-1728.02
-1828.95
-1932.73
-2081.52
-2257.08
-2361.57
-2345.93
-2187.66
-1950.74
-1636.57
-1298.71
-876.741
-404.307
94.664
571.6
926.281
1179.32
1346.59
1484.48
1654.84
1836.56
2025.86
2129.64
2251.66
2390.73
2580.04
2769.82
2879.75
2821.94
2661.31
2480.29
2253.32
1995.06
1642.99
1230.5
717.785
149.157
-393.171
-816.798
-1100.87
-1230.47
-1322.4
-1393.48
-1377.37
-1282.12
-1106.56
-951.847
-822.485
-735.295
-661.373
-526.798
-396.725
-258.596
-91.7984
46.8045
222.605
439.394
655.236
870.84
1033.85
1134.78
1243.77
1343.04
1435.68
1556.27
1632.09
1694.4
1692.51
1611.24
1490.17
1323.37
1074.36
776.069
478.487
174.035
-78.0566
-319.486
-505.238
-676.774
-807.795
-842.15
-851.627
-886.455
-991.177
-1109.17
-1279.99
-1426.41
-1537.3
-1566.2
-1518.58
-1423.81
-1289.23
-1124.8
-877.452
-578.922
-246.039
82.5806
269.991
351.731
305.767
226.87
119.778
-24.9847
-215.475
-433.923
-637.207
-768.465
-814.666
-804.952
-767.754
-792.632
-861.815
-986.676
-1093.29
-1230.47
-1379.27
-1556.96
-1790.34
-1956.42
-2008.55
-1934.62
-1811.19
-1703.62
-1600.08
-1484.94
-1228.82
-845.23
-379.903
63.6264
474.697
797.156
1090.71
1411.51
1719.52
1979.19
2104.52
2158.54
2177.26
2226.31
2322.97
2397.13
2405.42
2306.15
2190.53
2044.11
1879.68
1632.56
1285.46
860.889
372.107
-79.7151
-476.096
-792.632
-1047.09
-1263.17
-1404.38
-1439.92
-1380.92
-1258.2
-1140.21
-1003.97
-883.138
-707.574
-499.552
-328.49
-180.409
-110.042
-46.5451
18.3731
128.545
256.012
422.099
521.371
560.465
632.965
740.53
888.61
1079.34
1231.92
1288.54
1359.15
1435.68
1472.64
1455.34
1325.03
1106.35
819.427
515.685
205.309
-104.593
-416.627
-766.096
-1119.83
-1363.63
-1533.51
-1653.39
-1695.8
-1732.76
-1736.55
-1673.53
-1579.23
-1455.79
-1318.61
-1242.08
-1162.48
-1019.13
-814.666
-534.617
-271.39
-14.5599
194.411
297.948
387.033
454.084
484.174
543.88
610.93
617.327
589.37
594.582
635.571
680.113
708.308
615.669
425.652
166.216
-125.442
-415.442
-692.648
-992.836
-1341.59
-1657.89
-1872.55
-1951.21
-1897.9
-1756.22
-1619.27
-1477.83
-1291.84
-1071.97
-844.282
-663.743
-482.019
-300.295
-71.1857
195.832
537.956
935.522
1325.27
1652.23
1926.12
2165.42
2340.03
2498.3
2537.16
2448.07
2316.1
2122.53
1955.02
1781.59
1545.61
1266.51
925.334
571.126
257.67
-22.3785
-263.571
-530.115
-812.534
-1068.42
-1267.2
-1391.35
-1484.7
-1543.93
-1604.35
-1634.67
-1567.86
-1472.62
-1342.78
-1213.65
-1135.23
-1005.87
-827.934
-570.63
-286.079
-5.79352
208.626
342.254
439.394
525.162
631.78
707.36
765.881
832.221
922.964
1067.96
1207.28
1292.81
1303.71
1237.37
1082.89
915.146
698.357
390.587
71.682
-309.772
-662.321
-919.388
-1152.29
-1290.65
-1393.48
-1507.68
-1574.02
-1560.28
-1487.07
-1367.89
-1252.27
-1165.32
-1019.13
-813.481
-541.014
-236.088
36.3797
269.991
527.058
701.674
851.175
939.549
963.953
1019.87
1117.72
1215.33
1291.86
1364.6
1380.24
1384.97
1370.52
1265.09
1093.79
820.848
458.112
45.3829
-389.617
-796.186
-1173.14
-1512.18
-1775.88
-1972.06
-2077.02
-2093.6
-2039.35
-1916.86
-1809.05
-1702.91
-1531.37
-1325.25
-1056.81
-785.287
-519.454
-274.944
57.9401
452.188
867.049
1263.43
1590.86
1876.36
2089.84
2313.5
2491.9
2598.05
2573.88
2432.2
2231.76
1975.87
1719.04
1418.38
1086.92
756.404
398.169
101.535
-164.772
-427.052
-745.957
-1104.9
-1424.99
-1673.29
-1841.51
-1957.13
-2035.32
-2080.57
-2026.55
-1945.52
-1831.09
-1716.89
-1603.16
-1504.13
-1389.22
-1257.25
-1087.37
-876.978
-652.607
-433.212
-219.503
-0.107245
254.59
501.943
725.603
903.536
1059.91
1234.29
1390.66
1545.85
1677.34
1690.85
1651.76
1544.66
1360.57
1135.49
817.058
431.102
13.6346
-376.586
-713.498
-944.976
-1087.37
-1144.94
-1170.77
-1142.1
-1049.46
-904.935
-782.207
-679.617
-549.07
-423.261
-282.999
-172.828
-64.3147
27.3764
127.834
254.827
392.956
535.113
730.579
945.236
1143.54
1403.45
1696.06
1902.19
2033.21
2021.6
1921.14
1809.55
1643.23
1383.79
974.378
475.17
-102.697
-640.761
-1110.35
-1446.55
-1725.89
-1994.8
-2209.7
-2336.93
-2365.12
-2321.53
-2245.47
-2234.1
-2231.97
-2117.53
-1982.25
-1754.32
-1504.84
-1249.19
-920.099
-566.602
-106.725
347.94
815.636
1228.84
1520.5
1803.86
2095.52
2359.46
2518.2
2510.62
2415.61
2288.14
2150.73
2038.66
1884.89
1642.04
1322.19
967.033
592.687
246.298
-91.5615
-447.19
-850.916
-1268.62
-1612.4
-1881.32
-2070.38
-2246.9
-2393.55
-2479.8
-2504.44
-2417.25
-2257.56
-2037.69
-1859.28
-1659.31
-1474.27
-1261.51
-980.279
-688.62
-396.488
-140.843
147.973
484.411
850.938
1179.56
1444.92
1638.96
1779.22
1939.62
2069.22
2141.01
2179.63
2154.28
2043.16
1851.72
1600.58
1292.81
973.667
577.76
137.548
-260.965
-605.932
-894.274
-1124.57
-1329.75
-1455.32
-1486.59
-1384.24
-1227.16
-1051.83
-858.261
-658.767
-436.055
-240.115
-69.5272
69.3127
222.131
367.605
576.576
845.015
1170.08
1520.5
1813.34
2055.95
2287.91
2514.88
2702.29
2725.99
2605.63
2350.69
2009.04
1661.94
1245.19
799.762
318.324
-173.539
-640.05
-1038.33
-1352.73
-1628.04
-1925.15
-2266.09
-2576.23
-2822.87
-2998.43
-3113.82
-3216.88
-3298.62
-3323.97
-3227.3
-3060.27
-2758.19
-2358.49
-1887.48
-1332.83
-745.246
-142.501
515.685
1083.13
1520.26
1853.85
2139.83
2396.18
2563.45
2667.94
2646.62
2552.56
2436.93
2285.06
2156.41
1941.52
1692.27
1419.09
1070.1
689.353
283.733
-140.132
-621.57
-1090.45
-1557.67
-1966.14
-2281.25
-2508.94
-2680.71
-2771.45
-2780.22
-2683.79
-2544.24
-2358.49
-2137.91
-1875.16
-1574.26
-1259.62
-923.179
-623.465
-258.596
93.9532
464.035
839.803
1240.45
1635.64
1963.32
2218.96
2397.13
2582.65
2695.66
2706.32
2644.01
2497.83
2312.55
2061.88
1764.06
1389.95
985.75
544.59
109.354
-277.313
-629.388
-947.109
-1236.63
-1482.09
-1672.11
-1757.17
-1782.52
-1737.26
-1640.12
-1514.08
-1360.55
-1147.31
-904.462
-636.496
-328.963
-40.8589
270.702
641.257
1014.42
1395.16
1757.43
2122.77
2488.59
2810.57
3050.82
3179.47
3219.27
3159.57
3010.06
2734.75
2331.5
1884.18
1400.85
878.185
346.755
-176.145
-660.9
-1128.6
-1589.89
-2011.63
-2446.39
-2903.19
-3328.47
-3757.79
-4134.03
-4389.91
-4531.59
-4529.22
-4398.68
-4116.02
-3692.63
-3195.79
-2632.14
-2031.05
-1405.8
-791.21
-156.006
417.834
974.378
1490.64
1911.43
2311.36
2637.14
2934.96
3166.67
3273.29
3280.87
3219.98
3155.3
3068.82
2920.98
2690.45
2394.76
2006.2
1572.86
1084.31
515.211
-98.6693
-704.494
-1294.21
-1823.27
-2231.02
-2575.75
-2830.45
-3021.41
-3135.14
-3111.45
-3003.88
-2802.97
-2548.51
-2240.03
-1883.92
-1479.25
-1020.08
-517.795
0.366611
443.896
872.499
1232.63
1610.29
1963.55
2265.64
2507.07
2620.55
2682.63
2706.8
2677.89
2558.48
2357.33
2086.28
1747.71
1350.62
938.839
528.005
140.865
-230.164
-588.637
-894.511
-1175.51
-1422.39
-1663.11
-1892.21
-2071.81
-2204.72
-2258.98
-2208.99
-2068.49
-1863.31
-1564.78
-1188.06
-761.831
-274.707
234.452
711.388
1164.16
1564.57
1912.14
2211.14
2512.75
2752.29
2838.29
2870.75
2857.48
2786.88
2637.85
2443.81
2212.09
1913.09
1571.91
1214.62
836.723
454.321
85.1869
-337.256
-796.896
-1331.41
-1890.79
-2461.08
-3057.43
-3606.63
-4116.97
-4550.31
-4865.42
-5000
-4968.49
-4821.12
-4535.86
-4143.03
-3654.25
-3056.24
-2395.69
-1711.68
-1035.72
-369.004
278.757
912.777
1492.54
2050.03
2539.29
2912.69
3215.24
3450.75
3674.41
3824.39
3828.89
3749.52
3612.1
3402.89
3097.25
2748.5
2330.79
1873.52
1415.54
905.195
366.184
-154.584
-652.607
-1131.44
-1599.85
-1990.3
-2317.26
-2594.71
-2795.62
-2927.35
-2983.51
-2912.9
-2713.41
-2446.86
-2124.4
-1728.97
-1303.45
-858.024
-369.715
113.855
553.357
995.701
1405.35
1779.46
2077.51
2327.71
2488.11
2505.17
2435.99
2267.06
2121.58
1940.1
1739.18
1517.18
1289.49
1053.51
768.25
459.77
135.179
-188.228
-516.847
-799.739
-1062.26
-1275.49
-1428.31
-1539.67
-1597
-1618.56
-1608.61
-1543.69
-1435.65
-1275.49
-1012.97
-694.543
-340.573
16.4777
362.63
696.461
1008.5
1313.18
1582.57
1824
2018.76
2146.93
2182
2225.36
2256.4
2211.38
2069.7
1876.13
1662.18
1443.73
1150.65
857.572
548.144
148.447
-246.749
-656.635
-1033.59
-1470.72
-1938.65
-2416.06
-2852.25
-3210.48
-3488.87
-3666.33
-3819.86
-3902.55
-3880.51
-3719.88
-3436.27
-3107.18
-2762.45
-2396.63
-1980.12
-1516.92
-1004.68
-464.012
117.883
699.304
1263.19
1792.49
2321.31
2763.9
3093.94
3346.26
3487.71
3525.86
3527.51
3451.7
3238.23
2952.96
2626.24
2334.34
2064.25
1769.27
1455.1
1094.74
694.803
285.865
-122.125
-546.226
-933.13
-1325.01
-1694.14
-1995.04
-2200.22
-2331.95
-2435.02
-2468.9
-2406.59
-2241.68
-2031.05
-1780.15
-1513.84
-1181.67
-823.195
-454.772
-83.0321
282.311
570.416
821.796
1033.37
1198.27
1368.15
1488.27
1569.3
1586.6
1557.93
1479.03
1402.98
1292.81
1161.31
990.015
791.469
574.206
301.739
76.4205
-201.496
-427.052
-676.774
-889.535
-1049.7
-1195.41
-1279.99
-1338.51
-1302.03
-1255.83
-1136.65
-969.143
-775.573
-573.947
-363.792
-183.726
12.9238
198.912
363.814
534.876
654.762
804.264
969.402
1126.01
1289.49
1390.19
1477.85
1501.31
1481.88
1425.96
1307.02
1207.04
1087.63
959.451
819.19
660.448
443.659
182.327
-67.1579
-333.228
-570.63
-825.802
-1116.28
-1366.71
-1619.51
-1873.02
-2053.09
-2248.55
-2415.11
-2539.74
-2609.63
-2616.03
-2500.41
-2276.51
-2038.64
-1753.14
-1439.68
-1112.01
-743.587
-346.97
56.5186
440.579
833.643
1231.44
1572.86
1898.63
2130.11
2296.67
2388.13
2444.99
2503.51
2562.27
2551.61
2494.75
2407.56
2271.09
2092.44
1887.02
1596.31
1251.82
884.345
478.724
62.6787
-299.347
-617.068
-968.906
-1266.25
-1528.29
-1708.12
-1813.79
-1900.51
-1971.59
-1976.8
-1927.28
-1827.77
-1710.73
-1560.04
-1383.06
-1184.75
-930.761
-708.522
-500.973
-298.874
-90.8507
97.744
260.751
371.633
458.585
526.584
541.036
589.844
664.476
714.942
747.164
731.764
696.224
655.236
630.121
596.715
535.113
441.764
327.801
195.832
9.84373
-151.978
-330.385
-500.025
-661.137
-808.98
-938.816
-1029.09
-1086.66
-1096.85
-1078.84
-1019.37
-900.908
-755.197
-569.208
-377.297
-139.421
110.775
378.267
636.045
850.701
1044.51
1198.99
1335.69
1423.83
1423.59
1443.02
1440.18
1411.27
1373.6
1268.64
1178.85
1111.09
1049.48
979.59
866.576
729.868
608.798
473.038
285.154
51.3061
-230.164
-561.627
-909.2
-1245.87
-1610.98
-1918.51
-2192.4
-2397.35
-2498.04
-2516.28
-2415.11
-2317.03
-2168
-1987.7
-1768.54
-1475.46
-1117.7
-740.981
-314.748
116.698
563.308
986.935
1381.18
1765.95
2062.59
2275.59
2470.1
2599.47
2679.79
2703.24
2639.03
2502.8
2300.23
2115.9
1878.26
1638.49
1367.68
1076.02
762.09
446.265
119.541
-210.499
-539.829
-876.03
-1198.49
-1507.68
-1768.06
-2011.15
-2205.43
-2363.7
-2458.71
-2516.76
-2496.86
-2402.79
-2294.28
-2133.17
-1936.99
-1711.44
-1477.83
-1226.92
-948.53
-667.06
-385.826
-73.7919
233.267
548.855
831.747
1052.56
1230.97
1384.74
1468.85
1493.49
1476.19
1388.05
1284.75
1122.69
930.783
733.185
504.076
295.342
76.6574
-181.594
-462.828
-682.934
-866.316
-1033.82
-1146.13
-1179.06
-1200.62
-1210.1
-1180.96
-1094.48
-941.896
-771.545
-567.313
-343.416
-137.762
73.8143
333.724
586.764
815.873
1067.73
1330.95
1523.34
1712.41
1851.96
1952.18
2041.98
2086.76
2117.32
2091.49
2102.39
2080.59
1975.16
1829.21
1640.86
1433.07
1203.49
906.379
554.778
207.916
-165.483
-546.7
-873.898
-1203.94
-1543.93
-1873.73
-2205.43
-2475.77
-2621.72
-2718.62
-2757.48
-2746.1
-2677.39
-2495.91
-2237.89
-1914.49
-1567.39
-1214.6
-802.819
-421.839
-76.3981
292.973
655.71
1001.15
1297.78
1587.78
1810.5
2010.46
2141.01
2189.11
2149.54
2061.17
1955.26
1785.15
1599.16
1339.96
1105.87
811.608
561.886
263.357
-69.0533
-357.395
-677.721
-927.681
-1179.77
-1358.18
-1540.85
-1699.59
-1862.36
-2049.06
-2185.77
-2288.6
-2355.88
-2371.52
-2327.93
-2203.06
-2009.02
-1786.54
-1531.37
-1263.17
-987.15
-698.097
-399.805
-115.254
150.816
431.339
675.848
868.471
1054.7
1219.84
1318.4
1368.39
1385.92
1266.75
1109.66
928.414
689.116
470.432
235.873
-2.2396
-203.155
-384.878
-516.373
-553.334
-590.769
-560.916
-482.256
-389.617
-242.722
-111.937
26.6656
177.826
273.308
353.863
404.092
437.262
502.417
557.384
612.826
692.67
784.835
899.272
1067.73
1240.21
1372.65
1472.64
1521.92
1571.44
1593.71
1607.69
1564.8
1516.23
1433.78
1357.96
1235.47
1049.01
894.533
657.605
394.378
98.9287
-173.539
-406.439
-604.511
-805.9
-981.937
-1094.48
-1184.04
-1202.28
-1157.74
-1087.61
-1015.58
-976.251
-943.318
-921.994
-930.761
-953.269
-993.784
-1033.82
-1084.29
-1047.33
-951.61
-848.073
-753.538
-677.248
-587.215
-453.351
-311.905
-136.578
36.6166
194.885
367.368
513.553
658.553
772.041
854.018
859.468
828.43
769.435
692.197
581.077
441.053
282.074
88.2669
-58.1546
-156.243
-250.54
-301.243
-347.918
-366.872
-386.774
-417.101
-466.382
-536.275
-607.354
-680.802
-762.305
-829.355
-934.551
-1051.83
-1129.54
-1238.29
-1279.28
-1321.22
-1309.13
-1248.01
-1151.58
-1012.5
-877.926
-730.083
-596.455
-441.978
-306.692
-156.48
-11.9536
95.1378
211.233
324.01
451.241
518.054
590.791
649.549
716.363
827.482
917.989
1007.07
1068.68
1112.03
1164.16
1208.7
1250.87
1290.91
1328.11
1310.82
1261.77
1180.03
1060.86
965.848
790.996
618.038
452.425
282.074
123.332
-42.2804
-169.748
-255.99
-313.326
-327.305
-296.741
-238.931
-145.818
-26.1693
94.664
242.27
347.229
422.572
502.891
537.719
502.417
429.68
323.773
221.184
129.019
30.6934
-54.3638
-100.328
-77.5827
-36.8311
77.3682
238.242
389.876
549.092
694.092
765.17
789.1
750.718
653.814
500.759
247.009
-8.87358
-305.981
-663.032
-999.47
-1267.2
-1520
-1727.31
-1910.93
-2040.29
-2069.67
-2043.37
-1957.13
-1828.01
-1628.75
-1413.86
-1169.11
-943.081
-727.95
-545.279
-346.259
-141.79
60.7833
262.409
442.237
611.167
709.255
749.296
794.313
842.409
882.213
888.847
849.28
796.445
756.641
718.022
693.618
677.27
612.352
514.974
390.113
259.803
139.917
-8.1628
-209.078
-441.504
-685.066
-906.831
-1090.92
-1244.45
-1355.34
-1432.57
-1476.64
-1473.09
-1445.37
-1372.16
-1261.04
-1095.9
-881.243
-652.133
-393.408
-137.526
104.615
331.829
531.796
744.321
963.242
1147.1
1305.37
1417.2
1521.92
1557.46
1556.51
1507.7
1439.23
1366.26
1260.59
1143.54
992.384
881.265
715.179
536.298
344.86
141.576
-51.0468
-258.596
-446.954
-633.653
-779.601
-889.061
-995.205
-1066.05
-1105.85
-1085.47
-1047.33
-993.31
-906.12
-854.707
-776.284
-663.269
-579.159
-457.141
-301.717
-133.972
51.0692
232.082
473.038
685.326
872.736
1040.48
1144.49
1211.54
1246.61
1273.14
1264.61
1211.31
1143.54
1053.51
963.242
907.327
822.507
727.499
638.177
553.831
489.149
416.175
292.499
96.3225
-145.344
-407.624
-641.471
-935.262
-1204.89
-1429.26
-1664.53
-1833.69
-1954.76
-2007.12
-2031.05
-2001.68
-1908.8
-1764.75
-1609.32
-1430.44
-1240.9
-1043.3
-814.666
-580.818
-338.914
-108.857
145.84
408.594
653.577
855.914
1045.22
1199.7
1291.39
1342.8
1358.68
1331.67
1278.36
1204.2
1102.56
1018.21
933.389
819.901
736.028
636.045
503.602
390.587
257.197
136.126
-15.9814
-142.738
-304.086
-504.527
-685.54
-856.365
-1001.37
-1116.75
-1207.26
-1295.16
-1345.15
-1349.89
-1309.61
-1233.55
-1121.01
-1015.58
-845.467
-636.496
-426.815
-200.548
45.146
245.587
395.563
549.329
692.433
813.741
851.886
848.806
817.531
774.884
706.412
616.38
511.657
408.357
343.675
264.778
172.613
78.079
-42.2804
-198.89
-366.398
-520.638
-668.007
-811.823
-881.48
-915.597
-967.248
-975.777
-944.029
-874.846
-796.896
-668.007
-480.597
-257.648
-11.0059
215.26
436.551
611.878
772.515
891.216
972.719
1080.05
1151.36
1222.68
1273.62
1277.41
1278.36
1272.67
1227.42
1188.09
1106.11
997.834
899.982
798.814
677.744
550.987
419.255
281.837
146.788
-10.769
-149.135
-294.609
-444.821
-580.344
-694.07
-808.269
-881.953
-939.053
-978.62
-1020.32
-1075.52
-1060.36
-1025.29
-968.195
-879.347
-780.311
-677.248
-570.63
-438.424
-324.699
-263.571
-201.733
-129.233
-82.7951
-38.0157
-3.66117
54.3862
107.458
123.332
170.244
216.208
274.966
311.927
349.599
396.036
424.705
487.017
543.643
607.139
681.061
715.889
714.468
683.904
606.902
466.878
325.195
138.022
-82.0844
-237.746
-395.777
-509.739
-615.172
-704.257
-754.96
-755.197
-693.833
-626.071
-528.694
-413.073
-282.289
-191.308
-148.187
-108.62
-112.174
-166.668
-270.442
-384.168
-495.524
-587.215
-664.454
-751.643
-792.158
-840.728
-842.623
-798.318
-725.344
-634.127
-522.297
-367.82
-221.398
-71.6595
85.6607
181.38
244.166
278.52
278.994
242.744
204.836
133.994
30.6934
-44.1759
-137.526
-195.099
-186.57
-169.985
-101.039
12.6869
140.628
276.862
421.388
615.432
767.066
900.219
1005.65
1033.61
1054.7
1022.47
949.974
845.963
704.28
563.782
426.837
270.228
177.352
132.572
97.2702
81.1591
28.561
-21.4308
-75.2134
-122.125
-177.803
-227.795
-280.156
-340.336
-401.937
-500.499
-555.23
-595.981
-649.764
-645.736
-656.872
-596.692
-542.909
-440.557
-329.674
-183.963
-4.60888
202.229
417.597
624.672
833.169
966.559
1090.24
1135.96
1142.12
1091.89
999.255
855.914
692.197
511.657
276.151
35.6689
-198.653
-441.267
-680.802
-877.452
-1018.19
-1161.05
-1224.31
-1279.04
-1312.21
-1283.78
-1247.53
-1175.98
-1079.31
-987.15
-865.605
-721.316
-584.846
-423.735
-289.396
-138.473
7.0006
166.927
291.551
396.036
464.509
533.455
568.757
617.801
659.264
683.193
740.53
793.602
843.83
870.84
890.742
906.143
877.237
779.149
681.061
514.737
321.641
103.193
-109.331
-336.308
-578.449
-772.967
-970.565
-1134.04
-1266.96
-1411.01
-1487.78
-1544.64
-1557.2
-1533.74
-1457.93
-1318.61
-1158.21
-967.011
-771.071
-537.223
-309.772
-61.2347
190.146
454.321
725.366
945.473
1131.46
1258.93
1313.9
1305.37
1258.45
1181.69
1053.51
956.134
802.605
670.873
568.52
490.334
447.45
433.708
433.945
422.099
383.953
332.777
286.813
194.174
30.6934
-146.529
-334.413
-508.081
-702.836
-855.654
-1003.26
-1112.25
-1143.76
-1165.79
-1098.03
-978.383
-818.931
-629.625
-374.691
-137.999
127.597
351.731
545.538
688.643
782.466
855.914
864.917
847.621
812.556
749.77
684.615
594.108
484.648
399.827
313.349
253.88
225.448
185.881
201.519
216.208
226.159
238.005
234.452
218.34
156.502
89.9254
5.81596
-97.4847
-217.844
-365.213
-480.597
-625.597
-764.2
-846.651
-917.73
-949.004
-961.087
-898.065
-833.857
-723.922
-591.954
-446.48
-278.024
-76.1612
129.492
293.684
453.847
578.945
642.442
668.267
664.239
601.927
559.754
509.051
451.004
396.273
359.313
331.592
340.358
344.623
366.657
409.068
421.862
476.829
479.672
441.053
395.326
285.865
134.705
-30.1971
-201.022
-391.039
-568.972
-767.754
-928.391
-1062.02
-1128.6
-1144.71
-1127.17
-1027.9
-924.127
-802.819
-652.607
-462.828
-300.769
-145.818
-33.5141
23.1117
52.9646
71.682
134.231
167.638
226.633
258.618
283.022
328.512
344.149
377.319
412.621
413.095
386.559
345.571
317.376
285.391
236.584
180.432
125.228
64.811
-9.58437
-47.9667
-89.4291
-176.145
-206.235
-220.45
-260.728
-294.135
-314.274
-313.326
-306.455
-282.525
-239.405
-149.372
-111.937
-79.0043
-74.2657
-52.2314
-19.5353
2.26204
16.9516
12.213
35.195
32.3519
2.02511
-22.6154
-59.8131
-84.2167
-101.749
-105.777
-93.22
-45.1236
42.7767
133.994
245.824
340.121
412.621
467.115
460.481
405.277
324.01
243.692
138.97
30.2195
-80.4259
-156.243
-232.297
-269.968
-233.244
-158.849
-11.7167
157.213
289.893
413.569
559.28
706.175
828.193
944.051
1056.59
1093.32
1084.55
1042.38
1013.47
948.79
871.551
770.857
709.018
637.94
568.757
525.399
466.167
398.406
331.829
243.218
117.883
-21.6677
-188.465
-375.164
-576.553
-755.671
-921.994
-1044.25
-1145.42
-1219.81
-1250.38
-1264.36
-1248.72
-1233.55
-1168.64
-1118.17
-1107.75
-1059.65
-996.864
-933.367
-864.184
-751.406
-631.047
-484.625
-328.016
-144.16
63.3895
284.68
485.832
635.334
748.348
821.559
867.76
854.492
813.741
758.773
665.661
568.283
449.345
355.285
265.489
207.442
192.041
134.942
102.72
34.2473
-51.9945
-151.741
-241.063
-321.856
-405.017
-471.831
-608.302
-710.891
-797.133
-900.197
-972.934
-948.293
-932.182
-894.985
-819.168
-740.034
-653.555
-530.352
-381.088
-253.383
-127.811
8.65909
145.604
279.705
407.646
478.961
534.639
573.496
618.986
644.1
649.076
642.679
591.976
516.633
402.67
292.736
140.865
9.13295
-130.418
-245.328
-332.754
-390.802
-400.99
-396.725
-330.148
-262.624
-159.086
-63.367
22.164
108.643
197.728
277.099
336.094
359.076
366.42
364.999
352.442
336.094
357.417
385.849
386.085
449.582
528.479
602.164
681.772
786.02
898.087
1009.92
1101.13
1102.32
1078.86
1007.78
864.206
685.089
487.491
265.726
56.0447
-103.645
-218.081
-293.661
-348.865
-418.759
-459.511
-497.656
-501.921
-501.684
-521.112
-532.958
-556.414
-594.797
-604.985
-589.347
-578.449
-537.934
-495.524
-411.414
-316.88
-211.447
-110.042
-21.1938
40.1705
51.78
75.2359
85.4238
89.4516
98.9287
95.6117
96.0855
63.1525
43.0137
-10.769
-48.2036
-92.7461
-147.95
-149.609
-190.124
-214.527
-231.823
-222.82
-241.063
-268.31
-306.929
-372.084
-421.839
-482.256
-500.262
-506.422
-506.896
-442.926
-391.039
-375.638
-331.333
-253.383
-186.333
-140.606
-126.627
-102.46
-106.251
-105.54
-55.3115
-21.4308
-14.7968
-1.52881
31.6411
5.81596
25.9548
66.4695
98.2179
143.708
201.992
250.8
283.969
316.429
343.202
324.958
309.795
299.37
246.061
199.386
120.489
46.3307
-27.354
-85.8752
-169.511
-244.143
-286.553
-357.395
-396.488
-410.23
-421.602
-411.651
-385.589
-305.271
-234.429
-189.176
-148.661
-78.2935
-21.4308
33.2996
76.1836
124.043
169.533
170.481
195.121
202.703
212.417
183.749
149.868
106.984
81.1591
71.445
111.249
166.216
179.958
219.525
262.172
301.265
353.863
386.322
391.061
366.657
285.865
177.115
38.9859
-111.937
-276.602
-405.491
-511.161
-590.769
-630.573
-670.377
-654.739
-649.764
-600.483
-538.645
-463.302
-385.589
-277.313
-171.88
-71.1857
17.8993
92.7686
177.115
249.378
328.749
415.938
493.888
552.172
629.648
641.02
646.706
624.909
595.056
589.133
586.527
603.112
600.032
599.321
598.136
543.88
451.715
367.368
267.858
153.896
29.5088
-58.3915
-174.012
-249.829
-311.668
-397.673
-436.766
-510.45
-554.045
-568.261
-577.975
-574.658
-587.452
-535.565
-492.681
-416.39
-332.28
-282.289
-227.084
-171.169
-138.71
-98.9062
-52.2314
8.18524
101.535
192.515
306.478
389.166
483.226
545.538
597.188
641.968
658.553
663.765
635.097
609.509
569.942
508.34
421.862
304.819
197.491
106.51
-10.769
-155.058
-256.226
-357.395
-451.218
-517.321
-547.174
-605.221
-654.029
-682.697
-728.424
-742.403
-737.664
-738.612
-728.187
-679.143
-604.748
-537.46
-473.489
-414.968
-393.408
-341.758
-279.682
-219.029
-151.267
-109.568
-54.6007
-28.7755
-18.8246
-50.336
-83.269
-100.802
-111.937
-124.494
-140.606
-144.16
-168.563
-167.378
-180.409
-186.096
-198.416
-188.702
-195.336
-200.311
-195.573
-185.622
-210.973
-224.715
-233.008
-240.589
-230.164
-240.589
-215.712
-186.807
-169.274
-141.316
-91.0876
-80.8997
-53.1791
2.49896
65.7588
122.858
212.654
301.739
403.618
519.239
592.687
668.978
708.071
734.133
741.004
723.945
689.353
600.979
509.999
391.772
270.228
175.693
49.1738
-12.6644
-59.3393
-118.334
-160.744
-174.486
-178.277
-181.12
-155.769
-147.003
-135.156
-64.7886
-7.45201
23.8225
73.8143
103.904
117.409
118.831
125.938
171.666
217.63
254.353
318.561
359.786
411.911
451.478
505.971
562.834
618.986
669.925
715.652
759.721
775.595
786.731
764.697
700.963
609.035
529.19
432.997
335.857
250.089
132.336
19.7947
-81.6105
-160.034
-268.784
-345.074
-404.307
-439.372
-456.668
-468.514
-447.427
-426.104
-389.617
-370.426
-379.903
-354.315
-397.436
-436.055
-468.277
-499.552
-526.324
-543.146
-554.045
-552.623
-478.939
-420.181
-337.019
-249.592
-180.646
-95.5893
3.6836
110.301
179.01
222.842
240.138
229.239
151.29
13.1607
-151.03
-305.271
-479.65
-626.308
-742.877
-841.676
-874.135
-897.354
-838.833
-748.089
-638.865
-524.666
-410.94
-311.905
-180.409
-64.5517
3.92053
102.246
144.893
160.056
155.318
155.791
126.886
100.824
97.2702
100.587
100.824
112.671
98.6918
76.1836
68.8388
45.3829
28.0872
13.3977
-3.18731
1.31432
20.2686
26.1918
11.5022
-22.3785
-64.7886
-98.4324
-141.079
-201.733
-274.47
-326.831
-423.261
-483.204
-484.862
-504.053
-501.447
-442.452
-376.823
-240.352
-106.251
27.6133
174.983
310.979
436.314
543.169
659.264
732.474
767.303
790.285
810.897
778.912
761.38
692.197
657.842
628.7
578.234
579.182
538.193
524.925
482.041
419.492
339.648
271.412
202.94
149.157
102.483
50.8323
-1.76574
-79.952
-166.668
-255.99
-325.173
-394.829
-407.624
-400.753
-388.432
-324.699
-260.254
-213.342
-163.825
-93.22
-32.0925
33.5365
85.8976
123.806
201.519
280.416
364.762
405.04
476.829
538.193
543.169
573.969
597.425
565.44
546.723
496.257
405.277
346.045
253.643
143.471
51.0692
-38.2527
-110.753
-159.086
-209.789
-240.589
-287.738
-302.191
-348.628
-386.063
-431.79
-488.653
-520.401
-554.993
-534.854
-519.454
-483.204
-453.588
-410.23
-325.646
-259.307
-192.493
-117.15
-42.5174
26.1918
100.824
155.554
219.999
228.765
230.424
235.636
208.863
203.177
149.157
131.625
112.907
104.615
97.0333
51.78
0.366611
-80.6628
-161.692
-243.906
-338.441
-451.692
-560.916
-651.186
-685.777
-760.172
-795.001
-838.359
-842.386
-823.195
-859.445
-846.651
-853.759
-879.584
-856.839
-815.377
-790.736
-718.473
-657.109
-551.913
-443.4
-367.82
-243.906
-124.968
15.7669
206.02
383.242
521.845
668.504
745.268
801.183
863.259
888.136
872.499
791.706
686.51
545.775
392.246
252.221
113.381
35.9058
-46.7821
-101.276
-115.728
-107.91
-95.5893
-76.8719
-50.0991
-52.7053
-35.8834
-60.287
-69.0533
-82.0844
-120.704
-171.88
-205.524
-197.705
-246.986
-252.909
-221.872
-174.96
-137.526
-68.5795
-8.87358
52.0169
120.015
182.564
271.649
354.337
466.641
553.12
627.752
722.049
777.491
781.045
757.352
732.474
661.396
571.837
501.233
380.873
237.058
57.9401
-104.593
-244.617
-388.906
-444.347
-493.628
-473.016
-391.275
-301.48
-144.633
8.18524
151.29
265.726
351.257
419.255
483.7
500.759
483.7
446.265
394.141
321.641
247.246
183.275
107.221
59.3617
40.1705
29.2718
32.8258
80.9221
143.708
231.135
296.29
335.857
336.094
331.118
285.628
211.943
107.458
14.8192
-71.6595
-147.95
-199.838
-240.115
-258.596
-287.975
-328.963
-370.426
-384.405
-425.867
-459.511
-508.555
-539.829
-560.205
-565.181
-559.731
-552.86
-530.115
-523.481
-509.029
-467.566
-422.313
-384.641
-346.022
-301.954
-197.705
-157.664
-100.091
-58.1546
-45.3605
-45.3605
-72.8442
-77.1089
-99.1432
-47.4929
-27.5909
26.4287
62.9156
94.9009
114.803
81.6329
15.0562
-63.367
-126.864
-195.336
-255.042
-324.936
-367.583
-431.079
-468.514
-525.851
-578.212
-560.205
-505.475
-450.034
-396.962
-323.751
-264.519
-257.174
-218.081
-180.883
-141.316
-123.784
-89.4291
-70.4749
-33.988
8.89602
56.7555
143.945
197.965
292.025
339.411
382.295
413.095
426.837
431.102
419.492
421.862
372.344
344.86
316.192
298.896
295.579
273.545
267.148
252.221
242.033
233.978
244.403
221.894
190.146
134.942
71.9189
9.13295
-64.0778
-133.972
-170.932
-207.182
-192.019
-168.326
-113.833
-80.6628
-43.702
3.6836
37.5643
81.8699
108.643
165.742
236.347
283.259
319.983
331.829
340.358
354.337
334.909
323.773
320.93
336.094
324.721
319.272
305.056
259.329
221.42
209.574
163.373
111.486
77.8421
43.2506
-8.63666
-42.7543
-71.1857
-89.903
-97.7216
-104.829
-72.6072
-43.4651
-32.5664
-20.4831
-28.7755
-27.5909
-31.6187
-38.9634
-65.0255
-122.125
-166.431
-191.071
-199.127
-223.057
-227.321
-177.566
-122.836
-74.0288
11.5022
88.7408
150.342
180.669
185.644
186.118
168.586
113.855
51.5431
-39.6742
-114.78
-169.748
-228.743
-285.369
-330.385
-354.315
-358.342
-337.73
-334.176
-303.138
-243.669
-193.914
-150.083
-130.655
-108.146
-92.5092
-98.9062
-114.07
-115.491
-89.1922
-51.5206
-40.1481
-28.3017
-48.9144
-49.8621
-75.4504
-83.9798
-121.651
-174.723
-196.758
-216.896
-215.475
-206.235
-177.566
-172.117
-165.009
-133.972
-104.119
-104.119
-52.7053
-20.4831
-1.52881
-6.26737
-36.3572
-83.269
-150.793
-218.081
-310.483
-390.565
-431.079
-451.692
-419.47
-369.004
-309.772
-248.408
-207.419
-133.024
-68.1056
1.78818
75.9467
155.791
189.909
200.334
197.017
177.115
172.613
162.662
168.586
146.077
101.061
80.6852
34.2473
-6.26737
-39.6742
-53.4161
-72.1334
-56.97
-57.9177
-65.2625
-77.1089
-132.787
-171.643
-223.293
-256.463
-229.454
-188.939
-94.1677
8.42216
84.0022
128.545
161.478
215.734
249.378
289.182
331.592
368.79
410.489
442.474
419.966
431.102
430.154
434.419
413.806
434.182
436.314
409.304
392.246
362.63
324.247
255.301
223.553
168.586
102.956
33.2996
-45.8344
-125.205
-179.936
-282.999
-337.73
-393.408
-452.166
-468.514
-460.932
-432.738
-422.55
-397.673
-346.496
-283.473
-211.684
-128.996
-36.8311
44.9091
123.332
188.251
222.605
271.649
295.105
327.09
339.174
369.027
413.095
410.726
450.056
446.265
414.517
386.322
343.675
274.492
188.014
110.775
48.463
-19.5353
-101.512
-205.05
-319.486
-390.565
-484.151
-564.47
-612.803
-656.398
-650.475
-645.025
-597.877
-544.805
-489.838
-428.71
-343.89
-224.715
-113.833
-13.6121
89.9254
181.143
267.148
339.174
386.796
433.471
431.813
416.886
388.218
364.288
295.816
282.785
262.883
249.852
215.971
174.746
154.133
97.2702
42.3029
-16.6922
-44.4128
-133.972
-230.638
-301.954
-405.728
-500.262
-566.128
-598.824
-614.699
-643.367
-638.154
-607.591
-582.476
-556.414
-489.364
-424.682
-377.06
-313.8
-240.589
-176.856
-112.174
-79.7151
-38.2527
4.15746
63.8633
123.806
199.149
287.286
353.389
402.434
417.597
437.499
420.914
422.335
410.252
368.79
309.084
256.486
205.783
144.893
77.3682
47.9892
7.94831
-21.1938
-26.4063
-20.4831
-15.0337
-39.4373
-45.8344
-76.8719
-105.777
-114.307
-151.741
-164.772
-144.87
-137.052
-108.146
-75.9242
-41.3327
-26.8801
-18.8246
-10.769
9.13295
37.3274
81.8699
99.6395
102.72
87.7931
49.4107
31.6411
-2.47653
-39.2004
-88.4814
-81.8474
-87.7706
-100.565
-93.9308
-72.1334
-67.3948
-70.7118
-65.4994
-65.0255
-92.0353
-111.463
-153.874
-145.581
-163.825
-216.423
-214.29
-233.955
-221.872
-226.137
-222.583
-214.29
-191.308
-137.289
-83.5059
-24.5108
19.3209
61.9679
115.988
135.889
149.868
176.404
186.118
216.445
247.483
256.486
286.813
327.327
319.035
327.327
362.393
353.626
327.564
325.195
288.945
240.612
180.906
103.904
65.048
4.63132
-25.9324
-39.2004
-41.3327
-63.604
-72.1334
-93.22
-89.903
-132.313
-130.181
-124.258
-156.954
-170.459
-192.967
-210.262
-222.82
-228.743
-231.112
-208.13
-179.462
-139.895
-100.091
-57.4438
3.92053
22.6378
67.1803
95.6117
119.541
151.764
162.662
156.976
128.308
104.141
64.811
47.5153
-2.71345
-37.5419
-68.3425
-136.578
-203.628
-228.98
-279.919
-314.748
-336.782
-341.758
-309.535
-267.362
-185.385
-127.101
-69.2902
-8.63666
36.6166
97.5071
157.687
187.777
210.048
226.159
232.082
209.337
195.595
174.746
138.496
93.9532
48.463
19.0839
-37.3049
-83.5059
-132.787
-185.622
-228.506
-282.289
-316.169
-312.141
-302.427
-279.208
-275.892
-298.874
-330.148
-360.238
-390.802
-410.467
-414.257
-407.86
-412.362
-423.498
-441.03
-428.947
-380.377
-325.173
-244.617
-139.184
-14.3229
93.0055
208.863
308.61
401.723
489.623
547.907
591.265
625.857
668.267
683.193
688.169
698.831
680.587
634.149
605.718
548.381
519.002
446.502
371.159
326.143
261.224
226.87
173.087
132.099
80.4483
56.2816
55.8078
50.1215
59.1248
29.9826
18.6101
-2.95038
-31.6187
-44.1759
-56.2592
-93.4569
-107.91
-110.279
-115.254
-114.543
-118.808
-91.0876
-74.7396
-31.6187
-1.05496
47.0414
54.1493
59.1248
52.9646
22.4009
23.5856
29.2718
20.5055
28.3241
43.4875
49.4107
65.5218
78.079
75.9467
57.9401
9.13295
-48.4406
-117.86
-159.086
-197.468
-221.161
-239.168
-254.331
-243.195
-218.555
-208.604
-230.401
-214.764
-184.437
-150.557
-124.968
-70.4749
-2.2396
31.1673
84.2391
121.911
152.948
182.564
209.1
237.532
242.981
230.424
234.452
220.473
218.34
214.076
193.463
171.903
162.899
165.979
143.234
134.231
79.2637
26.6656
-13.1383
-81.6105
-137.762
-223.53
-338.441
-420.181
-502.395
-565.655
-611.619
-660.426
-664.927
-628.677
-600.009
-561.627
-500.262
-428.236
-378.007
-296.741
-222.82
-154.584
-98.6693
-27.5909
71.9189
119.778
168.822
210.048
263.12
287.76
355.759
426.126
487.728
594.819
645.522
706.649
717.311
707.123
699.304
663.291
635.097
589.607
563.071
496.968
407.172
332.303
212.18
69.3127
-41.0958
-156.717
-251.014
-345.785
-409.993
-437.95
-515.663
-593.849
-679.143
-710.418
-735.058
-750.221
-702.125
-663.269
-594.086
-539.355
-467.803
-378.244
-301.243
-207.182
-140.369
-64.7886
7.23752
80.6852
145.604
204.125
238.716
261.224
337.278
350.072
391.061
422.099
411.911
421.862
412.148
423.757
405.514
357.18
345.334
308.61
296.764
246.535
212.654
170.007
100.35
15.7669
-71.6595
-161.218
-237.272
-293.187
-336.071
-372.321
-379.429
-369.241
-369.952
-319.723
-302.427
-250.54
-216.186
-158.375
-88.4814
-11.9536
46.8045
113.144
156.976
181.143
197.017
203.888
238.479
247.483
274.255
263.12
232.319
189.672
123.806
81.1591
37.5643
12.9238
-33.988
-36.8311
-55.0746
-74.9765
-93.9308
-104.119
-109.094
-150.083
-130.892
-106.725
-114.78
-97.2477
-77.8196
-103.882
-94.4046
-122.125
-117.86
-119.993
-112.174
-96.3
-72.8442
-34.6987
12.9238
62.6787
89.9254
118.12
108.406
132.336
186.592
231.608
254.353
254.353
238.005
200.334
188.487
167.638
146.077
131.388
97.981
79.0267
42.0659
-1.76574
-23.5631
-39.6742
-74.0288
-123.547
-111.227
-116.676
-160.271
-186.807
-216.896
-266.651
-297.452
-323.514
-341.284
-343.416
-341.047
-325.409
-315.695
-305.981
-299.347
-253.383
-216.186
-157.427
-66.921
4.63132
86.1346
143.234
157.924
169.059
164.084
156.739
166.453
147.736
156.502
177.115
176.878
180.669
156.028
106.984
52.9646
30.4565
-0.818029
-37.5419
-87.2968
-110.753
-129.944
-145.344
-162.166
-179.699
-165.957
-170.459
-172.828
-197.705
-208.604
-201.97
-212.158
-215.949
-178.514
-170.695
-118.571
-52.9422
-9.58437
65.7588
106.984
154.37
222.842
260.277
304.108
352.916
353.389
378.03
377.793
386.796
370.922
365.71
356.706
322.352
297.237
272.36
255.064
217.393
173.087
125.228
87.3192
12.6869
-38.2527
-78.2935
-106.725
-106.014
-110.516
-107.91
-96.537
-47.9667
-24.037
-8.63666
23.1117
37.5643
47.9892
94.1901
121.2
140.154
163.136
174.983
195.595
181.143
177.352
200.571
202.229
226.87
238.479
250.326
261.935
279.231
278.283
237.532
197.965
163.61
114.566
72.6297
40.8813
2.49896
-80.6628
-183.963
-254.094
-326.12
-372.321
-375.875
-369.004
-364.74
-349.813
-331.807
-323.277
-324.225
-313.089
-283.71
-268.784
-233.244
-211.21
-186.57
-169.748
-162.64
-155.295
-146.529
-120.704
-69.7641
-15.5076
27.6133
88.7408
123.095
152.711
136.6
123.569
128.545
106.51
104.615
72.1558
39.6967
19.0839
-67.3948
-118.097
-156.954
-219.74
-223.293
-216.423
-176.619
-153.163
-139.184
-142.501
-169.274
-162.877
-153.637
-133.972
-135.867
-147.95
-140.606
-152.452
-156.717
-153.874
-181.12
-173.065
-149.135
-118.808
-82.5582
-40.1481
8.42216
60.7833
120.252
149.631
170.955
208.626
245.587
228.054
207.679
198.675
162.662
143.708
127.36
92.5316
47.2784
34.0104
21.4532
-32.3295
-41.0958
-75.6873
-106.962
-113.359
-128.759
-114.07
-124.968
-109.805
-115.728
-92.2723
-97.0108
-68.8164
-43.4651
-47.7298
-31.1448
-13.8491
-10.2952
-23.3262
-27.5909
-60.7608
-70.7118
-67.8687
-36.5942
-0.107245
37.8012
101.772
144.182
182.801
205.783
219.051
194.648
158.871
163.61
139.443
131.625
135.889
109.827
60.3094
68.8388
26.4287
11.7392
31.878
24.5333
24.2963
22.4009
21.4532
23.5856
40.1705
17.6624
-2.2396
-18.3507
-22.8523
-7.68894
-10.5321
28.798
24.5333
38.749
47.2784
42.3029
59.1248
55.5708
59.5986
76.8944
100.35
116.224
163.847
175.22
184.223
186.355
171.192
138.496
114.803
74.9989
68.128
58.8878
29.0349
16.9516
-23.3262
-29.0125
-63.1301
-81.8474
-140.843
-170.459
-185.385
-210.026
-203.155
-197.231
-189.65
-200.075
-208.367
-228.98
-210.736
-183.963
-166.431
-155.769
-146.529
-146.766
-117.624
-144.87
-93.22
-70.4749
-78.5304
-64.3147
-54.1268
-45.3605
-74.9765
-77.8196
-77.5827
-89.4291
-92.0353
-50.8098
-30.434
6.28981
31.6411
-3.42424
-14.7968
-43.4651
-80.8997
-72.8442
-62.6563
-63.8409
-69.7641
-87.5337
-92.5092
-101.512
-137.999
-154.11
-184.674
-178.04
-163.588
-154.11
-115.965
-63.1301
-46.7821
-55.3115
-37.3049
-39.6742
-16.2184
-27.117
-35.4095
-19.2984
-32.0925
-43.2282
-33.0402
-67.6317
-79.952
-91.7984
-123.073
-129.944
-147.713
-149.609
-148.661
-134.919
-133.498
-98.4324
-61.2347
-40.385
1.55125
27.1395
57.7032
64.3372
66.9434
66.2326
52.2539
35.9058
32.3519
34.2473
22.6378
11.7392
43.7244
60.7833
77.8421
126.886
134.231
153.659
183.275
225.922
236.11
219.288
199.149
200.808
199.386
178.537
166.69
135.653
142.287
142.05
141.813
132.809
100.35
86.8454
55.3339
47.0414
56.0447
47.2784
36.3797
50.5954
65.9957
64.1003
36.3797
44.9091
15.7669
3.6836
-6.26737
-4.84581
14.1084
25.9548
47.0414
57.7032
52.9646
50.8323
57.9401
94.427
114.803
166.216
220.236
245.824
278.52
267.858
282.074
274.019
266.2
239.427
234.688
217.156
161.241
128.071
76.4205
15.0562
7.94831
-23.5631
-66.684
-82.0844
-115.491
-144.16
-158.375
-173.302
-173.776
-176.619
-214.053
-215.949
-242.011
-240.115
-256.463
-287.264
-288.449
-314.274
-286.553
-295.083
-314.274
-336.545
-334.176
-336.545
-345.074
-347.681
-327.779
-290.344
-219.029
-148.661
-87.0598
6.76367
44.9091
84.4761
96.0855
80.4483
76.4205
66.7065
87.3192
129.966
130.914
111.96
97.2702
68.6019
37.8012
-2.2396
-14.086
-41.8066
-67.1579
-105.777
-143.923
-184.911
-226.847
-244.38
-255.753
-248.882
-231.823
-215.949
-162.403
-129.707
-124.494
-112.411
-116.676
-131.602
-133.261
-140.369
-111.7
-132.076
-127.338
-96.0631
-96.7739
-54.3638
-48.4406
-9.8213
-4.84581
27.8503
67.6542
93.4793
156.028
192.041
247.246
262.883
249.141
238.953
224.027
186.118
180.906
138.733
124.754
74.5251
39.4597
15.53
-12.6644
-17.403
-9.58437
-0.107245
-24.037
-22.8523
-53.8899
-71.6595
-82.0844
-51.7576
-13.6121
-3.89809
23.8225
36.8535
51.5431
63.3895
31.4042
29.9826
41.829
53.9124
66.4695
116.461
172.613
214.313
255.301
269.991
283.969
297.001
302.924
305.767
297.711
300.318
317.376
288.234
252.932
203.177
128.071
63.3895
-16.4553
-101.512
-154.584
-195.099
-224.478
-274.233
-305.508
-338.914
-349.813
-344.601
-344.127
-299.584
-270.205
-205.761
-145.344
-100.091
-77.5827
-71.4226
-65.4994
-78.0566
-59.3393
-51.2837
-25.4585
4.39439
21.6901
57.7032
107.932
127.36
146.077
177.352
213.128
197.017
207.679
212.18
169.059
137.311
108.406
70.2604
20.9794
-15.2706
-54.1268
-105.303
-171.169
-215.238
-262.387
-274.233
-277.787
-270.679
-245.091
-228.98
-211.21
-219.029
-240.826
-251.014
-252.199
-264.756
-231.586
-228.98
-189.887
-166.905
-146.055
-131.128
-158.849
-170.222
-169.274
-173.302
-183.726
-170.459
-144.16
-89.1922
-65.7363
-34.2249
3.20975
26.4287
59.1248
79.9744
90.6362
96.3225
70.9712
42.5398
25.2441
-14.086
-54.1268
-97.9585
-145.344
-197.231
-228.032
-234.429
-242.248
-221.635
-181.594
-167.378
-140.606
-123.784
-124.494
-86.3491
-45.5974
-40.1481
-26.8801
-3.42424
13.8715
21.9271
32.5888
25.0071
51.5431
61.9679
65.7588
54.3862
54.1493
59.5986
64.811
78.7898
76.4205
68.6019
64.3372
43.9614
1.55125
-26.4063
-57.9177
-67.6317
-90.8507
-90.8507
-106.488
-90.1399
-91.7984
-75.4504
-33.2772
11.2653
43.7244
54.3862
49.1738
55.5708
66.7065
84.2391
102.483
75.4728
51.78
11.0284
11.2653
3.92053
20.2686
31.878
67.6542
101.298
135.416
161.478
179.484
167.164
161.241
141.813
145.367
159.108
154.133
179.721
187.777
160.056
110.775
82.8176
43.7244
17.1885
-37.3049
-60.05
-80.6628
-106.014
-134.445
-168.089
-179.462
-202.681
-208.841
-194.625
-181.357
-162.166
-141.79
-123.31
-130.181
-143.449
-135.867
-136.578
-135.393
-132.787
-133.972
-129.47
-93.4569
-71.1857
-55.0746
-16.2184
-2.95038
12.6869
29.0349
19.0839
2.97282
21.6901
5.10517
-16.9291
-19.5353
-65.2625
-82.7951
-75.9242
-65.4994
-37.068
-8.87358
4.15746
7.0006
-17.403
-19.7723
-39.2004
-79.952
-106.251
-123.784
-144.396
-177.803
-200.548
-209.315
-205.524
-216.659
-223.293
-218.081
-213.816
-228.506
-201.97
-160.744
-188.702
-160.508
-149.135
-139.895
-116.676
-75.2134
-72.6072
-64.0778
-72.8442
-79.4781
-46.5451
-41.8066
-24.7478
-1.76574
-15.0337
5.81596
25.9548
15.2931
29.5088
38.2751
52.4908
56.7555
38.512
10.7914
-2.47653
-24.5108
-57.4438
-95.8262
-134.209
-161.218
-159.56
-177.803
-146.529
-143.686
-110.99
-99.617
-91.0876
-79.4781
-63.367
-24.9847
-9.8213
20.2686
1.0774
-4.60888
-8.63666
-9.11051
-17.1661
-26.4063
-33.988
-28.7755
-18.1138
-19.2984
17.1885
49.4107
56.2816
83.0545
107.221
106.984
126.649
149.631
148.921
162.425
190.146
182.327
157.45
137.785
105.326
74.2882
19.7947
-11.4798
-59.5762
-87.2968
-81.1366
-90.8507
-114.78
-131.839
-146.529
-190.834
-183.253
-154.821
-118.334
-91.5615
-80.6628
-19.0615
38.9859
70.7342
87.3192
113.618
110.775
76.6574
44.6722
-13.6121
-52.2314
-91.0876
-132.313
-155.769
-157.664
-163.825
-149.135
-117.624
-86.586
-35.1726
-5.31966
19.0839
63.1525
79.5006
119.541
131.625
140.865
137.785
103.904
58.8878
33.0627
15.7669
-3.42424
-16.2184
-17.8768
-14.3229
-37.068
-53.4161
-62.8932
-86.586
-105.066
-90.8507
-101.039
-74.5027
-58.8654
-32.5664
9.84373
14.3454
10.5545
32.8258
62.6787
58.414
61.0202
98.9287
101.298
89.2146
73.1035
15.0562
-42.7543
-107.673
-160.508
-205.761
-203.155
-203.865
-191.308
-174.723
-156.48
-133.498
-151.267
-137.052
-106.725
-81.3736
-54.6007
-35.6465
-32.5664
-48.2036
-40.6219
-50.336
-76.3981
-90.1399
-114.07
-101.749
-120.23
-109.568
-90.1399
-115.491
-76.3981
-90.8507
-60.9978
-38.4896
-34.9357
1.78818
-0.107245
16.0039
-0.107245
-46.7821
-64.7886
-81.6105
-112.411
-109.094
-102.697
-97.0108
-62.8932
-81.3736
-80.4259
-71.6595
-80.1889
-82.0844
-91.0876
-93.22
-106.725
-104.593
-105.777
-81.3736
-44.8866
-41.3327
-38.9634
-2.47653
19.7947
5.10517
6.05288
11.5022
15.53
-0.344173
14.5823
-5.79352
-19.5353
-20.2461
2.26204
12.9238
8.89602
33.0627
29.5088
35.195
50.5954
69.0757
119.778
139.443
176.878
207.205
210.759
241.559
235.162
232.793
206.968
166.927
151.29
128.308
108.643
104.852
82.8176
73.3405
76.4205
35.9058
20.5055
11.7392
23.1117
14.8192
19.7947
13.3977
13.1607
12.6869
-18.8246
-22.8523
1.55125
25.481
47.0414
91.1101
79.0267
90.1623
74.0512
58.8878
56.7555
78.3159
88.2669
80.6852
81.396
81.8699
64.811
80.2114
61.9679
47.9892
58.414
42.7767
37.0905
17.1885
-11.9536
-64.7886
-130.892
-174.723
-186.096
-194.625
-159.323
-129.233
-83.269
-54.1268
-42.2804
-17.403
-14.5599
4.63132
25.2441
55.3339
69.5496
47.0414
18.6101
-15.2706
-47.4929
-47.9667
-57.2069
-74.5027
-62.1824
-41.8066
-26.1693
-0.818029
13.6346
26.1918
42.5398
57.2293
82.8176
105.326
126.886
98.6918
93.0055
59.3617
37.8012
11.2653
-21.4308
-49.3883
-79.7151
-73.7919
-92.7461
-78.5304
-81.1366
-99.854
-110.516
-129.944
-151.267
-161.929
-149.372
-159.56
-183.253
-159.086
-138.71
-128.759
-107.436
-99.617
-92.2723
-106.962
-89.903
-74.7396
-64.3147
-70.001
-75.2134
-53.1791
-45.1236
-56.7331
-49.6252
-22.3785
2.26204
45.8568
65.9957
78.079
88.5038
66.4695
70.4973
102.483
96.7963
132.572
147.499
151.764
146.551
124.28
88.03
56.9924
42.0659
13.1607
0.840467
32.5888
33.7735
32.5888
26.4287
28.798
-4.84581
-32.5664
-22.8523
-36.5942
-25.4585
-35.4095
-27.354
-1.29189
13.1607
17.1885
30.6934
34.4843
54.6231
43.7244
64.5741
61.9679
62.2048
88.9777
60.5463
78.3159
75.7097
77.6052
62.4418
55.8078
49.6476
38.749
29.2718
12.213
33.7735
28.0872
22.4009
5.81596
1.31432
13.8715
23.3486
19.5578
19.7947
9.13295
-14.7968
-28.0648
-23.0893
-23.3262
-15.9814
-27.117
-39.2004
-54.6007
-65.9732
-79.952
-72.1334
-67.8687
-42.7543
18.1362
45.146
28.798
24.2963
4.39439
-0.818029
-15.2706
-27.8278
-1.05496
21.4532
29.0349
47.5153
55.5708
51.0692
45.146
35.432
52.2539
83.5284
93.9532
106.037
96.3225
66.2326
29.0349
8.65909
-7.21509
-22.1416
-2.47653
-3.89809
-13.8491
-7.68894
-1.52881
-6.74123
-34.9357
-37.068
-55.0746
-68.5795
-66.2102
-41.8066
-33.0402
-22.8523
-1.05496
-9.58437
-15.7445
9.13295
4.86824
-5.55659
-9.8213
-21.6677
-9.11051
-11.2429
4.39439
18.847
41.829
82.1068
76.6574
66.9434
63.8633
51.0692
47.9892
37.5643
32.8258
30.4565
24.5333
37.3274
79.9744
92.0578
95.1378
94.9009
61.731
43.4875
19.5578
-6.74123
-35.1726
-42.5174
-41.3327
-58.6285
-74.0288
-97.7216
-94.8785
-108.62
-127.811
-110.99
-107.91
-74.7396
-37.068
17.4254
44.6722
53.4385
41.5921
50.1215
11.5022
-4.84581
-5.79352
1.55125
19.0839
2.73589
-24.2739
-38.0157
-46.0713
-56.0223
-58.8654
-54.1268
-37.7788
-15.7445
-4.37195
-13.1383
-23.3262
-25.9324
-22.6154
-20.0092
-4.37195
12.9238
45.8568
51.5431
55.097
54.8601
37.8012
24.0594
-2.2396
-17.6399
-10.5321
-2.71345
19.3209
18.6101
36.8535
41.829
63.1525
84.0022
102.483
127.36
160.767
186.118
179.721
185.644
178.537
156.265
109.827
79.2637
88.7408
100.824
113.381
114.329
150.105
164.795
163.136
135.179
119.541
84.4761
52.4908
18.3731
-14.7968
-22.8523
-57.9177
-79.952
-116.913
-88.7183
-89.903
-10.0582
61.494
101.535
152.948
148.684
135.653
118.12
120.252
127.123
119.304
94.1901
83.2914
72.6297
61.0202
52.4908
32.115
-4.84581
-9.11051
-32.8033
-29.7233
-36.1203
-73.0811
-77.5827
-78.5304
-127.811
-130.655
-143.449
-145.344
-165.72
-215.712
-226.61
-209.552
-213.816
-221.872
-174.012
-148.424
-139.421
-114.543
-123.31
-111.463
-114.307
-88.9553
-74.2657
-22.6154
20.9794
55.097
118.12
120.489
136.363
137.548
157.45
165.032
166.453
180.432
171.429
158.161
138.022
93.2424
68.6019
48.9369
38.0382
22.164
-0.818029
-1.52881
-23.0893
-50.336
-96.0631
-110.279
-132.313
-186.57
-220.45
-259.307
-271.39
-287.738
-274.47
-258.359
-235.377
-217.844
-191.308
-169.748
-150.083
-113.122
-102.223
-81.8474
-43.4651
-7.21509
11.2653
11.9761
12.4499
16.4777
8.65909
-22.1416
-13.1383
5.3421
19.3209
44.6722
83.2914
90.6362
82.1068
69.5496
53.9124
49.6476
58.414
99.4025
98.2179
119.541
125.938
116.224
81.396
61.731
52.4908
10.0807
9.36988
-15.2706
-52.7053
-78.5304
-85.4013
-94.8785
-129.944
-111.227
-67.3948
-21.9046
7.23752
61.731
93.9532
109.59
117.646
85.6607
83.5284
73.5774
85.6607
99.6395
112.671
97.0333
92.5316
66.4695
44.1983
62.2048
65.048
59.1248
75.2359
90.6362
86.6084
78.5529
25.0071
-10.5321
-55.5484
-35.6465
-10.5321
0.840467
61.2571
104.378
117.172
74.9989
50.1215
22.164
-9.58437
-29.2494
-36.1203
-40.1481
-38.4896
-61.7085
-85.4013
-86.1121
-78.2935
-94.1677
-101.512
-85.8752
-62.4193
-14.7968
30.6934
43.7244
39.9336
62.2048
63.1525
72.1558
79.0267
86.1346
93.0055
97.981
90.1623
78.079
64.3372
42.0659
21.4532
-13.1383
-55.7853
-84.4536
-101.276
-118.571
-138.947
-133.261
-87.5337
-95.8262
-70.2379
-43.702
-65.0255
-64.5517
-67.6317
-95.8262
-107.91
-126.39
-143.923
-139.658
-138.236
-150.557
-157.664
-173.539
-161.455
-148.898
-144.87
-106.014
-56.97
-45.5974
-24.7478
-28.0648
-34.9357
-25.2216
-39.4373
-42.2804
-29.2494
-6.03045
-32.3295
-2.71345
-12.1906
-4.13502
25.481
15.53
13.8715
-16.4553
-17.1661
-41.5697
-46.5451
-72.1334
-79.952
-90.3768
-113.122
-120.941
-117.86
-111.937
-115.728
-108.383
-110.516
-88.7183
-91.3245
-66.684
-66.921
-79.0043
-72.1334
-76.1612
-93.4569
-93.22
-60.7608
-70.9487
-70.7118
-65.7363
-18.8246
-35.8834
-44.1759
-20.72
-25.9324
-11.0059
34.9581
73.8143
83.5284
95.1378
118.357
106.037
73.3405
90.6362
64.5741
87.5561
83.0545
68.6019
72.8666
26.9026
20.0316
24.5333
32.115
49.8846
90.6362
92.2947
88.9777
117.172
132.099
117.883
133.757
151.29
142.76
140.154
147.973
142.287
122.858
88.03
85.8976
93.4793
73.1035
106.51
128.308
136.126
150.105
134.942
124.517
92.5316
60.5463
56.7555
56.2816
74.9989
86.6084
88.2669
71.2081
47.2784
19.0839
-17.403
-20.4831
-30.671
-19.5353
-12.4275
-18.8246
-31.3817
-56.97
-74.0288
-60.05
-75.2134
-63.604
-35.4095
-27.8278
3.44668
25.2441
63.3895
41.829
47.7522
64.811
40.1705
60.3094
71.445
66.2326
42.0659
-12.1906
-18.3507
-26.4063
-20.72
-23.5631
-25.4585
-43.2282
-75.6873
-78.2935
-97.2477
-72.8442
-79.7151
-85.8752
-74.9765
-86.8229
-105.303
-104.829
-106.962
-120.704
-115.965
-126.864
-147.95
-138.947
-169.037
-187.043
-217.844
-218.318
-252.909
-301.006
-274.233
-245.091
-205.524
-195.336
-120.941
-84.9275
-27.117
45.3829
101.535
119.541
99.4025
89.4516
67.6542
38.749
53.4385
46.5676
44.9091
66.9434
61.494
36.8535
17.8993
-2.95038
-45.3605
-71.1857
-103.882
-89.4291
-78.2935
-62.1824
-56.2592
-52.2314
-55.5484
-24.037
2.49896
18.3731
36.8535
54.8601
73.3405
69.5496
61.9679
33.7735
22.6378
7.71138
-2.95038
-2.2396
2.02511
-9.58437
-11.9536
-32.5664
-48.2036
-45.8344
-54.8376
-30.1971
-27.8278
-16.9291
27.6133
46.3307
51.5431
79.0267
70.2604
61.731
77.8421
81.1591
77.8421
47.9892
9.13295
-9.8213
-33.2772
-38.7265
-43.9389
-38.7265
-46.5451
-60.5239
-47.7298
-67.3948
-83.0321
-95.8262
-50.8098
-29.4863
-15.0337
17.1885
45.6199
74.762
74.5251
74.9989
41.829
40.1705
46.8045
65.7588
104.141
151.527
183.986
208.389
188.961
155.554
151.527
113.381
76.1836
64.1003
51.3061
57.2293
83.0545
86.3715
70.4973
41.5921
22.6378
6.52674
-10.0582
-2.00267
-6.5043
3.20975
7.94831
-26.4063
-52.2314
-88.2445
-131.365
-164.298
-179.462
-168.563
-150.083
-159.323
-145.107
-108.62
-65.7363
-39.4373
-3.18731
35.195
34.7212
58.414
72.3927
69.5496
72.3927
62.9156
42.7767
35.195
33.2996
36.8535
40.4075
34.0104
50.1215
63.3895
58.8878
80.4483
70.0235
68.365
60.3094
49.6476
33.7735
0.603539
-4.37195
-48.9144
-61.2347
-79.7151
-102.223
-110.99
-108.62
-91.0876
-107.673
-89.4291
-109.568
-125.916
-150.793
-159.323
-172.828
-176.145
-154.584
-138.236
-133.024
-125.916
-118.097
-128.522
-136.341
-131.839
-112.885
-115.965
-78.5304
-52.4683
-67.3948
-66.4471
-56.0223
-56.0223
-57.9177
-69.5272
-32.5664
-8.1628
-10.0582
7.94831
3.6836
-6.97816
-0.818029
-23.0893
-47.4929
-77.5827
-75.4504
-73.5549
-48.4406
-59.3393
-59.3393
-42.2804
-64.0778
-58.1546
-81.6105
-59.8131
-74.9765
-46.7821
-5.31966
-16.9291
-30.9079
-50.8098
-51.0468
-24.037
-6.5043
22.8748
29.0349
46.5676
54.3862
38.0382
43.9614
41.5921
29.0349
40.1705
51.5431
49.4107
56.7555
38.2751
35.195
33.2996
10.7914
41.829
42.5398
70.0235
115.277
117.172
119.541
113.144
86.1346
83.5284
65.2849
57.9401
42.3029
42.3029
33.7735
-1.05496
-29.0125
-27.5909
-39.2004
-46.0713
-46.3082
-36.1203
-8.63666
6.05288
48.9369
63.3895
112.671
128.545
130.677
134.705
139.443
122.385
91.5839
70.0235
53.4385
76.4205
56.7555
56.5186
85.6607
98.2179
95.6117
97.744
93.0055
86.3715
45.146
31.6411
43.9614
22.8748
8.89602
-4.84581
-6.74123
-24.2739
-46.7821
-66.4471
-105.066
-105.303
-108.857
-84.6906
-43.2282
3.44668
34.2473
39.9336
36.1427
40.8813
33.0627
47.9892
59.3617
38.0382
15.53
2.97282
-28.0648
-87.5337
-106.014
-100.802
-112.885
-106.251
-93.22
-62.1824
-21.6677
7.94831
52.2539
42.0659
38.512
30.2195
7.71138
-27.5909
-40.8589
-60.287
-84.4536
-74.9765
-105.303
-130.655
-168.563
-177.566
-197.942
-224.715
-222.346
-224.004
-215.001
-217.844
-228.743
-211.447
-182.305
-153.874
-136.815
-135.393
-108.857
-91.7984
-33.988
-6.5043
-20.0092
-11.7167
-17.8768
-37.3049
-71.6595
-70.4749
-72.8442
-70.7118
-74.2657
-87.2968
-90.6138
-99.1432
-91.0876
-82.0844
-75.9242
-70.7118
-62.1824
-63.1301
-50.5729
-35.4095
-66.921
-83.0321
-60.05
-74.0288
-84.6906
-85.8752
-124.021
-125.679
-126.864
-156.48
-132.076
-105.54
-93.9308
-49.6252
-29.4863
-26.8801
-16.6922
-23.8001
-30.671
-23.8001
-28.5386
-15.9814
21.2163
53.6754
76.6574
89.9254
89.4516
77.6052
99.8764
114.566
135.416
162.425
157.45
153.659
129.019
109.827
74.2882
38.9859
13.1607
-20.9569
-32.3295
-28.3017
-10.2952
7.47445
16.7146
9.84373
1.55125
0.129683
-7.92587
22.164
40.1705
29.9826
69.0757
71.9189
72.1558
104.378
73.3405
73.8143
93.2424
99.1656
68.128
85.8976
92.2947
60.7833
39.9336
52.7277
53.4385
53.9124
84.2391
105.8
93.9532
97.744
103.667
64.1003
47.9892
21.2163
8.65909
-4.84581
-11.9536
-10.769
-37.3049
-54.6007
-49.6252
-60.05
-48.6775
-57.2069
-42.0435
-56.4961
-79.4781
-94.4046
-112.648
-99.854
-94.1677
-77.5827
-62.8932
-13.6121
-3.66117
7.71138
35.9058
42.0659
58.8878
48.6999
67.1803
72.6297
50.8323
67.4173
48.6999
38.512
52.9646
28.0872
2.26204
-19.2984
-37.5419
-65.9732
-96.3
-86.1121
-87.5337
-85.6383
-83.269
-77.8196
-99.1432
-111.463
-115.254
-110.99
-128.996
-111.7
-103.882
-106.488
-125.679
-181.831
-198.653
-227.321
-216.186
-222.82
-222.82
-183.253
-146.292
-122.836
-100.091
-78.7674
-94.6415
-87.5337
-67.1579
-60.05
-57.9177
-61.7085
-36.1203
-51.5206
-84.9275
-84.6906
-96.537
-82.3213
-74.5027
-59.5762
-48.4406
-55.3115
-60.9978
-71.6595
-52.7053
-45.5974
