-37.5205
-6.61286
30.4206
97.2478
85.8315
90.0082
54.367
41.28
47.4058
-18.8645
-50.0506
-41.6972
-49.4937
-70.9341
-63.416
-10.7896
-5.49907
-22.7628
39.6093
53.2532
36.268
50.7472
44.6214
-33.3438
-62.0238
-29.4455
-64.2514
-121.89
-88.4762
-42.8109
-52.2781
-102.955
-71.491
21.2318
35.9895
108.943
133.167
100.868
96.9694
119.802
141.799
48.2412
17.0551
22.3456
31.8128
2.29744
-14.9663
-26.9395
-57.0117
-31.6731
-77.6168
-66.2005
-33.3438
-14.1309
-9.95422
-50.0506
-38.3558
-11.3465
31.8128
3.68967
-44.7601
16.7767
61.8851
53.5317
79.4272
76.3643
0.069863
-43.3678
-72.3263
-138.04
-100.728
-23.8766
-40.8618
-47.5445
-51.1644
-6.33441
15.106
-4.94218
-32.5084
-52.5566
-53.3919
-54.5057
-57.8471
-97.665
-124.674
-124.953
-166.72
-202.639
-121.89
-9.67578
-15.5232
-68.4281
-67.8712
-53.1135
-73.4401
-58.9609
-39.4696
-9.39733
-29.1671
-35.8498
8.14482
-35.8498
-48.9368
-71.2125
-45.8739
-46.1523
-60.0747
-6.89131
77.1996
106.437
61.6066
61.0497
64.1126
43.2291
20.3965
57.7084
62.9988
42.6722
27.6361
12.3215
3.41123
-19.4214
-24.7119
-48.3799
-32.23
-26.661
14.2707
4.24657
-4.66373
42.1153
81.6548
107.829
81.3763
68.2893
61.8851
69.6816
60.2144
80.8194
77.4781
48.7981
49.355
72.7445
69.1247
50.1903
26.2439
-23.8766
-34.1791
-58.9609
-53.6704
-24.9904
1.4621
3.13278
-18.3076
-30.2808
-35.5713
-16.9154
-11.3465
25.1301
25.1301
0.069863
9.8155
13.1569
13.7138
7.86637
-4.38529
3.68967
-22.4843
-60.3531
-12.7387
-3.54995
-93.4883
-102.677
-48.1014
-63.416
-68.985
-15.5232
47.4058
7.30948
-80.4013
-79.5659
-24.4335
-4.10684
5.08191
49.355
66.3402
37.9386
50.7472
21.2318
-13.2956
-41.1403
-26.3826
52.6963
64.3911
42.1153
38.774
55.2023
10.0939
-55.0626
-79.009
-103.512
-101.842
-117.156
-93.4883
-49.4937
-57.0117
-57.2902
-47.823
-76.503
-93.2098
-97.665
-75.9461
-77.6168
-49.4937
30.4206
78.8703
69.96
-11.9034
-65.3651
-58.9609
-79.5659
-57.2902
-15.5232
-18.8645
-69.8203
-119.662
-125.788
-81.7935
-16.6369
-8.56199
12.6
46.0136
80.8194
92.5142
77.4781
57.1515
49.0765
2.85433
-12.4602
70.7954
101.425
73.8583
-1.04392
30.699
13.9922
-85.4133
-14.9663
18.1689
-45.317
-69.2634
-51.7212
-46.4308
-70.0987
-105.183
-63.9729
-56.4548
13.4353
9.53706
22.0672
82.4901
35.7111
22.3456
53.8101
32.9266
23.4594
29.5852
74.1367
134.838
91.6789
38.774
8.98016
-49.4937
-132.192
-125.51
-36.9636
7.58793
-20.5352
0.34831
-1.87926
-56.4548
-86.8056
-96.8296
-57.5686
-28.0533
-5.22063
35.7111
32.6481
14.5491
-42.2541
-71.2125
-65.922
-60.91
-34.736
-24.155
-45.5954
-74.5539
-99.0572
-116.878
-108.524
-92.9314
-51.4428
-2.15771
65.5049
90.8435
68.8462
15.6629
0.626757
-32.7869
-63.1376
-40.5834
24.2947
73.8583
90.8435
87.7806
84.7177
35.9895
-31.9515
-17.4723
19.0042
28.193
27.9145
12.0431
-52.835
-158.088
-227.143
-260.556
-197.07
-95.4374
-50.8859
-9.39733
19.5611
36.268
-10.7896
-25.5472
34.0404
49.355
124.536
179.668
139.293
129.548
101.146
-2.99305
-58.404
-95.9943
-104.069
-95.9943
-48.6583
21.5103
-32.7869
-66.7574
-118.548
-143.887
-130.522
-159.759
-133.306
-74.8323
-34.1791
-49.7721
-22.4843
-0.765477
-36.6851
-111.309
-113.815
-57.8471
-9.39733
30.699
50.1903
75.8074
32.9266
-23.3197
-56.1764
-22.7628
42.9507
69.96
64.948
41.0015
27.0792
48.7981
60.2144
15.3844
-41.1403
-57.8471
-38.3558
31.8128
82.7686
89.1729
77.7565
-9.67578
-75.9461
-35.8498
7.86637
56.5946
109.778
106.715
77.4781
19.0042
8.70171
7.58793
24.8516
20.6749
-3.54995
-6.33441
26.5223
-12.4602
-62.0238
-24.4335
-50.329
-71.7694
-42.2541
40.4447
123.979
106.993
72.1876
-4.10684
-84.8564
-106.575
-85.6918
37.6602
67.1756
90.5651
63.5557
6.19569
-73.7185
-83.7426
-36.1282
-16.0801
29.3068
65.7833
112.005
83.6039
-6.61286
-78.1737
-121.611
-124.953
-74.2754
24.8516
84.7177
58.8221
-30.8377
-97.9434
-183.705
-233.825
-147.229
-62.0238
15.106
20.3965
46.5705
-71.2125
-225.751
-297.868
-275.593
-209.879
-153.076
-33.6222
-41.9756
-95.4374
-159.48
-189.552
-209.601
-174.795
-87.3624
9.53706
52.1394
63.5557
95.8556
6.47414
-152.519
-224.915
-178.971
-89.59
-19.6999
93.0711
157.671
77.4781
-43.9247
-127.18
-141.66
-85.9702
-10.5111
118.688
262.088
263.759
236.75
224.22
162.961
108.107
120.916
218.372
310.26
334.206
319.17
244.825
124.814
37.6602
14.2707
91.4004
231.459
316.107
317.221
247.331
110.335
23.7378
-31.3946
23.4594
150.71
244.825
296.894
284.921
219.208
84.1608
1.18365
60.7713
105.601
174.934
297.73
358.709
293.274
185.237
67.1756
-36.9636
-50.0506
-16.6369
119.245
212.525
270.72
262.367
178.554
65.5049
50.1903
144.027
241.483
303.298
298.286
241.205
154.051
42.9507
5.91725
-22.2059
-19.6999
16.7767
-46.7092
-123.282
-271.416
-423.726
-594.693
-666.532
-707.742
-722.5
-741.713
-840.004
-982.012
-1160.5
-1325.34
-1387.43
-1381.03
-1335.64
-1271.6
-1217.02
-1211.17
-1277.17
-1286.63
-1288.86
-1179.15
-1020.99
-854.762
-675.442
-522.018
-451.292
-427.624
-342.42
-251.646
-129.129
36.8248
251.507
416.348
528.562
616.551
683.1
688.112
714.564
795.036
845.713
919.78
944.283
950.687
934.259
925.906
891.378
831.791
798.098
785.011
781.392
720.412
627.967
522.993
470.088
410.222
383.77
428.878
511.577
541.092
515.197
517.981
479.277
511.298
513.804
472.873
424.701
393.515
404.375
414.399
448.926
464.519
453.381
418.019
405.21
477.328
541.371
633.536
700.364
726.259
727.93
736.84
707.325
580.91
523.271
435.282
389.06
410.501
400.198
384.883
276.289
111.449
-50.6075
-193.729
-308.171
-430.409
-543.737
-696.326
-809.932
-933.005
-1073.62
-1298.61
-1519.97
-1646.11
-1743.56
-1791.46
-1802.32
-1792.01
-1813.45
-1851.88
-1857.17
-1775.59
-1668.66
-1539.46
-1413.33
-1315.03
-1203.66
-1046.89
-889.846
-759.812
-604.438
-440.99
-340.749
-259.999
-174.795
-107.689
-38.6342
17.0551
90.0082
168.252
253.456
279.909
238.142
186.072
121.194
32.9266
-10.2327
50.7472
70.7954
63.5557
17.3336
-88.1978
-179.25
-224.358
-187.046
-142.495
-144.444
-96.2727
-43.3678
-59.2393
-60.6315
22.6241
104.487
162.961
234.522
306.083
401.59
465.633
512.69
584.251
663.052
724.032
824.829
969.622
1123.05
1151.73
1091.58
1039.79
1049.26
1031.99
1025.31
1084.9
1089.35
1040.35
928.69
861.863
785.847
670.57
641.89
676.974
668.899
636.321
595.668
516.032
461.178
387.668
405.767
468.974
493.756
526.334
508.514
428.043
311.93
201.944
116.461
73.5798
98.9185
123.422
140.686
54.367
-174.238
-430.131
-593.857
-623.373
-620.588
-664.026
-801.579
-1038.54
-1333.41
-1504.38
-1577.33
-1659.47
-1750.53
-1858.56
-1949.61
-2003.91
-1992.77
-1967.99
-2021.18
-2093.57
-2100.53
-1906.73
-1604.9
-1287.19
-1098.68
-1041.88
-1020.72
-960.572
-740.599
-388.92
-28.3317
192.755
318.335
400.755
475.379
548.053
645.51
773.038
909.756
1063.18
1161.47
1127.78
968.23
741.574
566.709
487.909
512.134
558.356
509.628
320.562
22.0672
-242.179
-382.795
-433.75
-425.118
-434.029
-463.544
-512.551
-542.901
-586.618
-609.172
-603.881
-502.805
-290.35
-14.4094
181.896
216.98
187.465
149.317
270.442
540.535
855.18
1033.11
1083.78
1076.55
1022.25
1094.37
1261.99
1383.39
1480.85
1469.99
1462.75
1444.93
1400.66
1334.11
1317.4
1265.05
1273.41
1313.23
1279.25
1136.41
913.932
744.637
621.006
579.796
598.174
648.851
517.146
371.796
245.103
223.941
223.384
228.675
124.257
-49.4937
-207.651
-209.601
-75.9461
-34.736
-92.6529
-305.665
-484.149
-617.525
-577.707
-523.132
-540.117
-697.996
-997.605
-1274.38
-1379.08
-1365.99
-1373.51
-1473.75
-1735.49
-2010.32
-2171.26
-2170.98
-2150.1
-2209.96
-2328.02
-2461.4
-2382.32
-2174.04
-1896.71
-1659.75
-1543.08
-1544.2
-1540.3
-1335.64
-1053.57
-738.371
-497.793
-319.03
-166.163
14.5491
181.617
342.838
475.657
542.206
616.551
757.445
974.912
1116.64
1130.84
965.167
767.191
649.965
723.196
867.153
978.532
993.011
801.44
525.777
275.175
140.129
122.03
131.497
84.1608
-35.8498
-193.729
-303.437
-352.165
-274.479
-154.468
-36.9636
25.687
15.6629
40.4447
84.9961
181.339
316.385
529.676
757.724
891.378
986.885
1069.03
1186.53
1329.38
1548.79
1737.02
1814.43
1848.68
1849.79
1885.43
1907.43
1893.51
1852.58
1805.52
1757.07
1706.67
1598.35
1454.68
1274.8
1079.05
976.583
911.426
877.456
724.31
536.637
356.203
247.052
254.292
290.211
328.637
261.81
128.712
-80.4013
-261.67
-365.531
-325.991
-222.131
-196.514
-308.171
-569.911
-848.358
-1002.06
-1039.37
-975.886
-919.918
-1056.64
-1325.62
-1624.95
-1880.56
-1988.32
-2030.92
-2138.4
-2302.69
-2512.36
-2622.9
-2643.5
-2640.16
-2650.47
-2719.8
-2774.1
-2702.54
-2484.23
-2200.77
-1989.99
-1929.01
-1883.07
-1796.19
-1574.83
-1248.76
-919.64
-716.931
-583.555
-455.191
-238.281
13.7138
233.965
480.669
659.71
809.793
1009.16
1209.09
1330.77
1320.19
1238.04
1200.73
1258.93
1360.84
1448.27
1467.48
1365.02
1194.61
1001.64
884.974
899.732
917.274
865.204
743.801
587.871
431.941
352.305
354.533
370.683
408.83
432.219
409.387
353.976
320.005
320.284
394.351
524.942
644.117
749.927
732.107
694.516
730.993
837.081
1018.91
1175.39
1287.89
1277.86
1198.23
1163.14
1178.74
1244.45
1311.55
1334.94
1261.99
1149.22
1062.9
1002.76
1016.12
876.899
696.465
512.69
400.476
366.784
314.993
303.577
172.985
12.0431
-125.231
-161.429
-124.117
-147.785
-326.827
-597.755
-753.407
-669.595
-500.299
-339.914
-390.034
-654.837
-968.647
-1101.74
-1015.43
-850.864
-850.585
-1080.03
-1436.44
-1690.66
-1729.64
-1599.89
-1550.32
-1760.27
-2132.55
-2427.99
-2484.23
-2314.38
-2084.1
-2057.65
-2203.28
-2395.97
-2362.55
-2110.28
-1714.61
-1530
-1583.46
-1689.55
-1637.75
-1287.19
-836.941
-477.745
-285.617
-219.903
-126.345
111.449
454.217
703.705
817.59
845.991
928.133
1130.01
1374.48
1548.79
1562.44
1466.37
1391.19
1472.5
1653.77
1818.61
1776.56
1605.59
1431.84
1365.57
1383.12
1428.5
1388.68
1177.62
955.421
772.76
697.022
704.54
666.115
511.577
365.671
236.75
205.007
157.671
103.095
72.466
-4.94218
-18.0292
61.0497
145.698
127.042
65.5049
109.778
223.663
415.234
552.508
609.033
583.416
514.918
585.922
734.891
918.666
1025.31
960.711
815.641
682.822
612.931
572.835
515.475
444.193
351.191
297.173
301.628
335.877
265.987
85.8315
-5.22063
-55.898
-5.49907
76.0858
25.1301
-184.819
-441.547
-629.498
-633.118
-482.757
-386.136
-441.268
-695.49
-963.635
-1084.2
-1020.99
-904.604
-894.858
-1128.48
-1440.61
-1619.93
-1599.61
-1442.28
-1406.64
-1554.5
-1873.32
-2143.97
-2194.37
-2042.89
-1904.78
-1940.98
-2098.03
-2272.61
-2264.54
-2008.09
-1687.87
-1490.46
-1482.1
-1534.17
-1517.47
-1313.36
-977.279
-665.975
-485.541
-393.376
-246.077
-13.2956
264.594
465.355
540.535
688.39
902.795
1207.69
1491.99
1633.44
1618.12
1487.81
1458.3
1555.47
1834.76
2000.71
1998.76
1859.26
1629.82
1558.82
1585.55
1694.42
1677.43
1535.7
1287.89
1096.59
964.053
910.869
905.022
803.667
658.875
450.04
281.858
191.363
124.257
57.9868
27.0792
-30.5593
-68.1496
-104.348
-152.519
-231.876
-238.002
-170.34
8.98016
181.339
233.13
213.082
159.62
230.345
391.566
590.377
729.601
746.864
654.42
569.772
600.68
675.303
771.089
758.837
621.285
475.1
365.392
348.407
460.064
517.703
455.609
330.029
141.521
74.4152
138.736
162.126
108.664
-158.923
-457.14
-578.821
-508.096
-369.986
-405.07
-588.01
-874.81
-975.051
-896.251
-784.036
-777.911
-1036.59
-1430.31
-1735.77
-1725.47
-1513.29
-1411.1
-1642.77
-2042.89
-2365.34
-2397.08
-2226.95
-2007.25
-1985.81
-2211.35
-2389.84
-2336.38
-1989.71
-1604.34
-1416.67
-1470.69
-1602.39
-1561.74
-1245.7
-821.348
-498.628
-356.621
-325.713
-241.065
7.30948
323.904
573.392
689.783
739.068
857.129
1086.57
1348.87
1467.48
1397.59
1263.66
1237.49
1423.77
1694.98
1883.76
1880.98
1673.26
1478.34
1440.2
1537.93
1620.07
1628.15
1513.99
1317.68
1143.37
1029.21
985.493
937.879
824.829
692.846
557.52
477.049
384.883
240.648
88.616
-16.3585
-16.6369
77.1996
68.8462
-5.49907
-92.3745
-139.154
-38.0774
161.012
355.09
435.004
387.946
324.182
383.491
504.616
664.444
743.523
694.516
601.237
587.593
667.228
711.78
618.779
432.219
248.166
161.847
272.391
387.111
432.498
325.296
167.695
42.1153
66.8971
164.91
157.392
-96.2727
-421.777
-555.988
-539.003
-310.398
-229.927
-402.007
-761.761
-1116.22
-1132.09
-892.631
-719.715
-772.342
-1111.77
-1516.63
-1714.33
-1559.51
-1300
-1302.23
-1586.8
-2028.97
-2254.24
-2126.15
-1856.61
-1658.92
-1730.2
-1998.9
-2172.93
-2107.77
-1721.57
-1327.56
-1117.62
-1115.11
-1220.64
-1151.03
-917.134
-578.543
-318.195
-237.445
-154.747
27.0792
262.645
459.786
576.733
627.132
702.591
953.193
1286.22
1534.03
1566.05
1360.84
1170.66
1175.39
1357.5
1662.12
1819.72
1725.33
1530.69
1390.35
1379.22
1476.95
1488.09
1455.51
1402.89
1203.24
1122.49
1057.33
1003.31
962.939
849.054
725.702
633.536
617.387
545.269
483.454
406.881
346.736
323.625
289.376
205.564
56.0377
-99.0572
-131.914
-34.4575
127.042
232.851
252.621
176.605
117.574
150.153
285.478
411.614
436.118
369.847
337.269
373.467
442.522
425.815
297.173
164.91
6.47414
-13.8525
61.0497
158.228
179.111
68.2893
2.57588
-84.8564
-85.1349
-41.1403
16.7767
-25.8257
-216.283
-379.453
-455.191
-450.736
-420.663
-412.588
-538.725
-714.425
-791.554
-775.961
-705.236
-667.924
-799.073
-980.063
-1096.73
-1114.83
-1061.65
-1115.39
-1312.81
-1611.3
-1883.9
-1939.87
-1852.99
-1714.61
-1709.87
-1875.27
-2089.67
-2156.78
-1982.75
-1679.8
-1399.4
-1288.3
-1332.02
-1387.99
-1284.68
-1034.92
-734.751
-504.476
-343.812
-178.971
21.7887
210.854
423.031
488.187
526.613
666.95
888.037
1155.62
1251.41
1210.2
1093.81
1078.22
1223.01
1436.3
1581.65
1534.03
1409.29
1332.72
1343.85
1424.33
1491.99
1443.26
1319.35
1195.44
1098.54
1034.78
996.91
1030.88
992.454
866.04
710.109
582.024
467.861
333.928
250.394
190.806
202.779
199.438
185.794
110.892
-1.87926
-95.9943
-56.1764
131.775
327.802
439.459
365.671
224.22
176.048
241.483
426.094
554.458
548.61
445.028
343.952
351.47
368.455
336.434
241.762
96.9694
-45.5954
-99.6141
-87.9193
-28.0533
-19.4214
-95.159
-224.637
-296.754
-298.147
-251.925
-182.313
-285.06
-456.026
-617.804
-686.58
-597.755
-442.661
-340.749
-494.452
-729.182
-816.336
-786.821
-697.439
-670.152
-743.94
-935.512
-1071.39
-1078.35
-1030.74
-1019.05
-1214.24
-1528.32
-1725.74
-1758.04
-1644.16
-1504.1
-1556.73
-1744.96
-1919.26
-1850.77
-1607.68
-1301.11
-1125.41
-1136.55
-1181.1
-1242.64
-1079.75
-766.216
-474.125
-287.844
-188.996
-96.5512
77.4781
234.522
401.312
553.622
643.561
791.137
945.118
1052.32
1029.49
972.406
932.31
1011.95
1142.82
1255.03
1278.42
1188.76
1115.53
1084.9
1123.88
1192.1
1235.26
1184.86
1111.91
1011.95
957.649
932.031
898.339
867.989
863.255
801.44
697.858
577.569
462.849
415.791
372.91
358.988
357.874
327.523
255.127
140.964
-50.6075
-115.764
-80.1228
-38.6342
21.5103
2.29744
-59.5178
-109.081
-48.3799
43.786
102.26
87.2237
15.106
-3.54995
97.2478
228.953
284.364
202.222
65.2264
-32.5084
-52.5566
47.4058
104.487
115.347
9.53706
-77.0599
-94.3236
-121.333
-70.0987
-50.6075
-79.2875
-178.415
-287.566
-300.653
-263.062
-227.7
-214.056
-312.904
-457.975
-530.371
-453.52
-344.369
-324.878
-430.687
-595.806
-770.114
-845.295
-828.588
-856.154
-963.913
-1177.76
-1371.84
-1491.85
-1515.52
-1500.2
-1548.09
-1682.31
-1834.34
-1818.74
-1676.74
-1448.13
-1217.58
-1136.83
-1179.15
-1214.24
-1072.51
-829.145
-517.563
-259.721
-131.914
-5.77752
93.0711
246.495
376.808
520.209
648.573
742.688
853.509
948.181
993.847
955.978
914.211
947.068
1048.98
1143.37
1201.85
1164.81
1121.1
1156.18
1172.33
1213.82
1266.45
1291.23
1251.69
1188.76
1094.64
1029.49
967.116
949.017
914.768
887.48
799.491
668.342
538.864
416.069
342.281
270.72
182.174
106.158
31.5344
-92.6529
-184.54
-283.111
-255.266
-179.25
-81.2366
-51.9997
-73.997
-177.301
-211.55
-102.955
17.612
88.0591
86.1099
52.1394
-41.6972
-17.7507
48.2412
121.194
101.425
-9.95422
-97.665
-155.303
-135.255
-4.94218
158.228
233.687
192.755
98.3616
18.7258
88.3375
202.779
288.819
230.902
51.5825
-49.2152
-43.6463
70.7954
113.955
17.612
-212.107
-424.283
-400.058
-319.309
-271.137
-396.717
-647.319
-846.409
-905.161
-834.714
-867.292
-1057.47
-1336.75
-1605.45
-1705.14
-1643.6
-1538.35
-1508.83
-1678.96
-1897.82
-1928.45
-1749.41
-1466.23
-1282.18
-1251.27
-1342.32
-1327.56
-1132.93
-834.435
-554.039
-397.831
-343.812
-264.455
-105.461
135.117
297.451
434.447
548.61
658.875
869.659
1017.24
1120.82
1118.87
1067.64
1070.14
1128.06
1234.15
1288.44
1249.74
1206.58
1173.44
1204.91
1267.28
1299.3
1259.21
1157.29
1076.82
1049.54
1063.74
1103.28
1059.56
992.176
870.773
761.344
677.531
575.619
574.227
523.271
414.399
326.966
247.331
178.833
121.751
-10.5111
-136.091
-151.127
-133.306
-100.449
-74.2754
-122.168
-227.7
-210.993
-109.36
10.9293
72.7445
31.8128
14.5491
25.1301
134.56
291.047
364.835
294.11
258.19
169.087
205.007
357.317
437.788
478.72
384.048
289.655
214.752
307.475
367.898
300.236
195.54
44.3429
-20.8136
13.9922
110.613
59.6575
-161.986
-453.242
-604.438
-479.137
-311.234
-249.975
-396.717
-756.47
-1075.01
-1159.66
-1061.37
-1023.22
-1184.44
-1556.45
-1921.49
-2092.18
-2015.05
-1862.18
-1801.76
-1967.16
-2211.63
-2257.58
-2099.14
-1749.13
-1408.59
-1280.51
-1303.9
-1319.49
-1198.92
-922.146
-580.492
-329.89
-201.247
-57.8471
101.146
276.289
462.013
571.443
661.381
742.966
876.899
1006.38
1074.32
1017.24
941.499
906.136
970.179
1098.82
1207.14
1201.01
1129.45
1065.96
1061.79
1145.6
1205.19
1224.96
1108.29
957.649
846.27
793.365
849.054
851.56
788.91
733.777
609.312
537.751
497.933
445.863
411.057
341.724
249.001
192.198
172.428
59.1006
-56.7333
-162.822
-162.265
-64.5298
53.5317
95.5771
41.5584
-0.765477
-15.5232
104.209
249.001
318.056
286.87
203.336
197.21
315.829
505.172
505.172
340.889
178.276
83.047
103.374
225.612
422.195
409.665
323.068
162.683
103.931
208.627
334.485
372.353
242.04
187.465
93.3496
110.056
186.072
114.79
-100.171
-328.219
-449.065
-435.978
-378.618
-448.786
-626.714
-918.248
-1108.43
-1107.31
-995.656
-985.353
-1200.04
-1541.97
-1824.31
-1926.78
-1827.1
-1656.13
-1607.96
-1723.79
-1967.16
-2045.68
-1831.55
-1491.57
-1235.12
-1133.77
-1207.28
-1236.51
-1096.73
-826.639
-473.568
-226.307
-170.896
-168.669
-89.3116
53.5317
238.977
397.692
467.304
526.891
680.872
863.255
984.936
1061.23
1033.94
971.014
994.682
1024.48
1082.39
1063.18
986.05
911.426
914.211
946.789
981.873
990.227
868.546
733.499
652.471
678.645
708.439
711.502
671.405
561.697
479.277
442.522
463.127
451.432
384.048
321.119
255.963
288.819
306.918
294.388
230.902
139.015
77.7565
71.9091
171.036
244.268
259.861
196.375
260.696
367.62
464.798
567.266
554.179
488.744
466.747
560.305
641.333
676.417
588.15
394.351
324.739
315.55
387.389
470.367
432.498
311.652
228.953
260.975
348.685
453.103
313.601
104.209
-75.1108
-87.3624
71.3523
191.363
108.107
-158.088
-467.721
-616.133
-418.436
-232.99
-190.945
-366.645
-747.56
-1053.57
-1122.91
-996.491
-940.524
-1075.57
-1474.86
-1890.03
-2030.09
-1927.9
-1689.27
-1618.82
-1822.92
-2129.49
-2286.54
-2173.49
-1816.52
-1511.62
-1368.5
-1421.12
-1433.93
-1258.51
-1056.08
-773.455
-555.988
-408.69
-273.922
-136.926
19.5611
159.341
274.618
362.329
437.788
564.76
649.686
717.627
683.378
584.53
553.065
605.692
759.673
796.706
761.344
631.587
561.697
616.273
775.544
944.005
988.835
927.576
840.701
751.598
770.532
850.447
857.129
874.393
855.737
782.505
785.847
738.511
720.69
717.349
681.708
713.729
727.93
704.262
647.459
580.91
512.412
505.729
552.787
599.009
631.866
598.731
570.607
586.479
631.587
683.935
658.04
595.668
527.727
486.795
507.957
550.002
551.116
483.175
346.458
196.096
163.24
190.249
243.154
296.059
291.047
248.444
206.121
181.339
112.562
35.4326
38.2171
52.1394
116.739
161.012
85.2746
-69.8203
-237.724
-340.192
-314.575
-260.556
-327.662
-487.491
-772.342
-999.833
-1048.56
-1031.58
-1053.85
-1273.55
-1572.88
-1871.37
-2027.58
-2025.07
-1933.19
-1893.09
-1974.12
-2171.54
-2314.94
-2254.79
-2037.05
-1789.51
-1657.8
-1673.12
-1690.94
-1589.3
-1414.16
-1082.81
-790.441
-611.956
-483.314
-393.932
-253.874
-70.3772
123.7
313.323
417.183
490.693
539.7
643.839
748.257
847.384
881.076
908.642
944.005
965.167
991.897
1006.93
1000.25
982.709
995.517
1065.69
1130.84
1113.86
1089.08
1016.96
944.005
934.259
956.813
968.508
962.939
931.475
899.453
902.238
934.537
923.956
888.315
810.907
755.218
765.242
737.119
670.57
668.899
632.98
567.545
575.619
561.14
548.053
467.582
455.052
495.984
534.966
599.287
550.002
476.492
421.638
440.851
517.703
597.895
549.445
439.737
304.969
184.959
212.803
231.181
297.73
230.902
145.141
124.814
157.671
218.929
214.474
158.506
18.7258
-48.3799
-75.1108
45.4567
57.4299
-53.9488
-256.38
-482.757
-578.821
-585.504
-548.47
-564.899
-690.2
-878.987
-1007.91
-1116.78
-1205.88
-1260.46
-1431.15
-1609.07
-1824.31
-1942.93
-1954.07
-2013.1
-2055.98
-2175.99
-2254.51
-2240.87
-2097.19
-1922.88
-1789.79
-1707.37
-1643.6
-1475.98
-1258.51
-956.673
-692.427
-533.156
-390.869
-270.859
-136.091
80.8194
330.865
494.035
605.692
715.4
782.784
836.803
881.076
956.256
1003.04
1002.48
1028.1
1069.03
1082.95
1113.58
1091.3
1043.97
1023.08
1016.4
1080.44
1141.42
1135.3
1094.37
1057.33
1020.02
1028.65
1075.15
1087.4
1067.91
1007.49
924.235
880.797
854.623
865.483
896.947
857.408
782.784
708.996
612.931
571.721
564.203
570.886
556.964
525.777
450.597
438.067
490.136
536.637
583.694
546.939
531.068
504.059
507.122
526.334
510.741
541.371
472.594
380.15
289.655
197.21
179.668
154.329
180.503
179.39
141.242
115.347
120.916
88.3375
34.0404
-35.2929
-106.575
-93.7667
-96.8296
-92.096
-70.3772
-135.534
-308.728
-413.702
-460.203
-459.367
-491.667
-599.983
-744.775
-919.083
-1076.41
-1207
-1268.26
-1395.78
-1581.51
-1761.11
-1984.7
-2089.67
-2152.6
-2171.26
-2220.27
-2318.84
-2352.81
-2295.45
-2186.29
-2027.86
-1865.8
-1774.75
-1676.46
-1576.22
-1378.52
-1147.13
-974.494
-816.615
-657.065
-514.5
-349.938
-160.872
30.4206
236.75
378.758
500.996
632.701
690.618
730.436
843.207
931.475
984.101
1062.34
1120.26
1145.6
1137.53
1132.23
1161.75
1162.86
1111.07
1104.39
1131.4
1091.02
1116.08
1070.98
1039.79
959.319
860.471
879.683
886.645
871.887
818.147
793.643
789.188
752.99
757.445
693.124
655.255
599.844
523.828
530.79
550.002
612.096
574.506
526.613
484.289
443.636
486.238
543.877
542.484
522.993
460.621
448.648
462.013
495.148
552.508
556.407
468.139
416.905
386.554
392.123
393.237
314.993
194.704
89.7297
78.3134
73.8583
131.497
167.138
81.6548
-89.3116
-232.99
-224.915
-163.378
-112.98
-102.677
-270.859
-530.093
-758.141
-770.393
-713.311
-750.344
-828.588
-995.099
-1162.17
-1234.56
-1256.84
-1287.19
-1405.81
-1616.31
-1841.3
-2019.78
-2087.72
-2116.4
-2076.31
-2107.49
-2256.46
-2277.35
-2235.3
-2103.32
-1953.79
-1852.44
-1729.36
-1661.42
-1499.64
-1280.79
-1083.09
-862.002
-678.784
-537.611
-357.177
-199.577
-10.5111
227.282
385.44
526.056
672.519
805.617
893.049
962.661
1044.52
1084.34
1145.04
1138.64
1130.01
1123.6
1061.51
1071.53
1103.83
1133.91
1131.12
1165.93
1222.45
1287.33
1272.02
1164.81
1129.73
1082.39
1039.51
1030.6
1007.77
923.678
837.916
783.619
810.907
823.994
844.321
841.258
789.188
691.175
594.832
536.637
493.756
474.543
429.713
402.982
323.347
307.197
350.913
424.423
503.78
473.151
466.747
430.549
441.13
440.294
441.13
385.162
321.398
247.609
191.92
178.554
96.134
48.2412
-8.28354
-1.87926
-25.8257
42.3938
59.1006
-8.0051
-114.65
-241.622
-231.876
-240.787
-189.274
-225.194
-322.372
-432.915
-569.075
-602.768
-615.019
-569.075
-645.648
-804.085
-965.584
-1101.47
-1186.95
-1257.4
-1283.57
-1391.89
-1502.43
-1639.15
-1780.6
-1874.71
-1926.23
-1994.17
-2037.88
-2104.99
-2134.23
-2089.4
-2018.67
-1900.33
-1780.6
-1673.4
-1601.56
-1488.51
-1315.59
-1093.67
-836.384
-575.48
-396.717
-235.496
-117.156
-8.28354
183.845
392.401
655.255
821.21
906.693
933.702
988.835
1045.36
1108.29
1223.01
1290.95
1326.87
1304.04
1313.23
1328.54
1343.58
1327.43
1286.49
1292.62
1287.05
1334.11
1319.63
1211.59
1089.35
1006.1
1015.29
1035.34
1032.27
982.152
871.33
798.098
768.862
778.329
737.954
715.678
676.974
576.733
544.99
546.939
579.518
584.251
511.577
456.166
440.294
418.575
464.798
517.424
526.613
481.783
471.759
436.396
439.459
488.187
514.361
506.286
462.292
428.043
370.126
297.73
248.723
237.863
227.282
196.096
178.833
144.027
99.7538
-10.7896
-85.4133
-92.9314
-152.241
-151.962
-201.526
-274.479
-327.941
-420.106
-531.764
-630.334
-707.742
-790.719
-852.534
-931.056
-985.353
-1091.72
-1205.33
-1273.55
-1332.3
-1426.13
-1553.66
-1676.46
-1850.49
-1961.31
-2062.94
-2101.93
-2121.42
-2231.96
-2248.95
-2194.37
-2091.9
-1957.69
-1839.35
-1734.65
-1644.44
-1519.69
-1390.22
-1188.06
-919.362
-675.999
-433.472
-222.966
-79.2875
56.3161
260.975
443.636
642.447
844.321
984.658
1115.81
1187.65
1196.83
1204.63
1223.57
1276.47
1280.65
1265.33
1250.85
1240.27
1245.01
1235.26
1227.46
1242.5
1235.54
1187.92
1164.81
1215.77
1236.1
1190.99
1139.47
1033.39
944.562
840.701
805.338
793.365
771.646
743.801
665.558
587.593
480.948
444.749
419.132
426.094
460.342
438.902
378.201
347.85
335.598
328.359
352.584
432.498
503.78
521.322
484.01
480.112
525.221
538.586
562.811
593.719
577.29
479.555
360.38
314.715
302.742
277.96
269.606
182.731
27.0792
-76.503
-117.992
-111.866
-115.764
-112.98
-170.061
-240.23
-321.536
-404.792
-469.948
-496.122
-577.15
-689.086
-719.437
-763.71
-840.561
-958.066
-1063.32
-1223.43
-1329.51
-1415.83
-1527.21
-1603.51
-1767.23
-1956.85
-2104.71
-2156.5
-2200.22
-2259.8
-2272.61
-2339.16
-2339.16
-2229.18
-2031.2
-1800.09
-1632.74
-1557.28
-1504.38
-1409.15
-1174.98
-868.406
-604.717
-358.291
-180.642
-47.2661
115.625
320.562
617.665
846.548
964.888
1045.08
1111.07
1197.67
1314.9
1379.77
1404.56
1398.71
1341.63
1336.34
1380.33
1421.54
1453.84
1401.49
1325.76
1247.79
1253.36
1296.24
1286.77
1230.25
1080.44
940.942
838.195
819.539
847.94
832.904
734.334
579.796
517.981
515.475
578.682
640.219
602.629
543.041
459.229
432.219
427.764
460.064
488.187
419.689
374.024
356.203
388.503
439.737
473.151
471.48
412.45
346.736
302.742
336.155
401.312
439.737
425.258
351.47
233.965
202.501
188.3
188.021
208.627
143.748
9.8155
-108.803
-114.372
-101.842
-110.752
-201.526
-244.685
-305.386
-339.914
-326.27
-287.844
-342.698
-489.44
-690.478
-823.297
-829.702
-869.241
-888.732
-924.374
-1034.92
-1244.59
-1368.22
-1438.39
-1449.25
-1483.49
-1599.61
-1769.18
-1992.77
-2121.97
-2197.43
-2214.7
-2189.91
-2207.18
-2235.02
-2223.89
-2128.66
-1956.58
-1771.69
-1635.53
-1545.87
-1421.12
-1230.67
-941.916
-604.717
-341.028
-136.926
28.4714
160.177
312.487
496.262
725.702
920.058
1085.18
1245.84
1388.68
1453.56
1447.99
1475.28
1479.46
1527.07
1564.66
1528.19
1530.41
1441.87
1339.4
1263.94
1180.96
1145.04
1149.78
1124.44
1037.84
924.235
831.234
779.164
753.825
723.196
678.088
604.021
508.514
446.142
401.033
378.758
371.518
409.387
360.102
315.829
284.643
234.244
249.28
278.795
354.254
409.665
429.992
402.704
416.626
497.097
599.009
711.502
746.864
791.973
749.092
721.247
756.053
834.297
838.473
694.238
538.864
350.356
280.187
294.667
365.671
382.099
214.474
6.75259
-139.989
-221.852
-249.419
-270.302
-275.871
-350.773
-465.493
-454.912
-453.52
-461.038
-611.956
-763.71
-920.754
-1045.78
-1096.18
-1112.33
-1125.13
-1326.73
-1555.33
-1718.78
-1811.78
-1862.18
-1976.35
-2073.8
-2217.2
-2367.29
-2480.61
-2483.12
-2411
-2353.64
-2351.14
-2320.51
-2191.86
-1996.95
-1746.63
-1525.54
-1340.65
-1167.46
-975.329
-767.887
-483.592
-203.196
75.8074
288.262
429.992
576.176
751.876
921.172
1150.61
1391.19
1551.85
1627.87
1598.63
1523.73
1531.81
1537.37
1546.01
1563.55
1522.9
1454.68
1376.43
1335.22
1247.23
1154.23
1135.85
1101.61
1018.91
917.831
859.635
792.251
648.016
555.85
468.696
381.542
289.655
230.624
201.665
174.656
187.465
217.537
264.594
309.981
351.748
362.886
343.116
368.177
459.229
561.976
644.396
687.834
674.19
637.435
668.064
793.086
910.313
938.157
856.294
784.176
730.714
700.921
767.469
844.878
822.323
633.815
454.217
353.697
387.946
421.081
452.546
372.353
147.368
-45.8739
-156.417
-141.381
-195.678
-290.907
-462.152
-657.343
-753.964
-763.988
-721.386
-819.121
-1029.07
-1264.36
-1447.85
-1481.55
-1483.49
-1448.13
-1504.94
-1709.87
-1961.31
-2167.36
-2184.9
-2106.94
-2096.08
-2136.73
-2231.12
-2337.49
-2392.9
-2302.13
-2157.06
-2031.2
-1965.21
-1901.17
-1803.99
-1597.1
-1357.08
-1135.99
-882.328
-716.095
-530.928
-336.851
-57.8471
304.412
672.241
949.295
1121.93
1186.81
1246.95
1341.07
1540.16
1785.47
1936.95
1979.83
1865.39
1725.33
1595.85
1542.94
1571.07
1561.04
1486.98
1328.82
1137.25
1005.54
958.762
953.193
916.438
795.314
608.198
440.016
318.335
270.72
243.154
203.058
105.88
4.24657
-35.2929
-46.4308
-9.95422
51.5825
75.8074
85.8315
128.712
188.3
217.815
216.702
199.159
213.917
315.829
439.459
568.658
652.749
685.328
712.894
763.85
829.285
921.729
1006.38
1038.68
1039.79
980.76
954.586
901.959
802.832
704.54
592.048
480.669
356.76
247.052
112.841
-42.5325
-132.471
-141.103
-174.238
-286.452
-457.14
-676.556
-878.43
-917.691
-814.666
-745.611
-730.853
-897.643
-1196.42
-1421.12
-1453.14
-1397.73
-1353.74
-1384.09
-1487.39
-1670.89
-1831
-1901.17
-1913.14
-1908.4
-1985.81
-2093.57
-2208.85
-2230.29
-2199.66
-2123.09
-2040.39
-2040.11
-1986.37
-1885.85
-1711.26
-1441.73
-1171.08
-924.652
-726.119
-505.311
-276.985
19.0042
351.748
620.728
850.725
1043.97
1198.23
1292.34
1385.9
1450.5
1551.85
1693.86
1842.83
1907.15
1890.17
1765.7
1569.12
1381.44
1281.48
1242.78
1203.52
1155.62
962.382
762.179
579.239
443.079
398.527
348.964
321.398
185.794
-3.82839
-131.635
-256.658
-229.927
-236.61
-205.702
-204.867
-229.092
-266.404
-295.362
-214.891
-134.698
-2.15771
88.8944
155.722
190.249
222.27
230.902
351.47
557.52
761.065
925.07
989.948
983.544
979.367
981.595
1049.26
1102.72
1163.98
1184.03
1138.36
1075.43
1006.66
935.93
829.285
710.388
561.976
482.061
393.515
314.993
272.669
180.782
12.8784
-120.219
-234.382
-357.734
-491.667
-599.705
-738.371
-888.454
-1032.69
-1071.39
-987.024
-962.521
-1063.04
-1198.92
-1389.66
-1477.09
-1503.26
-1466.79
-1374.9
-1429.2
-1551.99
-1767.51
-1903.67
-1901.17
-1859.4
-1804.54
-1748.3
-1768.07
-1781.43
-1793.68
-1749.13
-1618.54
-1522.76
-1370.45
-1212.01
-1002.62
-746.725
-560.165
-380.01
-236.053
-90.4254
115.347
397.692
746.586
1045.36
1245.84
1378.1
1377.55
1419.03
1502.29
1625.36
1769.6
1796.89
1745.37
1627.59
1490.32
1318.79
1204.07
1100.21
1001.64
900.288
732.942
562.532
406.045
290.211
129.269
36.268
13.4353
-17.4723
-32.23
-107.132
-156.696
-213.499
-256.101
-305.943
-342.141
-281.718
-213.22
-121.89
-21.649
82.4901
179.668
234.801
304.691
434.447
511.855
610.704
720.69
806.452
866.875
902.238
968.508
1059.56
1121.1
1197.11
1215.77
1207.97
1173.72
1162.59
1204.07
1215.49
1216.33
1117.2
929.804
733.499
589.82
478.163
364.557
218.094
112.562
-28.8886
-213.22
-366.923
-495.009
-605.552
-752.015
-875.924
-1019.6
-1130.15
-1178.32
-1234.84
-1234.01
-1156.88
-1160.78
-1212.01
-1286.08
-1426.97
-1489.06
-1521.36
-1509.11
-1471.24
-1465.4
-1514.12
-1611.58
-1704.86
-1783.66
-1830.72
-1827.93
-1800.09
-1749.41
-1670.05
-1589.03
-1502.99
-1365.71
-1258.79
-1158.55
-955.838
-712.476
-443.218
-225.472
-10.2327
113.955
232.295
416.905
707.325
1072.65
1315.73
1520.95
1634.55
1666.57
1679.94
1750.67
1784.91
1798.28
1716.97
1637.06
1532.64
1411.8
1297.63
1098.26
894.163
634.929
462.013
346.736
333.649
338.383
253.456
52.6963
-185.933
-326.27
-378.896
-345.204
-310.955
-258.607
-286.452
-317.916
-342.698
-339.635
-268.91
-188.439
-77.8953
46.292
193.869
310.817
411.057
480.391
537.472
538.864
577.012
671.684
768.305
838.473
848.776
796.706
784.733
794.2
788.631
836.803
818.982
713.729
593.162
522.715
473.429
388.225
290.49
122.586
-75.1108
-172.01
-264.733
-342.42
-413.702
-454.355
-546.521
-655.672
-725.841
-753.964
-698.553
-681.846
-650.104
-616.411
-634.232
-716.374
-810.767
-857.825
-844.181
-735.03
-598.312
-435.143
-338.8
-366.366
-480.808
-601.375
-649.825
-616.968
-523.689
-479.416
-492.224
-566.569
-626.714
-625.322
-608.058
-591.351
-673.771
-777.911
-851.142
-816.893
-697.439
-531.485
-389.477
-325.713
-344.369
-386.414
-339.078
-198.463
-4.94218
143.192
296.059
394.629
519.095
681.986
784.176
927.576
1021.97
1129.45
1201.57
1215.21
1209.09
1146.71
1040.9
959.876
918.388
852.953
808.123
678.923
497.376
293.274
177.44
167.416
199.438
204.45
112.284
-22.2059
-131.079
-201.804
-239.116
-225.194
-235.775
-281.718
-326.27
-355.785
-341.028
-337.129
-333.509
-346.04
-381.681
-388.92
-363.582
-312.069
-276.428
-227.7
-199.577
-187.603
-138.318
-137.483
-183.148
-272.53
-285.338
-200.969
-129.965
-35.5713
110.613
203.058
189.135
171.036
160.734
185.237
212.803
264.594
263.759
217.537
123.7
-6.05597
-101.006
-200.969
-273.086
-320.144
-391.426
-472.176
-582.719
-657.343
-648.711
-648.711
-654.559
-648.433
-608.893
-542.901
-474.404
-380.845
-251.925
-57.0117
86.3884
176.327
264.316
261.253
288.819
336.155
434.168
504.059
560.862
692.01
758.281
753.825
799.491
826.5
795.871
726.259
630.474
602.629
577.569
590.934
664.444
677.531
584.53
377.644
96.9694
-113.815
-220.46
-224.358
-264.733
-302.323
-382.795
-481.365
-570.468
-566.848
-478.58
-383.351
-304.551
-301.21
-311.512
-358.57
-325.156
-250.254
-194.843
-123.839
-94.8805
-32.7869
0.905204
70.5169
171.036
234.522
267.379
291.325
303.02
300.792
318.613
306.918
271.556
221.992
144.305
73.5798
28.7499
-19.6999
-89.3116
-109.638
-128.294
-165.606
-148.899
-136.091
-136.091
-189.831
-228.813
-207.651
-204.032
-104.905
-26.661
21.5103
51.0256
73.0229
83.3255
106.993
111.727
78.3134
39.8878
27.9145
77.4781
75.2505
61.3282
35.7111
-39.748
-160.037
-229.37
-240.23
-236.053
-178.971
-181.756
-213.499
-320.701
-422.612
-520.347
-600.262
-639.523
-656.508
-654.559
-648.99
-657.622
-698.832
-765.937
-824.411
-811.046
-742.269
-632.004
-564.342
-505.59
-487.491
-478.302
-423.169
-294.805
-170.618
-8.0051
136.509
247.888
410.501
567.545
760.787
925.349
1016.68
1018.35
1001.09
1031.16
1138.92
1287.33
1435.46
1501.46
1483.63
1374.21
1209.64
1065.13
914.768
769.975
615.159
510.463
431.384
381.264
290.768
177.162
-6.61286
-251.089
-489.161
-754.243
-922.425
-1029.35
-1082.53
-1081.14
-1115.11
-1124.86
-1149.08
-1188.34
-1135.71
-1048.84
-897.921
-787.935
-694.655
-578.264
-480.251
-375.833
-224.358
-57.8471
78.8703
76.0858
53.5317
37.6602
15.9413
88.3375
156.279
270.72
313.323
281.023
248.166
213.36
161.012
129.269
88.0591
46.5705
-2.71461
-14.4094
-8.0051
61.0497
90.2866
46.8489
-14.6878
-119.105
-182.87
-227.7
-225.194
-179.25
-103.791
-18.5861
87.7806
159.063
150.71
126.485
13.1569
-90.1469
-153.076
-165.884
-130.8
-175.352
-240.23
-340.749
-425.954
-521.74
-575.48
-597.477
-612.513
-593.857
-559.33
-460.76
-439.319
-462.709
-515.614
-545.686
-550.42
-464.936
-352.444
-227.143
-108.524
-77.3384
15.9413
88.616
98.9185
127.042
192.198
260.696
328.359
384.048
522.436
714.843
915.046
1075.15
1171.5
1258.37
1396.2
1546.84
1698.32
1809.7
1890.72
1977.6
2053.34
2113.76
2059.74
1937.78
1740.92
1566.33
1381.17
1208.53
1103
979.089
882.189
723.196
465.911
69.96
-381.124
-804.363
-1136.83
-1332.86
-1481.82
-1622.72
-1732.7
-1810.11
-1936.53
-2047.91
-2133.39
-2186.29
-2225.28
-2219.99
-2169.31
-2086.89
-1896.43
-1659.75
-1416.67
-1193.07
-992.593
-910.173
-818.842
-699.389
-605.83
-466.607
-329.054
-67.5927
195.818
426.65
539.7
549.445
502.11
344.787
255.963
249.001
273.505
300.514
331.422
338.94
308.311
228.396
121.473
4.24657
-99.3357
-132.471
-192.337
-218.789
-228.257
-245.799
-273.643
-286.173
-308.449
-334.902
-327.662
-311.512
-315.41
-359.405
-387.25
-356.342
-245.52
-152.519
-109.36
-53.3919
-65.6436
-69.5418
-103.512
-109.081
-81.7935
-34.736
80.8194
213.36
375.138
501.274
569.494
550.559
488.744
438.624
455.887
539.421
685.884
815.919
874.114
912.54
911.426
895.276
895.555
978.81
1052.04
1048.14
1026.7
1034.22
1165.93
1280.09
1387.57
1476.67
1571.62
1571.07
1482.8
1475.28
1433.79
1391.75
1368.36
1386.18
1448.27
1533.48
1567.17
1496.72
1255.03
916.995
603.186
379.871
239.813
138.458
44.3429
-132.192
-402.286
-796.288
-1252.66
-1695.95
-2059.6
-2404.32
-2706.15
-2925.85
-3046.7
-3046.42
-3004.65
-3006.88
-2993.51
-2928.36
-2854.01
-2788.58
-2715.34
-2561.92
-2335.26
-2048.74
-1616.59
-1125.69
-668.481
-271.973
89.7297
367.341
577.012
773.317
914.768
1051.49
1206.02
1377.27
1552.97
1686.9
1688.29
1618.12
1507.86
1371.14
1187.92
993.847
778.607
505.172
242.876
50.1903
-76.2246
-128.016
-180.642
-315.41
-524.246
-741.713
-922.146
-1035.2
-1106.76
-1133.21
-1157.71
-1187.23
-1088.38
-916.299
-717.766
-461.038
-255.823
-76.2246
84.1608
214.474
415.791
642.168
854.345
1019.74
1183.47
1372.26
1530.14
1622.58
1672.42
1659.33
1576.36
1502.57
1432.68
1338.01
1316.84
1287.33
1275.08
1278.42
1214.65
1114.69
966.559
771.924
582.302
460.621
406.881
358.152
296.059
279.074
277.403
313.044
397.97
464.241
522.993
526.613
489.023
454.217
470.923
572.835
705.097
822.323
923.121
928.969
833.461
646.345
416.348
209.462
-7.4482
-180.085
-361.076
-517.006
-652.331
-819.956
-999.554
-1211.45
-1476.26
-1830.72
-2155.67
-2441.63
-2688.89
-2929.19
-3107.12
-3171.16
-3115.75
-3013.84
-2868.21
-2687.78
-2476.16
-2319.95
-2247
-2127.54
-1919.82
-1619.93
-1245.7
-803.528
-297.311
225.612
707.882
1153.95
1549.35
1832.25
2014.63
2143.55
2222.91
2295.86
2251.59
2208.99
2154.13
2064.47
1939.17
1737.3
1540.72
1237.49
876.342
409.387
-60.0747
-493.895
-886.226
-1158.27
-1321.44
-1362.65
-1397.18
-1413.33
-1413.05
-1388.82
-1387.15
-1377.69
-1326.45
-1259.07
-1220.64
-1140.17
-1005.4
-772.899
-395.882
36.8248
489.858
878.848
1218.55
1480.85
1673.81
1843.39
2010.46
2106.24
2107.63
2109.3
2074.5
2025.77
2007.11
1994.86
1956.72
1871.23
1742.87
1598.91
1426
1226.35
1017.51
793.086
576.733
393.794
206.399
37.1033
-91.2607
-157.531
-184.262
-165.328
-84.8564
16.7767
49.0765
65.2264
88.616
127.599
187.186
245.103
344.23
466.468
545.826
592.048
558.913
472.594
353.14
178.833
19.2827
-100.171
-219.068
-417.322
-621.423
-834.992
-1083.37
-1350.4
-1651.96
-1946.83
-2282.08
-2618.44
-2861.25
-3069.81
-3217.1
-3301.47
-3307.88
-3235.48
-3124.38
-2947.85
-2725.37
-2463.91
-2231.12
-1951.84
-1687.04
-1379.91
-1011.53
-588.567
-128.016
361.494
876.064
1336.61
1720.04
2036.35
2293.08
2471.56
2520.01
2534.49
2499.41
2392.49
2285
2144.39
1988.46
1778.79
1520.39
1245.56
920.894
597.338
209.183
-139.71
-482.2
-853.37
-1152.42
-1406.09
-1575.94
-1637.2
-1678.41
-1664.76
-1620.21
-1555.06
-1455.09
-1353.18
-1195.86
-1006.24
-762.318
-418.157
-55.0626
292.439
600.68
840.422
1099.38
1364.18
1605.59
1798.28
1953.37
2085.08
2154.97
2223.75
2201.75
2178.08
2069.77
1884.32
1664.9
1446.6
1233.59
1067.64
962.104
820.374
720.69
615.994
518.259
355.646
155.443
-76.503
-305.665
-514.221
-679.062
-720.829
-687.415
-577.15
-439.319
-302.602
-214.613
-55.0626
97.8047
210.019
279.909
291.047
322.79
245.66
117.018
2.29744
-118.27
-121.89
-129.129
-90.7038
-86.2487
-142.495
-261.67
-468.278
-754.243
-1097.85
-1470.96
-1825.15
-2166.8
-2476.16
-2758.22
-3002.7
-3127.72
-3213.49
-3196.5
-3126.05
-2961.49
-2731.22
-2490.92
-2232.8
-1991.1
-1728.53
-1472.08
-1159.94
-811.603
-472.454
-73.4401
393.515
867.153
1329.65
1784.64
2137.71
2429.24
2638.91
2808.21
2902.32
2879.49
2772.84
2582.94
2365.2
2093.43
1808.03
1495.61
1157.57
805.06
463.684
115.625
-196.514
-484.428
-735.587
-933.841
-1091.72
-1154.65
-1202.54
-1140.73
-1068.89
-1019.88
-939.41
-897.086
-893.466
-905.439
-865.621
-714.703
-497.515
-220.182
140.129
501.553
857.965
1136.41
1372.53
1619.8
1763.2
1833.64
1855.92
1835.31
1808.58
1781.57
1728.11
1710.85
1664.07
1554.08
1371.98
1195.44
1064.57
885.809
716.792
525.221
330.586
145.698
-42.5325
-250.532
-461.595
-678.505
-856.99
-974.773
-1015.98
-964.192
-870.633
-741.434
-623.094
-527.03
-381.681
-210.436
-46.4308
88.616
153.494
133.446
44.6214
-47.2661
-124.396
-141.103
-142.773
-185.933
-301.21
-420.663
-506.982
-588.845
-677.948
-843.624
-1081.97
-1376.57
-1708.2
-2005.58
-2278.74
-2520.15
-2743.75
-2914.71
-2959.82
-2869.6
-2675.8
-2421.58
-2065.45
-1795.36
-1582.34
-1369.05
-1135.16
-875.089
-602.211
-325.713
-53.6704
258.469
603.743
1038.12
1489.2
1886.83
2205.37
2493
2716.6
2886.73
2956.34
2939.91
2827.42
2579.88
2270.8
1946.69
1661.28
1289.28
898.618
516.867
135.952
-170.618
-432.08
-632.561
-815.222
-935.512
-1036.31
-1102.3
-1071.39
-985.075
-891.795
-846.687
-813.552
-828.309
-813.83
-761.761
-674.328
-469.948
-206.816
69.1247
381.542
662.773
897.504
1110.52
1292.34
1446.6
1616.73
1748.99
1794.66
1797.17
1726.72
1630.38
1565.22
1504.8
1379.22
1251.13
1101.33
947.624
818.704
645.788
473.708
332.814
210.019
70.5169
-102.399
-323.485
-546.243
-786.542
-1011.81
-1154.93
-1240.97
-1233.17
-1167.74
-1025.73
-844.181
-645.37
-380.567
-222.966
-41.9756
71.9091
127.042
113.398
12.6
-38.9127
-102.12
-86.2487
-36.9636
-31.9515
-36.1282
-41.4187
-79.2875
-106.018
-230.206
-418.436
-702.173
-1026.01
-1312.81
-1620.77
-1862.46
-2126.71
-2420.19
-2671.35
-2798.88
-2769.64
-2589.49
-2302.69
-2013.66
-1695.39
-1379.91
-1061.93
-733.081
-405.07
-96.5512
126.763
377.087
653.585
960.99
1306.26
1619.8
1877.36
2109.03
2323.43
2523.08
2692.65
2804.03
2786.21
2651.44
2416.15
2132.14
1877.64
1574.41
1213.26
741.852
266.543
-214.056
-650.66
-988.138
-1259.35
-1442.84
-1536.68
-1500.76
-1399.13
-1243.2
-1077.24
-958.623
-937.461
-961.686
-971.153
-955.003
-923.538
-905.996
-872.583
-791.554
-643.142
-387.25
-41.4187
313.601
665.279
1018.35
1347.75
1671.03
1941.96
2129.35
2172.23
2085.92
1967.02
1793.55
1598.63
1315.45
1001.36
708.996
470.088
358.988
289.098
211.133
92.2358
-55.898
-203.196
-378.618
-529.814
-731.967
-958.901
-1243.75
-1477.93
-1634.69
-1645.55
-1544.2
-1438.66
-1300.28
-1136.83
-887.062
-572.138
-167.834
221.992
551.673
781.113
896.39
933.981
962.382
952.636
888.594
819.539
685.328
518.538
368.733
245.938
169.922
31.5344
-137.761
-386.971
-622.259
-866.735
-1149.08
-1417.5
-1701.24
-1928.73
-2106.38
-2189.91
-2218.59
-2185.74
-2124.76
-2067.68
-1951.84
-1765.84
-1437.55
-1043.83
-643.699
-195.957
264.037
707.882
1143.09
1593.9
1982.89
2248.53
2438.43
2582.39
2685.13
2738.04
2662.86
2542.85
2366.31
2181.7
2072.27
1966.74
1803.85
1562.44
1178.74
721.526
226.726
-275.036
-772.62
-1261.57
-1705.97
-2061.83
-2271.22
-2339.72
-2286.81
-2127.26
-1927.06
-1668.11
-1380.75
-1100.63
-828.588
-660.406
-572.138
-527.03
-494.73
-436.256
-342.977
-246.356
-122.447
74.6936
331.143
663.609
1113.02
1543.5
1919.13
2187.27
2344.87
2402.79
2387.75
2230.99
1947.53
1583.6
1137.25
689.504
327.245
-9.11888
-339.357
-581.884
-781.809
-937.461
-1081.97
-1171.08
-1274.94
-1365.15
-1374.9
-1367.38
-1326.17
-1255.73
-1235.12
-1235.96
-1204.49
-1085.32
-893.744
-636.738
-341.584
-38.9127
330.308
766.077
1227.46
1596.41
1820
1946.13
2003.49
1987.62
1937.22
1847.01
1603.37
1285.38
963.496
597.895
246.495
-96.8296
-498.907
-918.248
-1248.21
-1544.47
-1768.35
-1955.74
-2217.2
-2449.71
-2651.58
-2737.62
-2690.01
-2610.65
-2544.66
-2474.77
-2346.12
-2143.97
-1786.72
-1352.9
-868.963
-323.485
223.106
788.074
1400.38
1962.28
2380.51
2643.64
2772.84
2873.36
2950.21
2942.42
2866.96
2670.1
2406.96
2156.92
1938.62
1728.67
1453.28
1115.25
693.681
281.58
-111.03
-482.2
-878.708
-1311.41
-1729.08
-2106.66
-2377.31
-2509.29
-2571.67
-2546.6
-2451.65
-2219.99
-1898.38
-1512.73
-1122.07
-851.142
-659.292
-523.41
-376.669
-186.49
7.86637
258.469
484.01
765.52
1086.01
1400.38
1767.37
2043.03
2226.53
2331.23
2391.93
2379.12
2297.26
2026.05
1685.51
1229.41
823.159
462.292
74.4152
-292.578
-721.386
-1120.68
-1437.83
-1571.76
-1651.4
-1694
-1705.42
-1728.25
-1663.09
-1551.99
-1353.74
-1163
-1009.02
-883.164
-721.664
-485.541
-199.855
144.862
467.861
827.057
1226.07
1666.3
2055.29
2385.25
2591.57
2706.29
2754.19
2722.17
2601.6
2337.91
1937.78
1477.79
1064.85
724.032
397.97
13.7138
-447.673
-911.287
-1349.01
-1713.77
-2031.48
-2366.45
-2745.97
-3099.88
-3371.36
-3511.14
-3536.76
-3495.83
-3395.87
-3232.98
-2962.05
-2563.03
-2017.56
-1389.94
-786.821
-193.172
325.296
926.741
1501.73
2070.04
2543.12
2830.48
3057.97
3200.82
3290.48
3354.8
3317.21
3143.18
2928.22
2657.84
2391.09
2063.92
1664.63
1174.28
640.776
102.817
-411.475
-886.226
-1385.48
-1876.94
-2351.14
-2735.39
-2918.89
-3003.26
-3038.34
-3017.18
-2936.15
-2777.99
-2476.44
-2153.16
-1829.05
-1472.08
-1192.24
-883.442
-544.015
-192.894
163.518
452.546
772.76
1095.76
1464.42
1810.81
2121.83
2340.42
2451.24
2478.53
2479.36
2449.29
2332.62
2099.28
1740.08
1310.16
836.246
390.452
-70.0987
-514.5
-932.727
-1276.61
-1550.32
-1720.73
-1847.42
-1926.78
-1932.07
-1897.27
-1808.44
-1665.6
-1482.94
-1275.5
-1047.73
-739.763
-378.618
-9.11888
357.317
739.903
1102.44
1499.51
1972.03
2401.12
2776.46
3079.13
3232.84
3236.74
3141.23
3032.91
2876.98
2589.63
2230.71
1807.47
1367.8
956.256
543.32
100.032
-343.812
-859.496
-1314.76
-1795.63
-2246.44
-2719.24
-3215.43
-3615.56
-3967.8
-4161.88
-4252.09
-4227.87
-4117.6
-3890.11
-3538.71
-3050.87
-2490.36
-1876.38
-1215.07
-597.199
68.2893
784.176
1466.09
2106.52
2605.78
2954.39
3198.87
3352.85
3477.59
3552.49
3533.84
3416.61
3250.1
2999.5
2733.86
2464.88
2048.6
1539.6
976.304
368.177
-252.76
-870.633
-1520.81
-2204.67
-2792.75
-3278.08
-3608.32
-3736.41
-3748.1
-3677.38
-3533.14
-3268.34
-2951.47
-2649.35
-2351.41
-2044.29
-1727.41
-1363.21
-915.463
-457.975
48.7981
546.104
1007.77
1419.03
1835.87
2215.67
2562.06
2833.54
3015.37
3095.01
3109.76
2984.74
2770.06
2442.61
2085.08
1662.4
1226.07
805.338
361.772
-32.5084
-433.75
-790.162
-1131.82
-1446.74
-1720.45
-1956.02
-2134.78
-2210.8
-2202.44
-2118.63
-1972.73
-1780.32
-1507.44
-1195.58
-872.861
-484.428
-21.0921
436.396
936.765
1450.78
1869.84
2234.88
2551.76
2807.93
3003.12
3117.56
3144.29
3090.27
2969.71
2829.65
2669.82
2439.82
2107.08
1708.62
1267.56
785.29
298.008
-248.583
-788.492
-1341.77
-1938.2
-2479.22
-2971.79
-3446.27
-3873.4
-4271.86
-4620.76
-4831.26
-4886.39
-4776.96
-4553.93
-4193.62
-3703.83
-3088.74
-2414.9
-1658.08
-878.987
-97.1081
638.27
1314.06
1943.07
2476.58
2903.71
3221.7
3425.8
3577
3678.91
3732.65
3665.54
3553.61
3342.82
3113.38
2894.8
2657.01
2318.42
1794.38
1213.82
490.136
-251.925
-1046.89
-1744.4
-2386.78
-2930.86
-3372.76
-3690.74
-3845
-3883.99
-3779.57
-3595.79
-3323.19
-2986.27
-2540.48
-2127.26
-1714.33
-1305.57
-883.442
-408.412
68.5678
560.026
1040.9
1547.12
2024.38
2498.02
2914.57
3206.66
3388.77
3397.4
3301.89
3153.76
2916.52
2606.61
2194.79
1728.11
1268.67
841.536
436.118
49.355
-307.614
-666.532
-995.378
-1280.51
-1501.32
-1688.43
-1963.82
-2217.2
-2427.43
-2497.88
-2454.72
-2321.06
-2138.4
-1859.96
-1445.63
-950.826
-379.453
168.53
651.635
1113.86
1487.25
1805.24
2091.76
2325.1
2492.45
2633.62
2731.91
2760.59
2797.63
2772.57
2728.29
2623.6
2494.12
2263.01
1866.78
1391.75
859.914
298.286
-206.538
-745.889
-1308.35
-1881.95
-2435.23
-3002.42
-3507.25
-3976.99
-4389.09
-4697.33
-4918.14
-5000
-4956.28
-4762.21
-4449.23
-4052.72
-3567.95
-2927.24
-2206.06
-1407.2
-550.976
260.139
956.535
1600.86
2197.85
2697.66
3105.03
3394.62
3575.88
3668.89
3677.24
3675.85
3578.11
3427.75
3218.92
2980.56
2721.05
2358.51
1948.08
1469.99
969.9
435.282
-141.66
-755.078
-1361.54
-1963.26
-2537.14
-2973.74
-3264.72
-3432.9
-3503.35
-3522
-3442.09
-3271.12
-3022.75
-2628.75
-2204.12
-1741.06
-1255.17
-729.739
-195.957
330.586
854.623
1344.97
1766.82
2106.8
2426.46
2635.57
2821.29
2885.61
2839.67
2716.88
2510.27
2260.22
1953.93
1616.73
1228.58
867.71
536.08
219.764
-82.9073
-385.022
-656.229
-919.64
-1176.92
-1425.02
-1666.43
-1889.75
-2035.1
-2101.93
-2052.92
-1946.27
-1767.79
-1486.28
-1184.72
-797.123
-418.714
-24.155
358.988
722.361
1075.43
1444.1
1765.14
2021.04
2189.22
2330.67
2402.79
2421.44
2398.05
2324.54
2238.23
2115.43
1978.71
1800.23
1604.2
1368.08
1101.33
741.295
352.305
-84.578
-527.587
-960.572
-1413.33
-1877.5
-2338.05
-2763.52
-3147.77
-3491.38
-3746.43
-3939.4
-4091.98
-4107.02
-3999.26
-3804.35
-3462.97
-3066.19
-2612.04
-2092.46
-1507.72
-894.58
-267.239
342.559
913.375
1451.89
1938.62
2365.48
2737.76
2996.16
3183.55
3293.26
3306.07
3271.26
3204.99
3078.3
2856.66
2622.76
2336.8
2019.09
1668.52
1234.42
769.14
277.124
-259.443
-726.398
-1188.06
-1625.5
-2018.67
-2384.27
-2659.38
-2834.8
-2942.28
-2952.86
-2868.49
-2714.51
-2481.73
-2210.8
-1884.74
-1525.26
-1148.24
-751.458
-331.839
98.0831
512.412
901.681
1206.02
1443.54
1622.58
1797.44
1927.2
1979.83
1938.34
1827.79
1673.54
1525.12
1339.4
1133.07
923.678
729.879
533.574
333.371
124.257
-105.74
-355.228
-598.034
-795.174
-995.099
-1130.7
-1195.3
-1226.49
-1258.23
-1274.38
-1276.61
-1223.43
-1139.89
-1024.61
-827.474
-540.117
-224.915
77.4781
393.237
632.423
881.076
1118.31
1338.01
1501.73
1593.06
1650.15
1664.07
1641.51
1604.76
1558.54
1558.26
1540.16
1515.66
1455.23
1366.69
1268.67
1128.61
920.058
645.788
302.742
-91.2607
-486.934
-877.595
-1188.06
-1462.89
-1759.71
-2019.78
-2309.37
-2523.22
-2668.29
-2765.19
-2817.26
-2867.1
-2834.8
-2743.19
-2580.85
-2385.94
-2171.82
-1904.78
-1513.85
-1069.44
-555.153
9.53706
529.954
1068.75
1543.22
1973.98
2370.21
2682.07
2890.63
2979.17
2972.21
2904.27
2800.13
2658.12
2431.75
2135.48
1811.09
1493.94
1169.83
825.386
486.795
132.889
-208.208
-560.444
-893.744
-1190.01
-1467.34
-1705.14
-1888.64
-2063.5
-2198.55
-2292.94
-2312.43
-2287.65
-2167.08
-1976.35
-1745.79
-1484.33
-1254.61
-1012.92
-765.659
-495.566
-243.293
-6.89131
255.684
444.749
642.725
835.689
955.143
1074.04
1181.8
1217.16
1225.51
1202.4
1147.83
1103
1019.74
936.765
855.459
777.493
653.863
458.95
289.098
79.1488
-138.04
-374.163
-633.118
-870.355
-1108.71
-1290.25
-1391.05
-1446.18
-1367.94
-1203.1
-996.213
-766.216
-560.722
-341.306
-151.684
59.1006
268.493
428.878
584.53
752.99
921.729
1087.13
1280.37
1490.87
1635.11
1762.36
1902.42
1987.34
2037.19
2064.75
2020.48
1898.24
1737.02
1541.27
1327.15
1055.1
776.658
448.369
118.131
-182.034
-493.338
-824.133
-1195.58
-1563.69
-1924.28
-2238.36
-2517.65
-2750.71
-2941.16
-3082.62
-3171.72
-3153.9
-3035.28
-2823.1
-2490.64
-2140.91
-1704.3
-1174.98
-642.029
-133.863
404.096
924.513
1365.02
1784.64
2173.63
2494.95
2670.1
2779.53
2826.86
2802.64
2691.26
2520.01
2308.67
2059.46
1823.62
1562.71
1297.63
986.05
651.635
254.57
-164.771
-562.114
-950.548
-1288.3
-1570.09
-1827.38
-2073.25
-2250.06
-2434.67
-2551.62
-2571.67
-2586.98
-2575.56
-2514.86
-2338.88
-2153.44
-1948.5
-1697.62
-1497.42
-1272.15
-998.44
-731.967
-408.412
-79.5659
269.606
600.958
878.013
1180.41
1441.59
1617.29
1760.13
1828.07
1796.05
1748.44
1623.97
1418.76
1210.76
918.388
602.629
281.58
-60.3531
-327.384
-583.555
-803.528
-957.23
-1053.57
-1092
-1103.41
-1080.58
-999.276
-918.526
-781.53
-653.166
-504.197
-357.177
-236.332
-60.0747
95.8556
278.238
476.492
704.262
902.795
1137.53
1365.57
1571.07
1785.75
1953.1
2034.96
2097.89
2189.22
2237.67
2248.53
2181.98
2041.92
1878.19
1703.05
1449.66
1128.06
792.808
406.045
-21.9274
-451.571
-856.433
-1207.28
-1525.82
-1785.89
-1983.86
-2150.38
-2279.3
-2351.41
-2407.1
-2405.43
-2421.86
-2393.18
-2308.53
-2214.42
-2021.45
-1803.15
-1559.23
-1210.62
-811.603
-412.031
7.58793
425.815
788.91
1104.11
1465.26
1751.22
1998.48
2229.32
2340.69
2358.79
2331.23
2235.44
2085.08
1873.46
1614.78
1308.77
976.861
676.974
390.731
57.4299
-301.488
-650.939
-1016.82
-1314.48
-1574.27
-1800.09
-1934.58
-2062.94
-2191.59
-2232.52
-2267.6
-2284.86
-2272.89
-2219.15
-2117.24
-1995.28
-1828.21
-1677.02
-1472.91
-1236.51
-946.371
-572.695
-199.577
159.898
525.499
843.207
1089.63
1276.47
1400.66
1450.5
1456.9
1432.68
1341.07
1256.98
1131.96
936.208
708.996
503.502
295.502
126.206
50.4687
-36.9636
-97.1081
-131.914
-196.514
-259.164
-273.086
-322.65
-350.773
-326.548
-263.062
-201.804
-101.285
-24.155
35.7111
37.1033
49.9118
88.3375
123.7
225.333
344.787
494.87
615.437
779.443
957.649
1093.25
1267.84
1423.21
1535.15
1625.64
1637.06
1581.65
1445.49
1267.56
1079.33
881.076
628.246
358.709
40.7231
-218.511
-458.811
-655.951
-794.061
-932.727
-1012.36
-1073.34
-1059.7
-1031.85
-1021.27
-1002.62
-1029.07
-1061.65
-1086.15
-1143.79
-1195.58
-1261.29
-1342.32
-1409.98
-1476.26
-1500.76
-1492.13
-1438.11
-1286.08
-1076.96
-803.528
-508.931
-203.753
117.018
458.393
746.029
966.559
1122.21
1209.92
1230.8
1167.88
1124.16
1012.22
839.309
664.722
467.861
228.953
56.873
-138.318
-267.796
-398.109
-505.033
-558.773
-580.492
-581.327
-665.418
-704.401
-804.641
-935.79
-1018.77
-1086.43
-1114
-1123.18
-1127.92
-1140.45
-1129.03
-1073.34
-972.545
-882.607
-755.635
-604.16
-409.525
-226.586
-41.6972
139.015
264.873
419.968
533.574
640.776
719.576
840.979
931.196
977.697
976.861
952.358
954.307
861.027
828.171
777.493
721.526
705.654
675.303
668.342
653.863
614.324
554.179
494.87
418.575
296.616
188.857
122.586
22.3456
-76.503
-139.71
-214.334
-246.356
-305.943
-323.207
-287.287
-260.835
-178.136
-122.168
-28.3317
98.3616
277.681
419.968
568.937
694.795
741.852
779.443
771.924
756.331
730.436
651.079
569.494
524.664
463.684
444.193
473.708
516.31
556.407
578.961
612.374
690.618
750.763
759.673
718.741
585.922
424.144
210.019
-49.7721
-302.045
-603.046
-916.299
-1207
-1482.1
-1739.39
-1916.76
-2059.88
-2165.41
-2202.44
-2164.85
-2057.1
-1911.47
-1728.25
-1492.68
-1249.04
-1004.01
-728.069
-473.29
-185.654
81.0979
311.373
530.511
708.16
815.084
912.819
968.786
1021.69
1036.73
1036.73
1037.28
1048.42
1026.42
989.391
992.454
930.361
869.102
752.155
609.033
429.992
225.612
33.7619
-215.17
-420.385
-627.828
-825.247
-1004.57
-1141.01
-1259.35
-1329.51
-1350.4
-1406.09
-1351.23
-1304.18
-1247.09
-1169.96
-1072.23
-933.284
-770.949
-557.938
-334.902
-97.1081
123.7
359.823
578.404
755.775
886.088
986.607
1069.58
1145.6
1178.74
1156.46
1119.15
1042.02
962.104
857.408
773.317
729.044
643.004
543.877
447.812
323.068
165.467
2.85433
-166.441
-336.572
-531.764
-699.667
-856.711
-926.88
-973.659
-986.189
-1000.39
-1011.81
-955.003
-889.289
-768.722
-603.881
-392.819
-182.591
25.9654
243.154
481.783
721.804
912.262
1074.6
1208.81
1306.82
1386.46
1452.73
1452.45
1441.31
1392.3
1298.75
1180.96
1097.15
1037.01
933.981
811.464
665.001
527.448
377.365
194.147
17.3336
-160.316
-399.223
-629.22
-831.094
-1098.4
-1345.66
-1596.27
-1815.4
-1986.37
-2108.05
-2202.44
-2264.26
-2310.76
-2303.24
-2237.53
-2084.38
-1937.64
-1713.77
-1453.7
-1193.63
-866.178
-542.901
-195.121
203.058
592.883
956.813
1284.82
1551.85
1775.73
1897.41
1968.69
2003.22
1942.52
1836.43
1704.72
1555.75
1361.12
1148.94
1006.66
844.042
647.737
512.69
400.755
263.481
123.979
-50.8859
-273.643
-500.021
-752.85
-1070.84
-1364.04
-1611.02
-1876.66
-1993.61
-2078.81
-2098.58
-2028.42
-1900.89
-1696.23
-1455.65
-1207.83
-963.913
-699.11
-473.568
-242.736
-1.32237
258.19
504.894
716.514
910.591
1076.27
1179.29
1236.37
1287.33
1270.9
1256.98
1237.49
1112.74
1006.38
827.335
621.563
398.249
187.743
-30.0024
-226.864
-410.639
-612.235
-766.773
-913.793
-1000.11
-1052.18
-1085.87
-1124.58
-1138.78
-1104.25
-1061.93
-983.404
-945.814
-847.801
-682.125
-486.098
-249.419
-7.4482
261.81
509.071
744.915
960.155
1174.84
1325.2
1442.7
1513.71
1520.95
1521.5
1496.16
1452.17
1350.54
1223.57
1075.43
901.402
761.344
617.943
475.657
383.213
303.855
198.602
103.095
14.5491
-85.4133
-202.083
-364.139
-539.003
-749.787
-946.649
-1132.93
-1366.83
-1591.53
-1795.91
-1926.23
-1952.12
-1890.03
-1727.69
-1513.85
-1226.77
-938.853
-639.801
-350.495
-59.5178
214.195
461.735
656.648
807.566
907.528
947.068
970.736
954.029
949.574
967.116
985.493
1006.1
1069.03
1123.05
1152.56
1123.88
1073.48
1004.15
888.037
720.969
516.032
296.059
66.3402
-203.196
-405.349
-618.361
-818.564
-954.167
-1093.95
-1166.62
-1244.31
-1257.12
-1275.5
-1264.64
-1265.75
-1214.52
-1160.5
-1127.08
-1020.99
-904.604
-765.38
-622.816
-457.975
-275.036
-85.9702
74.4152
202.779
319.727
394.629
450.875
469.253
466.468
473.986
436.953
407.994
363.443
359.266
356.76
318.335
281.301
259.861
220.6
165.467
82.2117
-51.4428
-221.574
-394.768
-536.497
-629.498
-711.362
-794.617
-855.319
-907.11
-909.338
-851.142
-731.688
-559.608
-373.049
-148.342
94.1849
326.688
558.913
757.445
924.513
1048.42
1139.75
1151.17
1147.83
1152
1112.46
1096.32
1062.9
1025.03
956.256
896.669
858.8
819.26
808.958
792.53
720.69
598.452
473.429
301.906
83.8824
-117.435
-325.434
-513.943
-659.849
-852.813
-963.356
-978.671
-972.823
-852.534
-696.604
-445.167
-235.218
-36.6851
166.581
324.739
450.318
464.798
476.214
482.618
434.447
409.944
337.826
232.295
118.688
-48.1014
-190.109
-299.817
-422.334
-489.161
-531.207
-560.722
-578.821
-617.804
-592.187
-585.782
-554.596
-509.209
-449.9
-353.001
-260.278
-176.187
-92.9314
-50.8859
-49.2152
-27.7748
25.687
80.541
118.688
137.623
168.252
214.752
250.672
284.086
324.46
385.162
450.597
505.451
555.293
548.332
481.504
429.156
392.123
313.323
218.094
167.973
55.7592
-54.7842
-169.226
-287.566
-380.567
-493.895
-613.349
-696.326
-752.015
-808.261
-794.061
-817.172
-822.741
-845.295
-850.028
-908.502
-935.233
-932.449
-922.981
-862.837
-806.034
-687.415
-560.444
-389.199
-224.637
-58.1255
115.347
287.149
467.582
653.585
773.874
904.744
984.936
1040.07
1059
976.861
883.025
764.685
635.486
561.697
528.005
511.855
561.976
602.072
652.749
744.358
817.59
862.698
827.057
718.184
602.907
425.537
190.527
-30.2808
-257.772
-438.762
-600.818
-716.931
-787.378
-811.603
-794.617
-729.461
-637.573
-507.817
-347.989
-222.131
-50.6075
111.727
227.561
363.443
477.606
548.053
601.237
619.614
656.369
643.282
674.468
674.19
637.435
593.44
519.095
450.04
375.973
302.463
228.953
197.21
191.92
199.995
147.368
85.553
-60.91
-203.475
-399.223
-645.37
-907.388
-1126.8
-1299.72
-1468.74
-1545.59
-1621.88
-1600.72
-1550.88
-1393
-1157.16
-872.026
-508.653
-150.848
194.147
505.451
789.188
992.733
1172.89
1269.51
1302.92
1294.01
1245.01
1202.96
1129.73
1082.67
974.077
876.064
779.721
679.48
662.495
589.263
498.49
402.426
302.185
171.593
59.1006
-83.1857
-227.978
-425.397
-701.059
-972.266
-1249.88
-1521.92
-1797.86
-2003.91
-2192.14
-2313.54
-2325.8
-2255.63
-2096.63
-1881.95
-1591.25
-1262.41
-936.904
-581.606
-234.382
128.434
444.749
698.971
953.472
1144.49
1285.1
1393.97
1430.45
1470.55
1469.43
1454.4
1454.95
1371.42
1288.72
1185.42
1070.98
998.302
911.705
757.724
607.641
472.594
283.529
106.993
-52.835
-226.307
-381.681
-530.371
-659.849
-816.893
-946.928
-992.593
-1067.5
-1107.03
-1080.03
-1009.86
-945.257
-818.007
-657.343
-487.491
-324.321
-142.773
62.1635
188.3
339.497
459.786
600.123
712.894
783.341
871.887
927.298
942.612
954.029
903.073
860.749
824.551
813.692
822.602
824.551
817.033
810.629
751.319
704.262
629.917
534.409
500.439
404.932
354.533
260.975
164.075
59.6575
-62.5807
-164.771
-284.224
-375.833
-457.14
-539.282
-591.351
-610.286
-609.729
-610.007
-572.417
-531.207
-478.859
-414.816
-266.125
-120.776
34.0404
202.779
321.676
458.393
503.502
532.739
554.458
569.494
559.191
517.703
455.609
367.62
279.074
181.339
73.0229
-28.0533
-98.2219
-158.366
-219.625
-286.173
-369.151
-393.376
-444.053
-505.59
-522.575
-601.654
-677.391
-756.749
-857.825
-958.344
-1056.91
-1114.55
-1110.38
-1047.45
-945.257
-797.959
-660.128
-509.488
-372.492
-248.862
-157.809
-45.5954
39.6093
120.637
238.142
313.323
353.697
384.048
395.186
377.922
343.395
352.584
312.487
254.57
228.396
181.617
133.724
90.2866
28.193
-71.2125
-166.163
-287.844
-354.95
-392.262
-431.801
-485.541
-493.338
-486.377
-512.551
-538.446
-588.567
-559.608
-557.102
-530.093
-509.488
-461.038
-347.432
-258.05
-151.684
-26.1041
118.967
276.011
436.953
540.535
639.384
746.029
805.617
852.117
876.064
835.132
825.943
800.326
747.143
685.328
640.219
609.312
577.29
548.332
502.666
501.831
471.48
435.004
373.189
304.412
212.246
95.8556
4.24657
-113.815
-191.223
-239.951
-239.951
-206.816
-137.483
-70.0987
-2.43616
95.0202
219.486
330.865
453.103
563.646
669.178
751.876
782.505
846.27
832.347
782.505
739.903
704.262
666.95
593.44
520.487
446.142
306.083
152.102
27.0792
-126.067
-309.563
-456.026
-585.504
-748.395
-913.514
-1017.93
-1107.31
-1222.87
-1289.42
-1312.53
-1293.59
-1226.21
-1185
-1118.17
-1013.2
-895.137
-767.887
-635.624
-493.895
-355.228
-231.598
-132.192
-4.94218
127.042
201.387
237.863
250.672
291.325
371.796
435.282
514.918
580.075
609.312
606.806
581.467
569.772
516.589
425.815
332.535
188.3
20.6749
-173.681
-324.042
-479.137
-621.423
-728.069
-804.085
-854.762
-860.609
-829.423
-821.627
-826.917
-838.612
-863.394
-876.759
-840.561
-807.148
-757.027
-690.478
-604.995
-514.778
-376.112
-255.823
-121.333
72.466
238.699
428.6
632.144
817.311
979.089
1075.99
1156.74
1205.19
1236.37
1275.91
1284.82
1294.29
1280.93
1188.48
1087.68
908.92
694.238
454.774
149.039
-167.277
-490.832
-762.596
-1030.74
-1227.05
-1321.16
-1398.29
-1369.61
-1300.56
-1161.33
-958.344
-718.88
-465.772
-231.598
-10.2327
135.952
270.999
336.155
382.656
381.542
416.626
410.501
385.719
399.641
423.588
467.025
530.233
641.611
752.712
873.279
971.849
1043.97
1099.93
1130.29
1141.42
1111.07
1048.7
898.618
710.388
517.703
338.383
135.673
-67.0358
-239.394
-415.094
-580.77
-698.832
-765.937
-820.235
-800.743
-790.998
-764.824
-746.168
-690.2
-657.343
-607.501
-530.371
-481.365
-424.283
-363.582
-318.752
-307.614
-292.578
-293.413
-268.631
-228.257
-170.618
-103.791
-30.8377
50.4687
110.613
176.048
224.776
280.466
287.984
336.712
355.646
347.293
335.32
334.206
306.64
216.98
140.686
26.2439
-82.072
-180.085
-321.536
-432.637
-531.207
-617.525
-667.367
-666.253
-586.896
-479.694
-344.926
-187.325
-43.9247
96.134
227.839
339.497
424.144
483.175
520.765
498.211
429.992
358.431
268.493
149.596
109.778
68.5678
55.4808
102.26
165.746
290.768
397.135
458.393
496.262
482.061
408.83
284.921
160.734
12.0431
-140.267
-277.542
-427.068
-557.102
-668.481
-740.32
-774.291
-814.944
-852.813
-792.39
-734.751
-601.097
-484.985
-371.378
-263.898
-200.69
-114.65
-95.9943
-36.1282
15.6629
53.8101
96.6909
104.487
145.976
215.031
245.66
305.804
371.239
414.12
451.154
489.023
488.744
502.945
490.415
444.471
385.997
317.778
263.202
194.426
130.94
45.7351
0.069863
-59.2393
-127.18
-162.265
-206.259
-244.406
-281.718
-376.669
-464.936
-532.877
-621.98
-640.079
-606.944
-551.812
-470.227
-368.315
-248.862
-75.3892
65.2264
220.321
365.949
472.594
567.266
639.662
717.07
783.062
844.878
891.378
920.894
896.947
859.635
823.437
765.799
722.639
675.86
630.195
569.772
479.834
350.356
225.612
47.4058
-162.265
-408.969
-611.399
-800.186
-943.03
-1028.23
-1098.12
-1082.25
-1078.63
-1020.16
-948.32
-894.858
-828.031
-734.473
-584.39
-478.023
-401.45
-320.979
-230.206
-168.947
-46.1523
57.9868
154.329
286.592
428.6
580.075
722.361
856.851
957.37
1001.36
980.76
978.532
921.729
836.246
724.032
590.656
442.243
250.394
73.0229
-88.4762
-249.14
-361.911
-479.137
-561.557
-630.612
-667.924
-673.493
-620.588
-586.061
-539.56
-508.096
-523.132
-524.524
-593.579
-660.684
-689.921
-703.565
-694.377
-644.535
-529.536
-420.385
-311.791
-143.33
-28.8886
100.589
248.166
330.586
439.459
503.502
552.23
544.99
443.914
349.242
229.789
119.245
9.25861
-63.6945
-134.142
-223.245
-295.641
-376.947
-463.823
-539.56
-603.881
-650.382
-637.017
-582.998
-502.805
-423.726
-316.246
-205.702
-134.142
-21.0921
120.359
225.333
320.005
428.878
518.816
600.123
639.384
659.154
664.444
641.333
583.138
571.443
555.014
585.365
629.081
635.486
642.447
636.321
634.093
632.423
600.958
506.843
389.895
233.13
71.6307
-62.0238
-186.49
-316.246
-406.463
-512.551
-553.204
-554.039
-545.407
-504.754
-452.963
-389.477
-331.282
-232.433
-149.178
-97.9434
-11.068
69.96
110.613
163.24
207.234
217.815
215.866
220.043
244.546
289.098
353.976
411.893
462.57
511.577
533.296
527.448
491.807
458.95
391.009
321.676
242.876
184.959
91.6789
-25.5472
-153.633
-290.629
-407.855
-517.284
-601.932
-657.065
-655.394
-707.742
-701.616
-710.526
-719.158
-699.389
-686.58
-659.292
-593.3
-498.628
-397.831
-296.754
-181.756
-54.5057
45.7351
144.584
243.711
347.572
427.486
452.546
455.609
371.518
283.25
204.45
127.32
52.9748
-55.0626
-112.144
-194.564
-256.38
-295.084
-338.521
-380.01
-398.944
-463.266
-538.168
-618.917
-689.643
-727.233
-780.695
-818.007
-828.866
-812.438
-764.267
-681.29
-539.839
-427.068
-312.069
-216.283
-117.992
-33.0653
63.5557
162.126
241.762
358.152
426.372
490.972
537.472
564.203
605.97
626.575
639.662
677.809
661.66
648.016
612.374
546.104
445.306
302.185
153.773
13.7138
-131.914
-258.886
-402.007
-483.871
-517.563
-567.962
-592.743
-618.361
-609.172
-594.136
-588.01
-511.437
-503.084
-496.401
-473.29
-478.859
-452.406
-433.193
-379.732
-339.914
-295.641
-224.637
-128.016
3.68967
170.758
337.269
495.984
695.073
851.003
976.861
1089.91
1207.42
1321.58
1363.9
1351.37
1297.35
1185.14
1027.54
886.366
725.145
536.358
378.479
214.752
71.9091
-43.0894
-127.737
-178.136
-202.083
-209.322
-217.397
-216.84
-212.942
-240.787
-264.176
-249.14
-264.455
-249.14
-180.364
-151.684
-94.6021
-59.5178
-23.0412
18.4474
27.6361
63.5557
86.1099
130.94
198.046
247.888
285.199
349.799
388.225
433.333
480.948
520.487
539.978
482.061
414.399
314.993
183.288
53.8101
-104.626
-268.074
-412.867
-531.764
-633.954
-714.982
-774.848
-788.492
-779.303
-726.955
-648.433
-556.267
-451.014
-373.049
-302.323
-238.002
-163.1
-116.321
-101.285
-83.1857
-101.842
-119.662
-121.611
-166.163
-151.962
-159.759
-143.887
-124.953
-94.8805
-66.2005
-55.898
-20.8136
-19.9783
11.2077
-14.1309
-71.7694
-99.8926
-165.328
-222.688
-266.125
-305.943
-340.192
-369.151
-353.836
-389.199
-429.017
-467.999
-520.069
-549.306
-577.15
-596.363
-593.3
-569.075
-624.208
-673.493
-688.808
-706.628
-676.556
-642.029
-592.743
-531.485
-463.823
-367.758
-244.685
-161.151
-89.0331
0.34831
70.5169
206.677
314.158
454.774
594.554
688.39
806.173
895.555
964.053
972.128
989.67
990.505
932.031
874.671
804.224
663.609
558.634
411.893
269.05
147.647
52.1394
-37.242
-105.461
-150.848
-204.867
-233.825
-245.242
-243.293
-232.712
-191.223
-155.025
-154.747
-169.226
-179.807
-185.097
-144.722
-119.662
-58.6824
27.9145
71.0738
171.872
254.013
341.724
415.234
471.202
521.879
571.443
619.614
663.887
716.514
787.518
841.815
900.01
906.414
905.301
880.24
781.949
707.603
605.413
488.187
396.021
269.05
185.237
101.981
3.41123
-58.404
-165.049
-208.208
-247.748
-264.455
-202.918
-165.328
-114.372
-48.3799
-13.2956
39.0524
56.3161
63.2773
83.047
75.529
38.4955
0.069863
-1.32237
-14.1309
-19.9783
-43.3678
-49.4937
-59.2393
-154.468
-175.63
-179.25
-216.84
-232.433
-235.496
-269.188
-317.081
-362.746
-432.358
-505.868
-593.857
-651.496
-703.287
-723.892
-685.745
-661.52
-626.714
-550.976
-524.802
-532.042
-522.575
-512.829
-502.248
-471.619
-396.995
-348.546
-345.483
-310.955
-287.844
-306.5
-318.752
-349.381
-324.599
-279.769
-213.777
-130.243
-77.3384
-38.0774
-36.4067
-68.4281
-162.822
-217.676
-279.769
-332.953
-413.145
-471.062
-482.2
-524.524
-547.357
-560.444
-534.827
-506.425
-425.675
-383.908
-344.09
-291.464
-226.307
-184.819
-155.582
-94.6021
-50.0506
-14.9663
36.5464
96.6909
120.637
181.339
215.031
224.22
248.444
266.543
311.652
344.509
381.264
425.258
465.633
499.325
521.322
543.877
526.056
539.7
517.981
519.93
508.514
484.289
455.609
375.416
283.25
198.324
140.407
88.8944
32.9266
25.1301
13.9922
37.9386
86.1099
111.727
178.276
216.145
254.013
318.056
383.491
424.144
447.812
491.807
487.63
488.744
465.355
404.932
339.497
296.894
235.914
184.402
153.494
114.512
110.335
88.0591
81.6548
86.3884
123.143
186.072
221.435
246.495
255.684
237.585
213.917
151.823
102.817
29.5852
-56.1764
-81.7935
-99.6141
-139.154
-110.474
-77.0599
-79.2875
-29.1671
-1.87926
68.2893
116.739
167.138
223.941
233.687
253.456
246.495
248.444
239.813
245.382
242.597
202.779
169.087
124.257
67.454
2.29744
-87.6409
-153.633
-215.448
-259.999
-327.662
-418.436
-496.122
-572.417
-658.178
-702.173
-726.955
-743.94
-741.434
-750.344
-744.775
-747.838
-750.066
-754.8
-713.589
-706.35
-676.556
-619.753
-586.339
-528.979
-480.808
-451.014
-408.69
-374.163
-328.497
-252.76
-198.184
-159.202
-97.9434
-55.6195
-63.416
-50.329
-66.7574
-82.072
-75.1108
-105.461
-144.444
-158.923
-213.777
-268.074
-285.617
-348.824
-369.986
-397.552
-420.385
-431.523
-437.649
-420.942
-407.019
-383.351
-380.01
-332.396
-282.275
-188.996
-82.9073
25.9654
151.545
250.115
326.966
435.004
533.296
573.67
613.767
652.471
645.231
670.013
715.4
710.666
724.867
708.717
677.253
655.255
611.818
553.344
531.903
448.091
409.944
370.961
296.616
247.888
178.554
121.751
59.9359
28.193
3.68967
-46.7092
-64.5298
-86.8056
-94.0452
-91.2607
-84.2995
-40.3049
-20.2568
-17.7507
-20.8136
-31.6731
-39.4696
-42.5325
-30.2808
8.42327
87.7806
174.934
275.175
372.91
466.468
553.065
597.06
648.016
646.623
652.749
683.378
665.279
652.471
653.306
583.694
482.061
382.377
276.011
127.877
32.9266
-43.3678
-128.573
-185.654
-263.619
-289.793
-299.539
-314.854
-327.662
-310.677
-297.311
-256.38
-225.751
-196.792
-119.384
-122.725
-104.905
-60.6315
-45.5954
-48.1014
-28.0533
-43.9247
-63.6945
-64.8083
-35.5713
-30.8377
-25.5472
4.80346
61.0497
133.167
188.857
237.028
253.178
216.98
193.869
201.108
167.416
143.748
101.703
15.6629
-115.764
-242.457
-351.608
-449.065
-525.916
-591.073
-627.271
-666.81
-644.813
-639.244
-652.888
-636.738
-634.51
-601.932
-537.611
-443.774
-358.57
-256.38
-167.834
-112.701
-102.955
-71.7694
-55.3411
-11.9034
10.6508
79.7057
175.491
233.687
279.63
347.572
415.791
398.527
411.057
404.096
409.944
409.944
352.027
292.161
202.222
110.335
8.70171
-98.5003
-187.046
-305.665
-422.612
-479.972
-542.623
-594.414
-606.109
-592.743
-578.821
-540.395
-487.212
-466.607
-398.666
-308.449
-253.595
-173.959
-134.142
-103.234
-103.512
-98.7788
-90.7038
-78.1737
-23.0412
34.8757
100.868
198.046
260.139
314.715
375.695
401.59
408.83
421.638
443.357
423.866
399.084
391.845
363.443
319.448
290.49
245.103
169.087
131.497
49.6334
-27.2179
-54.5057
-64.2514
-43.9247
5.08191
85.8315
220.321
320.841
440.016
545.826
546.104
591.212
588.15
576.176
583.138
544.155
508.235
467.304
396.578
360.38
299.679
213.36
158.785
126.485
78.8703
58.2653
29.8637
36.8248
6.19569
-43.3678
-82.072
-156.974
-238.002
-313.183
-359.683
-431.523
-475.796
-522.853
-548.192
-559.887
-572.695
-517.841
-488.883
-449.343
-370.264
-254.987
-165.606
-103.234
-6.61286
89.1729
180.782
270.163
336.991
409.108
466.468
527.727
562.254
542.206
518.259
475.936
449.483
409.108
356.482
303.855
230.067
180.503
165.189
136.787
98.64
70.2385
18.7258
24.2947
-21.3705
-84.2995
-134.42
-206.816
-270.859
-329.89
-376.669
-394.211
-370.264
-388.085
-400.058
-434.586
-476.074
-495.287
-528.979
-525.359
-535.94
-463.823
-387.528
-328.776
-265.847
-233.269
-186.49
-183.427
-195.678
-177.022
-189.274
-195.678
-206.538
-216.283
-209.044
-234.104
-254.987
-303.437
-324.599
-303.716
-310.398
-288.68
-240.787
-229.927
-247.748
-259.164
-322.928
-342.42
-380.01
-440.155
-456.305
-443.496
-418.993
-380.845
-327.105
-277.263
-248.862
-200.969
-153.354
-121.89
-51.7212
32.9266
81.6548
114.233
155.165
167.138
222.27
242.319
277.681
342.838
365.671
392.123
414.956
429.156
428.043
459.229
427.486
390.731
299.4
211.968
127.042
26.5223
-54.2273
-134.977
-190.388
-261.949
-296.198
-325.156
-363.86
-375.276
-397.552
-425.954
-388.363
-382.795
-356.064
-312.347
-243.014
-172.567
-81.5151
-32.5084
34.5973
127.32
186.351
239.256
304.412
387.668
465.355
543.041
609.868
700.364
754.661
798.655
801.997
792.808
785.29
773.595
798.655
765.799
766.912
696.465
602.907
509.349
400.198
311.652
198.602
75.2505
-37.7989
-135.534
-214.056
-298.425
-396.717
-482.479
-573.809
-656.229
-744.219
-770.393
-805.198
-825.247
-808.261
-775.961
-689.643
-616.411
-507.539
-368.315
-241.622
-117.156
-14.1309
65.7833
148.482
201.387
249.28
300.792
347.572
370.404
374.581
370.404
358.152
340.332
286.035
289.376
232.851
218.651
172.428
112.562
47.9627
-33.3438
-118.827
-177.858
-217.397
-223.245
-231.319
-252.203
-236.053
-250.254
-318.195
-375.555
-413.145
-470.227
-493.338
-476.353
-456.026
-426.789
-377.782
-329.89
-287.566
-234.661
-177.858
-104.626
-46.7092
45.1783
99.1969
148.482
184.402
199.438
203.893
196.653
188.021
160.734
114.233
85.553
75.529
42.9507
26.5223
-19.143
-53.6704
-97.9434
-113.536
-127.737
-158.366
-176.744
-185.933
-207.93
-200.69
-196.792
-200.69
-223.801
-224.08
-243.85
-262.506
-285.06
-309.006
-293.97
-278.099
-249.419
-224.358
-163.657
-110.195
-29.1671
55.2023
122.586
208.627
284.086
337.826
401.312
434.168
459.786
486.238
537.751
513.526
505.172
490.693
457.001
406.881
358.709
318.613
267.379
225.055
174.656
124.814
43.5076
-0.208584
-46.9877
-88.7547
-132.192
-160.872
-187.882
-204.31
-258.329
-298.982
-326.27
-345.761
-358.291
-341.584
-287.009
-230.206
-157.809
-72.0479
8.70171
48.5196
133.724
213.917
292.996
349.521
405.488
505.729
544.99
582.859
595.389
587.593
564.482
511.577
490.415
444.471
402.704
375.695
365.392
306.918
254.849
201.387
137.344
52.1394
24.5732
-44.2032
-126.345
-152.797
-211.828
-272.251
-369.429
-429.017
-488.326
-507.539
-515.614
-526.195
-535.662
-518.398
-503.919
-466.607
-390.313
-332.117
-227.143
-126.067
-4.66373
90.5651
179.111
192.477
204.728
221.714
245.938
265.987
269.05
291.604
275.175
230.067
163.518
88.616
31.2559
-37.7989
-92.6529
-134.698
-198.463
-210.157
-208.765
-186.211
-167.277
-124.953
-127.459
-100.171
-79.8444
-68.1496
-49.7721
-52.2781
-78.1737
-163.935
-186.768
-210.993
-264.733
-245.242
-241.9
-226.864
-175.63
-131.635
-49.7721
-21.0921
46.292
89.4513
127.042
151.823
142.913
160.455
139.293
124.814
85.2746
38.774
-5.77752
-61.1884
-95.9943
-115.207
-153.633
-171.175
-184.54
-148.064
-151.127
-129.686
-101.285
-82.072
-28.6102
2.85433
9.8155
-13.8525
-17.4723
-54.5057
-66.2005
-61.1884
-62.0238
-8.56199
46.8489
83.047
123.7
156.557
176.327
177.162
154.051
169.644
186.072
189.414
186.072
175.213
177.997
150.71
94.4633
42.9507
32.0912
1.4621
-23.5981
-43.3678
-67.5927
-22.7628
-16.0801
-21.0921
-65.922
-94.6021
-147.785
-181.199
-172.01
-235.218
-278.655
-256.38
-263.062
-247.469
-206.538
-168.669
-148.342
-76.2246
18.1689
109.778
172.985
201.944
252.343
301.349
350.356
382.934
436.953
462.292
473.986
467.582
431.106
343.116
291.325
243.711
188.578
144.305
83.8824
47.9627
13.4353
-22.4843
-45.5954
-32.23
-51.9997
-65.0867
-87.9193
-116.599
-139.71
-194.286
-208.208
-244.128
-275.871
-275.593
-266.682
-238.002
-226.586
-177.301
-130.8
-122.168
-104.069
-107.689
-94.8805
-111.587
-99.3357
-32.7869
-14.1309
43.5076
64.6695
110.056
128.712
137.901
152.659
138.736
132.611
141.521
99.7538
63.2773
33.4835
-36.9636
-98.7788
-142.495
-140.267
-160.872
-122.725
-101.842
-119.941
-99.6141
-122.725
-116.042
-117.435
-157.809
-220.46
-245.242
-245.52
-274.757
-285.338
-275.593
-246.356
-220.738
-213.22
-168.112
-134.42
-105.74
-72.3263
-37.7989
12.8784
24.2947
69.4031
93.9064
95.0202
103.652
111.449
113.398
90.2866
49.6334
38.4955
-4.66373
-56.7333
-76.7815
-111.866
-159.48
-179.25
-189.274
-214.613
-248.026
-246.912
-262.227
-302.602
-302.602
-300.374
-249.14
-193.729
-145.558
-98.5003
-94.8805
-103.791
-150.013
-166.998
-123.004
-91.5391
-36.4067
-6.33441
17.0551
34.8757
49.0765
37.9386
54.0885
44.3429
21.5103
44.0645
47.4058
80.8194
87.7806
132.889
122.865
103.095
127.32
103.652
102.26
106.993
114.79
88.8944
44.3429
15.106
-23.5981
-70.6556
-71.7694
-73.4401
-78.7306
-101.285
-124.953
-140.546
-147.507
-127.459
-131.079
-97.3865
-59.7962
-3.2715
74.9721
98.0831
93.0711
124.257
143.47
143.47
118.41
108.943
113.676
85.8315
80.8194
74.6936
95.0202
91.9573
110.335
125.092
116.182
141.799
134.281
130.94
91.6789
102.26
79.7057
65.7833
64.1126
67.1756
113.676
158.785
160.177
142.356
101.703
69.1247
5.08191
-17.1938
-9.67578
5.36035
2.01899
12.6
26.5223
22.6241
13.7138
-20.8136
-57.2902
-120.498
-130.243
-147.507
-139.71
-132.471
-148.899
-149.735
-149.456
-120.498
-137.761
-152.519
-121.611
-130.8
-85.6918
-57.5686
-54.2273
-63.6945
-67.5927
-72.8832
-91.2607
-109.638
-142.216
-165.606
-185.933
-211.271
-224.915
-228.257
-214.056
-213.22
-219.903
-204.867
-180.921
-152.241
-123.839
-119.384
-88.1978
-80.9582
-93.7667
-89.0331
-97.3865
-87.6409
-90.4254
-57.5686
-54.7842
-16.6369
0.069863
-0.208584
12.8784
-6.61286
-2.71461
-5.77752
-19.9783
-19.6999
-13.8525
-4.66373
8.70171
16.2198
15.9413
15.9413
-14.9663
-38.6342
-86.5271
-109.081
-165.606
-222.966
-263.619
-361.911
-407.576
-395.325
-421.22
-417.043
-425.954
-411.753
-384.465
-393.654
-385.022
-373.327
-318.752
-289.793
-257.215
-217.676
-161.151
-114.093
-74.2754
-23.3197
-2.15771
57.4299
92.2358
134.838
154.329
175.491
200.83
184.959
179.111
136.23
107.829
115.347
84.9961
88.3375
72.1876
47.4058
27.6361
9.53706
-9.11888
-19.6999
-31.6731
-42.5325
-91.8176
-95.9943
-126.345
-172.567
-168.947
-142.495
-120.776
-114.372
-63.6945
-47.823
-23.5981
8.42327
32.0912
28.7499
48.2412
110.613
126.206
123.7
154.329
150.153
153.216
149.874
175.213
204.171
244.546
329.194
409.387
468.974
476.214
473.429
380.985
312.209
245.66
170.479
111.449
49.9118
-28.0533
-75.6677
-112.701
-153.911
-156.974
-150.013
-161.986
-145.279
-76.503
-29.1671
22.6241
59.379
67.1756
58.2653
16.7767
-16.0801
-33.9007
-50.8859
-48.1014
-51.1644
-56.4548
-54.2273
-38.6342
-0.765477
26.8008
65.7833
103.931
143.47
161.291
184.402
208.348
192.198
155.165
109.221
67.7324
-8.84044
-87.084
-178.971
-263.341
-323.207
-430.131
-496.679
-525.916
-554.039
-545.964
-527.03
-504.476
-477.188
-435.978
-406.741
-357.734
-330.725
-311.512
-269.745
-258.329
-221.017
-210.714
-179.807
-179.25
-174.795
-146.115
-124.117
-72.6048
15.6629
84.9961
199.438
279.352
341.724
399.084
425.537
467.025
454.774
443.079
414.677
357.874
309.981
243.432
149.596
84.4393
-19.143
-118.27
-221.574
-325.434
-371.1
-427.903
-462.987
-448.23
-457.418
-407.576
-405.906
-364.417
-298.147
-283.946
-272.251
-256.937
-240.23
-227.978
-186.49
-172.289
-192.058
-203.753
-174.238
-165.328
-152.519
-131.079
-82.6288
-14.1309
62.7204
145.698
247.331
330.308
387.946
473.429
537.472
542.484
516.31
461.178
385.997
309.981
221.992
151.823
85.8315
32.9266
-34.4575
-96.5512
-82.3504
-101.842
-121.611
-100.728
-110.752
-92.6529
-100.171
-100.171
-91.2607
-68.985
-35.5713
-26.9395
29.3068
65.2264
111.449
172.707
178.276
170.201
161.847
148.482
134.003
164.632
181.896
184.959
209.462
170.758
153.494
137.066
90.0082
56.3161
81.9332
88.3375
115.347
167.416
186.629
175.491
154.051
109.221
68.2893
25.687
-42.8109
-70.3772
-91.5391
-105.183
-120.776
-145.558
-204.867
-227.7
-248.862
-249.975
-268.353
-278.655
-239.673
-254.431
-220.182
-150.848
-96.8296
-42.5325
7.30948
62.442
94.7418
99.4754
133.446
119.245
107.829
96.6909
76.9212
71.6307
47.9627
16.4982
-2.15771
-27.2179
-37.242
-48.3799
-55.898
-53.9488
-64.8083
-49.7721
-85.9702
-119.941
-154.468
-178.136
-236.61
-276.428
-297.868
-325.991
-300.096
-285.617
-243.014
-208.208
-180.364
-148.064
-147.785
-176.744
-188.996
-150.013
-168.39
-190.388
-145.279
-78.7306
-78.4521
-57.5686
-13.0171
-37.242
-49.2152
-46.1523
-40.3049
-59.2393
-30.0024
-44.7601
-20.2568
0.34831
21.7887
42.1153
26.2439
65.7833
49.355
76.0858
76.3643
81.0979
80.541
48.2412
33.205
-18.0292
-81.7935
-114.093
-125.788
-165.328
-161.151
-136.926
-112.144
-79.8444
-67.3143
-45.8739
17.0551
77.7565
110.892
133.724
140.964
107.272
71.3523
65.2264
19.5611
-36.1282
-19.9783
45.4567
70.7954
109.221
158.228
153.216
158.228
177.997
208.627
221.992
243.432
231.181
171.315
144.305
73.3014
35.9895
6.47414
-4.94218
49.6334
70.7954
76.0858
82.2117
60.7713
59.9359
34.0404
-12.4602
-13.574
8.42327
30.9775
86.6668
145.698
132.054
119.524
140.964
110.056
113.676
108.664
64.1126
24.2947
28.7499
15.9413
1.4621
8.14482
-5.49907
17.612
36.5464
26.8008
46.5705
57.1515
62.1635
53.2532
56.0377
81.3763
87.5022
100.032
82.7686
54.367
15.6629
-38.3558
-101.285
-139.432
-224.358
-259.164
-272.808
-305.108
-324.599
-310.398
-282.275
-275.314
-201.247
-159.759
-119.384
-99.6141
-84.2995
-84.0211
-94.6021
-121.611
-145.279
-170.34
-178.136
-235.218
-233.269
-219.346
-230.206
-188.439
-186.49
-169.226
-163.935
-148.621
-117.713
-80.6797
-53.9488
-25.2688
19.5611
18.4474
28.193
24.8516
-5.77752
-47.5445
-105.183
-158.366
-241.065
-263.062
-268.631
-271.973
-253.038
-261.949
-264.176
-259.999
-239.673
-223.801
-230.484
-230.206
-219.346
-207.651
-163.657
-135.534
-108.803
-81.7935
-60.6315
17.612
59.379
92.2358
134.281
133.446
121.194
122.308
133.167
116.182
119.245
176.605
198.881
188.857
185.515
132.611
103.374
79.7057
46.292
-17.4723
-48.1014
-53.1135
-79.8444
-71.2125
-64.2514
-86.5271
-76.503
-50.6075
-45.317
-50.329
6.47414
14.5491
39.8878
46.8489
47.9627
50.7472
44.0645
95.0202
114.512
144.862
128.434
125.928
100.868
66.6187
75.2505
77.7565
56.0377
105.044
162.126
175.491
259.861
303.855
301.906
328.637
324.46
295.224
245.103
230.067
232.295
198.881
178.833
140.686
130.94
64.1126
20.118
1.4621
-56.7333
-71.7694
-76.7815
-26.3826
-17.1938
-7.72665
-13.8525
-25.8257
-11.3465
-26.661
-10.2327
-47.5445
-80.1228
-77.8953
-60.0747
-52.2781
-51.1644
-35.0144
-16.0801
24.8516
41.28
54.9239
48.5196
55.4808
96.9694
118.967
119.245
145.698
142.078
151.823
131.497
133.446
160.177
137.623
115.068
90.0082
57.9868
18.1689
23.181
-4.10684
-12.4602
-8.0051
-0.208584
-9.11888
-15.8016
-12.7387
-46.1523
-45.5954
-88.1978
-122.725
-127.737
-124.953
-148.064
-138.04
-105.183
-89.0331
-69.8203
-40.8618
-11.9034
27.3577
49.355
68.0109
87.5022
52.6963
50.4687
47.4058
1.18365
11.2077
34.5973
-16.9154
-56.1764
-108.524
-179.807
-228.257
-288.958
-320.422
-358.57
-344.926
-321.258
-264.176
-221.017
-186.211
-173.124
-149.735
-120.219
-81.7935
-2.15771
30.1421
46.292
37.3817
1.18365
-31.3946
-61.7453
-88.7547
-109.917
-144.722
-169.504
-147.785
-146.393
-132.749
-82.072
-87.084
2.01899
0.626757
10.3724
25.9654
8.14482
35.7111
31.2559
19.5611
-8.84044
-9.67578
10.3724
40.4447
44.3429
54.0885
37.6602
24.5732
30.4206
24.8516
13.1569
13.7138
15.6629
34.0404
40.4447
30.4206
46.0136
42.3938
48.2412
62.9988
64.1126
100.589
136.23
132.054
139.015
142.078
120.916
84.4393
70.5169
49.0765
38.2171
18.1689
10.9293
14.5491
8.70171
37.6602
26.2439
52.4179
58.2653
90.0082
110.613
157.671
178.554
172.985
160.177
131.497
113.398
83.3255
43.786
23.4594
25.1301
-8.84044
-27.7748
-62.3022
-100.728
-106.854
-112.144
-94.6021
-85.1349
-67.8712
-21.9274
-39.4696
-34.1791
10.3724
-3.54995
-16.0801
-28.8886
-14.9663
-15.8016
10.3724
30.9775
31.5344
20.9534
5.91725
16.7767
29.0283
38.2171
89.1729
140.129
115.068
118.131
120.08
118.131
105.044
74.1367
69.1247
83.6039
86.6668
81.0979
69.6816
37.3817
4.52501
-0.208584
-46.4308
-73.4401
-109.917
-120.498
-102.955
-89.59
-48.1014
-81.5151
-75.9461
-89.59
-93.2098
-86.5271
-85.9702
-43.3678
-67.5927
-32.23
-34.1791
-70.3772
-55.6195
-79.009
-85.6918
-71.491
-74.2754
-58.1255
-29.1671
3.68967
62.442
62.9988
62.442
78.5919
75.2505
92.7927
101.703
130.94
123.7
133.446
127.599
47.9627
-10.5111
-90.9823
-132.192
-183.705
-221.852
-269.745
-302.602
-310.398
-296.476
-312.347
-290.629
-251.089
-242.179
-172.289
-132.192
-86.2487
-40.3049
-26.1041
0.626757
-5.49907
1.4621
22.3456
31.5344
56.0377
53.8101
49.6334
56.5946
66.3402
85.8315
70.5169
66.8971
82.2117
69.6816
52.4179
54.6454
45.7351
60.2144
50.4687
46.5705
53.8101
79.9841
121.751
89.1729
100.032
59.6575
31.5344
23.7378
1.4621
10.9293
6.75259
20.3965
11.2077
-10.7896
-58.6824
-75.3892
-124.396
-145.279
-139.154
-130.243
-113.815
-101.006
-94.3236
-101.006
-83.1857
-84.578
-90.9823
-44.7601
-21.649
-9.95422
35.7111
57.1515
51.861
38.4955
29.0283
15.9413
3.41123
-45.0385
-59.5178
-55.898
-45.8739
-11.3465
-30.8377
-28.3317
-14.6878
0.34831
23.7378
32.3697
62.442
24.8516
12.6
-31.1162
-68.1496
-90.1469
-99.8926
-109.081
-101.563
-80.4013
-39.748
-56.1764
-74.2754
-66.2005
-97.1081
-103.234
-86.2487
-58.6824
-14.9663
0.34831
9.8155
35.9895
28.7499
45.1783
71.0738
80.541
111.449
164.353
215.866
240.091
265.43
268.771
245.103
252.9
246.495
193.034
196.096
181.896
145.698
107.272
58.8221
-2.15771
-60.3531
-76.503
-81.7935
-72.6048
-67.0358
-31.1162
-4.38529
-17.1938
-17.4723
-33.6222
-56.1764
-58.6824
-56.4548
-50.0506
-27.2179
9.53706
34.5973
-1.04392
-20.5352
-23.5981
-34.1791
-44.7601
-49.2152
-53.1135
-61.4669
-59.2393
-47.823
-41.9756
-1.87926
1.74054
-15.5232
-16.9154
-25.5472
-44.4816
-69.8203
-78.7306
-102.677
-111.866
