0.534644
0.139054
0.534644
0.534644
0.534644
0.534644
0.930234
0.534644
0.534644
0.534644
0.534644
0.534644
0.534644
0.534644
0.534644
0.139054
0.534644
0.534644
0.534644
0.139054
0.534644
0.534644
0.930234
0.534644
0.139054
0.534644
0.534644
0.534644
0.534644
0.930234
0.930234
0.930234
0.534644
0.534644
0.139054
0.534644
0.534644
0.139054
0.534644
0.534644
0.534644
0.534644
0.139054
0.534644
0.534644
0.534644
0.534644
0.534644
0.534644
0.930234
0.534644
0.534644
0.534644
0.534644
0.534644
0.930234
0.534644
0.534644
0.534644
0.534644
0.534644
0.534644
0.534644
0.139054
0.930234
0.139054
0.534644
0.139054
0.534644
0.534644
0.534644
0.534644
0.139054
0.534644
0.534644
0.534644
0.534644
0.534644
0.534644
0.534644
0.534644
0.534644
0.930234
0.534644
0.534644
0.534644
0.534644
0.534644
0.534644
0.534644
0.534644
0.534644
0.534644
0.534644
0.534644
0.534644
0.534644
0.139054
0.534644
0.534644
0.534644
0.930234
0.534644
0.534644
0.534644
0.534644
0.139054
0.534644
0.139054
0.534644
0.930234
0.534644
0.534644
0.930234
0.534644
0.534644
0.534644
0.534644
0.534644
0.534644
0.534644
0.534644
0.534644
0.534644
0.930234
0.139054
0.534644
0.139054
0.534644
0.534644
0.139054
0.534644
0.534644
0.534644
0.534644
0.139054
0.534644
0.534644
0.534644
0.534644
0.534644
0.930234
0.534644
0.534644
0.534644
0.534644
0.534644
0.534644
0.534644
0.139054
0.534644
0.534644
0.534644
0.534644
0.534644
0.534644
0.139054
0.534644
0.534644
0.534644
0.534644
0.534644
0.534644
0.139054
0.534644
0.139054
0.534644
0.534644
0.534644
0.534644
0.930234
0.534644
0.534644
0.534644
0.534644
0.534644
0.534644
0.534644
0.534644
0.534644
0.534644
0.534644
0.534644
0.930234
0.534644
0.534644
0.534644
0.534644
0.930234
0.534644
0.139054
0.534644
0.930234
0.534644
0.534644
0.534644
0.534644
0.534644
0.534644
0.534644
0.139054
0.139054
0.534644
0.534644
0.534644
0.930234
0.534644
0.139054
0.534644
0.534644
0.139054
0.534644
0.534644
0.534644
0.139054
0.534644
0.534644
0.930234
0.534644
0.534644
0.534644
0.534644
0.534644
0.534644
0.930234
0.534644
0.534644
0.534644
0.534644
0.930234
0.534644
0.534644
0.534644
0.930234
0.930234
0.534644
0.534644
0.534644
0.534644
0.534644
0.534644
0.930234
0.534644
0.930234
0.534644
0.534644
0.534644
0.930234
0.534644
0.139054
0.139054
0.139054
0.930234
0.534644
0.930234
-0.256536
0.534644
0.139054
0.139054
0.534644
-0.652126
-0.256536
1.32582
0.139054
-0.256536
4.09495
2.117
1.72141
2.117
3.30377
1.72141
2.117
1.72141
2.117
1.32582
0.930234
2.51259
2.117
1.32582
2.117
1.72141
2.117
1.72141
2.117
2.117
1.72141
2.117
2.117
2.117
2.117
2.117
2.117
2.117
2.117
2.117
2.117
2.117
2.117
2.117
2.117
2.117
2.117
2.117
2.51259
2.117
2.117
2.51259
1.72141
2.117
2.90818
1.72141
2.117
2.51259
1.72141
2.117
3.30377
2.117
2.117
2.90818
2.51259
2.117
2.117
1.72141
-0.256536
1.72141
3.69936
1.72141
1.72141
0.534644
-5.00361
-4.60802
-4.21243
-5.00361
-2.63008
-1.44331
-3.02567
-2.63008
-2.63008
-3.81685
-3.81685
-2.23449
-1.8389
-2.23449
-1.8389
-3.02567
-3.81685
-2.23449
-2.63008
-3.42126
-2.63008
-3.42126
-4.21243
-3.02567
-4.21243
-4.21243
-4.21243
-5.00361
-4.60802
-4.60802
-5.79479
-6.58597
-6.98156
-6.19038
-5.3992
-5.79479
-6.58597
-7.77274
-8.56392
-8.16833
-7.77274
-7.77274
-6.58597
-7.77274
-8.95951
-8.56392
-8.95951
-10.1463
-8.95951
-9.3551
-10.1463
-8.95951
-8.56392
-8.16833
-7.77274
-6.58597
-7.37715
-7.37715
-4.60802
-6.19038
-6.58597
-2.63008
-3.81685
-2.63008
1.32582
-1.04772
-1.44331
1.32582
-0.652126
0.534644
3.30377
2.117
2.90818
4.09495
4.49054
5.67731
7.65526
7.65526
8.05085
8.05085
8.84203
10.82
12.7979
13.5891
14.3803
14.3803
14.3803
15.1715
15.9627
16.3582
17.545
17.545
17.545
18.7318
18.3362
18.7318
19.523
19.523
19.9185
20.3141
19.9185
19.523
20.7097
19.1274
20.3141
19.9185
18.7318
17.9406
18.3362
15.5671
15.9627
13.9847
12.7979
12.7979
11.6112
8.84203
8.44644
6.46849
4.88613
4.49054
2.117
0.139054
-1.04772
-5.00361
-6.58597
-6.19038
-10.5419
-11.7286
-12.9154
-17.6625
-18.0581
-18.8493
-23.2008
-22.4096
-25.1787
-29.5302
-27.9478
-31.1125
-33.0905
-33.0905
-35.464
-38.6288
-37.442
-40.2111
-41.7935
-41.7935
-43.3758
-45.7494
-43.7714
-46.145
-46.145
-48.1229
-45.3538
-48.1229
-44.167
-46.145
-45.3538
-44.9582
-43.3758
-41.3979
-39.4199
-36.2552
-37.8376
-33.8817
-34.2773
-28.3434
-27.1567
-22.8052
-21.6184
-18.0581
-16.4757
-10.9375
-7.77274
-3.42126
-1.04772
4.09495
6.46849
13.5891
16.7538
21.5009
24.27
29.0171
32.973
39.3025
42.8628
45.6319
48.401
50.7746
55.5216
58.2908
61.4555
62.6423
65.0158
65.4114
70.1585
70.1585
72.532
73.3232
76.0923
74.9055
77.6747
76.4879
76.4879
76.4879
76.8835
74.9055
73.7188
71.7408
69.3673
68.1805
66.2026
62.6423
59.8731
54.3349
52.3569
46.4231
43.6539
37.7201
32.1818
26.248
21.8965
15.5671
9.23762
4.09495
-6.58597
-9.75069
-18.8493
-24.3875
-31.5081
-36.2552
-44.167
-48.5185
-55.6391
-61.1774
-67.1112
-72.2539
-77.001
-81.7481
-86.4951
-89.6599
-95.5937
-97.1761
-102.714
-105.088
-106.67
-111.022
-112.604
-114.978
-114.978
-118.142
-120.516
-120.911
-120.911
-121.703
-121.307
-122.098
-110.626
-118.538
-116.956
-111.813
-114.582
-111.417
-107.857
-108.253
-100.736
-101.132
-95.1981
-87.6819
-86.0995
-81.7481
-73.0451
-69.4848
-60.7818
-55.2435
-45.7494
-37.442
-30.717
-19.6404
-12.1242
1.32582
9.63321
23.4789
34.5554
47.6098
59.082
72.1364
84.0041
98.6409
110.113
125.937
138.2
151.65
164.309
175.385
187.649
196.352
205.45
214.153
219.691
229.581
233.537
238.68
239.075
235.515
236.702
231.164
229.186
221.274
214.944
203.472
194.769
182.11
170.638
153.628
141.365
124.354
107.74
91.1247
73.7188
57.8952
21.8965
11.2156
-6.58597
-22.014
-39.0243
-51.2876
-69.0892
-81.7481
-92.0334
-104.692
-116.56
-122.098
-133.57
-138.713
-145.438
-150.976
-155.328
-157.701
-161.262
-162.053
-161.262
-160.075
-159.284
-160.866
-156.91
-156.91
-154.932
-155.328
-152.163
-154.537
-152.163
-148.603
-152.954
-154.141
-153.745
-152.163
-155.723
-160.47
-156.515
-163.24
-162.844
-168.778
-175.107
-173.129
-182.623
-183.81
-186.184
-191.722
-191.326
-192.513
-190.14
-188.162
-185.788
-179.063
-169.965
-160.866
-150.976
-138.713
-122.889
-105.088
-89.2643
-70.6715
-48.5185
-24.7831
-0.256536
21.1053
49.1922
74.9055
100.619
131.475
154.024
179.737
203.868
224.043
245.009
263.998
279.03
290.502
304.348
313.051
319.38
325.71
328.083
326.105
324.127
316.215
312.259
298.414
288.92
275.47
257.668
241.449
221.274
205.846
186.857
167.474
151.254
131.079
112.882
94.2895
76.8835
58.6864
41.676
25.0612
8.84203
-5.00361
-13.7066
-27.5522
-40.2111
-43.3758
-50.892
-58.4083
-58.4083
-63.9465
-68.298
-67.1112
-69.0892
-72.6495
-76.6054
-74.6274
-75.023
-80.5613
-79.3745
-78.9789
-80.1657
-80.5613
-78.9789
-84.1216
-100.341
-103.506
-101.923
-106.275
-111.417
-120.516
-129.614
-138.713
-148.998
-156.119
-162.053
-170.756
-178.272
-186.184
-195.678
-203.59
-212.293
-216.249
-222.578
-230.885
-238.006
-244.336
-249.874
-256.994
-253.434
-258.181
-258.577
-255.016
-255.412
-249.874
-240.38
-235.633
-224.16
-215.457
-203.194
-193.7
-181.437
-164.031
-146.229
-126.054
-107.461
-81.7481
-52.4744
-23.9919
5.67731
33.3686
67.7849
93.4983
118.816
144.925
170.638
195.956
211.78
231.164
243.427
258.064
272.701
281.799
296.04
303.557
306.721
308.304
300.787
303.952
307.512
283.381
268.745
254.899
233.142
208.219
189.627
169.452
149.276
133.057
120.003
109.322
99.8277
87.5644
75.3011
63.4334
51.5657
39.698
27.4348
16.3582
9.23762
2.51259
-0.256536
-4.60802
-4.60802
-5.3992
-4.21243
-1.04772
2.51259
9.23762
12.0068
17.545
16.3582
19.1274
15.1715
18.3362
18.3362
19.523
18.3362
19.9185
25.8524
26.6436
32.1818
30.5995
29.4127
27.0392
17.1494
10.4244
0.534644
-7.77274
-25.1787
-34.6729
-52.87
-66.7156
-78.9789
-92.0334
-100.736
-115.373
-126.45
-136.339
-145.042
-153.745
-166.8
-182.228
-190.14
-215.457
-228.908
-236.819
-245.918
-251.456
-253.83
-261.741
-271.631
-274.796
-278.356
-273.214
-271.631
-266.093
-265.302
-264.906
-261.741
-254.621
-245.127
-234.841
-222.182
-205.172
-180.646
-147.812
-109.835
-70.276
-33.0905
0.534644
32.973
65.807
102.597
139.782
175.781
205.846
230.768
250.547
269.931
288.92
304.348
320.567
328.479
338.368
340.346
347.467
347.863
343.116
327.292
306.326
279.426
253.317
231.955
214.153
193.583
171.034
140.969
116.442
89.1468
74.1144
56.3128
46.0275
30.2039
17.545
5.28172
-4.21243
-8.95951
-24.3875
-39.0243
-59.595
-68.6936
-76.2098
-66.7156
-50.892
-38.2332
-34.6729
-30.3214
-22.8052
-12.1242
7.65526
30.2039
46.0275
55.9172
62.6423
71.7408
84.0041
96.2674
102.597
101.41
98.2454
98.6409
106.553
119.212
126.728
119.212
99.0365
74.51
49.9834
36.5333
26.248
17.1494
-3.42126
-27.1567
-54.8479
-76.6054
-92.8246
-107.066
-124.472
-144.251
-162.844
-176.69
-185.788
-193.304
-207.546
-233.259
-262.928
-287.85
-305.256
-309.608
-305.652
-308.421
-315.937
-327.805
-339.277
-345.211
-346.002
-343.233
-340.859
-346.398
-340.859
-320.684
-310.399
-294.971
-278.356
-271.236
-257.786
-229.303
-179.854
-123.285
-64.7377
-17.2669
18.7318
53.9393
90.7291
136.618
177.759
216.131
244.218
264.393
286.942
308.304
334.017
345.489
349.445
351.423
343.511
349.841
363.686
363.686
352.61
326.896
283.777
242.636
211.384
187.649
168.265
144.134
112.882
80.4438
51.9613
31.3907
15.1715
-0.256536
-16.8713
-33.0905
-42.1891
-41.3979
-37.442
-34.2773
-44.167
-62.7597
-78.5833
-83.3304
-71.4627
-45.7494
-21.6184
-6.98156
4.49054
13.5891
29.0171
48.7966
65.807
94.685
100.223
86.7732
108.135
131.475
140.178
149.672
146.903
138.991
132.266
138.2
149.672
157.188
155.21
137.804
106.157
73.3232
52.7525
39.3025
27.4348
13.1935
-4.21243
-26.7611
-52.4744
-68.298
-89.2643
-110.231
-132.779
-155.723
-168.382
-177.481
-179.854
-190.931
-212.688
-245.522
-279.543
-304.07
-312.377
-310.795
-308.025
-310.003
-321.08
-334.134
-344.42
-349.562
-349.562
-350.749
-355.101
-360.243
-355.892
-344.42
-328.201
-320.289
-313.564
-302.883
-282.312
-238.006
-181.832
-114.978
-57.2215
-13.7066
27.0392
59.4775
102.597
142.156
185.275
228.79
254.108
282.986
314.237
338.368
359.335
372.785
382.279
386.235
391.377
405.223
417.091
415.113
394.147
355.379
310.282
271.514
236.702
215.34
195.956
164.309
131.475
101.014
76.0923
50.7746
32.1818
12.4023
-10.9375
-23.2008
-31.1125
-33.8817
-36.6508
-48.1229
-68.6936
-90.0554
-102.319
-99.154
-75.8142
-47.3317
-21.2228
-7.77274
-1.44331
6.0729
21.1053
47.2143
72.9276
94.2895
112.882
132.662
153.232
173.012
187.253
192.791
190.813
184.088
188.044
195.56
200.308
210.197
200.308
176.177
141.365
109.322
85.9821
46.4231
43.2584
44.4451
22.6877
3.30377
-36.2552
-66.3201
-88.0775
-110.626
-129.219
-151.767
-171.547
-189.744
-200.821
-213.48
-235.633
-275.192
-319.102
-352.727
-364.199
-354.31
-346.793
-347.98
-374.485
-403.363
-422.747
-428.68
-416.022
-408.11
-408.901
-414.044
-417.604
-410.088
-389.121
-364.595
-349.562
-338.486
-321.476
-284.686
-219.809
-139.109
-61.1774
-10.1463
18.7318
44.4451
84.0041
142.551
205.055
255.69
280.217
291.293
306.721
336.39
373.576
392.96
403.245
389.4
392.564
406.805
429.75
435.288
409.179
362.895
292.084
263.998
225.23
220.483
206.241
176.968
131.079
84.3997
46.8187
34.1598
23.4789
9.23762
-21.6184
-46.145
-65.5289
-67.1112
-63.5509
-68.6936
-90.0554
-119.329
-135.944
-124.076
-86.4951
-39.8155
-7.37715
3.30377
-1.04772
-1.04772
13.9847
45.2363
77.2791
101.014
116.838
133.453
156.397
182.506
203.868
212.571
212.571
210.593
215.34
227.603
241.844
250.943
245.009
221.669
185.671
146.112
116.047
101.014
95.0806
89.1468
70.1585
38.1157
1.72141
-33.4861
-56.8259
-77.3966
-101.132
-125.263
-158.888
-189.349
-200.821
-214.271
-231.677
-256.203
-305.652
-345.211
-368.551
-379.627
-369.738
-369.342
-380.023
-410.483
-444.9
-468.635
-476.151
-458.745
-444.504
-441.339
-451.229
-461.514
-455.581
-436.197
-412.461
-398.616
-387.935
-364.595
-311.981
-230.885
-138.713
-62.7597
-18.4537
4.88613
31.3907
82.0262
154.815
228.79
281.403
306.721
318.985
337.577
372.389
413.926
445.573
456.254
454.276
455.463
468.913
487.901
493.044
463.77
403.245
332.039
275.47
247.383
237.493
223.252
187.253
130.684
79.257
43.2584
25.8524
19.523
-2.23449
-37.442
-64.7377
-85.3084
-88.0775
-75.8142
-88.8687
-111.813
-141.087
-162.844
-146.229
-108.648
-59.595
-24.7831
-7.37715
-1.44331
1.72141
23.8744
50.379
82.0262
111.3
137.013
165.1
193.187
221.274
241.449
253.712
258.459
258.855
262.02
271.514
286.151
298.809
299.205
279.821
242.636
199.516
165.496
148.09
141.365
134.64
114.465
80.0482
36.5333
-6.98156
-44.167
-75.8142
-104.692
-134.362
-163.24
-190.14
-208.732
-223.765
-248.687
-284.686
-338.882
-397.824
-440.548
-462.701
-460.723
-457.954
-467.844
-499.095
-544.193
-567.928
-572.28
-553.687
-543.401
-534.303
-505.425
-517.688
-514.128
-483.667
-471.009
-447.273
-429.867
-397.033
-340.859
-260.555
-153.35
-63.5509
0.534644
40.0936
69.7629
117.629
194.769
272.701
333.226
370.807
382.279
400.476
432.519
465.353
493.44
500.165
493.44
492.648
506.89
525.878
527.856
495.813
430.936
351.423
282.195
237.493
213.362
195.56
167.474
124.354
70.5541
22.6877
-10.1463
-29.9258
-48.9141
-73.4407
-100.341
-119.329
-118.934
-112.208
-110.231
-125.263
-151.372
-164.031
-154.141
-114.186
-59.9906
-10.5419
22.2921
33.3686
52.3569
64.2246
82.0262
107.74
118.816
163.122
207.824
241.053
276.656
288.129
303.557
308.304
305.139
301.974
303.557
322.545
335.204
342.72
323.732
279.426
222.856
170.638
141.76
131.079
125.541
107.74
70.5541
20.7097
-29.9258
-73.0451
-112.208
-151.767
-194.491
-231.677
-254.225
-263.324
-270.444
-290.62
-330.574
-385.561
-439.757
-478.92
-492.37
-487.623
-478.525
-479.712
-499.095
-528.369
-553.687
-561.994
-552.896
-537.468
-522.04
-507.007
-493.162
-471.8
-444.9
-423.538
-408.11
-404.154
-391.495
-344.815
-264.115
-160.866
-60.3862
7.25967
46.0275
74.9055
111.3
182.902
256.086
314.237
350.236
370.807
405.619
434.497
455.463
456.254
440.826
435.684
439.639
466.935
492.253
497
474.451
423.025
359.335
289.315
228.394
186.066
161.935
142.156
112.882
70.1585
24.6656
-10.5419
-35.8596
-54.0568
-76.6054
-99.154
-109.835
-105.088
-90.0554
-80.5613
-92.0334
-125.263
-153.745
-155.723
-126.45
-77.3966
-20.036
27.4348
56.3128
73.3232
84.7953
97.8498
117.629
142.947
176.177
215.34
254.108
285.755
308.699
324.918
333.226
326.501
319.38
322.149
326.105
339.951
357.752
343.116
296.436
246.196
192.396
146.507
121.981
110.904
104.179
83.2129
39.3025
-8.56392
-52.0788
-92.8246
-132.779
-178.668
-224.556
-257.39
-271.631
-269.653
-271.236
-299.718
-357.079
-423.933
-472.591
-491.975
-489.601
-481.294
-482.085
-495.931
-517.293
-537.468
-550.522
-555.269
-550.127
-535.49
-515.315
-490.788
-467.844
-452.02
-436.592
-424.725
-417.208
-404.549
-375.671
-316.728
-219.018
-105.483
-6.19038
56.7084
84.3997
107.344
153.628
223.252
294.458
343.116
364.873
377.927
402.85
437.266
459.023
456.254
438.453
425.003
434.101
466.144
494.626
494.626
454.672
385.048
303.557
229.186
174.99
140.969
119.607
99.0365
70.1585
33.3686
-2.63008
-31.1125
-51.2876
-70.276
-91.6378
-112.604
-121.307
-111.022
-88.8687
-75.023
-88.8687
-125.263
-154.932
-149.394
-102.319
-35.8596
23.8744
63.0379
81.6306
95.0806
115.256
144.925
174.199
194.374
212.175
243.427
290.106
337.577
367.246
375.949
370.411
360.521
356.566
365.269
380.697
391.773
392.169
375.949
339.555
286.546
230.768
186.462
149.276
136.222
115.651
84.0041
40.4892
-10.5419
-60.7818
-107.857
-156.91
-197.26
-210.315
-255.808
-270.444
-285.081
-307.63
-355.892
-400.989
-461.91
-499.491
-523.226
-529.951
-526.787
-523.226
-524.413
-532.325
-543.401
-549.731
-556.06
-554.874
-542.215
-518.875
-496.722
-474.964
-456.767
-443.317
-433.032
-419.582
-397.824
-357.474
-283.499
-177.481
-59.1994
40.8848
101.014
128.706
155.606
203.472
267.953
331.643
379.51
406.805
429.354
459.419
486.715
488.297
464.957
436.87
430.936
458.232
503.725
530.23
506.89
436.475
340.742
240.658
157.584
92.3115
47.6098
27.0392
17.545
8.05085
-10.9375
-50.892
-85.704
-108.648
-138.317
-155.328
-145.042
-124.076
-94.4069
-63.9465
-56.8259
-76.6054
-110.626
-129.614
-114.978
-69.8804
-0.256536
68.1805
108.135
127.123
137.013
141.76
148.881
154.024
157.584
182.506
227.603
284.173
346.28
381.092
380.301
365.269
352.214
356.566
378.323
399.289
413.926
420.651
409.179
374.367
316.611
250.152
188.044
134.64
83.6085
24.27
-41.7935
-98.3628
-136.735
-168.382
-214.271
-279.939
-354.705
-414.044
-446.878
-468.239
-505.425
-563.181
-631.618
-684.627
-704.011
-696.495
-677.506
-669.199
-666.034
-652.584
-652.98
-664.056
-647.837
-609.069
-563.577
-508.194
-452.416
-402.967
-367.364
-345.607
-326.223
-300.905
-227.721
-71.4627
164.309
445.573
685.301
803.187
796.462
706.267
610.139
578.887
612.908
679.763
733.167
728.42
659.192
527.856
345.885
148.09
-15.6845
-95.1981
-69.8804
29.0171
137.804
178.155
104.97
-66.3201
-272.818
-427.889
-472.195
-397.033
-240.38
-76.6054
27.0392
38.9069
-31.1125
-141.482
-246.313
-300.509
-283.499
-198.843
-66.3201
62.2467
129.893
100.619
-23.9919
-176.294
-268.862
-253.434
-119.329
76.4879
263.998
399.685
415.113
325.314
243.427
209.011
227.603
316.215
450.32
586.799
683.718
703.102
644.951
527.065
399.289
321.358
317.402
380.301
470.1
510.054
449.925
297.623
102.201
-78.1877
-201.216
-238.402
-193.304
-114.186
-71.8583
-120.12
-243.149
-369.342
-433.032
-419.582
-355.892
-275.192
-198.051
-150.185
-155.723
-228.116
-353.914
-494.744
-596.015
-610.652
-537.072
-438.175
-398.22
-447.273
-557.643
-682.254
-787.085
-845.237
-838.907
-757.811
-619.75
-485.25
-412.066
-406.132
-439.757
-493.557
-537.863
-511.754
-353.518
-22.8052
468.122
1004.15
1377.98
1444.83
1243.48
931.753
657.609
514.01
532.207
658.401
769.561
750.969
553.174
197.934
-219.809
-566.741
-721.813
-630.827
-336.904
25.8524
302.37
385.839
261.228
-5.00361
-287.059
-436.988
-354.705
-53.2656
323.732
580.865
594.711
379.905
50.379
-268.466
-488.019
-559.621
-474.173
-277.565
-72.6495
17.1494
-68.298
-287.455
-530.347
-681.858
-664.848
-459.932
-112.208
270.723
555.943
654.84
580.865
436.079
328.083
327.292
447.156
626.358
781.429
856.196
812.285
656.027
445.969
254.108
152.046
162.727
270.327
410.761
453.485
362.895
220.087
58.2908
-97.5717
-196.469
-213.48
-133.966
-1.44331
71.7408
23.4789
-137.131
-334.53
-448.856
-411.67
-265.302
-117.351
-47.3317
-65.1333
-156.91
-306.443
-484.459
-634.783
-692.143
-645.464
-553.687
-495.14
-517.293
-621.333
-758.998
-874.51
-926.333
-897.85
-801.326
-677.902
-558.434
-457.163
-395.451
-387.143
-401.385
-401.78
-393.077
-384.374
-345.607
-192.909
186.462
818.219
1507.73
1937.74
1919.54
1525.14
986.74
524.296
273.887
254.108
373.972
500.56
480.385
233.933
-192.118
-662.87
-993.583
-1052.92
-811.216
-298.531
291.293
674.224
744.244
559.503
230.372
-82.1436
-237.61
-143.856
185.275
569.393
779.847
674.62
265.975
-268.466
-720.626
-969.847
-991.209
-817.545
-542.215
-314.355
-235.633
-290.224
-409.692
-527.182
-565.159
-449.647
-147.02
286.151
711.014
984.762
1049.64
951.137
779.847
615.677
518.362
513.615
580.469
650.884
649.698
551.987
392.96
231.559
115.651
64.2246
83.6085
162.727
265.58
346.28
364.477
304.348
177.759
18.3362
-86.0995
-75.023
23.8744
136.618
162.331
79.257
-55.2435
-205.568
-299.718
-307.234
-279.147
-193.7
-103.11
-150.581
-296.158
-472.195
-667.617
-803.304
-826.248
-741.196
-593.246
-501.865
-512.545
-583.752
-680.276
-764.536
-803.7
-786.294
-715.088
-616.19
-501.865
-402.571
-362.221
-383.979
-431.45
-467.844
-482.481
-485.645
-467.844
-339.673
72.9276
837.603
1717.39
2274.39
2230.08
1673.88
940.852
339.555
-6.98156
-113.395
-33.8817
137.409
248.57
153.628
-202.799
-713.901
-1136
-1230.15
-916.443
-295.762
407.992
934.522
1120.45
982.784
635.852
204.659
-163.24
-289.828
-89.6599
315.82
637.434
615.281
217.318
-355.496
-859.478
-1170.81
-1268.91
-1164.48
-881.631
-505.029
-169.965
6.0729
1.32582
-109.044
-211.502
-209.128
-27.1567
331.643
751.364
1080.1
1234.78
1192.84
952.72
584.821
248.57
80.4438
72.532
126.728
180.924
235.515
302.765
354.588
326.105
196.352
57.8952
43.2584
189.231
408.388
588.381
656.423
593.524
426.189
219.691
48.7966
-37.442
-40.2111
1.32582
49.1922
52.3569
-32.6949
-184.206
-325.431
-400.989
-417.208
-404.945
-404.549
-435.801
-490.788
-562.785
-659.705
-762.558
-805.282
-732.889
-581.774
-442.526
-361.035
-347.98
-419.582
-570.697
-748.713
-862.247
-843.259
-707.571
-510.568
-308.421
-215.457
-305.652
-501.865
-679.88
-802.908
-871.741
-815.567
-403.758
556.338
1853.08
2860.65
3021.26
2326.6
1275.92
379.51
-176.69
-422.747
-393.473
-137.922
181.715
327.688
118.42
-434.219
-1079.43
-1446.93
-1282.36
-605.114
303.952
1072.58
1458.28
1443.25
1124.01
579.678
-69.4848
-572.675
-639.134
-210.315
373.576
626.753
351.027
-240.775
-815.567
-1198.89
-1381.66
-1406.97
-1243.2
-813.985
-190.14
348.654
536.559
343.907
18.3362
-127.241
12.0068
298.018
576.514
811.89
1033.42
1194.43
1133.11
789.341
337.577
9.23762
-94.0113
-16.4757
114.069
222.461
335.204
476.034
581.656
555.152
390.586
220.087
187.253
313.446
497.396
622.402
620.82
488.693
291.689
123.563
13.1935
-84.9128
-192.118
-250.269
-218.227
-169.965
-214.271
-334.926
-415.23
-408.901
-401.78
-474.173
-569.51
-590.872
-546.566
-540.632
-616.19
-705.593
-713.11
-620.937
-496.326
-416.813
-403.758
-429.076
-476.547
-569.51
-715.879
-851.17
-871.346
-742.383
-547.357
-418.395
-422.351
-524.809
-644.277
-755.042
-894.685
-978.946
-673.155
354.588
1926.66
3286.7
3679.13
2979.33
1723.72
558.712
-235.237
-714.296
-923.168
-771.261
-282.312
218.505
309.886
-144.647
-872.532
-1403.81
-1396.29
-833.764
24.6656
863.712
1476.88
1768.82
1686.54
1199.17
394.542
-428.285
-842.467
-628.849
-44.9582
360.521
270.723
-148.998
-551.313
-840.094
-1160.52
-1531.19
-1685.07
-1363.06
-642.299
122.376
611.325
729.607
585.612
354.588
169.847
78.8614
95.8718
263.998
603.414
1013.64
1262.07
1152.1
717.344
220.483
-101.528
-221.787
-226.534
-117.351
182.11
639.017
1035.4
1122.03
845.91
406.41
77.2791
-13.311
87.96
281.403
479.99
613.699
631.501
511.241
264.789
-33.8817
-273.609
-382.792
-361.035
-243.544
-102.319
-17.2669
-12.9154
-80.5613
-238.402
-510.172
-821.106
-1003.47
-937.409
-685.023
-449.647
-383.583
-464.679
-564.368
-611.443
-634.783
-679.88
-728.933
-722.208
-638.739
-537.072
-493.557
-522.04
-584.147
-640.321
-669.595
-667.617
-668.012
-687.396
-671.573
-599.971
-588.894
-711.132
-694.912
-35.464
1427.82
3074.66
3904.22
3476.19
2287.84
1105.81
207.824
-526.391
-1073.89
-1183.07
-785.898
-207.15
120.398
5.28172
-455.581
-997.934
-1267.73
-994.77
-246.709
586.799
1178.21
1512.48
1672.69
1516.44
855.009
-113
-814.776
-855.522
-430.658
-79.7701
-128.823
-446.878
-709.154
-809.634
-938.991
-1255.07
-1565.21
-1488.07
-907.344
-139.504
413.531
631.105
637.83
565.437
472.078
401.267
387.026
442.409
615.677
942.83
1264.84
1264.84
835.229
268.745
-63.9465
-124.076
-121.703
-110.231
77.6747
502.934
963.005
1177.02
1027.49
616.864
195.956
15.9627
114.069
318.193
466.935
529.043
555.547
538.933
375.949
74.1144
-221.787
-390.704
-393.077
-315.937
-247.896
-212.293
-239.588
-258.972
-254.621
-446.482
-825.853
-1031.96
-880.049
-561.599
-405.736
-485.25
-557.643
-513.337
-492.766
-577.818
-696.495
-781.151
-822.292
-766.119
-574.653
-400.594
-431.845
-600.762
-690.957
-650.211
-615.003
-664.848
-732.493
-725.373
-638.739
-584.938
-696.099
-841.281
-477.734
907.622
2971.41
4431.14
4253.92
2794.59
1257.72
252.13
-515.315
-1257.05
-1606.35
-1243.2
-475.36
74.1144
84.0041
-339.277
-910.509
-1276.83
-1095.65
-352.332
520.735
1105.02
1408.44
1611.77
1627.2
1155.26
188.44
-772.052
-1122.94
-758.207
-195.282
-46.5406
-416.813
-852.753
-926.333
-787.085
-910.509
-1353.97
-1603.98
-1221.84
-364.99
428.959
797.253
797.648
703.498
645.742
529.438
288.92
107.344
282.986
861.338
1470.55
1615.73
1156.84
423.025
-145.042
-386.352
-417.999
-354.31
-124.472
383.861
1059.92
1525.14
1429.01
799.626
65.4114
-321.476
-232.072
131.079
506.494
762.441
865.69
792.901
519.944
76.0923
-410.088
-737.241
-751.482
-493.162
-185.788
-46.9361
-83.3304
-154.141
-228.908
-450.833
-869.763
-1242.8
-1216.7
-730.12
-152.954
71.7408
-103.11
-377.254
-558.038
-700.846
-852.357
-935.431
-874.51
-664.848
-380.814
-182.228
-210.71
-459.141
-761.372
-924.355
-906.949
-849.984
-844.445
-797.766
-611.443
-390.704
-361.43
-620.937
-880.84
-463.492
1092.36
3213.12
4476.24
4020.91
2489.59
1133.11
315.82
-471.8
-1350.4
-1732.94
-1306.89
-543.401
-43.7714
18.3362
-272.818
-749.504
-1074.28
-881.631
-196.469
523.505
946.786
1234.78
1586.06
1710.67
1179
130.684
-780.755
-1067.56
-784.316
-372.902
-263.719
-502.656
-737.636
-696.099
-592.455
-837.72
-1374.14
-1620.99
-1179.91
-325.827
387.817
745.035
877.162
877.953
718.135
450.716
250.152
234.724
411.553
757.298
1160.4
1333.67
1036.98
422.629
-63.9465
-198.447
-158.493
-125.263
33.7642
498.978
1093.55
1402.11
1208.27
667.499
121.19
-141.878
-26.3655
311.864
590.359
672.246
633.874
550.8
333.226
-75.4186
-512.545
-738.032
-679.484
-457.558
-247.896
-153.35
-182.623
-267.28
-373.298
-569.906
-875.697
-1080.22
-920.399
-459.932
-86.8907
-75.4186
-327.805
-577.422
-700.451
-752.669
-796.579
-822.688
-794.997
-672.759
-456.767
-281.917
-325.827
-544.588
-691.352
-668.012
-607.487
-619.75
-657.331
-647.046
-597.597
-557.247
-571.884
-673.551
-753.064
-353.123
1050.43
3138.35
4519.75
4099.24
2423.13
936.5
154.815
-498.7
-1272.87
-1599.23
-1136.79
-373.693
43.6539
-12.1242
-358.265
-840.49
-1212.74
-1082.19
-334.134
582.447
1159.61
1416.35
1607.03
1599.51
1035.79
-12.9154
-951.65
-1221.44
-783.129
-110.626
214.549
-8.56392
-465.47
-745.944
-837.72
-1044.22
-1433.08
-1605.96
-1153.8
-204.381
675.411
1047.66
921.864
597.48
390.191
404.036
459.419
384.652
393.751
814.659
1446.81
1646.98
1116.89
261.624
-307.234
-374.88
-179.459
19.1274
246.196
637.039
1098.69
1340
1158.82
620.424
12.0068
-316.333
-163.24
343.116
789.737
851.844
602.227
341.138
141.365
-174.712
-628.849
-933.453
-844.05
-462.306
-122.494
-33.4861
-148.207
-327.805
-508.59
-700.451
-918.816
-1088.13
-997.539
-575.444
-141.482
-75.8142
-322.662
-561.599
-676.715
-762.558
-832.973
-838.512
-791.041
-687.792
-478.525
-237.61
-207.941
-493.953
-827.831
-876.093
-674.737
-520.457
-524.809
-555.665
-524.018
-488.414
-537.863
-716.274
-817.545
-200.425
1629.18
3941.8
5000
3926.76
1792.56
260.833
-317.915
-740.01
-1308.08
-1378.89
-618.564
263.998
442.409
-92.429
-877.675
-1555.32
-1779.22
-1211.95
3.69936
1161.59
1679.02
1648.56
1495.47
1243.48
524.296
-628.849
-1456.03
-1259.81
-256.994
615.677
638.621
-73.8363
-829.413
-1147.86
-1210.37
-1442.18
-1763.8
-1623.76
-758.602
400.08
1165.55
1200.36
690.443
140.573
-5.79479
255.69
561.481
718.135
938.083
1397.76
1798.1
1641.05
855.404
-44.167
-477.734
-355.892
-7.37715
320.962
648.115
982.784
1180.97
1091.18
667.104
18.7318
-514.523
-514.919
90.7291
847.493
1187.7
961.818
462.979
0.534644
-363.408
-671.968
-865.016
-834.556
-574.258
-222.578
5.28172
-58.8038
-383.583
-732.889
-905.366
-944.134
-965.892
-903.388
-604.322
-154.932
96.2674
-94.8025
-577.027
-978.55
-1092.88
-987.253
-796.579
-590.872
-419.977
-309.212
-250.269
-271.631
-442.526
-709.945
-875.697
-815.567
-579.796
-283.895
-82.1436
-130.01
-383.188
-587.708
-687.396
-868.576
-882.818
118.42
2393.46
4617.86
4952.13
3155.76
853.427
-457.558
-824.27
-969.056
-954.024
-449.251
301.974
629.918
279.426
-498.304
-1409.35
-2122.6
-2084.22
-1003.87
562.272
1665.18
1924.29
1637.49
1128.36
453.881
-354.31
-1069.54
-1266.54
-625.684
563.064
1352.27
981.598
-276.378
-1406.18
-1768.54
-1630.88
-1514.97
-1395.11
-889.147
24.27
869.646
1154.07
762.836
34.951
-440.548
-282.312
329.27
914.743
1271.17
1561.14
1825.79
1743.5
1088.8
159.562
-491.579
-554.874
-95.9893
558.316
987.136
994.652
780.638
608.952
439.244
99.8277
-314.355
-434.219
-15.6845
732.772
1272.36
1210.64
613.699
-109.439
-568.324
-669.199
-594.433
-516.106
-389.913
-137.922
76.0923
-22.4096
-446.878
-902.202
-1109.89
-1023.65
-789.458
-601.949
-530.743
-462.701
-333.343
-318.311
-581.378
-932.662
-1007.03
-748.713
-459.536
-385.166
-467.053
-530.743
-525.6
-528.765
-587.312
-651.002
-640.717
-534.303
-380.023
-235.633
-163.24
-254.621
-515.315
-737.636
-738.032
-696.099
-839.698
-715.483
592.337
3035.9
4922.46
4522.13
2196.85
25.8524
-668.803
-414.835
-154.141
42.4672
389.4
568.602
181.319
-614.608
-1436.25
-2137.23
-2454.89
-1800.59
-94.8025
1614.15
2154.52
1542.54
675.411
127.519
-198.843
-539.05
-773.239
-467.844
526.274
1561.53
1628.39
417.091
-1266.54
-2254.33
-2121.01
-1433.08
-889.543
-547.753
-125.659
335.599
518.757
273.096
-243.94
-665.243
-588.103
123.563
1112.14
1798.1
1948.81
1809.96
1584.08
1129.15
411.553
-164.426
-208.337
220.087
771.935
1095.53
978.037
503.329
10.82
-237.215
-241.962
-142.273
-24.3875
192
616.864
1075.75
1139.83
641.786
-60.7818
-481.294
-483.667
-268.466
-76.2098
-7.77274
-37.0464
-156.119
-421.955
-786.294
-1027.6
-1004.66
-808.051
-603.927
-528.765
-662.474
-855.522
-823.875
-580.587
-446.086
-529.556
-603.136
-532.721
-442.13
-461.514
-588.103
-736.449
-764.536
-594.037
-362.221
-296.158
-412.857
-526.787
-532.721
-491.975
-494.744
-544.984
-575.049
-529.16
-416.813
-361.826
-565.555
-864.225
-358.661
1661.62
4164.91
4896.75
3067.94
489.088
-669.99
-272.818
373.18
570.184
609.743
641.786
325.314
-457.558
-1364.65
-2096.09
-2474.67
-2062.47
-544.193
1348.71
2174.3
1420.7
91.1247
-620.542
-543.797
-224.556
-13.311
260.042
848.284
1487.95
1482.02
458.628
-1124.92
-2255.91
-2183.52
-1134.02
-114.186
172.616
-93.2202
-408.11
-558.038
-596.806
-619.355
-583.356
-275.192
434.101
1317.06
1921.12
1919.15
1383.52
796.857
617.655
789.341
925.819
886.656
834.438
819.406
667.104
294.062
-104.297
-276.774
-182.623
40.8848
234.724
287.337
185.275
68.1805
120.398
332.435
497.396
462.584
283.777
107.74
-6.58597
-113.791
-264.906
-428.68
-528.765
-531.929
-474.173
-428.68
-458.745
-584.543
-803.7
-1065.18
-1222.63
-1114.63
-742.383
-304.465
-71.8583
-185.393
-499.887
-731.702
-800.931
-827.435
-814.776
-663.265
-406.527
-204.777
-216.249
-484.459
-798.557
-861.06
-664.452
-440.548
-311.586
-285.081
-379.627
-525.6
-597.202
-623.311
-715.483
-659.309
220.087
2230.87
4223.85
4276.86
2094.39
-278.752
-881.235
51.1702
1073.77
1482.81
1413.58
894.963
-135.153
-1263.77
-1915.31
-2066.42
-1899.48
-1162.9
269.14
1555.99
1576.96
334.017
-1012.57
-1387.59
-683.44
419.069
1185.33
1391.43
1280.27
1038.56
481.572
-537.072
-1537.91
-1707.62
-894.685
92.7071
411.948
-2.63008
-728.142
-1397.88
-1692.99
-1334.98
-494.744
224.834
506.89
607.37
760.858
828.109
724.069
720.113
1070.21
1613.35
1931.01
1807.98
1361.36
805.56
307.512
30.9951
65.4114
312.259
572.953
652.862
387.026
-173.525
-668.408
-760.58
-450.438
55.1261
564.25
902.875
890.216
489.484
-79.7701
-462.701
-476.942
-247.5
0.930234
135.035
84.0041
-183.81
-561.994
-858.291
-982.902
-1012.57
-1029.98
-998.725
-858.687
-661.683
-542.215
-579.796
-741.592
-890.729
-838.512
-553.687
-298.927
-357.87
-640.321
-777.591
-620.146
-406.132
-379.232
-462.701
-458.35
-387.539
-433.427
-601.553
-676.715
-555.665
-368.551
-255.808
-270.049
-429.867
-452.416
324.918
2047.32
3543.04
3344.46
1558.37
-108.253
-313.959
635.061
1578.15
1819.06
1348.31
396.52
-675.529
-1374.54
-1494.8
-1329.04
-1127.29
-671.573
160.749
765.606
425.398
-622.519
-1338.14
-1079.43
-137.526
801.604
1281.06
1199.17
745.826
248.57
-109.835
-374.089
-527.578
-368.946
99.4321
408.783
93.4983
-698.868
-1363.46
-1515.37
-1209.97
-644.277
-54.4524
205.055
0.534644
-255.412
-69.4848
464.562
908.809
1174.25
1498.24
1858.62
1900.55
1485.58
953.906
667.499
582.052
531.812
590.755
793.297
829.296
409.97
-268.862
-736.449
-751.877
-419.977
19.523
369.224
526.274
467.726
228.394
-67.5068
-233.655
-182.623
-15.6845
104.97
62.2467
-157.701
-407.319
-494.744
-451.625
-463.492
-584.543
-762.954
-976.968
-1139.16
-1103.95
-904.971
-724.977
-649.024
-637.156
-646.255
-675.133
-741.592
-847.61
-931.475
-895.477
-724.977
-508.59
-347.98
-300.509
-393.869
-586.916
-719.043
-651.793
-453.998
-292.202
-200.029
-187.766
-385.166
-684.627
-452.416
825.735
2582.55
3392.32
2481.67
742.661
-184.206
299.996
1370.46
2018.04
1944.86
1286.2
273.887
-668.408
-1076.66
-929.497
-622.519
-412.857
-192.909
64.6202
15.9627
-554.478
-1188.21
-1187.03
-478.92
342.324
737.519
636.643
271.909
-71.8583
-196.469
-109.044
44.0495
195.56
354.983
394.542
122.376
-423.933
-934.64
-1086.94
-799.744
-311.586
-33.8817
-195.678
-614.212
-855.918
-666.034
-153.745
422.629
944.412
1375.61
1578.15
1438.11
1133.5
1014.83
1183.35
1390.64
1373.23
1128.36
813.076
545.262
368.433
272.305
181.319
25.8524
-150.581
-229.303
-195.282
-151.767
-160.075
-162.053
-96.7805
8.84203
91.9159
89.938
-52.0788
-309.608
-534.303
-566.741
-394.66
-167.195
-52.0788
-114.582
-329.783
-650.211
-958.771
-1082.59
-974.594
-772.448
-603.136
-511.359
-547.357
-707.967
-879.653
-981.32
-1016.13
-957.584
-780.755
-583.752
-520.062
-613.816
-724.582
-711.923
-578.609
-425.12
-326.618
-304.861
-325.827
-306.443
-280.73
-438.57
-668.408
-325.827
989.114
2542.99
2961.13
1791.37
217.318
-192.513
744.639
1827.37
2065.12
1537.4
752.947
19.9185
-455.185
-490.392
-196.865
40.0936
2.117
-136.735
-189.349
-337.299
-755.042
-1069.54
-753.46
26.248
496.209
244.614
-337.695
-622.124
-435.01
-57.2215
211.384
287.733
220.483
92.3115
-14.8934
-93.2202
-217.831
-374.88
-395.846
-216.644
-70.276
-216.249
-573.071
-813.589
-703.615
-296.158
144.134
380.301
446.364
548.031
757.694
990.301
1186.91
1338.02
1384.31
1259.7
995.839
750.178
697.564
817.428
888.238
759.672
516.384
315.424
183.693
62.2467
-46.145
-81.7481
-74.2319
-134.362
-260.95
-313.959
-249.478
-185.788
-241.171
-421.164
-614.608
-679.484
-603.531
-474.173
-315.937
-175.898
-221.787
-479.712
-717.065
-801.722
-837.325
-844.841
-708.362
-486.041
-417.604
-602.344
-911.3
-1154.98
-1186.63
-958.771
-621.333
-446.878
-577.422
-878.862
-1056.88
-935.431
-641.903
-425.911
-350.749
-327.014
-326.223
-352.727
-429.867
-581.774
-519.666
320.171
1800.07
2640.31
1860.2
330.061
-96.3849
1023.93
2191.31
2093.21
1187.3
544.075
258.855
-33.4861
-118.934
265.975
644.951
446.76
-99.5496
-390.308
-392.286
-508.194
-676.715
-410.483
166.682
291.689
-238.797
-755.438
-745.944
-391.891
-70.276
65.0158
42.0716
-50.892
-146.229
-210.315
-197.656
-99.9452
36.9289
156.397
142.947
-130.406
-534.303
-697.286
-470.613
-113.395
51.5657
-22.8052
-133.175
-56.4303
229.186
534.581
686.092
739.892
887.843
1142.21
1256.93
1063.88
764.419
688.07
838.394
926.611
804.769
637.83
605.392
659.983
639.808
492.253
279.03
75.3011
-73.0451
-140.691
-141.087
-123.285
-138.713
-212.688
-358.265
-565.159
-753.064
-795.788
-667.221
-499.491
-448.064
-525.6
-611.839
-619.75
-611.839
-678.693
-747.921
-681.067
-549.335
-570.302
-758.602
-882.026
-814.381
-685.023
-638.343
-677.506
-744.757
-791.832
-794.205
-781.151
-794.601
-788.667
-708.362
-601.158
-528.765
-455.185
-408.11
-522.435
-650.211
-220.6
983.971
2059.98
1822.23
566.624
25.0612
1058.74
2390.29
2409.68
1332.49
550.8
536.955
602.227
370.016
256.481
464.166
557.13
260.042
-108.648
-279.147
-400.198
-516.106
-344.815
83.2129
201.494
-292.597
-901.806
-989.627
-563.181
-106.67
36.1377
-126.45
-368.155
-455.976
-351.145
-239.984
-245.522
-226.138
-23.2008
204.263
153.232
-162.844
-402.571
-350.749
-148.207
-29.5302
-39.4199
-47.3317
72.532
320.171
526.274
508.472
339.951
339.951
655.632
995.443
1007.71
786.967
689.257
770.748
775.495
625.962
540.119
649.698
809.12
845.119
770.748
666.312
512.428
279.03
74.51
27.8303
57.4996
-29.5302
-234.05
-380.418
-412.066
-465.47
-607.091
-707.967
-661.287
-586.125
-632.409
-741.988
-766.119
-725.373
-733.285
-774.03
-771.261
-768.492
-834.16
-871.741
-762.558
-622.124
-667.221
-876.488
-992.396
-867.785
-648.628
-565.555
-659.705
-790.645
-834.556
-766.514
-608.674
-445.295
-442.526
-612.63
-587.708
37.3245
991.092
1376
804.373
139.387
496.604
1662.8
2277.95
1700.78
850.657
803.978
1301.23
1348.71
781.429
358.544
485.923
700.729
518.757
100.619
-151.767
-177.876
-147.416
-100.736
-15.6845
-16.8713
-227.721
-502.656
-569.51
-425.911
-353.914
-494.744
-632.014
-528.369
-291.806
-236.819
-427.889
-580.983
-465.075
-225.347
-175.503
-356.287
-477.338
-332.948
-74.2319
27.8303
-79.7701
-213.48
-170.36
82.4218
360.917
468.122
440.035
465.353
595.897
700.333
681.74
607.765
611.325
711.805
789.737
769.561
712.992
694.795
701.52
697.564
662.357
588.381
514.406
501.351
541.702
536.559
396.125
144.529
-65.9245
-123.681
-114.978
-198.843
-360.639
-460.723
-475.36
-512.941
-610.256
-678.298
-672.364
-668.803
-706.78
-717.461
-705.989
-804.095
-1006.64
-1061.62
-842.467
-613.025
-699.66
-1015.34
-1159.33
-971.825
-737.241
-753.46
-927.124
-965.496
-813.194
-665.639
-624.102
-595.619
-544.193
-556.06
-535.49
-161.262
549.218
970.126
662.357
198.725
489.879
1396.18
1818.27
1303.61
715.761
903.271
1461.05
1474.5
949.95
663.939
864.107
993.465
701.124
356.17
341.929
455.859
334.017
36.5333
-126.45
-110.626
-126.054
-261.346
-381.21
-364.199
-278.752
-270.84
-373.693
-488.81
-524.018
-498.304
-488.414
-495.931
-453.207
-367.76
-354.31
-445.295
-513.732
-455.185
-337.299
-275.983
-276.378
-258.972
-169.965
-9.75069
172.616
290.502
284.964
220.087
252.921
444.387
650.093
710.223
650.489
603.414
618.842
640.995
620.424
591.942
620.028
692.026
719.717
661.961
550.8
449.925
415.904
434.892
400.872
264.393
137.409
101.014
60.6643
-71.0671
-205.963
-211.106
-136.339
-171.151
-378.44
-577.818
-607.487
-542.61
-522.831
-550.127
-595.619
-707.967
-878.466
-959.958
-863.829
-732.889
-783.129
-999.912
-1131.25
-1030.77
-866.994
-870.95
-1012.57
-1085.76
-1012.97
-890.729
-791.041
-709.154
-692.539
-753.46
-664.848
-163.24
528.647
764.814
362.104
55.9172
559.108
1460.66
1706.71
1123.61
674.62
980.806
1470.94
1378.37
894.172
760.463
1057.95
1165.94
849.866
527.065
532.603
679.367
601.831
319.38
155.21
164.704
108.926
-114.186
-334.53
-360.243
-262.928
-289.433
-483.667
-597.202
-457.558
-257.39
-288.642
-493.557
-574.258
-468.239
-410.088
-529.951
-650.606
-578.213
-388.726
-300.509
-374.88
-449.647
-362.617
-139.504
54.3349
102.992
62.6423
108.531
294.854
442.804
409.97
343.116
455.067
662.357
725.651
631.896
567.019
618.051
716.948
788.55
792.11
699.146
563.855
508.868
540.119
509.659
336.786
159.166
149.672
198.725
80.4438
-151.372
-238.797
-129.614
-80.9569
-249.478
-425.516
-414.835
-304.465
-267.675
-379.232
-546.962
-628.453
-653.375
-703.22
-746.339
-772.448
-832.973
-938.596
-1014.15
-994.77
-933.058
-940.178
-1016.53
-1055.29
-1027.6
-1005.85
-959.958
-797.766
-661.683
-762.954
-868.972
-485.645
275.865
597.875
138.2
-253.83
318.985
1367.69
1621.66
916.325
442.013
923.446
1574.59
1421.1
810.307
733.958
1207.88
1361.76
913.952
525.482
638.226
859.36
719.717
376.345
262.811
400.476
402.454
72.532
-268.071
-233.259
36.1377
55.9172
-279.939
-544.193
-438.175
-196.469
-222.578
-487.623
-591.268
-395.451
-199.238
-307.63
-560.807
-611.839
-417.604
-277.961
-359.452
-550.127
-616.586
-364.99
-65.5289
-1.8389
-205.568
-302.487
14.7759
295.249
295.645
115.651
140.573
458.628
580.865
503.329
398.498
453.881
620.82
665.917
701.124
644.951
561.877
562.668
556.338
559.108
445.573
352.214
312.259
202.681
96.2674
-43.3758
-46.9361
6.86408
-69.4848
-171.151
-292.993
-303.278
-307.63
-361.826
-275.192
-255.016
-358.661
-519.271
-619.355
-517.293
-527.182
-675.133
-818.336
-927.124
-868.181
-887.169
-1030.37
-1115.82
-1118.59
-1010.99
-1037.89
-1090.11
-908.135
-758.207
-836.534
-1051.73
-794.601
-0.652126
397.311
39.3025
-408.901
75.6967
1104.23
1340
704.289
311.864
930.171
1628.39
1367.69
714.97
694.795
1281.45
1442.86
911.974
565.437
805.165
1103.44
879.931
368.829
271.514
553.965
663.148
271.514
-243.94
-206.754
163.122
248.57
-161.262
-574.258
-437.383
-113.395
-112.208
-463.888
-625.289
-338.882
-176.69
-410.483
-699.264
-596.411
-194.491
-51.2876
-280.73
-548.149
-503.842
-176.69
9.23762
-65.5289
-223.765
-262.928
-103.11
20.7097
22.6877
-3.42126
64.6202
212.175
245.8
249.756
282.59
331.248
412.739
467.331
513.615
476.429
424.607
463.375
482.363
426.585
281.403
224.043
286.942
248.57
104.575
-16.8713
29.8083
89.1468
-38.6288
-200.029
-247.5
-143.856
-80.5613
-171.943
-283.103
-363.408
-355.101
-328.596
-380.418
-455.581
-539.446
-548.544
-539.446
-618.564
-693.726
-787.876
-827.435
-793.81
-820.314
-924.355
-1100.39
-1064
-821.501
-739.218
-891.125
-997.539
-579.796
56.7084
156.793
-228.512
-323.453
362.499
1014.04
836.812
348.258
422.233
1083.26
1320.62
847.888
497
798.044
1309.94
1207.48
737.519
639.017
978.829
1144.19
730.398
282.59
349.445
722.091
712.992
157.979
-280.73
-114.582
299.996
240.262
-287.059
-559.225
-253.434
47.6098
-199.238
-613.025
-544.588
-131.988
-71.0671
-476.151
-731.307
-469.031
-84.9128
-97.5717
-415.626
-554.082
-332.552
-58.4083
-26.3655
-153.745
-183.019
-58.4083
59.082
59.082
15.5671
49.1922
151.254
192.396
139.782
123.959
199.121
260.437
255.69
251.734
295.645
337.973
325.71
305.534
306.326
269.14
188.044
136.222
131.475
112.487
37.7201
-36.6508
-61.9686
-67.9024
-95.1981
-158.888
-207.546
-177.876
-123.285
-144.251
-230.49
-302.487
-310.795
-271.631
-266.489
-361.43
-481.689
-496.326
-432.241
-438.966
-574.653
-719.835
-721.021
-628.849
-660.101
-851.566
-947.299
-771.261
-554.874
-641.903
-887.565
-762.163
-207.15
147.299
-67.5068
-309.608
68.5761
762.441
923.05
477.616
269.14
746.222
1262.86
1117.28
638.621
599.458
1000.98
1176.23
888.238
625.567
758.881
981.598
848.679
486.715
368.038
569.393
667.895
381.488
-27.9478
-118.142
130.288
275.074
29.0171
-332.948
-391.891
-192.909
-110.626
-259.368
-385.561
-328.992
-256.203
-349.562
-492.37
-455.185
-271.236
-185.788
-285.872
-395.846
-353.518
-211.106
-115.373
-112.604
-132.779
-105.088
-38.2332
3.30377
14.3803
62.6423
163.518
220.878
176.177
110.509
129.893
231.164
312.259
295.645
211.78
146.903
135.431
136.222
114.069
77.2791
30.5995
-24.3875
-59.595
-58.8038
-59.1994
-102.319
-164.031
-187.766
-171.151
-163.635
-184.601
-204.777
-194.491
-176.69
-201.216
-261.741
-291.411
-260.95
-239.193
-291.015
-355.101
-358.661
-348.376
-383.583
-469.031
-552.104
-585.73
-589.686
-578.213
-609.861
-714.692
-717.857
-582.169
-546.566
-633.596
-574.258
-242.753
88.3556
55.1261
-153.35
27.0392
591.942
872.415
563.459
277.448
618.842
1161.2
1134.3
673.038
534.977
889.425
1152.49
966.961
685.696
706.663
852.24
752.155
473.265
374.763
508.868
549.218
288.129
-67.9024
-150.185
65.807
187.253
-45.7494
-357.079
-353.123
-135.153
-118.538
-349.167
-436.988
-222.578
-93.6158
-347.189
-641.112
-495.931
-94.4069
-25.5743
-359.057
-561.599
-346.398
-49.7053
-54.4524
-237.61
-252.643
-71.8583
65.0158
15.1715
-94.4069
-55.2435
121.19
231.559
168.66
46.8187
84.3997
289.711
389.795
275.47
152.837
172.616
238.68
202.286
106.948
99.0365
130.684
37.3245
-145.042
-223.765
-156.515
-122.889
-225.347
-339.673
-334.926
-268.466
-268.071
-328.992
-347.98
-307.63
-300.509
-362.617
-403.363
-346.793
-263.719
-271.236
-363.012
-437.383
-439.361
-395.846
-363.012
-382.396
-450.833
-510.568
-517.688
-516.106
-556.852
-576.235
-478.525
-353.518
-394.264
-533.116
-433.032
-11.7286
303.557
188.835
-14.4978
218.505
743.057
914.347
610.534
450.32
781.034
1134.69
1019.57
671.455
642.973
928.984
1049.64
862.129
662.357
664.73
770.748
736.332
531.812
386.235
403.641
412.344
230.372
-59.1994
-168.778
-26.3655
57.8952
-145.042
-414.439
-407.714
-205.568
-170.36
-342.442
-406.132
-254.621
-163.24
-309.212
-463.492
-376.463
-178.668
-139.9
-269.258
-364.99
-312.773
-172.734
-54.4524
-29.1346
-86.0995
-116.956
-39.0243
66.9937
80.4438
49.1922
113.278
235.515
250.547
158.375
140.573
252.921
319.38
230.768
134.64
172.616
248.965
213.758
103.388
33.3686
7.65526
-35.464
-99.154
-162.448
-201.216
-220.205
-253.434
-307.234
-357.87
-405.341
-430.263
-418.395
-394.66
-380.418
-397.824
-442.922
-457.163
-410.879
-356.287
-368.946
-441.339
-477.734
-437.383
-401.385
-444.9
-534.699
-574.653
-535.885
-500.282
-560.807
-660.892
-629.245
-431.845
-295.367
-391.891
-490.392
-247.105
217.714
398.498
176.968
87.5644
511.241
1014.04
985.554
616.864
606.974
1049.24
1310.33
1047.27
701.124
766.001
1074.96
1143.39
898.128
691.63
720.904
809.912
740.683
532.999
385.444
381.092
358.544
152.837
-124.076
-194.096
-49.7053
-23.5963
-263.719
-500.282
-480.503
-311.19
-269.653
-390.704
-450.042
-396.242
-382.396
-443.317
-462.306
-390.308
-319.893
-331.365
-372.111
-371.715
-319.102
-217.04
-107.066
-80.1657
-139.504
-148.207
-13.7066
143.343
169.452
124.354
168.265
278.634
290.502
206.637
208.615
332.83
399.685
315.029
196.747
157.979
171.034
164.704
118.816
46.8187
-37.442
-105.088
-135.548
-152.163
-202.799
-274.005
-311.981
-321.476
-358.661
-412.857
-420.769
-388.726
-380.814
-412.066
-444.9
-448.46
-430.263
-406.923
-384.374
-387.935
-410.088
-430.658
-437.383
-407.714
-391.495
-431.45
-494.744
-535.094
-522.831
-506.216
-552.5
-545.379
-429.076
-367.364
-387.143
-408.505
-284.686
26.6436
249.756
234.724
176.177
364.873
703.102
826.526
706.267
652.862
845.119
1021.95
949.159
785.781
785.385
922.655
971.312
866.481
741.87
709.036
724.069
698.355
614.49
509.659
416.695
315.029
182.902
52.7525
-3.02567
19.1274
2.117
-126.45
-260.159
-260.159
-180.646
-184.997
-283.895
-338.09
-300.509
-281.521
-360.243
-457.558
-467.844
-406.132
-373.693
-410.088
-449.251
-418.791
-323.453
-227.325
-183.019
-180.646
-155.723
-70.6715
30.9951
86.3777
113.673
167.869
237.097
275.865
288.92
314.237
343.116
352.214
349.841
353.796
346.676
312.259
271.514
243.427
203.868
130.684
56.7084
18.7318
-8.95951
-68.6936
-139.504
-179.063
-209.524
-268.466
-319.498
-312.377
-279.939
-291.411
-343.629
-382.792
-392.286
-391.099
-390.704
-389.121
-395.451
-437.383
-499.887
-523.226
-499.491
-497.513
-547.753
-602.74
-629.64
-643.09
-649.024
-639.53
-630.827
-630.827
-622.519
-587.708
-527.973
-444.504
-332.156
-201.216
-74.2319
38.9069
151.254
259.646
343.116
425.794
545.658
678.971
744.244
711.41
691.63
778.66
891.403
922.259
884.283
872.019
939.27
1002.56
972.103
887.843
828.109
804.769
769.166
669.082
525.087
412.739
354.983
303.557
213.362
112.091
54.3349
27.8303
-23.9919
-100.341
-143.46
-141.087
-164.426
-257.39
-364.199
-414.044
-418.395
-440.153
-490.788
-528.765
-526.391
-500.678
-480.898
-471.404
-450.042
-396.638
-323.849
-263.324
-230.885
-196.865
-131.197
-54.8479
0.139054
34.5554
82.4218
145.321
192.396
211.78
225.625
251.339
280.612
291.293
277.448
242.24
199.912
180.924
176.177
148.485
93.4983
42.4672
25.8524
15.9627
-32.2993
-90.0554
-118.538
-128.823
-134.362
-154.932
-198.447
-232.863
-256.994
-293.389
-336.112
-361.035
-374.485
-407.319
-467.448
-527.578
-569.115
-589.29
-597.202
-626.871
-693.33
-755.042
-766.119
-736.845
-713.11
-709.549
-701.637
-663.661
-597.597
-527.578
-455.185
-341.651
-176.294
-16.0801
85.5865
146.903
223.647
341.929
487.11
613.699
678.18
699.146
740.288
815.45
886.656
936.5
974.081
1001.38
1016.41
1019.97
1016.01
1014.83
1003.36
948.764
856.591
766.001
682.927
587.59
489.484
409.179
340.346
266.767
182.506
84.7953
-12.1242
-78.5833
-105.879
-131.988
-203.194
-308.421
-392.682
-433.823
-467.053
-523.622
-580.587
-606.696
-605.905
-594.433
-579.005
-561.203
-541.424
-509.776
-454.394
-389.913
-345.211
-321.08
-277.565
-200.425
-122.098
-69.0892
-29.1346
11.6112
58.6864
118.816
187.649
241.053
262.415
266.371
275.865
293.271
299.996
275.074
229.977
205.846
209.802
205.846
168.66
125.145
97.8498
80.0482
63.829
48.0054
13.9847
-40.6067
-84.5172
-105.088
-127.241
-179.063
-245.918
-302.883
-356.287
-387.935
-426.307
-471.8
-519.666
-560.807
-586.521
-615.794
-669.99
-723.395
-731.307
-759.789
-766.514
-785.898
-795.392
-785.898
-730.12
-671.968
-599.575
-531.534
-440.153
-297.74
-121.307
37.7201
140.969
207.428
296.436
430.541
582.447
688.07
724.464
729.211
768.375
858.965
960.236
1006.92
982.784
936.896
934.918
991.487
1045.29
1029.07
940.456
835.625
765.21
725.255
674.62
585.217
472.078
377.136
319.38
277.843
210.593
110.113
13.5891
-46.5406
-87.6819
-145.834
-228.512
-313.168
-378.836
-427.494
-479.316
-548.149
-615.794
-650.211
-641.508
-613.816
-599.575
-602.74
-595.224
-556.06
-498.7
-448.46
-407.319
-364.595
-307.63
-233.655
-160.075
-108.253
-69.8804
-17.2669
61.4555
145.321
205.45
238.68
266.767
313.842
371.202
405.223
393.751
357.752
342.72
370.807
413.135
419.464
370.411
300.392
260.833
265.58
276.261
245.009
166.287
80.4438
29.0171
8.84203
-22.8052
-95.9893
-200.029
-296.553
-360.243
-399.802
-437.779
-487.228
-540.237
-582.565
-611.839
-640.717
-680.671
-726.56
-757.416
-764.932
-768.097
-789.063
-823.479
-839.698
-813.589
-762.954
-726.56
-712.318
-677.506
-575.049
-402.967
-211.502
-70.276
1.72141
58.2908
169.847
341.533
508.868
607.37
637.434
657.609
722.882
830.878
929.775
972.103
963.005
952.324
986.74
1058.74
1114.52
1106.21
1035.4
945.203
872.81
815.054
742.266
640.599
526.274
421.047
332.435
249.361
163.122
77.2791
-1.8389
-75.4186
-147.812
-227.325
-302.883
-363.012
-406.527
-443.713
-496.326
-561.994
-615.003
-634.387
-609.861
-567.532
-536.281
-525.204
-527.973
-516.501
-480.898
-425.911
-366.573
-318.311
-279.147
-239.984
-184.206
-107.461
-19.2449
56.3128
102.992
140.573
181.715
253.712
330.852
390.586
419.86
403.641
387.422
375.158
386.63
407.992
403.641
387.422
356.17
331.643
306.721
267.162
218.109
163.122
110.113
57.104
3.30377
-56.8259
-112.604
-168.382
-222.974
-282.708
-355.496
-420.373
-470.217
-497.909
-518.084
-550.522
-593.641
-637.947
-669.199
-685.418
-696.495
-710.736
-728.142
-741.988
-748.317
-748.317
-740.801
-717.857
-680.276
-635.97
-595.224
-548.149
-466.657
-327.805
-152.954
7.25967
108.135
157.188
214.153
330.852
498.187
637.434
689.257
671.851
662.752
730.398
845.91
931.358
931.358
889.03
877.557
928.589
1008.89
1022.34
952.324
844.328
750.178
709.827
681.345
595.106
462.584
337.577
259.25
215.736
164.704
88.7512
-6.98156
-88.0775
-135.548
-189.349
-268.071
-356.683
-437.383
-480.898
-504.238
-554.478
-628.849
-692.143
-698.868
-642.695
-582.169
-557.247
-548.149
-518.479
-453.998
-375.671
-313.168
-272.818
-230.885
-160.47
-75.023
-3.02567
48.7966
97.8498
161.935
240.658
311.468
353.401
375.554
404.828
451.903
497.396
509.659
483.55
449.925
438.453
447.947
444.387
406.805
348.258
298.809
267.162
235.911
180.528
102.597
27.0392
-28.3434
-72.6495
-125.263
-194.887
-259.368
-298.531
-319.893
-353.518
-416.813
-489.206
-535.49
-549.335
-559.621
-592.455
-642.299
-680.276
-690.957
-687.792
-692.539
-708.758
-719.835
-711.132
-690.165
-677.506
-677.902
-667.221
-623.706
-559.621
-511.359
-489.206
-449.251
-336.508
-155.328
17.545
111.3
136.618
181.319
313.051
500.56
640.995
665.126
615.281
603.414
694.795
844.328
936.105
913.556
832.065
804.769
875.184
977.246
1000.98
913.161
781.825
693.608
664.73
633.874
538.537
397.707
268.349
192.396
155.21
102.201
14.7759
-75.4186
-143.46
-179.459
-222.974
-308.025
-389.913
-436.592
-454.789
-466.261
-512.545
-584.543
-617.377
-586.125
-510.568
-446.482
-431.45
-431.845
-399.802
-319.893
-222.578
-160.075
-135.548
-106.275
-40.2111
55.9172
145.321
205.45
252.921
313.051
385.839
442.804
465.353
468.122
476.034
497.396
514.406
497.791
447.947
398.498
378.719
377.532
359.73
307.512
240.262
191.209
173.012
153.232
93.1027
-6.58597
-105.088
-163.24
-181.832
-198.843
-246.709
-321.476
-380.023
-399.407
-399.407
-414.044
-457.954
-510.568
-543.006
-549.731
-551.313
-566.741
-600.366
-625.289
-627.267
-623.706
-618.564
-610.256
-601.949
-595.224
-597.597
-606.3
-603.136
-574.258
-529.16
-487.623
-468.635
-455.976
-404.549
-281.125
-111.813
32.1818
101.41
120.003
168.265
296.831
467.331
586.799
600.249
553.174
542.493
621.611
745.035
816.241
790.132
717.344
688.466
743.453
822.966
834.834
747.804
614.49
518.362
483.946
466.144
406.805
291.293
161.54
70.5541
26.6436
-3.02567
-55.6391
-127.636
-192.909
-241.962
-290.62
-349.562
-401.385
-423.142
-417.604
-416.022
-441.735
-482.876
-495.14
-445.295
-352.727
-275.192
-252.643
-264.511
-251.852
-181.832
-77.7922
6.46849
45.6319
59.4775
91.9159
169.056
274.678
364.477
413.531
433.706
457.045
497.396
538.537
563.459
566.624
551.987
522.318
485.923
453.881
437.266
432.123
423.816
391.773
330.457
259.646
212.571
201.099
193.583
143.738
40.8848
-69.8804
-140.691
-162.053
-167.591
-198.843
-268.071
-346.793
-395.846
-399.407
-385.561
-399.407
-453.207
-520.062
-563.972
-578.213
-585.334
-606.696
-639.134
-667.221
-674.342
-669.199
-669.595
-669.99
-662.078
-641.508
-611.839
-601.553
-612.234
-615.794
-591.268
-524.018
-446.878
-408.11
-382.792
-339.277
-256.599
-114.582
33.7642
116.838
142.551
172.616
254.503
383.861
495.418
531.812
497.791
459.419
484.341
573.349
656.027
667.499
611.325
558.316
567.019
622.402
653.654
605.392
497
400.08
359.335
347.863
304.348
209.406
94.685
13.1935
-21.2228
-38.2332
-78.1877
-143.856
-203.59
-228.116
-228.116
-239.588
-278.752
-317.915
-323.058
-294.575
-263.719
-260.555
-277.961
-273.609
-213.084
-117.351
-44.5626
-22.014
-21.2228
4.09495
84.0041
189.627
262.415
281.008
277.052
305.139
387.422
470.495
508.077
516.384
523.9
552.383
603.018
644.159
650.884
626.358
589.172
561.481
538.141
506.099
457.441
396.52
341.929
294.062
242.24
185.275
123.563
65.807
16.3582
-39.8155
-106.67
-177.876
-245.127
-301.3
-350.749
-402.967
-455.976
-503.842
-538.654
-563.181
-581.774
-596.015
-608.278
-618.564
-624.102
-627.267
-632.409
-637.947
-638.739
-628.849
-616.19
-605.905
-592.455
-566.741
-531.929
-501.865
-480.503
-459.141
-429.472
-400.989
-381.605
-370.529
-364.595
-354.31
-328.596
-291.806
-260.95
-238.797
-203.194
-135.548
-49.7053
18.7318
47.6098
60.2687
97.4542
174.99
258.459
297.623
275.865
233.537
229.186
286.546
363.291
386.63
344.698
297.227
299.205
358.544
415.508
404.828
334.413
261.228
232.746
248.965
255.295
207.033
125.541
65.807
57.104
79.257
87.5644
63.829
30.9951
18.7318
32.973
47.2143
38.1157
13.1935
0.534644
15.1715
40.8848
50.379
45.6319
55.5216
102.597
173.803
231.955
259.25
272.701
305.139
368.433
435.684
473.66
474.847
467.726
483.154
524.691
569.393
585.612
572.953
561.877
568.997
586.799
590.359
558.712
510.45
462.188
409.575
354.192
289.315
220.483
161.935
101.806
30.9951
-42.5847
-113.791
-163.24
-190.535
-222.974
-275.192
-343.233
-408.11
-441.339
-451.229
-462.701
-495.931
-543.006
-572.28
-563.972
-531.138
-501.865
-495.931
-506.216
-501.865
-467.053
-420.373
-388.726
-389.913
-407.714
-407.714
-386.352
-363.804
-356.683
-366.177
-374.485
-363.408
-343.629
-332.948
-340.859
-356.683
-363.012
-354.31
-351.936
-371.715
-411.67
-442.526
-436.988
-410.879
-393.473
-397.824
-414.835
-396.242
-333.343
-256.994
-198.843
-183.019
-186.184
-152.559
-82.1436
-0.652126
51.5657
37.7201
21.1053
44.4451
116.047
210.197
254.503
258.855
258.064
293.271
372.785
439.244
459.419
434.497
404.828
405.619
433.706
449.529
426.981
386.235
355.379
360.521
383.861
388.213
371.202
354.588
358.544
373.972
375.158
352.214
320.962
307.117
320.567
335.204
326.501
301.579
290.106
315.82
364.873
403.245
409.575
394.147
391.377
417.091
451.507
462.188
436.079
396.52
373.576
374.763
383.07
372.389
341.138
304.348
279.03
274.678
265.184
231.955
190.022
142.156
101.41
66.5982
10.4244
-37.442
-65.1333
-107.857
-143.856
-171.547
-212.293
-241.566
-253.038
-262.137
-268.466
-288.642
-321.476
-346.793
-355.892
-353.123
-354.705
-371.715
-394.264
-407.319
-401.78
-386.748
-374.88
-366.968
-363.012
-361.035
-357.474
-351.54
-343.233
-337.299
-341.255
-355.892
-376.858
-396.242
-408.11
-408.505
-408.901
-426.702
-455.976
-480.898
-492.766
-491.579
-485.645
-491.975
-515.71
-543.401
-561.599
-568.324
-564.763
-556.852
-555.665
-556.852
-545.379
-526.391
-494.348
-442.13
-378.44
-313.564
-264.115
-227.325
-175.503
-106.67
-20.8272
58.6864
95.4762
128.706
181.715
234.328
313.446
400.872
442.409
457.837
484.341
538.537
614.49
672.642
688.466
673.829
654.84
659.587
683.323
693.608
674.224
632.687
597.48
587.194
591.942
589.172
565.833
532.603
507.285
488.693
466.935
432.123
387.817
348.258
316.215
284.568
247.383
206.637
174.199
165.891
174.99
175.781
159.957
132.662
117.629
133.057
157.188
161.54
140.573
110.113
95.8718
106.948
131.87
149.672
142.156
122.376
113.278
122.376
142.551
150.463
133.848
101.41
65.0158
40.8848
27.0392
11.6112
-9.3551
-38.6288
-76.2098
-110.626
-127.241
-132.779
-142.273
-161.657
-189.744
-221.391
-245.918
-256.994
-259.368
-266.884
-289.828
-325.827
-355.101
-361.43
-351.145
-345.211
-357.474
-381.605
-399.802
-404.549
-397.429
-390.308
-395.846
-415.626
-438.175
-449.647
-448.46
-447.669
-459.141
-479.712
-499.491
-512.941
-520.853
-529.556
-539.05
-545.379
-547.753
-550.522
-556.06
-563.181
-561.994
-547.753
-527.578
-516.501
-520.457
-525.6
-512.545
-472.986
-418.791
-376.858
-351.145
-321.871
-269.258
-180.25
-81.7481
-6.98156
45.2363
91.5203
159.957
254.108
339.951
409.179
453.881
466.54
510.45
589.964
659.587
707.849
723.277
734.354
754.925
796.066
833.647
832.065
801.604
764.023
745.826
731.189
696.377
644.555
586.008
542.493
514.406
487.901
444.782
391.773
347.467
325.71
314.237
284.964
229.186
166.287
123.563
107.74
99.8277
76.4879
32.1818
-10.5419
-21.6184
1.72141
32.973
38.1157
21.1053
8.84203
26.248
66.2026
99.0365
103.784
90.3336
86.7732
102.992
140.969
165.496
171.429
166.287
165.1
186.857
201.099
206.241
188.835
163.518
148.09
130.288
118.42
85.5865
52.7525
32.973
4.09495
-20.036
-50.4965
-99.154
-134.757
-155.328
-179.063
-208.337
-250.269
-299.718
-338.486
-362.617
-376.858
-397.429
-427.889
-460.328
-481.689
-487.228
-484.854
-488.414
-495.535
-503.051
-508.194
-508.194
-502.26
-494.348
-486.437
-480.107
-473.778
-467.448
-460.328
-446.482
-422.747
-397.429
-384.77
-385.166
-384.374
-369.738
-344.024
-317.915
-302.883
-299.718
-295.367
-281.917
-257.786
-228.908
-208.337
-203.985
-203.985
-193.304
-173.921
-155.723
-143.064
-126.054
-114.186
-94.0113
-67.5068
-35.464
8.44644
54.3349
94.685
133.453
165.1
178.55
226.812
275.47
316.215
333.226
343.116
345.489
375.949
412.344
441.222
453.881
455.859
457.441
472.473
493.835
503.329
495.813
474.056
444.782
425.003
410.761
390.191
362.499
330.061
297.623
273.492
254.899
239.471
228.79
216.922
204.659
192.791
178.946
165.1
157.584
156.793
155.21
143.738
126.332
116.047
121.585
140.573
158.375
162.727
159.562
160.749
176.177
204.263
228.79
235.119
227.999
222.461
228.79
244.614
248.965
248.174
231.164
210.988
197.934
183.693
165.891
142.947
109.322
76.8835
57.8952
11.6112
-27.5522
-69.0892
-109.044
-148.998
-180.25
-221.391
-260.159
-294.18
-312.377
-326.618
-350.354
-376.463
-401.78
-411.67
-405.341
-403.363
-406.923
-416.022
-421.164
-409.297
-385.957
-368.551
-361.035
-361.43
-356.683
-339.673
-315.937
-298.531
-293.389
-293.389
-285.081
-269.258
-254.225
-247.5
-247.105
-242.358
-231.281
-222.974
-224.952
-232.863
-236.028
-232.863
-227.721
-230.094
-241.566
-256.203
-259.764
-254.621
-247.896
-247.5
-256.599
-269.653
-272.818
-262.137
-255.016
-254.225
-256.994
-260.159
-249.083
-228.512
-202.403
-178.272
-163.635
-135.153
-92.429
-48.9141
-3.02567
31.3907
65.4114
108.531
148.485
186.857
215.736
242.636
274.678
311.864
351.423
377.927
402.058
422.233
445.969
476.429
498.187
506.099
494.626
487.506
490.275
489.879
481.176
455.859
431.728
415.904
411.948
409.575
400.872
386.63
371.202
363.686
358.939
349.445
329.27
306.326
284.173
265.975
253.317
233.537
211.384
196.352
186.066
186.462
192.396
186.857
180.528
185.275
195.165
203.077
199.912
192
183.297
177.759
181.319
183.297
172.616
156.793
143.738
145.321
152.046
142.947
132.266
117.234
99.8277
91.1247
71.3452
44.8407
13.5891
-16.0801
-40.2111
-65.9245
-95.1981
-125.263
-150.581
-175.503
-185.788
-202.799
-224.556
-242.753
-264.906
-275.192
-287.85
-301.3
-313.959
-332.552
-348.771
-351.936
-353.123
-360.639
-369.342
-384.374
-385.166
-382.792
-385.561
-388.726
-399.802
-404.549
-405.736
-404.945
-404.549
-408.901
-412.066
-412.461
-408.505
-403.758
-404.549
-408.505
-406.923
-399.407
-393.473
-393.869
-397.429
-398.22
-396.638
-386.352
-376.858
-374.485
-369.342
-364.199
-352.727
-333.739
-325.827
-312.377
-290.224
-283.895
-267.675
-240.775
-221.787
-198.447
-171.547
-137.922
-97.5717
-54.4524
-10.5419
30.9951
75.6967
122.772
170.638
214.944
253.712
288.92
324.127
362.895
399.685
428.959
453.881
483.154
510.846
532.999
554.756
568.602
574.536
579.678
582.843
583.634
576.118
557.525
540.91
526.669
510.054
495.813
479.198
455.859
435.288
421.442
409.179
396.125
376.741
354.192
335.204
320.567
305.139
284.568
265.58
250.152
235.515
226.021
224.043
218.9
210.988
210.593
217.318
226.021
227.603
227.208
230.768
231.559
224.834
222.461
222.856
219.296
213.362
205.055
196.352
188.044
176.177
159.957
141.365
120.003
94.2895
65.807
32.973
-0.652126
-39.4199
-80.1657
-119.329
-162.844
-207.15
-246.313
-289.037
-329.783
-364.99
-404.945
-438.57
-470.613
-503.051
-529.16
-553.687
-573.862
-590.081
-602.74
-610.652
-616.981
-617.377
-615.794
-611.047
-601.949
-589.686
-577.027
-558.434
-541.819
-523.622
-499.491
-480.107
-455.976
-430.658
-408.901
-381.605
-358.661
-336.508
-315.542
-297.345
-280.73
-266.884
-252.643
-241.566
-231.677
-224.952
-219.413
-215.062
-204.381
-183.81
-190.535
-195.282
-187.766
-188.953
-186.184
-190.14
-183.019
-178.668
-178.272
-168.778
-161.262
-149.394
-135.944
-118.538
-96.7805
-72.2539
-48.1229
-16.8713
20.3141
52.7525
89.1468
128.706
168.265
209.011
248.57
290.106
328.083
366.851
407.201
442.409
476.034
512.032
540.91
568.602
595.897
614.886
632.292
647.324
655.632
660.774
663.939
658.796
654.84
647.324
633.479
622.006
603.809
588.777
570.58
549.218
531.021
506.494
484.737
460.606
432.914
411.553
384.652
358.544
335.599
313.842
289.315
267.162
248.965
226.812
205.846
189.231
170.243
154.815
137.013
121.19
105.762
87.96
73.7188
57.8952
39.698
20.7097
2.90818
-14.8934
-35.0684
-58.0127
-80.5613
-102.319
-125.659
-151.767
-177.876
-203.194
-228.512
-254.225
-280.334
-306.443
-331.365
-355.101
-378.44
-399.407
-417.999
-436.592
-451.625
-463.492
-473.778
-482.876
-489.601
-492.37
-493.162
-492.37
-489.206
-485.25
-474.964
-463.888
-453.998
-440.944
-425.12
-407.319
-395.055
-375.671
-361.035
-346.793
-332.156
-316.728
-303.674
-294.18
-283.103
-274.4
-266.093
-258.577
-253.83
-249.083
-246.709
-237.215
-243.544
-238.402
-243.544
-241.962
-245.127
-249.874
-249.083
-253.038
-252.247
-250.665
-250.269
-248.291
-241.962
-235.633
-225.743
-214.271
-198.843
-179.854
-160.866
-135.153
-110.231
-82.5392
-47.3317
-17.2669
22.6877
58.6864
100.619
138.2
182.506
224.439
265.58
305.93
349.049
387.026
425.003
459.023
491.066
521.527
550.405
572.558
588.777
608.161
622.006
625.962
629.523
629.523
627.149
616.468
606.974
595.106
573.744
556.338
529.438
510.054
479.99
454.672
424.211
392.96
368.829
341.929
310.677
281.799
257.272
240.658
210.988
190.418
168.66
150.068
130.288
113.673
102.992
89.5424
77.6747
72.532
66.2026
59.082
50.7746
46.4231
44.8407
38.9069
36.9289
32.5774
27.0392
21.1053
13.9847
10.0288
-1.44331
-7.77274
-22.4096
-29.5302
-48.9141
-61.1774
-79.3745
-92.429
-113.395
-134.362
-156.515
-176.69
-198.051
-222.182
-245.918
-268.862
-291.411
-314.751
-336.112
-355.892
-376.858
-395.055
-411.67
-424.329
-438.175
-451.625
-461.514
-466.657
-472.591
-478.92
-479.316
-476.151
-474.173
-468.635
-459.536
-452.416
-440.548
-423.933
-415.626
-397.429
-381.605
-383.188
-359.848
-339.277
-324.245
-298.531
-286.664
-266.489
-245.918
-226.93
-209.919
-193.304
-172.734
-159.679
-141.482
-124.867
-110.626
-96.3849
-85.3084
-71.0671
-59.9906
-46.9361
-36.6508
-27.5522
-18.8493
-11.3331
1.32582
11.6112
21.5009
29.8083
38.1157
52.7525
61.8511
73.3232
85.1909
97.4542
113.673
123.959
138.2
153.232
168.66
185.275
200.703
217.714
235.515
253.317
270.327
287.337
303.952
318.985
334.808
347.863
361.313
373.576
382.675
392.169
401.267
406.805
412.739
415.113
419.86
418.673
421.047
421.838
413.135
423.42
409.179
406.41
398.498
388.213
380.697
369.224
355.379
344.698
331.248
317.798
303.161
293.667
274.678
259.646
246.196
232.746
214.549
201.099
184.484
168.265
151.254
137.804
119.212
102.201
87.5644
70.1585
51.5657
34.5554
15.5671
1.32582
-19.2449
-37.8376
-58.0127
-73.8363
-95.5937
-114.978
-136.735
-155.328
-171.151
-192.118
-209.524
-228.116
-241.962
-261.346
-274.796
-289.433
-300.114
-315.146
-325.036
-330.97
-339.277
-348.376
-350.749
-354.705
-361.035
-358.661
-357.87
-358.265
-355.496
-353.914
-346.398
-339.673
-336.112
-338.882
-329.783
-323.453
-311.981
-303.674
-292.202
-285.477
-274.4
-265.697
-255.016
-246.313
-238.006
-231.677
-224.16
-216.249
-207.941
-202.007
-196.074
-191.326
-188.557
-185.788
-180.25
-176.294
-174.316
-172.338
-169.569
-165.613
-164.822
-162.844
-160.075
-156.91
-151.767
-147.02
-140.691
-131.988
-125.263
-117.351
-103.506
-92.0334
-79.3745
-60.3862
-45.3538
-25.1787
-5.00361
14.7759
36.1377
62.6423
84.0041
112.091
137.013
162.727
187.649
217.714
241.053
264.789
288.524
312.655
334.017
353.401
371.994
391.773
406.014
415.904
430.541
443.991
445.969
449.134
454.276
451.507
445.969
442.409
431.728
419.86
411.553
394.938
377.136
362.104
342.324
320.962
302.765
279.426
258.064
238.68
214.549
193.187
172.616
152.046
130.288
116.047
96.2674
82.0262
69.3673
54.3349
44.8407
34.1598
27.0392
15.5671
14.3803
2.51259
2.117
-7.37715
-8.56392
-16.4757
-18.4537
-23.5963
-26.3655
-31.5081
-37.0464
-43.3758
-50.892
-57.2215
-67.1112
-78.1877
-86.0995
-98.7584
-109.439
-122.098
-136.735
-152.559
-167.591
-186.579
-198.843
-217.04
-233.259
-250.665
-268.071
-280.73
-294.971
-287.455
-315.542
-326.618
-335.717
-346.002
-352.727
-359.848
-365.386
-371.32
-369.342
-372.111
-365.386
-366.573
-359.848
-356.683
-346.398
-340.068
-329.387
-317.124
-305.256
-294.18
-277.565
-264.115
-250.269
-232.072
-218.227
-202.799
-183.81
-169.173
-153.35
-136.339
-119.725
-106.275
-90.0554
-75.023
-61.9686
-44.5626
-32.2993
-20.8272
-8.16833
2.117
14.7759
27.0392
37.7201
47.2143
55.5216
65.0158
74.51
85.1909
93.4983
100.619
109.717
119.212
125.145
133.057
142.156
148.881
157.979
164.309
169.452
177.759
184.484
190.022
195.165
201.89
205.846
213.758
218.505
223.252
229.977
233.933
239.471
242.636
246.987
252.921
254.899
259.646
262.811
266.371
267.953
267.162
269.931
273.887
276.656
275.865
274.283
273.887
274.678
273.492
271.514
269.14
265.975
262.415
258.064
252.525
246.196
239.471
232.35
223.647
214.549
204.659
192
180.924
168.66
155.21
139.782
127.915
110.904
92.7071
81.235
61.4555
42.0716
23.4789
10.4244
-13.311
-29.5302
-51.2876
-70.6715
-87.6819
-104.692
-123.681
-141.878
-157.701
-173.525
-190.14
-205.172
-217.04
-226.138
-218.622
-241.171
-251.456
-255.412
-267.28
-268.071
-274.796
-278.356
-277.961
-281.521
-278.752
-274.005
-274.796
-266.489
-263.324
-255.016
-249.478
-241.566
-232.072
-222.578
-215.853
-204.777
-193.304
-188.557
-176.294
-165.613
-160.47
-147.416
-141.482
-132.384
-123.681
-119.725
-111.022
-108.648
-104.297
-102.714
-99.9452
-99.9452
-98.3628
-98.3628
-94.4069
-90.451
-88.8687
-80.9569
-73.4407
-70.6715
-65.1333
-59.1994
-60.7818
-62.7597
-64.7377
-71.8583
-81.7481
-89.6599
-98.7584
-107.066
-116.164
-120.12
-120.911
-120.911
-117.351
-113.395
-104.692
-101.132
-90.8466
-86.8907
-75.8142
-72.2539
-65.9245
-62.3642
-53.6612
-44.9582
-45.7494
-39.4199
-27.9478
-20.4316
-11.7286
-3.81685
7.25967
15.9627
27.0392
34.5554
43.2584
50.7746
61.0599
68.5761
77.6747
84.3997
92.3115
100.619
107.344
114.069
120.398
129.101
131.87
138.2
142.947
148.09
152.441
153.628
160.353
162.727
165.1
168.265
169.056
171.034
174.594
173.803
175.385
178.155
178.155
179.737
179.341
181.319
181.319
180.528
181.319
181.715
180.924
178.946
176.177
180.132
176.968
173.012
173.803
170.243
171.034
165.496
162.727
158.771
151.65
152.046
145.716
139.387
134.64
125.541
131.87
114.465
109.717
104.179
91.1247
81.6306
72.1364
62.2467
50.379
37.7201
31.7862
17.9406
5.28172
-2.63008
-16.8713
-29.5302
-38.2332
-49.7053
-60.3862
-72.6495
-82.1436
-93.6158
-100.736
-112.208
-121.307
-128.823
-138.317
-145.042
-152.163
-158.888
-166.8
-168.778
-176.294
-175.898
-181.437
-186.184
-186.975
-188.162
-188.953
-193.304
-191.722
-188.557
-192.909
-189.744
-191.326
-189.744
-189.349
-184.997
-184.206
-185.393
-182.228
-179.459
-179.459
-177.085
-173.525
-172.338
-169.569
-166.009
-162.844
-158.097
-156.91
-150.185
-149.394
-144.647
-129.219
-132.384
-126.845
-121.307
-114.186
-106.275
-98.7584
-93.6158
-83.726
-77.7922
-69.0892
-58.0127
-54.4524
-42.1891
-29.9258
-20.8272
-12.1242
-3.42126
10.0288
21.5009
32.973
42.8628
53.9393
66.2026
74.9055
89.938
97.4542
108.531
117.234
125.937
138.2
142.947
153.628
159.957
166.682
173.803
177.759
182.902
189.627
193.187
196.352
198.725
203.077
202.681
203.077
207.428
205.846
204.659
206.241
200.308
199.912
197.143
193.978
186.857
185.671
180.528
175.385
171.034
168.66
161.144
155.21
153.232
145.716
137.804
144.134
129.893
123.959
120.398
114.069
108.926
100.619
97.8498
90.3336
78.4659
76.0923
68.9717
58.2908
51.1702
42.8628
35.3466
27.8303
17.1494
8.05085
0.534644
-8.56392
-19.6404
-25.9699
-35.8596
-46.9361
-55.2435
-65.5289
-72.6495
-85.704
-92.8246
-101.528
-111.417
-120.516
-128.032
-140.691
-141.087
-156.119
-161.657
-168.382
-174.316
-180.25
-187.766
-193.304
-194.887
-198.447
-204.777
-206.359
-210.315
-209.128
-213.875
-212.688
-215.457
-215.853
-214.666
-213.084
-213.084
-209.919
-209.919
-206.754
-202.403
-197.656
-192.513
-192.513
-185.788
-174.712
-174.316
-167.591
-158.097
-156.515
-143.856
-137.922
-129.614
-124.076
-112.604
-105.088
-97.1761
-84.1216
-78.1877
-66.3201
-57.6171
-43.3758
-36.2552
-21.2228
-12.9154
-1.44331
13.5891
22.2921
34.951
47.6098
60.6643
68.5761
84.3997
93.4983
104.575
114.069
124.75
136.618
144.134
152.441
162.331
170.243
178.155
183.693
190.813
196.747
199.516
206.637
206.241
210.593
214.549
212.175
214.944
215.34
214.153
212.966
214.944
210.197
208.615
208.219
205.055
200.703
195.56
194.769
188.44
185.275
177.759
173.012
169.847
163.518
155.606
151.65
146.112
140.178
133.453
127.519
120.794
115.651
108.135
102.201
94.2895
89.938
80.4438
73.3232
66.9937
57.4996
48.401
42.0716
30.9951
23.0833
11.6112
3.30377
-8.16833
-17.2669
-30.3214
-39.0243
-51.6832
-62.3642
-74.2319
-86.0995
-96.3849
-109.439
-119.329
-132.779
-142.273
-155.723
-164.822
-176.294
-185.393
-195.678
-203.985
-212.688
-219.809
-228.116
-233.259
-241.171
-243.544
-250.269
-250.665
-255.412
-254.225
-255.808
-253.83
-253.434
-251.061
-248.291
-244.336
-239.193
-234.05
-226.534
-220.205
-211.502
-205.172
-196.469
-188.557
-179.063
-169.569
-158.493
-147.02
-135.153
-122.889
-111.813
-99.5496
-88.0775
-75.4186
-63.9465
-51.2876
-39.4199
-26.7611
-15.289
-3.42126
8.84203
20.3141
32.5774
43.2584
54.3349
65.807
75.3011
85.5865
95.0806
104.575
113.278
123.168
129.893
138.596
145.716
153.232
159.166
166.287
171.825
178.155
182.902
188.044
191.605
195.956
199.121
203.077
205.055
207.428
208.615
209.802
210.197
210.197
210.197
209.802
208.615
207.428
204.659
203.077
199.121
196.352
192
188.044
184.484
178.55
173.407
166.287
160.749
152.046
146.112
137.409
130.684
122.772
115.651
106.948
99.0365
89.1468
80.8394
70.1585
61.0599
50.7746
40.8848
29.4127
20.7097
6.46849
-0.652126
-15.289
-24.7831
-36.6508
-46.5406
-59.1994
-69.0892
-80.9569
-88.8687
-103.901
-109.835
-122.889
-129.614
-141.878
-149.394
-158.493
-166.009
-175.107
-181.832
-188.162
-195.282
-201.612
-206.359
-210.71
-215.457
-218.227
-220.6
-222.974
-224.556
-224.556
-223.369
-224.556
-222.974
-220.6
-218.227
-215.457
-211.502
-207.546
-201.612
-196.074
-191.326
-181.832
-175.898
-165.613
-160.866
-151.372
-135.944
-136.735
-120.516
-111.813
-101.528
-92.429
-83.3304
-68.298
-61.1774
-50.892
-39.4199
-28.739
-17.2669
-9.75069
3.69936
15.5671
20.7097
34.5554
44.0495
50.7746
65.0158
69.3673
82.0262
87.5644
98.6409
105.366
113.673
120.003
129.497
134.244
142.156
147.694
155.606
158.771
164.309
171.034
173.012
176.572
183.297
183.297
187.253
187.253
192.791
192.396
192
196.352
193.583
193.187
193.583
193.187
190.022
189.627
186.066
183.297
181.715
174.594
173.012
167.869
162.727
156.397
150.859
145.321
137.013
129.101
125.145
114.069
107.344
99.8277
91.9159
81.235
74.9055
64.2246
55.9172
46.4231
36.9289
29.0171
15.5671
10.82
-2.63008
-10.1463
-20.4316
-28.3434
-40.6067
-46.5406
-57.6171
-66.3201
-74.2319
-82.1436
-92.0334
-96.7805
-106.275
-111.813
-119.329
-124.472
-131.197
-135.944
-141.087
-145.042
-149.79
-152.954
-155.328
-160.47
-160.075
-164.031
-164.031
-165.613
-165.613
-165.218
-166.8
-162.053
-165.218
-160.866
-159.679
-157.701
-153.745
-152.954
-147.812
-145.834
-142.273
-136.735
-132.384
-130.406
-120.516
-118.934
-113.395
-103.901
-101.528
-95.1981
-84.1216
-84.5172
-72.2539
-68.298
-60.7818
-53.6612
-46.9361
-39.4199
-32.6949
-25.5743
-17.6625
-10.9375
-4.60802
4.88613
8.44644
17.545
24.6656
29.0171
37.3245
44.0495
46.8187
57.104
60.2687
64.6202
72.532
74.51
80.0482
84.3997
88.3556
89.938
96.663
96.663
100.619
102.992
104.575
106.553
107.74
109.322
110.113
108.531
110.509
108.926
108.926
108.135
107.74
104.575
105.366
101.41
99.4321
98.2454
94.2895
91.9159
89.5424
85.1909
84.3997
77.6747
76.0923
72.1364
65.0158
64.2246
57.8952
53.5437
48.7966
43.2584
37.7201
32.1818
28.6215
21.8965
17.9406
14.3803
8.05085
4.49054
-0.256536
-7.37715
-9.75069
-16.0801
-20.8272
-22.8052
-29.5302
-32.2993
-37.0464
-41.7935
-44.5626
-49.7053
-52.87
-56.4303
-59.595
-62.7597
-65.9245
-68.298
-71.0671
-73.0451
-75.4186
-77.7922
-78.5833
-80.5613
-81.3525
-81.7481
-84.1216
-83.726
-84.5172
-84.9128
-84.1216
-85.3084
-83.3304
-83.3304
-82.1436
-80.1657
-79.3745
-76.6054
-75.023
-73.0451
-70.276
-69.0892
-65.9245
-64.7377
-61.9686
-58.0127
-56.8259
-51.2876
-48.1229
-44.5626
-39.0243
-36.2552
-32.6949
-27.9478
-24.7831
-21.2228
-14.4978
-13.7066
-7.37715
-2.63008
-2.23449
6.46849
8.44644
12.7979
20.3141
22.2921
27.0392
30.9951
34.951
36.5333
40.4892
44.0495
44.4451
49.5878
50.7746
52.7525
55.9172
56.7084
59.4775
59.082
60.6643
61.8511
60.6643
61.4555
60.6643
59.8731
58.6864
58.6864
55.5216
54.3349
53.5437
49.9834
49.9834
47.2143
44.0495
43.2584
40.4892
37.3245
35.7421
33.3686
30.9951
29.4127
26.248
24.27
21.5009
19.9185
17.1494
16.3582
14.7759
13.5891
12.4023
10.4244
11.2156
8.44644
7.25967
7.25967
4.49054
5.67731
2.51259
1.72141
4.88613
-3.42126
1.32582
-1.44331
-1.44331
-5.00361
-3.02567
-3.81685
-8.16833
-5.00361
-8.95951
-9.3551
-10.9375
-11.3331
-13.311
-16.4757
-14.4978
-18.8493
-18.8493
-20.4316
-20.8272
-23.2008
-23.9919
-25.1787
-25.9699
-27.9478
-27.9478
-27.9478
-30.717
-28.3434
-30.3214
-29.5302
-30.3214
-29.9258
-30.3214
-29.1346
-28.739
-29.5302
-25.5743
-27.9478
-24.7831
-22.8052
-22.014
-20.8272
-17.2669
-15.289
-14.8934
-10.1463
-8.95951
-6.58597
-4.60802
-1.8389
0.930234
2.51259
4.09495
7.25967
10.0288
10.82
12.4023
15.5671
17.545
17.545
20.7097
19.1274
25.0612
21.8965
24.27
24.27
25.8524
24.27
23.0833
25.8524
23.4789
22.6877
20.7097
23.0833
20.3141
17.9406
16.7538
19.1274
13.5891
12.4023
13.9847
8.84203
8.84203
5.28172
4.88613
2.117
0.930234
-1.04772
-2.63008
-5.79479
-5.79479
-8.56392
-11.3331
-11.3331
-13.311
-14.8934
-15.6845
-16.4757
-18.0581
-17.6625
-20.036
-19.2449
-19.6404
-21.2228
-20.8272
-20.4316
-20.4316
-20.036
-20.4316
-20.4316
-18.0581
-19.2449
-18.8493
-18.0581
-16.8713
-16.4757
-17.2669
-16.0801
-13.311
-14.1022
-13.311
-12.1242
-8.95951
-8.95951
-7.37715
-9.3551
-2.63008
-5.3992
-3.42126
-5.00361
-1.04772
-1.44331
-1.8389
-3.02567
-1.04772
0.534644
-1.44331
-1.44331
-1.44331
-0.256536
-0.652126
-1.44331
-0.652126
-1.8389
-0.256536
-1.8389
-1.04772
-1.04772
-0.256536
-1.44331
0.139054
0.139054
0.930234
1.72141
1.32582
2.90818
4.49054
5.28172
5.67731
6.86408
8.84203
10.4244
11.2156
12.4023
15.1715
16.3582
17.545
18.7318
20.7097
22.2921
24.27
24.27
27.0392
27.0392
28.2259
29.4127
29.8083
29.0171
30.5995
28.2259
29.0171
30.2039
28.2259
25.0612
27.4348
24.27
25.0612
22.2921
20.7097
15.9627
20.7097
13.1935
11.2156
8.44644
8.05085
2.117
0.534644
-3.81685
-7.37715
-6.58597
-11.7286
-14.4978
-16.8713
-17.2669
-21.6184
-21.6184
-23.5963
-25.1787
-27.1567
-27.1567
-27.9478
-27.9478
-29.1346
-29.1346
-29.9258
-27.1567
-28.3434
-28.3434
-27.9478
-25.1787
-25.1787
-23.5963
-24.3875
-23.2008
-21.6184
-19.6404
-17.6625
-17.2669
-15.6845
-16.8713
-15.289
-15.289
-12.5198
-13.311
-12.5198
-13.7066
-12.5198
